Product;;;;;;;;;ProductTranslation;;;;;ProductParameter;;ProductCategory;;ProductAccessory
CompanyId;CurrencyId;ManufacturerId;UserId;ListPriceGross;ListPriceNet;Name;PartNumber;;DescriptionEN;DescriptionPL;TnameEN;TnamePL;;ProductParameter;;ProductCategory;;ProductAccessory
1;3;2094;1;1984,236;1613,2;GOV SF ENT FOR ORC RAC5.1 S64LNX P CPU TIER 3 BAS S;20078219;;GOV SF ENT FOR ORC RAC5.1 S64LNX P CPU TIER 3 BAS S;GOV SF ENT FOR ORC RAC5.1 S64LNX P CPU TIER 3 BAS S;GOV SF ENT FOR ORC RAC5.1 S64LNX P CPU TIER 3 BAS S;GOV SF ENT FOR ORC RAC5.1 S64LNX P CPU TIER 3 BAS S;;;;79;;
1;3;2094;1;1500,2679;1219,73;GOVTSPP STOR FND ENT ORC 5.1 S64LNX T3 BAS 12M S;20078221;;GOVTSPP STOR FND ENT ORC 5.1 S64LNX T3 BAS 12M S;GOVTSPP STOR FND ENT ORC 5.1 S64LNX T3 BAS 12M S;GOVTSPP STOR FND ENT ORC 5.1 S64LNX T3 BAS 12M S;GOVTSPP STOR FND ENT ORC 5.1 S64LNX T3 BAS 12M S;;;;79;;
1;3;2094;1;2657,0583;2160,21;REW SF ENT F ORC RAC 5.1 S64LNX P CPU TIER 1 LIC B;20078223;;REW SF ENT F ORC RAC 5.1 S64LNX P CPU TIER 1 LIC B;REW SF ENT F ORC RAC 5.1 S64LNX P CPU TIER 1 LIC B;REW SF ENT F ORC RAC 5.1 S64LNX P CPU TIER 1 LIC B;REW SF ENT F ORC RAC 5.1 S64LNX P CPU TIER 1 LIC B;;;;79;;
1;3;2094;1;2524,206;2052,2;REW SF ENT F ORC RAC 5.1 S64LNX P CPU TIER 1 LIC D;20078224;;REW SF ENT F ORC RAC 5.1 S64LNX P CPU TIER 1 LIC D;REW SF ENT F ORC RAC 5.1 S64LNX P CPU TIER 1 LIC D;REW SF ENT F ORC RAC 5.1 S64LNX P CPU TIER 1 LIC D;REW SF ENT F ORC RAC 5.1 S64LNX P CPU TIER 1 LIC D;;;;79;;
1;3;2094;1;580,56;472;REW TSPP STOR FND ENT ORC RAC5.1 S64LNX T1 ESS12M D;20078226;;REW TSPP STOR FND ENT ORC RAC5.1 S64LNX T1 ESS12M D;REW TSPP STOR FND ENT ORC RAC5.1 S64LNX T1 ESS12M D;REW TSPP STOR FND ENT ORC RAC5.1 S64LNX T1 ESS12M D;REW TSPP STOR FND ENT ORC RAC5.1 S64LNX T1 ESS12M D;;;;79;;
1;3;2094;1;611,1255;496,85;AE TSPP SF ENT ORC RAC5.1 S64LNX P CPU T1 ESS 12M S;20078227;;AE TSPP SF ENT ORC RAC5.1 S64LNX P CPU T1 ESS 12M S;AE TSPP SF ENT ORC RAC5.1 S64LNX P CPU T1 ESS 12M S;AE TSPP SF ENT ORC RAC5.1 S64LNX P CPU T1 ESS 12M S;AE TSPP SF ENT ORC RAC5.1 S64LNX P CPU T1 ESS 12M S;;;;79;;
1;3;2094;1;1917,0288;1558,56;GOVTSPP STOR FND ENT ORC 5.1 S64LNX T3 ESS 12M S;20078230;;GOVTSPP STOR FND ENT ORC 5.1 S64LNX T3 ESS 12M S;GOVTSPP STOR FND ENT ORC 5.1 S64LNX T3 ESS 12M S;GOVTSPP STOR FND ENT ORC 5.1 S64LNX T3 ESS 12M S;GOVTSPP STOR FND ENT ORC 5.1 S64LNX T3 ESS 12M S;;;;79;;
1;3;2094;1;1500,2679;1219,73;REW TSPP STOR FND ENT ORC RAC5.1 S64LNX T3 BAS12M B;20078231;;REW TSPP STOR FND ENT ORC RAC5.1 S64LNX T3 BAS12M B;REW TSPP STOR FND ENT ORC RAC5.1 S64LNX T3 BAS12M B;REW TSPP STOR FND ENT ORC RAC5.1 S64LNX T3 BAS12M B;REW TSPP STOR FND ENT ORC RAC5.1 S64LNX T3 BAS12M B;;;;79;;
1;3;2094;1;2657,0583;2160,21;EXP SF ENT FOR ORC RAC5.1 S64LNX P CPU TIER 1 LIC S;20078233;;EXP SF ENT FOR ORC RAC5.1 S64LNX P CPU TIER 1 LIC S;EXP SF ENT FOR ORC RAC5.1 S64LNX P CPU TIER 1 LIC S;EXP SF ENT FOR ORC RAC5.1 S64LNX P CPU TIER 1 LIC S;EXP SF ENT FOR ORC RAC5.1 S64LNX P CPU TIER 1 LIC S;;;;79;;
1;3;2094;1;808,2576;657,12;EXP SF ENT FOR ORC RAC5.1 S64LNX P CPU TIER 1 ESS S;20078235;;EXP SF ENT FOR ORC RAC5.1 S64LNX P CPU TIER 1 ESS S;EXP SF ENT FOR ORC RAC5.1 S64LNX P CPU TIER 1 ESS S;EXP SF ENT FOR ORC RAC5.1 S64LNX P CPU TIER 1 ESS S;EXP SF ENT FOR ORC RAC5.1 S64LNX P CPU TIER 1 ESS S;;;;79;;
1;3;2094;1;611,1255;496,85;GOVTSPP STOR FND ENT ORC 5.1 S64LNX T1 ESS 12M S;20078237;;GOVTSPP STOR FND ENT ORC 5.1 S64LNX T1 ESS 12M S;GOVTSPP STOR FND ENT ORC 5.1 S64LNX T1 ESS 12M S;GOVTSPP STOR FND ENT ORC 5.1 S64LNX T1 ESS 12M S;GOVTSPP STOR FND ENT ORC 5.1 S64LNX T1 ESS 12M S;;;;79;;
1;3;2094;1;478,2609;388,83;GOVTSPP STOR FND ENT ORC 5.1 S64LNX T1 BAS 12M S;20078238;;GOVTSPP STOR FND ENT ORC 5.1 S64LNX T1 BAS 12M S;GOVTSPP STOR FND ENT ORC 5.1 S64LNX T1 BAS 12M S;GOVTSPP STOR FND ENT ORC 5.1 S64LNX T1 BAS 12M S;GOVTSPP STOR FND ENT ORC 5.1 S64LNX T1 BAS 12M S;;;;79;;
1;3;2094;1;4608,7977;3746,99;REW SF ENT F ORC RAC 5.1 S64LNX P CPU TIER 2 LIC B;20078240;;REW SF ENT F ORC RAC 5.1 S64LNX P CPU TIER 2 LIC B;REW SF ENT F ORC RAC 5.1 S64LNX P CPU TIER 2 LIC B;REW SF ENT F ORC RAC 5.1 S64LNX P CPU TIER 2 LIC B;REW SF ENT F ORC RAC 5.1 S64LNX P CPU TIER 2 LIC B;;;;79;;
1;3;2094;1;4378,3818;3559,66;REW SF ENT F ORC RAC 5.1 S64LNX P CPU TIER 2 LIC D;20078241;;REW SF ENT F ORC RAC 5.1 S64LNX P CPU TIER 2 LIC D;REW SF ENT F ORC RAC 5.1 S64LNX P CPU TIER 2 LIC D;REW SF ENT F ORC RAC 5.1 S64LNX P CPU TIER 2 LIC D;REW SF ENT F ORC RAC 5.1 S64LNX P CPU TIER 2 LIC D;;;;79;;
1;3;2094;1;1097,1846;892,02;AE SF ENT F ORC RAC 5.1 S64LNX P CPU TIER 2 BAS S;20078242;;AE SF ENT F ORC RAC 5.1 S64LNX P CPU TIER 2 BAS S;AE SF ENT F ORC RAC 5.1 S64LNX P CPU TIER 2 BAS S;AE SF ENT F ORC RAC 5.1 S64LNX P CPU TIER 2 BAS S;AE SF ENT F ORC RAC 5.1 S64LNX P CPU TIER 2 BAS S;;;;79;;
1;3;2094;1;1401,9786;1139,82;EXP SF ENT FOR ORC RAC5.1 S64LNX P CPU TIER 2 ESS S;20078243;;EXP SF ENT FOR ORC RAC5.1 S64LNX P CPU TIER 2 ESS S;EXP SF ENT FOR ORC RAC5.1 S64LNX P CPU TIER 2 ESS S;EXP SF ENT FOR ORC RAC5.1 S64LNX P CPU TIER 2 ESS S;EXP SF ENT FOR ORC RAC5.1 S64LNX P CPU TIER 2 ESS S;;;;79;;
1;3;2094;1;1984,236;1613,2;EXP SF ENT FOR ORC RAC5.1 S64LNX P CPU TIER 3 BAS S;20078247;;EXP SF ENT FOR ORC RAC5.1 S64LNX P CPU TIER 3 BAS S;EXP SF ENT FOR ORC RAC5.1 S64LNX P CPU TIER 3 BAS S;EXP SF ENT FOR ORC RAC5.1 S64LNX P CPU TIER 3 BAS S;EXP SF ENT FOR ORC RAC5.1 S64LNX P CPU TIER 3 BAS S;;;;79;;
1;3;2094;1;4263,1554;3465,98;REW SF ENT F ORC RAC 5.1 S64LNX P CPU TIER 2 LIC E;20078254;;REW SF ENT F ORC RAC 5.1 S64LNX P CPU TIER 2 LIC E;REW SF ENT F ORC RAC 5.1 S64LNX P CPU TIER 2 LIC E;REW SF ENT F ORC RAC 5.1 S64LNX P CPU TIER 2 LIC E;REW SF ENT F ORC RAC 5.1 S64LNX P CPU TIER 2 LIC E;;;;79;;
1;3;2094;1;1097,1846;892,02;EXP SF ENT FOR ORC RAC5.1 S64LNX P CPU TIER 2 BAS S;20078255;;EXP SF ENT FOR ORC RAC5.1 S64LNX P CPU TIER 2 BAS S;EXP SF ENT FOR ORC RAC5.1 S64LNX P CPU TIER 2 BAS S;EXP SF ENT FOR ORC RAC5.1 S64LNX P CPU TIER 2 BAS S;EXP SF ENT FOR ORC RAC5.1 S64LNX P CPU TIER 2 BAS S;;;;79;;
1;3;2094;1;1331,8686;1082,82;REW SF ENT F ORC RAC 5.1 S64LNX P CPU TIER 2 ESS C;20078256;;REW SF ENT F ORC RAC 5.1 S64LNX P CPU TIER 2 ESS C;REW SF ENT F ORC RAC 5.1 S64LNX P CPU TIER 2 ESS C;REW SF ENT F ORC RAC 5.1 S64LNX P CPU TIER 2 ESS C;REW SF ENT F ORC RAC 5.1 S64LNX P CPU TIER 2 ESS C;;;;79;;
1;3;2094;1;1296,8259;1054,33;REW SF ENT F ORC RAC 5.1 S64LNX P CPU TIER 2 ESS E;20078257;;REW SF ENT F ORC RAC 5.1 S64LNX P CPU TIER 2 ESS E;REW SF ENT F ORC RAC 5.1 S64LNX P CPU TIER 2 ESS E;REW SF ENT F ORC RAC 5.1 S64LNX P CPU TIER 2 ESS E;REW SF ENT F ORC RAC 5.1 S64LNX P CPU TIER 2 ESS E;;;;79;;
1;3;2094;1;1401,9786;1139,82;GOV SF ENT FOR ORC RAC5.1 S64LNX P CPU TIER 2 ESS S;20078258;;GOV SF ENT FOR ORC RAC5.1 S64LNX P CPU TIER 2 ESS S;GOV SF ENT FOR ORC RAC5.1 S64LNX P CPU TIER 2 ESS S;GOV SF ENT FOR ORC RAC5.1 S64LNX P CPU TIER 2 ESS S;GOV SF ENT FOR ORC RAC5.1 S64LNX P CPU TIER 2 ESS S;;;;79;;
1;3;2094;1;2657,0583;2160,21;AE SF ENT F ORC RAC 5.1 S64LNX P CPU TIER 1 LIC S;20078262;;AE SF ENT F ORC RAC 5.1 S64LNX P CPU TIER 1 LIC S;AE SF ENT F ORC RAC 5.1 S64LNX P CPU TIER 1 LIC S;AE SF ENT F ORC RAC 5.1 S64LNX P CPU TIER 1 LIC S;AE SF ENT F ORC RAC 5.1 S64LNX P CPU TIER 1 LIC S;;;;79;;
1;3;2094;1;808,2576;657,12;REW SF ENT F ORC RAC 5.1 S64LNX P CPU TIER 1 ESS B;20078263;;REW SF ENT F ORC RAC 5.1 S64LNX P CPU TIER 1 ESS B;REW SF ENT F ORC RAC 5.1 S64LNX P CPU TIER 1 ESS B;REW SF ENT F ORC RAC 5.1 S64LNX P CPU TIER 1 ESS B;REW SF ENT F ORC RAC 5.1 S64LNX P CPU TIER 1 ESS B;;;;79;;
1;3;2094;1;808,2576;657,12;GOV SF ENT FOR ORC RAC5.1 S64LNX P CPU TIER 1 ESS S;20078264;;GOV SF ENT FOR ORC RAC5.1 S64LNX P CPU TIER 1 ESS S;GOV SF ENT FOR ORC RAC5.1 S64LNX P CPU TIER 1 ESS S;GOV SF ENT FOR ORC RAC5.1 S64LNX P CPU TIER 1 ESS S;GOV SF ENT FOR ORC RAC5.1 S64LNX P CPU TIER 1 ESS S;;;;79;;
1;3;2094;1;747,6432;607,84;REW SF ENT F ORC RAC 5.1 S64LNX P CPU TIER 1 ESS E;20078266;;REW SF ENT F ORC RAC 5.1 S64LNX P CPU TIER 1 ESS E;REW SF ENT F ORC RAC 5.1 S64LNX P CPU TIER 1 ESS E;REW SF ENT F ORC RAC 5.1 S64LNX P CPU TIER 1 ESS E;REW SF ENT F ORC RAC 5.1 S64LNX P CPU TIER 1 ESS E;;;;79;;
1;3;2094;1;565,2957;459,59;REW TSPP STOR FND ENT ORC RAC5.1 S64LNX T1 ESS12M E;20078269;;REW TSPP STOR FND ENT ORC RAC5.1 S64LNX T1 ESS12M E;REW TSPP STOR FND ENT ORC RAC5.1 S64LNX T1 ESS12M E;REW TSPP STOR FND ENT ORC RAC5.1 S64LNX T1 ESS12M E;REW TSPP STOR FND ENT ORC RAC5.1 S64LNX T1 ESS12M E;;;;79;;
1;3;2094;1;442,4064;359,68;REW TSPP STOR FND ENT ORC RAC5.1 S64LNX T1 BAS12M E;20078270;;REW TSPP STOR FND ENT ORC RAC5.1 S64LNX T1 BAS12M E;REW TSPP STOR FND ENT ORC RAC5.1 S64LNX T1 BAS12M E;REW TSPP STOR FND ENT ORC RAC5.1 S64LNX T1 BAS12M E;REW TSPP STOR FND ENT ORC RAC5.1 S64LNX T1 BAS12M E;;;;79;;
1;3;2094;1;4608,7977;3746,99;GOV SF ENT FOR ORC RAC5.1 S64LNX P CPU TIER 2 LIC S;20078271;;GOV SF ENT FOR ORC RAC5.1 S64LNX P CPU TIER 2 LIC S;GOV SF ENT FOR ORC RAC5.1 S64LNX P CPU TIER 2 LIC S;GOV SF ENT FOR ORC RAC5.1 S64LNX P CPU TIER 2 LIC S;GOV SF ENT FOR ORC RAC5.1 S64LNX P CPU TIER 2 LIC S;;;;79;;
1;3;2094;1;1097,1846;892,02;REW SF ENT F ORC RAC 5.1 S64LNX P CPU TIER 2 BAS A;20078272;;REW SF ENT F ORC RAC 5.1 S64LNX P CPU TIER 2 BAS A;REW SF ENT F ORC RAC 5.1 S64LNX P CPU TIER 2 BAS A;REW SF ENT F ORC RAC 5.1 S64LNX P CPU TIER 2 BAS A;REW SF ENT F ORC RAC 5.1 S64LNX P CPU TIER 2 BAS A;;;;79;;
1;3;2094;1;1042,3389;847,43;REW SF ENT F ORC RAC 5.1 S64LNX P CPU TIER 2 BAS C;20078273;;REW SF ENT F ORC RAC 5.1 S64LNX P CPU TIER 2 BAS C;REW SF ENT F ORC RAC 5.1 S64LNX P CPU TIER 2 BAS C;REW SF ENT F ORC RAC 5.1 S64LNX P CPU TIER 2 BAS C;REW SF ENT F ORC RAC 5.1 S64LNX P CPU TIER 2 BAS C;;;;79;;
1;3;2094;1;1042,3389;847,43;REW SF ENT F ORC RAC 5.1 S64LNX P CPU TIER 2 BAS D;20078274;;REW SF ENT F ORC RAC 5.1 S64LNX P CPU TIER 2 BAS D;REW SF ENT F ORC RAC 5.1 S64LNX P CPU TIER 2 BAS D;REW SF ENT F ORC RAC 5.1 S64LNX P CPU TIER 2 BAS D;REW SF ENT F ORC RAC 5.1 S64LNX P CPU TIER 2 BAS D;;;;79;;
1;3;2094;1;580,56;472;REW TSPP STOR FND ENT ORC RAC5.1 S64LNX T1 ESS12M C;20078278;;REW TSPP STOR FND ENT ORC RAC5.1 S64LNX T1 ESS12M C;REW TSPP STOR FND ENT ORC RAC5.1 S64LNX T1 ESS12M C;REW TSPP STOR FND ENT ORC RAC5.1 S64LNX T1 ESS12M C;REW TSPP STOR FND ENT ORC RAC5.1 S64LNX T1 ESS12M C;;;;79;;
1;3;2094;1;478,2609;388,83;REW TSPP STOR FND ENT ORC RAC5.1 S64LNX T1 BAS12M A;20078279;;REW TSPP STOR FND ENT ORC RAC5.1 S64LNX T1 BAS12M A;REW TSPP STOR FND ENT ORC RAC5.1 S64LNX T1 BAS12M A;REW TSPP STOR FND ENT ORC RAC5.1 S64LNX T1 BAS12M A;REW TSPP STOR FND ENT ORC RAC5.1 S64LNX T1 BAS12M A;;;;79;;
1;3;2094;1;454,3497;369,39;REW TSPP STOR FND ENT ORC RAC5.1 S64LNX T1 BAS12M C;20078280;;REW TSPP STOR FND ENT ORC RAC5.1 S64LNX T1 BAS12M C;REW TSPP STOR FND ENT ORC RAC5.1 S64LNX T1 BAS12M C;REW TSPP STOR FND ENT ORC RAC5.1 S64LNX T1 BAS12M C;REW TSPP STOR FND ENT ORC RAC5.1 S64LNX T1 BAS12M C;;;;79;;
1;3;2094;1;478,2609;388,83;EXP TSPP STOR FND ENT ORC RAC5.1 S64LNX T1 BAS12M S;20078281;;EXP TSPP STOR FND ENT ORC RAC5.1 S64LNX T1 BAS12M S;EXP TSPP STOR FND ENT ORC RAC5.1 S64LNX T1 BAS12M S;EXP TSPP STOR FND ENT ORC RAC5.1 S64LNX T1 BAS12M S;EXP TSPP STOR FND ENT ORC RAC5.1 S64LNX T1 BAS12M S;;;;79;;
1;3;2094;1;4608,7977;3746,99;EXP SF ENT FOR ORC RAC5.1 S64LNX P CPU TIER 2 LIC S;20078283;;EXP SF ENT FOR ORC RAC5.1 S64LNX P CPU TIER 2 LIC S;EXP SF ENT FOR ORC RAC5.1 S64LNX P CPU TIER 2 LIC S;EXP SF ENT FOR ORC RAC5.1 S64LNX P CPU TIER 2 LIC S;EXP SF ENT FOR ORC RAC5.1 S64LNX P CPU TIER 2 LIC S;;;;79;;
1;3;2094;1;1014,9099;825,13;REW SF ENT F ORC RAC 5.1 S64LNX P CPU TIER 2 BAS E;20078284;;REW SF ENT F ORC RAC 5.1 S64LNX P CPU TIER 2 BAS E;REW SF ENT F ORC RAC 5.1 S64LNX P CPU TIER 2 BAS E;REW SF ENT F ORC RAC 5.1 S64LNX P CPU TIER 2 BAS E;REW SF ENT F ORC RAC 5.1 S64LNX P CPU TIER 2 BAS E;;;;79;;
1;3;2094;1;1401,9786;1139,82;REW SF ENT F ORC RAC 5.1 S64LNX P CPU TIER 2 ESS A;20078285;;REW SF ENT F ORC RAC 5.1 S64LNX P CPU TIER 2 ESS A;REW SF ENT F ORC RAC 5.1 S64LNX P CPU TIER 2 ESS A;REW SF ENT F ORC RAC 5.1 S64LNX P CPU TIER 2 ESS A;REW SF ENT F ORC RAC 5.1 S64LNX P CPU TIER 2 ESS A;;;;79;;
1;3;2094;1;2524,206;2052,2;REW SF ENT F ORC RAC 5.1 S64LNX P CPU TIER 1 LIC C;20078288;;REW SF ENT F ORC RAC 5.1 S64LNX P CPU TIER 1 LIC C;REW SF ENT F ORC RAC 5.1 S64LNX P CPU TIER 1 LIC C;REW SF ENT F ORC RAC 5.1 S64LNX P CPU TIER 1 LIC C;REW SF ENT F ORC RAC 5.1 S64LNX P CPU TIER 1 LIC C;;;;79;;
1;3;2094;1;585,111;475,7;REW SF ENT F ORC RAC 5.1 S64LNX P CPU TIER 1 BAS E;20078289;;REW SF ENT F ORC RAC 5.1 S64LNX P CPU TIER 1 BAS E;REW SF ENT F ORC RAC 5.1 S64LNX P CPU TIER 1 BAS E;REW SF ENT F ORC RAC 5.1 S64LNX P CPU TIER 1 BAS E;REW SF ENT F ORC RAC 5.1 S64LNX P CPU TIER 1 BAS E;;;;79;;
1;3;2094;1;632,5521;514,27;GOV SF ENT FOR ORC RAC5.1 S64LNX P CPU TIER 1 BAS S;20078290;;GOV SF ENT FOR ORC RAC5.1 S64LNX P CPU TIER 1 BAS S;GOV SF ENT FOR ORC RAC5.1 S64LNX P CPU TIER 1 BAS S;GOV SF ENT FOR ORC RAC5.1 S64LNX P CPU TIER 1 BAS S;GOV SF ENT FOR ORC RAC5.1 S64LNX P CPU TIER 1 BAS S;;;;79;;
1;3;2094;1;632,5521;514,27;AE SF ENT F ORC RAC 5.1 S64LNX P CPU TIER 1 BAS S;20078291;;AE SF ENT F ORC RAC 5.1 S64LNX P CPU TIER 1 BAS S;AE SF ENT F ORC RAC 5.1 S64LNX P CPU TIER 1 BAS S;AE SF ENT F ORC RAC 5.1 S64LNX P CPU TIER 1 BAS S;AE SF ENT F ORC RAC 5.1 S64LNX P CPU TIER 1 BAS S;;;;79;;
1;3;2094;1;767,8521;624,27;REW SF ENT F ORC RAC 5.1 S64LNX P CPU TIER 1 ESS D;20078292;;REW SF ENT F ORC RAC 5.1 S64LNX P CPU TIER 1 ESS D;REW SF ENT F ORC RAC 5.1 S64LNX P CPU TIER 1 ESS D;REW SF ENT F ORC RAC 5.1 S64LNX P CPU TIER 1 ESS D;REW SF ENT F ORC RAC 5.1 S64LNX P CPU TIER 1 ESS D;;;;79;;
1;3;2094;1;611,1255;496,85;REW TSPP STOR FND ENT ORC RAC5.1 S64LNX T1 ESS12M B;20078293;;REW TSPP STOR FND ENT ORC RAC5.1 S64LNX T1 ESS12M B;REW TSPP STOR FND ENT ORC RAC5.1 S64LNX T1 ESS12M B;REW TSPP STOR FND ENT ORC RAC5.1 S64LNX T1 ESS12M B;REW TSPP STOR FND ENT ORC RAC5.1 S64LNX T1 ESS12M B;;;;79;;
1;3;2094;1;611,1255;496,85;EXP TSPP STOR FND ENT ORC RAC5.1 S64LNX T1 ESS12M S;20078294;;EXP TSPP STOR FND ENT ORC RAC5.1 S64LNX T1 ESS12M S;EXP TSPP STOR FND ENT ORC RAC5.1 S64LNX T1 ESS12M S;EXP TSPP STOR FND ENT ORC RAC5.1 S64LNX T1 ESS12M S;EXP TSPP STOR FND ENT ORC RAC5.1 S64LNX T1 ESS12M S;;;;79;;
1;3;2094;1;478,2609;388,83;REW TSPP STOR FND ENT ORC RAC5.1 S64LNX T1 BAS12M B;20078295;;REW TSPP STOR FND ENT ORC RAC5.1 S64LNX T1 BAS12M B;REW TSPP STOR FND ENT ORC RAC5.1 S64LNX T1 BAS12M B;REW TSPP STOR FND ENT ORC RAC5.1 S64LNX T1 BAS12M B;REW TSPP STOR FND ENT ORC RAC5.1 S64LNX T1 BAS12M B;;;;79;;
1;3;2094;1;454,3497;369,39;REW TSPP STOR FND ENT ORC RAC5.1 S64LNX T1 BAS12M D;20078296;;REW TSPP STOR FND ENT ORC RAC5.1 S64LNX T1 BAS12M D;REW TSPP STOR FND ENT ORC RAC5.1 S64LNX T1 BAS12M D;REW TSPP STOR FND ENT ORC RAC5.1 S64LNX T1 BAS12M D;REW TSPP STOR FND ENT ORC RAC5.1 S64LNX T1 BAS12M D;;;;79;;
1;3;2094;1;4608,7977;3746,99;REW SF ENT F ORC RAC 5.1 S64LNX P CPU TIER 2 LIC A;20078298;;REW SF ENT F ORC RAC 5.1 S64LNX P CPU TIER 2 LIC A;REW SF ENT F ORC RAC 5.1 S64LNX P CPU TIER 2 LIC A;REW SF ENT F ORC RAC 5.1 S64LNX P CPU TIER 2 LIC A;REW SF ENT F ORC RAC 5.1 S64LNX P CPU TIER 2 LIC A;;;;79;;
1;3;2094;1;7918,1496;6437,52;REW SF ENT F ORC RAC 5.1 S64LNX P CPU TIER 3 LIC D;20078299;;REW SF ENT F ORC RAC 5.1 S64LNX P CPU TIER 3 LIC D;REW SF ENT F ORC RAC 5.1 S64LNX P CPU TIER 3 LIC D;REW SF ENT F ORC RAC 5.1 S64LNX P CPU TIER 3 LIC D;REW SF ENT F ORC RAC 5.1 S64LNX P CPU TIER 3 LIC D;;;;79;;
1;3;2094;1;7709,7876;6268,12;REW SF ENT F ORC RAC 5.1 S64LNX P CPU TIER 3 LIC E;20078300;;REW SF ENT F ORC RAC 5.1 S64LNX P CPU TIER 3 LIC E;REW SF ENT F ORC RAC 5.1 S64LNX P CPU TIER 3 LIC E;REW SF ENT F ORC RAC 5.1 S64LNX P CPU TIER 3 LIC E;REW SF ENT F ORC RAC 5.1 S64LNX P CPU TIER 3 LIC E;;;;79;;
1;3;2094;1;1835,4306;1492,22;REW SF ENT F ORC RAC 5.1 S64LNX P CPU TIER 3 BAS E;20078301;;REW SF ENT F ORC RAC 5.1 S64LNX P CPU TIER 3 BAS E;REW SF ENT F ORC RAC 5.1 S64LNX P CPU TIER 3 BAS E;REW SF ENT F ORC RAC 5.1 S64LNX P CPU TIER 3 BAS E;REW SF ENT F ORC RAC 5.1 S64LNX P CPU TIER 3 BAS E;;;;79;;
1;3;2094;1;2535,4236;2061,32;REW SF ENT F ORC RAC 5.1 S64LNX P CPU TIER 3 ESS A;20078302;;REW SF ENT F ORC RAC 5.1 S64LNX P CPU TIER 3 ESS A;REW SF ENT F ORC RAC 5.1 S64LNX P CPU TIER 3 ESS A;REW SF ENT F ORC RAC 5.1 S64LNX P CPU TIER 3 ESS A;REW SF ENT F ORC RAC 5.1 S64LNX P CPU TIER 3 ESS A;;;;79;;
1;3;2094;1;2408,6475;1958,25;REW SF ENT F ORC RAC 5.1 S64LNX P CPU TIER 3 ESS D;20078303;;REW SF ENT F ORC RAC 5.1 S64LNX P CPU TIER 3 ESS D;REW SF ENT F ORC RAC 5.1 S64LNX P CPU TIER 3 ESS D;REW SF ENT F ORC RAC 5.1 S64LNX P CPU TIER 3 ESS D;REW SF ENT F ORC RAC 5.1 S64LNX P CPU TIER 3 ESS D;;;;79;;
1;3;2094;1;2535,4236;2061,32;AE SF ENT F ORC RAC 5.1 S64LNX P CPU TIER 3 ESS S;20078304;;AE SF ENT F ORC RAC 5.1 S64LNX P CPU TIER 3 ESS S;AE SF ENT F ORC RAC 5.1 S64LNX P CPU TIER 3 ESS S;AE SF ENT F ORC RAC 5.1 S64LNX P CPU TIER 3 ESS S;AE SF ENT F ORC RAC 5.1 S64LNX P CPU TIER 3 ESS S;;;;79;;
1;3;2094;1;1917,0288;1558,56;REW TSPP STOR FND ENT ORC RAC5.1 S64LNX T3 ESS12M B;20078305;;REW TSPP STOR FND ENT ORC RAC5.1 S64LNX T3 ESS12M B;REW TSPP STOR FND ENT ORC RAC5.1 S64LNX T3 ESS12M B;REW TSPP STOR FND ENT ORC RAC5.1 S64LNX T3 ESS12M B;REW TSPP STOR FND ENT ORC RAC5.1 S64LNX T3 ESS12M B;;;;79;;
1;3;2094;1;1425,2625;1158,75;REW TSPP STOR FND ENT ORC RAC5.1 S64LNX T3 BAS12M C;20078306;;REW TSPP STOR FND ENT ORC RAC5.1 S64LNX T3 BAS12M C;REW TSPP STOR FND ENT ORC RAC5.1 S64LNX T3 BAS12M C;REW TSPP STOR FND ENT ORC RAC5.1 S64LNX T3 BAS12M C;REW TSPP STOR FND ENT ORC RAC5.1 S64LNX T3 BAS12M C;;;;79;;
1;3;2094;1;1425,2625;1158,75;REW TSPP STOR FND ENT ORC RAC5.1 S64LNX T3 BAS12M D;20078307;;REW TSPP STOR FND ENT ORC RAC5.1 S64LNX T3 BAS12M D;REW TSPP STOR FND ENT ORC RAC5.1 S64LNX T3 BAS12M D;REW TSPP STOR FND ENT ORC RAC5.1 S64LNX T3 BAS12M D;REW TSPP STOR FND ENT ORC RAC5.1 S64LNX T3 BAS12M D;;;;79;;
1;3;2094;1;1387,7598;1128,26;REW TSPP STOR FND ENT ORC RAC5.1 S64LNX T3 BAS12M E;20078308;;REW TSPP STOR FND ENT ORC RAC5.1 S64LNX T3 BAS12M E;REW TSPP STOR FND ENT ORC RAC5.1 S64LNX T3 BAS12M E;REW TSPP STOR FND ENT ORC RAC5.1 S64LNX T3 BAS12M E;REW TSPP STOR FND ENT ORC RAC5.1 S64LNX T3 BAS12M E;;;;79;;
1;3;2094;1;8334,8859;6776,33;REW SF ENT F ORC RAC 5.1 S64LNX P CPU TIER 3 LIC A;20078309;;REW SF ENT F ORC RAC 5.1 S64LNX P CPU TIER 3 LIC A;REW SF ENT F ORC RAC 5.1 S64LNX P CPU TIER 3 LIC A;REW SF ENT F ORC RAC 5.1 S64LNX P CPU TIER 3 LIC A;REW SF ENT F ORC RAC 5.1 S64LNX P CPU TIER 3 LIC A;;;;79;;
1;3;2094;1;1773,2418;1441,66;REW TSPP STOR FND ENT ORC RAC5.1 S64LNX T3 ESS12M E;20078310;;REW TSPP STOR FND ENT ORC RAC5.1 S64LNX T3 ESS12M E;REW TSPP STOR FND ENT ORC RAC5.1 S64LNX T3 ESS12M E;REW TSPP STOR FND ENT ORC RAC5.1 S64LNX T3 ESS12M E;REW TSPP STOR FND ENT ORC RAC5.1 S64LNX T3 ESS12M E;;;;79;;
1;3;2094;1;1500,2679;1219,73;REW TSPP STOR FND ENT ORC RAC5.1 S64LNX T3 BAS12M A;20078311;;REW TSPP STOR FND ENT ORC RAC5.1 S64LNX T3 BAS12M A;REW TSPP STOR FND ENT ORC RAC5.1 S64LNX T3 BAS12M A;REW TSPP STOR FND ENT ORC RAC5.1 S64LNX T3 BAS12M A;REW TSPP STOR FND ENT ORC RAC5.1 S64LNX T3 BAS12M A;;;;79;;
1;3;2094;1;632,5521;514,27;EXP SF ENT FOR ORC RAC5.1 S64LNX P CPU TIER 1 BAS S;20078312;;EXP SF ENT FOR ORC RAC5.1 S64LNX P CPU TIER 1 BAS S;EXP SF ENT FOR ORC RAC5.1 S64LNX P CPU TIER 1 BAS S;EXP SF ENT FOR ORC RAC5.1 S64LNX P CPU TIER 1 BAS S;EXP SF ENT FOR ORC RAC5.1 S64LNX P CPU TIER 1 BAS S;;;;79;;
1;3;2094;1;808,2576;657,12;AE SF ENT F ORC RAC 5.1 S64LNX P CPU TIER 1 ESS S;20078313;;AE SF ENT F ORC RAC 5.1 S64LNX P CPU TIER 1 ESS S;AE SF ENT F ORC RAC 5.1 S64LNX P CPU TIER 1 ESS S;AE SF ENT F ORC RAC 5.1 S64LNX P CPU TIER 1 ESS S;AE SF ENT F ORC RAC 5.1 S64LNX P CPU TIER 1 ESS S;;;;79;;
1;3;2094;1;611,1255;496,85;REW TSPP STOR FND ENT ORC RAC5.1 S64LNX T1 ESS12M A;20078317;;REW TSPP STOR FND ENT ORC RAC5.1 S64LNX T1 ESS12M A;REW TSPP STOR FND ENT ORC RAC5.1 S64LNX T1 ESS12M A;REW TSPP STOR FND ENT ORC RAC5.1 S64LNX T1 ESS12M A;REW TSPP STOR FND ENT ORC RAC5.1 S64LNX T1 ESS12M A;;;;79;;
1;3;2094;1;1097,1846;892,02;GOV SF ENT FOR ORC RAC5.1 S64LNX P CPU TIER 2 BAS S;20078320;;GOV SF ENT FOR ORC RAC5.1 S64LNX P CPU TIER 2 BAS S;GOV SF ENT FOR ORC RAC5.1 S64LNX P CPU TIER 2 BAS S;GOV SF ENT FOR ORC RAC5.1 S64LNX P CPU TIER 2 BAS S;GOV SF ENT FOR ORC RAC5.1 S64LNX P CPU TIER 2 BAS S;;;;79;;
1;3;2094;1;359,2953;292,11;EXP SF ENT CLST SYS HA5.1 S64LNX 1 XGD LIC SFEHA S;20078422;;EXP SF ENT CLST SYS HA5.1 S64LNX 1 XGD LIC SFEHA S;EXP SF ENT CLST SYS HA5.1 S64LNX 1 XGD LIC SFEHA S;EXP SF ENT CLST SYS HA5.1 S64LNX 1 XGD LIC SFEHA S;EXP SF ENT CLST SYS HA5.1 S64LNX 1 XGD LIC SFEHA S;;;;79;;
1;3;2094;1;359,2953;292,11;AE SF ENT CLST SYS HA 5.1 S64LNX CPU T1 LIC SFEHA S;20078423;;AE SF ENT CLST SYS HA 5.1 S64LNX CPU T1 LIC SFEHA S;AE SF ENT CLST SYS HA 5.1 S64LNX CPU T1 LIC SFEHA S;AE SF ENT CLST SYS HA 5.1 S64LNX CPU T1 LIC SFEHA S;AE SF ENT CLST SYS HA 5.1 S64LNX CPU T1 LIC SFEHA S;;;;79;;
1;3;2094;1;3852,852;3132,4;REW SF ENT CLST SYS HA5.1 S64LNX P CPU TIER 2 LIC E;20078424;;REW SF ENT CLST SYS HA5.1 S64LNX P CPU TIER 2 LIC E;REW SF ENT CLST SYS HA5.1 S64LNX P CPU TIER 2 LIC E;REW SF ENT CLST SYS HA5.1 S64LNX P CPU TIER 2 LIC E;REW SF ENT CLST SYS HA5.1 S64LNX P CPU TIER 2 LIC E;;;;79;;
1;3;2094;1;991,5891;806,17;REW SF ENT CLST SYS HA5.1 S64LNX P CPU TIER 2 BAS A;20078425;;REW SF ENT CLST SYS HA5.1 S64LNX P CPU TIER 2 BAS A;REW SF ENT CLST SYS HA5.1 S64LNX P CPU TIER 2 BAS A;REW SF ENT CLST SYS HA5.1 S64LNX P CPU TIER 2 BAS A;REW SF ENT CLST SYS HA5.1 S64LNX P CPU TIER 2 BAS A;;;;79;;
1;3;2094;1;1203,6903;978,61;REW SF ENT CLST SYS HA5.1 S64LNX P CPU TIER 2 ESS C;20078426;;REW SF ENT CLST SYS HA5.1 S64LNX P CPU TIER 2 ESS C;REW SF ENT CLST SYS HA5.1 S64LNX P CPU TIER 2 ESS C;REW SF ENT CLST SYS HA5.1 S64LNX P CPU TIER 2 ESS C;REW SF ENT CLST SYS HA5.1 S64LNX P CPU TIER 2 ESS C;;;;79;;
1;3;2094;1;910,1016;739,92;REW TSPP STO FND ENT CLST HA5.1 S64LNX T2 ESS 12M C;20078429;;REW TSPP STO FND ENT CLST HA5.1 S64LNX T2 ESS 12M C;REW TSPP STO FND ENT CLST HA5.1 S64LNX T2 ESS 12M C;REW TSPP STO FND ENT CLST HA5.1 S64LNX T2 ESS 12M C;REW TSPP STO FND ENT CLST HA5.1 S64LNX T2 ESS 12M C;;;;79;;
1;3;2094;1;712,2684;579,08;REW TSPP STO FND ENT CLST HA5.1 S64LNX T2 BAS 12M D;20078430;;REW TSPP STO FND ENT CLST HA5.1 S64LNX T2 BAS 12M D;REW TSPP STO FND ENT CLST HA5.1 S64LNX T2 BAS 12M D;REW TSPP STO FND ENT CLST HA5.1 S64LNX T2 BAS 12M D;REW TSPP STO FND ENT CLST HA5.1 S64LNX T2 BAS 12M D;;;;79;;
1;3;2094;1;749,7342;609,54;EXPTSPP STOR FND ENT CLST HA5.1 S64LNX T2 BAS 12M S;20078431;;EXPTSPP STOR FND ENT CLST HA5.1 S64LNX T2 BAS 12M S;EXPTSPP STOR FND ENT CLST HA5.1 S64LNX T2 BAS 12M S;EXPTSPP STOR FND ENT CLST HA5.1 S64LNX T2 BAS 12M S;EXPTSPP STOR FND ENT CLST HA5.1 S64LNX T2 BAS 12M S;;;;79;;
1;3;2094;1;2058,2205;1673,35;REW SF ENT CLST SYS HA5.1 S64LNX 2 XGD LIC SFSHA A;20078433;;REW SF ENT CLST SYS HA5.1 S64LNX 2 XGD LIC SFSHA A;REW SF ENT CLST SYS HA5.1 S64LNX 2 XGD LIC SFSHA A;REW SF ENT CLST SYS HA5.1 S64LNX 2 XGD LIC SFSHA A;REW SF ENT CLST SYS HA5.1 S64LNX 2 XGD LIC SFSHA A;;;;79;;
1;3;2094;1;1794,1518;1458,66;REW SF ENT CLST SYS HA5.1 S64LNX P CPU TIER 3 BAS A;20078435;;REW SF ENT CLST SYS HA5.1 S64LNX P CPU TIER 3 BAS A;REW SF ENT CLST SYS HA5.1 S64LNX P CPU TIER 3 BAS A;REW SF ENT CLST SYS HA5.1 S64LNX P CPU TIER 3 BAS A;REW SF ENT CLST SYS HA5.1 S64LNX P CPU TIER 3 BAS A;;;;79;;
1;3;2094;1;1704,4602;1385,74;REW SF ENT CLST SYS HA5.1 S64LNX P CPU TIER 3 BAS D;20078436;;REW SF ENT CLST SYS HA5.1 S64LNX P CPU TIER 3 BAS D;REW SF ENT CLST SYS HA5.1 S64LNX P CPU TIER 3 BAS D;REW SF ENT CLST SYS HA5.1 S64LNX P CPU TIER 3 BAS D;REW SF ENT CLST SYS HA5.1 S64LNX P CPU TIER 3 BAS D;;;;79;;
1;3;2094;1;2120,5815;1724,05;REW SF ENT CLST SYS HA5.1 S64LNX P CPU TIER 3 ESS E;20078437;;REW SF ENT CLST SYS HA5.1 S64LNX P CPU TIER 3 ESS E;REW SF ENT CLST SYS HA5.1 S64LNX P CPU TIER 3 ESS E;REW SF ENT CLST SYS HA5.1 S64LNX P CPU TIER 3 ESS E;REW SF ENT CLST SYS HA5.1 S64LNX P CPU TIER 3 ESS E;;;;79;;
1;3;2094;1;2292,5478;1863,86;AE SF ENT CLST SYS HA 5.1 S64LNX P CPU TIER 3 ESS S;20078438;;AE SF ENT CLST SYS HA 5.1 S64LNX P CPU TIER 3 ESS S;AE SF ENT CLST SYS HA 5.1 S64LNX P CPU TIER 3 ESS S;AE SF ENT CLST SYS HA 5.1 S64LNX P CPU TIER 3 ESS S;AE SF ENT CLST SYS HA 5.1 S64LNX P CPU TIER 3 ESS S;;;;79;;
1;3;2094;1;1603,3788;1303,56;REW TSPP STO FND ENT CLST HA5.1 S64LNX T3 ESS 12M E;20078440;;REW TSPP STO FND ENT CLST HA5.1 S64LNX T3 ESS 12M E;REW TSPP STO FND ENT CLST HA5.1 S64LNX T3 ESS 12M E;REW TSPP STO FND ENT CLST HA5.1 S64LNX T3 ESS 12M E;REW TSPP STO FND ENT CLST HA5.1 S64LNX T3 ESS 12M E;;;;79;;
1;3;2094;1;1288,7202;1047,74;REW TSPP STO FND ENT CLST HA5.1 S64LNX T3 BAS 12M C;20078441;;REW TSPP STO FND ENT CLST HA5.1 S64LNX T3 BAS 12M C;REW TSPP STO FND ENT CLST HA5.1 S64LNX T3 BAS 12M C;REW TSPP STO FND ENT CLST HA5.1 S64LNX T3 BAS 12M C;REW TSPP STO FND ENT CLST HA5.1 S64LNX T3 BAS 12M C;;;;79;;
1;3;2094;1;1131,1203;919,61;REW SF ENT CLST SYS HA5.1 S64LNX 3 XGD LIC SFEHA A;20078443;;REW SF ENT CLST SYS HA5.1 S64LNX 3 XGD LIC SFEHA A;REW SF ENT CLST SYS HA5.1 S64LNX 3 XGD LIC SFEHA A;REW SF ENT CLST SYS HA5.1 S64LNX 3 XGD LIC SFEHA A;REW SF ENT CLST SYS HA5.1 S64LNX 3 XGD LIC SFEHA A;;;;79;;
1;3;2094;1;1074,5772;873,64;REW SF ENT CLST SYS HA5.1 S64LNX 3 XGD LIC SFEHA C;20078444;;REW SF ENT CLST SYS HA5.1 S64LNX 3 XGD LIC SFEHA C;REW SF ENT CLST SYS HA5.1 S64LNX 3 XGD LIC SFEHA C;REW SF ENT CLST SYS HA5.1 S64LNX 3 XGD LIC SFEHA C;REW SF ENT CLST SYS HA5.1 S64LNX 3 XGD LIC SFEHA C;;;;79;;
1;3;2094;1;569,1825;462,75;EXP SF ENT CLST SYS HA5.1 S64LNX P CPU TIER 1 BAS S;20078446;;EXP SF ENT CLST SYS HA5.1 S64LNX P CPU TIER 1 BAS S;EXP SF ENT CLST SYS HA5.1 S64LNX P CPU TIER 1 BAS S;EXP SF ENT CLST SYS HA5.1 S64LNX P CPU TIER 1 BAS S;EXP SF ENT CLST SYS HA5.1 S64LNX P CPU TIER 1 BAS S;;;;79;;
1;3;2094;1;690,9402;561,74;REW SF ENT CLST SYS HA5.1 S64LNX P CPU TIER 1 ESS C;20078448;;REW SF ENT CLST SYS HA5.1 S64LNX P CPU TIER 1 ESS C;REW SF ENT CLST SYS HA5.1 S64LNX P CPU TIER 1 ESS C;REW SF ENT CLST SYS HA5.1 S64LNX P CPU TIER 1 ESS C;REW SF ENT CLST SYS HA5.1 S64LNX P CPU TIER 1 ESS C;;;;79;;
1;3;2094;1;522,4179;424,73;REW TSPP STO FND ENT CLST HA5.1 S64LNX T1 ESS 12M C;20078451;;REW TSPP STO FND ENT CLST HA5.1 S64LNX T1 ESS 12M C;REW TSPP STO FND ENT CLST HA5.1 S64LNX T1 ESS 12M C;REW TSPP STO FND ENT CLST HA5.1 S64LNX T1 ESS 12M C;REW TSPP STO FND ENT CLST HA5.1 S64LNX T1 ESS 12M C;;;;79;;
1;3;2094;1;569,1825;462,75;REW SF ENT CLST SYS HA5.1 S64LNX P CPU TIER 1 BAS A;20078452;;REW SF ENT CLST SYS HA5.1 S64LNX P CPU TIER 1 BAS A;REW SF ENT CLST SYS HA5.1 S64LNX P CPU TIER 1 BAS A;REW SF ENT CLST SYS HA5.1 S64LNX P CPU TIER 1 BAS A;REW SF ENT CLST SYS HA5.1 S64LNX P CPU TIER 1 BAS A;;;;79;;
1;3;2094;1;569,1825;462,75;REW SF ENT CLST SYS HA5.1 S64LNX P CPU TIER 1 BAS B;20078453;;REW SF ENT CLST SYS HA5.1 S64LNX P CPU TIER 1 BAS B;REW SF ENT CLST SYS HA5.1 S64LNX P CPU TIER 1 BAS B;REW SF ENT CLST SYS HA5.1 S64LNX P CPU TIER 1 BAS B;REW SF ENT CLST SYS HA5.1 S64LNX P CPU TIER 1 BAS B;;;;79;;
1;3;2094;1;569,1825;462,75;GOV SF ENT CLST SYS HA5.1 S64LNX P CPU TIER 1 BAS S;20078454;;GOV SF ENT CLST SYS HA5.1 S64LNX P CPU TIER 1 BAS S;GOV SF ENT CLST SYS HA5.1 S64LNX P CPU TIER 1 BAS S;GOV SF ENT CLST SYS HA5.1 S64LNX P CPU TIER 1 BAS S;GOV SF ENT CLST SYS HA5.1 S64LNX P CPU TIER 1 BAS S;;;;79;;
1;3;2094;1;690,9402;561,74;REW SF ENT CLST SYS HA5.1 S64LNX P CPU TIER 1 ESS D;20078455;;REW SF ENT CLST SYS HA5.1 S64LNX P CPU TIER 1 ESS D;REW SF ENT CLST SYS HA5.1 S64LNX P CPU TIER 1 ESS D;REW SF ENT CLST SYS HA5.1 S64LNX P CPU TIER 1 ESS D;REW SF ENT CLST SYS HA5.1 S64LNX P CPU TIER 1 ESS D;;;;79;;
1;3;2094;1;549,9084;447,08;AE TSPP SF ENT CLST SYS HA 5.1 S64LNX T1 ESS12M S;20078457;;AE TSPP SF ENT CLST SYS HA 5.1 S64LNX T1 ESS12M S;AE TSPP SF ENT CLST SYS HA 5.1 S64LNX T1 ESS12M S;AE TSPP SF ENT CLST SYS HA 5.1 S64LNX T1 ESS12M S;AE TSPP SF ENT CLST SYS HA 5.1 S64LNX T1 ESS12M S;;;;79;;
1;3;2094;1;1037,9847;843,89;REW SF ENT CLST SYS HA5.1 S64LNX 1 XGD LIC SFECFS B;20078459;;REW SF ENT CLST SYS HA5.1 S64LNX 1 XGD LIC SFECFS B;REW SF ENT CLST SYS HA5.1 S64LNX 1 XGD LIC SFECFS B;REW SF ENT CLST SYS HA5.1 S64LNX 1 XGD LIC SFECFS B;REW SF ENT CLST SYS HA5.1 S64LNX 1 XGD LIC SFECFS B;;;;79;;
1;3;2094;1;359,2953;292,11;REW SF ENT CLST SYS HA5.1 S64LNX 1 XGD LIC SFEHA B;20078460;;REW SF ENT CLST SYS HA5.1 S64LNX 1 XGD LIC SFEHA B;REW SF ENT CLST SYS HA5.1 S64LNX 1 XGD LIC SFEHA B;REW SF ENT CLST SYS HA5.1 S64LNX 1 XGD LIC SFEHA B;REW SF ENT CLST SYS HA5.1 S64LNX 1 XGD LIC SFEHA B;;;;79;;
1;3;2094;1;4165,2228;3386,36;EXP SF ENT CLST SYS HA5.1 S64LNX P CPU TIER 2 LIC S;20078462;;EXP SF ENT CLST SYS HA5.1 S64LNX P CPU TIER 2 LIC S;EXP SF ENT CLST SYS HA5.1 S64LNX P CPU TIER 2 LIC S;EXP SF ENT CLST SYS HA5.1 S64LNX P CPU TIER 2 LIC S;EXP SF ENT CLST SYS HA5.1 S64LNX P CPU TIER 2 LIC S;;;;79;;
1;3;2094;1;430,3647;349,89;REW TSPP STO FND ENT CLST HA5.1 S64LNX T1 BAS 12M B;20078464;;REW TSPP STO FND ENT CLST HA5.1 S64LNX T1 BAS 12M B;REW TSPP STO FND ENT CLST HA5.1 S64LNX T1 BAS 12M B;REW TSPP STO FND ENT CLST HA5.1 S64LNX T1 BAS 12M B;REW TSPP STO FND ENT CLST HA5.1 S64LNX T1 BAS 12M B;;;;79;;
1;3;2094;1;430,3647;349,89;GOVTSPP STOR FND ENT CLST HA 5.1 S64LNX T1 BAS12M S;20078465;;GOVTSPP STOR FND ENT CLST HA 5.1 S64LNX T1 BAS12M S;GOVTSPP STOR FND ENT CLST HA 5.1 S64LNX T1 BAS12M S;GOVTSPP STOR FND ENT CLST HA 5.1 S64LNX T1 BAS12M S;GOVTSPP STOR FND ENT CLST HA 5.1 S64LNX T1 BAS12M S;;;;79;;
1;3;2094;1;1037,9847;843,89;EXP SF ENT CLST SYS HA5.1 S64LNX 1 XGD LIC SFECFS S;20078468;;EXP SF ENT CLST SYS HA5.1 S64LNX 1 XGD LIC SFECFS S;EXP SF ENT CLST SYS HA5.1 S64LNX 1 XGD LIC SFECFS S;EXP SF ENT CLST SYS HA5.1 S64LNX 1 XGD LIC SFECFS S;EXP SF ENT CLST SYS HA5.1 S64LNX 1 XGD LIC SFECFS S;;;;79;;
1;3;2094;1;1188,795;966,5;REW SF ENT CLST SYS HA5.1 S64LNX 1 XGD LIC SFSHA A;20078469;;REW SF ENT CLST SYS HA5.1 S64LNX 1 XGD LIC SFSHA A;REW SF ENT CLST SYS HA5.1 S64LNX 1 XGD LIC SFSHA A;REW SF ENT CLST SYS HA5.1 S64LNX 1 XGD LIC SFSHA A;REW SF ENT CLST SYS HA5.1 S64LNX 1 XGD LIC SFSHA A;;;;79;;
1;3;2094;1;1188,795;966,5;AE SF ENT CLST SYS HA 5.1 S64LNX CPU T1 LIC SFSHA S;20078470;;AE SF ENT CLST SYS HA 5.1 S64LNX CPU T1 LIC SFSHA S;AE SF ENT CLST SYS HA 5.1 S64LNX CPU T1 LIC SFSHA S;AE SF ENT CLST SYS HA 5.1 S64LNX CPU T1 LIC SFSHA S;AE SF ENT CLST SYS HA 5.1 S64LNX CPU T1 LIC SFSHA S;;;;79;;
1;3;2094;1;4165,2228;3386,36;GOV SF ENT CLST SYS HA5.1 S64LNX P CPU TIER 2 LIC S;20078471;;GOV SF ENT CLST SYS HA5.1 S64LNX P CPU TIER 2 LIC S;GOV SF ENT CLST SYS HA5.1 S64LNX P CPU TIER 2 LIC S;GOV SF ENT CLST SYS HA5.1 S64LNX P CPU TIER 2 LIC S;GOV SF ENT CLST SYS HA5.1 S64LNX P CPU TIER 2 LIC S;;;;79;;
1;3;2094;1;4165,2228;3386,36;AE SF ENT CLST SYS HA 5.1 S64LNX P CPU TIER 2 LIC S;20078472;;AE SF ENT CLST SYS HA 5.1 S64LNX P CPU TIER 2 LIC S;AE SF ENT CLST SYS HA 5.1 S64LNX P CPU TIER 2 LIC S;AE SF ENT CLST SYS HA 5.1 S64LNX P CPU TIER 2 LIC S;AE SF ENT CLST SYS HA 5.1 S64LNX P CPU TIER 2 LIC S;;;;79;;
1;3;2094;1;1267,0353;1030,11;REW SF ENT CLST SYS HA5.1 S64LNX P CPU TIER 2 ESS B;20078473;;REW SF ENT CLST SYS HA5.1 S64LNX P CPU TIER 2 ESS B;REW SF ENT CLST SYS HA5.1 S64LNX P CPU TIER 2 ESS B;REW SF ENT CLST SYS HA5.1 S64LNX P CPU TIER 2 ESS B;REW SF ENT CLST SYS HA5.1 S64LNX P CPU TIER 2 ESS B;;;;79;;
1;3;2094;1;917,2356;745,72;REW SF ENT CLST SYS HA5.1 S64LNX P CPU TIER 2 BAS E;20078474;;REW SF ENT CLST SYS HA5.1 S64LNX P CPU TIER 2 BAS E;REW SF ENT CLST SYS HA5.1 S64LNX P CPU TIER 2 BAS E;REW SF ENT CLST SYS HA5.1 S64LNX P CPU TIER 2 BAS E;REW SF ENT CLST SYS HA5.1 S64LNX P CPU TIER 2 BAS E;;;;79;;
1;3;2094;1;910,1016;739,92;REW TSPP STO FND ENT CLST HA5.1 S64LNX T2 ESS 12M D;20078476;;REW TSPP STO FND ENT CLST HA5.1 S64LNX T2 ESS 12M D;REW TSPP STO FND ENT CLST HA5.1 S64LNX T2 ESS 12M D;REW TSPP STO FND ENT CLST HA5.1 S64LNX T2 ESS 12M D;REW TSPP STO FND ENT CLST HA5.1 S64LNX T2 ESS 12M D;;;;79;;
1;3;2094;1;957,9978;778,86;GOVTSPP STOR FND ENT CLST HA 5.1 S64LNX T2 ESS12M S;20078477;;GOVTSPP STOR FND ENT CLST HA 5.1 S64LNX T2 ESS12M S;GOVTSPP STOR FND ENT CLST HA 5.1 S64LNX T2 ESS12M S;GOVTSPP STOR FND ENT CLST HA 5.1 S64LNX T2 ESS12M S;GOVTSPP STOR FND ENT CLST HA 5.1 S64LNX T2 ESS12M S;;;;79;;
1;3;2094;1;749,7342;609,54;GOVTSPP STOR FND ENT CLST HA 5.1 S64LNX T2 BAS12M S;20078478;;GOVTSPP STOR FND ENT CLST HA 5.1 S64LNX T2 BAS12M S;GOVTSPP STOR FND ENT CLST HA 5.1 S64LNX T2 BAS12M S;GOVTSPP STOR FND ENT CLST HA 5.1 S64LNX T2 BAS12M S;GOVTSPP STOR FND ENT CLST HA 5.1 S64LNX T2 BAS12M S;;;;79;;
1;3;2094;1;1831,9866;1489,42;REW SF ENT CLST SYS HA5.1 S64LNX 2 XGD LIC SFECFS B;20078481;;REW SF ENT CLST SYS HA5.1 S64LNX 2 XGD LIC SFECFS B;REW SF ENT CLST SYS HA5.1 S64LNX 2 XGD LIC SFECFS B;REW SF ENT CLST SYS HA5.1 S64LNX 2 XGD LIC SFECFS B;REW SF ENT CLST SYS HA5.1 S64LNX 2 XGD LIC SFECFS B;;;;79;;
1;3;2094;1;1694,5956;1377,72;REW SF ENT CLST SYS HA5.1 S64LNX 2 XGD LIC SFECFS E;20078482;;REW SF ENT CLST SYS HA5.1 S64LNX 2 XGD LIC SFECFS E;REW SF ENT CLST SYS HA5.1 S64LNX 2 XGD LIC SFECFS E;REW SF ENT CLST SYS HA5.1 S64LNX 2 XGD LIC SFECFS E;REW SF ENT CLST SYS HA5.1 S64LNX 2 XGD LIC SFECFS E;;;;79;;
1;3;2094;1;1955,3064;1589,68;REW SF ENT CLST SYS HA5.1 S64LNX 2 XGD LIC SFSHA D;20078483;;REW SF ENT CLST SYS HA5.1 S64LNX 2 XGD LIC SFSHA D;REW SF ENT CLST SYS HA5.1 S64LNX 2 XGD LIC SFSHA D;REW SF ENT CLST SYS HA5.1 S64LNX 2 XGD LIC SFSHA D;REW SF ENT CLST SYS HA5.1 S64LNX 2 XGD LIC SFSHA D;;;;79;;
1;3;2094;1;2058,2205;1673,35;GOV SF ENT CLST SYS HA5.1 S64LNX CPU T2 LIC SFSHA S;20078484;;GOV SF ENT CLST SYS HA5.1 S64LNX CPU T2 LIC SFSHA S;GOV SF ENT CLST SYS HA5.1 S64LNX CPU T2 LIC SFSHA S;GOV SF ENT CLST SYS HA5.1 S64LNX CPU T2 LIC SFSHA S;GOV SF ENT CLST SYS HA5.1 S64LNX CPU T2 LIC SFSHA S;;;;79;;
1;3;2094;1;886,1412;720,44;REW TSPP STO FND ENT CLST HA5.1 S64LNX T2 ESS 12M E;20078485;;REW TSPP STO FND ENT CLST HA5.1 S64LNX T2 ESS 12M E;REW TSPP STO FND ENT CLST HA5.1 S64LNX T2 ESS 12M E;REW TSPP STO FND ENT CLST HA5.1 S64LNX T2 ESS 12M E;REW TSPP STO FND ENT CLST HA5.1 S64LNX T2 ESS 12M E;;;;79;;
1;3;2094;1;957,9978;778,86;AE TSPP SF ENT CLST SYS HA 5.1 S64LNX T2 ESS12M S;20078486;;AE TSPP SF ENT CLST SYS HA 5.1 S64LNX T2 ESS12M S;AE TSPP SF ENT CLST SYS HA 5.1 S64LNX T2 ESS12M S;AE TSPP SF ENT CLST SYS HA 5.1 S64LNX T2 ESS12M S;AE TSPP SF ENT CLST SYS HA 5.1 S64LNX T2 ESS12M S;;;;79;;
1;3;2094;1;712,2684;579,08;REW TSPP STO FND ENT CLST HA5.1 S64LNX T2 BAS 12M C;20078487;;REW TSPP STO FND ENT CLST HA5.1 S64LNX T2 BAS 12M C;REW TSPP STO FND ENT CLST HA5.1 S64LNX T2 BAS 12M C;REW TSPP STO FND ENT CLST HA5.1 S64LNX T2 BAS 12M C;REW TSPP STO FND ENT CLST HA5.1 S64LNX T2 BAS 12M C;;;;79;;
1;3;2094;1;1740,4008;1414,96;REW SF ENT CLST SYS HA5.1 S64LNX 2 XGD LIC SFECFS D;20078489;;REW SF ENT CLST SYS HA5.1 S64LNX 2 XGD LIC SFECFS D;REW SF ENT CLST SYS HA5.1 S64LNX 2 XGD LIC SFECFS D;REW SF ENT CLST SYS HA5.1 S64LNX 2 XGD LIC SFECFS D;REW SF ENT CLST SYS HA5.1 S64LNX 2 XGD LIC SFECFS D;;;;79;;
1;3;2094;1;1831,9866;1489,42;EXP SF ENT CLST SYS HA5.1 S64LNX 2 XGD LIC SFECFS S;20078490;;EXP SF ENT CLST SYS HA5.1 S64LNX 2 XGD LIC SFECFS S;EXP SF ENT CLST SYS HA5.1 S64LNX 2 XGD LIC SFECFS S;EXP SF ENT CLST SYS HA5.1 S64LNX 2 XGD LIC SFECFS S;EXP SF ENT CLST SYS HA5.1 S64LNX 2 XGD LIC SFECFS S;;;;79;;
1;3;2094;1;594,1761;483,07;REW SF ENT CLST SYS HA5.1 S64LNX 2 XGD LIC SFEHA C;20078491;;REW SF ENT CLST SYS HA5.1 S64LNX 2 XGD LIC SFEHA C;REW SF ENT CLST SYS HA5.1 S64LNX 2 XGD LIC SFEHA C;REW SF ENT CLST SYS HA5.1 S64LNX 2 XGD LIC SFEHA C;REW SF ENT CLST SYS HA5.1 S64LNX 2 XGD LIC SFEHA C;;;;79;;
1;3;2094;1;625,455;508,5;AE SF ENT CLST SYS HA 5.1 S64LNX CPU T2 LIC SFEHA S;20078492;;AE SF ENT CLST SYS HA 5.1 S64LNX CPU T2 LIC SFEHA S;AE SF ENT CLST SYS HA 5.1 S64LNX CPU T2 LIC SFEHA S;AE SF ENT CLST SYS HA 5.1 S64LNX CPU T2 LIC SFEHA S;AE SF ENT CLST SYS HA 5.1 S64LNX CPU T2 LIC SFEHA S;;;;79;;
1;3;2094;1;2058,2205;1673,35;AE SF ENT CLST SYS HA 5.1 S64LNX CPU T2 LIC SFSHA S;20078494;;AE SF ENT CLST SYS HA 5.1 S64LNX CPU T2 LIC SFSHA S;AE SF ENT CLST SYS HA 5.1 S64LNX CPU T2 LIC SFSHA S;AE SF ENT CLST SYS HA 5.1 S64LNX CPU T2 LIC SFSHA S;AE SF ENT CLST SYS HA 5.1 S64LNX CPU T2 LIC SFSHA S;;;;79;;
1;3;2094;1;6971,2095;5667,65;REW SF ENT CLST SYS HA5.1 S64LNX P CPU TIER 3 LIC E;20078495;;REW SF ENT CLST SYS HA5.1 S64LNX P CPU TIER 3 LIC E;REW SF ENT CLST SYS HA5.1 S64LNX P CPU TIER 3 LIC E;REW SF ENT CLST SYS HA5.1 S64LNX P CPU TIER 3 LIC E;REW SF ENT CLST SYS HA5.1 S64LNX P CPU TIER 3 LIC E;;;;79;;
1;3;2094;1;7536,4437;6127,19;REW SF ENT CLST SYS HA5.1 S64LNX P CPU TIER 3 LIC B;20078496;;REW SF ENT CLST SYS HA5.1 S64LNX P CPU TIER 3 LIC B;REW SF ENT CLST SYS HA5.1 S64LNX P CPU TIER 3 LIC B;REW SF ENT CLST SYS HA5.1 S64LNX P CPU TIER 3 LIC B;REW SF ENT CLST SYS HA5.1 S64LNX P CPU TIER 3 LIC B;;;;79;;
1;3;2094;1;1659,5898;1349,26;REW SF ENT CLST SYS HA5.1 S64LNX P CPU TIER 3 BAS E;20078497;;REW SF ENT CLST SYS HA5.1 S64LNX P CPU TIER 3 BAS E;REW SF ENT CLST SYS HA5.1 S64LNX P CPU TIER 3 BAS E;REW SF ENT CLST SYS HA5.1 S64LNX P CPU TIER 3 BAS E;REW SF ENT CLST SYS HA5.1 S64LNX P CPU TIER 3 BAS E;;;;79;;
1;3;2094;1;1733,3775;1409,25;GOVTSPP STOR FND ENT CLST HA 5.1 S64LNX T3 ESS12M S;20078498;;GOVTSPP STOR FND ENT CLST HA 5.1 S64LNX T3 ESS12M S;GOVTSPP STOR FND ENT CLST HA 5.1 S64LNX T3 ESS12M S;GOVTSPP STOR FND ENT CLST HA 5.1 S64LNX T3 ESS12M S;GOVTSPP STOR FND ENT CLST HA 5.1 S64LNX T3 ESS12M S;;;;79;;
1;3;2094;1;1356,567;1102,9;EXPTSPP STOR FND ENT CLST HA5.1 S64LNX T3 BAS 12M S;20078499;;EXPTSPP STOR FND ENT CLST HA5.1 S64LNX T3 BAS 12M S;EXPTSPP STOR FND ENT CLST HA5.1 S64LNX T3 BAS 12M S;EXPTSPP STOR FND ENT CLST HA5.1 S64LNX T3 BAS 12M S;EXPTSPP STOR FND ENT CLST HA5.1 S64LNX T3 BAS 12M S;;;;79;;
1;3;2094;1;3152,0841;2562,67;REW SF ENT CLST SYS HA5.1 S64LNX 3 XGD LIC SFECFS C;20078501;;REW SF ENT CLST SYS HA5.1 S64LNX 3 XGD LIC SFECFS C;REW SF ENT CLST SYS HA5.1 S64LNX 3 XGD LIC SFECFS C;REW SF ENT CLST SYS HA5.1 S64LNX 3 XGD LIC SFECFS C;REW SF ENT CLST SYS HA5.1 S64LNX 3 XGD LIC SFECFS C;;;;79;;
1;3;2094;1;3317,9865;2697,55;GOV SF ENT CLST SYS HA5.1 S64LNX CPU T3LIC SFECFS S;20078502;;GOV SF ENT CLST SYS HA5.1 S64LNX CPU T3LIC SFECFS S;GOV SF ENT CLST SYS HA5.1 S64LNX CPU T3LIC SFECFS S;GOV SF ENT CLST SYS HA5.1 S64LNX CPU T3LIC SFECFS S;GOV SF ENT CLST SYS HA5.1 S64LNX CPU T3LIC SFECFS S;;;;79;;
1;3;2094;1;1131,1203;919,61;AE SF ENT CLST SYS HA 5.1 S64LNX CPU T3 LIC SFEHA S;20078503;;AE SF ENT CLST SYS HA 5.1 S64LNX CPU T3 LIC SFEHA S;AE SF ENT CLST SYS HA 5.1 S64LNX CPU T3 LIC SFEHA S;AE SF ENT CLST SYS HA 5.1 S64LNX CPU T3 LIC SFEHA S;AE SF ENT CLST SYS HA 5.1 S64LNX CPU T3 LIC SFEHA S;;;;79;;
1;3;2094;1;540,7326;439,62;REW SF ENT CLST SYS HA5.1 S64LNX P CPU TIER 1 BAS C;20078504;;REW SF ENT CLST SYS HA5.1 S64LNX P CPU TIER 1 BAS C;REW SF ENT CLST SYS HA5.1 S64LNX P CPU TIER 1 BAS C;REW SF ENT CLST SYS HA5.1 S64LNX P CPU TIER 1 BAS C;REW SF ENT CLST SYS HA5.1 S64LNX P CPU TIER 1 BAS C;;;;79;;
1;3;2094;1;522,4179;424,73;REW TSPP STO FND ENT CLST HA5.1 S64LNX T1 ESS 12M D;20078506;;REW TSPP STO FND ENT CLST HA5.1 S64LNX T1 ESS 12M D;REW TSPP STO FND ENT CLST HA5.1 S64LNX T1 ESS 12M D;REW TSPP STO FND ENT CLST HA5.1 S64LNX T1 ESS 12M D;REW TSPP STO FND ENT CLST HA5.1 S64LNX T1 ESS 12M D;;;;79;;
1;3;2094;1;7536,4437;6127,19;AE SF ENT CLST SYS HA 5.1 S64LNX P CPU TIER 3 LIC S;20078507;;AE SF ENT CLST SYS HA 5.1 S64LNX P CPU TIER 3 LIC S;AE SF ENT CLST SYS HA 5.1 S64LNX P CPU TIER 3 LIC S;AE SF ENT CLST SYS HA 5.1 S64LNX P CPU TIER 3 LIC S;AE SF ENT CLST SYS HA 5.1 S64LNX P CPU TIER 3 LIC S;;;;79;;
1;3;2094;1;2292,5478;1863,86;REW SF ENT CLST SYS HA5.1 S64LNX P CPU TIER 3 ESS A;20078508;;REW SF ENT CLST SYS HA5.1 S64LNX P CPU TIER 3 ESS A;REW SF ENT CLST SYS HA5.1 S64LNX P CPU TIER 3 ESS A;REW SF ENT CLST SYS HA5.1 S64LNX P CPU TIER 3 ESS A;REW SF ENT CLST SYS HA5.1 S64LNX P CPU TIER 3 ESS A;;;;79;;
1;3;2094;1;2177,9118;1770,66;REW SF ENT CLST SYS HA5.1 S64LNX P CPU TIER 3 ESS D;20078509;;REW SF ENT CLST SYS HA5.1 S64LNX P CPU TIER 3 ESS D;REW SF ENT CLST SYS HA5.1 S64LNX P CPU TIER 3 ESS D;REW SF ENT CLST SYS HA5.1 S64LNX P CPU TIER 3 ESS D;REW SF ENT CLST SYS HA5.1 S64LNX P CPU TIER 3 ESS D;;;;79;;
1;3;2094;1;1733,3775;1409,25;REW TSPP STO FND ENT CLST HA5.1 S64LNX T3 ESS 12M A;20078512;;REW TSPP STO FND ENT CLST HA5.1 S64LNX T3 ESS 12M A;REW TSPP STO FND ENT CLST HA5.1 S64LNX T3 ESS 12M A;REW TSPP STO FND ENT CLST HA5.1 S64LNX T3 ESS 12M A;REW TSPP STO FND ENT CLST HA5.1 S64LNX T3 ESS 12M A;;;;79;;
1;3;2094;1;1356,567;1102,9;REW TSPP STO FND ENT CLST HA5.1 S64LNX T3 BAS 12M A;20078513;;REW TSPP STO FND ENT CLST HA5.1 S64LNX T3 BAS 12M A;REW TSPP STO FND ENT CLST HA5.1 S64LNX T3 BAS 12M A;REW TSPP STO FND ENT CLST HA5.1 S64LNX T3 BAS 12M A;REW TSPP STO FND ENT CLST HA5.1 S64LNX T3 BAS 12M A;;;;79;;
1;3;2094;1;1254,8091;1020,17;REW TSPP STO FND ENT CLST HA5.1 S64LNX T3 BAS 12M E;20078514;;REW TSPP STO FND ENT CLST HA5.1 S64LNX T3 BAS 12M E;REW TSPP STO FND ENT CLST HA5.1 S64LNX T3 BAS 12M E;REW TSPP STO FND ENT CLST HA5.1 S64LNX T3 BAS 12M E;REW TSPP STO FND ENT CLST HA5.1 S64LNX T3 BAS 12M E;;;;79;;
1;3;2094;1;1074,5772;873,64;REW SF ENT CLST SYS HA5.1 S64LNX 3 XGD LIC SFEHA D;20078515;;REW SF ENT CLST SYS HA5.1 S64LNX 3 XGD LIC SFEHA D;REW SF ENT CLST SYS HA5.1 S64LNX 3 XGD LIC SFEHA D;REW SF ENT CLST SYS HA5.1 S64LNX 3 XGD LIC SFEHA D;REW SF ENT CLST SYS HA5.1 S64LNX 3 XGD LIC SFEHA D;;;;79;;
1;3;2094;1;1131,1203;919,61;EXP SF ENT CLST SYS HA5.1 S64LNX 3 XGD LIC SFEHA S;20078516;;EXP SF ENT CLST SYS HA5.1 S64LNX 3 XGD LIC SFEHA S;EXP SF ENT CLST SYS HA5.1 S64LNX 3 XGD LIC SFEHA S;EXP SF ENT CLST SYS HA5.1 S64LNX 3 XGD LIC SFEHA S;EXP SF ENT CLST SYS HA5.1 S64LNX 3 XGD LIC SFEHA S;;;;79;;
1;3;2094;1;508,6542;413,54;REW TSPP STO FND ENT CLST HA5.1 S64LNX T1 ESS 12M E;20078518;;REW TSPP STO FND ENT CLST HA5.1 S64LNX T1 ESS 12M E;REW TSPP STO FND ENT CLST HA5.1 S64LNX T1 ESS 12M E;REW TSPP STO FND ENT CLST HA5.1 S64LNX T1 ESS 12M E;REW TSPP STO FND ENT CLST HA5.1 S64LNX T1 ESS 12M E;;;;79;;
1;3;2094;1;549,9084;447,08;GOVTSPP STOR FND ENT CLST HA 5.1 S64LNX T1 ESS12M S;20078519;;GOVTSPP STOR FND ENT CLST HA 5.1 S64LNX T1 ESS12M S;GOVTSPP STOR FND ENT CLST HA 5.1 S64LNX T1 ESS12M S;GOVTSPP STOR FND ENT CLST HA 5.1 S64LNX T1 ESS12M S;GOVTSPP STOR FND ENT CLST HA 5.1 S64LNX T1 ESS12M S;;;;79;;
1;3;2094;1;408,8643;332,41;REW TSPP STO FND ENT CLST HA5.1 S64LNX T1 BAS 12M D;20078520;;REW TSPP STO FND ENT CLST HA5.1 S64LNX T1 BAS 12M D;REW TSPP STO FND ENT CLST HA5.1 S64LNX T1 BAS 12M D;REW TSPP STO FND ENT CLST HA5.1 S64LNX T1 BAS 12M D;REW TSPP STO FND ENT CLST HA5.1 S64LNX T1 BAS 12M D;;;;79;;
1;3;2094;1;1037,9847;843,89;GOV SF ENT CLST SYS HA5.1 S64LNX CPU T1LIC SFECFS S;20078521;;GOV SF ENT CLST SYS HA5.1 S64LNX CPU T1LIC SFECFS S;GOV SF ENT CLST SYS HA5.1 S64LNX CPU T1LIC SFECFS S;GOV SF ENT CLST SYS HA5.1 S64LNX CPU T1LIC SFECFS S;GOV SF ENT CLST SYS HA5.1 S64LNX CPU T1LIC SFECFS S;;;;79;;
1;3;2094;1;1037,9847;843,89;AE SF ENT CLST SYS HA 5.1 S64LNX CPU T1LIC SFECFS S;20078522;;AE SF ENT CLST SYS HA 5.1 S64LNX CPU T1LIC SFECFS S;AE SF ENT CLST SYS HA 5.1 S64LNX CPU T1LIC SFECFS S;AE SF ENT CLST SYS HA 5.1 S64LNX CPU T1LIC SFECFS S;AE SF ENT CLST SYS HA 5.1 S64LNX CPU T1LIC SFECFS S;;;;79;;
1;3;2094;1;1188,795;966,5;REW SF ENT CLST SYS HA5.1 S64LNX 1 XGD LIC SFSHA B;20078524;;REW SF ENT CLST SYS HA5.1 S64LNX 1 XGD LIC SFSHA B;REW SF ENT CLST SYS HA5.1 S64LNX 1 XGD LIC SFSHA B;REW SF ENT CLST SYS HA5.1 S64LNX 1 XGD LIC SFSHA B;REW SF ENT CLST SYS HA5.1 S64LNX 1 XGD LIC SFSHA B;;;;79;;
1;3;2094;1;1099,6323;894,01;REW SF ENT CLST SYS HA5.1 S64LNX 1 XGD LIC SFSHA E;20078525;;REW SF ENT CLST SYS HA5.1 S64LNX 1 XGD LIC SFSHA E;REW SF ENT CLST SYS HA5.1 S64LNX 1 XGD LIC SFSHA E;REW SF ENT CLST SYS HA5.1 S64LNX 1 XGD LIC SFSHA E;REW SF ENT CLST SYS HA5.1 S64LNX 1 XGD LIC SFSHA E;;;;79;;
1;3;2094;1;4165,2228;3386,36;REW SF ENT CLST SYS HA5.1 S64LNX P CPU TIER 2 LIC A;20078526;;REW SF ENT CLST SYS HA5.1 S64LNX P CPU TIER 2 LIC A;REW SF ENT CLST SYS HA5.1 S64LNX P CPU TIER 2 LIC A;REW SF ENT CLST SYS HA5.1 S64LNX P CPU TIER 2 LIC A;REW SF ENT CLST SYS HA5.1 S64LNX P CPU TIER 2 LIC A;;;;79;;
1;3;2094;1;4165,2228;3386,36;REW SF ENT CLST SYS HA5.1 S64LNX P CPU TIER 2 LIC B;20078527;;REW SF ENT CLST SYS HA5.1 S64LNX P CPU TIER 2 LIC B;REW SF ENT CLST SYS HA5.1 S64LNX P CPU TIER 2 LIC B;REW SF ENT CLST SYS HA5.1 S64LNX P CPU TIER 2 LIC B;REW SF ENT CLST SYS HA5.1 S64LNX P CPU TIER 2 LIC B;;;;79;;
1;3;2094;1;3956,9715;3217,05;REW SF ENT CLST SYS HA5.1 S64LNX P CPU TIER 2 LIC C;20078528;;REW SF ENT CLST SYS HA5.1 S64LNX P CPU TIER 2 LIC C;REW SF ENT CLST SYS HA5.1 S64LNX P CPU TIER 2 LIC C;REW SF ENT CLST SYS HA5.1 S64LNX P CPU TIER 2 LIC C;REW SF ENT CLST SYS HA5.1 S64LNX P CPU TIER 2 LIC C;;;;79;;
1;3;2094;1;727,299;591,3;GOV SF ENT CLST SYS HA5.1 S64LNX P CPU TIER 1 ESS S;20078529;;GOV SF ENT CLST SYS HA5.1 S64LNX P CPU TIER 1 ESS S;GOV SF ENT CLST SYS HA5.1 S64LNX P CPU TIER 1 ESS S;GOV SF ENT CLST SYS HA5.1 S64LNX P CPU TIER 1 ESS S;GOV SF ENT CLST SYS HA5.1 S64LNX P CPU TIER 1 ESS S;;;;79;;
1;3;2094;1;549,9084;447,08;REW TSPP STO FND ENT CLST HA5.1 S64LNX T1 ESS 12M A;20078531;;REW TSPP STO FND ENT CLST HA5.1 S64LNX T1 ESS 12M A;REW TSPP STO FND ENT CLST HA5.1 S64LNX T1 ESS 12M A;REW TSPP STO FND ENT CLST HA5.1 S64LNX T1 ESS 12M A;REW TSPP STO FND ENT CLST HA5.1 S64LNX T1 ESS 12M A;;;;79;;
1;3;2094;1;549,9084;447,08;REW TSPP STO FND ENT CLST HA5.1 S64LNX T1 ESS 12M B;20078532;;REW TSPP STO FND ENT CLST HA5.1 S64LNX T1 ESS 12M B;REW TSPP STO FND ENT CLST HA5.1 S64LNX T1 ESS 12M B;REW TSPP STO FND ENT CLST HA5.1 S64LNX T1 ESS 12M B;REW TSPP STO FND ENT CLST HA5.1 S64LNX T1 ESS 12M B;;;;79;;
1;3;2094;1;986,0787;801,69;REW SF ENT CLST SYS HA5.1 S64LNX 1 XGD LIC SFECFS D;20078535;;REW SF ENT CLST SYS HA5.1 S64LNX 1 XGD LIC SFECFS D;REW SF ENT CLST SYS HA5.1 S64LNX 1 XGD LIC SFECFS D;REW SF ENT CLST SYS HA5.1 S64LNX 1 XGD LIC SFECFS D;REW SF ENT CLST SYS HA5.1 S64LNX 1 XGD LIC SFECFS D;;;;79;;
1;3;2094;1;341,3373;277,51;REW SF ENT CLST SYS HA5.1 S64LNX 1 XGD LIC SFEHA D;20078536;;REW SF ENT CLST SYS HA5.1 S64LNX 1 XGD LIC SFEHA D;REW SF ENT CLST SYS HA5.1 S64LNX 1 XGD LIC SFEHA D;REW SF ENT CLST SYS HA5.1 S64LNX 1 XGD LIC SFEHA D;REW SF ENT CLST SYS HA5.1 S64LNX 1 XGD LIC SFEHA D;;;;79;;
1;3;2094;1;332,3583;270,21;REW SF ENT CLST SYS HA5.1 S64LNX 1 XGD LIC SFEHA E;20078537;;REW SF ENT CLST SYS HA5.1 S64LNX 1 XGD LIC SFEHA E;REW SF ENT CLST SYS HA5.1 S64LNX 1 XGD LIC SFEHA E;REW SF ENT CLST SYS HA5.1 S64LNX 1 XGD LIC SFEHA E;REW SF ENT CLST SYS HA5.1 S64LNX 1 XGD LIC SFEHA E;;;;79;;
1;3;2094;1;1188,795;966,5;GOV SF ENT CLST SYS HA5.1 S64LNX CPU T1 LIC SFSHA S;20078538;;GOV SF ENT CLST SYS HA5.1 S64LNX CPU T1 LIC SFSHA S;GOV SF ENT CLST SYS HA5.1 S64LNX CPU T1 LIC SFSHA S;GOV SF ENT CLST SYS HA5.1 S64LNX CPU T1 LIC SFSHA S;GOV SF ENT CLST SYS HA5.1 S64LNX CPU T1 LIC SFSHA S;;;;79;;
1;3;2094;1;3956,9715;3217,05;REW SF ENT CLST SYS HA5.1 S64LNX P CPU TIER 2 LIC D;20078539;;REW SF ENT CLST SYS HA5.1 S64LNX P CPU TIER 2 LIC D;REW SF ENT CLST SYS HA5.1 S64LNX P CPU TIER 2 LIC D;REW SF ENT CLST SYS HA5.1 S64LNX P CPU TIER 2 LIC D;REW SF ENT CLST SYS HA5.1 S64LNX P CPU TIER 2 LIC D;;;;79;;
1;3;2094;1;991,5891;806,17;AE SF ENT CLST SYS HA 5.1 S64LNX P CPU TIER 2 BAS S;20078540;;AE SF ENT CLST SYS HA 5.1 S64LNX P CPU TIER 2 BAS S;AE SF ENT CLST SYS HA 5.1 S64LNX P CPU TIER 2 BAS S;AE SF ENT CLST SYS HA 5.1 S64LNX P CPU TIER 2 BAS S;AE SF ENT CLST SYS HA 5.1 S64LNX P CPU TIER 2 BAS S;;;;79;;
1;3;2094;1;1172,0055;952,85;REW SF ENT CLST SYS HA5.1 S64LNX P CPU TIER 2 ESS E;20078541;;REW SF ENT CLST SYS HA5.1 S64LNX P CPU TIER 2 ESS E;REW SF ENT CLST SYS HA5.1 S64LNX P CPU TIER 2 ESS E;REW SF ENT CLST SYS HA5.1 S64LNX P CPU TIER 2 ESS E;REW SF ENT CLST SYS HA5.1 S64LNX P CPU TIER 2 ESS E;;;;79;;
1;3;2094;1;625,455;508,5;GOV SF ENT CLST SYS HA5.1 S64LNX CPU T2 LIC SFEHA S;20078548;;GOV SF ENT CLST SYS HA5.1 S64LNX CPU T2 LIC SFEHA S;GOV SF ENT CLST SYS HA5.1 S64LNX CPU T2 LIC SFEHA S;GOV SF ENT CLST SYS HA5.1 S64LNX CPU T2 LIC SFEHA S;GOV SF ENT CLST SYS HA5.1 S64LNX CPU T2 LIC SFEHA S;;;;79;;
1;3;2094;1;625,455;508,5;EXP SF ENT CLST SYS HA5.1 S64LNX 2 XGD LIC SFEHA S;20078549;;EXP SF ENT CLST SYS HA5.1 S64LNX 2 XGD LIC SFEHA S;EXP SF ENT CLST SYS HA5.1 S64LNX 2 XGD LIC SFEHA S;EXP SF ENT CLST SYS HA5.1 S64LNX 2 XGD LIC SFEHA S;EXP SF ENT CLST SYS HA5.1 S64LNX 2 XGD LIC SFEHA S;;;;79;;
1;3;2094;1;1903,8555;1547,85;REW SF ENT CLST SYS HA5.1 S64LNX 2 XGD LIC SFSHA E;20078550;;REW SF ENT CLST SYS HA5.1 S64LNX 2 XGD LIC SFSHA E;REW SF ENT CLST SYS HA5.1 S64LNX 2 XGD LIC SFSHA E;REW SF ENT CLST SYS HA5.1 S64LNX 2 XGD LIC SFSHA E;REW SF ENT CLST SYS HA5.1 S64LNX 2 XGD LIC SFSHA E;;;;79;;
1;3;2094;1;1267,0353;1030,11;AE SF ENT CLST SYS HA 5.1 S64LNX P CPU TIER 2 ESS S;20078551;;AE SF ENT CLST SYS HA 5.1 S64LNX P CPU TIER 2 ESS S;AE SF ENT CLST SYS HA 5.1 S64LNX P CPU TIER 2 ESS S;AE SF ENT CLST SYS HA 5.1 S64LNX P CPU TIER 2 ESS S;AE SF ENT CLST SYS HA 5.1 S64LNX P CPU TIER 2 ESS S;;;;79;;
1;3;2094;1;693,5109;563,83;REW TSPP STO FND ENT CLST HA5.1 S64LNX T2 BAS 12M E;20078554;;REW TSPP STO FND ENT CLST HA5.1 S64LNX T2 BAS 12M E;REW TSPP STO FND ENT CLST HA5.1 S64LNX T2 BAS 12M E;REW TSPP STO FND ENT CLST HA5.1 S64LNX T2 BAS 12M E;REW TSPP STO FND ENT CLST HA5.1 S64LNX T2 BAS 12M E;;;;79;;
1;3;2094;1;578,5428;470,36;REW SF ENT CLST SYS HA5.1 S64LNX 2 XGD LIC SFEHA E;20078556;;REW SF ENT CLST SYS HA5.1 S64LNX 2 XGD LIC SFEHA E;REW SF ENT CLST SYS HA5.1 S64LNX 2 XGD LIC SFEHA E;REW SF ENT CLST SYS HA5.1 S64LNX 2 XGD LIC SFEHA E;REW SF ENT CLST SYS HA5.1 S64LNX 2 XGD LIC SFEHA E;;;;79;;
1;3;2094;1;1955,3064;1589,68;REW SF ENT CLST SYS HA5.1 S64LNX 2 XGD LIC SFSHA C;20078557;;REW SF ENT CLST SYS HA5.1 S64LNX 2 XGD LIC SFSHA C;REW SF ENT CLST SYS HA5.1 S64LNX 2 XGD LIC SFSHA C;REW SF ENT CLST SYS HA5.1 S64LNX 2 XGD LIC SFSHA C;REW SF ENT CLST SYS HA5.1 S64LNX 2 XGD LIC SFSHA C;;;;79;;
1;3;2094;1;7159,6209;5820,83;REW SF ENT CLST SYS HA5.1 S64LNX P CPU TIER 3 LIC D;20078558;;REW SF ENT CLST SYS HA5.1 S64LNX P CPU TIER 3 LIC D;REW SF ENT CLST SYS HA5.1 S64LNX P CPU TIER 3 LIC D;REW SF ENT CLST SYS HA5.1 S64LNX P CPU TIER 3 LIC D;REW SF ENT CLST SYS HA5.1 S64LNX P CPU TIER 3 LIC D;;;;79;;
1;3;2094;1;1794,1518;1458,66;REW SF ENT CLST SYS HA5.1 S64LNX P CPU TIER 3 BAS B;20078559;;REW SF ENT CLST SYS HA5.1 S64LNX P CPU TIER 3 BAS B;REW SF ENT CLST SYS HA5.1 S64LNX P CPU TIER 3 BAS B;REW SF ENT CLST SYS HA5.1 S64LNX P CPU TIER 3 BAS B;REW SF ENT CLST SYS HA5.1 S64LNX P CPU TIER 3 BAS B;;;;79;;
1;3;2094;1;1794,1518;1458,66;EXP SF ENT CLST SYS HA5.1 S64LNX P CPU TIER 3 BAS S;20078560;;EXP SF ENT CLST SYS HA5.1 S64LNX P CPU TIER 3 BAS S;EXP SF ENT CLST SYS HA5.1 S64LNX P CPU TIER 3 BAS S;EXP SF ENT CLST SYS HA5.1 S64LNX P CPU TIER 3 BAS S;EXP SF ENT CLST SYS HA5.1 S64LNX P CPU TIER 3 BAS S;;;;79;;
1;3;2094;1;2292,5478;1863,86;EXP SF ENT CLST SYS HA5.1 S64LNX P CPU TIER 3 ESS S;20078561;;EXP SF ENT CLST SYS HA5.1 S64LNX P CPU TIER 3 ESS S;EXP SF ENT CLST SYS HA5.1 S64LNX P CPU TIER 3 ESS S;EXP SF ENT CLST SYS HA5.1 S64LNX P CPU TIER 3 ESS S;EXP SF ENT CLST SYS HA5.1 S64LNX P CPU TIER 3 ESS S;;;;79;;
1;3;2094;1;7536,4437;6127,19;REW SF ENT CLST SYS HA5.1 S64LNX P CPU TIER 3 LIC A;20078562;;REW SF ENT CLST SYS HA5.1 S64LNX P CPU TIER 3 LIC A;REW SF ENT CLST SYS HA5.1 S64LNX P CPU TIER 3 LIC A;REW SF ENT CLST SYS HA5.1 S64LNX P CPU TIER 3 LIC A;REW SF ENT CLST SYS HA5.1 S64LNX P CPU TIER 3 LIC A;;;;79;;
1;3;2094;1;1704,4602;1385,74;REW SF ENT CLST SYS HA5.1 S64LNX P CPU TIER 3 BAS C;20078563;;REW SF ENT CLST SYS HA5.1 S64LNX P CPU TIER 3 BAS C;REW SF ENT CLST SYS HA5.1 S64LNX P CPU TIER 3 BAS C;REW SF ENT CLST SYS HA5.1 S64LNX P CPU TIER 3 BAS C;REW SF ENT CLST SYS HA5.1 S64LNX P CPU TIER 3 BAS C;;;;79;;
1;3;2094;1;1794,1518;1458,66;AE SF ENT CLST SYS HA 5.1 S64LNX P CPU TIER 3 BAS S;20078564;;AE SF ENT CLST SYS HA 5.1 S64LNX P CPU TIER 3 BAS S;AE SF ENT CLST SYS HA 5.1 S64LNX P CPU TIER 3 BAS S;AE SF ENT CLST SYS HA 5.1 S64LNX P CPU TIER 3 BAS S;AE SF ENT CLST SYS HA 5.1 S64LNX P CPU TIER 3 BAS S;;;;79;;
1;3;2094;1;1733,3775;1409,25;REW TSPP STO FND ENT CLST HA5.1 S64LNX T3 ESS 12M B;20078568;;REW TSPP STO FND ENT CLST HA5.1 S64LNX T3 ESS 12M B;REW TSPP STO FND ENT CLST HA5.1 S64LNX T3 ESS 12M B;REW TSPP STO FND ENT CLST HA5.1 S64LNX T3 ESS 12M B;REW TSPP STO FND ENT CLST HA5.1 S64LNX T3 ESS 12M B;;;;79;;
1;3;2094;1;1646,724;1338,8;REW TSPP STO FND ENT CLST HA5.1 S64LNX T3 ESS 12M D;20078569;;REW TSPP STO FND ENT CLST HA5.1 S64LNX T3 ESS 12M D;REW TSPP STO FND ENT CLST HA5.1 S64LNX T3 ESS 12M D;REW TSPP STO FND ENT CLST HA5.1 S64LNX T3 ESS 12M D;REW TSPP STO FND ENT CLST HA5.1 S64LNX T3 ESS 12M D;;;;79;;
1;3;2094;1;3770,4297;3065,39;REW SF ENT CLST SYS HA5.1 S64LNX 3 XGD LIC SFSHA A;20078571;;REW SF ENT CLST SYS HA5.1 S64LNX 3 XGD LIC SFSHA A;REW SF ENT CLST SYS HA5.1 S64LNX 3 XGD LIC SFSHA A;REW SF ENT CLST SYS HA5.1 S64LNX 3 XGD LIC SFSHA A;REW SF ENT CLST SYS HA5.1 S64LNX 3 XGD LIC SFSHA A;;;;79;;
1;3;2094;1;3770,4297;3065,39;GOV SF ENT CLST SYS HA5.1 S64LNX CPU T3 LIC SFSHA S;20078572;;GOV SF ENT CLST SYS HA5.1 S64LNX CPU T3 LIC SFSHA S;GOV SF ENT CLST SYS HA5.1 S64LNX CPU T3 LIC SFSHA S;GOV SF ENT CLST SYS HA5.1 S64LNX CPU T3 LIC SFSHA S;GOV SF ENT CLST SYS HA5.1 S64LNX CPU T3 LIC SFSHA S;;;;79;;
1;3;2094;1;1733,3775;1409,25;AE TSPP SF ENT CLST SYS HA 5.1 S64LNX T3 ESS12M S;20078573;;AE TSPP SF ENT CLST SYS HA 5.1 S64LNX T3 ESS12M S;AE TSPP SF ENT CLST SYS HA 5.1 S64LNX T3 ESS12M S;AE TSPP SF ENT CLST SYS HA 5.1 S64LNX T3 ESS12M S;AE TSPP SF ENT CLST SYS HA 5.1 S64LNX T3 ESS12M S;;;;79;;
1;3;2094;1;3317,9865;2697,55;REW SF ENT CLST SYS HA5.1 S64LNX 3 XGD LIC SFECFS B;20078577;;REW SF ENT CLST SYS HA5.1 S64LNX 3 XGD LIC SFECFS B;REW SF ENT CLST SYS HA5.1 S64LNX 3 XGD LIC SFECFS B;REW SF ENT CLST SYS HA5.1 S64LNX 3 XGD LIC SFECFS B;REW SF ENT CLST SYS HA5.1 S64LNX 3 XGD LIC SFECFS B;;;;79;;
1;3;2094;1;3152,0841;2562,67;REW SF ENT CLST SYS HA5.1 S64LNX 3 XGD LIC SFECFS D;20078578;;REW SF ENT CLST SYS HA5.1 S64LNX 3 XGD LIC SFECFS D;REW SF ENT CLST SYS HA5.1 S64LNX 3 XGD LIC SFECFS D;REW SF ENT CLST SYS HA5.1 S64LNX 3 XGD LIC SFECFS D;REW SF ENT CLST SYS HA5.1 S64LNX 3 XGD LIC SFECFS D;;;;79;;
1;3;2094;1;3317,9865;2697,55;EXP SF ENT CLST SYS HA5.1 S64LNX 3 XGD LIC SFECFS S;20078579;;EXP SF ENT CLST SYS HA5.1 S64LNX 3 XGD LIC SFECFS S;EXP SF ENT CLST SYS HA5.1 S64LNX 3 XGD LIC SFECFS S;EXP SF ENT CLST SYS HA5.1 S64LNX 3 XGD LIC SFECFS S;EXP SF ENT CLST SYS HA5.1 S64LNX 3 XGD LIC SFECFS S;;;;79;;
1;3;2094;1;3770,4297;3065,39;AE SF ENT CLST SYS HA 5.1 S64LNX CPU T3 LIC SFSHA S;20078580;;AE SF ENT CLST SYS HA 5.1 S64LNX CPU T3 LIC SFSHA S;AE SF ENT CLST SYS HA 5.1 S64LNX CPU T3 LIC SFSHA S;AE SF ENT CLST SYS HA 5.1 S64LNX CPU T3 LIC SFSHA S;AE SF ENT CLST SYS HA 5.1 S64LNX CPU T3 LIC SFSHA S;;;;79;;
1;3;2094;1;2390,8986;1943,82;REW SF ENT CLST SYS HA5.1 S64LNX P CPU TIER 1 LIC B;20078582;;REW SF ENT CLST SYS HA5.1 S64LNX P CPU TIER 1 LIC B;REW SF ENT CLST SYS HA5.1 S64LNX P CPU TIER 1 LIC B;REW SF ENT CLST SYS HA5.1 S64LNX P CPU TIER 1 LIC B;REW SF ENT CLST SYS HA5.1 S64LNX P CPU TIER 1 LIC B;;;;79;;
1;3;2094;1;540,7326;439,62;REW SF ENT CLST SYS HA5.1 S64LNX P CPU TIER 1 BAS D;20078583;;REW SF ENT CLST SYS HA5.1 S64LNX P CPU TIER 1 BAS D;REW SF ENT CLST SYS HA5.1 S64LNX P CPU TIER 1 BAS D;REW SF ENT CLST SYS HA5.1 S64LNX P CPU TIER 1 BAS D;REW SF ENT CLST SYS HA5.1 S64LNX P CPU TIER 1 BAS D;;;;79;;
1;3;2094;1;2390,8986;1943,82;GOV SF ENT CLST SYS HA5.1 S64LNX P CPU TIER 1 LIC S;20078584;;GOV SF ENT CLST SYS HA5.1 S64LNX P CPU TIER 1 LIC S;GOV SF ENT CLST SYS HA5.1 S64LNX P CPU TIER 1 LIC S;GOV SF ENT CLST SYS HA5.1 S64LNX P CPU TIER 1 LIC S;GOV SF ENT CLST SYS HA5.1 S64LNX P CPU TIER 1 LIC S;;;;79;;
1;3;2094;1;727,299;591,3;REW SF ENT CLST SYS HA5.1 S64LNX P CPU TIER 1 ESS A;20078585;;REW SF ENT CLST SYS HA5.1 S64LNX P CPU TIER 1 ESS A;REW SF ENT CLST SYS HA5.1 S64LNX P CPU TIER 1 ESS A;REW SF ENT CLST SYS HA5.1 S64LNX P CPU TIER 1 ESS A;REW SF ENT CLST SYS HA5.1 S64LNX P CPU TIER 1 ESS A;;;;79;;
1;3;2094;1;672,7485;546,95;REW SF ENT CLST SYS HA5.1 S64LNX P CPU TIER 1 ESS E;20078586;;REW SF ENT CLST SYS HA5.1 S64LNX P CPU TIER 1 ESS E;REW SF ENT CLST SYS HA5.1 S64LNX P CPU TIER 1 ESS E;REW SF ENT CLST SYS HA5.1 S64LNX P CPU TIER 1 ESS E;REW SF ENT CLST SYS HA5.1 S64LNX P CPU TIER 1 ESS E;;;;79;;
1;3;2094;1;727,299;591,3;AE SF ENT CLST SYS HA 5.1 S64LNX P CPU TIER 1 ESS S;20078587;;AE SF ENT CLST SYS HA 5.1 S64LNX P CPU TIER 1 ESS S;AE SF ENT CLST SYS HA 5.1 S64LNX P CPU TIER 1 ESS S;AE SF ENT CLST SYS HA 5.1 S64LNX P CPU TIER 1 ESS S;AE SF ENT CLST SYS HA 5.1 S64LNX P CPU TIER 1 ESS S;;;;79;;
1;3;2094;1;408,8643;332,41;REW TSPP STO FND ENT CLST HA5.1 S64LNX T1 BAS 12M C;20078590;;REW TSPP STO FND ENT CLST HA5.1 S64LNX T1 BAS 12M C;REW TSPP STO FND ENT CLST HA5.1 S64LNX T1 BAS 12M C;REW TSPP STO FND ENT CLST HA5.1 S64LNX T1 BAS 12M C;REW TSPP STO FND ENT CLST HA5.1 S64LNX T1 BAS 12M C;;;;79;;
1;3;2094;1;960,138;780,6;REW SF ENT CLST SYS HA5.1 S64LNX 1 XGD LIC SFECFS E;20078592;;REW SF ENT CLST SYS HA5.1 S64LNX 1 XGD LIC SFECFS E;REW SF ENT CLST SYS HA5.1 S64LNX 1 XGD LIC SFECFS E;REW SF ENT CLST SYS HA5.1 S64LNX 1 XGD LIC SFECFS E;REW SF ENT CLST SYS HA5.1 S64LNX 1 XGD LIC SFECFS E;;;;79;;
1;3;2094;1;359,2953;292,11;GOV SF ENT CLST SYS HA5.1 S64LNX CPU T1 LIC SFEHA S;20078593;;GOV SF ENT CLST SYS HA5.1 S64LNX CPU T1 LIC SFEHA S;GOV SF ENT CLST SYS HA5.1 S64LNX CPU T1 LIC SFEHA S;GOV SF ENT CLST SYS HA5.1 S64LNX CPU T1 LIC SFEHA S;GOV SF ENT CLST SYS HA5.1 S64LNX CPU T1 LIC SFEHA S;;;;79;;
1;3;2094;1;2390,8986;1943,82;REW SF ENT CLST SYS HA5.1 S64LNX P CPU TIER 1 LIC A;20078594;;REW SF ENT CLST SYS HA5.1 S64LNX P CPU TIER 1 LIC A;REW SF ENT CLST SYS HA5.1 S64LNX P CPU TIER 1 LIC A;REW SF ENT CLST SYS HA5.1 S64LNX P CPU TIER 1 LIC A;REW SF ENT CLST SYS HA5.1 S64LNX P CPU TIER 1 LIC A;;;;79;;
1;3;2094;1;526,4892;428,04;REW SF ENT CLST SYS HA5.1 S64LNX P CPU TIER 1 BAS E;20078595;;REW SF ENT CLST SYS HA5.1 S64LNX P CPU TIER 1 BAS E;REW SF ENT CLST SYS HA5.1 S64LNX P CPU TIER 1 BAS E;REW SF ENT CLST SYS HA5.1 S64LNX P CPU TIER 1 BAS E;REW SF ENT CLST SYS HA5.1 S64LNX P CPU TIER 1 BAS E;;;;79;;
1;3;2094;1;569,1825;462,75;AE SF ENT CLST SYS HA 5.1 S64LNX P CPU TIER 1 BAS S;20078596;;AE SF ENT CLST SYS HA 5.1 S64LNX P CPU TIER 1 BAS S;AE SF ENT CLST SYS HA 5.1 S64LNX P CPU TIER 1 BAS S;AE SF ENT CLST SYS HA 5.1 S64LNX P CPU TIER 1 BAS S;AE SF ENT CLST SYS HA 5.1 S64LNX P CPU TIER 1 BAS S;;;;79;;
1;3;2094;1;727,299;591,3;REW SF ENT CLST SYS HA5.1 S64LNX P CPU TIER 1 ESS B;20078597;;REW SF ENT CLST SYS HA5.1 S64LNX P CPU TIER 1 ESS B;REW SF ENT CLST SYS HA5.1 S64LNX P CPU TIER 1 ESS B;REW SF ENT CLST SYS HA5.1 S64LNX P CPU TIER 1 ESS B;REW SF ENT CLST SYS HA5.1 S64LNX P CPU TIER 1 ESS B;;;;79;;
1;3;2094;1;727,299;591,3;EXP SF ENT CLST SYS HA5.1 S64LNX P CPU TIER 1 ESS S;20078598;;EXP SF ENT CLST SYS HA5.1 S64LNX P CPU TIER 1 ESS S;EXP SF ENT CLST SYS HA5.1 S64LNX P CPU TIER 1 ESS S;EXP SF ENT CLST SYS HA5.1 S64LNX P CPU TIER 1 ESS S;EXP SF ENT CLST SYS HA5.1 S64LNX P CPU TIER 1 ESS S;;;;79;;
1;3;2094;1;549,9084;447,08;EXPTSPP STOR FND ENT CLST HA5.1 S64LNX T1 ESS 12M S;20078599;;EXPTSPP STOR FND ENT CLST HA5.1 S64LNX T1 ESS 12M S;EXPTSPP STOR FND ENT CLST HA5.1 S64LNX T1 ESS 12M S;EXPTSPP STOR FND ENT CLST HA5.1 S64LNX T1 ESS 12M S;EXPTSPP STOR FND ENT CLST HA5.1 S64LNX T1 ESS 12M S;;;;79;;
1;3;2094;1;359,2953;292,11;REW SF ENT CLST SYS HA5.1 S64LNX 1 XGD LIC SFEHA A;20078601;;REW SF ENT CLST SYS HA5.1 S64LNX 1 XGD LIC SFEHA A;REW SF ENT CLST SYS HA5.1 S64LNX 1 XGD LIC SFEHA A;REW SF ENT CLST SYS HA5.1 S64LNX 1 XGD LIC SFEHA A;REW SF ENT CLST SYS HA5.1 S64LNX 1 XGD LIC SFEHA A;;;;79;;
1;3;2094;1;942,0201;765,87;REW SF ENT CLST SYS HA5.1 S64LNX P CPU TIER 2 BAS C;20078603;;REW SF ENT CLST SYS HA5.1 S64LNX P CPU TIER 2 BAS C;REW SF ENT CLST SYS HA5.1 S64LNX P CPU TIER 2 BAS C;REW SF ENT CLST SYS HA5.1 S64LNX P CPU TIER 2 BAS C;REW SF ENT CLST SYS HA5.1 S64LNX P CPU TIER 2 BAS C;;;;79;;
1;3;2094;1;991,5891;806,17;GOV SF ENT CLST SYS HA5.1 S64LNX P CPU TIER 2 BAS S;20078604;;GOV SF ENT CLST SYS HA5.1 S64LNX P CPU TIER 2 BAS S;GOV SF ENT CLST SYS HA5.1 S64LNX P CPU TIER 2 BAS S;GOV SF ENT CLST SYS HA5.1 S64LNX P CPU TIER 2 BAS S;GOV SF ENT CLST SYS HA5.1 S64LNX P CPU TIER 2 BAS S;;;;79;;
1;3;2094;1;991,5891;806,17;EXP SF ENT CLST SYS HA5.1 S64LNX P CPU TIER 2 BAS S;20078605;;EXP SF ENT CLST SYS HA5.1 S64LNX P CPU TIER 2 BAS S;EXP SF ENT CLST SYS HA5.1 S64LNX P CPU TIER 2 BAS S;EXP SF ENT CLST SYS HA5.1 S64LNX P CPU TIER 2 BAS S;EXP SF ENT CLST SYS HA5.1 S64LNX P CPU TIER 2 BAS S;;;;79;;
1;3;2094;1;1129,3491;918,17;REW SF ENT CLST SYS HA5.1 S64LNX 1 XGD LIC SFSHA D;20078606;;REW SF ENT CLST SYS HA5.1 S64LNX 1 XGD LIC SFSHA D;REW SF ENT CLST SYS HA5.1 S64LNX 1 XGD LIC SFSHA D;REW SF ENT CLST SYS HA5.1 S64LNX 1 XGD LIC SFSHA D;REW SF ENT CLST SYS HA5.1 S64LNX 1 XGD LIC SFSHA D;;;;79;;
1;3;2094;1;1188,795;966,5;EXP SF ENT CLST SYS HA5.1 S64LNX 1 XGD LIC SFSHA S;20078607;;EXP SF ENT CLST SYS HA5.1 S64LNX 1 XGD LIC SFSHA S;EXP SF ENT CLST SYS HA5.1 S64LNX 1 XGD LIC SFSHA S;EXP SF ENT CLST SYS HA5.1 S64LNX 1 XGD LIC SFSHA S;EXP SF ENT CLST SYS HA5.1 S64LNX 1 XGD LIC SFSHA S;;;;79;;
1;3;2094;1;991,5891;806,17;REW SF ENT CLST SYS HA5.1 S64LNX P CPU TIER 2 BAS B;20078608;;REW SF ENT CLST SYS HA5.1 S64LNX P CPU TIER 2 BAS B;REW SF ENT CLST SYS HA5.1 S64LNX P CPU TIER 2 BAS B;REW SF ENT CLST SYS HA5.1 S64LNX P CPU TIER 2 BAS B;REW SF ENT CLST SYS HA5.1 S64LNX P CPU TIER 2 BAS B;;;;79;;
1;3;2094;1;1267,0353;1030,11;EXP SF ENT CLST SYS HA5.1 S64LNX P CPU TIER 2 ESS S;20078609;;EXP SF ENT CLST SYS HA5.1 S64LNX P CPU TIER 2 ESS S;EXP SF ENT CLST SYS HA5.1 S64LNX P CPU TIER 2 ESS S;EXP SF ENT CLST SYS HA5.1 S64LNX P CPU TIER 2 ESS S;EXP SF ENT CLST SYS HA5.1 S64LNX P CPU TIER 2 ESS S;;;;79;;
1;3;2094;1;749,7342;609,54;REW TSPP STO FND ENT CLST HA5.1 S64LNX T2 BAS 12M B;20078611;;REW TSPP STO FND ENT CLST HA5.1 S64LNX T2 BAS 12M B;REW TSPP STO FND ENT CLST HA5.1 S64LNX T2 BAS 12M B;REW TSPP STO FND ENT CLST HA5.1 S64LNX T2 BAS 12M B;REW TSPP STO FND ENT CLST HA5.1 S64LNX T2 BAS 12M B;;;;79;;
1;3;2094;1;749,7342;609,54;AE TSPP SF ENT CLST SYS HA 5.1 S64LNX T2 BAS12M S;20078612;;AE TSPP SF ENT CLST SYS HA 5.1 S64LNX T2 BAS12M S;AE TSPP SF ENT CLST SYS HA 5.1 S64LNX T2 BAS12M S;AE TSPP SF ENT CLST SYS HA 5.1 S64LNX T2 BAS12M S;AE TSPP SF ENT CLST SYS HA 5.1 S64LNX T2 BAS12M S;;;;79;;
1;3;2094;1;1831,9866;1489,42;GOV SF ENT CLST SYS HA5.1 S64LNX CPU T2LIC SFECFS S;20078614;;GOV SF ENT CLST SYS HA5.1 S64LNX CPU T2LIC SFECFS S;GOV SF ENT CLST SYS HA5.1 S64LNX CPU T2LIC SFECFS S;GOV SF ENT CLST SYS HA5.1 S64LNX CPU T2LIC SFECFS S;GOV SF ENT CLST SYS HA5.1 S64LNX CPU T2LIC SFECFS S;;;;79;;
1;3;2094;1;625,455;508,5;REW SF ENT CLST SYS HA5.1 S64LNX 2 XGD LIC SFEHA B;20078615;;REW SF ENT CLST SYS HA5.1 S64LNX 2 XGD LIC SFEHA B;REW SF ENT CLST SYS HA5.1 S64LNX 2 XGD LIC SFEHA B;REW SF ENT CLST SYS HA5.1 S64LNX 2 XGD LIC SFEHA B;REW SF ENT CLST SYS HA5.1 S64LNX 2 XGD LIC SFEHA B;;;;79;;
1;3;2094;1;594,1761;483,07;REW SF ENT CLST SYS HA5.1 S64LNX 2 XGD LIC SFEHA D;20078616;;REW SF ENT CLST SYS HA5.1 S64LNX 2 XGD LIC SFEHA D;REW SF ENT CLST SYS HA5.1 S64LNX 2 XGD LIC SFEHA D;REW SF ENT CLST SYS HA5.1 S64LNX 2 XGD LIC SFEHA D;REW SF ENT CLST SYS HA5.1 S64LNX 2 XGD LIC SFEHA D;;;;79;;
1;3;2094;1;1267,0353;1030,11;REW SF ENT CLST SYS HA5.1 S64LNX P CPU TIER 2 ESS A;20078617;;REW SF ENT CLST SYS HA5.1 S64LNX P CPU TIER 2 ESS A;REW SF ENT CLST SYS HA5.1 S64LNX P CPU TIER 2 ESS A;REW SF ENT CLST SYS HA5.1 S64LNX P CPU TIER 2 ESS A;REW SF ENT CLST SYS HA5.1 S64LNX P CPU TIER 2 ESS A;;;;79;;
1;3;2094;1;957,9978;778,86;REW TSPP STO FND ENT CLST HA5.1 S64LNX T2 ESS 12M A;20078619;;REW TSPP STO FND ENT CLST HA5.1 S64LNX T2 ESS 12M A;REW TSPP STO FND ENT CLST HA5.1 S64LNX T2 ESS 12M A;REW TSPP STO FND ENT CLST HA5.1 S64LNX T2 ESS 12M A;REW TSPP STO FND ENT CLST HA5.1 S64LNX T2 ESS 12M A;;;;79;;
1;3;2094;1;957,9978;778,86;EXPTSPP STOR FND ENT CLST HA5.1 S64LNX T2 ESS 12M S;20078620;;EXPTSPP STOR FND ENT CLST HA5.1 S64LNX T2 ESS 12M S;EXPTSPP STOR FND ENT CLST HA5.1 S64LNX T2 ESS 12M S;EXPTSPP STOR FND ENT CLST HA5.1 S64LNX T2 ESS 12M S;EXPTSPP STOR FND ENT CLST HA5.1 S64LNX T2 ESS 12M S;;;;79;;
1;3;2094;1;749,7342;609,54;REW TSPP STO FND ENT CLST HA5.1 S64LNX T2 BAS 12M A;20078621;;REW TSPP STO FND ENT CLST HA5.1 S64LNX T2 BAS 12M A;REW TSPP STO FND ENT CLST HA5.1 S64LNX T2 BAS 12M A;REW TSPP STO FND ENT CLST HA5.1 S64LNX T2 BAS 12M A;REW TSPP STO FND ENT CLST HA5.1 S64LNX T2 BAS 12M A;;;;79;;
1;3;2094;1;1831,9866;1489,42;REW SF ENT CLST SYS HA5.1 S64LNX 2 XGD LIC SFECFS A;20078623;;REW SF ENT CLST SYS HA5.1 S64LNX 2 XGD LIC SFECFS A;REW SF ENT CLST SYS HA5.1 S64LNX 2 XGD LIC SFECFS A;REW SF ENT CLST SYS HA5.1 S64LNX 2 XGD LIC SFECFS A;REW SF ENT CLST SYS HA5.1 S64LNX 2 XGD LIC SFECFS A;;;;79;;
1;3;2094;1;1740,4008;1414,96;REW SF ENT CLST SYS HA5.1 S64LNX 2 XGD LIC SFECFS C;20078624;;REW SF ENT CLST SYS HA5.1 S64LNX 2 XGD LIC SFECFS C;REW SF ENT CLST SYS HA5.1 S64LNX 2 XGD LIC SFECFS C;REW SF ENT CLST SYS HA5.1 S64LNX 2 XGD LIC SFECFS C;REW SF ENT CLST SYS HA5.1 S64LNX 2 XGD LIC SFECFS C;;;;79;;
1;3;2094;1;1646,724;1338,8;REW TSPP STO FND ENT CLST HA5.1 S64LNX T3 ESS 12M C;20078627;;REW TSPP STO FND ENT CLST HA5.1 S64LNX T3 ESS 12M C;REW TSPP STO FND ENT CLST HA5.1 S64LNX T3 ESS 12M C;REW TSPP STO FND ENT CLST HA5.1 S64LNX T3 ESS 12M C;REW TSPP STO FND ENT CLST HA5.1 S64LNX T3 ESS 12M C;;;;79;;
1;3;2094;1;7159,6209;5820,83;REW SF ENT CLST SYS HA5.1 S64LNX P CPU TIER 3 LIC C;20078628;;REW SF ENT CLST SYS HA5.1 S64LNX P CPU TIER 3 LIC C;REW SF ENT CLST SYS HA5.1 S64LNX P CPU TIER 3 LIC C;REW SF ENT CLST SYS HA5.1 S64LNX P CPU TIER 3 LIC C;REW SF ENT CLST SYS HA5.1 S64LNX P CPU TIER 3 LIC C;;;;79;;
1;3;2094;1;7536,4437;6127,19;EXP SF ENT CLST SYS HA5.1 S64LNX P CPU TIER 3 LIC S;20078629;;EXP SF ENT CLST SYS HA5.1 S64LNX P CPU TIER 3 LIC S;EXP SF ENT CLST SYS HA5.1 S64LNX P CPU TIER 3 LIC S;EXP SF ENT CLST SYS HA5.1 S64LNX P CPU TIER 3 LIC S;EXP SF ENT CLST SYS HA5.1 S64LNX P CPU TIER 3 LIC S;;;;79;;
1;3;2094;1;2292,5478;1863,86;REW SF ENT CLST SYS HA5.1 S64LNX P CPU TIER 3 ESS B;20078630;;REW SF ENT CLST SYS HA5.1 S64LNX P CPU TIER 3 ESS B;REW SF ENT CLST SYS HA5.1 S64LNX P CPU TIER 3 ESS B;REW SF ENT CLST SYS HA5.1 S64LNX P CPU TIER 3 ESS B;REW SF ENT CLST SYS HA5.1 S64LNX P CPU TIER 3 ESS B;;;;79;;
1;3;2094;1;1733,3775;1409,25;EXPTSPP STOR FND ENT CLST HA5.1 S64LNX T3 ESS 12M S;20078634;;EXPTSPP STOR FND ENT CLST HA5.1 S64LNX T3 ESS 12M S;EXPTSPP STOR FND ENT CLST HA5.1 S64LNX T3 ESS 12M S;EXPTSPP STOR FND ENT CLST HA5.1 S64LNX T3 ESS 12M S;EXPTSPP STOR FND ENT CLST HA5.1 S64LNX T3 ESS 12M S;;;;79;;
1;3;2094;1;1356,567;1102,9;REW TSPP STO FND ENT CLST HA5.1 S64LNX T3 BAS 12M B;20078636;;REW TSPP STO FND ENT CLST HA5.1 S64LNX T3 BAS 12M B;REW TSPP STO FND ENT CLST HA5.1 S64LNX T3 BAS 12M B;REW TSPP STO FND ENT CLST HA5.1 S64LNX T3 BAS 12M B;REW TSPP STO FND ENT CLST HA5.1 S64LNX T3 BAS 12M B;;;;79;;
1;3;2094;1;1288,7202;1047,74;REW TSPP STO FND ENT CLST HA5.1 S64LNX T3 BAS 12M D;20078639;;REW TSPP STO FND ENT CLST HA5.1 S64LNX T3 BAS 12M D;REW TSPP STO FND ENT CLST HA5.1 S64LNX T3 BAS 12M D;REW TSPP STO FND ENT CLST HA5.1 S64LNX T3 BAS 12M D;REW TSPP STO FND ENT CLST HA5.1 S64LNX T3 BAS 12M D;;;;79;;
1;3;2094;1;1356,567;1102,9;AE TSPP SF ENT CLST SYS HA 5.1 S64LNX T3 BAS12M S;20078640;;AE TSPP SF ENT CLST SYS HA 5.1 S64LNX T3 BAS12M S;AE TSPP SF ENT CLST SYS HA 5.1 S64LNX T3 BAS12M S;AE TSPP SF ENT CLST SYS HA 5.1 S64LNX T3 BAS12M S;AE TSPP SF ENT CLST SYS HA 5.1 S64LNX T3 BAS12M S;;;;79;;
1;3;2094;1;3317,9865;2697,55;REW SF ENT CLST SYS HA5.1 S64LNX 3 XGD LIC SFECFS A;20078642;;REW SF ENT CLST SYS HA5.1 S64LNX 3 XGD LIC SFECFS A;REW SF ENT CLST SYS HA5.1 S64LNX 3 XGD LIC SFECFS A;REW SF ENT CLST SYS HA5.1 S64LNX 3 XGD LIC SFECFS A;REW SF ENT CLST SYS HA5.1 S64LNX 3 XGD LIC SFECFS A;;;;79;;
1;3;2094;1;3069,1452;2495,24;REW SF ENT CLST SYS HA5.1 S64LNX 3 XGD LIC SFECFS E;20078643;;REW SF ENT CLST SYS HA5.1 S64LNX 3 XGD LIC SFECFS E;REW SF ENT CLST SYS HA5.1 S64LNX 3 XGD LIC SFECFS E;REW SF ENT CLST SYS HA5.1 S64LNX 3 XGD LIC SFECFS E;REW SF ENT CLST SYS HA5.1 S64LNX 3 XGD LIC SFECFS E;;;;79;;
1;3;2094;1;3487,665;2835,5;REW SF ENT CLST SYS HA5.1 S64LNX 3 XGD LIC SFSHA E;20078644;;REW SF ENT CLST SYS HA5.1 S64LNX 3 XGD LIC SFSHA E;REW SF ENT CLST SYS HA5.1 S64LNX 3 XGD LIC SFSHA E;REW SF ENT CLST SYS HA5.1 S64LNX 3 XGD LIC SFSHA E;REW SF ENT CLST SYS HA5.1 S64LNX 3 XGD LIC SFSHA E;;;;79;;
1;3;2094;1;3770,4297;3065,39;EXP SF ENT CLST SYS HA5.1 S64LNX 3 XGD LIC SFSHA S;20078645;;EXP SF ENT CLST SYS HA5.1 S64LNX 3 XGD LIC SFSHA S;EXP SF ENT CLST SYS HA5.1 S64LNX 3 XGD LIC SFSHA S;EXP SF ENT CLST SYS HA5.1 S64LNX 3 XGD LIC SFSHA S;EXP SF ENT CLST SYS HA5.1 S64LNX 3 XGD LIC SFSHA S;;;;79;;
1;3;2094;1;1131,1203;919,61;REW SF ENT CLST SYS HA5.1 S64LNX 3 XGD LIC SFEHA B;20078646;;REW SF ENT CLST SYS HA5.1 S64LNX 3 XGD LIC SFEHA B;REW SF ENT CLST SYS HA5.1 S64LNX 3 XGD LIC SFEHA B;REW SF ENT CLST SYS HA5.1 S64LNX 3 XGD LIC SFEHA B;REW SF ENT CLST SYS HA5.1 S64LNX 3 XGD LIC SFEHA B;;;;79;;
1;3;2094;1;3770,4297;3065,39;REW SF ENT CLST SYS HA5.1 S64LNX 3 XGD LIC SFSHA B;20078647;;REW SF ENT CLST SYS HA5.1 S64LNX 3 XGD LIC SFSHA B;REW SF ENT CLST SYS HA5.1 S64LNX 3 XGD LIC SFSHA B;REW SF ENT CLST SYS HA5.1 S64LNX 3 XGD LIC SFSHA B;REW SF ENT CLST SYS HA5.1 S64LNX 3 XGD LIC SFSHA B;;;;79;;
1;3;2094;1;3581,9076;2912,12;REW SF ENT CLST SYS HA5.1 S64LNX 3 XGD LIC SFSHA C;20078648;;REW SF ENT CLST SYS HA5.1 S64LNX 3 XGD LIC SFSHA C;REW SF ENT CLST SYS HA5.1 S64LNX 3 XGD LIC SFSHA C;REW SF ENT CLST SYS HA5.1 S64LNX 3 XGD LIC SFSHA C;REW SF ENT CLST SYS HA5.1 S64LNX 3 XGD LIC SFSHA C;;;;79;;
1;3;2094;1;3581,9076;2912,12;REW SF ENT CLST SYS HA5.1 S64LNX 3 XGD LIC SFSHA D;20078649;;REW SF ENT CLST SYS HA5.1 S64LNX 3 XGD LIC SFSHA D;REW SF ENT CLST SYS HA5.1 S64LNX 3 XGD LIC SFSHA D;REW SF ENT CLST SYS HA5.1 S64LNX 3 XGD LIC SFSHA D;REW SF ENT CLST SYS HA5.1 S64LNX 3 XGD LIC SFSHA D;;;;79;;
1;3;2094;1;2271,3672;1846,64;REW SF ENT CLST SYS HA5.1 S64LNX P CPU TIER 1 LIC D;20078650;;REW SF ENT CLST SYS HA5.1 S64LNX P CPU TIER 1 LIC D;REW SF ENT CLST SYS HA5.1 S64LNX P CPU TIER 1 LIC D;REW SF ENT CLST SYS HA5.1 S64LNX P CPU TIER 1 LIC D;REW SF ENT CLST SYS HA5.1 S64LNX P CPU TIER 1 LIC D;;;;79;;
1;3;2094;1;2390,8986;1943,82;EXP SF ENT CLST SYS HA5.1 S64LNX P CPU TIER 1 LIC S;20078651;;EXP SF ENT CLST SYS HA5.1 S64LNX P CPU TIER 1 LIC S;EXP SF ENT CLST SYS HA5.1 S64LNX P CPU TIER 1 LIC S;EXP SF ENT CLST SYS HA5.1 S64LNX P CPU TIER 1 LIC S;EXP SF ENT CLST SYS HA5.1 S64LNX P CPU TIER 1 LIC S;;;;79;;
1;3;2094;1;430,3647;349,89;REW TSPP STO FND ENT CLST HA5.1 S64LNX T1 BAS 12M A;20078654;;REW TSPP STO FND ENT CLST HA5.1 S64LNX T1 BAS 12M A;REW TSPP STO FND ENT CLST HA5.1 S64LNX T1 BAS 12M A;REW TSPP STO FND ENT CLST HA5.1 S64LNX T1 BAS 12M A;REW TSPP STO FND ENT CLST HA5.1 S64LNX T1 BAS 12M A;;;;79;;
1;3;2094;1;398,1018;323,66;REW TSPP STO FND ENT CLST HA5.1 S64LNX T1 BAS 12M E;20078655;;REW TSPP STO FND ENT CLST HA5.1 S64LNX T1 BAS 12M E;REW TSPP STO FND ENT CLST HA5.1 S64LNX T1 BAS 12M E;REW TSPP STO FND ENT CLST HA5.1 S64LNX T1 BAS 12M E;REW TSPP STO FND ENT CLST HA5.1 S64LNX T1 BAS 12M E;;;;79;;
1;3;2094;1;430,3647;349,89;EXPTSPP STOR FND ENT CLST HA5.1 S64LNX T1 BAS 12M S;20078656;;EXPTSPP STOR FND ENT CLST HA5.1 S64LNX T1 BAS 12M S;EXPTSPP STOR FND ENT CLST HA5.1 S64LNX T1 BAS 12M S;EXPTSPP STOR FND ENT CLST HA5.1 S64LNX T1 BAS 12M S;EXPTSPP STOR FND ENT CLST HA5.1 S64LNX T1 BAS 12M S;;;;79;;
1;3;2094;1;430,3647;349,89;AE TSPP SF ENT CLST SYS HA 5.1 S64LNX T1 BAS12M S;20078657;;AE TSPP SF ENT CLST SYS HA 5.1 S64LNX T1 BAS12M S;AE TSPP SF ENT CLST SYS HA 5.1 S64LNX T1 BAS12M S;AE TSPP SF ENT CLST SYS HA 5.1 S64LNX T1 BAS12M S;AE TSPP SF ENT CLST SYS HA 5.1 S64LNX T1 BAS12M S;;;;79;;
1;3;2094;1;1037,9847;843,89;REW SF ENT CLST SYS HA5.1 S64LNX 1 XGD LIC SFECFS A;20078658;;REW SF ENT CLST SYS HA5.1 S64LNX 1 XGD LIC SFECFS A;REW SF ENT CLST SYS HA5.1 S64LNX 1 XGD LIC SFECFS A;REW SF ENT CLST SYS HA5.1 S64LNX 1 XGD LIC SFECFS A;REW SF ENT CLST SYS HA5.1 S64LNX 1 XGD LIC SFECFS A;;;;79;;
1;3;2094;1;986,0787;801,69;REW SF ENT CLST SYS HA5.1 S64LNX 1 XGD LIC SFECFS C;20078659;;REW SF ENT CLST SYS HA5.1 S64LNX 1 XGD LIC SFECFS C;REW SF ENT CLST SYS HA5.1 S64LNX 1 XGD LIC SFECFS C;REW SF ENT CLST SYS HA5.1 S64LNX 1 XGD LIC SFECFS C;REW SF ENT CLST SYS HA5.1 S64LNX 1 XGD LIC SFECFS C;;;;79;;
1;3;2094;1;341,3373;277,51;REW SF ENT CLST SYS HA5.1 S64LNX 1 XGD LIC SFEHA C;20078660;;REW SF ENT CLST SYS HA5.1 S64LNX 1 XGD LIC SFEHA C;REW SF ENT CLST SYS HA5.1 S64LNX 1 XGD LIC SFEHA C;REW SF ENT CLST SYS HA5.1 S64LNX 1 XGD LIC SFEHA C;REW SF ENT CLST SYS HA5.1 S64LNX 1 XGD LIC SFEHA C;;;;79;;
1;3;2094;1;1129,3491;918,17;REW SF ENT CLST SYS HA5.1 S64LNX 1 XGD LIC SFSHA C;20078661;;REW SF ENT CLST SYS HA5.1 S64LNX 1 XGD LIC SFSHA C;REW SF ENT CLST SYS HA5.1 S64LNX 1 XGD LIC SFSHA C;REW SF ENT CLST SYS HA5.1 S64LNX 1 XGD LIC SFSHA C;REW SF ENT CLST SYS HA5.1 S64LNX 1 XGD LIC SFSHA C;;;;79;;
1;3;2094;1;942,0201;765,87;REW SF ENT CLST SYS HA5.1 S64LNX P CPU TIER 2 BAS D;20078662;;REW SF ENT CLST SYS HA5.1 S64LNX P CPU TIER 2 BAS D;REW SF ENT CLST SYS HA5.1 S64LNX P CPU TIER 2 BAS D;REW SF ENT CLST SYS HA5.1 S64LNX P CPU TIER 2 BAS D;REW SF ENT CLST SYS HA5.1 S64LNX P CPU TIER 2 BAS D;;;;79;;
1;3;2094;1;1203,6903;978,61;REW SF ENT CLST SYS HA5.1 S64LNX P CPU TIER 2 ESS D;20078664;;REW SF ENT CLST SYS HA5.1 S64LNX P CPU TIER 2 ESS D;REW SF ENT CLST SYS HA5.1 S64LNX P CPU TIER 2 ESS D;REW SF ENT CLST SYS HA5.1 S64LNX P CPU TIER 2 ESS D;REW SF ENT CLST SYS HA5.1 S64LNX P CPU TIER 2 ESS D;;;;79;;
1;3;2094;1;1267,0353;1030,11;GOV SF ENT CLST SYS HA5.1 S64LNX P CPU TIER 2 ESS S;20078665;;GOV SF ENT CLST SYS HA5.1 S64LNX P CPU TIER 2 ESS S;GOV SF ENT CLST SYS HA5.1 S64LNX P CPU TIER 2 ESS S;GOV SF ENT CLST SYS HA5.1 S64LNX P CPU TIER 2 ESS S;GOV SF ENT CLST SYS HA5.1 S64LNX P CPU TIER 2 ESS S;;;;79;;
1;3;2094;1;957,9978;778,86;REW TSPP STO FND ENT CLST HA5.1 S64LNX T2 ESS 12M B;20078666;;REW TSPP STO FND ENT CLST HA5.1 S64LNX T2 ESS 12M B;REW TSPP STO FND ENT CLST HA5.1 S64LNX T2 ESS 12M B;REW TSPP STO FND ENT CLST HA5.1 S64LNX T2 ESS 12M B;REW TSPP STO FND ENT CLST HA5.1 S64LNX T2 ESS 12M B;;;;79;;
1;3;2094;1;1831,9866;1489,42;AE SF ENT CLST SYS HA 5.1 S64LNX CPU T2LIC SFECFS S;20078668;;AE SF ENT CLST SYS HA 5.1 S64LNX CPU T2LIC SFECFS S;AE SF ENT CLST SYS HA 5.1 S64LNX CPU T2LIC SFECFS S;AE SF ENT CLST SYS HA 5.1 S64LNX CPU T2LIC SFECFS S;AE SF ENT CLST SYS HA 5.1 S64LNX CPU T2LIC SFECFS S;;;;79;;
1;3;2094;1;625,455;508,5;REW SF ENT CLST SYS HA5.1 S64LNX 2 XGD LIC SFEHA A;20078670;;REW SF ENT CLST SYS HA5.1 S64LNX 2 XGD LIC SFEHA A;REW SF ENT CLST SYS HA5.1 S64LNX 2 XGD LIC SFEHA A;REW SF ENT CLST SYS HA5.1 S64LNX 2 XGD LIC SFEHA A;REW SF ENT CLST SYS HA5.1 S64LNX 2 XGD LIC SFEHA A;;;;79;;
1;3;2094;1;2058,2205;1673,35;REW SF ENT CLST SYS HA5.1 S64LNX 2 XGD LIC SFSHA B;20078671;;REW SF ENT CLST SYS HA5.1 S64LNX 2 XGD LIC SFSHA B;REW SF ENT CLST SYS HA5.1 S64LNX 2 XGD LIC SFSHA B;REW SF ENT CLST SYS HA5.1 S64LNX 2 XGD LIC SFSHA B;REW SF ENT CLST SYS HA5.1 S64LNX 2 XGD LIC SFSHA B;;;;79;;
1;3;2094;1;2058,2205;1673,35;EXP SF ENT CLST SYS HA5.1 S64LNX 2 XGD LIC SFSHA S;20078672;;EXP SF ENT CLST SYS HA5.1 S64LNX 2 XGD LIC SFSHA S;EXP SF ENT CLST SYS HA5.1 S64LNX 2 XGD LIC SFSHA S;EXP SF ENT CLST SYS HA5.1 S64LNX 2 XGD LIC SFSHA S;EXP SF ENT CLST SYS HA5.1 S64LNX 2 XGD LIC SFSHA S;;;;79;;
1;3;2094;1;7536,4437;6127,19;GOV SF ENT CLST SYS HA5.1 S64LNX P CPU TIER 3 LIC S;20078673;;GOV SF ENT CLST SYS HA5.1 S64LNX P CPU TIER 3 LIC S;GOV SF ENT CLST SYS HA5.1 S64LNX P CPU TIER 3 LIC S;GOV SF ENT CLST SYS HA5.1 S64LNX P CPU TIER 3 LIC S;GOV SF ENT CLST SYS HA5.1 S64LNX P CPU TIER 3 LIC S;;;;79;;
1;3;2094;1;1794,1518;1458,66;GOV SF ENT CLST SYS HA5.1 S64LNX P CPU TIER 3 BAS S;20078674;;GOV SF ENT CLST SYS HA5.1 S64LNX P CPU TIER 3 BAS S;GOV SF ENT CLST SYS HA5.1 S64LNX P CPU TIER 3 BAS S;GOV SF ENT CLST SYS HA5.1 S64LNX P CPU TIER 3 BAS S;GOV SF ENT CLST SYS HA5.1 S64LNX P CPU TIER 3 BAS S;;;;79;;
1;3;2094;1;2177,9118;1770,66;REW SF ENT CLST SYS HA5.1 S64LNX P CPU TIER 3 ESS C;20078675;;REW SF ENT CLST SYS HA5.1 S64LNX P CPU TIER 3 ESS C;REW SF ENT CLST SYS HA5.1 S64LNX P CPU TIER 3 ESS C;REW SF ENT CLST SYS HA5.1 S64LNX P CPU TIER 3 ESS C;REW SF ENT CLST SYS HA5.1 S64LNX P CPU TIER 3 ESS C;;;;79;;
1;3;2094;1;2292,5478;1863,86;GOV SF ENT CLST SYS HA5.1 S64LNX P CPU TIER 3 ESS S;20078676;;GOV SF ENT CLST SYS HA5.1 S64LNX P CPU TIER 3 ESS S;GOV SF ENT CLST SYS HA5.1 S64LNX P CPU TIER 3 ESS S;GOV SF ENT CLST SYS HA5.1 S64LNX P CPU TIER 3 ESS S;GOV SF ENT CLST SYS HA5.1 S64LNX P CPU TIER 3 ESS S;;;;79;;
1;3;2094;1;1356,567;1102,9;GOVTSPP STOR FND ENT CLST HA 5.1 S64LNX T3 BAS12M S;20078678;;GOVTSPP STOR FND ENT CLST HA 5.1 S64LNX T3 BAS12M S;GOVTSPP STOR FND ENT CLST HA 5.1 S64LNX T3 BAS12M S;GOVTSPP STOR FND ENT CLST HA 5.1 S64LNX T3 BAS12M S;GOVTSPP STOR FND ENT CLST HA 5.1 S64LNX T3 BAS12M S;;;;79;;
1;3;2094;1;3317,9865;2697,55;AE SF ENT CLST SYS HA 5.1 S64LNX CPU T3LIC SFECFS S;20078681;;AE SF ENT CLST SYS HA 5.1 S64LNX CPU T3LIC SFECFS S;AE SF ENT CLST SYS HA 5.1 S64LNX CPU T3LIC SFECFS S;AE SF ENT CLST SYS HA 5.1 S64LNX CPU T3LIC SFECFS S;AE SF ENT CLST SYS HA 5.1 S64LNX CPU T3LIC SFECFS S;;;;79;;
1;3;2094;1;1046,3118;850,66;REW SF ENT CLST SYS HA5.1 S64LNX 3 XGD LIC SFEHA E;20078682;;REW SF ENT CLST SYS HA5.1 S64LNX 3 XGD LIC SFEHA E;REW SF ENT CLST SYS HA5.1 S64LNX 3 XGD LIC SFEHA E;REW SF ENT CLST SYS HA5.1 S64LNX 3 XGD LIC SFEHA E;REW SF ENT CLST SYS HA5.1 S64LNX 3 XGD LIC SFEHA E;;;;79;;
1;3;2094;1;1131,1203;919,61;GOV SF ENT CLST SYS HA5.1 S64LNX CPU T3 LIC SFEHA S;20078683;;GOV SF ENT CLST SYS HA5.1 S64LNX CPU T3 LIC SFEHA S;GOV SF ENT CLST SYS HA5.1 S64LNX CPU T3 LIC SFEHA S;GOV SF ENT CLST SYS HA5.1 S64LNX CPU T3 LIC SFEHA S;GOV SF ENT CLST SYS HA5.1 S64LNX CPU T3 LIC SFEHA S;;;;79;;
1;3;2094;1;2271,3672;1846,64;REW SF ENT CLST SYS HA5.1 S64LNX P CPU TIER 1 LIC C;20078684;;REW SF ENT CLST SYS HA5.1 S64LNX P CPU TIER 1 LIC C;REW SF ENT CLST SYS HA5.1 S64LNX P CPU TIER 1 LIC C;REW SF ENT CLST SYS HA5.1 S64LNX P CPU TIER 1 LIC C;REW SF ENT CLST SYS HA5.1 S64LNX P CPU TIER 1 LIC C;;;;79;;
1;3;2094;1;2211,6015;1798,05;REW SF ENT CLST SYS HA5.1 S64LNX P CPU TIER 1 LIC E;20078685;;REW SF ENT CLST SYS HA5.1 S64LNX P CPU TIER 1 LIC E;REW SF ENT CLST SYS HA5.1 S64LNX P CPU TIER 1 LIC E;REW SF ENT CLST SYS HA5.1 S64LNX P CPU TIER 1 LIC E;REW SF ENT CLST SYS HA5.1 S64LNX P CPU TIER 1 LIC E;;;;79;;
1;3;2094;1;2390,8986;1943,82;AE SF ENT CLST SYS HA 5.1 S64LNX P CPU TIER 1 LIC S;20078686;;AE SF ENT CLST SYS HA 5.1 S64LNX P CPU TIER 1 LIC S;AE SF ENT CLST SYS HA 5.1 S64LNX P CPU TIER 1 LIC S;AE SF ENT CLST SYS HA 5.1 S64LNX P CPU TIER 1 LIC S;AE SF ENT CLST SYS HA 5.1 S64LNX P CPU TIER 1 LIC S;;;;79;;
1;3;2094;1;478,2609;388,83;REW TSPP STO FND ENT CLST HA/5.1 S64LNX T1 BAS12M B;20078690;;REW TSPP STO FND ENT CLST HA/5.1 S64LNX T1 BAS12M B;REW TSPP STO FND ENT CLST HA/5.1 S64LNX T1 BAS12M B;REW TSPP STO FND ENT CLST HA/5.1 S64LNX T1 BAS12M B;REW TSPP STO FND ENT CLST HA/5.1 S64LNX T1 BAS12M B;;;;79;;
1;3;2094;1;478,2609;388,83;GOVTSPP STOR FND ENT CLST HA/DR 5.1 S64LNX T1 B 12M;20078691;;GOVTSPP STOR FND ENT CLST HA/DR 5.1 S64LNX T1 B 12M;GOVTSPP STOR FND ENT CLST HA/DR 5.1 S64LNX T1 B 12M;GOVTSPP STOR FND ENT CLST HA/DR 5.1 S64LNX T1 B 12M;GOVTSPP STOR FND ENT CLST HA/DR 5.1 S64LNX T1 B 12M;;;;79;;
1;3;2094;1;1641,2505;1334,35;AE SF ENT CLST SYS HA 5.1 S64LNX CPU T1XGD LIC CS S;20078692;;AE SF ENT CLST SYS HA 5.1 S64LNX CPU T1XGD LIC CS S;AE SF ENT CLST SYS HA 5.1 S64LNX CPU T1XGD LIC CS S;AE SF ENT CLST SYS HA 5.1 S64LNX CPU T1XGD LIC CS S;AE SF ENT CLST SYS HA 5.1 S64LNX CPU T1XGD LIC CS S;;;;79;;
1;3;2094;1;1097,1846;892,02;EXP SF ENT CLST SYS HA/DR 5.1 S64LNX P CPU T2 BAS S;20078695;;EXP SF ENT CLST SYS HA/DR 5.1 S64LNX P CPU T2 BAS S;EXP SF ENT CLST SYS HA/DR 5.1 S64LNX P CPU T2 BAS S;EXP SF ENT CLST SYS HA/DR 5.1 S64LNX P CPU T2 BAS S;EXP SF ENT CLST SYS HA/DR 5.1 S64LNX P CPU T2 BAS S;;;;79;;
1;3;2094;1;767,3724;623,88;REW TSPP STO FND ENT CLST HA/5.1 S64LNX T2 BAS12M E;20078698;;REW TSPP STO FND ENT CLST HA/5.1 S64LNX T2 BAS12M E;REW TSPP STO FND ENT CLST HA/5.1 S64LNX T2 BAS12M E;REW TSPP STO FND ENT CLST HA/5.1 S64LNX T2 BAS12M E;REW TSPP STO FND ENT CLST HA/5.1 S64LNX T2 BAS12M E;;;;79;;
1;3;2094;1;2408,6475;1958,25;REW SF ENT CLST SYS HA/DR 5.1 S64LNX P CPU T3 ESS C;20078700;;REW SF ENT CLST SYS HA/DR 5.1 S64LNX P CPU T3 ESS C;REW SF ENT CLST SYS HA/DR 5.1 S64LNX P CPU T3 ESS C;REW SF ENT CLST SYS HA/DR 5.1 S64LNX P CPU T3 ESS C;REW SF ENT CLST SYS HA/DR 5.1 S64LNX P CPU T3 ESS C;;;;79;;
1;3;2094;1;1917,0288;1558,56;AE TSPP SF ENT CLST HA/DR 5.1 S64LNX T3 ESS 12M S;20078701;;AE TSPP SF ENT CLST HA/DR 5.1 S64LNX T3 ESS 12M S;AE TSPP SF ENT CLST HA/DR 5.1 S64LNX T3 ESS 12M S;AE TSPP SF ENT CLST HA/DR 5.1 S64LNX T3 ESS 12M S;AE TSPP SF ENT CLST HA/DR 5.1 S64LNX T3 ESS 12M S;;;;79;;
1;3;2094;1;1425,2625;1158,75;REW TSPP STO FND ENT CLST HA/5.1 S64LNX T3 BAS12M C;20078702;;REW TSPP STO FND ENT CLST HA/5.1 S64LNX T3 BAS12M C;REW TSPP STO FND ENT CLST HA/5.1 S64LNX T3 BAS12M C;REW TSPP STO FND ENT CLST HA/5.1 S64LNX T3 BAS12M C;REW TSPP STO FND ENT CLST HA/5.1 S64LNX T3 BAS12M C;;;;79;;
1;3;2094;1;4812,9777;3912,99;REW SF ENT CLST SYS HA5.1 S64LNX CPU 3 XGD LIC CS E;20078704;;REW SF ENT CLST SYS HA5.1 S64LNX CPU 3 XGD LIC CS E;REW SF ENT CLST SYS HA5.1 S64LNX CPU 3 XGD LIC CS E;REW SF ENT CLST SYS HA5.1 S64LNX CPU 3 XGD LIC CS E;REW SF ENT CLST SYS HA5.1 S64LNX CPU 3 XGD LIC CS E;;;;79;;
1;3;2094;1;2657,0583;2160,21;REW SF ENT CLST SYS HA/DR 5.1 S64LNX P CPU T1 LIC A;20078705;;REW SF ENT CLST SYS HA/DR 5.1 S64LNX P CPU T1 LIC A;REW SF ENT CLST SYS HA/DR 5.1 S64LNX P CPU T1 LIC A;REW SF ENT CLST SYS HA/DR 5.1 S64LNX P CPU T1 LIC A;REW SF ENT CLST SYS HA/DR 5.1 S64LNX P CPU T1 LIC A;;;;79;;
1;3;2094;1;2524,206;2052,2;REW SF ENT CLST SYS HA/DR 5.1 S64LNX P CPU T1 LIC C;20078706;;REW SF ENT CLST SYS HA/DR 5.1 S64LNX P CPU T1 LIC C;REW SF ENT CLST SYS HA/DR 5.1 S64LNX P CPU T1 LIC C;REW SF ENT CLST SYS HA/DR 5.1 S64LNX P CPU T1 LIC C;REW SF ENT CLST SYS HA/DR 5.1 S64LNX P CPU T1 LIC C;;;;79;;
1;3;2094;1;632,5521;514,27;GOV SF ENT CLST SYS HA/DR 5.1 S64LNX CPU T1 BAS S;20078707;;GOV SF ENT CLST SYS HA/DR 5.1 S64LNX CPU T1 BAS S;GOV SF ENT CLST SYS HA/DR 5.1 S64LNX CPU T1 BAS S;GOV SF ENT CLST SYS HA/DR 5.1 S64LNX CPU T1 BAS S;GOV SF ENT CLST SYS HA/DR 5.1 S64LNX CPU T1 BAS S;;;;79;;
1;3;2094;1;4378,3818;3559,66;REW SF ENT CLST SYS HA/DR 5.1 S64LNX P CPU T2 LIC C;20078708;;REW SF ENT CLST SYS HA/DR 5.1 S64LNX P CPU T2 LIC C;REW SF ENT CLST SYS HA/DR 5.1 S64LNX P CPU T2 LIC C;REW SF ENT CLST SYS HA/DR 5.1 S64LNX P CPU T2 LIC C;REW SF ENT CLST SYS HA/DR 5.1 S64LNX P CPU T2 LIC C;;;;79;;
1;3;2094;1;4608,7977;3746,99;GOV SF ENT CLST SYS HA/DR 5.1 S64LNX CPU T2 LIC S;20078709;;GOV SF ENT CLST SYS HA/DR 5.1 S64LNX CPU T2 LIC S;GOV SF ENT CLST SYS HA/DR 5.1 S64LNX CPU T2 LIC S;GOV SF ENT CLST SYS HA/DR 5.1 S64LNX CPU T2 LIC S;GOV SF ENT CLST SYS HA/DR 5.1 S64LNX CPU T2 LIC S;;;;79;;
1;3;2094;1;1401,9786;1139,82;AE SF ENT CLST SYS HA/DR 5.1 S64LNX CPU T2 ESS S;20078710;;AE SF ENT CLST SYS HA/DR 5.1 S64LNX CPU T2 ESS S;AE SF ENT CLST SYS HA/DR 5.1 S64LNX CPU T2 ESS S;AE SF ENT CLST SYS HA/DR 5.1 S64LNX CPU T2 ESS S;AE SF ENT CLST SYS HA/DR 5.1 S64LNX CPU T2 ESS S;;;;79;;
1;3;2094;1;1007,0379;818,73;REW TSPP STO FND ENT CLST HA/5.1 S64LNX T2 ESS12M C;20078712;;REW TSPP STO FND ENT CLST HA/5.1 S64LNX T2 ESS12M C;REW TSPP STO FND ENT CLST HA/5.1 S64LNX T2 ESS12M C;REW TSPP STO FND ENT CLST HA/5.1 S64LNX T2 ESS12M C;REW TSPP STO FND ENT CLST HA/5.1 S64LNX T2 ESS12M C;;;;79;;
1;3;2094;1;1984,236;1613,2;GOV SF ENT CLST SYS HA/DR 5.1 S64LNX CPU T3 BAS S;20078715;;GOV SF ENT CLST SYS HA/DR 5.1 S64LNX CPU T3 BAS S;GOV SF ENT CLST SYS HA/DR 5.1 S64LNX CPU T3 BAS S;GOV SF ENT CLST SYS HA/DR 5.1 S64LNX CPU T3 BAS S;GOV SF ENT CLST SYS HA/DR 5.1 S64LNX CPU T3 BAS S;;;;79;;
1;3;2094;1;1773,2418;1441,66;REW TSPP STO FND ENT CLST HA/5.1 S64LNX T3 ESS12M E;20078718;;REW TSPP STO FND ENT CLST HA/5.1 S64LNX T3 ESS12M E;REW TSPP STO FND ENT CLST HA/5.1 S64LNX T3 ESS12M E;REW TSPP STO FND ENT CLST HA/5.1 S64LNX T3 ESS12M E;REW TSPP STO FND ENT CLST HA/5.1 S64LNX T3 ESS12M E;;;;79;;
1;3;2094;1;1425,2625;1158,75;REW TSPP STO FND ENT CLST HA/5.1 S64LNX T3 BAS12M D;20078719;;REW TSPP STO FND ENT CLST HA/5.1 S64LNX T3 BAS12M D;REW TSPP STO FND ENT CLST HA/5.1 S64LNX T3 BAS12M D;REW TSPP STO FND ENT CLST HA/5.1 S64LNX T3 BAS12M D;REW TSPP STO FND ENT CLST HA/5.1 S64LNX T3 BAS12M D;;;;79;;
1;3;2094;1;5203,2075;4230,25;EXP SF ENT CLST SYS HA5.1 S64LNX CPU 3 XGD LIC CS S;20078721;;EXP SF ENT CLST SYS HA5.1 S64LNX CPU 3 XGD LIC CS S;EXP SF ENT CLST SYS HA5.1 S64LNX CPU 3 XGD LIC CS S;EXP SF ENT CLST SYS HA5.1 S64LNX CPU 3 XGD LIC CS S;EXP SF ENT CLST SYS HA5.1 S64LNX CPU 3 XGD LIC CS S;;;;79;;
1;3;2094;1;2524,206;2052,2;REW SF ENT CLST SYS HA/DR 5.1 S64LNX P CPU T1 LIC D;20078722;;REW SF ENT CLST SYS HA/DR 5.1 S64LNX P CPU T1 LIC D;REW SF ENT CLST SYS HA/DR 5.1 S64LNX P CPU T1 LIC D;REW SF ENT CLST SYS HA/DR 5.1 S64LNX P CPU T1 LIC D;REW SF ENT CLST SYS HA/DR 5.1 S64LNX P CPU T1 LIC D;;;;79;;
1;3;2094;1;442,4064;359,68;REW TSPP STO FND ENT CLST HA/5.1 S64LNX T1 BAS12M E;20078723;;REW TSPP STO FND ENT CLST HA/5.1 S64LNX T1 BAS12M E;REW TSPP STO FND ENT CLST HA/5.1 S64LNX T1 BAS12M E;REW TSPP STO FND ENT CLST HA/5.1 S64LNX T1 BAS12M E;REW TSPP STO FND ENT CLST HA/5.1 S64LNX T1 BAS12M E;;;;79;;
1;3;2094;1;1641,2505;1334,35;REW SF ENT CLST SYS HA5.1 S64LNX CPU 1 XGD LIC CS B;20078725;;REW SF ENT CLST SYS HA5.1 S64LNX CPU 1 XGD LIC CS B;REW SF ENT CLST SYS HA5.1 S64LNX CPU 1 XGD LIC CS B;REW SF ENT CLST SYS HA5.1 S64LNX CPU 1 XGD LIC CS B;REW SF ENT CLST SYS HA5.1 S64LNX CPU 1 XGD LIC CS B;;;;79;;
1;3;2094;1;1641,2505;1334,35;EXP SF ENT CLST SYS HA5.1 S64LNX CPU 1 XGD LIC CS S;20078726;;EXP SF ENT CLST SYS HA5.1 S64LNX CPU 1 XGD LIC CS S;EXP SF ENT CLST SYS HA5.1 S64LNX CPU 1 XGD LIC CS S;EXP SF ENT CLST SYS HA5.1 S64LNX CPU 1 XGD LIC CS S;EXP SF ENT CLST SYS HA5.1 S64LNX CPU 1 XGD LIC CS S;;;;79;;
1;3;2094;1;4608,7977;3746,99;EXP SF ENT CLST SYS HA/DR 5.1 S64LNX CPU T2 LIC S;20078727;;EXP SF ENT CLST SYS HA/DR 5.1 S64LNX CPU T2 LIC S;EXP SF ENT CLST SYS HA/DR 5.1 S64LNX CPU T2 LIC S;EXP SF ENT CLST SYS HA/DR 5.1 S64LNX CPU T2 LIC S;EXP SF ENT CLST SYS HA/DR 5.1 S64LNX CPU T2 LIC S;;;;79;;
1;3;2094;1;1331,8686;1082,82;REW SF ENT CLST SYS HA/DR 5.1 S64LNX P CPU T2 ESS C;20078729;;REW SF ENT CLST SYS HA/DR 5.1 S64LNX P CPU T2 ESS C;REW SF ENT CLST SYS HA/DR 5.1 S64LNX P CPU T2 ESS C;REW SF ENT CLST SYS HA/DR 5.1 S64LNX P CPU T2 ESS C;REW SF ENT CLST SYS HA/DR 5.1 S64LNX P CPU T2 ESS C;;;;79;;
1;3;2094;1;1401,9786;1139,82;EXP SF ENT CLST SYS HA/DR 5.1 S64LNX P CPU T2 ESS S;20078730;;EXP SF ENT CLST SYS HA/DR 5.1 S64LNX P CPU T2 ESS S;EXP SF ENT CLST SYS HA/DR 5.1 S64LNX P CPU T2 ESS S;EXP SF ENT CLST SYS HA/DR 5.1 S64LNX P CPU T2 ESS S;EXP SF ENT CLST SYS HA/DR 5.1 S64LNX P CPU T2 ESS S;;;;79;;
1;3;2094;1;980,5314;797,18;REW TSPP STO FND ENT CLST HA/5.1 S64LNX T2 ESS12M E;20078732;;REW TSPP STO FND ENT CLST HA/5.1 S64LNX T2 ESS12M E;REW TSPP STO FND ENT CLST HA/5.1 S64LNX T2 ESS12M E;REW TSPP STO FND ENT CLST HA/5.1 S64LNX T2 ESS12M E;REW TSPP STO FND ENT CLST HA/5.1 S64LNX T2 ESS12M E;;;;79;;
1;3;2094;1;2345,2656;1906,72;REW SF ENT CLST SYS HA/DR 5.1 S64LNX P CPU T3 ESS E;20078733;;REW SF ENT CLST SYS HA/DR 5.1 S64LNX P CPU T3 ESS E;REW SF ENT CLST SYS HA/DR 5.1 S64LNX P CPU T3 ESS E;REW SF ENT CLST SYS HA/DR 5.1 S64LNX P CPU T3 ESS E;REW SF ENT CLST SYS HA/DR 5.1 S64LNX P CPU T3 ESS E;;;;79;;
1;3;2094;1;1500,2679;1219,73;REW TSPP STO FND ENT CLST HA/5.1 S64LNX T3 BAS12M A;20078736;;REW TSPP STO FND ENT CLST HA/5.1 S64LNX T3 BAS12M A;REW TSPP STO FND ENT CLST HA/5.1 S64LNX T3 BAS12M A;REW TSPP STO FND ENT CLST HA/5.1 S64LNX T3 BAS12M A;REW TSPP STO FND ENT CLST HA/5.1 S64LNX T3 BAS12M A;;;;79;;
1;3;2094;1;1500,2679;1219,73;GOVTSPP STOR FND ENT CLST HA/DR 5.1 S64LNX T3 B 12M;20078737;;GOVTSPP STOR FND ENT CLST HA/DR 5.1 S64LNX T3 B 12M;GOVTSPP STOR FND ENT CLST HA/DR 5.1 S64LNX T3 B 12M;GOVTSPP STOR FND ENT CLST HA/DR 5.1 S64LNX T3 B 12M;GOVTSPP STOR FND ENT CLST HA/DR 5.1 S64LNX T3 B 12M;;;;79;;
1;3;2094;1;1500,2679;1219,73;EXPTSPP STOR FND ENT CLST HA/ 5.1 S64LNX T3BAS12M S;20078738;;EXPTSPP STOR FND ENT CLST HA/ 5.1 S64LNX T3BAS12M S;EXPTSPP STOR FND ENT CLST HA/ 5.1 S64LNX T3BAS12M S;EXPTSPP STOR FND ENT CLST HA/ 5.1 S64LNX T3BAS12M S;EXPTSPP STOR FND ENT CLST HA/ 5.1 S64LNX T3BAS12M S;;;;79;;
1;3;2094;1;5203,2075;4230,25;REW SF ENT CLST SYS HA5.1 S64LNX CPU 3 XGD LIC CS A;20078740;;REW SF ENT CLST SYS HA5.1 S64LNX CPU 3 XGD LIC CS A;REW SF ENT CLST SYS HA5.1 S64LNX CPU 3 XGD LIC CS A;REW SF ENT CLST SYS HA5.1 S64LNX CPU 3 XGD LIC CS A;REW SF ENT CLST SYS HA5.1 S64LNX CPU 3 XGD LIC CS A;;;;79;;
1;3;2094;1;4943,0502;4018,74;REW SF ENT CLST SYS HA5.1 S64LNX CPU 3 XGD LIC CS D;20078741;;REW SF ENT CLST SYS HA5.1 S64LNX CPU 3 XGD LIC CS D;REW SF ENT CLST SYS HA5.1 S64LNX CPU 3 XGD LIC CS D;REW SF ENT CLST SYS HA5.1 S64LNX CPU 3 XGD LIC CS D;REW SF ENT CLST SYS HA5.1 S64LNX CPU 3 XGD LIC CS D;;;;79;;
1;3;2094;1;5203,2075;4230,25;GOV SF ENT CLST SYS HA5.1 S64LNX CPU T3XGD LIC CS S;20078742;;GOV SF ENT CLST SYS HA5.1 S64LNX CPU T3XGD LIC CS S;GOV SF ENT CLST SYS HA5.1 S64LNX CPU T3XGD LIC CS S;GOV SF ENT CLST SYS HA5.1 S64LNX CPU T3XGD LIC CS S;GOV SF ENT CLST SYS HA5.1 S64LNX CPU T3XGD LIC CS S;;;;79;;
1;3;2094;1;2657,0583;2160,21;REW SF ENT CLST SYS HA/DR 5.1 S64LNX P CPU T1 LIC B;20078743;;REW SF ENT CLST SYS HA/DR 5.1 S64LNX P CPU T1 LIC B;REW SF ENT CLST SYS HA/DR 5.1 S64LNX P CPU T1 LIC B;REW SF ENT CLST SYS HA/DR 5.1 S64LNX P CPU T1 LIC B;REW SF ENT CLST SYS HA/DR 5.1 S64LNX P CPU T1 LIC B;;;;79;;
1;3;2094;1;1060,0386;861,82;EXPTSPP STOR FND ENT CLST HA/ 5.1 S64LNX T2ESS12M S;20078744;;EXPTSPP STOR FND ENT CLST HA/ 5.1 S64LNX T2ESS12M S;EXPTSPP STOR FND ENT CLST HA/ 5.1 S64LNX T2ESS12M S;EXPTSPP STOR FND ENT CLST HA/ 5.1 S64LNX T2ESS12M S;EXPTSPP STOR FND ENT CLST HA/ 5.1 S64LNX T2ESS12M S;;;;79;;
1;3;2094;1;829,5735;674,45;EXPTSPP STOR FND ENT CLST HA/ 5.1 S64LNX T2BAS12M S;20078745;;EXPTSPP STOR FND ENT CLST HA/ 5.1 S64LNX T2BAS12M S;EXPTSPP STOR FND ENT CLST HA/ 5.1 S64LNX T2BAS12M S;EXPTSPP STOR FND ENT CLST HA/ 5.1 S64LNX T2BAS12M S;EXPTSPP STOR FND ENT CLST HA/ 5.1 S64LNX T2BAS12M S;;;;79;;
1;3;2094;1;7709,7876;6268,12;REW SF ENT CLST SYS HA/DR 5.1 S64LNX P CPU T3 LIC E;20078748;;REW SF ENT CLST SYS HA/DR 5.1 S64LNX P CPU T3 LIC E;REW SF ENT CLST SYS HA/DR 5.1 S64LNX P CPU T3 LIC E;REW SF ENT CLST SYS HA/DR 5.1 S64LNX P CPU T3 LIC E;REW SF ENT CLST SYS HA/DR 5.1 S64LNX P CPU T3 LIC E;;;;79;;
1;3;2094;1;8334,8859;6776,33;GOV SF ENT CLST SYS HA/DR 5.1 S64LNX CPU T3 LIC S;20078749;;GOV SF ENT CLST SYS HA/DR 5.1 S64LNX CPU T3 LIC S;GOV SF ENT CLST SYS HA/DR 5.1 S64LNX CPU T3 LIC S;GOV SF ENT CLST SYS HA/DR 5.1 S64LNX CPU T3 LIC S;GOV SF ENT CLST SYS HA/DR 5.1 S64LNX CPU T3 LIC S;;;;79;;
1;3;2094;1;1885,0242;1532,54;REW SF ENT CLST SYS HA/DR 5.1 S64LNX P CPU T3 BAS C;20078750;;REW SF ENT CLST SYS HA/DR 5.1 S64LNX P CPU T3 BAS C;REW SF ENT CLST SYS HA/DR 5.1 S64LNX P CPU T3 BAS C;REW SF ENT CLST SYS HA/DR 5.1 S64LNX P CPU T3 BAS C;REW SF ENT CLST SYS HA/DR 5.1 S64LNX P CPU T3 BAS C;;;;79;;
1;3;2094;1;1984,236;1613,2;EXP SF ENT CLST SYS HA/DR 5.1 S64LNX P CPU T3 BAS S;20078751;;EXP SF ENT CLST SYS HA/DR 5.1 S64LNX P CPU T3 BAS S;EXP SF ENT CLST SYS HA/DR 5.1 S64LNX P CPU T3 BAS S;EXP SF ENT CLST SYS HA/DR 5.1 S64LNX P CPU T3 BAS S;EXP SF ENT CLST SYS HA/DR 5.1 S64LNX P CPU T3 BAS S;;;;79;;
1;3;2094;1;2457,786;1998,2;REW SF ENT CLST SYS HA/DR 5.1 S64LNX P CPU T1 LIC E;20078755;;REW SF ENT CLST SYS HA/DR 5.1 S64LNX P CPU T1 LIC E;REW SF ENT CLST SYS HA/DR 5.1 S64LNX P CPU T1 LIC E;REW SF ENT CLST SYS HA/DR 5.1 S64LNX P CPU T1 LIC E;REW SF ENT CLST SYS HA/DR 5.1 S64LNX P CPU T1 LIC E;;;;79;;
1;3;2094;1;2657,0583;2160,21;AE SF ENT CLST SYS HA/DR 5.1 S64LNX CPU T1 LIC S;20078756;;AE SF ENT CLST SYS HA/DR 5.1 S64LNX CPU T1 LIC S;AE SF ENT CLST SYS HA/DR 5.1 S64LNX CPU T1 LIC S;AE SF ENT CLST SYS HA/DR 5.1 S64LNX CPU T1 LIC S;AE SF ENT CLST SYS HA/DR 5.1 S64LNX CPU T1 LIC S;;;;79;;
1;3;2094;1;600,9288;488,56;REW SF ENT CLST SYS HA/DR 5.1 S64LNX P CPU T1 BAS D;20078757;;REW SF ENT CLST SYS HA/DR 5.1 S64LNX P CPU T1 BAS D;REW SF ENT CLST SYS HA/DR 5.1 S64LNX P CPU T1 BAS D;REW SF ENT CLST SYS HA/DR 5.1 S64LNX P CPU T1 BAS D;REW SF ENT CLST SYS HA/DR 5.1 S64LNX P CPU T1 BAS D;;;;79;;
1;3;2094;1;632,5521;514,27;EXP SF ENT CLST SYS HA/DR 5.1 S64LNX P CPU T1 BAS S;20078758;;EXP SF ENT CLST SYS HA/DR 5.1 S64LNX P CPU T1 BAS S;EXP SF ENT CLST SYS HA/DR 5.1 S64LNX P CPU T1 BAS S;EXP SF ENT CLST SYS HA/DR 5.1 S64LNX P CPU T1 BAS S;EXP SF ENT CLST SYS HA/DR 5.1 S64LNX P CPU T1 BAS S;;;;79;;
1;3;2094;1;767,8521;624,27;REW SF ENT CLST SYS HA/DR 5.1 S64LNX P CPU T1 ESS C;20078760;;REW SF ENT CLST SYS HA/DR 5.1 S64LNX P CPU T1 ESS C;REW SF ENT CLST SYS HA/DR 5.1 S64LNX P CPU T1 ESS C;REW SF ENT CLST SYS HA/DR 5.1 S64LNX P CPU T1 ESS C;REW SF ENT CLST SYS HA/DR 5.1 S64LNX P CPU T1 ESS C;;;;79;;
1;3;2094;1;747,6432;607,84;REW SF ENT CLST SYS HA/DR 5.1 S64LNX P CPU T1 ESS E;20078761;;REW SF ENT CLST SYS HA/DR 5.1 S64LNX P CPU T1 ESS E;REW SF ENT CLST SYS HA/DR 5.1 S64LNX P CPU T1 ESS E;REW SF ENT CLST SYS HA/DR 5.1 S64LNX P CPU T1 ESS E;REW SF ENT CLST SYS HA/DR 5.1 S64LNX P CPU T1 ESS E;;;;79;;
1;3;2094;1;808,2576;657,12;GOV SF ENT CLST SYS HA/DR 5.1 S64LNX CPU T1 ESS S;20078762;;GOV SF ENT CLST SYS HA/DR 5.1 S64LNX CPU T1 ESS S;GOV SF ENT CLST SYS HA/DR 5.1 S64LNX CPU T1 ESS S;GOV SF ENT CLST SYS HA/DR 5.1 S64LNX CPU T1 ESS S;GOV SF ENT CLST SYS HA/DR 5.1 S64LNX CPU T1 ESS S;;;;79;;
1;3;2094;1;611,1255;496,85;REW TSPP STO FND ENT CLST HA/5.1 S64LNX T1 ESS12M A;20078765;;REW TSPP STO FND ENT CLST HA/5.1 S64LNX T1 ESS12M A;REW TSPP STO FND ENT CLST HA/5.1 S64LNX T1 ESS12M A;REW TSPP STO FND ENT CLST HA/5.1 S64LNX T1 ESS12M A;REW TSPP STO FND ENT CLST HA/5.1 S64LNX T1 ESS12M A;;;;79;;
1;3;2094;1;1387,7598;1128,26;REW TSPP STO FND ENT CLST HA/5.1 S64LNX T3 BAS12M E;20078766;;REW TSPP STO FND ENT CLST HA/5.1 S64LNX T3 BAS12M E;REW TSPP STO FND ENT CLST HA/5.1 S64LNX T3 BAS12M E;REW TSPP STO FND ENT CLST HA/5.1 S64LNX T3 BAS12M E;REW TSPP STO FND ENT CLST HA/5.1 S64LNX T3 BAS12M E;;;;79;;
1;3;2094;1;808,2576;657,12;REW SF ENT CLST SYS HA/DR 5.1 S64LNX P CPU T1 ESS A;20078767;;REW SF ENT CLST SYS HA/DR 5.1 S64LNX P CPU T1 ESS A;REW SF ENT CLST SYS HA/DR 5.1 S64LNX P CPU T1 ESS A;REW SF ENT CLST SYS HA/DR 5.1 S64LNX P CPU T1 ESS A;REW SF ENT CLST SYS HA/DR 5.1 S64LNX P CPU T1 ESS A;;;;79;;
1;3;2094;1;808,2576;657,12;AE SF ENT CLST SYS HA/DR 5.1 S64LNX CPU T1 ESS S;20078768;;AE SF ENT CLST SYS HA/DR 5.1 S64LNX CPU T1 ESS S;AE SF ENT CLST SYS HA/DR 5.1 S64LNX CPU T1 ESS S;AE SF ENT CLST SYS HA/DR 5.1 S64LNX CPU T1 ESS S;AE SF ENT CLST SYS HA/DR 5.1 S64LNX CPU T1 ESS S;;;;79;;
1;3;2094;1;1559,1849;1267,63;REW SF ENT CLST SYS HA5.1 S64LNX CPU 1 XGD LIC CS D;20078775;;REW SF ENT CLST SYS HA5.1 S64LNX CPU 1 XGD LIC CS D;REW SF ENT CLST SYS HA5.1 S64LNX CPU 1 XGD LIC CS D;REW SF ENT CLST SYS HA5.1 S64LNX CPU 1 XGD LIC CS D;REW SF ENT CLST SYS HA5.1 S64LNX CPU 1 XGD LIC CS D;;;;79;;
1;3;2094;1;611,1255;496,85;EXPTSPP STOR FND ENT CLST HA/ 5.1 S64LNX T1ESS12M S;20078776;;EXPTSPP STOR FND ENT CLST HA/ 5.1 S64LNX T1ESS12M S;EXPTSPP STOR FND ENT CLST HA/ 5.1 S64LNX T1ESS12M S;EXPTSPP STOR FND ENT CLST HA/ 5.1 S64LNX T1ESS12M S;EXPTSPP STOR FND ENT CLST HA/ 5.1 S64LNX T1ESS12M S;;;;79;;
1;3;2094;1;611,1255;496,85;AE TSPP SF ENT CLST HA/DR 5.1 S64LNX T1 ESS 12M S;20078777;;AE TSPP SF ENT CLST HA/DR 5.1 S64LNX T1 ESS 12M S;AE TSPP SF ENT CLST HA/DR 5.1 S64LNX T1 ESS 12M S;AE TSPP SF ENT CLST HA/DR 5.1 S64LNX T1 ESS 12M S;AE TSPP SF ENT CLST HA/DR 5.1 S64LNX T1 ESS 12M S;;;;79;;
1;3;2094;1;478,2609;388,83;EXPTSPP STOR FND ENT CLST HA/ 5.1 S64LNX T1BAS12M S;20078779;;EXPTSPP STOR FND ENT CLST HA/ 5.1 S64LNX T1BAS12M S;EXPTSPP STOR FND ENT CLST HA/ 5.1 S64LNX T1BAS12M S;EXPTSPP STOR FND ENT CLST HA/ 5.1 S64LNX T1BAS12M S;EXPTSPP STOR FND ENT CLST HA/ 5.1 S64LNX T1BAS12M S;;;;79;;
1;3;2094;1;478,2609;388,83;AE TSPP SF ENT CLST HA/ DR5.1 S64LNX T1 BAS 12M S;20078780;;AE TSPP SF ENT CLST HA/ DR5.1 S64LNX T1 BAS 12M S;AE TSPP SF ENT CLST HA/ DR5.1 S64LNX T1 BAS 12M S;AE TSPP SF ENT CLST HA/ DR5.1 S64LNX T1 BAS 12M S;AE TSPP SF ENT CLST HA/ DR5.1 S64LNX T1 BAS 12M S;;;;79;;
1;3;2094;1;1097,1846;892,02;REW SF ENT CLST SYS HA/DR 5.1 S64LNX P CPU T2 BAS A;20078781;;REW SF ENT CLST SYS HA/DR 5.1 S64LNX P CPU T2 BAS A;REW SF ENT CLST SYS HA/DR 5.1 S64LNX P CPU T2 BAS A;REW SF ENT CLST SYS HA/DR 5.1 S64LNX P CPU T2 BAS A;REW SF ENT CLST SYS HA/DR 5.1 S64LNX P CPU T2 BAS A;;;;79;;
1;3;2094;1;1097,1846;892,02;AE SF ENT CLST SYS HA/DR 5.1 S64LNX CPU T2 BAS S;20078782;;AE SF ENT CLST SYS HA/DR 5.1 S64LNX CPU T2 BAS S;AE SF ENT CLST SYS HA/DR 5.1 S64LNX CPU T2 BAS S;AE SF ENT CLST SYS HA/DR 5.1 S64LNX CPU T2 BAS S;AE SF ENT CLST SYS HA/DR 5.1 S64LNX CPU T2 BAS S;;;;79;;
1;3;2094;1;1401,9786;1139,82;REW SF ENT CLST SYS HA/DR 5.1 S64LNX P CPU T2 ESS B;20078783;;REW SF ENT CLST SYS HA/DR 5.1 S64LNX P CPU T2 ESS B;REW SF ENT CLST SYS HA/DR 5.1 S64LNX P CPU T2 ESS B;REW SF ENT CLST SYS HA/DR 5.1 S64LNX P CPU T2 ESS B;REW SF ENT CLST SYS HA/DR 5.1 S64LNX P CPU T2 ESS B;;;;79;;
1;3;2094;1;1401,9786;1139,82;GOV SF ENT CLST SYS HA/DR 5.1 S64LNX CPU T2 ESS S;20078784;;GOV SF ENT CLST SYS HA/DR 5.1 S64LNX CPU T2 ESS S;GOV SF ENT CLST SYS HA/DR 5.1 S64LNX CPU T2 ESS S;GOV SF ENT CLST SYS HA/DR 5.1 S64LNX CPU T2 ESS S;GOV SF ENT CLST SYS HA/DR 5.1 S64LNX CPU T2 ESS S;;;;79;;
1;3;2094;1;1007,0379;818,73;REW TSPP STO FND ENT CLST HA/5.1 S64LNX T2 ESS12M D;20078786;;REW TSPP STO FND ENT CLST HA/5.1 S64LNX T2 ESS12M D;REW TSPP STO FND ENT CLST HA/5.1 S64LNX T2 ESS12M D;REW TSPP STO FND ENT CLST HA/5.1 S64LNX T2 ESS12M D;REW TSPP STO FND ENT CLST HA/5.1 S64LNX T2 ESS12M D;;;;79;;
1;3;2094;1;2671,1418;2171,66;REW SF ENT CLST SYS HA5.1 S64LNX CPU 2 XGD LIC CS E;20078790;;REW SF ENT CLST SYS HA5.1 S64LNX CPU 2 XGD LIC CS E;REW SF ENT CLST SYS HA5.1 S64LNX CPU 2 XGD LIC CS E;REW SF ENT CLST SYS HA5.1 S64LNX CPU 2 XGD LIC CS E;REW SF ENT CLST SYS HA5.1 S64LNX CPU 2 XGD LIC CS E;;;;79;;
1;3;2094;1;2887,7202;2347,74;GOV SF ENT CLST SYS HA5.1 S64LNX CPU T2XGD LIC CS S;20078791;;GOV SF ENT CLST SYS HA5.1 S64LNX CPU T2XGD LIC CS S;GOV SF ENT CLST SYS HA5.1 S64LNX CPU T2XGD LIC CS S;GOV SF ENT CLST SYS HA5.1 S64LNX CPU T2XGD LIC CS S;GOV SF ENT CLST SYS HA5.1 S64LNX CPU T2XGD LIC CS S;;;;79;;
1;3;2094;1;2887,7202;2347,74;EXP SF ENT CLST SYS HA5.1 S64LNX CPU 2 XGD LIC CS S;20078792;;EXP SF ENT CLST SYS HA5.1 S64LNX CPU 2 XGD LIC CS S;EXP SF ENT CLST SYS HA5.1 S64LNX CPU 2 XGD LIC CS S;EXP SF ENT CLST SYS HA5.1 S64LNX CPU 2 XGD LIC CS S;EXP SF ENT CLST SYS HA5.1 S64LNX CPU 2 XGD LIC CS S;;;;79;;
1;3;2094;1;8334,8859;6776,33;EXP SF ENT CLST SYS HA/DR 5.1 S64LNX CPU T3 LIC S;20078793;;EXP SF ENT CLST SYS HA/DR 5.1 S64LNX CPU T3 LIC S;EXP SF ENT CLST SYS HA/DR 5.1 S64LNX CPU T3 LIC S;EXP SF ENT CLST SYS HA/DR 5.1 S64LNX CPU T3 LIC S;EXP SF ENT CLST SYS HA/DR 5.1 S64LNX CPU T3 LIC S;;;;79;;
1;3;2094;1;1984,236;1613,2;REW SF ENT CLST SYS HA/DR 5.1 S64LNX P CPU T3 BAS B;20078794;;REW SF ENT CLST SYS HA/DR 5.1 S64LNX P CPU T3 BAS B;REW SF ENT CLST SYS HA/DR 5.1 S64LNX P CPU T3 BAS B;REW SF ENT CLST SYS HA/DR 5.1 S64LNX P CPU T3 BAS B;REW SF ENT CLST SYS HA/DR 5.1 S64LNX P CPU T3 BAS B;;;;79;;
1;3;2094;1;2535,4236;2061,32;AE SF ENT CLST SYS HA/DR 5.1 S64LNX CPU T3 ESS S;20078795;;AE SF ENT CLST SYS HA/DR 5.1 S64LNX CPU T3 ESS S;AE SF ENT CLST SYS HA/DR 5.1 S64LNX CPU T3 ESS S;AE SF ENT CLST SYS HA/DR 5.1 S64LNX CPU T3 ESS S;AE SF ENT CLST SYS HA/DR 5.1 S64LNX CPU T3 ESS S;;;;79;;
1;3;2094;1;1821,1749;1480,63;REW TSPP STO FND ENT CLST HA/5.1 S64LNX T3 ESS12M C;20078797;;REW TSPP STO FND ENT CLST HA/5.1 S64LNX T3 ESS12M C;REW TSPP STO FND ENT CLST HA/5.1 S64LNX T3 ESS12M C;REW TSPP STO FND ENT CLST HA/5.1 S64LNX T3 ESS12M C;REW TSPP STO FND ENT CLST HA/5.1 S64LNX T3 ESS12M C;;;;79;;
1;3;2094;1;2657,0583;2160,21;EXP SF ENT CLST SYS HA/DR 5.1 S64LNX CPU T1 LIC S;20078800;;EXP SF ENT CLST SYS HA/DR 5.1 S64LNX CPU T1 LIC S;EXP SF ENT CLST SYS HA/DR 5.1 S64LNX CPU T1 LIC S;EXP SF ENT CLST SYS HA/DR 5.1 S64LNX CPU T1 LIC S;EXP SF ENT CLST SYS HA/DR 5.1 S64LNX CPU T1 LIC S;;;;79;;
1;3;2094;1;632,5521;514,27;AE SF ENT CLST SYS HA/DR 5.1 S64LNX CPU T1 BAS S;20078801;;AE SF ENT CLST SYS HA/DR 5.1 S64LNX CPU T1 BAS S;AE SF ENT CLST SYS HA/DR 5.1 S64LNX CPU T1 BAS S;AE SF ENT CLST SYS HA/DR 5.1 S64LNX CPU T1 BAS S;AE SF ENT CLST SYS HA/DR 5.1 S64LNX CPU T1 BAS S;;;;79;;
1;3;2094;1;611,1255;496,85;REW TSPP STO FND ENT CLST HA/5.1 S64LNX T1 ESS12M B;20078802;;REW TSPP STO FND ENT CLST HA/5.1 S64LNX T1 ESS12M B;REW TSPP STO FND ENT CLST HA/5.1 S64LNX T1 ESS12M B;REW TSPP STO FND ENT CLST HA/5.1 S64LNX T1 ESS12M B;REW TSPP STO FND ENT CLST HA/5.1 S64LNX T1 ESS12M B;;;;79;;
1;3;2094;1;611,1255;496,85;GOVTSPP STOR FND ENT CLST HA/DR 5.1 S64LNX T1 E 12M;20078803;;GOVTSPP STOR FND ENT CLST HA/DR 5.1 S64LNX T1 E 12M;GOVTSPP STOR FND ENT CLST HA/DR 5.1 S64LNX T1 E 12M;GOVTSPP STOR FND ENT CLST HA/DR 5.1 S64LNX T1 E 12M;GOVTSPP STOR FND ENT CLST HA/DR 5.1 S64LNX T1 E 12M;;;;79;;
1;3;2094;1;478,2609;388,83;REW TSPP STO FND ENT CLST HA/5.1 S64LNX T1 BAS12M A;20078804;;REW TSPP STO FND ENT CLST HA/5.1 S64LNX T1 BAS12M A;REW TSPP STO FND ENT CLST HA/5.1 S64LNX T1 BAS12M A;REW TSPP STO FND ENT CLST HA/5.1 S64LNX T1 BAS12M A;REW TSPP STO FND ENT CLST HA/5.1 S64LNX T1 BAS12M A;;;;79;;
1;3;2094;1;1641,2505;1334,35;REW SF ENT CLST SYS HA5.1 S64LNX CPU 1 XGD LIC CS A;20078808;;REW SF ENT CLST SYS HA5.1 S64LNX CPU 1 XGD LIC CS A;REW SF ENT CLST SYS HA5.1 S64LNX CPU 1 XGD LIC CS A;REW SF ENT CLST SYS HA5.1 S64LNX CPU 1 XGD LIC CS A;REW SF ENT CLST SYS HA5.1 S64LNX CPU 1 XGD LIC CS A;;;;79;;
1;3;2094;1;1641,2505;1334,35;GOV SF ENT CLST SYS HA5.1 S64LNX CPU T1XGD LIC CS S;20078809;;GOV SF ENT CLST SYS HA5.1 S64LNX CPU T1XGD LIC CS S;GOV SF ENT CLST SYS HA5.1 S64LNX CPU T1XGD LIC CS S;GOV SF ENT CLST SYS HA5.1 S64LNX CPU T1XGD LIC CS S;GOV SF ENT CLST SYS HA5.1 S64LNX CPU T1XGD LIC CS S;;;;79;;
1;3;2094;1;4608,7977;3746,99;REW SF ENT CLST SYS HA/DR 5.1 S64LNX P CPU T2 LIC B;20078810;;REW SF ENT CLST SYS HA/DR 5.1 S64LNX P CPU T2 LIC B;REW SF ENT CLST SYS HA/DR 5.1 S64LNX P CPU T2 LIC B;REW SF ENT CLST SYS HA/DR 5.1 S64LNX P CPU T2 LIC B;REW SF ENT CLST SYS HA/DR 5.1 S64LNX P CPU T2 LIC B;;;;79;;
1;3;2094;1;4378,3818;3559,66;REW SF ENT CLST SYS HA/DR 5.1 S64LNX P CPU T2 LIC D;20078811;;REW SF ENT CLST SYS HA/DR 5.1 S64LNX P CPU T2 LIC D;REW SF ENT CLST SYS HA/DR 5.1 S64LNX P CPU T2 LIC D;REW SF ENT CLST SYS HA/DR 5.1 S64LNX P CPU T2 LIC D;REW SF ENT CLST SYS HA/DR 5.1 S64LNX P CPU T2 LIC D;;;;79;;
1;3;2094;1;1042,3389;847,43;REW SF ENT CLST SYS HA/DR 5.1 S64LNX P CPU T2 BAS C;20078812;;REW SF ENT CLST SYS HA/DR 5.1 S64LNX P CPU T2 BAS C;REW SF ENT CLST SYS HA/DR 5.1 S64LNX P CPU T2 BAS C;REW SF ENT CLST SYS HA/DR 5.1 S64LNX P CPU T2 BAS C;REW SF ENT CLST SYS HA/DR 5.1 S64LNX P CPU T2 BAS C;;;;79;;
1;3;2094;1;1060,0386;861,82;REW TSPP STO FND ENT CLST HA/5.1 S64LNX T2 ESS12M A;20078814;;REW TSPP STO FND ENT CLST HA/5.1 S64LNX T2 ESS12M A;REW TSPP STO FND ENT CLST HA/5.1 S64LNX T2 ESS12M A;REW TSPP STO FND ENT CLST HA/5.1 S64LNX T2 ESS12M A;REW TSPP STO FND ENT CLST HA/5.1 S64LNX T2 ESS12M A;;;;79;;
1;3;2094;1;829,5735;674,45;REW TSPP STO FND ENT CLST HA/5.1 S64LNX T2 BAS12M A;20078815;;REW TSPP STO FND ENT CLST HA/5.1 S64LNX T2 BAS12M A;REW TSPP STO FND ENT CLST HA/5.1 S64LNX T2 BAS12M A;REW TSPP STO FND ENT CLST HA/5.1 S64LNX T2 BAS12M A;REW TSPP STO FND ENT CLST HA/5.1 S64LNX T2 BAS12M A;;;;79;;
1;3;2094;1;788,1102;640,74;REW TSPP STO FND ENT CLST HA/5.1 S64LNX T2 BAS12M C;20078816;;REW TSPP STO FND ENT CLST HA/5.1 S64LNX T2 BAS12M C;REW TSPP STO FND ENT CLST HA/5.1 S64LNX T2 BAS12M C;REW TSPP STO FND ENT CLST HA/5.1 S64LNX T2 BAS12M C;REW TSPP STO FND ENT CLST HA/5.1 S64LNX T2 BAS12M C;;;;79;;
1;3;2094;1;829,5735;674,45;AE TSPP SF ENT CLST HA/ DR5.1 S64LNX T2 BAS 12M S;20078817;;AE TSPP SF ENT CLST HA/ DR5.1 S64LNX T2 BAS 12M S;AE TSPP SF ENT CLST HA/ DR5.1 S64LNX T2 BAS 12M S;AE TSPP SF ENT CLST HA/ DR5.1 S64LNX T2 BAS 12M S;AE TSPP SF ENT CLST HA/ DR5.1 S64LNX T2 BAS 12M S;;;;79;;
1;3;2094;1;8334,8859;6776,33;REW SF ENT CLST SYS HA/DR 5.1 S64LNX P CPU T3 LIC B;20078820;;REW SF ENT CLST SYS HA/DR 5.1 S64LNX P CPU T3 LIC B;REW SF ENT CLST SYS HA/DR 5.1 S64LNX P CPU T3 LIC B;REW SF ENT CLST SYS HA/DR 5.1 S64LNX P CPU T3 LIC B;REW SF ENT CLST SYS HA/DR 5.1 S64LNX P CPU T3 LIC B;;;;79;;
1;3;2094;1;2535,4236;2061,32;REW SF ENT CLST SYS HA/DR 5.1 S64LNX P CPU T3 ESS A;20078821;;REW SF ENT CLST SYS HA/DR 5.1 S64LNX P CPU T3 ESS A;REW SF ENT CLST SYS HA/DR 5.1 S64LNX P CPU T3 ESS A;REW SF ENT CLST SYS HA/DR 5.1 S64LNX P CPU T3 ESS A;REW SF ENT CLST SYS HA/DR 5.1 S64LNX P CPU T3 ESS A;;;;79;;
1;3;2094;1;1917,0288;1558,56;REW TSPP STO FND ENT CLST HA/5.1 S64LNX T3 ESS12M A;20078823;;REW TSPP STO FND ENT CLST HA/5.1 S64LNX T3 ESS12M A;REW TSPP STO FND ENT CLST HA/5.1 S64LNX T3 ESS12M A;REW TSPP STO FND ENT CLST HA/5.1 S64LNX T3 ESS12M A;REW TSPP STO FND ENT CLST HA/5.1 S64LNX T3 ESS12M A;;;;79;;
1;3;2094;1;5203,2075;4230,25;REW SF ENT CLST SYS HA5.1 S64LNX CPU 3 XGD LIC CS B;20078826;;REW SF ENT CLST SYS HA5.1 S64LNX CPU 3 XGD LIC CS B;REW SF ENT CLST SYS HA5.1 S64LNX CPU 3 XGD LIC CS B;REW SF ENT CLST SYS HA5.1 S64LNX CPU 3 XGD LIC CS B;REW SF ENT CLST SYS HA5.1 S64LNX CPU 3 XGD LIC CS B;;;;79;;
1;3;2094;1;808,2576;657,12;REW SF ENT CLST SYS HA/DR 5.1 S64LNX P CPU T1 ESS B;20078828;;REW SF ENT CLST SYS HA/DR 5.1 S64LNX P CPU T1 ESS B;REW SF ENT CLST SYS HA/DR 5.1 S64LNX P CPU T1 ESS B;REW SF ENT CLST SYS HA/DR 5.1 S64LNX P CPU T1 ESS B;REW SF ENT CLST SYS HA/DR 5.1 S64LNX P CPU T1 ESS B;;;;79;;
1;3;2094;1;808,2576;657,12;EXP SF ENT CLST SYS HA/DR 5.1 S64LNX P CPU T1 ESS S;20078829;;EXP SF ENT CLST SYS HA/DR 5.1 S64LNX P CPU T1 ESS S;EXP SF ENT CLST SYS HA/DR 5.1 S64LNX P CPU T1 ESS S;EXP SF ENT CLST SYS HA/DR 5.1 S64LNX P CPU T1 ESS S;EXP SF ENT CLST SYS HA/DR 5.1 S64LNX P CPU T1 ESS S;;;;79;;
1;3;2094;1;580,56;472;REW TSPP STO FND ENT CLST HA/5.1 S64LNX T1 ESS12M C;20078832;;REW TSPP STO FND ENT CLST HA/5.1 S64LNX T1 ESS12M C;REW TSPP STO FND ENT CLST HA/5.1 S64LNX T1 ESS12M C;REW TSPP STO FND ENT CLST HA/5.1 S64LNX T1 ESS12M C;REW TSPP STO FND ENT CLST HA/5.1 S64LNX T1 ESS12M C;;;;79;;
1;3;2094;1;4608,7977;3746,99;AE SF ENT CLST SYS HA/DR 5.1 S64LNX CPU T2 LIC S;20078834;;AE SF ENT CLST SYS HA/DR 5.1 S64LNX CPU T2 LIC S;AE SF ENT CLST SYS HA/DR 5.1 S64LNX CPU T2 LIC S;AE SF ENT CLST SYS HA/DR 5.1 S64LNX CPU T2 LIC S;AE SF ENT CLST SYS HA/DR 5.1 S64LNX CPU T2 LIC S;;;;79;;
1;3;2094;1;1042,3389;847,43;REW SF ENT CLST SYS HA/DR 5.1 S64LNX P CPU T2 BAS D;20078835;;REW SF ENT CLST SYS HA/DR 5.1 S64LNX P CPU T2 BAS D;REW SF ENT CLST SYS HA/DR 5.1 S64LNX P CPU T2 BAS D;REW SF ENT CLST SYS HA/DR 5.1 S64LNX P CPU T2 BAS D;REW SF ENT CLST SYS HA/DR 5.1 S64LNX P CPU T2 BAS D;;;;79;;
1;3;2094;1;1097,1846;892,02;GOV SF ENT CLST SYS HA/DR 5.1 S64LNX CPU T2 BAS S;20078836;;GOV SF ENT CLST SYS HA/DR 5.1 S64LNX CPU T2 BAS S;GOV SF ENT CLST SYS HA/DR 5.1 S64LNX CPU T2 BAS S;GOV SF ENT CLST SYS HA/DR 5.1 S64LNX CPU T2 BAS S;GOV SF ENT CLST SYS HA/DR 5.1 S64LNX CPU T2 BAS S;;;;79;;
1;3;2094;1;1060,0386;861,82;REW TSPP STO FND ENT CLST HA/5.1 S64LNX T2 ESS12M B;20078839;;REW TSPP STO FND ENT CLST HA/5.1 S64LNX T2 ESS12M B;REW TSPP STO FND ENT CLST HA/5.1 S64LNX T2 ESS12M B;REW TSPP STO FND ENT CLST HA/5.1 S64LNX T2 ESS12M B;REW TSPP STO FND ENT CLST HA/5.1 S64LNX T2 ESS12M B;;;;79;;
1;3;2094;1;829,5735;674,45;GOVTSPP STOR FND ENT CLST HA/DR 5.1 S64LNX T2 B 12M;20078840;;GOVTSPP STOR FND ENT CLST HA/DR 5.1 S64LNX T2 B 12M;GOVTSPP STOR FND ENT CLST HA/DR 5.1 S64LNX T2 B 12M;GOVTSPP STOR FND ENT CLST HA/DR 5.1 S64LNX T2 B 12M;GOVTSPP STOR FND ENT CLST HA/DR 5.1 S64LNX T2 B 12M;;;;79;;
1;3;2094;1;2743,3305;2230,35;REW SF ENT CLST SYS HA5.1 S64LNX CPU 2 XGD LIC CS D;20078841;;REW SF ENT CLST SYS HA5.1 S64LNX CPU 2 XGD LIC CS D;REW SF ENT CLST SYS HA5.1 S64LNX CPU 2 XGD LIC CS D;REW SF ENT CLST SYS HA5.1 S64LNX CPU 2 XGD LIC CS D;REW SF ENT CLST SYS HA5.1 S64LNX CPU 2 XGD LIC CS D;;;;79;;
1;3;2094;1;7918,1496;6437,52;REW SF ENT CLST SYS HA/DR 5.1 S64LNX P CPU T3 LIC D;20078842;;REW SF ENT CLST SYS HA/DR 5.1 S64LNX P CPU T3 LIC D;REW SF ENT CLST SYS HA/DR 5.1 S64LNX P CPU T3 LIC D;REW SF ENT CLST SYS HA/DR 5.1 S64LNX P CPU T3 LIC D;REW SF ENT CLST SYS HA/DR 5.1 S64LNX P CPU T3 LIC D;;;;79;;
1;3;2094;1;1984,236;1613,2;REW SF ENT CLST SYS HA/DR 5.1 S64LNX P CPU T3 BAS A;20078843;;REW SF ENT CLST SYS HA/DR 5.1 S64LNX P CPU T3 BAS A;REW SF ENT CLST SYS HA/DR 5.1 S64LNX P CPU T3 BAS A;REW SF ENT CLST SYS HA/DR 5.1 S64LNX P CPU T3 BAS A;REW SF ENT CLST SYS HA/DR 5.1 S64LNX P CPU T3 BAS A;;;;79;;
1;3;2094;1;1885,0242;1532,54;REW SF ENT CLST SYS HA/DR 5.1 S64LNX P CPU T3 BAS D;20078844;;REW SF ENT CLST SYS HA/DR 5.1 S64LNX P CPU T3 BAS D;REW SF ENT CLST SYS HA/DR 5.1 S64LNX P CPU T3 BAS D;REW SF ENT CLST SYS HA/DR 5.1 S64LNX P CPU T3 BAS D;REW SF ENT CLST SYS HA/DR 5.1 S64LNX P CPU T3 BAS D;;;;79;;
1;3;2094;1;1835,4306;1492,22;REW SF ENT CLST SYS HA/DR 5.1 S64LNX P CPU T3 BAS E;20078845;;REW SF ENT CLST SYS HA/DR 5.1 S64LNX P CPU T3 BAS E;REW SF ENT CLST SYS HA/DR 5.1 S64LNX P CPU T3 BAS E;REW SF ENT CLST SYS HA/DR 5.1 S64LNX P CPU T3 BAS E;REW SF ENT CLST SYS HA/DR 5.1 S64LNX P CPU T3 BAS E;;;;79;;
1;3;2094;1;2535,4236;2061,32;EXP SF ENT CLST SYS HA/DR 5.1 S64LNX P CPU T3 ESS S;20078846;;EXP SF ENT CLST SYS HA/DR 5.1 S64LNX P CPU T3 ESS S;EXP SF ENT CLST SYS HA/DR 5.1 S64LNX P CPU T3 ESS S;EXP SF ENT CLST SYS HA/DR 5.1 S64LNX P CPU T3 ESS S;EXP SF ENT CLST SYS HA/DR 5.1 S64LNX P CPU T3 ESS S;;;;79;;
1;3;2094;1;4608,7977;3746,99;REW SF ENT CLST SYS HA/DR 5.1 S64LNX P CPU T2 LIC A;20078850;;REW SF ENT CLST SYS HA/DR 5.1 S64LNX P CPU T2 LIC A;REW SF ENT CLST SYS HA/DR 5.1 S64LNX P CPU T2 LIC A;REW SF ENT CLST SYS HA/DR 5.1 S64LNX P CPU T2 LIC A;REW SF ENT CLST SYS HA/DR 5.1 S64LNX P CPU T2 LIC A;;;;79;;
1;3;2094;1;4263,1554;3465,98;REW SF ENT CLST SYS HA/DR 5.1 S64LNX P CPU T2 LIC E;20078851;;REW SF ENT CLST SYS HA/DR 5.1 S64LNX P CPU T2 LIC E;REW SF ENT CLST SYS HA/DR 5.1 S64LNX P CPU T2 LIC E;REW SF ENT CLST SYS HA/DR 5.1 S64LNX P CPU T2 LIC E;REW SF ENT CLST SYS HA/DR 5.1 S64LNX P CPU T2 LIC E;;;;79;;
1;3;2094;1;1014,9099;825,13;REW SF ENT CLST SYS HA/DR 5.1 S64LNX P CPU T2 BAS E;20078852;;REW SF ENT CLST SYS HA/DR 5.1 S64LNX P CPU T2 BAS E;REW SF ENT CLST SYS HA/DR 5.1 S64LNX P CPU T2 BAS E;REW SF ENT CLST SYS HA/DR 5.1 S64LNX P CPU T2 BAS E;REW SF ENT CLST SYS HA/DR 5.1 S64LNX P CPU T2 BAS E;;;;79;;
1;3;2094;1;1331,8686;1082,82;REW SF ENT CLST SYS HA/DR 5.1 S64LNX P CPU T2 ESS D;20078853;;REW SF ENT CLST SYS HA/DR 5.1 S64LNX P CPU T2 ESS D;REW SF ENT CLST SYS HA/DR 5.1 S64LNX P CPU T2 ESS D;REW SF ENT CLST SYS HA/DR 5.1 S64LNX P CPU T2 ESS D;REW SF ENT CLST SYS HA/DR 5.1 S64LNX P CPU T2 ESS D;;;;79;;
1;3;2094;1;5203,2075;4230,25;AE SF ENT CLST SYS HA 5.1 S64LNX CPU T3XGD LIC CS S;20078854;;AE SF ENT CLST SYS HA 5.1 S64LNX CPU T3XGD LIC CS S;AE SF ENT CLST SYS HA 5.1 S64LNX CPU T3XGD LIC CS S;AE SF ENT CLST SYS HA 5.1 S64LNX CPU T3XGD LIC CS S;AE SF ENT CLST SYS HA 5.1 S64LNX CPU T3XGD LIC CS S;;;;79;;
1;3;2094;1;2657,0583;2160,21;GOV SF ENT CLST SYS HA/DR 5.1 S64LNX CPU T1 LIC S;20078855;;GOV SF ENT CLST SYS HA/DR 5.1 S64LNX CPU T1 LIC S;GOV SF ENT CLST SYS HA/DR 5.1 S64LNX CPU T1 LIC S;GOV SF ENT CLST SYS HA/DR 5.1 S64LNX CPU T1 LIC S;GOV SF ENT CLST SYS HA/DR 5.1 S64LNX CPU T1 LIC S;;;;79;;
1;3;2094;1;632,5521;514,27;REW SF ENT CLST SYS HA/DR 5.1 S64LNX P CPU T1 BAS A;20078857;;REW SF ENT CLST SYS HA/DR 5.1 S64LNX P CPU T1 BAS A;REW SF ENT CLST SYS HA/DR 5.1 S64LNX P CPU T1 BAS A;REW SF ENT CLST SYS HA/DR 5.1 S64LNX P CPU T1 BAS A;REW SF ENT CLST SYS HA/DR 5.1 S64LNX P CPU T1 BAS A;;;;79;;
1;3;2094;1;585,111;475,7;REW SF ENT CLST SYS HA/DR 5.1 S64LNX P CPU T1 BAS E;20078858;;REW SF ENT CLST SYS HA/DR 5.1 S64LNX P CPU T1 BAS E;REW SF ENT CLST SYS HA/DR 5.1 S64LNX P CPU T1 BAS E;REW SF ENT CLST SYS HA/DR 5.1 S64LNX P CPU T1 BAS E;REW SF ENT CLST SYS HA/DR 5.1 S64LNX P CPU T1 BAS E;;;;79;;
1;3;2094;1;580,56;472;REW TSPP STO FND ENT CLST HA/5.1 S64LNX T1 ESS12M D;20078862;;REW TSPP STO FND ENT CLST HA/5.1 S64LNX T1 ESS12M D;REW TSPP STO FND ENT CLST HA/5.1 S64LNX T1 ESS12M D;REW TSPP STO FND ENT CLST HA/5.1 S64LNX T1 ESS12M D;REW TSPP STO FND ENT CLST HA/5.1 S64LNX T1 ESS12M D;;;;79;;
1;3;2094;1;454,3497;369,39;REW TSPP STO FND ENT CLST HA/5.1 S64LNX T1 BAS12M C;20078863;;REW TSPP STO FND ENT CLST HA/5.1 S64LNX T1 BAS12M C;REW TSPP STO FND ENT CLST HA/5.1 S64LNX T1 BAS12M C;REW TSPP STO FND ENT CLST HA/5.1 S64LNX T1 BAS12M C;REW TSPP STO FND ENT CLST HA/5.1 S64LNX T1 BAS12M C;;;;79;;
1;3;2094;1;454,3497;369,39;REW TSPP STO FND ENT CLST HA/5.1 S64LNX T1 BAS12M D;20078864;;REW TSPP STO FND ENT CLST HA/5.1 S64LNX T1 BAS12M D;REW TSPP STO FND ENT CLST HA/5.1 S64LNX T1 BAS12M D;REW TSPP STO FND ENT CLST HA/5.1 S64LNX T1 BAS12M D;REW TSPP STO FND ENT CLST HA/5.1 S64LNX T1 BAS12M D;;;;79;;
1;3;2094;1;1060,0386;861,82;AE TSPP SF ENT CLST HA/DR 5.1 S64LNX T2 ESS 12M S;20078866;;AE TSPP SF ENT CLST HA/DR 5.1 S64LNX T2 ESS 12M S;AE TSPP SF ENT CLST HA/DR 5.1 S64LNX T2 ESS 12M S;AE TSPP SF ENT CLST HA/DR 5.1 S64LNX T2 ESS 12M S;AE TSPP SF ENT CLST HA/DR 5.1 S64LNX T2 ESS 12M S;;;;79;;
1;3;2094;1;2887,7202;2347,74;AE SF ENT CLST SYS HA 5.1 S64LNX CPU T2XGD LIC CS S;20078868;;AE SF ENT CLST SYS HA 5.1 S64LNX CPU T2XGD LIC CS S;AE SF ENT CLST SYS HA 5.1 S64LNX CPU T2XGD LIC CS S;AE SF ENT CLST SYS HA 5.1 S64LNX CPU T2XGD LIC CS S;AE SF ENT CLST SYS HA 5.1 S64LNX CPU T2XGD LIC CS S;;;;79;;
1;3;2094;1;8334,8859;6776,33;REW SF ENT CLST SYS HA/DR 5.1 S64LNX P CPU T3 LIC A;20078869;;REW SF ENT CLST SYS HA/DR 5.1 S64LNX P CPU T3 LIC A;REW SF ENT CLST SYS HA/DR 5.1 S64LNX P CPU T3 LIC A;REW SF ENT CLST SYS HA/DR 5.1 S64LNX P CPU T3 LIC A;REW SF ENT CLST SYS HA/DR 5.1 S64LNX P CPU T3 LIC A;;;;79;;
1;3;2094;1;7918,1496;6437,52;REW SF ENT CLST SYS HA/DR 5.1 S64LNX P CPU T3 LIC C;20078870;;REW SF ENT CLST SYS HA/DR 5.1 S64LNX P CPU T3 LIC C;REW SF ENT CLST SYS HA/DR 5.1 S64LNX P CPU T3 LIC C;REW SF ENT CLST SYS HA/DR 5.1 S64LNX P CPU T3 LIC C;REW SF ENT CLST SYS HA/DR 5.1 S64LNX P CPU T3 LIC C;;;;79;;
1;3;2094;1;8334,8859;6776,33;AE SF ENT CLST SYS HA/DR 5.1 S64LNX CPU T3 LIC S;20078871;;AE SF ENT CLST SYS HA/DR 5.1 S64LNX CPU T3 LIC S;AE SF ENT CLST SYS HA/DR 5.1 S64LNX CPU T3 LIC S;AE SF ENT CLST SYS HA/DR 5.1 S64LNX CPU T3 LIC S;AE SF ENT CLST SYS HA/DR 5.1 S64LNX CPU T3 LIC S;;;;79;;
1;3;2094;1;2408,6475;1958,25;REW SF ENT CLST SYS HA/DR 5.1 S64LNX P CPU T3 ESS D;20078873;;REW SF ENT CLST SYS HA/DR 5.1 S64LNX P CPU T3 ESS D;REW SF ENT CLST SYS HA/DR 5.1 S64LNX P CPU T3 ESS D;REW SF ENT CLST SYS HA/DR 5.1 S64LNX P CPU T3 ESS D;REW SF ENT CLST SYS HA/DR 5.1 S64LNX P CPU T3 ESS D;;;;79;;
1;3;2094;1;1917,0288;1558,56;GOVTSPP STOR FND ENT CLST HA/DR 5.1 S64LNX T3 E 12M;20078875;;GOVTSPP STOR FND ENT CLST HA/DR 5.1 S64LNX T3 E 12M;GOVTSPP STOR FND ENT CLST HA/DR 5.1 S64LNX T3 E 12M;GOVTSPP STOR FND ENT CLST HA/DR 5.1 S64LNX T3 E 12M;GOVTSPP STOR FND ENT CLST HA/DR 5.1 S64LNX T3 E 12M;;;;79;;
1;3;2094;1;1559,1849;1267,63;REW SF ENT CLST SYS HA5.1 S64LNX CPU 1 XGD LIC CS C;20078878;;REW SF ENT CLST SYS HA5.1 S64LNX CPU 1 XGD LIC CS C;REW SF ENT CLST SYS HA5.1 S64LNX CPU 1 XGD LIC CS C;REW SF ENT CLST SYS HA5.1 S64LNX CPU 1 XGD LIC CS C;REW SF ENT CLST SYS HA5.1 S64LNX CPU 1 XGD LIC CS C;;;;79;;
1;3;2094;1;1518,1644;1234,28;REW SF ENT CLST SYS HA5.1 S64LNX CPU 1 XGD LIC CS E;20078879;;REW SF ENT CLST SYS HA5.1 S64LNX CPU 1 XGD LIC CS E;REW SF ENT CLST SYS HA5.1 S64LNX CPU 1 XGD LIC CS E;REW SF ENT CLST SYS HA5.1 S64LNX CPU 1 XGD LIC CS E;REW SF ENT CLST SYS HA5.1 S64LNX CPU 1 XGD LIC CS E;;;;79;;
1;3;2094;1;1097,1846;892,02;REW SF ENT CLST SYS HA/DR 5.1 S64LNX P CPU T2 BAS B;20078880;;REW SF ENT CLST SYS HA/DR 5.1 S64LNX P CPU T2 BAS B;REW SF ENT CLST SYS HA/DR 5.1 S64LNX P CPU T2 BAS B;REW SF ENT CLST SYS HA/DR 5.1 S64LNX P CPU T2 BAS B;REW SF ENT CLST SYS HA/DR 5.1 S64LNX P CPU T2 BAS B;;;;79;;
1;3;2094;1;1401,9786;1139,82;REW SF ENT CLST SYS HA/DR 5.1 S64LNX P CPU T2 ESS A;20078881;;REW SF ENT CLST SYS HA/DR 5.1 S64LNX P CPU T2 ESS A;REW SF ENT CLST SYS HA/DR 5.1 S64LNX P CPU T2 ESS A;REW SF ENT CLST SYS HA/DR 5.1 S64LNX P CPU T2 ESS A;REW SF ENT CLST SYS HA/DR 5.1 S64LNX P CPU T2 ESS A;;;;79;;
1;3;2094;1;1296,8259;1054,33;REW SF ENT CLST SYS HA/DR 5.1 S64LNX P CPU T2 ESS E;20078882;;REW SF ENT CLST SYS HA/DR 5.1 S64LNX P CPU T2 ESS E;REW SF ENT CLST SYS HA/DR 5.1 S64LNX P CPU T2 ESS E;REW SF ENT CLST SYS HA/DR 5.1 S64LNX P CPU T2 ESS E;REW SF ENT CLST SYS HA/DR 5.1 S64LNX P CPU T2 ESS E;;;;79;;
1;3;2094;1;1060,0386;861,82;GOVTSPP STOR FND ENT CLST HA/DR 5.1 S64LNX T2 E 12M;20078884;;GOVTSPP STOR FND ENT CLST HA/DR 5.1 S64LNX T2 E 12M;GOVTSPP STOR FND ENT CLST HA/DR 5.1 S64LNX T2 E 12M;GOVTSPP STOR FND ENT CLST HA/DR 5.1 S64LNX T2 E 12M;GOVTSPP STOR FND ENT CLST HA/DR 5.1 S64LNX T2 E 12M;;;;79;;
1;3;2094;1;829,5735;674,45;REW TSPP STO FND ENT CLST HA/5.1 S64LNX T2 BAS12M B;20078885;;REW TSPP STO FND ENT CLST HA/5.1 S64LNX T2 BAS12M B;REW TSPP STO FND ENT CLST HA/5.1 S64LNX T2 BAS12M B;REW TSPP STO FND ENT CLST HA/5.1 S64LNX T2 BAS12M B;REW TSPP STO FND ENT CLST HA/5.1 S64LNX T2 BAS12M B;;;;79;;
1;3;2094;1;1917,0288;1558,56;EXPTSPP STOR FND ENT CLST HA/ 5.1 S64LNX T3ESS12M S;20078886;;EXPTSPP STOR FND ENT CLST HA/ 5.1 S64LNX T3ESS12M S;EXPTSPP STOR FND ENT CLST HA/ 5.1 S64LNX T3ESS12M S;EXPTSPP STOR FND ENT CLST HA/ 5.1 S64LNX T3ESS12M S;EXPTSPP STOR FND ENT CLST HA/ 5.1 S64LNX T3ESS12M S;;;;79;;
1;3;2094;1;1500,2679;1219,73;REW TSPP STO FND ENT CLST HA/5.1 S64LNX T3 BAS12M B;20078887;;REW TSPP STO FND ENT CLST HA/5.1 S64LNX T3 BAS12M B;REW TSPP STO FND ENT CLST HA/5.1 S64LNX T3 BAS12M B;REW TSPP STO FND ENT CLST HA/5.1 S64LNX T3 BAS12M B;REW TSPP STO FND ENT CLST HA/5.1 S64LNX T3 BAS12M B;;;;79;;
1;3;2094;1;1500,2679;1219,73;AE TSPP SF ENT CLST HA/ DR5.1 S64LNX T3 BAS 12M S;20078888;;AE TSPP SF ENT CLST HA/ DR5.1 S64LNX T3 BAS 12M S;AE TSPP SF ENT CLST HA/ DR5.1 S64LNX T3 BAS 12M S;AE TSPP SF ENT CLST HA/ DR5.1 S64LNX T3 BAS 12M S;AE TSPP SF ENT CLST HA/ DR5.1 S64LNX T3 BAS 12M S;;;;79;;
1;3;2094;1;4943,0502;4018,74;REW SF ENT CLST SYS HA5.1 S64LNX CPU 3 XGD LIC CS C;20078891;;REW SF ENT CLST SYS HA5.1 S64LNX CPU 3 XGD LIC CS C;REW SF ENT CLST SYS HA5.1 S64LNX CPU 3 XGD LIC CS C;REW SF ENT CLST SYS HA5.1 S64LNX CPU 3 XGD LIC CS C;REW SF ENT CLST SYS HA5.1 S64LNX CPU 3 XGD LIC CS C;;;;79;;
1;3;2094;1;632,5521;514,27;REW SF ENT CLST SYS HA/DR 5.1 S64LNX P CPU T1 BAS B;20078892;;REW SF ENT CLST SYS HA/DR 5.1 S64LNX P CPU T1 BAS B;REW SF ENT CLST SYS HA/DR 5.1 S64LNX P CPU T1 BAS B;REW SF ENT CLST SYS HA/DR 5.1 S64LNX P CPU T1 BAS B;REW SF ENT CLST SYS HA/DR 5.1 S64LNX P CPU T1 BAS B;;;;79;;
1;3;2094;1;600,9288;488,56;REW SF ENT CLST SYS HA/DR 5.1 S64LNX P CPU T1 BAS C;20078893;;REW SF ENT CLST SYS HA/DR 5.1 S64LNX P CPU T1 BAS C;REW SF ENT CLST SYS HA/DR 5.1 S64LNX P CPU T1 BAS C;REW SF ENT CLST SYS HA/DR 5.1 S64LNX P CPU T1 BAS C;REW SF ENT CLST SYS HA/DR 5.1 S64LNX P CPU T1 BAS C;;;;79;;
1;3;2094;1;767,8521;624,27;REW SF ENT CLST SYS HA/DR 5.1 S64LNX P CPU T1 ESS D;20078894;;REW SF ENT CLST SYS HA/DR 5.1 S64LNX P CPU T1 ESS D;REW SF ENT CLST SYS HA/DR 5.1 S64LNX P CPU T1 ESS D;REW SF ENT CLST SYS HA/DR 5.1 S64LNX P CPU T1 ESS D;REW SF ENT CLST SYS HA/DR 5.1 S64LNX P CPU T1 ESS D;;;;79;;
1;3;2094;1;565,2957;459,59;REW TSPP STO FND ENT CLST HA/5.1 S64LNX T1 ESS12M E;20078895;;REW TSPP STO FND ENT CLST HA/5.1 S64LNX T1 ESS12M E;REW TSPP STO FND ENT CLST HA/5.1 S64LNX T1 ESS12M E;REW TSPP STO FND ENT CLST HA/5.1 S64LNX T1 ESS12M E;REW TSPP STO FND ENT CLST HA/5.1 S64LNX T1 ESS12M E;;;;79;;
1;3;2094;1;788,1102;640,74;REW TSPP STO FND ENT CLST HA/5.1 S64LNX T2 BAS12M D;20078896;;REW TSPP STO FND ENT CLST HA/5.1 S64LNX T2 BAS12M D;REW TSPP STO FND ENT CLST HA/5.1 S64LNX T2 BAS12M D;REW TSPP STO FND ENT CLST HA/5.1 S64LNX T2 BAS12M D;REW TSPP STO FND ENT CLST HA/5.1 S64LNX T2 BAS12M D;;;;79;;
1;3;2094;1;2887,7202;2347,74;REW SF ENT CLST SYS HA5.1 S64LNX CPU 2 XGD LIC CS A;20078898;;REW SF ENT CLST SYS HA5.1 S64LNX CPU 2 XGD LIC CS A;REW SF ENT CLST SYS HA5.1 S64LNX CPU 2 XGD LIC CS A;REW SF ENT CLST SYS HA5.1 S64LNX CPU 2 XGD LIC CS A;REW SF ENT CLST SYS HA5.1 S64LNX CPU 2 XGD LIC CS A;;;;79;;
1;3;2094;1;2887,7202;2347,74;REW SF ENT CLST SYS HA5.1 S64LNX CPU 2 XGD LIC CS B;20078899;;REW SF ENT CLST SYS HA5.1 S64LNX CPU 2 XGD LIC CS B;REW SF ENT CLST SYS HA5.1 S64LNX CPU 2 XGD LIC CS B;REW SF ENT CLST SYS HA5.1 S64LNX CPU 2 XGD LIC CS B;REW SF ENT CLST SYS HA5.1 S64LNX CPU 2 XGD LIC CS B;;;;79;;
1;3;2094;1;2743,3305;2230,35;REW SF ENT CLST SYS HA5.1 S64LNX CPU 2 XGD LIC CS C;20078900;;REW SF ENT CLST SYS HA5.1 S64LNX CPU 2 XGD LIC CS C;REW SF ENT CLST SYS HA5.1 S64LNX CPU 2 XGD LIC CS C;REW SF ENT CLST SYS HA5.1 S64LNX CPU 2 XGD LIC CS C;REW SF ENT CLST SYS HA5.1 S64LNX CPU 2 XGD LIC CS C;;;;79;;
1;3;2094;1;1984,236;1613,2;AE SF ENT CLST SYS HA/DR 5.1 S64LNX CPU T3 BAS S;20078901;;AE SF ENT CLST SYS HA/DR 5.1 S64LNX CPU T3 BAS S;AE SF ENT CLST SYS HA/DR 5.1 S64LNX CPU T3 BAS S;AE SF ENT CLST SYS HA/DR 5.1 S64LNX CPU T3 BAS S;AE SF ENT CLST SYS HA/DR 5.1 S64LNX CPU T3 BAS S;;;;79;;
1;3;2094;1;2535,4236;2061,32;REW SF ENT CLST SYS HA/DR 5.1 S64LNX P CPU T3 ESS B;20078902;;REW SF ENT CLST SYS HA/DR 5.1 S64LNX P CPU T3 ESS B;REW SF ENT CLST SYS HA/DR 5.1 S64LNX P CPU T3 ESS B;REW SF ENT CLST SYS HA/DR 5.1 S64LNX P CPU T3 ESS B;REW SF ENT CLST SYS HA/DR 5.1 S64LNX P CPU T3 ESS B;;;;79;;
1;3;2094;1;2535,4236;2061,32;GOV SF ENT CLST SYS HA/DR 5.1 S64LNX CPU T3 ESS S;20078903;;GOV SF ENT CLST SYS HA/DR 5.1 S64LNX CPU T3 ESS S;GOV SF ENT CLST SYS HA/DR 5.1 S64LNX CPU T3 ESS S;GOV SF ENT CLST SYS HA/DR 5.1 S64LNX CPU T3 ESS S;GOV SF ENT CLST SYS HA/DR 5.1 S64LNX CPU T3 ESS S;;;;79;;
1;3;2094;1;1917,0288;1558,56;REW TSPP STO FND ENT CLST HA/5.1 S64LNX T3 ESS12M B;20078904;;REW TSPP STO FND ENT CLST HA/5.1 S64LNX T3 ESS12M B;REW TSPP STO FND ENT CLST HA/5.1 S64LNX T3 ESS12M B;REW TSPP STO FND ENT CLST HA/5.1 S64LNX T3 ESS12M B;REW TSPP STO FND ENT CLST HA/5.1 S64LNX T3 ESS12M B;;;;79;;
1;3;2094;1;1821,1749;1480,63;REW TSPP STO FND ENT CLST HA/5.1 S64LNX T3 ESS12M D;20078905;;REW TSPP STO FND ENT CLST HA/5.1 S64LNX T3 ESS12M D;REW TSPP STO FND ENT CLST HA/5.1 S64LNX T3 ESS12M D;REW TSPP STO FND ENT CLST HA/5.1 S64LNX T3 ESS12M D;REW TSPP STO FND ENT CLST HA/5.1 S64LNX T3 ESS12M D;;;;79;;
1;3;2094;1;586,6731;476,97;ENDPT PROTEC 11.0 INSTALL CONFIG DEPLOY WEB TRAIN;20078906;;ENDPT PROTEC 11.0 INSTALL CONFIG DEPLOY WEB TRAIN;ENDPT PROTEC 11.0 INSTALL CONFIG DEPLOY WEB TRAIN;ENDPT PROTEC 11.0 INSTALL CONFIG DEPLOY WEB TRAIN;ENDPT PROTEC 11.0 INSTALL CONFIG DEPLOY WEB TRAIN;;;;79;;
1;3;2094;1;469,3311;381,57;ENDPT PROTEC 11.0 MANAGE & ADMIN WEB BASED TRAIN;20078907;;ENDPT PROTEC 11.0 MANAGE & ADMIN WEB BASED TRAIN;ENDPT PROTEC 11.0 MANAGE & ADMIN WEB BASED TRAIN;ENDPT PROTEC 11.0 MANAGE & ADMIN WEB BASED TRAIN;ENDPT PROTEC 11.0 MANAGE & ADMIN WEB BASED TRAIN;;;;79;;
1;3;2094;1;938,6745;763,15;DLP 9.0 ADMIN WEB BASED TRAINING;20078908;;DLP 9.0 ADMIN WEB BASED TRAINING;DLP 9.0 ADMIN WEB BASED TRAINING;DLP 9.0 ADMIN WEB BASED TRAINING;DLP 9.0 ADMIN WEB BASED TRAINING;;;;79;;
1;3;2094;1;469,3311;381,57;BMAIL GATEWAY 8.0 WEB BASED TRAINING;20078909;;BMAIL GATEWAY 8.0 WEB BASED TRAINING;BMAIL GATEWAY 8.0 WEB BASED TRAINING;BMAIL GATEWAY 8.0 WEB BASED TRAINING;BMAIL GATEWAY 8.0 WEB BASED TRAINING;;;;79;;
1;3;2094;1;793,4853;645,11;REW SF ENT CLST SYS 5.1 S64LNX P CPU TIER 2 ESS C;20078911;;REW SF ENT CLST SYS 5.1 S64LNX P CPU TIER 2 ESS C;REW SF ENT CLST SYS 5.1 S64LNX P CPU TIER 2 ESS C;REW SF ENT CLST SYS 5.1 S64LNX P CPU TIER 2 ESS C;REW SF ENT CLST SYS 5.1 S64LNX P CPU TIER 2 ESS C;;;;79;;
1;3;2094;1;494,2263;401,81;REWTSPP STOR FND ENT CLST 5.1 S64LNX T2 BAS 12M B;20078913;;REWTSPP STOR FND ENT CLST 5.1 S64LNX T2 BAS 12M B;REWTSPP STOR FND ENT CLST 5.1 S64LNX T2 BAS 12M B;REWTSPP STOR FND ENT CLST 5.1 S64LNX T2 BAS 12M B;REWTSPP STOR FND ENT CLST 5.1 S64LNX T2 BAS 12M B;;;;79;;
1;3;2094;1;494,2263;401,81;AE TSPP SF ENT CLST SYS 5.1 S64LNX T2 BAS 12M S;20078914;;AE TSPP SF ENT CLST SYS 5.1 S64LNX T2 BAS 12M S;AE TSPP SF ENT CLST SYS 5.1 S64LNX T2 BAS 12M S;AE TSPP SF ENT CLST SYS 5.1 S64LNX T2 BAS 12M S;AE TSPP SF ENT CLST SYS 5.1 S64LNX T2 BAS 12M S;;;;79;;
1;3;2094;1;3309,1059;2690,33;AE SF ENT CLST SYS 5.1 S64LNX CPU T3XG LIC SFS S;20078915;;AE SF ENT CLST SYS 5.1 S64LNX CPU T3XG LIC SFS S;AE SF ENT CLST SYS 5.1 S64LNX CPU T3XG LIC SFS S;AE SF ENT CLST SYS 5.1 S64LNX CPU T3XG LIC SFS S;AE SF ENT CLST SYS 5.1 S64LNX CPU T3XG LIC SFS S;;;;79;;
1;3;2094;1;4963,665;4035,5;REW SF ENT CLST SYS 5.1 S64LNX P CPU TIER 3 LIC B;20078916;;REW SF ENT CLST SYS 5.1 S64LNX P CPU TIER 3 LIC B;REW SF ENT CLST SYS 5.1 S64LNX P CPU TIER 3 LIC B;REW SF ENT CLST SYS 5.1 S64LNX P CPU TIER 3 LIC B;REW SF ENT CLST SYS 5.1 S64LNX P CPU TIER 3 LIC B;;;;79;;
1;3;2094;1;1181,661;960,7;AE SF ENT CLST SYS 5.1 S64LNX P CPU TIER 3 BAS S;20078917;;AE SF ENT CLST SYS 5.1 S64LNX P CPU TIER 3 BAS S;AE SF ENT CLST SYS 5.1 S64LNX P CPU TIER 3 BAS S;AE SF ENT CLST SYS 5.1 S64LNX P CPU TIER 3 BAS S;AE SF ENT CLST SYS 5.1 S64LNX P CPU TIER 3 BAS S;;;;79;;
1;3;2094;1;1509,9111;1227,57;EXP SF ENT CLST SYS 5.1 S64LNX P CPU TIER 3 ESS S;20078918;;EXP SF ENT CLST SYS 5.1 S64LNX P CPU TIER 3 ESS S;EXP SF ENT CLST SYS 5.1 S64LNX P CPU TIER 3 ESS S;EXP SF ENT CLST SYS 5.1 S64LNX P CPU TIER 3 ESS S;EXP SF ENT CLST SYS 5.1 S64LNX P CPU TIER 3 ESS S;;;;79;;
1;3;2094;1;1141,6491;928,17;REWTSPP STOR FND ENT CLST 5.1 S64LNX T3 ESS 12M B;20078920;;REWTSPP STOR FND ENT CLST 5.1 S64LNX T3 ESS 12M B;REWTSPP STOR FND ENT CLST 5.1 S64LNX T3 ESS 12M B;REWTSPP STOR FND ENT CLST 5.1 S64LNX T3 ESS 12M B;REWTSPP STOR FND ENT CLST 5.1 S64LNX T3 ESS 12M B;;;;79;;
1;3;2094;1;1592,4564;1294,68;GOV SF ENT CLST SYS 5.1 S64LNX P CPU TIER 1 LIC S;20078921;;GOV SF ENT CLST SYS 5.1 S64LNX P CPU TIER 1 LIC S;GOV SF ENT CLST SYS 5.1 S64LNX P CPU TIER 1 LIC S;GOV SF ENT CLST SYS 5.1 S64LNX P CPU TIER 1 LIC S;GOV SF ENT CLST SYS 5.1 S64LNX P CPU TIER 1 LIC S;;;;79;;
1;3;2094;1;484,4232;393,84;AE SF ENT CLST SYS 5.1 S64LNX P CPU TIER 1 ESS S;20078922;;AE SF ENT CLST SYS 5.1 S64LNX P CPU TIER 1 ESS S;AE SF ENT CLST SYS 5.1 S64LNX P CPU TIER 1 ESS S;AE SF ENT CLST SYS 5.1 S64LNX P CPU TIER 1 ESS S;AE SF ENT CLST SYS 5.1 S64LNX P CPU TIER 1 ESS S;;;;79;;
1;3;2094;1;1512,8385;1229,95;REW SF ENT CLST SYS 5.1 S64LNX P CPU TIER 1 LIC D;20078924;;REW SF ENT CLST SYS 5.1 S64LNX P CPU TIER 1 LIC D;REW SF ENT CLST SYS 5.1 S64LNX P CPU TIER 1 LIC D;REW SF ENT CLST SYS 5.1 S64LNX P CPU TIER 1 LIC D;REW SF ENT CLST SYS 5.1 S64LNX P CPU TIER 1 LIC D;;;;79;;
1;3;2094;1;4963,665;4035,5;EXP SF ENT CLST SYS 5.1 S64LNX P CPU T3 STD LIC S;20078925;;EXP SF ENT CLST SYS 5.1 S64LNX P CPU T3 STD LIC S;EXP SF ENT CLST SYS 5.1 S64LNX P CPU T3 STD LIC S;EXP SF ENT CLST SYS 5.1 S64LNX P CPU T3 STD LIC S;EXP SF ENT CLST SYS 5.1 S64LNX P CPU T3 STD LIC S;;;;79;;
1;3;2094;1;1509,9111;1227,57;REW SF ENT CLST SYS 5.1 S64LNX P CPU TIER 3 ESS A;20078926;;REW SF ENT CLST SYS 5.1 S64LNX P CPU TIER 3 ESS A;REW SF ENT CLST SYS 5.1 S64LNX P CPU TIER 3 ESS A;REW SF ENT CLST SYS 5.1 S64LNX P CPU TIER 3 ESS A;REW SF ENT CLST SYS 5.1 S64LNX P CPU TIER 3 ESS A;;;;79;;
1;3;2094;1;1509,9111;1227,57;GOV SF ENT CLST SYS 5.1 S64LNX P CPU TIER 3 ESS S;20078927;;GOV SF ENT CLST SYS 5.1 S64LNX P CPU TIER 3 ESS S;GOV SF ENT CLST SYS 5.1 S64LNX P CPU TIER 3 ESS S;GOV SF ENT CLST SYS 5.1 S64LNX P CPU TIER 3 ESS S;GOV SF ENT CLST SYS 5.1 S64LNX P CPU TIER 3 ESS S;;;;79;;
1;3;2094;1;1509,9111;1227,57;AE SF ENT CLST SYS 5.1 S64LNX P CPU TIER 3 ESS S;20078928;;AE SF ENT CLST SYS 5.1 S64LNX P CPU TIER 3 ESS S;AE SF ENT CLST SYS 5.1 S64LNX P CPU TIER 3 ESS S;AE SF ENT CLST SYS 5.1 S64LNX P CPU TIER 3 ESS S;AE SF ENT CLST SYS 5.1 S64LNX P CPU TIER 3 ESS S;;;;79;;
1;3;2094;1;1084,5648;881,76;REWTSPP STOR FND ENT CLST 5.1 S64LNX T3 ESS 12M D;20078932;;REWTSPP STOR FND ENT CLST 5.1 S64LNX T3 ESS 12M D;REWTSPP STOR FND ENT CLST 5.1 S64LNX T3 ESS 12M D;REWTSPP STOR FND ENT CLST 5.1 S64LNX T3 ESS 12M D;REWTSPP STOR FND ENT CLST 5.1 S64LNX T3 ESS 12M D;;;;79;;
1;3;2094;1;1141,6491;928,17;GOVTSPP STOR FND ENT CLST 5.1 S64LNX T3 ESS 12M S;20078933;;GOVTSPP STOR FND ENT CLST 5.1 S64LNX T3 ESS 12M S;GOVTSPP STOR FND ENT CLST 5.1 S64LNX T3 ESS 12M S;GOVTSPP STOR FND ENT CLST 5.1 S64LNX T3 ESS 12M S;GOVTSPP STOR FND ENT CLST 5.1 S64LNX T3 ESS 12M S;;;;79;;
1;3;2094;1;893,4597;726,39;REWTSPP STOR FND ENT CLST 5.1 S64LNX T3 BAS 12M A;20078934;;REWTSPP STOR FND ENT CLST 5.1 S64LNX T3 BAS 12M A;REWTSPP STOR FND ENT CLST 5.1 S64LNX T3 BAS 12M A;REWTSPP STOR FND ENT CLST 5.1 S64LNX T3 BAS 12M A;REWTSPP STOR FND ENT CLST 5.1 S64LNX T3 BAS 12M A;;;;79;;
1;3;2094;1;893,4597;726,39;REWTSPP STOR FND ENT CLST 5.1 S64LNX T3 BAS 12M B;20078935;;REWTSPP STOR FND ENT CLST 5.1 S64LNX T3 BAS 12M B;REWTSPP STOR FND ENT CLST 5.1 S64LNX T3 BAS 12M B;REWTSPP STOR FND ENT CLST 5.1 S64LNX T3 BAS 12M B;REWTSPP STOR FND ENT CLST 5.1 S64LNX T3 BAS 12M B;;;;79;;
1;3;2094;1;1592,4564;1294,68;EXP SF ENT CLST SYS 5.1 S64LNX P CPU T1 STD LIC S;20078937;;EXP SF ENT CLST SYS 5.1 S64LNX P CPU T1 STD LIC S;EXP SF ENT CLST SYS 5.1 S64LNX P CPU T1 STD LIC S;EXP SF ENT CLST SYS 5.1 S64LNX P CPU T1 STD LIC S;EXP SF ENT CLST SYS 5.1 S64LNX P CPU T1 STD LIC S;;;;79;;
1;3;2094;1;484,4232;393,84;GOV SF ENT CLST SYS 5.1 S64LNX P CPU TIER 1 ESS S;20078938;;GOV SF ENT CLST SYS 5.1 S64LNX P CPU TIER 1 ESS S;GOV SF ENT CLST SYS 5.1 S64LNX P CPU TIER 1 ESS S;GOV SF ENT CLST SYS 5.1 S64LNX P CPU TIER 1 ESS S;GOV SF ENT CLST SYS 5.1 S64LNX P CPU TIER 1 ESS S;;;;79;;
1;3;2094;1;366,2694;297,78;GOVTSPP STOR FND ENT CLST 5.1 S64LNX T1 ESS 12M S;20078940;;GOVTSPP STOR FND ENT CLST 5.1 S64LNX T1 ESS 12M S;GOVTSPP STOR FND ENT CLST 5.1 S64LNX T1 ESS 12M S;GOVTSPP STOR FND ENT CLST 5.1 S64LNX T1 ESS 12M S;GOVTSPP STOR FND ENT CLST 5.1 S64LNX T1 ESS 12M S;;;;79;;
1;3;2094;1;1084,5648;881,76;REWTSPP STOR FND ENT CLST 5.1 S64LNX T3 ESS 12M C;20078944;;REWTSPP STOR FND ENT CLST 5.1 S64LNX T3 ESS 12M C;REWTSPP STOR FND ENT CLST 5.1 S64LNX T3 ESS 12M C;REWTSPP STOR FND ENT CLST 5.1 S64LNX T3 ESS 12M C;REWTSPP STOR FND ENT CLST 5.1 S64LNX T3 ESS 12M C;;;;79;;
1;3;2094;1;848,8107;690,09;REWTSPP STOR FND ENT CLST 5.1 S64LNX T3 BAS 12M C;20078945;;REWTSPP STOR FND ENT CLST 5.1 S64LNX T3 BAS 12M C;REWTSPP STOR FND ENT CLST 5.1 S64LNX T3 BAS 12M C;REWTSPP STOR FND ENT CLST 5.1 S64LNX T3 BAS 12M C;REWTSPP STOR FND ENT CLST 5.1 S64LNX T3 BAS 12M C;;;;79;;
1;3;2094;1;826,4493;671,91;REWTSPP STOR FND ENT CLST 5.1 S64LNX T3 BAS 12M E;20078946;;REWTSPP STOR FND ENT CLST 5.1 S64LNX T3 BAS 12M E;REWTSPP STOR FND ENT CLST 5.1 S64LNX T3 BAS 12M E;REWTSPP STOR FND ENT CLST 5.1 S64LNX T3 BAS 12M E;REWTSPP STOR FND ENT CLST 5.1 S64LNX T3 BAS 12M E;;;;79;;
1;3;2094;1;893,4597;726,39;GOVTSPP STOR FND ENT CLST 5.1 S64LNX T3 BAS 12M S;20078947;;GOVTSPP STOR FND ENT CLST 5.1 S64LNX T3 BAS 12M S;GOVTSPP STOR FND ENT CLST 5.1 S64LNX T3 BAS 12M S;GOVTSPP STOR FND ENT CLST 5.1 S64LNX T3 BAS 12M S;GOVTSPP STOR FND ENT CLST 5.1 S64LNX T3 BAS 12M S;;;;79;;
1;3;2094;1;893,4597;726,39;AE TSPP SF ENT CLST SYS 5.1 S64LNX T3 BAS 12M S;20078948;;AE TSPP SF ENT CLST SYS 5.1 S64LNX T3 BAS 12M S;AE TSPP SF ENT CLST SYS 5.1 S64LNX T3 BAS 12M S;AE TSPP SF ENT CLST SYS 5.1 S64LNX T3 BAS 12M S;AE TSPP SF ENT CLST SYS 5.1 S64LNX T3 BAS 12M S;;;;79;;
1;3;2094;1;1069,0299;869,13;REW SF ENT CLST SYS 5.1 S64LNX T1 XGD LIC SFS B;20078950;;REW SF ENT CLST SYS 5.1 S64LNX T1 XGD LIC SFS B;REW SF ENT CLST SYS 5.1 S64LNX T1 XGD LIC SFS B;REW SF ENT CLST SYS 5.1 S64LNX T1 XGD LIC SFS B;REW SF ENT CLST SYS 5.1 S64LNX T1 XGD LIC SFS B;;;;79;;
1;3;2094;1;1015,5864;825,68;REW SF ENT CLST SYS 5.1 S64LNX T1 XGD LIC SFS C;20078951;;REW SF ENT CLST SYS 5.1 S64LNX T1 XGD LIC SFS C;REW SF ENT CLST SYS 5.1 S64LNX T1 XGD LIC SFS C;REW SF ENT CLST SYS 5.1 S64LNX T1 XGD LIC SFS C;REW SF ENT CLST SYS 5.1 S64LNX T1 XGD LIC SFS C;;;;79;;
1;3;2094;1;1069,0299;869,13;GOV SF ENT CLST SYS 5.1 S64LNX CPU T1XG LIC SFS S;20078952;;GOV SF ENT CLST SYS 5.1 S64LNX CPU T1XG LIC SFS S;GOV SF ENT CLST SYS 5.1 S64LNX CPU T1XG LIC SFS S;GOV SF ENT CLST SYS 5.1 S64LNX CPU T1XG LIC SFS S;GOV SF ENT CLST SYS 5.1 S64LNX CPU T1XG LIC SFS S;;;;79;;
1;3;2094;1;1473,0234;1197,58;REW SF ENT CLST SYS 5.1 S64LNX P CPU TIER 1 LIC E;20078953;;REW SF ENT CLST SYS 5.1 S64LNX P CPU TIER 1 LIC E;REW SF ENT CLST SYS 5.1 S64LNX P CPU TIER 1 LIC E;REW SF ENT CLST SYS 5.1 S64LNX P CPU TIER 1 LIC E;REW SF ENT CLST SYS 5.1 S64LNX P CPU TIER 1 LIC E;;;;79;;
1;3;2094;1;599,9448;487,76;REWTSPP STOR FND ENT CLST 5.1 S64LNX T2 ESS 12M C;20078955;;REWTSPP STOR FND ENT CLST 5.1 S64LNX T2 ESS 12M C;REWTSPP STOR FND ENT CLST 5.1 S64LNX T2 ESS 12M C;REWTSPP STOR FND ENT CLST 5.1 S64LNX T2 ESS 12M C;REWTSPP STOR FND ENT CLST 5.1 S64LNX T2 ESS 12M C;;;;79;;
1;3;2094;1;584,1639;474,93;REWTSPP STOR FND ENT CLST 5.1 S64LNX T2 ESS 12M E;20078956;;REWTSPP STOR FND ENT CLST 5.1 S64LNX T2 ESS 12M E;REWTSPP STOR FND ENT CLST 5.1 S64LNX T2 ESS 12M E;REWTSPP STOR FND ENT CLST 5.1 S64LNX T2 ESS 12M E;REWTSPP STOR FND ENT CLST 5.1 S64LNX T2 ESS 12M E;;;;79;;
1;3;2094;1;631,5312;513,44;GOVTSPP STOR FND ENT CLST 5.1 S64LNX T2 ESS 12M S;20078957;;GOVTSPP STOR FND ENT CLST 5.1 S64LNX T2 ESS 12M S;GOVTSPP STOR FND ENT CLST 5.1 S64LNX T2 ESS 12M S;GOVTSPP STOR FND ENT CLST 5.1 S64LNX T2 ESS 12M S;GOVTSPP STOR FND ENT CLST 5.1 S64LNX T2 ESS 12M S;;;;79;;
1;3;2094;1;631,5312;513,44;EXP TSPP STOR FND ENTCLST 5.1 S64LNX T2 ESS 12M S;20078958;;EXP TSPP STOR FND ENTCLST 5.1 S64LNX T2 ESS 12M S;EXP TSPP STOR FND ENTCLST 5.1 S64LNX T2 ESS 12M S;EXP TSPP STOR FND ENTCLST 5.1 S64LNX T2 ESS 12M S;EXP TSPP STOR FND ENTCLST 5.1 S64LNX T2 ESS 12M S;;;;79;;
1;3;2094;1;494,2263;401,81;REWTSPP STOR FND ENT CLST 5.1 S64LNX T2 BAS 12M A;20078959;;REWTSPP STOR FND ENT CLST 5.1 S64LNX T2 BAS 12M A;REWTSPP STOR FND ENT CLST 5.1 S64LNX T2 BAS 12M A;REWTSPP STOR FND ENT CLST 5.1 S64LNX T2 BAS 12M A;REWTSPP STOR FND ENT CLST 5.1 S64LNX T2 BAS 12M A;;;;79;;
1;3;2094;1;835,2561;679,07;REW SF ENT CLST SYS 5.1 S64LNX P CPU TIER 2 ESS B;20078961;;REW SF ENT CLST SYS 5.1 S64LNX P CPU TIER 2 ESS B;REW SF ENT CLST SYS 5.1 S64LNX P CPU TIER 2 ESS B;REW SF ENT CLST SYS 5.1 S64LNX P CPU TIER 2 ESS B;REW SF ENT CLST SYS 5.1 S64LNX P CPU TIER 2 ESS B;;;;79;;
1;3;2094;1;3309,1059;2690,33;REW SF ENT CLST SYS 5.1 S64LNX T3 XGD LIC SFS B;20078962;;REW SF ENT CLST SYS 5.1 S64LNX T3 XGD LIC SFS B;REW SF ENT CLST SYS 5.1 S64LNX T3 XGD LIC SFS B;REW SF ENT CLST SYS 5.1 S64LNX T3 XGD LIC SFS B;REW SF ENT CLST SYS 5.1 S64LNX T3 XGD LIC SFS B;;;;79;;
1;3;2094;1;3143,6586;2555,82;REW SF ENT CLST SYS 5.1 S64LNX T3 XGD LIC SFS C;20078963;;REW SF ENT CLST SYS 5.1 S64LNX T3 XGD LIC SFS C;REW SF ENT CLST SYS 5.1 S64LNX T3 XGD LIC SFS C;REW SF ENT CLST SYS 5.1 S64LNX T3 XGD LIC SFS C;REW SF ENT CLST SYS 5.1 S64LNX T3 XGD LIC SFS C;;;;79;;
1;3;2094;1;3309,1059;2690,33;EXP SF ENT CLST SYS 5.1 S64LNX CPU T3XG LIC SFS S;20078964;;EXP SF ENT CLST SYS 5.1 S64LNX CPU T3XG LIC SFS S;EXP SF ENT CLST SYS 5.1 S64LNX CPU T3XG LIC SFS S;EXP SF ENT CLST SYS 5.1 S64LNX CPU T3XG LIC SFS S;EXP SF ENT CLST SYS 5.1 S64LNX CPU T3XG LIC SFS S;;;;79;;
1;3;2094;1;1592,4564;1294,68;AE SF ENT CLST SYS 5.1 S64LNX P CPU TIER 1 LIC S;20078965;;AE SF ENT CLST SYS 5.1 S64LNX P CPU TIER 1 LIC S;AE SF ENT CLST SYS 5.1 S64LNX P CPU TIER 1 LIC S;AE SF ENT CLST SYS 5.1 S64LNX P CPU TIER 1 LIC S;AE SF ENT CLST SYS 5.1 S64LNX P CPU TIER 1 LIC S;;;;79;;
1;3;2094;1;379,1106;308,22;REW SF ENT CLST SYS 5.1 S64LNX P CPU TIER 1 BAS A;20078966;;REW SF ENT CLST SYS 5.1 S64LNX P CPU TIER 1 BAS A;REW SF ENT CLST SYS 5.1 S64LNX P CPU TIER 1 BAS A;REW SF ENT CLST SYS 5.1 S64LNX P CPU TIER 1 BAS A;REW SF ENT CLST SYS 5.1 S64LNX P CPU TIER 1 BAS A;;;;79;;
1;3;2094;1;379,1106;308,22;EXP SF ENT CLST SYS 5.1 S64LNX P CPU TIER 1 BAS S;20078967;;EXP SF ENT CLST SYS 5.1 S64LNX P CPU TIER 1 BAS S;EXP SF ENT CLST SYS 5.1 S64LNX P CPU TIER 1 BAS S;EXP SF ENT CLST SYS 5.1 S64LNX P CPU TIER 1 BAS S;EXP SF ENT CLST SYS 5.1 S64LNX P CPU TIER 1 BAS S;;;;79;;
1;3;2094;1;460,1922;374,14;REW SF ENT CLST SYS 5.1 S64LNX P CPU TIER 1 ESS D;20078968;;REW SF ENT CLST SYS 5.1 S64LNX P CPU TIER 1 ESS D;REW SF ENT CLST SYS 5.1 S64LNX P CPU TIER 1 ESS D;REW SF ENT CLST SYS 5.1 S64LNX P CPU TIER 1 ESS D;REW SF ENT CLST SYS 5.1 S64LNX P CPU TIER 1 ESS D;;;;79;;
1;3;2094;1;272,322;221,4;REWTSPP STOR FND ENT CLST 5.1 S64LNX T1 BAS 12M D;20078972;;REWTSPP STOR FND ENT CLST 5.1 S64LNX T1 BAS 12M D;REWTSPP STOR FND ENT CLST 5.1 S64LNX T1 BAS 12M D;REWTSPP STOR FND ENT CLST 5.1 S64LNX T1 BAS 12M D;REWTSPP STOR FND ENT CLST 5.1 S64LNX T1 BAS 12M D;;;;79;;
1;3;2094;1;2745,7659;2232,33;REW SF ENT CLST SYS 5.1 S64LNX P CPU TIER 2 LIC B;20078975;;REW SF ENT CLST SYS 5.1 S64LNX P CPU TIER 2 LIC B;REW SF ENT CLST SYS 5.1 S64LNX P CPU TIER 2 LIC B;REW SF ENT CLST SYS 5.1 S64LNX P CPU TIER 2 LIC B;REW SF ENT CLST SYS 5.1 S64LNX P CPU TIER 2 LIC B;;;;79;;
1;3;2094;1;1093,0518;888,66;REW SF ENT CLST SYS 5.1 S64LNX P CPU TIER 3 BAS E;20078976;;REW SF ENT CLST SYS 5.1 S64LNX P CPU TIER 3 BAS E;REW SF ENT CLST SYS 5.1 S64LNX P CPU TIER 3 BAS E;REW SF ENT CLST SYS 5.1 S64LNX P CPU TIER 3 BAS E;REW SF ENT CLST SYS 5.1 S64LNX P CPU TIER 3 BAS E;;;;79;;
1;3;2094;1;1509,9111;1227,57;REW SF ENT CLST SYS 5.1 S64LNX P CPU TIER 3 ESS B;20078977;;REW SF ENT CLST SYS 5.1 S64LNX P CPU TIER 3 ESS B;REW SF ENT CLST SYS 5.1 S64LNX P CPU TIER 3 ESS B;REW SF ENT CLST SYS 5.1 S64LNX P CPU TIER 3 ESS B;REW SF ENT CLST SYS 5.1 S64LNX P CPU TIER 3 ESS B;;;;79;;
1;3;2094;1;1141,6491;928,17;EXP TSPP STOR FND ENTCLST 5.1 S64LNX T3 ESS 12M S;20078979;;EXP TSPP STOR FND ENTCLST 5.1 S64LNX T3 ESS 12M S;EXP TSPP STOR FND ENTCLST 5.1 S64LNX T3 ESS 12M S;EXP TSPP STOR FND ENTCLST 5.1 S64LNX T3 ESS 12M S;EXP TSPP STOR FND ENTCLST 5.1 S64LNX T3 ESS 12M S;;;;79;;
1;3;2094;1;1015,5864;825,68;REW SF ENT CLST SYS 5.1 S64LNX T1 XGD LIC SFS D;20078981;;REW SF ENT CLST SYS 5.1 S64LNX T1 XGD LIC SFS D;REW SF ENT CLST SYS 5.1 S64LNX T1 XGD LIC SFS D;REW SF ENT CLST SYS 5.1 S64LNX T1 XGD LIC SFS D;REW SF ENT CLST SYS 5.1 S64LNX T1 XGD LIC SFS D;;;;79;;
1;3;2094;1;1592,4564;1294,68;REW SF ENT CLST SYS 5.1 S64LNX P CPU TIER 1 LIC A;20078983;;REW SF ENT CLST SYS 5.1 S64LNX P CPU TIER 1 LIC A;REW SF ENT CLST SYS 5.1 S64LNX P CPU TIER 1 LIC A;REW SF ENT CLST SYS 5.1 S64LNX P CPU TIER 1 LIC A;REW SF ENT CLST SYS 5.1 S64LNX P CPU TIER 1 LIC A;;;;79;;
1;3;2094;1;379,1106;308,22;REW SF ENT CLST SYS 5.1 S64LNX P CPU TIER 1 BAS B;20078984;;REW SF ENT CLST SYS 5.1 S64LNX P CPU TIER 1 BAS B;REW SF ENT CLST SYS 5.1 S64LNX P CPU TIER 1 BAS B;REW SF ENT CLST SYS 5.1 S64LNX P CPU TIER 1 BAS B;REW SF ENT CLST SYS 5.1 S64LNX P CPU TIER 1 BAS B;;;;79;;
1;3;2094;1;360,1686;292,82;REW SF ENT CLST SYS 5.1 S64LNX P CPU TIER 1 BAS C;20078985;;REW SF ENT CLST SYS 5.1 S64LNX P CPU TIER 1 BAS C;REW SF ENT CLST SYS 5.1 S64LNX P CPU TIER 1 BAS C;REW SF ENT CLST SYS 5.1 S64LNX P CPU TIER 1 BAS C;REW SF ENT CLST SYS 5.1 S64LNX P CPU TIER 1 BAS C;;;;79;;
1;3;2094;1;360,1686;292,82;REW SF ENT CLST SYS 5.1 S64LNX P CPU TIER 1 BAS D;20078986;;REW SF ENT CLST SYS 5.1 S64LNX P CPU TIER 1 BAS D;REW SF ENT CLST SYS 5.1 S64LNX P CPU TIER 1 BAS D;REW SF ENT CLST SYS 5.1 S64LNX P CPU TIER 1 BAS D;REW SF ENT CLST SYS 5.1 S64LNX P CPU TIER 1 BAS D;;;;79;;
1;3;2094;1;2745,7659;2232,33;AE SF ENT CLST SYS 5.1 S64LNX P CPU TIER 2 LIC S;20078987;;AE SF ENT CLST SYS 5.1 S64LNX P CPU TIER 2 LIC S;AE SF ENT CLST SYS 5.1 S64LNX P CPU TIER 2 LIC S;AE SF ENT CLST SYS 5.1 S64LNX P CPU TIER 2 LIC S;AE SF ENT CLST SYS 5.1 S64LNX P CPU TIER 2 LIC S;;;;79;;
1;3;2094;1;2608,4856;2120,72;REW SF ENT CLST SYS 5.1 S64LNX P CPU TIER 2 LIC D;20078991;;REW SF ENT CLST SYS 5.1 S64LNX P CPU TIER 2 LIC D;REW SF ENT CLST SYS 5.1 S64LNX P CPU TIER 2 LIC D;REW SF ENT CLST SYS 5.1 S64LNX P CPU TIER 2 LIC D;REW SF ENT CLST SYS 5.1 S64LNX P CPU TIER 2 LIC D;;;;79;;
1;3;2094;1;3143,6586;2555,82;REW SF ENT CLST SYS 5.1 S64LNX T3 XGD LIC SFS D;20078995;;REW SF ENT CLST SYS 5.1 S64LNX T3 XGD LIC SFS D;REW SF ENT CLST SYS 5.1 S64LNX T3 XGD LIC SFS D;REW SF ENT CLST SYS 5.1 S64LNX T3 XGD LIC SFS D;REW SF ENT CLST SYS 5.1 S64LNX T3 XGD LIC SFS D;;;;79;;
1;3;2094;1;4715,5002;3833,74;REW SF ENT CLST SYS 5.1 S64LNX P CPU TIER 3 LIC C;20078996;;REW SF ENT CLST SYS 5.1 S64LNX P CPU TIER 3 LIC C;REW SF ENT CLST SYS 5.1 S64LNX P CPU TIER 3 LIC C;REW SF ENT CLST SYS 5.1 S64LNX P CPU TIER 3 LIC C;REW SF ENT CLST SYS 5.1 S64LNX P CPU TIER 3 LIC C;;;;79;;
1;3;2094;1;448,089;364,3;REW SF ENT CLST SYS 5.1 S64LNX P CPU TIER 1 ESS E;20078998;;REW SF ENT CLST SYS 5.1 S64LNX P CPU TIER 1 ESS E;REW SF ENT CLST SYS 5.1 S64LNX P CPU TIER 1 ESS E;REW SF ENT CLST SYS 5.1 S64LNX P CPU TIER 1 ESS E;REW SF ENT CLST SYS 5.1 S64LNX P CPU TIER 1 ESS E;;;;79;;
1;3;2094;1;484,4232;393,84;EXP SF ENT CLST SYS 5.1 S64LNX P CPU TIER 1 ESS S;20078999;;EXP SF ENT CLST SYS 5.1 S64LNX P CPU TIER 1 ESS S;EXP SF ENT CLST SYS 5.1 S64LNX P CPU TIER 1 ESS S;EXP SF ENT CLST SYS 5.1 S64LNX P CPU TIER 1 ESS S;EXP SF ENT CLST SYS 5.1 S64LNX P CPU TIER 1 ESS S;;;;79;;
1;3;2094;1;2745,7659;2232,33;GOV SF ENT CLST SYS 5.1 S64LNX P CPU TIER 2 LIC S;20079004;;GOV SF ENT CLST SYS 5.1 S64LNX P CPU TIER 2 LIC S;GOV SF ENT CLST SYS 5.1 S64LNX P CPU TIER 2 LIC S;GOV SF ENT CLST SYS 5.1 S64LNX P CPU TIER 2 LIC S;GOV SF ENT CLST SYS 5.1 S64LNX P CPU TIER 2 LIC S;;;;79;;
1;3;2094;1;604,6434;491,58;REW SF ENT CLST SYS 5.1 S64LNX P CPU TIER 2 BAS E;20079006;;REW SF ENT CLST SYS 5.1 S64LNX P CPU TIER 2 BAS E;REW SF ENT CLST SYS 5.1 S64LNX P CPU TIER 2 BAS E;REW SF ENT CLST SYS 5.1 S64LNX P CPU TIER 2 BAS E;REW SF ENT CLST SYS 5.1 S64LNX P CPU TIER 2 BAS E;;;;79;;
1;3;2094;1;653,6589;531,43;GOV SF ENT CLST SYS 5.1 S64LNX P CPU TIER 2 BAS S;20079007;;GOV SF ENT CLST SYS 5.1 S64LNX P CPU TIER 2 BAS S;GOV SF ENT CLST SYS 5.1 S64LNX P CPU TIER 2 BAS S;GOV SF ENT CLST SYS 5.1 S64LNX P CPU TIER 2 BAS S;GOV SF ENT CLST SYS 5.1 S64LNX P CPU TIER 2 BAS S;;;;79;;
1;3;2094;1;772,5999;628,13;REW SF ENT CLST SYS 5.1 S64LNX P CPU TIER 2 ESS E;20079008;;REW SF ENT CLST SYS 5.1 S64LNX P CPU TIER 2 ESS E;REW SF ENT CLST SYS 5.1 S64LNX P CPU TIER 2 ESS E;REW SF ENT CLST SYS 5.1 S64LNX P CPU TIER 2 ESS E;REW SF ENT CLST SYS 5.1 S64LNX P CPU TIER 2 ESS E;;;;79;;
1;3;2094;1;848,8107;690,09;REWTSPP STOR FND ENT CLST 5.1 S64LNX T3 BAS 12M D;20079010;;REWTSPP STOR FND ENT CLST 5.1 S64LNX T3 BAS 12M D;REWTSPP STOR FND ENT CLST 5.1 S64LNX T3 BAS 12M D;REWTSPP STOR FND ENT CLST 5.1 S64LNX T3 BAS 12M D;REWTSPP STOR FND ENT CLST 5.1 S64LNX T3 BAS 12M D;;;;79;;
1;3;2094;1;1512,8385;1229,95;REW SF ENT CLST SYS 5.1 S64LNX P CPU TIER 1 LIC C;20079011;;REW SF ENT CLST SYS 5.1 S64LNX P CPU TIER 1 LIC C;REW SF ENT CLST SYS 5.1 S64LNX P CPU TIER 1 LIC C;REW SF ENT CLST SYS 5.1 S64LNX P CPU TIER 1 LIC C;REW SF ENT CLST SYS 5.1 S64LNX P CPU TIER 1 LIC C;;;;79;;
1;3;2094;1;484,4232;393,84;REW SF ENT CLST SYS 5.1 S64LNX P CPU TIER 1 ESS A;20079013;;REW SF ENT CLST SYS 5.1 S64LNX P CPU TIER 1 ESS A;REW SF ENT CLST SYS 5.1 S64LNX P CPU TIER 1 ESS A;REW SF ENT CLST SYS 5.1 S64LNX P CPU TIER 1 ESS A;REW SF ENT CLST SYS 5.1 S64LNX P CPU TIER 1 ESS A;;;;79;;
1;3;2094;1;484,4232;393,84;REW SF ENT CLST SYS 5.1 S64LNX P CPU TIER 1 ESS B;20079014;;REW SF ENT CLST SYS 5.1 S64LNX P CPU TIER 1 ESS B;REW SF ENT CLST SYS 5.1 S64LNX P CPU TIER 1 ESS B;REW SF ENT CLST SYS 5.1 S64LNX P CPU TIER 1 ESS B;REW SF ENT CLST SYS 5.1 S64LNX P CPU TIER 1 ESS B;;;;79;;
1;3;2094;1;366,2694;297,78;REWTSPP STOR FND ENT CLST 5.1 S64LNX T1 ESS 12M A;20079016;;REWTSPP STOR FND ENT CLST 5.1 S64LNX T1 ESS 12M A;REWTSPP STOR FND ENT CLST 5.1 S64LNX T1 ESS 12M A;REWTSPP STOR FND ENT CLST 5.1 S64LNX T1 ESS 12M A;REWTSPP STOR FND ENT CLST 5.1 S64LNX T1 ESS 12M A;;;;79;;
1;3;2094;1;265,1511;215,57;REWTSPP STOR FND ENT CLST 5.1 S64LNX T1 BAS 12M E;20079017;;REWTSPP STOR FND ENT CLST 5.1 S64LNX T1 BAS 12M E;REWTSPP STOR FND ENT CLST 5.1 S64LNX T1 BAS 12M E;REWTSPP STOR FND ENT CLST 5.1 S64LNX T1 BAS 12M E;REWTSPP STOR FND ENT CLST 5.1 S64LNX T1 BAS 12M E;;;;79;;
1;3;2094;1;286,6392;233,04;AE TSPP SF ENT CLST SYS 5.1 S64LNX T1 BAS 12M S;20079018;;AE TSPP SF ENT CLST SYS 5.1 S64LNX T1 BAS 12M S;AE TSPP SF ENT CLST SYS 5.1 S64LNX T1 BAS 12M S;AE TSPP SF ENT CLST SYS 5.1 S64LNX T1 BAS 12M S;AE TSPP SF ENT CLST SYS 5.1 S64LNX T1 BAS 12M S;;;;79;;
1;3;2094;1;1845,2952;1500,24;REW SF ENT CLST SYS 5.1 S64LNX T2 XGD LIC SFS A;20079019;;REW SF ENT CLST SYS 5.1 S64LNX T2 XGD LIC SFS A;REW SF ENT CLST SYS 5.1 S64LNX T2 XGD LIC SFS A;REW SF ENT CLST SYS 5.1 S64LNX T2 XGD LIC SFS A;REW SF ENT CLST SYS 5.1 S64LNX T2 XGD LIC SFS A;;;;79;;
1;3;2094;1;835,2561;679,07;EXP SF ENT CLST SYS 5.1 S64LNX P CPU TIER 2 ESS S;20079020;;EXP SF ENT CLST SYS 5.1 S64LNX P CPU TIER 2 ESS S;EXP SF ENT CLST SYS 5.1 S64LNX P CPU TIER 2 ESS S;EXP SF ENT CLST SYS 5.1 S64LNX P CPU TIER 2 ESS S;EXP SF ENT CLST SYS 5.1 S64LNX P CPU TIER 2 ESS S;;;;79;;
1;3;2094;1;631,5312;513,44;REWTSPP STOR FND ENT CLST 5.1 S64LNX T2 ESS 12M B;20079022;;REWTSPP STOR FND ENT CLST 5.1 S64LNX T2 ESS 12M B;REWTSPP STOR FND ENT CLST 5.1 S64LNX T2 ESS 12M B;REWTSPP STOR FND ENT CLST 5.1 S64LNX T2 ESS 12M B;REWTSPP STOR FND ENT CLST 5.1 S64LNX T2 ESS 12M B;;;;79;;
1;3;2094;1;494,2263;401,81;GOVTSPP STOR FND ENT CLST 5.1 S64LNX T2 BAS 12M S;20079023;;GOVTSPP STOR FND ENT CLST 5.1 S64LNX T2 BAS 12M S;GOVTSPP STOR FND ENT CLST 5.1 S64LNX T2 BAS 12M S;GOVTSPP STOR FND ENT CLST 5.1 S64LNX T2 BAS 12M S;GOVTSPP STOR FND ENT CLST 5.1 S64LNX T2 BAS 12M S;;;;79;;
1;3;2094;1;3060,9411;2488,57;REW SF ENT CLST SYS 5.1 S64LNX T3 XGD LIC SFS E;20079026;;REW SF ENT CLST SYS 5.1 S64LNX T3 XGD LIC SFS E;REW SF ENT CLST SYS 5.1 S64LNX T3 XGD LIC SFS E;REW SF ENT CLST SYS 5.1 S64LNX T3 XGD LIC SFS E;REW SF ENT CLST SYS 5.1 S64LNX T3 XGD LIC SFS E;;;;79;;
1;3;2094;1;4963,665;4035,5;REW SF ENT CLST SYS 5.1 S64LNX P CPU TIER 3 LIC A;20079027;;REW SF ENT CLST SYS 5.1 S64LNX P CPU TIER 3 LIC A;REW SF ENT CLST SYS 5.1 S64LNX P CPU TIER 3 LIC A;REW SF ENT CLST SYS 5.1 S64LNX P CPU TIER 3 LIC A;REW SF ENT CLST SYS 5.1 S64LNX P CPU TIER 3 LIC A;;;;79;;
1;3;2094;1;4715,5002;3833,74;REW SF ENT CLST SYS 5.1 S64LNX P CPU TIER 3 LIC D;20079028;;REW SF ENT CLST SYS 5.1 S64LNX P CPU TIER 3 LIC D;REW SF ENT CLST SYS 5.1 S64LNX P CPU TIER 3 LIC D;REW SF ENT CLST SYS 5.1 S64LNX P CPU TIER 3 LIC D;REW SF ENT CLST SYS 5.1 S64LNX P CPU TIER 3 LIC D;;;;79;;
1;3;2094;1;4963,665;4035,5;AE SF ENT CLST SYS 5.1 S64LNX P CPU TIER 3 LIC S;20079029;;AE SF ENT CLST SYS 5.1 S64LNX P CPU TIER 3 LIC S;AE SF ENT CLST SYS 5.1 S64LNX P CPU TIER 3 LIC S;AE SF ENT CLST SYS 5.1 S64LNX P CPU TIER 3 LIC S;AE SF ENT CLST SYS 5.1 S64LNX P CPU TIER 3 LIC S;;;;79;;
1;3;2094;1;1122,6087;912,69;REW SF ENT CLST SYS 5.1 S64LNX P CPU TIER 3 BAS D;20079030;;REW SF ENT CLST SYS 5.1 S64LNX P CPU TIER 3 BAS D;REW SF ENT CLST SYS 5.1 S64LNX P CPU TIER 3 BAS D;REW SF ENT CLST SYS 5.1 S64LNX P CPU TIER 3 BAS D;REW SF ENT CLST SYS 5.1 S64LNX P CPU TIER 3 BAS D;;;;79;;
1;3;2094;1;1845,2952;1500,24;REW SF ENT CLST SYS 5.1 S64LNX T2 XGD LIC SFS B;20079031;;REW SF ENT CLST SYS 5.1 S64LNX T2 XGD LIC SFS B;REW SF ENT CLST SYS 5.1 S64LNX T2 XGD LIC SFS B;REW SF ENT CLST SYS 5.1 S64LNX T2 XGD LIC SFS B;REW SF ENT CLST SYS 5.1 S64LNX T2 XGD LIC SFS B;;;;79;;
1;3;2094;1;1753,0329;1425,23;REW SF ENT CLST SYS 5.1 S64LNX T2 XGD LIC SFS C;20079032;;REW SF ENT CLST SYS 5.1 S64LNX T2 XGD LIC SFS C;REW SF ENT CLST SYS 5.1 S64LNX T2 XGD LIC SFS C;REW SF ENT CLST SYS 5.1 S64LNX T2 XGD LIC SFS C;REW SF ENT CLST SYS 5.1 S64LNX T2 XGD LIC SFS C;;;;79;;
1;3;2094;1;1706,9079;1387,73;REW SF ENT CLST SYS 5.1 S64LNX T2 XGD LIC SFS E;20079033;;REW SF ENT CLST SYS 5.1 S64LNX T2 XGD LIC SFS E;REW SF ENT CLST SYS 5.1 S64LNX T2 XGD LIC SFS E;REW SF ENT CLST SYS 5.1 S64LNX T2 XGD LIC SFS E;REW SF ENT CLST SYS 5.1 S64LNX T2 XGD LIC SFS E;;;;79;;
1;3;2094;1;620,9901;504,87;REW SF ENT CLST SYS 5.1 S64LNX P CPU TIER 2 BAS C;20079034;;REW SF ENT CLST SYS 5.1 S64LNX P CPU TIER 2 BAS C;REW SF ENT CLST SYS 5.1 S64LNX P CPU TIER 2 BAS C;REW SF ENT CLST SYS 5.1 S64LNX P CPU TIER 2 BAS C;REW SF ENT CLST SYS 5.1 S64LNX P CPU TIER 2 BAS C;;;;79;;
1;3;2094;1;494,2263;401,81;EXP TSPP STOR FND ENTCLST 5.1 S64LNX T2 BAS 12M S;20079037;;EXP TSPP STOR FND ENTCLST 5.1 S64LNX T2 BAS 12M S;EXP TSPP STOR FND ENTCLST 5.1 S64LNX T2 BAS 12M S;EXP TSPP STOR FND ENTCLST 5.1 S64LNX T2 BAS 12M S;EXP TSPP STOR FND ENTCLST 5.1 S64LNX T2 BAS 12M S;;;;79;;
1;3;2094;1;3309,1059;2690,33;REW SF ENT CLST SYS 5.1 S64LNX T3 XGD LIC SFS A;20079040;;REW SF ENT CLST SYS 5.1 S64LNX T3 XGD LIC SFS A;REW SF ENT CLST SYS 5.1 S64LNX T3 XGD LIC SFS A;REW SF ENT CLST SYS 5.1 S64LNX T3 XGD LIC SFS A;REW SF ENT CLST SYS 5.1 S64LNX T3 XGD LIC SFS A;;;;79;;
1;3;2094;1;893,4597;726,39;EXP TSPP STOR FND ENTCLST 5.1 S64LNX T3 BAS 12M S;20079043;;EXP TSPP STOR FND ENTCLST 5.1 S64LNX T3 BAS 12M S;EXP TSPP STOR FND ENTCLST 5.1 S64LNX T3 BAS 12M S;EXP TSPP STOR FND ENTCLST 5.1 S64LNX T3 BAS 12M S;EXP TSPP STOR FND ENTCLST 5.1 S64LNX T3 BAS 12M S;;;;79;;
1;3;2094;1;1181,661;960,7;REW SF ENT CLST SYS 5.1 S64LNX P CPU TIER 3 BAS A;20079050;;REW SF ENT CLST SYS 5.1 S64LNX P CPU TIER 3 BAS A;REW SF ENT CLST SYS 5.1 S64LNX P CPU TIER 3 BAS A;REW SF ENT CLST SYS 5.1 S64LNX P CPU TIER 3 BAS A;REW SF ENT CLST SYS 5.1 S64LNX P CPU TIER 3 BAS A;;;;79;;
1;3;2094;1;1181,661;960,7;REW SF ENT CLST SYS 5.1 S64LNX P CPU TIER 3 BAS B;20079051;;REW SF ENT CLST SYS 5.1 S64LNX P CPU TIER 3 BAS B;REW SF ENT CLST SYS 5.1 S64LNX P CPU TIER 3 BAS B;REW SF ENT CLST SYS 5.1 S64LNX P CPU TIER 3 BAS B;REW SF ENT CLST SYS 5.1 S64LNX P CPU TIER 3 BAS B;;;;79;;
1;3;2094;1;1181,661;960,7;GOV SF ENT CLST SYS 5.1 S64LNX P CPU TIER 3 BAS S;20079052;;GOV SF ENT CLST SYS 5.1 S64LNX P CPU TIER 3 BAS S;GOV SF ENT CLST SYS 5.1 S64LNX P CPU TIER 3 BAS S;GOV SF ENT CLST SYS 5.1 S64LNX P CPU TIER 3 BAS S;GOV SF ENT CLST SYS 5.1 S64LNX P CPU TIER 3 BAS S;;;;79;;
1;3;2094;1;1141,6491;928,17;AE TSPP SF ENT CLST SYS 5.1 S64LNX T3 ESS 12M S;20079054;;AE TSPP SF ENT CLST SYS 5.1 S64LNX T3 ESS 12M S;AE TSPP SF ENT CLST SYS 5.1 S64LNX T3 ESS 12M S;AE TSPP SF ENT CLST SYS 5.1 S64LNX T3 ESS 12M S;AE TSPP SF ENT CLST SYS 5.1 S64LNX T3 ESS 12M S;;;;79;;
1;3;2094;1;988,8585;803,95;REW SF ENT CLST SYS 5.1 S64LNX T1 XGD LIC SFS E;20079056;;REW SF ENT CLST SYS 5.1 S64LNX T1 XGD LIC SFS E;REW SF ENT CLST SYS 5.1 S64LNX T1 XGD LIC SFS E;REW SF ENT CLST SYS 5.1 S64LNX T1 XGD LIC SFS E;REW SF ENT CLST SYS 5.1 S64LNX T1 XGD LIC SFS E;;;;79;;
1;3;2094;1;1069,0299;869,13;EXP SF ENT CLST SYS 5.1 S64LNX CPU T1XG LIC SFS S;20079057;;EXP SF ENT CLST SYS 5.1 S64LNX CPU T1XG LIC SFS S;EXP SF ENT CLST SYS 5.1 S64LNX CPU T1XG LIC SFS S;EXP SF ENT CLST SYS 5.1 S64LNX CPU T1XG LIC SFS S;EXP SF ENT CLST SYS 5.1 S64LNX CPU T1XG LIC SFS S;;;;79;;
1;3;2094;1;460,1922;374,14;REW SF ENT CLST SYS 5.1 S64LNX P CPU TIER 1 ESS C;20079058;;REW SF ENT CLST SYS 5.1 S64LNX P CPU TIER 1 ESS C;REW SF ENT CLST SYS 5.1 S64LNX P CPU TIER 1 ESS C;REW SF ENT CLST SYS 5.1 S64LNX P CPU TIER 1 ESS C;REW SF ENT CLST SYS 5.1 S64LNX P CPU TIER 1 ESS C;;;;79;;
1;3;2094;1;272,322;221,4;REWTSPP STOR FND ENT CLST 5.1 S64LNX T1 BAS 12M C;20079060;;REWTSPP STOR FND ENT CLST 5.1 S64LNX T1 BAS 12M C;REWTSPP STOR FND ENT CLST 5.1 S64LNX T1 BAS 12M C;REWTSPP STOR FND ENT CLST 5.1 S64LNX T1 BAS 12M C;REWTSPP STOR FND ENT CLST 5.1 S64LNX T1 BAS 12M C;;;;79;;
1;3;2094;1;286,6392;233,04;GOVTSPP STOR FND ENT CLST 5.1 S64LNX T1 BAS 12M S;20079061;;GOVTSPP STOR FND ENT CLST 5.1 S64LNX T1 BAS 12M S;GOVTSPP STOR FND ENT CLST 5.1 S64LNX T1 BAS 12M S;GOVTSPP STOR FND ENT CLST 5.1 S64LNX T1 BAS 12M S;GOVTSPP STOR FND ENT CLST 5.1 S64LNX T1 BAS 12M S;;;;79;;
1;3;2094;1;366,2694;297,78;REWTSPP STOR FND ENT CLST 5.1 S64LNX T1 ESS 12M B;20079062;;REWTSPP STOR FND ENT CLST 5.1 S64LNX T1 ESS 12M B;REWTSPP STOR FND ENT CLST 5.1 S64LNX T1 ESS 12M B;REWTSPP STOR FND ENT CLST 5.1 S64LNX T1 ESS 12M B;REWTSPP STOR FND ENT CLST 5.1 S64LNX T1 ESS 12M B;;;;79;;
1;3;2094;1;1845,2952;1500,24;GOV SF ENT CLST SYS 5.1 S64LNX CPU T2XG LIC SFS S;20079067;;GOV SF ENT CLST SYS 5.1 S64LNX CPU T2XG LIC SFS S;GOV SF ENT CLST SYS 5.1 S64LNX CPU T2XG LIC SFS S;GOV SF ENT CLST SYS 5.1 S64LNX CPU T2XG LIC SFS S;GOV SF ENT CLST SYS 5.1 S64LNX CPU T2XG LIC SFS S;;;;79;;
1;3;2094;1;1845,2952;1500,24;EXP SF ENT CLST SYS 5.1 S64LNX CPU T2XG LIC SFS S;20079068;;EXP SF ENT CLST SYS 5.1 S64LNX CPU T2XG LIC SFS S;EXP SF ENT CLST SYS 5.1 S64LNX CPU T2XG LIC SFS S;EXP SF ENT CLST SYS 5.1 S64LNX CPU T2XG LIC SFS S;EXP SF ENT CLST SYS 5.1 S64LNX CPU T2XG LIC SFS S;;;;79;;
1;3;2094;1;2745,7659;2232,33;REW SF ENT CLST SYS 5.1 S64LNX P CPU TIER 2 LIC A;20079069;;REW SF ENT CLST SYS 5.1 S64LNX P CPU TIER 2 LIC A;REW SF ENT CLST SYS 5.1 S64LNX P CPU TIER 2 LIC A;REW SF ENT CLST SYS 5.1 S64LNX P CPU TIER 2 LIC A;REW SF ENT CLST SYS 5.1 S64LNX P CPU TIER 2 LIC A;;;;79;;
1;3;2094;1;653,6589;531,43;AE SF ENT CLST SYS 5.1 S64LNX P CPU TIER 2 BAS S;20079070;;AE SF ENT CLST SYS 5.1 S64LNX P CPU TIER 2 BAS S;AE SF ENT CLST SYS 5.1 S64LNX P CPU TIER 2 BAS S;AE SF ENT CLST SYS 5.1 S64LNX P CPU TIER 2 BAS S;AE SF ENT CLST SYS 5.1 S64LNX P CPU TIER 2 BAS S;;;;79;;
1;3;2094;1;835,2561;679,07;REW SF ENT CLST SYS 5.1 S64LNX P CPU TIER 2 ESS A;20079072;;REW SF ENT CLST SYS 5.1 S64LNX P CPU TIER 2 ESS A;REW SF ENT CLST SYS 5.1 S64LNX P CPU TIER 2 ESS A;REW SF ENT CLST SYS 5.1 S64LNX P CPU TIER 2 ESS A;REW SF ENT CLST SYS 5.1 S64LNX P CPU TIER 2 ESS A;;;;79;;
1;3;2094;1;835,2561;679,07;AE SF ENT CLST SYS 5.1 S64LNX P CPU TIER 2 ESS S;20079073;;AE SF ENT CLST SYS 5.1 S64LNX P CPU TIER 2 ESS S;AE SF ENT CLST SYS 5.1 S64LNX P CPU TIER 2 ESS S;AE SF ENT CLST SYS 5.1 S64LNX P CPU TIER 2 ESS S;AE SF ENT CLST SYS 5.1 S64LNX P CPU TIER 2 ESS S;;;;79;;
1;3;2094;1;599,9448;487,76;REWTSPP STOR FND ENT CLST 5.1 S64LNX T2 ESS 12M D;20079074;;REWTSPP STOR FND ENT CLST 5.1 S64LNX T2 ESS 12M D;REWTSPP STOR FND ENT CLST 5.1 S64LNX T2 ESS 12M D;REWTSPP STOR FND ENT CLST 5.1 S64LNX T2 ESS 12M D;REWTSPP STOR FND ENT CLST 5.1 S64LNX T2 ESS 12M D;;;;79;;
1;3;2094;1;3309,1059;2690,33;GOV SF ENT CLST SYS 5.1 S64LNX CPU T3XG LIC SFS S;20079077;;GOV SF ENT CLST SYS 5.1 S64LNX CPU T3XG LIC SFS S;GOV SF ENT CLST SYS 5.1 S64LNX CPU T3XG LIC SFS S;GOV SF ENT CLST SYS 5.1 S64LNX CPU T3XG LIC SFS S;GOV SF ENT CLST SYS 5.1 S64LNX CPU T3XG LIC SFS S;;;;79;;
1;3;2094;1;1122,6087;912,69;REW SF ENT CLST SYS 5.1 S64LNX P CPU TIER 3 BAS C;20079078;;REW SF ENT CLST SYS 5.1 S64LNX P CPU TIER 3 BAS C;REW SF ENT CLST SYS 5.1 S64LNX P CPU TIER 3 BAS C;REW SF ENT CLST SYS 5.1 S64LNX P CPU TIER 3 BAS C;REW SF ENT CLST SYS 5.1 S64LNX P CPU TIER 3 BAS C;;;;79;;
1;3;2094;1;1181,661;960,7;EXP SF ENT CLST SYS 5.1 S64LNX P CPU TIER 3 BAS S;20079079;;EXP SF ENT CLST SYS 5.1 S64LNX P CPU TIER 3 BAS S;EXP SF ENT CLST SYS 5.1 S64LNX P CPU TIER 3 BAS S;EXP SF ENT CLST SYS 5.1 S64LNX P CPU TIER 3 BAS S;EXP SF ENT CLST SYS 5.1 S64LNX P CPU TIER 3 BAS S;;;;79;;
1;3;2094;1;1069,0299;869,13;REW SF ENT CLST SYS 5.1 S64LNX T1 XGD LIC SFS A;20079081;;REW SF ENT CLST SYS 5.1 S64LNX T1 XGD LIC SFS A;REW SF ENT CLST SYS 5.1 S64LNX T1 XGD LIC SFS A;REW SF ENT CLST SYS 5.1 S64LNX T1 XGD LIC SFS A;REW SF ENT CLST SYS 5.1 S64LNX T1 XGD LIC SFS A;;;;79;;
1;3;2094;1;1069,0299;869,13;AE SF ENT CLST SYS 5.1 S64LNX CPU T1XG LIC SFS S;20079082;;AE SF ENT CLST SYS 5.1 S64LNX CPU T1XG LIC SFS S;AE SF ENT CLST SYS 5.1 S64LNX CPU T1XG LIC SFS S;AE SF ENT CLST SYS 5.1 S64LNX CPU T1XG LIC SFS S;AE SF ENT CLST SYS 5.1 S64LNX CPU T1XG LIC SFS S;;;;79;;
1;3;2094;1;1592,4564;1294,68;REW SF ENT CLST SYS 5.1 S64LNX P CPU TIER 1 LIC B;20079083;;REW SF ENT CLST SYS 5.1 S64LNX P CPU TIER 1 LIC B;REW SF ENT CLST SYS 5.1 S64LNX P CPU TIER 1 LIC B;REW SF ENT CLST SYS 5.1 S64LNX P CPU TIER 1 LIC B;REW SF ENT CLST SYS 5.1 S64LNX P CPU TIER 1 LIC B;;;;79;;
1;3;2094;1;379,1106;308,22;AE SF ENT CLST SYS 5.1 S64LNX P CPU TIER 1 BAS S;20079085;;AE SF ENT CLST SYS 5.1 S64LNX P CPU TIER 1 BAS S;AE SF ENT CLST SYS 5.1 S64LNX P CPU TIER 1 BAS S;AE SF ENT CLST SYS 5.1 S64LNX P CPU TIER 1 BAS S;AE SF ENT CLST SYS 5.1 S64LNX P CPU TIER 1 BAS S;;;;79;;
1;3;2094;1;366,2694;297,78;EXP TSPP STOR FND ENTCLST 5.1 S64LNX T1 ESS 12M S;20079088;;EXP TSPP STOR FND ENTCLST 5.1 S64LNX T1 ESS 12M S;EXP TSPP STOR FND ENTCLST 5.1 S64LNX T1 ESS 12M S;EXP TSPP STOR FND ENTCLST 5.1 S64LNX T1 ESS 12M S;EXP TSPP STOR FND ENTCLST 5.1 S64LNX T1 ESS 12M S;;;;79;;
1;3;2094;1;366,2694;297,78;AE TSPP SF ENT CLST SYS 5.1 S64LNX T1 ESS 12M S;20079089;;AE TSPP SF ENT CLST SYS 5.1 S64LNX T1 ESS 12M S;AE TSPP SF ENT CLST SYS 5.1 S64LNX T1 ESS 12M S;AE TSPP SF ENT CLST SYS 5.1 S64LNX T1 ESS 12M S;AE TSPP SF ENT CLST SYS 5.1 S64LNX T1 ESS 12M S;;;;79;;
1;3;2094;1;286,6392;233,04;REWTSPP STOR FND ENT CLST 5.1 S64LNX T1 BAS 12M B;20079090;;REWTSPP STOR FND ENT CLST 5.1 S64LNX T1 BAS 12M B;REWTSPP STOR FND ENT CLST 5.1 S64LNX T1 BAS 12M B;REWTSPP STOR FND ENT CLST 5.1 S64LNX T1 BAS 12M B;REWTSPP STOR FND ENT CLST 5.1 S64LNX T1 BAS 12M B;;;;79;;
1;3;2094;1;286,6392;233,04;EXP TSPP STOR FND ENTCLST 5.1 S64LNX T1 BAS 12M S;20079091;;EXP TSPP STOR FND ENTCLST 5.1 S64LNX T1 BAS 12M S;EXP TSPP STOR FND ENTCLST 5.1 S64LNX T1 BAS 12M S;EXP TSPP STOR FND ENTCLST 5.1 S64LNX T1 BAS 12M S;EXP TSPP STOR FND ENTCLST 5.1 S64LNX T1 BAS 12M S;;;;79;;
1;3;2094;1;2539,8516;2064,92;REW SF ENT CLST SYS 5.1 S64LNX P CPU TIER 2 LIC E;20079092;;REW SF ENT CLST SYS 5.1 S64LNX P CPU TIER 2 LIC E;REW SF ENT CLST SYS 5.1 S64LNX P CPU TIER 2 LIC E;REW SF ENT CLST SYS 5.1 S64LNX P CPU TIER 2 LIC E;REW SF ENT CLST SYS 5.1 S64LNX P CPU TIER 2 LIC E;;;;79;;
1;3;2094;1;620,9901;504,87;REW SF ENT CLST SYS 5.1 S64LNX P CPU TIER 2 BAS D;20079093;;REW SF ENT CLST SYS 5.1 S64LNX P CPU TIER 2 BAS D;REW SF ENT CLST SYS 5.1 S64LNX P CPU TIER 2 BAS D;REW SF ENT CLST SYS 5.1 S64LNX P CPU TIER 2 BAS D;REW SF ENT CLST SYS 5.1 S64LNX P CPU TIER 2 BAS D;;;;79;;
1;3;2094;1;653,6589;531,43;EXP SF ENT CLST SYS 5.1 S64LNX P CPU TIER 2 BAS S;20079094;;EXP SF ENT CLST SYS 5.1 S64LNX P CPU TIER 2 BAS S;EXP SF ENT CLST SYS 5.1 S64LNX P CPU TIER 2 BAS S;EXP SF ENT CLST SYS 5.1 S64LNX P CPU TIER 2 BAS S;EXP SF ENT CLST SYS 5.1 S64LNX P CPU TIER 2 BAS S;;;;79;;
1;3;2094;1;793,4853;645,11;REW SF ENT CLST SYS 5.1 S64LNX P CPU TIER 2 ESS D;20079095;;REW SF ENT CLST SYS 5.1 S64LNX P CPU TIER 2 ESS D;REW SF ENT CLST SYS 5.1 S64LNX P CPU TIER 2 ESS D;REW SF ENT CLST SYS 5.1 S64LNX P CPU TIER 2 ESS D;REW SF ENT CLST SYS 5.1 S64LNX P CPU TIER 2 ESS D;;;;79;;
1;3;2094;1;835,2561;679,07;GOV SF ENT CLST SYS 5.1 S64LNX P CPU TIER 2 ESS S;20079096;;GOV SF ENT CLST SYS 5.1 S64LNX P CPU TIER 2 ESS S;GOV SF ENT CLST SYS 5.1 S64LNX P CPU TIER 2 ESS S;GOV SF ENT CLST SYS 5.1 S64LNX P CPU TIER 2 ESS S;GOV SF ENT CLST SYS 5.1 S64LNX P CPU TIER 2 ESS S;;;;79;;
1;3;2094;1;631,5312;513,44;REWTSPP STOR FND ENT CLST 5.1 S64LNX T2 ESS 12M A;20079098;;REWTSPP STOR FND ENT CLST 5.1 S64LNX T2 ESS 12M A;REWTSPP STOR FND ENT CLST 5.1 S64LNX T2 ESS 12M A;REWTSPP STOR FND ENT CLST 5.1 S64LNX T2 ESS 12M A;REWTSPP STOR FND ENT CLST 5.1 S64LNX T2 ESS 12M A;;;;79;;
1;3;2094;1;631,5312;513,44;AE TSPP SF ENT CLST SYS 5.1 S64LNX T2 ESS 12M S;20079099;;AE TSPP SF ENT CLST SYS 5.1 S64LNX T2 ESS 12M S;AE TSPP SF ENT CLST SYS 5.1 S64LNX T2 ESS 12M S;AE TSPP SF ENT CLST SYS 5.1 S64LNX T2 ESS 12M S;AE TSPP SF ENT CLST SYS 5.1 S64LNX T2 ESS 12M S;;;;79;;
1;3;2094;1;469,5402;381,74;REWTSPP STOR FND ENT CLST 5.1 S64LNX T2 BAS 12M C;20079100;;REWTSPP STOR FND ENT CLST 5.1 S64LNX T2 BAS 12M C;REWTSPP STOR FND ENT CLST 5.1 S64LNX T2 BAS 12M C;REWTSPP STOR FND ENT CLST 5.1 S64LNX T2 BAS 12M C;REWTSPP STOR FND ENT CLST 5.1 S64LNX T2 BAS 12M C;;;;79;;
1;3;2094;1;469,5402;381,74;REWTSPP STOR FND ENT CLST 5.1 S64LNX T2 BAS 12M D;20079101;;REWTSPP STOR FND ENT CLST 5.1 S64LNX T2 BAS 12M D;REWTSPP STOR FND ENT CLST 5.1 S64LNX T2 BAS 12M D;REWTSPP STOR FND ENT CLST 5.1 S64LNX T2 BAS 12M D;REWTSPP STOR FND ENT CLST 5.1 S64LNX T2 BAS 12M D;;;;79;;
1;3;2094;1;457,1787;371,69;REWTSPP STOR FND ENT CLST 5.1 S64LNX T2 BAS 12M E;20079102;;REWTSPP STOR FND ENT CLST 5.1 S64LNX T2 BAS 12M E;REWTSPP STOR FND ENT CLST 5.1 S64LNX T2 BAS 12M E;REWTSPP STOR FND ENT CLST 5.1 S64LNX T2 BAS 12M E;REWTSPP STOR FND ENT CLST 5.1 S64LNX T2 BAS 12M E;;;;79;;
1;3;2094;1;4591,4055;3732,85;REW SF ENT CLST SYS 5.1 S64LNX P CPU TIER 3 LIC E;20079103;;REW SF ENT CLST SYS 5.1 S64LNX P CPU TIER 3 LIC E;REW SF ENT CLST SYS 5.1 S64LNX P CPU TIER 3 LIC E;REW SF ENT CLST SYS 5.1 S64LNX P CPU TIER 3 LIC E;REW SF ENT CLST SYS 5.1 S64LNX P CPU TIER 3 LIC E;;;;79;;
1;3;2094;1;4963,665;4035,5;GOV SF ENT CLST SYS 5.1 S64LNX P CPU TIER 3 LIC S;20079104;;GOV SF ENT CLST SYS 5.1 S64LNX P CPU TIER 3 LIC S;GOV SF ENT CLST SYS 5.1 S64LNX P CPU TIER 3 LIC S;GOV SF ENT CLST SYS 5.1 S64LNX P CPU TIER 3 LIC S;GOV SF ENT CLST SYS 5.1 S64LNX P CPU TIER 3 LIC S;;;;79;;
1;3;2094;1;1434,4137;1166,19;REW SF ENT CLST SYS 5.1 S64LNX P CPU TIER 3 ESS C;20079105;;REW SF ENT CLST SYS 5.1 S64LNX P CPU TIER 3 ESS C;REW SF ENT CLST SYS 5.1 S64LNX P CPU TIER 3 ESS C;REW SF ENT CLST SYS 5.1 S64LNX P CPU TIER 3 ESS C;REW SF ENT CLST SYS 5.1 S64LNX P CPU TIER 3 ESS C;;;;79;;
1;3;2094;1;1434,4137;1166,19;REW SF ENT CLST SYS 5.1 S64LNX P CPU TIER 3 ESS D;20079106;;REW SF ENT CLST SYS 5.1 S64LNX P CPU TIER 3 ESS D;REW SF ENT CLST SYS 5.1 S64LNX P CPU TIER 3 ESS D;REW SF ENT CLST SYS 5.1 S64LNX P CPU TIER 3 ESS D;REW SF ENT CLST SYS 5.1 S64LNX P CPU TIER 3 ESS D;;;;79;;
1;3;2094;1;1396,6773;1135,51;REW SF ENT CLST SYS 5.1 S64LNX P CPU TIER 3 ESS E;20079107;;REW SF ENT CLST SYS 5.1 S64LNX P CPU TIER 3 ESS E;REW SF ENT CLST SYS 5.1 S64LNX P CPU TIER 3 ESS E;REW SF ENT CLST SYS 5.1 S64LNX P CPU TIER 3 ESS E;REW SF ENT CLST SYS 5.1 S64LNX P CPU TIER 3 ESS E;;;;79;;
1;3;2094;1;1141,6491;928,17;REWTSPP STOR FND ENT CLST 5.1 S64LNX T3 ESS 12M A;20079110;;REWTSPP STOR FND ENT CLST 5.1 S64LNX T3 ESS 12M A;REWTSPP STOR FND ENT CLST 5.1 S64LNX T3 ESS 12M A;REWTSPP STOR FND ENT CLST 5.1 S64LNX T3 ESS 12M A;REWTSPP STOR FND ENT CLST 5.1 S64LNX T3 ESS 12M A;;;;79;;
1;3;2094;1;1056,0165;858,55;REWTSPP STOR FND ENT CLST 5.1 S64LNX T3 ESS 12M E;20079111;;REWTSPP STOR FND ENT CLST 5.1 S64LNX T3 ESS 12M E;REWTSPP STOR FND ENT CLST 5.1 S64LNX T3 ESS 12M E;REWTSPP STOR FND ENT CLST 5.1 S64LNX T3 ESS 12M E;REWTSPP STOR FND ENT CLST 5.1 S64LNX T3 ESS 12M E;;;;79;;
1;3;2094;1;350,673;285,1;REW SF ENT CLST SYS 5.1 S64LNX P CPU TIER 1 BAS E;20079112;;REW SF ENT CLST SYS 5.1 S64LNX P CPU TIER 1 BAS E;REW SF ENT CLST SYS 5.1 S64LNX P CPU TIER 1 BAS E;REW SF ENT CLST SYS 5.1 S64LNX P CPU TIER 1 BAS E;REW SF ENT CLST SYS 5.1 S64LNX P CPU TIER 1 BAS E;;;;79;;
1;3;2094;1;379,1106;308,22;GOV SF ENT CLST SYS 5.1 S64LNX P CPU TIER 1 BAS S;20079113;;GOV SF ENT CLST SYS 5.1 S64LNX P CPU TIER 1 BAS S;GOV SF ENT CLST SYS 5.1 S64LNX P CPU TIER 1 BAS S;GOV SF ENT CLST SYS 5.1 S64LNX P CPU TIER 1 BAS S;GOV SF ENT CLST SYS 5.1 S64LNX P CPU TIER 1 BAS S;;;;79;;
1;3;2094;1;347,9547;282,89;REWTSPP STOR FND ENT CLST 5.1 S64LNX T1 ESS 12M C;20079114;;REWTSPP STOR FND ENT CLST 5.1 S64LNX T1 ESS 12M C;REWTSPP STOR FND ENT CLST 5.1 S64LNX T1 ESS 12M C;REWTSPP STOR FND ENT CLST 5.1 S64LNX T1 ESS 12M C;REWTSPP STOR FND ENT CLST 5.1 S64LNX T1 ESS 12M C;;;;79;;
1;3;2094;1;338,8035;275,45;REWTSPP STOR FND ENT CLST 5.1 S64LNX T1 ESS 12M E;20079115;;REWTSPP STOR FND ENT CLST 5.1 S64LNX T1 ESS 12M E;REWTSPP STOR FND ENT CLST 5.1 S64LNX T1 ESS 12M E;REWTSPP STOR FND ENT CLST 5.1 S64LNX T1 ESS 12M E;REWTSPP STOR FND ENT CLST 5.1 S64LNX T1 ESS 12M E;;;;79;;
1;3;2094;1;286,6392;233,04;REWTSPP STOR FND ENT CLST 5.1 S64LNX T1 BAS 12M A;20079116;;REWTSPP STOR FND ENT CLST 5.1 S64LNX T1 BAS 12M A;REWTSPP STOR FND ENT CLST 5.1 S64LNX T1 BAS 12M A;REWTSPP STOR FND ENT CLST 5.1 S64LNX T1 BAS 12M A;REWTSPP STOR FND ENT CLST 5.1 S64LNX T1 BAS 12M A;;;;79;;
1;3;2094;1;1753,0329;1425,23;REW SF ENT CLST SYS 5.1 S64LNX T2 XGD LIC SFS D;20079119;;REW SF ENT CLST SYS 5.1 S64LNX T2 XGD LIC SFS D;REW SF ENT CLST SYS 5.1 S64LNX T2 XGD LIC SFS D;REW SF ENT CLST SYS 5.1 S64LNX T2 XGD LIC SFS D;REW SF ENT CLST SYS 5.1 S64LNX T2 XGD LIC SFS D;;;;79;;
1;3;2094;1;1845,2952;1500,24;AE SF ENT CLST SYS 5.1 S64LNX CPU T2XG LIC SFS S;20079120;;AE SF ENT CLST SYS 5.1 S64LNX CPU T2XG LIC SFS S;AE SF ENT CLST SYS 5.1 S64LNX CPU T2XG LIC SFS S;AE SF ENT CLST SYS 5.1 S64LNX CPU T2XG LIC SFS S;AE SF ENT CLST SYS 5.1 S64LNX CPU T2XG LIC SFS S;;;;79;;
1;3;2094;1;347,9547;282,89;REWTSPP STOR FND ENT CLST 5.1 S64LNX T1 ESS 12M D;20079121;;REWTSPP STOR FND ENT CLST 5.1 S64LNX T1 ESS 12M D;REWTSPP STOR FND ENT CLST 5.1 S64LNX T1 ESS 12M D;REWTSPP STOR FND ENT CLST 5.1 S64LNX T1 ESS 12M D;REWTSPP STOR FND ENT CLST 5.1 S64LNX T1 ESS 12M D;;;;79;;
1;3;2094;1;2608,4856;2120,72;REW SF ENT CLST SYS 5.1 S64LNX P CPU TIER 2 LIC C;20079122;;REW SF ENT CLST SYS 5.1 S64LNX P CPU TIER 2 LIC C;REW SF ENT CLST SYS 5.1 S64LNX P CPU TIER 2 LIC C;REW SF ENT CLST SYS 5.1 S64LNX P CPU TIER 2 LIC C;REW SF ENT CLST SYS 5.1 S64LNX P CPU TIER 2 LIC C;;;;79;;
1;3;2094;1;2745,7659;2232,33;EXP SF ENT CLST SYS 5.1 S64LNX P CPU T2 STD LIC S;20079123;;EXP SF ENT CLST SYS 5.1 S64LNX P CPU T2 STD LIC S;EXP SF ENT CLST SYS 5.1 S64LNX P CPU T2 STD LIC S;EXP SF ENT CLST SYS 5.1 S64LNX P CPU T2 STD LIC S;EXP SF ENT CLST SYS 5.1 S64LNX P CPU T2 STD LIC S;;;;79;;
1;3;2094;1;653,6589;531,43;REW SF ENT CLST SYS 5.1 S64LNX P CPU TIER 2 BAS A;20079124;;REW SF ENT CLST SYS 5.1 S64LNX P CPU TIER 2 BAS A;REW SF ENT CLST SYS 5.1 S64LNX P CPU TIER 2 BAS A;REW SF ENT CLST SYS 5.1 S64LNX P CPU TIER 2 BAS A;REW SF ENT CLST SYS 5.1 S64LNX P CPU TIER 2 BAS A;;;;79;;
1;3;2094;1;653,6589;531,43;REW SF ENT CLST SYS 5.1 S64LNX P CPU TIER 2 BAS B;20079125;;REW SF ENT CLST SYS 5.1 S64LNX P CPU TIER 2 BAS B;REW SF ENT CLST SYS 5.1 S64LNX P CPU TIER 2 BAS B;REW SF ENT CLST SYS 5.1 S64LNX P CPU TIER 2 BAS B;REW SF ENT CLST SYS 5.1 S64LNX P CPU TIER 2 BAS B;;;;79;;
1;3;2094;1;7536,4437;6127,19;REW VR ENT 5.1 S64LNX PER CPU TIER 3 STD LIC B;20079126;;REW VR ENT 5.1 S64LNX PER CPU TIER 3 STD LIC B;REW VR ENT 5.1 S64LNX PER CPU TIER 3 STD LIC B;REW VR ENT 5.1 S64LNX PER CPU TIER 3 STD LIC B;REW VR ENT 5.1 S64LNX PER CPU TIER 3 STD LIC B;;;;79;;
1;3;2094;1;2120,5815;1724,05;REW VR ENT 5.1 S64LNX PER CPU TIER 3 ESS E;20079127;;REW VR ENT 5.1 S64LNX PER CPU TIER 3 ESS E;REW VR ENT 5.1 S64LNX PER CPU TIER 3 ESS E;REW VR ENT 5.1 S64LNX PER CPU TIER 3 ESS E;REW VR ENT 5.1 S64LNX PER CPU TIER 3 ESS E;;;;79;;
1;3;2094;1;1356,567;1102,9;GOV TSPP VOL REPLICAT ENT 5.1 S64LNX T3 BAS 12M S;20079130;;GOV TSPP VOL REPLICAT ENT 5.1 S64LNX T3 BAS 12M S;GOV TSPP VOL REPLICAT ENT 5.1 S64LNX T3 BAS 12M S;GOV TSPP VOL REPLICAT ENT 5.1 S64LNX T3 BAS 12M S;GOV TSPP VOL REPLICAT ENT 5.1 S64LNX T3 BAS 12M S;;;;79;;
1;3;2094;1;540,7326;439,62;REW VR ENT 5.1 S64LNX PER CPU TIER 1 BAS D;20079133;;REW VR ENT 5.1 S64LNX PER CPU TIER 1 BAS D;REW VR ENT 5.1 S64LNX PER CPU TIER 1 BAS D;REW VR ENT 5.1 S64LNX PER CPU TIER 1 BAS D;REW VR ENT 5.1 S64LNX PER CPU TIER 1 BAS D;;;;79;;
1;3;2094;1;727,299;591,3;REW VR ENT 5.1 S64LNX PER CPU TIER 1 ESS A;20079134;;REW VR ENT 5.1 S64LNX PER CPU TIER 1 ESS A;REW VR ENT 5.1 S64LNX PER CPU TIER 1 ESS A;REW VR ENT 5.1 S64LNX PER CPU TIER 1 ESS A;REW VR ENT 5.1 S64LNX PER CPU TIER 1 ESS A;;;;79;;
1;3;2094;1;508,6542;413,54;REW TSPP VOL REPLIC ENT 5.1 S64LNX CPU T1ESS12M E;20079135;;REW TSPP VOL REPLIC ENT 5.1 S64LNX CPU T1ESS12M E;REW TSPP VOL REPLIC ENT 5.1 S64LNX CPU T1ESS12M E;REW TSPP VOL REPLIC ENT 5.1 S64LNX CPU T1ESS12M E;REW TSPP VOL REPLIC ENT 5.1 S64LNX CPU T1ESS12M E;;;;79;;
1;3;2094;1;430,3647;349,89;REW TSPP VOL REPLIC ENT 5.1 S64LNX CPU T1BAS12M A;20079136;;REW TSPP VOL REPLIC ENT 5.1 S64LNX CPU T1BAS12M A;REW TSPP VOL REPLIC ENT 5.1 S64LNX CPU T1BAS12M A;REW TSPP VOL REPLIC ENT 5.1 S64LNX CPU T1BAS12M A;REW TSPP VOL REPLIC ENT 5.1 S64LNX CPU T1BAS12M A;;;;79;;
1;3;2094;1;430,3647;349,89;GOV TSPP VOL REPLICAT ENT 5.1 S64LNX T1 BAS 12M S;20079137;;GOV TSPP VOL REPLICAT ENT 5.1 S64LNX T1 BAS 12M S;GOV TSPP VOL REPLICAT ENT 5.1 S64LNX T1 BAS 12M S;GOV TSPP VOL REPLICAT ENT 5.1 S64LNX T1 BAS 12M S;GOV TSPP VOL REPLICAT ENT 5.1 S64LNX T1 BAS 12M S;;;;79;;
1;3;2094;1;4165,2228;3386,36;EXP VR ENT 5.1 S64LNX PER CPU TIER 2 STD LIC S;20079141;;EXP VR ENT 5.1 S64LNX PER CPU TIER 2 STD LIC S;EXP VR ENT 5.1 S64LNX PER CPU TIER 2 STD LIC S;EXP VR ENT 5.1 S64LNX PER CPU TIER 2 STD LIC S;EXP VR ENT 5.1 S64LNX PER CPU TIER 2 STD LIC S;;;;79;;
1;3;2094;1;991,5891;806,17;REW VR ENT 5.1 S64LNX PER CPU TIER 2 BAS B;20079142;;REW VR ENT 5.1 S64LNX PER CPU TIER 2 BAS B;REW VR ENT 5.1 S64LNX PER CPU TIER 2 BAS B;REW VR ENT 5.1 S64LNX PER CPU TIER 2 BAS B;REW VR ENT 5.1 S64LNX PER CPU TIER 2 BAS B;;;;79;;
1;3;2094;1;957,9978;778,86;AE TSPP VOL REPLIC ENT5.1 S64LNX P CPU T2 ESS 12M S;20079145;;AE TSPP VOL REPLIC ENT5.1 S64LNX P CPU T2 ESS 12M S;AE TSPP VOL REPLIC ENT5.1 S64LNX P CPU T2 ESS 12M S;AE TSPP VOL REPLIC ENT5.1 S64LNX P CPU T2 ESS 12M S;AE TSPP VOL REPLIC ENT5.1 S64LNX P CPU T2 ESS 12M S;;;;79;;
1;3;2094;1;1704,4602;1385,74;REW VR ENT 5.1 S64LNX PER CPU TIER 3 BAS C;20079150;;REW VR ENT 5.1 S64LNX PER CPU TIER 3 BAS C;REW VR ENT 5.1 S64LNX PER CPU TIER 3 BAS C;REW VR ENT 5.1 S64LNX PER CPU TIER 3 BAS C;REW VR ENT 5.1 S64LNX PER CPU TIER 3 BAS C;;;;79;;
1;3;2094;1;1356,567;1102,9;REW TSPP VOL REPLIC ENT 5.1 S64LNX CPU T3BAS12M A;20079152;;REW TSPP VOL REPLIC ENT 5.1 S64LNX CPU T3BAS12M A;REW TSPP VOL REPLIC ENT 5.1 S64LNX CPU T3BAS12M A;REW TSPP VOL REPLIC ENT 5.1 S64LNX CPU T3BAS12M A;REW TSPP VOL REPLIC ENT 5.1 S64LNX CPU T3BAS12M A;;;;79;;
1;3;2094;1;540,7326;439,62;REW VR ENT 5.1 S64LNX PER CPU TIER 1 BAS C;20079154;;REW VR ENT 5.1 S64LNX PER CPU TIER 1 BAS C;REW VR ENT 5.1 S64LNX PER CPU TIER 1 BAS C;REW VR ENT 5.1 S64LNX PER CPU TIER 1 BAS C;REW VR ENT 5.1 S64LNX PER CPU TIER 1 BAS C;;;;79;;
1;3;2094;1;690,9402;561,74;REW VR ENT 5.1 S64LNX PER CPU TIER 1 ESS C;20079155;;REW VR ENT 5.1 S64LNX PER CPU TIER 1 ESS C;REW VR ENT 5.1 S64LNX PER CPU TIER 1 ESS C;REW VR ENT 5.1 S64LNX PER CPU TIER 1 ESS C;REW VR ENT 5.1 S64LNX PER CPU TIER 1 ESS C;;;;79;;
1;3;2094;1;549,9084;447,08;EXP TSPP VOL REPLICAT ENT 5.1 S64LNX T1 ESS 12M S;20079158;;EXP TSPP VOL REPLICAT ENT 5.1 S64LNX T1 ESS 12M S;EXP TSPP VOL REPLICAT ENT 5.1 S64LNX T1 ESS 12M S;EXP TSPP VOL REPLICAT ENT 5.1 S64LNX T1 ESS 12M S;EXP TSPP VOL REPLICAT ENT 5.1 S64LNX T1 ESS 12M S;;;;79;;
1;3;2094;1;430,3647;349,89;EXP TSPP VOL REPLICAT ENT 5.1 S64LNX T1 BAS 12M S;20079159;;EXP TSPP VOL REPLICAT ENT 5.1 S64LNX T1 BAS 12M S;EXP TSPP VOL REPLICAT ENT 5.1 S64LNX T1 BAS 12M S;EXP TSPP VOL REPLICAT ENT 5.1 S64LNX T1 BAS 12M S;EXP TSPP VOL REPLICAT ENT 5.1 S64LNX T1 BAS 12M S;;;;79;;
1;3;2094;1;3956,9715;3217,05;REW VR ENT 5.1 S64LNX PER CPU TIER 2 STD LIC C;20079162;;REW VR ENT 5.1 S64LNX PER CPU TIER 2 STD LIC C;REW VR ENT 5.1 S64LNX PER CPU TIER 2 STD LIC C;REW VR ENT 5.1 S64LNX PER CPU TIER 2 STD LIC C;REW VR ENT 5.1 S64LNX PER CPU TIER 2 STD LIC C;;;;79;;
1;3;2094;1;712,2684;579,08;REW TSPP VOL REPLIC ENT 5.1 S64LNX CPU T2BAS12M C;20079165;;REW TSPP VOL REPLIC ENT 5.1 S64LNX CPU T2BAS12M C;REW TSPP VOL REPLIC ENT 5.1 S64LNX CPU T2BAS12M C;REW TSPP VOL REPLIC ENT 5.1 S64LNX CPU T2BAS12M C;REW TSPP VOL REPLIC ENT 5.1 S64LNX CPU T2BAS12M C;;;;79;;
1;3;2094;1;693,5109;563,83;REW TSPP VOL REPLIC ENT 5.1 S64LNX CPU T2BAS12M E;20079166;;REW TSPP VOL REPLIC ENT 5.1 S64LNX CPU T2BAS12M E;REW TSPP VOL REPLIC ENT 5.1 S64LNX CPU T2BAS12M E;REW TSPP VOL REPLIC ENT 5.1 S64LNX CPU T2BAS12M E;REW TSPP VOL REPLIC ENT 5.1 S64LNX CPU T2BAS12M E;;;;79;;
1;3;2094;1;2292,5478;1863,86;REW VR ENT 5.1 S64LNX PER CPU TIER 3 ESS A;20079167;;REW VR ENT 5.1 S64LNX PER CPU TIER 3 ESS A;REW VR ENT 5.1 S64LNX PER CPU TIER 3 ESS A;REW VR ENT 5.1 S64LNX PER CPU TIER 3 ESS A;REW VR ENT 5.1 S64LNX PER CPU TIER 3 ESS A;;;;79;;
1;3;2094;1;1733,3775;1409,25;REW TSPP VOL REPLIC ENT 5.1 S64LNX CPU T3ESS12M B;20079169;;REW TSPP VOL REPLIC ENT 5.1 S64LNX CPU T3ESS12M B;REW TSPP VOL REPLIC ENT 5.1 S64LNX CPU T3ESS12M B;REW TSPP VOL REPLIC ENT 5.1 S64LNX CPU T3ESS12M B;REW TSPP VOL REPLIC ENT 5.1 S64LNX CPU T3ESS12M B;;;;79;;
1;3;2094;1;2390,8986;1943,82;REW VR ENT 5.1 S64LNX PER CPU TIER 1 STD LIC A;20079171;;REW VR ENT 5.1 S64LNX PER CPU TIER 1 STD LIC A;REW VR ENT 5.1 S64LNX PER CPU TIER 1 STD LIC A;REW VR ENT 5.1 S64LNX PER CPU TIER 1 STD LIC A;REW VR ENT 5.1 S64LNX PER CPU TIER 1 STD LIC A;;;;79;;
1;3;2094;1;2271,3672;1846,64;REW VR ENT 5.1 S64LNX PER CPU TIER 1 STD LIC D;20079172;;REW VR ENT 5.1 S64LNX PER CPU TIER 1 STD LIC D;REW VR ENT 5.1 S64LNX PER CPU TIER 1 STD LIC D;REW VR ENT 5.1 S64LNX PER CPU TIER 1 STD LIC D;REW VR ENT 5.1 S64LNX PER CPU TIER 1 STD LIC D;;;;79;;
1;3;2094;1;2390,8986;1943,82;AE VR ENT 5.1 S64LNX PER CPU TIER 1 STD LIC S;20079173;;AE VR ENT 5.1 S64LNX PER CPU TIER 1 STD LIC S;AE VR ENT 5.1 S64LNX PER CPU TIER 1 STD LIC S;AE VR ENT 5.1 S64LNX PER CPU TIER 1 STD LIC S;AE VR ENT 5.1 S64LNX PER CPU TIER 1 STD LIC S;;;;79;;
1;3;2094;1;569,1825;462,75;REW VR ENT 5.1 S64LNX PER CPU TIER 1 BAS A;20079174;;REW VR ENT 5.1 S64LNX PER CPU TIER 1 BAS A;REW VR ENT 5.1 S64LNX PER CPU TIER 1 BAS A;REW VR ENT 5.1 S64LNX PER CPU TIER 1 BAS A;REW VR ENT 5.1 S64LNX PER CPU TIER 1 BAS A;;;;79;;
1;3;2094;1;672,7485;546,95;REW VR ENT 5.1 S64LNX PER CPU TIER 1 ESS E;20079175;;REW VR ENT 5.1 S64LNX PER CPU TIER 1 ESS E;REW VR ENT 5.1 S64LNX PER CPU TIER 1 ESS E;REW VR ENT 5.1 S64LNX PER CPU TIER 1 ESS E;REW VR ENT 5.1 S64LNX PER CPU TIER 1 ESS E;;;;79;;
1;3;2094;1;549,9084;447,08;REW TSPP VOL REPLIC ENT 5.1 S64LNX CPU T1ESS12M B;20079177;;REW TSPP VOL REPLIC ENT 5.1 S64LNX CPU T1ESS12M B;REW TSPP VOL REPLIC ENT 5.1 S64LNX CPU T1ESS12M B;REW TSPP VOL REPLIC ENT 5.1 S64LNX CPU T1ESS12M B;REW TSPP VOL REPLIC ENT 5.1 S64LNX CPU T1ESS12M B;;;;79;;
1;3;2094;1;4165,2228;3386,36;REW VR ENT 5.1 S64LNX PER CPU TIER 2 STD LIC B;20079178;;REW VR ENT 5.1 S64LNX PER CPU TIER 2 STD LIC B;REW VR ENT 5.1 S64LNX PER CPU TIER 2 STD LIC B;REW VR ENT 5.1 S64LNX PER CPU TIER 2 STD LIC B;REW VR ENT 5.1 S64LNX PER CPU TIER 2 STD LIC B;;;;79;;
1;3;2094;1;3956,9715;3217,05;REW VR ENT 5.1 S64LNX PER CPU TIER 2 STD LIC D;20079179;;REW VR ENT 5.1 S64LNX PER CPU TIER 2 STD LIC D;REW VR ENT 5.1 S64LNX PER CPU TIER 2 STD LIC D;REW VR ENT 5.1 S64LNX PER CPU TIER 2 STD LIC D;REW VR ENT 5.1 S64LNX PER CPU TIER 2 STD LIC D;;;;79;;
1;3;2094;1;4165,2228;3386,36;GOV VR ENT 5.1 S64LNX PER CPU TIER 2 STD LIC S;20079180;;GOV VR ENT 5.1 S64LNX PER CPU TIER 2 STD LIC S;GOV VR ENT 5.1 S64LNX PER CPU TIER 2 STD LIC S;GOV VR ENT 5.1 S64LNX PER CPU TIER 2 STD LIC S;GOV VR ENT 5.1 S64LNX PER CPU TIER 2 STD LIC S;;;;79;;
1;3;2094;1;991,5891;806,17;GOV VR ENT 5.1 S64LNX PER CPU TIER 2 BAS S;20079181;;GOV VR ENT 5.1 S64LNX PER CPU TIER 2 BAS S;GOV VR ENT 5.1 S64LNX PER CPU TIER 2 BAS S;GOV VR ENT 5.1 S64LNX PER CPU TIER 2 BAS S;GOV VR ENT 5.1 S64LNX PER CPU TIER 2 BAS S;;;;79;;
1;3;2094;1;957,9978;778,86;REW TSPP VOL REPLIC ENT 5.1 S64LNX CPU T2ESS12M A;20079183;;REW TSPP VOL REPLIC ENT 5.1 S64LNX CPU T2ESS12M A;REW TSPP VOL REPLIC ENT 5.1 S64LNX CPU T2ESS12M A;REW TSPP VOL REPLIC ENT 5.1 S64LNX CPU T2ESS12M A;REW TSPP VOL REPLIC ENT 5.1 S64LNX CPU T2ESS12M A;;;;79;;
1;3;2094;1;886,1412;720,44;REW TSPP VOL REPLIC ENT 5.1 S64LNX CPU T2ESS12M E;20079184;;REW TSPP VOL REPLIC ENT 5.1 S64LNX CPU T2ESS12M E;REW TSPP VOL REPLIC ENT 5.1 S64LNX CPU T2ESS12M E;REW TSPP VOL REPLIC ENT 5.1 S64LNX CPU T2ESS12M E;REW TSPP VOL REPLIC ENT 5.1 S64LNX CPU T2ESS12M E;;;;79;;
1;3;2094;1;7536,4437;6127,19;REW VR ENT 5.1 S64LNX PER CPU TIER 3 STD LIC A;20079187;;REW VR ENT 5.1 S64LNX PER CPU TIER 3 STD LIC A;REW VR ENT 5.1 S64LNX PER CPU TIER 3 STD LIC A;REW VR ENT 5.1 S64LNX PER CPU TIER 3 STD LIC A;REW VR ENT 5.1 S64LNX PER CPU TIER 3 STD LIC A;;;;79;;
1;3;2094;1;7536,4437;6127,19;GOV VR ENT 5.1 S64LNX PER CPU TIER 3 STD LIC S;20079188;;GOV VR ENT 5.1 S64LNX PER CPU TIER 3 STD LIC S;GOV VR ENT 5.1 S64LNX PER CPU TIER 3 STD LIC S;GOV VR ENT 5.1 S64LNX PER CPU TIER 3 STD LIC S;GOV VR ENT 5.1 S64LNX PER CPU TIER 3 STD LIC S;;;;79;;
1;3;2094;1;1794,1518;1458,66;REW VR ENT 5.1 S64LNX PER CPU TIER 3 BAS A;20079189;;REW VR ENT 5.1 S64LNX PER CPU TIER 3 BAS A;REW VR ENT 5.1 S64LNX PER CPU TIER 3 BAS A;REW VR ENT 5.1 S64LNX PER CPU TIER 3 BAS A;REW VR ENT 5.1 S64LNX PER CPU TIER 3 BAS A;;;;79;;
1;3;2094;1;1794,1518;1458,66;REW VR ENT 5.1 S64LNX PER CPU TIER 3 BAS B;20079190;;REW VR ENT 5.1 S64LNX PER CPU TIER 3 BAS B;REW VR ENT 5.1 S64LNX PER CPU TIER 3 BAS B;REW VR ENT 5.1 S64LNX PER CPU TIER 3 BAS B;REW VR ENT 5.1 S64LNX PER CPU TIER 3 BAS B;;;;79;;
1;3;2094;1;1704,4602;1385,74;REW VR ENT 5.1 S64LNX PER CPU TIER 3 BAS D;20079191;;REW VR ENT 5.1 S64LNX PER CPU TIER 3 BAS D;REW VR ENT 5.1 S64LNX PER CPU TIER 3 BAS D;REW VR ENT 5.1 S64LNX PER CPU TIER 3 BAS D;REW VR ENT 5.1 S64LNX PER CPU TIER 3 BAS D;;;;79;;
1;3;2094;1;1659,5898;1349,26;REW VR ENT 5.1 S64LNX PER CPU TIER 3 BAS E;20079192;;REW VR ENT 5.1 S64LNX PER CPU TIER 3 BAS E;REW VR ENT 5.1 S64LNX PER CPU TIER 3 BAS E;REW VR ENT 5.1 S64LNX PER CPU TIER 3 BAS E;REW VR ENT 5.1 S64LNX PER CPU TIER 3 BAS E;;;;79;;
1;3;2094;1;1794,1518;1458,66;AE VR ENT 5.1 S64LNX PER CPU TIER 3 BAS S;20079193;;AE VR ENT 5.1 S64LNX PER CPU TIER 3 BAS S;AE VR ENT 5.1 S64LNX PER CPU TIER 3 BAS S;AE VR ENT 5.1 S64LNX PER CPU TIER 3 BAS S;AE VR ENT 5.1 S64LNX PER CPU TIER 3 BAS S;;;;79;;
1;3;2094;1;2177,9118;1770,66;REW VR ENT 5.1 S64LNX PER CPU TIER 3 ESS C;20079194;;REW VR ENT 5.1 S64LNX PER CPU TIER 3 ESS C;REW VR ENT 5.1 S64LNX PER CPU TIER 3 ESS C;REW VR ENT 5.1 S64LNX PER CPU TIER 3 ESS C;REW VR ENT 5.1 S64LNX PER CPU TIER 3 ESS C;;;;79;;
1;3;2094;1;2292,5478;1863,86;AE VR ENT 5.1 S64LNX PER CPU TIER 3 ESS S;20079195;;AE VR ENT 5.1 S64LNX PER CPU TIER 3 ESS S;AE VR ENT 5.1 S64LNX PER CPU TIER 3 ESS S;AE VR ENT 5.1 S64LNX PER CPU TIER 3 ESS S;AE VR ENT 5.1 S64LNX PER CPU TIER 3 ESS S;;;;79;;
1;3;2094;1;1646,724;1338,8;REW TSPP VOL REPLIC ENT 5.1 S64LNX CPU T3ESS12M D;20079197;;REW TSPP VOL REPLIC ENT 5.1 S64LNX CPU T3ESS12M D;REW TSPP VOL REPLIC ENT 5.1 S64LNX CPU T3ESS12M D;REW TSPP VOL REPLIC ENT 5.1 S64LNX CPU T3ESS12M D;REW TSPP VOL REPLIC ENT 5.1 S64LNX CPU T3ESS12M D;;;;79;;
1;3;2094;1;1733,3775;1409,25;EXP TSPP VOL REPLICAT ENT 5.1 S64LNX T3 ESS 12M S;20079198;;EXP TSPP VOL REPLICAT ENT 5.1 S64LNX T3 ESS 12M S;EXP TSPP VOL REPLICAT ENT 5.1 S64LNX T3 ESS 12M S;EXP TSPP VOL REPLICAT ENT 5.1 S64LNX T3 ESS 12M S;EXP TSPP VOL REPLICAT ENT 5.1 S64LNX T3 ESS 12M S;;;;79;;
1;3;2094;1;569,1825;462,75;EXP VR ENT 5.1 S64LNX PER CPU TIER 1 BAS S;20079200;;EXP VR ENT 5.1 S64LNX PER CPU TIER 1 BAS S;EXP VR ENT 5.1 S64LNX PER CPU TIER 1 BAS S;EXP VR ENT 5.1 S64LNX PER CPU TIER 1 BAS S;EXP VR ENT 5.1 S64LNX PER CPU TIER 1 BAS S;;;;79;;
1;3;2094;1;727,299;591,3;AE VR ENT 5.1 S64LNX PER CPU TIER 1 ESS S;20079202;;AE VR ENT 5.1 S64LNX PER CPU TIER 1 ESS S;AE VR ENT 5.1 S64LNX PER CPU TIER 1 ESS S;AE VR ENT 5.1 S64LNX PER CPU TIER 1 ESS S;AE VR ENT 5.1 S64LNX PER CPU TIER 1 ESS S;;;;79;;
1;3;2094;1;2271,3672;1846,64;REW VR ENT 5.1 S64LNX PER CPU TIER 1 STD LIC C;20079205;;REW VR ENT 5.1 S64LNX PER CPU TIER 1 STD LIC C;REW VR ENT 5.1 S64LNX PER CPU TIER 1 STD LIC C;REW VR ENT 5.1 S64LNX PER CPU TIER 1 STD LIC C;REW VR ENT 5.1 S64LNX PER CPU TIER 1 STD LIC C;;;;79;;
1;3;2094;1;2390,8986;1943,82;GOV VR ENT 5.1 S64LNX PER CPU TIER 1 STD LIC S;20079206;;GOV VR ENT 5.1 S64LNX PER CPU TIER 1 STD LIC S;GOV VR ENT 5.1 S64LNX PER CPU TIER 1 STD LIC S;GOV VR ENT 5.1 S64LNX PER CPU TIER 1 STD LIC S;GOV VR ENT 5.1 S64LNX PER CPU TIER 1 STD LIC S;;;;79;;
1;3;2094;1;526,4892;428,04;REW VR ENT 5.1 S64LNX PER CPU TIER 1 BAS E;20079208;;REW VR ENT 5.1 S64LNX PER CPU TIER 1 BAS E;REW VR ENT 5.1 S64LNX PER CPU TIER 1 BAS E;REW VR ENT 5.1 S64LNX PER CPU TIER 1 BAS E;REW VR ENT 5.1 S64LNX PER CPU TIER 1 BAS E;;;;79;;
1;3;2094;1;727,299;591,3;REW VR ENT 5.1 S64LNX PER CPU TIER 1 ESS B;20079209;;REW VR ENT 5.1 S64LNX PER CPU TIER 1 ESS B;REW VR ENT 5.1 S64LNX PER CPU TIER 1 ESS B;REW VR ENT 5.1 S64LNX PER CPU TIER 1 ESS B;REW VR ENT 5.1 S64LNX PER CPU TIER 1 ESS B;;;;79;;
1;3;2094;1;522,4179;424,73;REW TSPP VOL REPLIC ENT 5.1 S64LNX CPU T1ESS12M C;20079211;;REW TSPP VOL REPLIC ENT 5.1 S64LNX CPU T1ESS12M C;REW TSPP VOL REPLIC ENT 5.1 S64LNX CPU T1ESS12M C;REW TSPP VOL REPLIC ENT 5.1 S64LNX CPU T1ESS12M C;REW TSPP VOL REPLIC ENT 5.1 S64LNX CPU T1ESS12M C;;;;79;;
1;3;2094;1;549,9084;447,08;GOV TSPP VOL REPLICAT ENT 5.1 S64LNX T1 ESS 12M S;20079212;;GOV TSPP VOL REPLICAT ENT 5.1 S64LNX T1 ESS 12M S;GOV TSPP VOL REPLICAT ENT 5.1 S64LNX T1 ESS 12M S;GOV TSPP VOL REPLICAT ENT 5.1 S64LNX T1 ESS 12M S;GOV TSPP VOL REPLICAT ENT 5.1 S64LNX T1 ESS 12M S;;;;79;;
1;3;2094;1;408,8643;332,41;REW TSPP VOL REPLIC ENT 5.1 S64LNX CPU T1BAS12M D;20079213;;REW TSPP VOL REPLIC ENT 5.1 S64LNX CPU T1BAS12M D;REW TSPP VOL REPLIC ENT 5.1 S64LNX CPU T1BAS12M D;REW TSPP VOL REPLIC ENT 5.1 S64LNX CPU T1BAS12M D;REW TSPP VOL REPLIC ENT 5.1 S64LNX CPU T1BAS12M D;;;;79;;
1;3;2094;1;4165,2228;3386,36;REW VR ENT 5.1 S64LNX PER CPU TIER 2 STD LIC A;20079215;;REW VR ENT 5.1 S64LNX PER CPU TIER 2 STD LIC A;REW VR ENT 5.1 S64LNX PER CPU TIER 2 STD LIC A;REW VR ENT 5.1 S64LNX PER CPU TIER 2 STD LIC A;REW VR ENT 5.1 S64LNX PER CPU TIER 2 STD LIC A;;;;79;;
1;3;2094;1;3852,852;3132,4;REW VR ENT 5.1 S64LNX PER CPU TIER 2 STD LIC E;20079216;;REW VR ENT 5.1 S64LNX PER CPU TIER 2 STD LIC E;REW VR ENT 5.1 S64LNX PER CPU TIER 2 STD LIC E;REW VR ENT 5.1 S64LNX PER CPU TIER 2 STD LIC E;REW VR ENT 5.1 S64LNX PER CPU TIER 2 STD LIC E;;;;79;;
1;3;2094;1;398,1018;323,66;REW TSPP VOL REPLIC ENT 5.1 S64LNX CPU T1BAS12M E;20079218;;REW TSPP VOL REPLIC ENT 5.1 S64LNX CPU T1BAS12M E;REW TSPP VOL REPLIC ENT 5.1 S64LNX CPU T1BAS12M E;REW TSPP VOL REPLIC ENT 5.1 S64LNX CPU T1BAS12M E;REW TSPP VOL REPLIC ENT 5.1 S64LNX CPU T1BAS12M E;;;;79;;
1;3;2094;1;430,3647;349,89;AE TSPP VOL REPLIC ENT5.1 S64LNX P CPU T1 BAS 12M S;20079219;;AE TSPP VOL REPLIC ENT5.1 S64LNX P CPU T1 BAS 12M S;AE TSPP VOL REPLIC ENT5.1 S64LNX P CPU T1 BAS 12M S;AE TSPP VOL REPLIC ENT5.1 S64LNX P CPU T1 BAS 12M S;AE TSPP VOL REPLIC ENT5.1 S64LNX P CPU T1 BAS 12M S;;;;79;;
1;3;2094;1;942,0201;765,87;REW VR ENT 5.1 S64LNX PER CPU TIER 2 BAS D;20079221;;REW VR ENT 5.1 S64LNX PER CPU TIER 2 BAS D;REW VR ENT 5.1 S64LNX PER CPU TIER 2 BAS D;REW VR ENT 5.1 S64LNX PER CPU TIER 2 BAS D;REW VR ENT 5.1 S64LNX PER CPU TIER 2 BAS D;;;;79;;
1;3;2094;1;1203,6903;978,61;REW VR ENT 5.1 S64LNX PER CPU TIER 2 ESS C;20079222;;REW VR ENT 5.1 S64LNX PER CPU TIER 2 ESS C;REW VR ENT 5.1 S64LNX PER CPU TIER 2 ESS C;REW VR ENT 5.1 S64LNX PER CPU TIER 2 ESS C;REW VR ENT 5.1 S64LNX PER CPU TIER 2 ESS C;;;;79;;
1;3;2094;1;1203,6903;978,61;REW VR ENT 5.1 S64LNX PER CPU TIER 2 ESS D;20079223;;REW VR ENT 5.1 S64LNX PER CPU TIER 2 ESS D;REW VR ENT 5.1 S64LNX PER CPU TIER 2 ESS D;REW VR ENT 5.1 S64LNX PER CPU TIER 2 ESS D;REW VR ENT 5.1 S64LNX PER CPU TIER 2 ESS D;;;;79;;
1;3;2094;1;1172,0055;952,85;REW VR ENT 5.1 S64LNX PER CPU TIER 2 ESS E;20079224;;REW VR ENT 5.1 S64LNX PER CPU TIER 2 ESS E;REW VR ENT 5.1 S64LNX PER CPU TIER 2 ESS E;REW VR ENT 5.1 S64LNX PER CPU TIER 2 ESS E;REW VR ENT 5.1 S64LNX PER CPU TIER 2 ESS E;;;;79;;
1;3;2094;1;1267,0353;1030,11;GOV VR ENT 5.1 S64LNX PER CPU TIER 2 ESS S;20079225;;GOV VR ENT 5.1 S64LNX PER CPU TIER 2 ESS S;GOV VR ENT 5.1 S64LNX PER CPU TIER 2 ESS S;GOV VR ENT 5.1 S64LNX PER CPU TIER 2 ESS S;GOV VR ENT 5.1 S64LNX PER CPU TIER 2 ESS S;;;;79;;
1;3;2094;1;1267,0353;1030,11;AE VR ENT 5.1 S64LNX PER CPU TIER 2 ESS S;20079226;;AE VR ENT 5.1 S64LNX PER CPU TIER 2 ESS S;AE VR ENT 5.1 S64LNX PER CPU TIER 2 ESS S;AE VR ENT 5.1 S64LNX PER CPU TIER 2 ESS S;AE VR ENT 5.1 S64LNX PER CPU TIER 2 ESS S;;;;79;;
1;3;2094;1;522,4179;424,73;REW TSPP VOL REPLIC ENT 5.1 S64LNX CPU T1ESS12M D;20079227;;REW TSPP VOL REPLIC ENT 5.1 S64LNX CPU T1ESS12M D;REW TSPP VOL REPLIC ENT 5.1 S64LNX CPU T1ESS12M D;REW TSPP VOL REPLIC ENT 5.1 S64LNX CPU T1ESS12M D;REW TSPP VOL REPLIC ENT 5.1 S64LNX CPU T1ESS12M D;;;;79;;
1;3;2094;1;4165,2228;3386,36;AE VR ENT 5.1 S64LNX PER CPU TIER 2 STD LIC S;20079228;;AE VR ENT 5.1 S64LNX PER CPU TIER 2 STD LIC S;AE VR ENT 5.1 S64LNX PER CPU TIER 2 STD LIC S;AE VR ENT 5.1 S64LNX PER CPU TIER 2 STD LIC S;AE VR ENT 5.1 S64LNX PER CPU TIER 2 STD LIC S;;;;79;;
1;3;2094;1;991,5891;806,17;REW VR ENT 5.1 S64LNX PER CPU TIER 2 BAS A;20079229;;REW VR ENT 5.1 S64LNX PER CPU TIER 2 BAS A;REW VR ENT 5.1 S64LNX PER CPU TIER 2 BAS A;REW VR ENT 5.1 S64LNX PER CPU TIER 2 BAS A;REW VR ENT 5.1 S64LNX PER CPU TIER 2 BAS A;;;;79;;
1;3;2094;1;917,2356;745,72;REW VR ENT 5.1 S64LNX PER CPU TIER 2 BAS E;20079230;;REW VR ENT 5.1 S64LNX PER CPU TIER 2 BAS E;REW VR ENT 5.1 S64LNX PER CPU TIER 2 BAS E;REW VR ENT 5.1 S64LNX PER CPU TIER 2 BAS E;REW VR ENT 5.1 S64LNX PER CPU TIER 2 BAS E;;;;79;;
1;3;2094;1;991,5891;806,17;AE VR ENT 5.1 S64LNX PER CPU TIER 2 BAS S;20079231;;AE VR ENT 5.1 S64LNX PER CPU TIER 2 BAS S;AE VR ENT 5.1 S64LNX PER CPU TIER 2 BAS S;AE VR ENT 5.1 S64LNX PER CPU TIER 2 BAS S;AE VR ENT 5.1 S64LNX PER CPU TIER 2 BAS S;;;;79;;
1;3;2094;1;1267,0353;1030,11;REW VR ENT 5.1 S64LNX PER CPU TIER 2 ESS B;20079232;;REW VR ENT 5.1 S64LNX PER CPU TIER 2 ESS B;REW VR ENT 5.1 S64LNX PER CPU TIER 2 ESS B;REW VR ENT 5.1 S64LNX PER CPU TIER 2 ESS B;REW VR ENT 5.1 S64LNX PER CPU TIER 2 ESS B;;;;79;;
1;3;2094;1;910,1016;739,92;REW TSPP VOL REPLIC ENT 5.1 S64LNX CPU T2ESS12M D;20079237;;REW TSPP VOL REPLIC ENT 5.1 S64LNX CPU T2ESS12M D;REW TSPP VOL REPLIC ENT 5.1 S64LNX CPU T2ESS12M D;REW TSPP VOL REPLIC ENT 5.1 S64LNX CPU T2ESS12M D;REW TSPP VOL REPLIC ENT 5.1 S64LNX CPU T2ESS12M D;;;;79;;
1;3;2094;1;910,1016;739,92;REW TSPP VOL REPLIC ENT 5.1 S64LNX CPU T2ESS12M C;20079241;;REW TSPP VOL REPLIC ENT 5.1 S64LNX CPU T2ESS12M C;REW TSPP VOL REPLIC ENT 5.1 S64LNX CPU T2ESS12M C;REW TSPP VOL REPLIC ENT 5.1 S64LNX CPU T2ESS12M C;REW TSPP VOL REPLIC ENT 5.1 S64LNX CPU T2ESS12M C;;;;79;;
1;3;2094;1;1733,3775;1409,25;REW TSPP VOL REPLIC ENT 5.1 S64LNX CPU T3ESS12M A;20079245;;REW TSPP VOL REPLIC ENT 5.1 S64LNX CPU T3ESS12M A;REW TSPP VOL REPLIC ENT 5.1 S64LNX CPU T3ESS12M A;REW TSPP VOL REPLIC ENT 5.1 S64LNX CPU T3ESS12M A;REW TSPP VOL REPLIC ENT 5.1 S64LNX CPU T3ESS12M A;;;;79;;
1;3;2094;1;1733,3775;1409,25;AE TSPP VOL REPLIC ENT5.1 S64LNX P CPU T3 ESS 12M S;20079246;;AE TSPP VOL REPLIC ENT5.1 S64LNX P CPU T3 ESS 12M S;AE TSPP VOL REPLIC ENT5.1 S64LNX P CPU T3 ESS 12M S;AE TSPP VOL REPLIC ENT5.1 S64LNX P CPU T3 ESS 12M S;AE TSPP VOL REPLIC ENT5.1 S64LNX P CPU T3 ESS 12M S;;;;79;;
1;3;2094;1;1254,8091;1020,17;REW TSPP VOL REPLIC ENT 5.1 S64LNX CPU T3BAS12M E;20079247;;REW TSPP VOL REPLIC ENT 5.1 S64LNX CPU T3BAS12M E;REW TSPP VOL REPLIC ENT 5.1 S64LNX CPU T3BAS12M E;REW TSPP VOL REPLIC ENT 5.1 S64LNX CPU T3BAS12M E;REW TSPP VOL REPLIC ENT 5.1 S64LNX CPU T3BAS12M E;;;;79;;
1;3;2094;1;1356,567;1102,9;EXP TSPP VOL REPLICAT ENT 5.1 S64LNX T3 BAS 12M S;20079248;;EXP TSPP VOL REPLICAT ENT 5.1 S64LNX T3 BAS 12M S;EXP TSPP VOL REPLICAT ENT 5.1 S64LNX T3 BAS 12M S;EXP TSPP VOL REPLICAT ENT 5.1 S64LNX T3 BAS 12M S;EXP TSPP VOL REPLICAT ENT 5.1 S64LNX T3 BAS 12M S;;;;79;;
1;3;2094;1;749,7342;609,54;AE TSPP VOL REPLIC ENT5.1 S64LNX P CPU T2 BAS 12M S;20079249;;AE TSPP VOL REPLIC ENT5.1 S64LNX P CPU T2 BAS 12M S;AE TSPP VOL REPLIC ENT5.1 S64LNX P CPU T2 BAS 12M S;AE TSPP VOL REPLIC ENT5.1 S64LNX P CPU T2 BAS 12M S;AE TSPP VOL REPLIC ENT5.1 S64LNX P CPU T2 BAS 12M S;;;;79;;
1;3;2094;1;7159,6209;5820,83;REW VR ENT 5.1 S64LNX PER CPU TIER 3 STD LIC D;20079251;;REW VR ENT 5.1 S64LNX PER CPU TIER 3 STD LIC D;REW VR ENT 5.1 S64LNX PER CPU TIER 3 STD LIC D;REW VR ENT 5.1 S64LNX PER CPU TIER 3 STD LIC D;REW VR ENT 5.1 S64LNX PER CPU TIER 3 STD LIC D;;;;79;;
1;3;2094;1;6971,2095;5667,65;REW VR ENT 5.1 S64LNX PER CPU TIER 3 STD LIC E;20079252;;REW VR ENT 5.1 S64LNX PER CPU TIER 3 STD LIC E;REW VR ENT 5.1 S64LNX PER CPU TIER 3 STD LIC E;REW VR ENT 5.1 S64LNX PER CPU TIER 3 STD LIC E;REW VR ENT 5.1 S64LNX PER CPU TIER 3 STD LIC E;;;;79;;
1;3;2094;1;7536,4437;6127,19;EXP VR ENT 5.1 S64LNX PER CPU TIER 3 STD LIC S;20079253;;EXP VR ENT 5.1 S64LNX PER CPU TIER 3 STD LIC S;EXP VR ENT 5.1 S64LNX PER CPU TIER 3 STD LIC S;EXP VR ENT 5.1 S64LNX PER CPU TIER 3 STD LIC S;EXP VR ENT 5.1 S64LNX PER CPU TIER 3 STD LIC S;;;;79;;
1;3;2094;1;2177,9118;1770,66;REW VR ENT 5.1 S64LNX PER CPU TIER 3 ESS D;20079255;;REW VR ENT 5.1 S64LNX PER CPU TIER 3 ESS D;REW VR ENT 5.1 S64LNX PER CPU TIER 3 ESS D;REW VR ENT 5.1 S64LNX PER CPU TIER 3 ESS D;REW VR ENT 5.1 S64LNX PER CPU TIER 3 ESS D;;;;79;;
1;3;2094;1;1356,567;1102,9;AE TSPP VOL REPLIC ENT5.1 S64LNX P CPU T3 BAS 12M S;20079258;;AE TSPP VOL REPLIC ENT5.1 S64LNX P CPU T3 BAS 12M S;AE TSPP VOL REPLIC ENT5.1 S64LNX P CPU T3 BAS 12M S;AE TSPP VOL REPLIC ENT5.1 S64LNX P CPU T3 BAS 12M S;AE TSPP VOL REPLIC ENT5.1 S64LNX P CPU T3 BAS 12M S;;;;79;;
1;3;2094;1;727,299;591,3;GOV VR ENT 5.1 S64LNX PER CPU TIER 1 ESS S;20079261;;GOV VR ENT 5.1 S64LNX PER CPU TIER 1 ESS S;GOV VR ENT 5.1 S64LNX PER CPU TIER 1 ESS S;GOV VR ENT 5.1 S64LNX PER CPU TIER 1 ESS S;GOV VR ENT 5.1 S64LNX PER CPU TIER 1 ESS S;;;;79;;
1;3;2094;1;727,299;591,3;EXP VR ENT 5.1 S64LNX PER CPU TIER 1 ESS S;20079262;;EXP VR ENT 5.1 S64LNX PER CPU TIER 1 ESS S;EXP VR ENT 5.1 S64LNX PER CPU TIER 1 ESS S;EXP VR ENT 5.1 S64LNX PER CPU TIER 1 ESS S;EXP VR ENT 5.1 S64LNX PER CPU TIER 1 ESS S;;;;79;;
1;3;2094;1;1267,0353;1030,11;REW VR ENT 5.1 S64LNX PER CPU TIER 2 ESS A;20079265;;REW VR ENT 5.1 S64LNX PER CPU TIER 2 ESS A;REW VR ENT 5.1 S64LNX PER CPU TIER 2 ESS A;REW VR ENT 5.1 S64LNX PER CPU TIER 2 ESS A;REW VR ENT 5.1 S64LNX PER CPU TIER 2 ESS A;;;;79;;
1;3;2094;1;957,9978;778,86;GOV TSPP VOL REPLICAT ENT 5.1 S64LNX T2 ESS 12M S;20079267;;GOV TSPP VOL REPLICAT ENT 5.1 S64LNX T2 ESS 12M S;GOV TSPP VOL REPLICAT ENT 5.1 S64LNX T2 ESS 12M S;GOV TSPP VOL REPLICAT ENT 5.1 S64LNX T2 ESS 12M S;GOV TSPP VOL REPLICAT ENT 5.1 S64LNX T2 ESS 12M S;;;;79;;
1;3;2094;1;749,7342;609,54;REW TSPP VOL REPLIC ENT 5.1 S64LNX CPU T2BAS12M A;20079268;;REW TSPP VOL REPLIC ENT 5.1 S64LNX CPU T2BAS12M A;REW TSPP VOL REPLIC ENT 5.1 S64LNX CPU T2BAS12M A;REW TSPP VOL REPLIC ENT 5.1 S64LNX CPU T2BAS12M A;REW TSPP VOL REPLIC ENT 5.1 S64LNX CPU T2BAS12M A;;;;79;;
1;3;2094;1;749,7342;609,54;EXP TSPP VOL REPLICAT ENT 5.1 S64LNX T2 BAS 12M S;20079269;;EXP TSPP VOL REPLICAT ENT 5.1 S64LNX T2 BAS 12M S;EXP TSPP VOL REPLICAT ENT 5.1 S64LNX T2 BAS 12M S;EXP TSPP VOL REPLICAT ENT 5.1 S64LNX T2 BAS 12M S;EXP TSPP VOL REPLICAT ENT 5.1 S64LNX T2 BAS 12M S;;;;79;;
1;3;2094;1;7159,6209;5820,83;REW VR ENT 5.1 S64LNX PER CPU TIER 3 STD LIC C;20079272;;REW VR ENT 5.1 S64LNX PER CPU TIER 3 STD LIC C;REW VR ENT 5.1 S64LNX PER CPU TIER 3 STD LIC C;REW VR ENT 5.1 S64LNX PER CPU TIER 3 STD LIC C;REW VR ENT 5.1 S64LNX PER CPU TIER 3 STD LIC C;;;;79;;
1;3;2094;1;1794,1518;1458,66;GOV VR ENT 5.1 S64LNX PER CPU TIER 3 BAS S;20079273;;GOV VR ENT 5.1 S64LNX PER CPU TIER 3 BAS S;GOV VR ENT 5.1 S64LNX PER CPU TIER 3 BAS S;GOV VR ENT 5.1 S64LNX PER CPU TIER 3 BAS S;GOV VR ENT 5.1 S64LNX PER CPU TIER 3 BAS S;;;;79;;
1;3;2094;1;2292,5478;1863,86;REW VR ENT 5.1 S64LNX PER CPU TIER 3 ESS B;20079274;;REW VR ENT 5.1 S64LNX PER CPU TIER 3 ESS B;REW VR ENT 5.1 S64LNX PER CPU TIER 3 ESS B;REW VR ENT 5.1 S64LNX PER CPU TIER 3 ESS B;REW VR ENT 5.1 S64LNX PER CPU TIER 3 ESS B;;;;79;;
1;3;2094;1;1603,3788;1303,56;REW TSPP VOL REPLIC ENT 5.1 S64LNX CPU T3ESS12M E;20079277;;REW TSPP VOL REPLIC ENT 5.1 S64LNX CPU T3ESS12M E;REW TSPP VOL REPLIC ENT 5.1 S64LNX CPU T3ESS12M E;REW TSPP VOL REPLIC ENT 5.1 S64LNX CPU T3ESS12M E;REW TSPP VOL REPLIC ENT 5.1 S64LNX CPU T3ESS12M E;;;;79;;
1;3;2094;1;1733,3775;1409,25;GOV TSPP VOL REPLICAT ENT 5.1 S64LNX T3 ESS 12M S;20079278;;GOV TSPP VOL REPLICAT ENT 5.1 S64LNX T3 ESS 12M S;GOV TSPP VOL REPLICAT ENT 5.1 S64LNX T3 ESS 12M S;GOV TSPP VOL REPLICAT ENT 5.1 S64LNX T3 ESS 12M S;GOV TSPP VOL REPLICAT ENT 5.1 S64LNX T3 ESS 12M S;;;;79;;
1;3;2094;1;1356,567;1102,9;REW TSPP VOL REPLIC ENT 5.1 S64LNX CPU T3BAS12M B;20079279;;REW TSPP VOL REPLIC ENT 5.1 S64LNX CPU T3BAS12M B;REW TSPP VOL REPLIC ENT 5.1 S64LNX CPU T3BAS12M B;REW TSPP VOL REPLIC ENT 5.1 S64LNX CPU T3BAS12M B;REW TSPP VOL REPLIC ENT 5.1 S64LNX CPU T3BAS12M B;;;;79;;
1;3;2094;1;1288,7202;1047,74;REW TSPP VOL REPLIC ENT 5.1 S64LNX CPU T3BAS12M C;20079280;;REW TSPP VOL REPLIC ENT 5.1 S64LNX CPU T3BAS12M C;REW TSPP VOL REPLIC ENT 5.1 S64LNX CPU T3BAS12M C;REW TSPP VOL REPLIC ENT 5.1 S64LNX CPU T3BAS12M C;REW TSPP VOL REPLIC ENT 5.1 S64LNX CPU T3BAS12M C;;;;79;;
1;3;2094;1;2390,8986;1943,82;EXP VR ENT 5.1 S64LNX PER CPU TIER 1 STD LIC S;20079282;;EXP VR ENT 5.1 S64LNX PER CPU TIER 1 STD LIC S;EXP VR ENT 5.1 S64LNX PER CPU TIER 1 STD LIC S;EXP VR ENT 5.1 S64LNX PER CPU TIER 1 STD LIC S;EXP VR ENT 5.1 S64LNX PER CPU TIER 1 STD LIC S;;;;79;;
1;3;2094;1;569,1825;462,75;AE VR ENT 5.1 S64LNX PER CPU TIER 1 BAS S;20079283;;AE VR ENT 5.1 S64LNX PER CPU TIER 1 BAS S;AE VR ENT 5.1 S64LNX PER CPU TIER 1 BAS S;AE VR ENT 5.1 S64LNX PER CPU TIER 1 BAS S;AE VR ENT 5.1 S64LNX PER CPU TIER 1 BAS S;;;;79;;
1;3;2094;1;690,9402;561,74;REW VR ENT 5.1 S64LNX PER CPU TIER 1 ESS D;20079284;;REW VR ENT 5.1 S64LNX PER CPU TIER 1 ESS D;REW VR ENT 5.1 S64LNX PER CPU TIER 1 ESS D;REW VR ENT 5.1 S64LNX PER CPU TIER 1 ESS D;REW VR ENT 5.1 S64LNX PER CPU TIER 1 ESS D;;;;79;;
1;3;2094;1;549,9084;447,08;REW TSPP VOL REPLIC ENT 5.1 S64LNX CPU T1ESS12M A;20079286;;REW TSPP VOL REPLIC ENT 5.1 S64LNX CPU T1ESS12M A;REW TSPP VOL REPLIC ENT 5.1 S64LNX CPU T1ESS12M A;REW TSPP VOL REPLIC ENT 5.1 S64LNX CPU T1ESS12M A;REW TSPP VOL REPLIC ENT 5.1 S64LNX CPU T1ESS12M A;;;;79;;
1;3;2094;1;942,0201;765,87;REW VR ENT 5.1 S64LNX PER CPU TIER 2 BAS C;20079288;;REW VR ENT 5.1 S64LNX PER CPU TIER 2 BAS C;REW VR ENT 5.1 S64LNX PER CPU TIER 2 BAS C;REW VR ENT 5.1 S64LNX PER CPU TIER 2 BAS C;REW VR ENT 5.1 S64LNX PER CPU TIER 2 BAS C;;;;79;;
1;3;2094;1;991,5891;806,17;EXP VR ENT 5.1 S64LNX PER CPU TIER 2 BAS S;20079289;;EXP VR ENT 5.1 S64LNX PER CPU TIER 2 BAS S;EXP VR ENT 5.1 S64LNX PER CPU TIER 2 BAS S;EXP VR ENT 5.1 S64LNX PER CPU TIER 2 BAS S;EXP VR ENT 5.1 S64LNX PER CPU TIER 2 BAS S;;;;79;;
1;3;2094;1;1267,0353;1030,11;EXP VR ENT 5.1 S64LNX PER CPU TIER 2 ESS S;20079290;;EXP VR ENT 5.1 S64LNX PER CPU TIER 2 ESS S;EXP VR ENT 5.1 S64LNX PER CPU TIER 2 ESS S;EXP VR ENT 5.1 S64LNX PER CPU TIER 2 ESS S;EXP VR ENT 5.1 S64LNX PER CPU TIER 2 ESS S;;;;79;;
1;3;2094;1;712,2684;579,08;REW TSPP VOL REPLIC ENT 5.1 S64LNX CPU T2BAS12M D;20079291;;REW TSPP VOL REPLIC ENT 5.1 S64LNX CPU T2BAS12M D;REW TSPP VOL REPLIC ENT 5.1 S64LNX CPU T2BAS12M D;REW TSPP VOL REPLIC ENT 5.1 S64LNX CPU T2BAS12M D;REW TSPP VOL REPLIC ENT 5.1 S64LNX CPU T2BAS12M D;;;;79;;
1;3;2094;1;7536,4437;6127,19;AE VR ENT 5.1 S64LNX PER CPU TIER 3 STD LIC S;20079292;;AE VR ENT 5.1 S64LNX PER CPU TIER 3 STD LIC S;AE VR ENT 5.1 S64LNX PER CPU TIER 3 STD LIC S;AE VR ENT 5.1 S64LNX PER CPU TIER 3 STD LIC S;AE VR ENT 5.1 S64LNX PER CPU TIER 3 STD LIC S;;;;79;;
1;3;2094;1;1794,1518;1458,66;EXP VR ENT 5.1 S64LNX PER CPU TIER 3 BAS S;20079293;;EXP VR ENT 5.1 S64LNX PER CPU TIER 3 BAS S;EXP VR ENT 5.1 S64LNX PER CPU TIER 3 BAS S;EXP VR ENT 5.1 S64LNX PER CPU TIER 3 BAS S;EXP VR ENT 5.1 S64LNX PER CPU TIER 3 BAS S;;;;79;;
1;3;2094;1;2292,5478;1863,86;GOV VR ENT 5.1 S64LNX PER CPU TIER 3 ESS S;20079294;;GOV VR ENT 5.1 S64LNX PER CPU TIER 3 ESS S;GOV VR ENT 5.1 S64LNX PER CPU TIER 3 ESS S;GOV VR ENT 5.1 S64LNX PER CPU TIER 3 ESS S;GOV VR ENT 5.1 S64LNX PER CPU TIER 3 ESS S;;;;79;;
1;3;2094;1;2292,5478;1863,86;EXP VR ENT 5.1 S64LNX PER CPU TIER 3 ESS S;20079295;;EXP VR ENT 5.1 S64LNX PER CPU TIER 3 ESS S;EXP VR ENT 5.1 S64LNX PER CPU TIER 3 ESS S;EXP VR ENT 5.1 S64LNX PER CPU TIER 3 ESS S;EXP VR ENT 5.1 S64LNX PER CPU TIER 3 ESS S;;;;79;;
1;3;2094;1;1646,724;1338,8;REW TSPP VOL REPLIC ENT 5.1 S64LNX CPU T3ESS12M C;20079296;;REW TSPP VOL REPLIC ENT 5.1 S64LNX CPU T3ESS12M C;REW TSPP VOL REPLIC ENT 5.1 S64LNX CPU T3ESS12M C;REW TSPP VOL REPLIC ENT 5.1 S64LNX CPU T3ESS12M C;REW TSPP VOL REPLIC ENT 5.1 S64LNX CPU T3ESS12M C;;;;79;;
1;3;2094;1;1288,7202;1047,74;REW TSPP VOL REPLIC ENT 5.1 S64LNX CPU T3BAS12M D;20079297;;REW TSPP VOL REPLIC ENT 5.1 S64LNX CPU T3BAS12M D;REW TSPP VOL REPLIC ENT 5.1 S64LNX CPU T3BAS12M D;REW TSPP VOL REPLIC ENT 5.1 S64LNX CPU T3BAS12M D;REW TSPP VOL REPLIC ENT 5.1 S64LNX CPU T3BAS12M D;;;;79;;
1;3;2094;1;2390,8986;1943,82;REW VR ENT 5.1 S64LNX PER CPU TIER 1 STD LIC B;20079300;;REW VR ENT 5.1 S64LNX PER CPU TIER 1 STD LIC B;REW VR ENT 5.1 S64LNX PER CPU TIER 1 STD LIC B;REW VR ENT 5.1 S64LNX PER CPU TIER 1 STD LIC B;REW VR ENT 5.1 S64LNX PER CPU TIER 1 STD LIC B;;;;79;;
1;3;2094;1;2211,6015;1798,05;REW VR ENT 5.1 S64LNX PER CPU TIER 1 STD LIC E;20079301;;REW VR ENT 5.1 S64LNX PER CPU TIER 1 STD LIC E;REW VR ENT 5.1 S64LNX PER CPU TIER 1 STD LIC E;REW VR ENT 5.1 S64LNX PER CPU TIER 1 STD LIC E;REW VR ENT 5.1 S64LNX PER CPU TIER 1 STD LIC E;;;;79;;
1;3;2094;1;569,1825;462,75;REW VR ENT 5.1 S64LNX PER CPU TIER 1 BAS B;20079302;;REW VR ENT 5.1 S64LNX PER CPU TIER 1 BAS B;REW VR ENT 5.1 S64LNX PER CPU TIER 1 BAS B;REW VR ENT 5.1 S64LNX PER CPU TIER 1 BAS B;REW VR ENT 5.1 S64LNX PER CPU TIER 1 BAS B;;;;79;;
1;3;2094;1;569,1825;462,75;GOV VR ENT 5.1 S64LNX PER CPU TIER 1 BAS S;20079303;;GOV VR ENT 5.1 S64LNX PER CPU TIER 1 BAS S;GOV VR ENT 5.1 S64LNX PER CPU TIER 1 BAS S;GOV VR ENT 5.1 S64LNX PER CPU TIER 1 BAS S;GOV VR ENT 5.1 S64LNX PER CPU TIER 1 BAS S;;;;79;;
1;3;2094;1;549,9084;447,08;AE TSPP VOL REPLIC ENT5.1 S64LNX P CPU T1 ESS 12M S;20079306;;AE TSPP VOL REPLIC ENT5.1 S64LNX P CPU T1 ESS 12M S;AE TSPP VOL REPLIC ENT5.1 S64LNX P CPU T1 ESS 12M S;AE TSPP VOL REPLIC ENT5.1 S64LNX P CPU T1 ESS 12M S;AE TSPP VOL REPLIC ENT5.1 S64LNX P CPU T1 ESS 12M S;;;;79;;
1;3;2094;1;430,3647;349,89;REW TSPP VOL REPLIC ENT 5.1 S64LNX CPU T1BAS12M B;20079307;;REW TSPP VOL REPLIC ENT 5.1 S64LNX CPU T1BAS12M B;REW TSPP VOL REPLIC ENT 5.1 S64LNX CPU T1BAS12M B;REW TSPP VOL REPLIC ENT 5.1 S64LNX CPU T1BAS12M B;REW TSPP VOL REPLIC ENT 5.1 S64LNX CPU T1BAS12M B;;;;79;;
1;3;2094;1;408,8643;332,41;REW TSPP VOL REPLIC ENT 5.1 S64LNX CPU T1BAS12M C;20079308;;REW TSPP VOL REPLIC ENT 5.1 S64LNX CPU T1BAS12M C;REW TSPP VOL REPLIC ENT 5.1 S64LNX CPU T1BAS12M C;REW TSPP VOL REPLIC ENT 5.1 S64LNX CPU T1BAS12M C;REW TSPP VOL REPLIC ENT 5.1 S64LNX CPU T1BAS12M C;;;;79;;
1;3;2094;1;957,9978;778,86;REW TSPP VOL REPLIC ENT 5.1 S64LNX CPU T2ESS12M B;20079310;;REW TSPP VOL REPLIC ENT 5.1 S64LNX CPU T2ESS12M B;REW TSPP VOL REPLIC ENT 5.1 S64LNX CPU T2ESS12M B;REW TSPP VOL REPLIC ENT 5.1 S64LNX CPU T2ESS12M B;REW TSPP VOL REPLIC ENT 5.1 S64LNX CPU T2ESS12M B;;;;79;;
1;3;2094;1;957,9978;778,86;EXP TSPP VOL REPLICAT ENT 5.1 S64LNX T2 ESS 12M S;20079311;;EXP TSPP VOL REPLICAT ENT 5.1 S64LNX T2 ESS 12M S;EXP TSPP VOL REPLICAT ENT 5.1 S64LNX T2 ESS 12M S;EXP TSPP VOL REPLICAT ENT 5.1 S64LNX T2 ESS 12M S;EXP TSPP VOL REPLICAT ENT 5.1 S64LNX T2 ESS 12M S;;;;79;;
1;3;2094;1;749,7342;609,54;REW TSPP VOL REPLIC ENT 5.1 S64LNX CPU T2BAS12M B;20079312;;REW TSPP VOL REPLIC ENT 5.1 S64LNX CPU T2BAS12M B;REW TSPP VOL REPLIC ENT 5.1 S64LNX CPU T2BAS12M B;REW TSPP VOL REPLIC ENT 5.1 S64LNX CPU T2BAS12M B;REW TSPP VOL REPLIC ENT 5.1 S64LNX CPU T2BAS12M B;;;;79;;
1;3;2094;1;749,7342;609,54;GOV TSPP VOL REPLICAT ENT 5.1 S64LNX T2 BAS 12M S;20079313;;GOV TSPP VOL REPLICAT ENT 5.1 S64LNX T2 BAS 12M S;GOV TSPP VOL REPLICAT ENT 5.1 S64LNX T2 BAS 12M S;GOV TSPP VOL REPLICAT ENT 5.1 S64LNX T2 BAS 12M S;GOV TSPP VOL REPLICAT ENT 5.1 S64LNX T2 BAS 12M S;;;;79;;
1;3;2094;1;695,8971;565,77;REW VR OPT 5.1 S64LNX PER CPU TIER 3 BAS A;20079315;;REW VR OPT 5.1 S64LNX PER CPU TIER 3 BAS A;REW VR OPT 5.1 S64LNX PER CPU TIER 3 BAS A;REW VR OPT 5.1 S64LNX PER CPU TIER 3 BAS A;REW VR OPT 5.1 S64LNX PER CPU TIER 3 BAS A;;;;79;;
1;3;2094;1;695,8971;565,77;REW VR OPT 5.1 S64LNX PER CPU TIER 3 BAS B;20079316;;REW VR OPT 5.1 S64LNX PER CPU TIER 3 BAS B;REW VR OPT 5.1 S64LNX PER CPU TIER 3 BAS B;REW VR OPT 5.1 S64LNX PER CPU TIER 3 BAS B;REW VR OPT 5.1 S64LNX PER CPU TIER 3 BAS B;;;;79;;
1;3;2094;1;695,8971;565,77;EXP VR OPT 5.1 S64LNX PER CPU TIER 3 BAS S;20079317;;EXP VR OPT 5.1 S64LNX PER CPU TIER 3 BAS S;EXP VR OPT 5.1 S64LNX PER CPU TIER 3 BAS S;EXP VR OPT 5.1 S64LNX PER CPU TIER 3 BAS S;EXP VR OPT 5.1 S64LNX PER CPU TIER 3 BAS S;;;;79;;
1;3;2094;1;889,2285;722,95;REW VR OPT 5.1 S64LNX PER CPU TIER 3 ESS A;20079318;;REW VR OPT 5.1 S64LNX PER CPU TIER 3 ESS A;REW VR OPT 5.1 S64LNX PER CPU TIER 3 ESS A;REW VR OPT 5.1 S64LNX PER CPU TIER 3 ESS A;REW VR OPT 5.1 S64LNX PER CPU TIER 3 ESS A;;;;79;;
1;3;2094;1;844,764;686,8;REW VR OPT 5.1 S64LNX PER CPU TIER 3 ESS D;20079319;;REW VR OPT 5.1 S64LNX PER CPU TIER 3 ESS D;REW VR OPT 5.1 S64LNX PER CPU TIER 3 ESS D;REW VR OPT 5.1 S64LNX PER CPU TIER 3 ESS D;REW VR OPT 5.1 S64LNX PER CPU TIER 3 ESS D;;;;79;;
1;3;2094;1;822,5256;668,72;REW VR OPT 5.1 S64LNX PER CPU TIER 3 ESS E;20079320;;REW VR OPT 5.1 S64LNX PER CPU TIER 3 ESS E;REW VR OPT 5.1 S64LNX PER CPU TIER 3 ESS E;REW VR OPT 5.1 S64LNX PER CPU TIER 3 ESS E;REW VR OPT 5.1 S64LNX PER CPU TIER 3 ESS E;;;;79;;
1;3;2094;1;672,3426;546,62;AE TSPP VOL REPLIC OPT5.1 S64LNX P CPU T3 ESS 12M S;20079325;;AE TSPP VOL REPLIC OPT5.1 S64LNX P CPU T3 ESS 12M S;AE TSPP VOL REPLIC OPT5.1 S64LNX P CPU T3 ESS 12M S;AE TSPP VOL REPLIC OPT5.1 S64LNX P CPU T3 ESS 12M S;AE TSPP VOL REPLIC OPT5.1 S64LNX P CPU T3 ESS 12M S;;;;79;;
1;3;2094;1;255,102;207,4;REW VR OPT 5.1 S64LNX PER CPU TIER 1 ESS D;20079327;;REW VR OPT 5.1 S64LNX PER CPU TIER 1 ESS D;REW VR OPT 5.1 S64LNX PER CPU TIER 1 ESS D;REW VR OPT 5.1 S64LNX PER CPU TIER 1 ESS D;REW VR OPT 5.1 S64LNX PER CPU TIER 1 ESS D;;;;79;;
1;3;2094;1;158,8791;129,17;EXP TSPP VOL REPLIC 5.1 S64LNX CPU T1 BAS 12M S;20079328;;EXP TSPP VOL REPLIC 5.1 S64LNX CPU T1 BAS 12M S;EXP TSPP VOL REPLIC 5.1 S64LNX CPU T1 BAS 12M S;EXP TSPP VOL REPLIC 5.1 S64LNX CPU T1 BAS 12M S;EXP TSPP VOL REPLIC 5.1 S64LNX CPU T1 BAS 12M S;;;;79;;
1;3;2094;1;1512,8385;1229,95;REW VR OPT 5.1 S64LNX PER CPU TIER 2 STD LIC D;20079329;;REW VR OPT 5.1 S64LNX PER CPU TIER 2 STD LIC D;REW VR OPT 5.1 S64LNX PER CPU TIER 2 STD LIC D;REW VR OPT 5.1 S64LNX PER CPU TIER 2 STD LIC D;REW VR OPT 5.1 S64LNX PER CPU TIER 2 STD LIC D;;;;79;;
1;3;2094;1;379,1106;308,22;REW VR OPT 5.1 S64LNX PER CPU TIER 2 BAS B;20079330;;REW VR OPT 5.1 S64LNX PER CPU TIER 2 BAS B;REW VR OPT 5.1 S64LNX PER CPU TIER 2 BAS B;REW VR OPT 5.1 S64LNX PER CPU TIER 2 BAS B;REW VR OPT 5.1 S64LNX PER CPU TIER 2 BAS B;;;;79;;
1;3;2094;1;379,1106;308,22;AE VR OPT 5.1 S64LNX PER CPU TIER 2 BAS S;20079331;;AE VR OPT 5.1 S64LNX PER CPU TIER 2 BAS S;AE VR OPT 5.1 S64LNX PER CPU TIER 2 BAS S;AE VR OPT 5.1 S64LNX PER CPU TIER 2 BAS S;AE VR OPT 5.1 S64LNX PER CPU TIER 2 BAS S;;;;79;;
1;3;2094;1;286,6392;233,04;EXP TSPP VOL REPLIC 5.1 S64LNX CPU T2 BAS 12M S;20079336;;EXP TSPP VOL REPLIC 5.1 S64LNX CPU T2 BAS 12M S;EXP TSPP VOL REPLIC 5.1 S64LNX CPU T2 BAS 12M S;EXP TSPP VOL REPLIC 5.1 S64LNX CPU T2 BAS 12M S;EXP TSPP VOL REPLIC 5.1 S64LNX CPU T2 BAS 12M S;;;;79;;
1;3;2094;1;661,125;537,5;REW VR OPT 5.1 S64LNX PER CPU TIER 3 BAS C;20079340;;REW VR OPT 5.1 S64LNX PER CPU TIER 3 BAS C;REW VR OPT 5.1 S64LNX PER CPU TIER 3 BAS C;REW VR OPT 5.1 S64LNX PER CPU TIER 3 BAS C;REW VR OPT 5.1 S64LNX PER CPU TIER 3 BAS C;;;;79;;
1;3;2094;1;638,7267;519,29;REW TSPP VOL REPLICAT 5.1 S64LNX CPU T3 ESS 12M C;20079342;;REW TSPP VOL REPLICAT 5.1 S64LNX CPU T3 ESS 12M C;REW TSPP VOL REPLICAT 5.1 S64LNX CPU T3 ESS 12M C;REW TSPP VOL REPLICAT 5.1 S64LNX CPU T3 ESS 12M C;REW TSPP VOL REPLICAT 5.1 S64LNX CPU T3 ESS 12M C;;;;79;;
1;3;2094;1;638,7267;519,29;REW TSPP VOL REPLICAT 5.1 S64LNX CPU T3 ESS 12M D;20079343;;REW TSPP VOL REPLICAT 5.1 S64LNX CPU T3 ESS 12M D;REW TSPP VOL REPLICAT 5.1 S64LNX CPU T3 ESS 12M D;REW TSPP VOL REPLICAT 5.1 S64LNX CPU T3 ESS 12M D;REW TSPP VOL REPLICAT 5.1 S64LNX CPU T3 ESS 12M D;;;;79;;
1;3;2094;1;816,5232;663,84;REW VR OPT 5.1 S64LNX PER CPU TIER 1 STD LIC E;20079345;;REW VR OPT 5.1 S64LNX PER CPU TIER 1 STD LIC E;REW VR OPT 5.1 S64LNX PER CPU TIER 1 STD LIC E;REW VR OPT 5.1 S64LNX PER CPU TIER 1 STD LIC E;REW VR OPT 5.1 S64LNX PER CPU TIER 1 STD LIC E;;;;79;;
1;3;2094;1;882,7341;717,67;EXP VR OPT 5.1 S64LNX PER CPU TIER 1 STD LIC S;20079346;;EXP VR OPT 5.1 S64LNX PER CPU TIER 1 STD LIC S;EXP VR OPT 5.1 S64LNX PER CPU TIER 1 STD LIC S;EXP VR OPT 5.1 S64LNX PER CPU TIER 1 STD LIC S;EXP VR OPT 5.1 S64LNX PER CPU TIER 1 STD LIC S;;;;79;;
1;3;2094;1;194,3892;158,04;REW VR OPT 5.1 S64LNX PER CPU TIER 1 BAS E;20079347;;REW VR OPT 5.1 S64LNX PER CPU TIER 1 BAS E;REW VR OPT 5.1 S64LNX PER CPU TIER 1 BAS E;REW VR OPT 5.1 S64LNX PER CPU TIER 1 BAS E;REW VR OPT 5.1 S64LNX PER CPU TIER 1 BAS E;;;;79;;
1;3;2094;1;146,985;119,5;REW TSPP VOL REPLICAT 5.1 S64LNX CPU T1 BAS 12M E;20079349;;REW TSPP VOL REPLICAT 5.1 S64LNX CPU T1 BAS 12M E;REW TSPP VOL REPLICAT 5.1 S64LNX CPU T1 BAS 12M E;REW TSPP VOL REPLICAT 5.1 S64LNX CPU T1 BAS 12M E;REW TSPP VOL REPLICAT 5.1 S64LNX CPU T1 BAS 12M E;;;;79;;
1;3;2094;1;460,1922;374,14;REW VR OPT 5.1 S64LNX PER CPU TIER 2 ESS D;20079354;;REW VR OPT 5.1 S64LNX PER CPU TIER 2 ESS D;REW VR OPT 5.1 S64LNX PER CPU TIER 2 ESS D;REW VR OPT 5.1 S64LNX PER CPU TIER 2 ESS D;REW VR OPT 5.1 S64LNX PER CPU TIER 2 ESS D;;;;79;;
1;3;2094;1;448,089;364,3;REW VR OPT 5.1 S64LNX PER CPU TIER 2 ESS E;20079355;;REW VR OPT 5.1 S64LNX PER CPU TIER 2 ESS E;REW VR OPT 5.1 S64LNX PER CPU TIER 2 ESS E;REW VR OPT 5.1 S64LNX PER CPU TIER 2 ESS E;REW VR OPT 5.1 S64LNX PER CPU TIER 2 ESS E;;;;79;;
1;3;2094;1;484,4232;393,84;AE VR OPT 5.1 S64LNX PER CPU TIER 2 ESS S;20079356;;AE VR OPT 5.1 S64LNX PER CPU TIER 2 ESS S;AE VR OPT 5.1 S64LNX PER CPU TIER 2 ESS S;AE VR OPT 5.1 S64LNX PER CPU TIER 2 ESS S;AE VR OPT 5.1 S64LNX PER CPU TIER 2 ESS S;;;;79;;
1;3;2094;1;265,1511;215,57;REW TSPP VOL REPLICAT 5.1 S64LNX CPU T2 BAS 12M E;20079357;;REW TSPP VOL REPLICAT 5.1 S64LNX CPU T2 BAS 12M E;REW TSPP VOL REPLICAT 5.1 S64LNX CPU T2 BAS 12M E;REW TSPP VOL REPLICAT 5.1 S64LNX CPU T2 BAS 12M E;REW TSPP VOL REPLICAT 5.1 S64LNX CPU T2 BAS 12M E;;;;79;;
1;3;2094;1;286,6392;233,04;GOV TSPP VOL REPLICAT 5.1 S64LNX CPU T2 BAS 12M S;20079358;;GOV TSPP VOL REPLICAT 5.1 S64LNX CPU T2 BAS 12M S;GOV TSPP VOL REPLICAT 5.1 S64LNX CPU T2 BAS 12M S;GOV TSPP VOL REPLICAT 5.1 S64LNX CPU T2 BAS 12M S;GOV TSPP VOL REPLICAT 5.1 S64LNX CPU T2 BAS 12M S;;;;79;;
1;3;2094;1;2923,1934;2376,58;REW VR OPT 5.1 S64LNX PER CPU TIER 3 STD LIC B;20079361;;REW VR OPT 5.1 S64LNX PER CPU TIER 3 STD LIC B;REW VR OPT 5.1 S64LNX PER CPU TIER 3 STD LIC B;REW VR OPT 5.1 S64LNX PER CPU TIER 3 STD LIC B;REW VR OPT 5.1 S64LNX PER CPU TIER 3 STD LIC B;;;;79;;
1;3;2094;1;889,2285;722,95;REW VR OPT 5.1 S64LNX PER CPU TIER 3 ESS B;20079362;;REW VR OPT 5.1 S64LNX PER CPU TIER 3 ESS B;REW VR OPT 5.1 S64LNX PER CPU TIER 3 ESS B;REW VR OPT 5.1 S64LNX PER CPU TIER 3 ESS B;REW VR OPT 5.1 S64LNX PER CPU TIER 3 ESS B;;;;79;;
1;3;2094;1;526,1694;427,78;AE TSPP VOL REPLIC OPT5.1 S64LNX P CPU T3 BAS 12M S;20079363;;AE TSPP VOL REPLIC OPT5.1 S64LNX P CPU T3 BAS 12M S;AE TSPP VOL REPLIC OPT5.1 S64LNX P CPU T3 BAS 12M S;AE TSPP VOL REPLIC OPT5.1 S64LNX P CPU T3 BAS 12M S;AE TSPP VOL REPLIC OPT5.1 S64LNX P CPU T3 BAS 12M S;;;;79;;
1;3;2094;1;882,7341;717,67;REW VR OPT 5.1 S64LNX PER CPU TIER 1 STD LIC A;20079365;;REW VR OPT 5.1 S64LNX PER CPU TIER 1 STD LIC A;REW VR OPT 5.1 S64LNX PER CPU TIER 1 STD LIC A;REW VR OPT 5.1 S64LNX PER CPU TIER 1 STD LIC A;REW VR OPT 5.1 S64LNX PER CPU TIER 1 STD LIC A;;;;79;;
1;3;2094;1;882,7341;717,67;AE VR OPT 5.1 S64LNX PER CPU TIER 1 STD LIC S;20079366;;AE VR OPT 5.1 S64LNX PER CPU TIER 1 STD LIC S;AE VR OPT 5.1 S64LNX PER CPU TIER 1 STD LIC S;AE VR OPT 5.1 S64LNX PER CPU TIER 1 STD LIC S;AE VR OPT 5.1 S64LNX PER CPU TIER 1 STD LIC S;;;;79;;
1;3;2094;1;210,1332;170,84;REW VR OPT 5.1 S64LNX PER CPU TIER 1 BAS A;20079367;;REW VR OPT 5.1 S64LNX PER CPU TIER 1 BAS A;REW VR OPT 5.1 S64LNX PER CPU TIER 1 BAS A;REW VR OPT 5.1 S64LNX PER CPU TIER 1 BAS A;REW VR OPT 5.1 S64LNX PER CPU TIER 1 BAS A;;;;79;;
1;3;2094;1;199,6413;162,31;REW VR OPT 5.1 S64LNX PER CPU TIER 1 BAS D;20079368;;REW VR OPT 5.1 S64LNX PER CPU TIER 1 BAS D;REW VR OPT 5.1 S64LNX PER CPU TIER 1 BAS D;REW VR OPT 5.1 S64LNX PER CPU TIER 1 BAS D;REW VR OPT 5.1 S64LNX PER CPU TIER 1 BAS D;;;;79;;
1;3;2094;1;210,1332;170,84;EXP VR OPT 5.1 S64LNX PER CPU TIER 1 BAS S;20079369;;EXP VR OPT 5.1 S64LNX PER CPU TIER 1 BAS S;EXP VR OPT 5.1 S64LNX PER CPU TIER 1 BAS S;EXP VR OPT 5.1 S64LNX PER CPU TIER 1 BAS S;EXP VR OPT 5.1 S64LNX PER CPU TIER 1 BAS S;;;;79;;
1;3;2094;1;268,5336;218,32;GOV VR OPT 5.1 S64LNX PER CPU TIER 1 ESS S;20079370;;GOV VR OPT 5.1 S64LNX PER CPU TIER 1 ESS S;GOV VR OPT 5.1 S64LNX PER CPU TIER 1 ESS S;GOV VR OPT 5.1 S64LNX PER CPU TIER 1 ESS S;GOV VR OPT 5.1 S64LNX PER CPU TIER 1 ESS S;;;;79;;
1;3;2094;1;268,5336;218,32;AE VR OPT 5.1 S64LNX PER CPU TIER 1 ESS S;20079371;;AE VR OPT 5.1 S64LNX PER CPU TIER 1 ESS S;AE VR OPT 5.1 S64LNX PER CPU TIER 1 ESS S;AE VR OPT 5.1 S64LNX PER CPU TIER 1 ESS S;AE VR OPT 5.1 S64LNX PER CPU TIER 1 ESS S;;;;79;;
1;3;2094;1;150,9456;122,72;REW TSPP VOL REPLICAT 5.1 S64LNX CPU T1 BAS 12M D;20079372;;REW TSPP VOL REPLICAT 5.1 S64LNX CPU T1 BAS 12M D;REW TSPP VOL REPLICAT 5.1 S64LNX CPU T1 BAS 12M D;REW TSPP VOL REPLICAT 5.1 S64LNX CPU T1 BAS 12M D;REW TSPP VOL REPLICAT 5.1 S64LNX CPU T1 BAS 12M D;;;;79;;
1;3;2094;1;1473,0234;1197,58;REW VR OPT 5.1 S64LNX PER CPU TIER 2 STD LIC E;20079373;;REW VR OPT 5.1 S64LNX PER CPU TIER 2 STD LIC E;REW VR OPT 5.1 S64LNX PER CPU TIER 2 STD LIC E;REW VR OPT 5.1 S64LNX PER CPU TIER 2 STD LIC E;REW VR OPT 5.1 S64LNX PER CPU TIER 2 STD LIC E;;;;79;;
1;3;2094;1;379,1106;308,22;REW VR OPT 5.1 S64LNX PER CPU TIER 2 BAS A;20079374;;REW VR OPT 5.1 S64LNX PER CPU TIER 2 BAS A;REW VR OPT 5.1 S64LNX PER CPU TIER 2 BAS A;REW VR OPT 5.1 S64LNX PER CPU TIER 2 BAS A;REW VR OPT 5.1 S64LNX PER CPU TIER 2 BAS A;;;;79;;
1;3;2094;1;484,4232;393,84;EXP VR OPT 5.1 S64LNX PER CPU TIER 2 ESS S;20079375;;EXP VR OPT 5.1 S64LNX PER CPU TIER 2 ESS S;EXP VR OPT 5.1 S64LNX PER CPU TIER 2 ESS S;EXP VR OPT 5.1 S64LNX PER CPU TIER 2 ESS S;EXP VR OPT 5.1 S64LNX PER CPU TIER 2 ESS S;;;;79;;
1;3;2094;1;366,2694;297,78;GOV TSPP VOL REPLICAT 5.1 S64LNX CPU T2 ESS 12M S;20079376;;GOV TSPP VOL REPLICAT 5.1 S64LNX CPU T2 ESS 12M S;GOV TSPP VOL REPLICAT 5.1 S64LNX CPU T2 ESS 12M S;GOV TSPP VOL REPLICAT 5.1 S64LNX CPU T2 ESS 12M S;GOV TSPP VOL REPLICAT 5.1 S64LNX CPU T2 ESS 12M S;;;;79;;
1;3;2094;1;366,2694;297,78;AE TSPP VOL REPLIC OPT5.1 S64LNX P CPU T2 ESS 12M S;20079377;;AE TSPP VOL REPLIC OPT5.1 S64LNX P CPU T2 ESS 12M S;AE TSPP VOL REPLIC OPT5.1 S64LNX P CPU T2 ESS 12M S;AE TSPP VOL REPLIC OPT5.1 S64LNX P CPU T2 ESS 12M S;AE TSPP VOL REPLIC OPT5.1 S64LNX P CPU T2 ESS 12M S;;;;79;;
1;3;2094;1;286,6392;233,04;REW TSPP VOL REPLICAT 5.1 S64LNX CPU T2 BAS 12M A;20079378;;REW TSPP VOL REPLICAT 5.1 S64LNX CPU T2 BAS 12M A;REW TSPP VOL REPLICAT 5.1 S64LNX CPU T2 BAS 12M A;REW TSPP VOL REPLICAT 5.1 S64LNX CPU T2 BAS 12M A;REW TSPP VOL REPLICAT 5.1 S64LNX CPU T2 BAS 12M A;;;;79;;
1;3;2094;1;838,5894;681,78;REW VR OPT 5.1 S64LNX PER CPU TIER 1 STD LIC C;20079381;;REW VR OPT 5.1 S64LNX PER CPU TIER 1 STD LIC C;REW VR OPT 5.1 S64LNX PER CPU TIER 1 STD LIC C;REW VR OPT 5.1 S64LNX PER CPU TIER 1 STD LIC C;REW VR OPT 5.1 S64LNX PER CPU TIER 1 STD LIC C;;;;79;;
1;3;2094;1;882,7341;717,67;GOV VR OPT 5.1 S64LNX PER CPU TIER 1 STD LIC S;20079382;;GOV VR OPT 5.1 S64LNX PER CPU TIER 1 STD LIC S;GOV VR OPT 5.1 S64LNX PER CPU TIER 1 STD LIC S;GOV VR OPT 5.1 S64LNX PER CPU TIER 1 STD LIC S;GOV VR OPT 5.1 S64LNX PER CPU TIER 1 STD LIC S;;;;79;;
1;3;2094;1;203,0238;165,06;REW TSPP VOL REPLICAT 5.1 S64LNX CPU T1 ESS 12M B;20079385;;REW TSPP VOL REPLICAT 5.1 S64LNX CPU T1 ESS 12M B;REW TSPP VOL REPLICAT 5.1 S64LNX CPU T1 ESS 12M B;REW TSPP VOL REPLICAT 5.1 S64LNX CPU T1 ESS 12M B;REW TSPP VOL REPLICAT 5.1 S64LNX CPU T1 ESS 12M B;;;;79;;
1;3;2094;1;192,864;156,8;REW TSPP VOL REPLICAT 5.1 S64LNX CPU T1 ESS 12M C;20079386;;REW TSPP VOL REPLICAT 5.1 S64LNX CPU T1 ESS 12M C;REW TSPP VOL REPLICAT 5.1 S64LNX CPU T1 ESS 12M C;REW TSPP VOL REPLICAT 5.1 S64LNX CPU T1 ESS 12M C;REW TSPP VOL REPLICAT 5.1 S64LNX CPU T1 ESS 12M C;;;;79;;
1;3;2094;1;150,9456;122,72;REW TSPP VOL REPLICAT 5.1 S64LNX CPU T1 BAS 12M C;20079388;;REW TSPP VOL REPLICAT 5.1 S64LNX CPU T1 BAS 12M C;REW TSPP VOL REPLICAT 5.1 S64LNX CPU T1 BAS 12M C;REW TSPP VOL REPLICAT 5.1 S64LNX CPU T1 BAS 12M C;REW TSPP VOL REPLICAT 5.1 S64LNX CPU T1 BAS 12M C;;;;79;;
1;3;2094;1;1592,4564;1294,68;EXP VR OPT 5.1 S64LNX PER CPU TIER 2 STD LIC S;20079390;;EXP VR OPT 5.1 S64LNX PER CPU TIER 2 STD LIC S;EXP VR OPT 5.1 S64LNX PER CPU TIER 2 STD LIC S;EXP VR OPT 5.1 S64LNX PER CPU TIER 2 STD LIC S;EXP VR OPT 5.1 S64LNX PER CPU TIER 2 STD LIC S;;;;79;;
1;3;2094;1;1592,4564;1294,68;AE VR OPT 5.1 S64LNX PER CPU TIER 2 STD LIC S;20079391;;AE VR OPT 5.1 S64LNX PER CPU TIER 2 STD LIC S;AE VR OPT 5.1 S64LNX PER CPU TIER 2 STD LIC S;AE VR OPT 5.1 S64LNX PER CPU TIER 2 STD LIC S;AE VR OPT 5.1 S64LNX PER CPU TIER 2 STD LIC S;;;;79;;
1;3;2094;1;360,1686;292,82;REW VR OPT 5.1 S64LNX PER CPU TIER 2 BAS D;20079392;;REW VR OPT 5.1 S64LNX PER CPU TIER 2 BAS D;REW VR OPT 5.1 S64LNX PER CPU TIER 2 BAS D;REW VR OPT 5.1 S64LNX PER CPU TIER 2 BAS D;REW VR OPT 5.1 S64LNX PER CPU TIER 2 BAS D;;;;79;;
1;3;2094;1;486,711;395,7;REW TSPP VOL REPLICAT 5.1 S64LNX CPU T3 BAS 12M E;20079393;;REW TSPP VOL REPLICAT 5.1 S64LNX CPU T3 BAS 12M E;REW TSPP VOL REPLICAT 5.1 S64LNX CPU T3 BAS 12M E;REW TSPP VOL REPLICAT 5.1 S64LNX CPU T3 BAS 12M E;REW TSPP VOL REPLICAT 5.1 S64LNX CPU T3 BAS 12M E;;;;79;;
1;3;2094;1;838,5894;681,78;REW VR OPT 5.1 S64LNX PER CPU TIER 1 STD LIC D;20079398;;REW VR OPT 5.1 S64LNX PER CPU TIER 1 STD LIC D;REW VR OPT 5.1 S64LNX PER CPU TIER 1 STD LIC D;REW VR OPT 5.1 S64LNX PER CPU TIER 1 STD LIC D;REW VR OPT 5.1 S64LNX PER CPU TIER 1 STD LIC D;;;;79;;
1;3;2094;1;210,1332;170,84;REW VR OPT 5.1 S64LNX PER CPU TIER 1 BAS B;20079400;;REW VR OPT 5.1 S64LNX PER CPU TIER 1 BAS B;REW VR OPT 5.1 S64LNX PER CPU TIER 1 BAS B;REW VR OPT 5.1 S64LNX PER CPU TIER 1 BAS B;REW VR OPT 5.1 S64LNX PER CPU TIER 1 BAS B;;;;79;;
1;3;2094;1;268,5336;218,32;EXP VR OPT 5.1 S64LNX PER CPU TIER 1 ESS S;20079402;;EXP VR OPT 5.1 S64LNX PER CPU TIER 1 ESS S;EXP VR OPT 5.1 S64LNX PER CPU TIER 1 ESS S;EXP VR OPT 5.1 S64LNX PER CPU TIER 1 ESS S;EXP VR OPT 5.1 S64LNX PER CPU TIER 1 ESS S;;;;79;;
1;3;2094;1;484,4232;393,84;REW VR OPT 5.1 S64LNX PER CPU TIER 2 ESS B;20079404;;REW VR OPT 5.1 S64LNX PER CPU TIER 2 ESS B;REW VR OPT 5.1 S64LNX PER CPU TIER 2 ESS B;REW VR OPT 5.1 S64LNX PER CPU TIER 2 ESS B;REW VR OPT 5.1 S64LNX PER CPU TIER 2 ESS B;;;;79;;
1;3;2094;1;460,1922;374,14;REW VR OPT 5.1 S64LNX PER CPU TIER 2 ESS C;20079405;;REW VR OPT 5.1 S64LNX PER CPU TIER 2 ESS C;REW VR OPT 5.1 S64LNX PER CPU TIER 2 ESS C;REW VR OPT 5.1 S64LNX PER CPU TIER 2 ESS C;REW VR OPT 5.1 S64LNX PER CPU TIER 2 ESS C;;;;79;;
1;3;2094;1;347,9547;282,89;REW TSPP VOL REPLICAT 5.1 S64LNX CPU T2 ESS 12M C;20079406;;REW TSPP VOL REPLICAT 5.1 S64LNX CPU T2 ESS 12M C;REW TSPP VOL REPLICAT 5.1 S64LNX CPU T2 ESS 12M C;REW TSPP VOL REPLICAT 5.1 S64LNX CPU T2 ESS 12M C;REW TSPP VOL REPLICAT 5.1 S64LNX CPU T2 ESS 12M C;;;;79;;
1;3;2094;1;338,8035;275,45;REW TSPP VOL REPLICAT 5.1 S64LNX CPU T2 ESS 12M E;20079407;;REW TSPP VOL REPLICAT 5.1 S64LNX CPU T2 ESS 12M E;REW TSPP VOL REPLICAT 5.1 S64LNX CPU T2 ESS 12M E;REW TSPP VOL REPLICAT 5.1 S64LNX CPU T2 ESS 12M E;REW TSPP VOL REPLICAT 5.1 S64LNX CPU T2 ESS 12M E;;;;79;;
1;3;2094;1;286,6392;233,04;REW TSPP VOL REPLICAT 5.1 S64LNX CPU T2 BAS 12M B;20079408;;REW TSPP VOL REPLICAT 5.1 S64LNX CPU T2 BAS 12M B;REW TSPP VOL REPLICAT 5.1 S64LNX CPU T2 BAS 12M B;REW TSPP VOL REPLICAT 5.1 S64LNX CPU T2 BAS 12M B;REW TSPP VOL REPLICAT 5.1 S64LNX CPU T2 BAS 12M B;;;;79;;
1;3;2094;1;661,125;537,5;REW VR OPT 5.1 S64LNX PER CPU TIER 3 BAS D;20079410;;REW VR OPT 5.1 S64LNX PER CPU TIER 3 BAS D;REW VR OPT 5.1 S64LNX PER CPU TIER 3 BAS D;REW VR OPT 5.1 S64LNX PER CPU TIER 3 BAS D;REW VR OPT 5.1 S64LNX PER CPU TIER 3 BAS D;;;;79;;
1;3;2094;1;695,8971;565,77;GOV VR OPT 5.1 S64LNX PER CPU TIER 3 BAS S;20079411;;GOV VR OPT 5.1 S64LNX PER CPU TIER 3 BAS S;GOV VR OPT 5.1 S64LNX PER CPU TIER 3 BAS S;GOV VR OPT 5.1 S64LNX PER CPU TIER 3 BAS S;GOV VR OPT 5.1 S64LNX PER CPU TIER 3 BAS S;;;;79;;
1;3;2094;1;889,2285;722,95;EXP VR OPT 5.1 S64LNX PER CPU TIER 3 ESS S;20079412;;EXP VR OPT 5.1 S64LNX PER CPU TIER 3 ESS S;EXP VR OPT 5.1 S64LNX PER CPU TIER 3 ESS S;EXP VR OPT 5.1 S64LNX PER CPU TIER 3 ESS S;EXP VR OPT 5.1 S64LNX PER CPU TIER 3 ESS S;;;;79;;
1;3;2094;1;672,3426;546,62;REW TSPP VOL REPLICAT 5.1 S64LNX CPU T3 ESS 12M A;20079413;;REW TSPP VOL REPLICAT 5.1 S64LNX CPU T3 ESS 12M A;REW TSPP VOL REPLICAT 5.1 S64LNX CPU T3 ESS 12M A;REW TSPP VOL REPLICAT 5.1 S64LNX CPU T3 ESS 12M A;REW TSPP VOL REPLICAT 5.1 S64LNX CPU T3 ESS 12M A;;;;79;;
1;3;2094;1;672,3426;546,62;REW TSPP VOL REPLICAT 5.1 S64LNX CPU T3 ESS 12M B;20079414;;REW TSPP VOL REPLICAT 5.1 S64LNX CPU T3 ESS 12M B;REW TSPP VOL REPLICAT 5.1 S64LNX CPU T3 ESS 12M B;REW TSPP VOL REPLICAT 5.1 S64LNX CPU T3 ESS 12M B;REW TSPP VOL REPLICAT 5.1 S64LNX CPU T3 ESS 12M B;;;;79;;
1;3;2094;1;192,864;156,8;REW TSPP VOL REPLICAT 5.1 S64LNX CPU T1 ESS 12M D;20079415;;REW TSPP VOL REPLICAT 5.1 S64LNX CPU T1 ESS 12M D;REW TSPP VOL REPLICAT 5.1 S64LNX CPU T1 ESS 12M D;REW TSPP VOL REPLICAT 5.1 S64LNX CPU T1 ESS 12M D;REW TSPP VOL REPLICAT 5.1 S64LNX CPU T1 ESS 12M D;;;;79;;
1;3;2094;1;158,8791;129,17;REW TSPP VOL REPLICAT 5.1 S64LNX CPU T1 BAS 12M B;20079416;;REW TSPP VOL REPLICAT 5.1 S64LNX CPU T1 BAS 12M B;REW TSPP VOL REPLICAT 5.1 S64LNX CPU T1 BAS 12M B;REW TSPP VOL REPLICAT 5.1 S64LNX CPU T1 BAS 12M B;REW TSPP VOL REPLICAT 5.1 S64LNX CPU T1 BAS 12M B;;;;79;;
1;3;2094;1;1592,4564;1294,68;GOV VR OPT 5.1 S64LNX PER CPU TIER 2 STD LIC S;20079417;;GOV VR OPT 5.1 S64LNX PER CPU TIER 2 STD LIC S;GOV VR OPT 5.1 S64LNX PER CPU TIER 2 STD LIC S;GOV VR OPT 5.1 S64LNX PER CPU TIER 2 STD LIC S;GOV VR OPT 5.1 S64LNX PER CPU TIER 2 STD LIC S;;;;79;;
1;3;2094;1;360,1686;292,82;REW VR OPT 5.1 S64LNX PER CPU TIER 2 BAS C;20079418;;REW VR OPT 5.1 S64LNX PER CPU TIER 2 BAS C;REW VR OPT 5.1 S64LNX PER CPU TIER 2 BAS C;REW VR OPT 5.1 S64LNX PER CPU TIER 2 BAS C;REW VR OPT 5.1 S64LNX PER CPU TIER 2 BAS C;;;;79;;
1;3;2094;1;350,673;285,1;REW VR OPT 5.1 S64LNX PER CPU TIER 2 BAS E;20079419;;REW VR OPT 5.1 S64LNX PER CPU TIER 2 BAS E;REW VR OPT 5.1 S64LNX PER CPU TIER 2 BAS E;REW VR OPT 5.1 S64LNX PER CPU TIER 2 BAS E;REW VR OPT 5.1 S64LNX PER CPU TIER 2 BAS E;;;;79;;
1;3;2094;1;379,1106;308,22;EXP VR OPT 5.1 S64LNX PER CPU TIER 2 BAS S;20079420;;EXP VR OPT 5.1 S64LNX PER CPU TIER 2 BAS S;EXP VR OPT 5.1 S64LNX PER CPU TIER 2 BAS S;EXP VR OPT 5.1 S64LNX PER CPU TIER 2 BAS S;EXP VR OPT 5.1 S64LNX PER CPU TIER 2 BAS S;;;;79;;
1;3;2094;1;366,2694;297,78;REW TSPP VOL REPLICAT 5.1 S64LNX CPU T2 ESS 12M B;20079423;;REW TSPP VOL REPLICAT 5.1 S64LNX CPU T2 ESS 12M B;REW TSPP VOL REPLICAT 5.1 S64LNX CPU T2 ESS 12M B;REW TSPP VOL REPLICAT 5.1 S64LNX CPU T2 ESS 12M B;REW TSPP VOL REPLICAT 5.1 S64LNX CPU T2 ESS 12M B;;;;79;;
1;3;2094;1;366,2694;297,78;EXP TSPP VOL REPLIC 5.1 S64LNX CPU T2 ESS 12M S;20079424;;EXP TSPP VOL REPLIC 5.1 S64LNX CPU T2 ESS 12M S;EXP TSPP VOL REPLIC 5.1 S64LNX CPU T2 ESS 12M S;EXP TSPP VOL REPLIC 5.1 S64LNX CPU T2 ESS 12M S;EXP TSPP VOL REPLIC 5.1 S64LNX CPU T2 ESS 12M S;;;;79;;
1;3;2094;1;272,322;221,4;REW TSPP VOL REPLICAT 5.1 S64LNX CPU T2 BAS 12M D;20079425;;REW TSPP VOL REPLICAT 5.1 S64LNX CPU T2 BAS 12M D;REW TSPP VOL REPLICAT 5.1 S64LNX CPU T2 BAS 12M D;REW TSPP VOL REPLICAT 5.1 S64LNX CPU T2 BAS 12M D;REW TSPP VOL REPLICAT 5.1 S64LNX CPU T2 BAS 12M D;;;;79;;
1;3;2094;1;672,3426;546,62;GOV TSPP VOL REPLICAT 5.1 S64LNX CPU T3 ESS 12M S;20079426;;GOV TSPP VOL REPLICAT 5.1 S64LNX CPU T3 ESS 12M S;GOV TSPP VOL REPLICAT 5.1 S64LNX CPU T3 ESS 12M S;GOV TSPP VOL REPLICAT 5.1 S64LNX CPU T3 ESS 12M S;GOV TSPP VOL REPLICAT 5.1 S64LNX CPU T3 ESS 12M S;;;;79;;
1;3;2094;1;672,3426;546,62;EXP TSPP VOL REPLIC 5.1 S64LNX CPU T3 ESS 12M S;20079427;;EXP TSPP VOL REPLIC 5.1 S64LNX CPU T3 ESS 12M S;EXP TSPP VOL REPLIC 5.1 S64LNX CPU T3 ESS 12M S;EXP TSPP VOL REPLIC 5.1 S64LNX CPU T3 ESS 12M S;EXP TSPP VOL REPLIC 5.1 S64LNX CPU T3 ESS 12M S;;;;79;;
1;3;2094;1;499,872;406,4;REW TSPP VOL REPLICAT 5.1 S64LNX CPU T3 BAS 12M C;20079428;;REW TSPP VOL REPLICAT 5.1 S64LNX CPU T3 BAS 12M C;REW TSPP VOL REPLICAT 5.1 S64LNX CPU T3 BAS 12M C;REW TSPP VOL REPLICAT 5.1 S64LNX CPU T3 BAS 12M C;REW TSPP VOL REPLICAT 5.1 S64LNX CPU T3 BAS 12M C;;;;79;;
1;3;2094;1;526,1694;427,78;GOV TSPP VOL REPLICAT 5.1 S64LNX CPU T3 BAS 12M S;20079429;;GOV TSPP VOL REPLICAT 5.1 S64LNX CPU T3 BAS 12M S;GOV TSPP VOL REPLICAT 5.1 S64LNX CPU T3 BAS 12M S;GOV TSPP VOL REPLICAT 5.1 S64LNX CPU T3 BAS 12M S;GOV TSPP VOL REPLICAT 5.1 S64LNX CPU T3 BAS 12M S;;;;79;;
1;3;2094;1;882,7341;717,67;REW VR OPT 5.1 S64LNX PER CPU TIER 1 STD LIC B;20079431;;REW VR OPT 5.1 S64LNX PER CPU TIER 1 STD LIC B;REW VR OPT 5.1 S64LNX PER CPU TIER 1 STD LIC B;REW VR OPT 5.1 S64LNX PER CPU TIER 1 STD LIC B;REW VR OPT 5.1 S64LNX PER CPU TIER 1 STD LIC B;;;;79;;
1;3;2094;1;268,5336;218,32;REW VR OPT 5.1 S64LNX PER CPU TIER 1 ESS B;20079432;;REW VR OPT 5.1 S64LNX PER CPU TIER 1 ESS B;REW VR OPT 5.1 S64LNX PER CPU TIER 1 ESS B;REW VR OPT 5.1 S64LNX PER CPU TIER 1 ESS B;REW VR OPT 5.1 S64LNX PER CPU TIER 1 ESS B;;;;79;;
1;3;2094;1;286,6392;233,04;AE TSPP VOL REPLIC OPT5.1 S64LNX P CPU T2 BAS 12M S;20079437;;AE TSPP VOL REPLIC OPT5.1 S64LNX P CPU T2 BAS 12M S;AE TSPP VOL REPLIC OPT5.1 S64LNX P CPU T2 BAS 12M S;AE TSPP VOL REPLIC OPT5.1 S64LNX P CPU T2 BAS 12M S;AE TSPP VOL REPLIC OPT5.1 S64LNX P CPU T2 BAS 12M S;;;;79;;
1;3;2094;1;2777,0571;2257,77;REW VR OPT 5.1 S64LNX PER CPU TIER 3 STD LIC C;20079439;;REW VR OPT 5.1 S64LNX PER CPU TIER 3 STD LIC C;REW VR OPT 5.1 S64LNX PER CPU TIER 3 STD LIC C;REW VR OPT 5.1 S64LNX PER CPU TIER 3 STD LIC C;REW VR OPT 5.1 S64LNX PER CPU TIER 3 STD LIC C;;;;79;;
1;3;2094;1;2923,1934;2376,58;EXP VR OPT 5.1 S64LNX PER CPU TIER 3 STD LIC S;20079440;;EXP VR OPT 5.1 S64LNX PER CPU TIER 3 STD LIC S;EXP VR OPT 5.1 S64LNX PER CPU TIER 3 STD LIC S;EXP VR OPT 5.1 S64LNX PER CPU TIER 3 STD LIC S;EXP VR OPT 5.1 S64LNX PER CPU TIER 3 STD LIC S;;;;79;;
1;3;2094;1;695,8971;565,77;AE VR OPT 5.1 S64LNX PER CPU TIER 3 BAS S;20079441;;AE VR OPT 5.1 S64LNX PER CPU TIER 3 BAS S;AE VR OPT 5.1 S64LNX PER CPU TIER 3 BAS S;AE VR OPT 5.1 S64LNX PER CPU TIER 3 BAS S;AE VR OPT 5.1 S64LNX PER CPU TIER 3 BAS S;;;;79;;
1;3;2094;1;889,2285;722,95;GOV VR OPT 5.1 S64LNX PER CPU TIER 3 ESS S;20079442;;GOV VR OPT 5.1 S64LNX PER CPU TIER 3 ESS S;GOV VR OPT 5.1 S64LNX PER CPU TIER 3 ESS S;GOV VR OPT 5.1 S64LNX PER CPU TIER 3 ESS S;GOV VR OPT 5.1 S64LNX PER CPU TIER 3 ESS S;;;;79;;
1;3;2094;1;889,2285;722,95;AE VR OPT 5.1 S64LNX PER CPU TIER 3 ESS S;20079443;;AE VR OPT 5.1 S64LNX PER CPU TIER 3 ESS S;AE VR OPT 5.1 S64LNX PER CPU TIER 3 ESS S;AE VR OPT 5.1 S64LNX PER CPU TIER 3 ESS S;AE VR OPT 5.1 S64LNX PER CPU TIER 3 ESS S;;;;79;;
1;3;2094;1;526,1694;427,78;EXP TSPP VOL REPLIC 5.1 S64LNX CPU T3 BAS 12M S;20079447;;EXP TSPP VOL REPLIC 5.1 S64LNX CPU T3 BAS 12M S;EXP TSPP VOL REPLIC 5.1 S64LNX CPU T3 BAS 12M S;EXP TSPP VOL REPLIC 5.1 S64LNX CPU T3 BAS 12M S;EXP TSPP VOL REPLIC 5.1 S64LNX CPU T3 BAS 12M S;;;;79;;
1;3;2094;1;203,0238;165,06;REW TSPP VOL REPLICAT 5.1 S64LNX CPU T1 ESS 12M A;20079448;;REW TSPP VOL REPLICAT 5.1 S64LNX CPU T1 ESS 12M A;REW TSPP VOL REPLICAT 5.1 S64LNX CPU T1 ESS 12M A;REW TSPP VOL REPLICAT 5.1 S64LNX CPU T1 ESS 12M A;REW TSPP VOL REPLICAT 5.1 S64LNX CPU T1 ESS 12M A;;;;79;;
1;3;2094;1;203,0238;165,06;EXP TSPP VOL REPLIC 5.1 S64LNX CPU T1 ESS 12M S;20079449;;EXP TSPP VOL REPLIC 5.1 S64LNX CPU T1 ESS 12M S;EXP TSPP VOL REPLIC 5.1 S64LNX CPU T1 ESS 12M S;EXP TSPP VOL REPLIC 5.1 S64LNX CPU T1 ESS 12M S;EXP TSPP VOL REPLIC 5.1 S64LNX CPU T1 ESS 12M S;;;;79;;
1;3;2094;1;158,8791;129,17;REW TSPP VOL REPLICAT 5.1 S64LNX CPU T1 BAS 12M A;20079450;;REW TSPP VOL REPLICAT 5.1 S64LNX CPU T1 BAS 12M A;REW TSPP VOL REPLICAT 5.1 S64LNX CPU T1 BAS 12M A;REW TSPP VOL REPLICAT 5.1 S64LNX CPU T1 BAS 12M A;REW TSPP VOL REPLICAT 5.1 S64LNX CPU T1 BAS 12M A;;;;79;;
1;3;2094;1;158,8791;129,17;GOV TSPP VOL REPLICAT 5.1 S64LNX CPU T1 BAS 12M S;20079451;;GOV TSPP VOL REPLICAT 5.1 S64LNX CPU T1 BAS 12M S;GOV TSPP VOL REPLICAT 5.1 S64LNX CPU T1 BAS 12M S;GOV TSPP VOL REPLICAT 5.1 S64LNX CPU T1 BAS 12M S;GOV TSPP VOL REPLICAT 5.1 S64LNX CPU T1 BAS 12M S;;;;79;;
1;3;2094;1;2703,9705;2198,35;REW VR OPT 5.1 S64LNX PER CPU TIER 3 STD LIC E;20079457;;REW VR OPT 5.1 S64LNX PER CPU TIER 3 STD LIC E;REW VR OPT 5.1 S64LNX PER CPU TIER 3 STD LIC E;REW VR OPT 5.1 S64LNX PER CPU TIER 3 STD LIC E;REW VR OPT 5.1 S64LNX PER CPU TIER 3 STD LIC E;;;;79;;
1;3;2094;1;643,7328;523,36;REW VR OPT 5.1 S64LNX PER CPU TIER 3 BAS E;20079458;;REW VR OPT 5.1 S64LNX PER CPU TIER 3 BAS E;REW VR OPT 5.1 S64LNX PER CPU TIER 3 BAS E;REW VR OPT 5.1 S64LNX PER CPU TIER 3 BAS E;REW VR OPT 5.1 S64LNX PER CPU TIER 3 BAS E;;;;79;;
1;3;2094;1;199,6413;162,31;REW VR OPT 5.1 S64LNX PER CPU TIER 1 BAS C;20079459;;REW VR OPT 5.1 S64LNX PER CPU TIER 1 BAS C;REW VR OPT 5.1 S64LNX PER CPU TIER 1 BAS C;REW VR OPT 5.1 S64LNX PER CPU TIER 1 BAS C;REW VR OPT 5.1 S64LNX PER CPU TIER 1 BAS C;;;;79;;
1;3;2094;1;268,5336;218,32;REW VR OPT 5.1 S64LNX PER CPU TIER 1 ESS A;20079460;;REW VR OPT 5.1 S64LNX PER CPU TIER 1 ESS A;REW VR OPT 5.1 S64LNX PER CPU TIER 1 ESS A;REW VR OPT 5.1 S64LNX PER CPU TIER 1 ESS A;REW VR OPT 5.1 S64LNX PER CPU TIER 1 ESS A;;;;79;;
1;3;2094;1;255,102;207,4;REW VR OPT 5.1 S64LNX PER CPU TIER 1 ESS C;20079461;;REW VR OPT 5.1 S64LNX PER CPU TIER 1 ESS C;REW VR OPT 5.1 S64LNX PER CPU TIER 1 ESS C;REW VR OPT 5.1 S64LNX PER CPU TIER 1 ESS C;REW VR OPT 5.1 S64LNX PER CPU TIER 1 ESS C;;;;79;;
1;3;2094;1;248,3985;201,95;REW VR OPT 5.1 S64LNX PER CPU TIER 1 ESS E;20079462;;REW VR OPT 5.1 S64LNX PER CPU TIER 1 ESS E;REW VR OPT 5.1 S64LNX PER CPU TIER 1 ESS E;REW VR OPT 5.1 S64LNX PER CPU TIER 1 ESS E;REW VR OPT 5.1 S64LNX PER CPU TIER 1 ESS E;;;;79;;
1;3;2094;1;1592,4564;1294,68;REW VR OPT 5.1 S64LNX PER CPU TIER 2 STD LIC B;20079464;;REW VR OPT 5.1 S64LNX PER CPU TIER 2 STD LIC B;REW VR OPT 5.1 S64LNX PER CPU TIER 2 STD LIC B;REW VR OPT 5.1 S64LNX PER CPU TIER 2 STD LIC B;REW VR OPT 5.1 S64LNX PER CPU TIER 2 STD LIC B;;;;79;;
1;3;2094;1;1512,8385;1229,95;REW VR OPT 5.1 S64LNX PER CPU TIER 2 STD LIC C;20079465;;REW VR OPT 5.1 S64LNX PER CPU TIER 2 STD LIC C;REW VR OPT 5.1 S64LNX PER CPU TIER 2 STD LIC C;REW VR OPT 5.1 S64LNX PER CPU TIER 2 STD LIC C;REW VR OPT 5.1 S64LNX PER CPU TIER 2 STD LIC C;;;;79;;
1;3;2094;1;379,1106;308,22;GOV VR OPT 5.1 S64LNX PER CPU TIER 2 BAS S;20079466;;GOV VR OPT 5.1 S64LNX PER CPU TIER 2 BAS S;GOV VR OPT 5.1 S64LNX PER CPU TIER 2 BAS S;GOV VR OPT 5.1 S64LNX PER CPU TIER 2 BAS S;GOV VR OPT 5.1 S64LNX PER CPU TIER 2 BAS S;;;;79;;
1;3;2094;1;484,4232;393,84;GOV VR OPT 5.1 S64LNX PER CPU TIER 2 ESS S;20079467;;GOV VR OPT 5.1 S64LNX PER CPU TIER 2 ESS S;GOV VR OPT 5.1 S64LNX PER CPU TIER 2 ESS S;GOV VR OPT 5.1 S64LNX PER CPU TIER 2 ESS S;GOV VR OPT 5.1 S64LNX PER CPU TIER 2 ESS S;;;;79;;
1;3;2094;1;621,9126;505,62;REW TSPP VOL REPLICAT 5.1 S64LNX CPU T3 ESS 12M E;20079470;;REW TSPP VOL REPLICAT 5.1 S64LNX CPU T3 ESS 12M E;REW TSPP VOL REPLICAT 5.1 S64LNX CPU T3 ESS 12M E;REW TSPP VOL REPLICAT 5.1 S64LNX CPU T3 ESS 12M E;REW TSPP VOL REPLICAT 5.1 S64LNX CPU T3 ESS 12M E;;;;79;;
1;3;2094;1;526,1694;427,78;REW TSPP VOL REPLICAT 5.1 S64LNX CPU T3 BAS 12M B;20079471;;REW TSPP VOL REPLICAT 5.1 S64LNX CPU T3 BAS 12M B;REW TSPP VOL REPLICAT 5.1 S64LNX CPU T3 BAS 12M B;REW TSPP VOL REPLICAT 5.1 S64LNX CPU T3 BAS 12M B;REW TSPP VOL REPLICAT 5.1 S64LNX CPU T3 BAS 12M B;;;;79;;
1;3;2094;1;210,1332;170,84;GOV VR OPT 5.1 S64LNX PER CPU TIER 1 BAS S;20079474;;GOV VR OPT 5.1 S64LNX PER CPU TIER 1 BAS S;GOV VR OPT 5.1 S64LNX PER CPU TIER 1 BAS S;GOV VR OPT 5.1 S64LNX PER CPU TIER 1 BAS S;GOV VR OPT 5.1 S64LNX PER CPU TIER 1 BAS S;;;;79;;
1;3;2094;1;210,1332;170,84;AE VR OPT 5.1 S64LNX PER CPU TIER 1 BAS S;20079475;;AE VR OPT 5.1 S64LNX PER CPU TIER 1 BAS S;AE VR OPT 5.1 S64LNX PER CPU TIER 1 BAS S;AE VR OPT 5.1 S64LNX PER CPU TIER 1 BAS S;AE VR OPT 5.1 S64LNX PER CPU TIER 1 BAS S;;;;79;;
1;3;2094;1;187,8087;152,69;REW TSPP VOL REPLICAT 5.1 S64LNX CPU T1 ESS 12M E;20079478;;REW TSPP VOL REPLICAT 5.1 S64LNX CPU T1 ESS 12M E;REW TSPP VOL REPLICAT 5.1 S64LNX CPU T1 ESS 12M E;REW TSPP VOL REPLICAT 5.1 S64LNX CPU T1 ESS 12M E;REW TSPP VOL REPLICAT 5.1 S64LNX CPU T1 ESS 12M E;;;;79;;
1;3;2094;1;203,0238;165,06;GOV TSPP VOL REPLICAT 5.1 S64LNX CPU T1 ESS 12M S;20079479;;GOV TSPP VOL REPLICAT 5.1 S64LNX CPU T1 ESS 12M S;GOV TSPP VOL REPLICAT 5.1 S64LNX CPU T1 ESS 12M S;GOV TSPP VOL REPLICAT 5.1 S64LNX CPU T1 ESS 12M S;GOV TSPP VOL REPLICAT 5.1 S64LNX CPU T1 ESS 12M S;;;;79;;
1;3;2094;1;203,0238;165,06;AE TSPP VOL REPLIC OPT5.1 S64LNX P CPU T1 ESS 12M S;20079480;;AE TSPP VOL REPLIC OPT5.1 S64LNX P CPU T1 ESS 12M S;AE TSPP VOL REPLIC OPT5.1 S64LNX P CPU T1 ESS 12M S;AE TSPP VOL REPLIC OPT5.1 S64LNX P CPU T1 ESS 12M S;AE TSPP VOL REPLIC OPT5.1 S64LNX P CPU T1 ESS 12M S;;;;79;;
1;3;2094;1;2923,1934;2376,58;REW VR OPT 5.1 S64LNX PER CPU TIER 3 STD LIC A;20079484;;REW VR OPT 5.1 S64LNX PER CPU TIER 3 STD LIC A;REW VR OPT 5.1 S64LNX PER CPU TIER 3 STD LIC A;REW VR OPT 5.1 S64LNX PER CPU TIER 3 STD LIC A;REW VR OPT 5.1 S64LNX PER CPU TIER 3 STD LIC A;;;;79;;
1;3;2094;1;2923,1934;2376,58;GOV VR OPT 5.1 S64LNX PER CPU TIER 3 STD LIC S;20079485;;GOV VR OPT 5.1 S64LNX PER CPU TIER 3 STD LIC S;GOV VR OPT 5.1 S64LNX PER CPU TIER 3 STD LIC S;GOV VR OPT 5.1 S64LNX PER CPU TIER 3 STD LIC S;GOV VR OPT 5.1 S64LNX PER CPU TIER 3 STD LIC S;;;;79;;
1;3;2094;1;844,764;686,8;REW VR OPT 5.1 S64LNX PER CPU TIER 3 ESS C;20079486;;REW VR OPT 5.1 S64LNX PER CPU TIER 3 ESS C;REW VR OPT 5.1 S64LNX PER CPU TIER 3 ESS C;REW VR OPT 5.1 S64LNX PER CPU TIER 3 ESS C;REW VR OPT 5.1 S64LNX PER CPU TIER 3 ESS C;;;;79;;
1;3;2094;1;526,1694;427,78;REW TSPP VOL REPLICAT 5.1 S64LNX CPU T3 BAS 12M A;20079490;;REW TSPP VOL REPLICAT 5.1 S64LNX CPU T3 BAS 12M A;REW TSPP VOL REPLICAT 5.1 S64LNX CPU T3 BAS 12M A;REW TSPP VOL REPLICAT 5.1 S64LNX CPU T3 BAS 12M A;REW TSPP VOL REPLICAT 5.1 S64LNX CPU T3 BAS 12M A;;;;79;;
1;3;2094;1;499,872;406,4;REW TSPP VOL REPLICAT 5.1 S64LNX CPU T3 BAS 12M D;20079491;;REW TSPP VOL REPLICAT 5.1 S64LNX CPU T3 BAS 12M D;REW TSPP VOL REPLICAT 5.1 S64LNX CPU T3 BAS 12M D;REW TSPP VOL REPLICAT 5.1 S64LNX CPU T3 BAS 12M D;REW TSPP VOL REPLICAT 5.1 S64LNX CPU T3 BAS 12M D;;;;79;;
1;3;2094;1;158,8791;129,17;AE TSPP VOL REPLIC OPT5.1 S64LNX P CPU T1 BAS 12M S;20079492;;AE TSPP VOL REPLIC OPT5.1 S64LNX P CPU T1 BAS 12M S;AE TSPP VOL REPLIC OPT5.1 S64LNX P CPU T1 BAS 12M S;AE TSPP VOL REPLIC OPT5.1 S64LNX P CPU T1 BAS 12M S;AE TSPP VOL REPLIC OPT5.1 S64LNX P CPU T1 BAS 12M S;;;;79;;
1;3;2094;1;1592,4564;1294,68;REW VR OPT 5.1 S64LNX PER CPU TIER 2 STD LIC A;20079494;;REW VR OPT 5.1 S64LNX PER CPU TIER 2 STD LIC A;REW VR OPT 5.1 S64LNX PER CPU TIER 2 STD LIC A;REW VR OPT 5.1 S64LNX PER CPU TIER 2 STD LIC A;REW VR OPT 5.1 S64LNX PER CPU TIER 2 STD LIC A;;;;79;;
1;3;2094;1;484,4232;393,84;REW VR OPT 5.1 S64LNX PER CPU TIER 2 ESS A;20079496;;REW VR OPT 5.1 S64LNX PER CPU TIER 2 ESS A;REW VR OPT 5.1 S64LNX PER CPU TIER 2 ESS A;REW VR OPT 5.1 S64LNX PER CPU TIER 2 ESS A;REW VR OPT 5.1 S64LNX PER CPU TIER 2 ESS A;;;;79;;
1;3;2094;1;366,2694;297,78;REW TSPP VOL REPLICAT 5.1 S64LNX CPU T2 ESS 12M A;20079498;;REW TSPP VOL REPLICAT 5.1 S64LNX CPU T2 ESS 12M A;REW TSPP VOL REPLICAT 5.1 S64LNX CPU T2 ESS 12M A;REW TSPP VOL REPLICAT 5.1 S64LNX CPU T2 ESS 12M A;REW TSPP VOL REPLICAT 5.1 S64LNX CPU T2 ESS 12M A;;;;79;;
1;3;2094;1;347,9547;282,89;REW TSPP VOL REPLICAT 5.1 S64LNX CPU T2 ESS 12M D;20079499;;REW TSPP VOL REPLICAT 5.1 S64LNX CPU T2 ESS 12M D;REW TSPP VOL REPLICAT 5.1 S64LNX CPU T2 ESS 12M D;REW TSPP VOL REPLICAT 5.1 S64LNX CPU T2 ESS 12M D;REW TSPP VOL REPLICAT 5.1 S64LNX CPU T2 ESS 12M D;;;;79;;
1;3;2094;1;272,322;221,4;REW TSPP VOL REPLICAT 5.1 S64LNX CPU T2 BAS 12M C;20079500;;REW TSPP VOL REPLICAT 5.1 S64LNX CPU T2 BAS 12M C;REW TSPP VOL REPLICAT 5.1 S64LNX CPU T2 BAS 12M C;REW TSPP VOL REPLICAT 5.1 S64LNX CPU T2 BAS 12M C;REW TSPP VOL REPLICAT 5.1 S64LNX CPU T2 BAS 12M C;;;;79;;
1;3;2094;1;2777,0571;2257,77;REW VR OPT 5.1 S64LNX PER CPU TIER 3 STD LIC D;20079501;;REW VR OPT 5.1 S64LNX PER CPU TIER 3 STD LIC D;REW VR OPT 5.1 S64LNX PER CPU TIER 3 STD LIC D;REW VR OPT 5.1 S64LNX PER CPU TIER 3 STD LIC D;REW VR OPT 5.1 S64LNX PER CPU TIER 3 STD LIC D;;;;79;;
1;3;2094;1;2923,1934;2376,58;AE VR OPT 5.1 S64LNX PER CPU TIER 3 STD LIC S;20079502;;AE VR OPT 5.1 S64LNX PER CPU TIER 3 STD LIC S;AE VR OPT 5.1 S64LNX PER CPU TIER 3 STD LIC S;AE VR OPT 5.1 S64LNX PER CPU TIER 3 STD LIC S;AE VR OPT 5.1 S64LNX PER CPU TIER 3 STD LIC S;;;;79;;
1;3;2094;1;1202,1036;977,32;AE SF STD HA 5.1 S64LNX P CPU TIER2 XGD LIC FR CS S;20079504;;AE SF STD HA 5.1 S64LNX P CPU TIER2 XGD LIC FR CS S;AE SF STD HA 5.1 S64LNX P CPU TIER2 XGD LIC FR CS S;AE SF STD HA 5.1 S64LNX P CPU TIER2 XGD LIC FR CS S;AE SF STD HA 5.1 S64LNX P CPU TIER2 XGD LIC FR CS S;;;;79;;
1;3;2094;1;1054,9464;857,68;REW SF STD HA 5.1 S64LNX PER CPU TIER 3 BAS B;20079506;;REW SF STD HA 5.1 S64LNX PER CPU TIER 3 BAS B;REW SF STD HA 5.1 S64LNX PER CPU TIER 3 BAS B;REW SF STD HA 5.1 S64LNX PER CPU TIER 3 BAS B;REW SF STD HA 5.1 S64LNX PER CPU TIER 3 BAS B;;;;79;;
1;3;2094;1;975,8328;793,36;REW SF STD HA 5.1 S64LNX PER CPU TIER 3 BAS E;20079507;;REW SF STD HA 5.1 S64LNX PER CPU TIER 3 BAS E;REW SF STD HA 5.1 S64LNX PER CPU TIER 3 BAS E;REW SF STD HA 5.1 S64LNX PER CPU TIER 3 BAS E;REW SF STD HA 5.1 S64LNX PER CPU TIER 3 BAS E;;;;79;;
1;3;2094;1;942,7827;766,49;REW TSPP STO FND STDHA5.1 S64LNX CPU T3 ESS 12M E;20079508;;REW TSPP STO FND STDHA5.1 S64LNX CPU T3 ESS 12M E;REW TSPP STO FND STDHA5.1 S64LNX CPU T3 ESS 12M E;REW TSPP STO FND STDHA5.1 S64LNX CPU T3 ESS 12M E;REW TSPP STO FND STDHA5.1 S64LNX CPU T3 ESS 12M E;;;;79;;
1;3;2094;1;797,655;648,5;AE TSPP STOR FOUND STD HA 5.1 S64LNX T3 BAS 12M S;20079509;;AE TSPP STOR FOUND STD HA 5.1 S64LNX T3 BAS 12M S;AE TSPP STOR FOUND STD HA 5.1 S64LNX T3 BAS 12M S;AE TSPP STOR FOUND STD HA 5.1 S64LNX T3 BAS 12M S;AE TSPP STOR FOUND STD HA 5.1 S64LNX T3 BAS 12M S;;;;79;;
1;3;2094;1;2098,1463;1705,81;REW SF STD HA 5.1 S64LNX CPU TIER3 XGD LIC FR CS B;20079511;;REW SF STD HA 5.1 S64LNX CPU TIER3 XGD LIC FR CS B;REW SF STD HA 5.1 S64LNX CPU TIER3 XGD LIC FR CS B;REW SF STD HA 5.1 S64LNX CPU TIER3 XGD LIC FR CS B;REW SF STD HA 5.1 S64LNX CPU TIER3 XGD LIC FR CS B;;;;79;;
1;3;2094;1;1993,2396;1620,52;REW SF STD HA 5.1 S64LNX CPU TIER3 XGD LIC FR CS D;20079512;;REW SF STD HA 5.1 S64LNX CPU TIER3 XGD LIC FR CS D;REW SF STD HA 5.1 S64LNX CPU TIER3 XGD LIC FR CS D;REW SF STD HA 5.1 S64LNX CPU TIER3 XGD LIC FR CS D;REW SF STD HA 5.1 S64LNX CPU TIER3 XGD LIC FR CS D;;;;79;;
1;3;2094;1;1415,0289;1150,43;GOV SF STD HA 5.1 S64LNX PER CPU TIER 1 STD LIC S;20079513;;GOV SF STD HA 5.1 S64LNX PER CPU TIER 1 STD LIC S;GOV SF STD HA 5.1 S64LNX PER CPU TIER 1 STD LIC S;GOV SF STD HA 5.1 S64LNX PER CPU TIER 1 STD LIC S;GOV SF STD HA 5.1 S64LNX PER CPU TIER 1 STD LIC S;;;;79;;
1;3;2094;1;336,8724;273,88;EXP SF STD HA5.1 S64LNX P CPU TIER 1 BAS S;20079514;;EXP SF STD HA5.1 S64LNX P CPU TIER 1 BAS S;EXP SF STD HA5.1 S64LNX P CPU TIER 1 BAS S;EXP SF STD HA5.1 S64LNX P CPU TIER 1 BAS S;EXP SF STD HA5.1 S64LNX P CPU TIER 1 BAS S;;;;79;;
1;3;2094;1;408,9258;332,46;REW SF STD HA 5.1 S64LNX PER CPU TIER 1 ESS D;20079515;;REW SF STD HA 5.1 S64LNX PER CPU TIER 1 ESS D;REW SF STD HA 5.1 S64LNX PER CPU TIER 1 ESS D;REW SF STD HA 5.1 S64LNX PER CPU TIER 1 ESS D;REW SF STD HA 5.1 S64LNX PER CPU TIER 1 ESS D;;;;79;;
1;3;2094;1;254,6961;207,07;GOVTSPP STOR FND STDHA5.1 S64LNX CPU T1 BAS 12M S;20079519;;GOVTSPP STOR FND STDHA5.1 S64LNX CPU T1 BAS 12M S;GOVTSPP STOR FND STDHA5.1 S64LNX CPU T1 BAS 12M S;GOVTSPP STOR FND STDHA5.1 S64LNX CPU T1 BAS 12M S;GOVTSPP STOR FND STDHA5.1 S64LNX CPU T1 BAS 12M S;;;;79;;
1;3;2094;1;665,3685;540,95;EXP SF STD HA5.1 S64LNX P CPU TIER1 XGD LIC FR CS S;20079521;;EXP SF STD HA5.1 S64LNX P CPU TIER1 XGD LIC FR CS S;EXP SF STD HA5.1 S64LNX P CPU TIER1 XGD LIC FR CS S;EXP SF STD HA5.1 S64LNX P CPU TIER1 XGD LIC FR CS S;EXP SF STD HA5.1 S64LNX P CPU TIER1 XGD LIC FR CS S;;;;79;;
1;3;2094;1;891,6024;724,88;AE SF STD HA 5.1 S64LNX P CPU TIER1 XGD LIC SFS S;20079522;;AE SF STD HA 5.1 S64LNX P CPU TIER1 XGD LIC SFS S;AE SF STD HA 5.1 S64LNX P CPU TIER1 XGD LIC SFS S;AE SF STD HA 5.1 S64LNX P CPU TIER1 XGD LIC SFS S;AE SF STD HA 5.1 S64LNX P CPU TIER1 XGD LIC SFS S;;;;79;;
1;3;2094;1;590,3139;479,93;REW SF STD HA 5.1 S64LNX PER CPU TIER 2 BAS A;20079523;;REW SF STD HA 5.1 S64LNX PER CPU TIER 2 BAS A;REW SF STD HA 5.1 S64LNX PER CPU TIER 2 BAS A;REW SF STD HA 5.1 S64LNX PER CPU TIER 2 BAS A;REW SF STD HA 5.1 S64LNX PER CPU TIER 2 BAS A;;;;79;;
1;3;2094;1;560,7939;455,93;REW SF STD HA 5.1 S64LNX PER CPU TIER 2 BAS D;20079524;;REW SF STD HA 5.1 S64LNX PER CPU TIER 2 BAS D;REW SF STD HA 5.1 S64LNX PER CPU TIER 2 BAS D;REW SF STD HA 5.1 S64LNX PER CPU TIER 2 BAS D;REW SF STD HA 5.1 S64LNX PER CPU TIER 2 BAS D;;;;79;;
1;3;2094;1;590,3139;479,93;AE SF STD HA 5.1 S64LNX PER CPU TIER 2 BAS S;20079525;;AE SF STD HA 5.1 S64LNX PER CPU TIER 2 BAS S;AE SF STD HA 5.1 S64LNX PER CPU TIER 2 BAS S;AE SF STD HA 5.1 S64LNX PER CPU TIER 2 BAS S;AE SF STD HA 5.1 S64LNX PER CPU TIER 2 BAS S;;;;79;;
1;3;2094;1;1415,0289;1150,43;REW SF STD HA 5.1 S64LNX PER CPU TIER 1 STD LIC B;20079527;;REW SF STD HA 5.1 S64LNX PER CPU TIER 1 STD LIC B;REW SF STD HA 5.1 S64LNX PER CPU TIER 1 STD LIC B;REW SF STD HA 5.1 S64LNX PER CPU TIER 1 STD LIC B;REW SF STD HA 5.1 S64LNX PER CPU TIER 1 STD LIC B;;;;79;;
1;3;2094;1;1344,2793;1092,91;REW SF STD HA 5.1 S64LNX PER CPU TIER 1 STD LIC D;20079528;;REW SF STD HA 5.1 S64LNX PER CPU TIER 1 STD LIC D;REW SF STD HA 5.1 S64LNX PER CPU TIER 1 STD LIC D;REW SF STD HA 5.1 S64LNX PER CPU TIER 1 STD LIC D;REW SF STD HA 5.1 S64LNX PER CPU TIER 1 STD LIC D;;;;79;;
1;3;2094;1;430,4508;349,96;REW SF STD HA 5.1 S64LNX PER CPU TIER 1 ESS B;20079529;;REW SF STD HA 5.1 S64LNX PER CPU TIER 1 ESS B;REW SF STD HA 5.1 S64LNX PER CPU TIER 1 ESS B;REW SF STD HA 5.1 S64LNX PER CPU TIER 1 ESS B;REW SF STD HA 5.1 S64LNX PER CPU TIER 1 ESS B;;;;79;;
1;3;2094;1;754,2975;613,25;EXP SF STD HA5.1 S64LNX P CPU TIER 2 ESS S;20079531;;EXP SF STD HA5.1 S64LNX P CPU TIER 2 ESS S;EXP SF STD HA5.1 S64LNX P CPU TIER 2 ESS S;EXP SF STD HA5.1 S64LNX P CPU TIER 2 ESS S;EXP SF STD HA5.1 S64LNX P CPU TIER 2 ESS S;;;;79;;
1;3;2094;1;446,3301;362,87;REW TSPP STO FND STDHA5.1 S64LNX CPU T2 BAS 12M A;20079533;;REW TSPP STO FND STDHA5.1 S64LNX CPU T2 BAS 12M A;REW TSPP STO FND STDHA5.1 S64LNX CPU T2 BAS 12M A;REW TSPP STO FND STDHA5.1 S64LNX CPU T2 BAS 12M A;REW TSPP STO FND STDHA5.1 S64LNX CPU T2 BAS 12M A;;;;79;;
1;3;2094;1;1142,0058;928,46;REW SF STD HA 5.1 S64LNX CPU TIER2 XGD LIC FR CS C;20079534;;REW SF STD HA 5.1 S64LNX CPU TIER2 XGD LIC FR CS C;REW SF STD HA 5.1 S64LNX CPU TIER2 XGD LIC FR CS C;REW SF STD HA 5.1 S64LNX CPU TIER2 XGD LIC FR CS C;REW SF STD HA 5.1 S64LNX CPU TIER2 XGD LIC FR CS C;;;;79;;
1;3;2094;1;1111,9569;904,03;REW SF STD HA 5.1 S64LNX CPU TIER2 XGD LIC FR CS E;20079535;;REW SF STD HA 5.1 S64LNX CPU TIER2 XGD LIC FR CS E;REW SF STD HA 5.1 S64LNX CPU TIER2 XGD LIC FR CS E;REW SF STD HA 5.1 S64LNX CPU TIER2 XGD LIC FR CS E;REW SF STD HA 5.1 S64LNX CPU TIER2 XGD LIC FR CS E;;;;79;;
1;3;2094;1;1202,1036;977,32;EXP SF STD HA5.1 S64LNX P CPU TIER2 XGD LIC FR CS S;20079536;;EXP SF STD HA5.1 S64LNX P CPU TIER2 XGD LIC FR CS S;EXP SF STD HA5.1 S64LNX P CPU TIER2 XGD LIC FR CS S;EXP SF STD HA5.1 S64LNX P CPU TIER2 XGD LIC FR CS S;EXP SF STD HA5.1 S64LNX P CPU TIER2 XGD LIC FR CS S;;;;79;;
1;3;2094;1;1500,1941;1219,67;REW SF STD HA 5.1 S64LNX CPU TIER 2 XGD LIC SFS D;20079538;;REW SF STD HA 5.1 S64LNX CPU TIER 2 XGD LIC SFS D;REW SF STD HA 5.1 S64LNX CPU TIER 2 XGD LIC SFS D;REW SF STD HA 5.1 S64LNX CPU TIER 2 XGD LIC SFS D;REW SF STD HA 5.1 S64LNX CPU TIER 2 XGD LIC SFS D;;;;79;;
1;3;2094;1;4209,8103;3422,61;REW SF STD HA 5.1 S64LNX PER CPU TIER 3 STD LIC C;20079539;;REW SF STD HA 5.1 S64LNX PER CPU TIER 3 STD LIC C;REW SF STD HA 5.1 S64LNX PER CPU TIER 3 STD LIC C;REW SF STD HA 5.1 S64LNX PER CPU TIER 3 STD LIC C;REW SF STD HA 5.1 S64LNX PER CPU TIER 3 STD LIC C;;;;79;;
1;3;2094;1;4209,8103;3422,61;REW SF STD HA 5.1 S64LNX PER CPU TIER 3 STD LIC D;20079540;;REW SF STD HA 5.1 S64LNX PER CPU TIER 3 STD LIC D;REW SF STD HA 5.1 S64LNX PER CPU TIER 3 STD LIC D;REW SF STD HA 5.1 S64LNX PER CPU TIER 3 STD LIC D;REW SF STD HA 5.1 S64LNX PER CPU TIER 3 STD LIC D;;;;79;;
1;3;2094;1;1280,6022;1041,14;REW SF STD HA 5.1 S64LNX PER CPU TIER 3 ESS D;20079541;;REW SF STD HA 5.1 S64LNX PER CPU TIER 3 ESS D;REW SF STD HA 5.1 S64LNX PER CPU TIER 3 ESS D;REW SF STD HA 5.1 S64LNX PER CPU TIER 3 ESS D;REW SF STD HA 5.1 S64LNX PER CPU TIER 3 ESS D;;;;79;;
1;3;2094;1;1347,9939;1095,93;AE SF STD HA 5.1 S64LNX PER CPU TIER 3 ESS S;20079542;;AE SF STD HA 5.1 S64LNX PER CPU TIER 3 ESS S;AE SF STD HA 5.1 S64LNX PER CPU TIER 3 ESS S;AE SF STD HA 5.1 S64LNX PER CPU TIER 3 ESS S;AE SF STD HA 5.1 S64LNX PER CPU TIER 3 ESS S;;;;79;;
1;3;2094;1;325,458;264,6;AE TSPP STOR FOUND STD HA 5.1 S64LNX T1 ESS 12M S;20079543;;AE TSPP STOR FOUND STD HA 5.1 S64LNX T1 ESS 12M S;AE TSPP STOR FOUND STD HA 5.1 S64LNX T1 ESS 12M S;AE TSPP STOR FOUND STD HA 5.1 S64LNX T1 ESS 12M S;AE TSPP STOR FOUND STD HA 5.1 S64LNX T1 ESS 12M S;;;;79;;
1;3;2094;1;254,6961;207,07;REW TSPP STO FND STDHA5.1 S64LNX CPU T1 BAS 12M B;20079544;;REW TSPP STO FND STDHA5.1 S64LNX CPU T1 BAS 12M B;REW TSPP STO FND STDHA5.1 S64LNX CPU T1 BAS 12M B;REW TSPP STO FND STDHA5.1 S64LNX CPU T1 BAS 12M B;REW TSPP STO FND STDHA5.1 S64LNX CPU T1 BAS 12M B;;;;79;;
1;3;2094;1;254,6961;207,07;EXPTSPP STOR FND ENTHA5.1 S64LNX CPU T1 BAS 12M S;20079545;;EXPTSPP STOR FND ENTHA5.1 S64LNX CPU T1 BAS 12M S;EXPTSPP STOR FND ENTHA5.1 S64LNX CPU T1 BAS 12M S;EXPTSPP STOR FND ENTHA5.1 S64LNX CPU T1 BAS 12M S;EXPTSPP STOR FND ENTHA5.1 S64LNX CPU T1 BAS 12M S;;;;79;;
1;3;2094;1;1019,2149;828,63;AE TSPP STOR FOUND STD HA 5.1 S64LNX T3 ESS 12M S;20079555;;AE TSPP STOR FOUND STD HA 5.1 S64LNX T3 ESS 12M S;AE TSPP STOR FOUND STD HA 5.1 S64LNX T3 ESS 12M S;AE TSPP STOR FOUND STD HA 5.1 S64LNX T3 ESS 12M S;AE TSPP STOR FOUND STD HA 5.1 S64LNX T3 ESS 12M S;;;;79;;
1;3;2094;1;797,655;648,5;REW TSPP STO FND STDHA5.1 S64LNX CPU T3 BAS 12M B;20079556;;REW TSPP STO FND STDHA5.1 S64LNX CPU T3 BAS 12M B;REW TSPP STO FND STDHA5.1 S64LNX CPU T3 BAS 12M B;REW TSPP STO FND STDHA5.1 S64LNX CPU T3 BAS 12M B;REW TSPP STO FND STDHA5.1 S64LNX CPU T3 BAS 12M B;;;;79;;
1;3;2094;1;737,8278;599,86;REW TSPP STO FND STDHA5.1 S64LNX CPU T3 BAS 12M E;20079557;;REW TSPP STO FND STDHA5.1 S64LNX CPU T3 BAS 12M E;REW TSPP STO FND STDHA5.1 S64LNX CPU T3 BAS 12M E;REW TSPP STO FND STDHA5.1 S64LNX CPU T3 BAS 12M E;REW TSPP STO FND STDHA5.1 S64LNX CPU T3 BAS 12M E;;;;79;;
1;3;2094;1;1993,2396;1620,52;REW SF STD HA 5.1 S64LNX CPU TIER3 XGD LIC FR CS C;20079563;;REW SF STD HA 5.1 S64LNX CPU TIER3 XGD LIC FR CS C;REW SF STD HA 5.1 S64LNX CPU TIER3 XGD LIC FR CS C;REW SF STD HA 5.1 S64LNX CPU TIER3 XGD LIC FR CS C;REW SF STD HA 5.1 S64LNX CPU TIER3 XGD LIC FR CS C;;;;79;;
1;3;2094;1;2098,1463;1705,81;AE SF STD HA 5.1 S64LNX P CPU TIER3 XGD LIC FR CS S;20079564;;AE SF STD HA 5.1 S64LNX P CPU TIER3 XGD LIC FR CS S;AE SF STD HA 5.1 S64LNX P CPU TIER3 XGD LIC FR CS S;AE SF STD HA 5.1 S64LNX P CPU TIER3 XGD LIC FR CS S;AE SF STD HA 5.1 S64LNX P CPU TIER3 XGD LIC FR CS S;;;;79;;
1;3;2094;1;398,1633;323,71;REW SF STD HA 5.1 S64LNX PER CPU TIER 1 ESS E;20079565;;REW SF STD HA 5.1 S64LNX PER CPU TIER 1 ESS E;REW SF STD HA 5.1 S64LNX PER CPU TIER 1 ESS E;REW SF STD HA 5.1 S64LNX PER CPU TIER 1 ESS E;REW SF STD HA 5.1 S64LNX PER CPU TIER 1 ESS E;;;;79;;
1;3;2094;1;430,4508;349,96;AE SF STD HA 5.1 S64LNX PER CPU TIER 1 ESS S;20079566;;AE SF STD HA 5.1 S64LNX PER CPU TIER 1 ESS S;AE SF STD HA 5.1 S64LNX PER CPU TIER 1 ESS S;AE SF STD HA 5.1 S64LNX PER CPU TIER 1 ESS S;AE SF STD HA 5.1 S64LNX PER CPU TIER 1 ESS S;;;;79;;
1;3;2094;1;325,458;264,6;REW TSPP STO FND STDHA5.1 S64LNX CPU T1 ESS 12M A;20079569;;REW TSPP STO FND STDHA5.1 S64LNX CPU T1 ESS 12M A;REW TSPP STO FND STDHA5.1 S64LNX CPU T1 ESS 12M A;REW TSPP STO FND STDHA5.1 S64LNX CPU T1 ESS 12M A;REW TSPP STO FND STDHA5.1 S64LNX CPU T1 ESS 12M A;;;;79;;
1;3;2094;1;325,458;264,6;REW TSPP STO FND STDHA5.1 S64LNX CPU T1 ESS 12M B;20079570;;REW TSPP STO FND STDHA5.1 S64LNX CPU T1 ESS 12M B;REW TSPP STO FND STDHA5.1 S64LNX CPU T1 ESS 12M B;REW TSPP STO FND STDHA5.1 S64LNX CPU T1 ESS 12M B;REW TSPP STO FND STDHA5.1 S64LNX CPU T1 ESS 12M B;;;;79;;
1;3;2094;1;325,458;264,6;GOVTSPP STOR FND STDHA5.1 S64LNX CPU T1 ESS 12M S;20079571;;GOVTSPP STOR FND STDHA5.1 S64LNX CPU T1 ESS 12M S;GOVTSPP STOR FND STDHA5.1 S64LNX CPU T1 ESS 12M S;GOVTSPP STOR FND STDHA5.1 S64LNX CPU T1 ESS 12M S;GOVTSPP STOR FND STDHA5.1 S64LNX CPU T1 ESS 12M S;;;;79;;
1;3;2094;1;824,7273;670,51;REW SF STD HA 5.1 S64LNX CPU TIER 1 XGD LIC SFS E;20079572;;REW SF STD HA 5.1 S64LNX CPU TIER 1 XGD LIC SFS E;REW SF STD HA 5.1 S64LNX CPU TIER 1 XGD LIC SFS E;REW SF STD HA 5.1 S64LNX CPU TIER 1 XGD LIC SFS E;REW SF STD HA 5.1 S64LNX CPU TIER 1 XGD LIC SFS E;;;;79;;
1;3;2094;1;2355,6468;1915,16;REW SF STD HA 5.1 S64LNX PER CPU TIER 2 STD LIC D;20079573;;REW SF STD HA 5.1 S64LNX PER CPU TIER 2 STD LIC D;REW SF STD HA 5.1 S64LNX PER CPU TIER 2 STD LIC D;REW SF STD HA 5.1 S64LNX PER CPU TIER 2 STD LIC D;REW SF STD HA 5.1 S64LNX PER CPU TIER 2 STD LIC D;;;;79;;
1;3;2094;1;590,3139;479,93;REW SF STD HA 5.1 S64LNX PER CPU TIER 2 BAS B;20079574;;REW SF STD HA 5.1 S64LNX PER CPU TIER 2 BAS B;REW SF STD HA 5.1 S64LNX PER CPU TIER 2 BAS B;REW SF STD HA 5.1 S64LNX PER CPU TIER 2 BAS B;REW SF STD HA 5.1 S64LNX PER CPU TIER 2 BAS B;;;;79;;
1;3;2094;1;560,7939;455,93;REW SF STD HA 5.1 S64LNX PER CPU TIER 2 BAS C;20079575;;REW SF STD HA 5.1 S64LNX PER CPU TIER 2 BAS C;REW SF STD HA 5.1 S64LNX PER CPU TIER 2 BAS C;REW SF STD HA 5.1 S64LNX PER CPU TIER 2 BAS C;REW SF STD HA 5.1 S64LNX PER CPU TIER 2 BAS C;;;;79;;
1;3;2094;1;590,3139;479,93;GOV SF STD HA 5.1 S64LNX PER CPU TIER 2 BAS S;20079576;;GOV SF STD HA 5.1 S64LNX PER CPU TIER 2 BAS S;GOV SF STD HA 5.1 S64LNX PER CPU TIER 2 BAS S;GOV SF STD HA 5.1 S64LNX PER CPU TIER 2 BAS S;GOV SF STD HA 5.1 S64LNX PER CPU TIER 2 BAS S;;;;79;;
1;3;2094;1;754,2975;613,25;AE SF STD HA 5.1 S64LNX PER CPU TIER 2 ESS S;20079577;;AE SF STD HA 5.1 S64LNX PER CPU TIER 2 ESS S;AE SF STD HA 5.1 S64LNX PER CPU TIER 2 ESS S;AE SF STD HA 5.1 S64LNX PER CPU TIER 2 ESS S;AE SF STD HA 5.1 S64LNX PER CPU TIER 2 ESS S;;;;79;;
1;3;2094;1;424,0179;344,73;REW TSPP STO FND STDHA5.1 S64LNX CPU T2 BAS 12M C;20079580;;REW TSPP STO FND STDHA5.1 S64LNX CPU T2 BAS 12M C;REW TSPP STO FND STDHA5.1 S64LNX CPU T2 BAS 12M C;REW TSPP STO FND STDHA5.1 S64LNX CPU T2 BAS 12M C;REW TSPP STO FND STDHA5.1 S64LNX CPU T2 BAS 12M C;;;;79;;
1;3;2094;1;446,3301;362,87;AE TSPP STOR FOUND STD HA 5.1 S64LNX T2 BAS 12M S;20079581;;AE TSPP STOR FOUND STD HA 5.1 S64LNX T2 BAS 12M S;AE TSPP STOR FOUND STD HA 5.1 S64LNX T2 BAS 12M S;AE TSPP STOR FOUND STD HA 5.1 S64LNX T2 BAS 12M S;AE TSPP STOR FOUND STD HA 5.1 S64LNX T2 BAS 12M S;;;;79;;
1;3;2094;1;891,6024;724,88;REW SF STD HA 5.1 S64LNX CPU TIER 1 XGD LIC SFS B;20079583;;REW SF STD HA 5.1 S64LNX CPU TIER 1 XGD LIC SFS B;REW SF STD HA 5.1 S64LNX CPU TIER 1 XGD LIC SFS B;REW SF STD HA 5.1 S64LNX CPU TIER 1 XGD LIC SFS B;REW SF STD HA 5.1 S64LNX CPU TIER 1 XGD LIC SFS B;;;;79;;
1;3;2094;1;546,0339;443,93;REW SF STD HA 5.1 S64LNX PER CPU TIER 2 BAS E;20079584;;REW SF STD HA 5.1 S64LNX PER CPU TIER 2 BAS E;REW SF STD HA 5.1 S64LNX PER CPU TIER 2 BAS E;REW SF STD HA 5.1 S64LNX PER CPU TIER 2 BAS E;REW SF STD HA 5.1 S64LNX PER CPU TIER 2 BAS E;;;;79;;
1;3;2094;1;716,5611;582,57;REW SF STD HA 5.1 S64LNX PER CPU TIER 2 ESS C;20079585;;REW SF STD HA 5.1 S64LNX PER CPU TIER 2 ESS C;REW SF STD HA 5.1 S64LNX PER CPU TIER 2 ESS C;REW SF STD HA 5.1 S64LNX PER CPU TIER 2 ESS C;REW SF STD HA 5.1 S64LNX PER CPU TIER 2 ESS C;;;;79;;
1;3;2094;1;697,7052;567,24;REW SF STD HA 5.1 S64LNX PER CPU TIER 2 ESS E;20079586;;REW SF STD HA 5.1 S64LNX PER CPU TIER 2 ESS E;REW SF STD HA 5.1 S64LNX PER CPU TIER 2 ESS E;REW SF STD HA 5.1 S64LNX PER CPU TIER 2 ESS E;REW SF STD HA 5.1 S64LNX PER CPU TIER 2 ESS E;;;;79;;
1;3;2094;1;424,0179;344,73;REW TSPP STO FND STDHA5.1 S64LNX CPU T2 BAS 12M D;20079588;;REW TSPP STO FND STDHA5.1 S64LNX CPU T2 BAS 12M D;REW TSPP STO FND STDHA5.1 S64LNX CPU T2 BAS 12M D;REW TSPP STO FND STDHA5.1 S64LNX CPU T2 BAS 12M D;REW TSPP STO FND STDHA5.1 S64LNX CPU T2 BAS 12M D;;;;79;;
1;3;2094;1;1202,1036;977,32;REW SF STD HA 5.1 S64LNX CPU TIER2 XGD LIC FR CS B;20079590;;REW SF STD HA 5.1 S64LNX CPU TIER2 XGD LIC FR CS B;REW SF STD HA 5.1 S64LNX CPU TIER2 XGD LIC FR CS B;REW SF STD HA 5.1 S64LNX CPU TIER2 XGD LIC FR CS B;REW SF STD HA 5.1 S64LNX CPU TIER2 XGD LIC FR CS B;;;;79;;
1;3;2094;1;1347,9939;1095,93;GOV SF STD HA 5.1 S64LNX PER CPU TIER 3 ESS S;20079591;;GOV SF STD HA 5.1 S64LNX PER CPU TIER 3 ESS S;GOV SF STD HA 5.1 S64LNX PER CPU TIER 3 ESS S;GOV SF STD HA 5.1 S64LNX PER CPU TIER 3 ESS S;GOV SF STD HA 5.1 S64LNX PER CPU TIER 3 ESS S;;;;79;;
1;3;2094;1;1019,2149;828,63;REW TSPP STO FND STDHA5.1 S64LNX CPU T3 ESS 12M A;20079592;;REW TSPP STO FND STDHA5.1 S64LNX CPU T3 ESS 12M A;REW TSPP STO FND STDHA5.1 S64LNX CPU T3 ESS 12M A;REW TSPP STO FND STDHA5.1 S64LNX CPU T3 ESS 12M A;REW TSPP STO FND STDHA5.1 S64LNX CPU T3 ESS 12M A;;;;79;;
1;3;2094;1;797,655;648,5;REW TSPP STO FND STDHA5.1 S64LNX CPU T3 BAS 12M A;20079593;;REW TSPP STO FND STDHA5.1 S64LNX CPU T3 BAS 12M A;REW TSPP STO FND STDHA5.1 S64LNX CPU T3 BAS 12M A;REW TSPP STO FND STDHA5.1 S64LNX CPU T3 BAS 12M A;REW TSPP STO FND STDHA5.1 S64LNX CPU T3 BAS 12M A;;;;79;;
1;3;2094;1;1579,1478;1283,86;REW SF STD HA 5.1 S64LNX CPU TIER 2 XGD LIC SFS B;20079594;;REW SF STD HA 5.1 S64LNX CPU TIER 2 XGD LIC SFS B;REW SF STD HA 5.1 S64LNX CPU TIER 2 XGD LIC SFS B;REW SF STD HA 5.1 S64LNX CPU TIER 2 XGD LIC SFS B;REW SF STD HA 5.1 S64LNX CPU TIER 2 XGD LIC SFS B;;;;79;;
1;3;2094;1;1347,9939;1095,93;REW SF STD HA 5.1 S64LNX PER CPU TIER 3 ESS A;20079595;;REW SF STD HA 5.1 S64LNX PER CPU TIER 3 ESS A;REW SF STD HA 5.1 S64LNX PER CPU TIER 3 ESS A;REW SF STD HA 5.1 S64LNX PER CPU TIER 3 ESS A;REW SF STD HA 5.1 S64LNX PER CPU TIER 3 ESS A;;;;79;;
1;3;2094;1;1280,6022;1041,14;REW SF STD HA 5.1 S64LNX PER CPU TIER 3 ESS C;20079596;;REW SF STD HA 5.1 S64LNX PER CPU TIER 3 ESS C;REW SF STD HA 5.1 S64LNX PER CPU TIER 3 ESS C;REW SF STD HA 5.1 S64LNX PER CPU TIER 3 ESS C;REW SF STD HA 5.1 S64LNX PER CPU TIER 3 ESS C;;;;79;;
1;3;2094;1;1019,2149;828,63;GOVTSPP STOR FND STDHA5.1 S64LNX CPU T3 ESS 12M S;20079599;;GOVTSPP STOR FND STDHA5.1 S64LNX CPU T3 ESS 12M S;GOVTSPP STOR FND STDHA5.1 S64LNX CPU T3 ESS 12M S;GOVTSPP STOR FND STDHA5.1 S64LNX CPU T3 ESS 12M S;GOVTSPP STOR FND STDHA5.1 S64LNX CPU T3 ESS 12M S;;;;79;;
1;3;2094;1;1019,2149;828,63;EXP TSPP STOR FND HA 5.1 S64LNX CPU T3 ESS 12M S;20079600;;EXP TSPP STOR FND HA 5.1 S64LNX CPU T3 ESS 12M S;EXP TSPP STOR FND HA 5.1 S64LNX CPU T3 ESS 12M S;EXP TSPP STOR FND HA 5.1 S64LNX CPU T3 ESS 12M S;EXP TSPP STOR FND HA 5.1 S64LNX CPU T3 ESS 12M S;;;;79;;
1;3;2094;1;2637,981;2144,7;REW SF STD HA 5.1 S64LNX CPU TIER 3 XGD LIC SFS C;20079602;;REW SF STD HA 5.1 S64LNX CPU TIER 3 XGD LIC SFS C;REW SF STD HA 5.1 S64LNX CPU TIER 3 XGD LIC SFS C;REW SF STD HA 5.1 S64LNX CPU TIER 3 XGD LIC SFS C;REW SF STD HA 5.1 S64LNX CPU TIER 3 XGD LIC SFS C;;;;79;;
1;3;2094;1;1415,0289;1150,43;AE SF STD HA 5.1 S64LNX PER CPU TIER 1 STD LIC S;20079603;;AE SF STD HA 5.1 S64LNX PER CPU TIER 1 STD LIC S;AE SF STD HA 5.1 S64LNX PER CPU TIER 1 STD LIC S;AE SF STD HA 5.1 S64LNX PER CPU TIER 1 STD LIC S;AE SF STD HA 5.1 S64LNX PER CPU TIER 1 STD LIC S;;;;79;;
1;3;2094;1;311,6082;253,34;REW SF STD HA 5.1 S64LNX PER CPU TIER 1 BAS E;20079604;;REW SF STD HA 5.1 S64LNX PER CPU TIER 1 BAS E;REW SF STD HA 5.1 S64LNX PER CPU TIER 1 BAS E;REW SF STD HA 5.1 S64LNX PER CPU TIER 1 BAS E;REW SF STD HA 5.1 S64LNX PER CPU TIER 1 BAS E;;;;79;;
1;3;2094;1;757,7538;616,06;REW TSPP STO FND STDHA5.1 S64LNX CPU T3 BAS 12M D;20079605;;REW TSPP STO FND STDHA5.1 S64LNX CPU T3 BAS 12M D;REW TSPP STO FND STDHA5.1 S64LNX CPU T3 BAS 12M D;REW TSPP STO FND STDHA5.1 S64LNX CPU T3 BAS 12M D;REW TSPP STO FND STDHA5.1 S64LNX CPU T3 BAS 12M D;;;;79;;
1;3;2094;1;320,0337;260,19;REW SF STD HA 5.1 S64LNX PER CPU TIER 1 BAS D;20079608;;REW SF STD HA 5.1 S64LNX PER CPU TIER 1 BAS D;REW SF STD HA 5.1 S64LNX PER CPU TIER 1 BAS D;REW SF STD HA 5.1 S64LNX PER CPU TIER 1 BAS D;REW SF STD HA 5.1 S64LNX PER CPU TIER 1 BAS D;;;;79;;
1;3;2094;1;336,8724;273,88;GOV SF STD HA 5.1 S64LNX PER CPU TIER 1 BAS S;20079609;;GOV SF STD HA 5.1 S64LNX PER CPU TIER 1 BAS S;GOV SF STD HA 5.1 S64LNX PER CPU TIER 1 BAS S;GOV SF STD HA 5.1 S64LNX PER CPU TIER 1 BAS S;GOV SF STD HA 5.1 S64LNX PER CPU TIER 1 BAS S;;;;79;;
1;3;2094;1;430,4508;349,96;REW SF STD HA 5.1 S64LNX PER CPU TIER 1 ESS A;20079610;;REW SF STD HA 5.1 S64LNX PER CPU TIER 1 ESS A;REW SF STD HA 5.1 S64LNX PER CPU TIER 1 ESS A;REW SF STD HA 5.1 S64LNX PER CPU TIER 1 ESS A;REW SF STD HA 5.1 S64LNX PER CPU TIER 1 ESS A;;;;79;;
1;3;2094;1;301,0425;244,75;REW TSPP STO FND STDHA5.1 S64LNX CPU T1 ESS 12M E;20079611;;REW TSPP STO FND STDHA5.1 S64LNX CPU T1 ESS 12M E;REW TSPP STO FND STDHA5.1 S64LNX CPU T1 ESS 12M E;REW TSPP STO FND STDHA5.1 S64LNX CPU T1 ESS 12M E;REW TSPP STO FND STDHA5.1 S64LNX CPU T1 ESS 12M E;;;;79;;
1;3;2094;1;665,3685;540,95;REW SF STD HA 5.1 S64LNX CPU TIER1 XGD LIC FR CS A;20079613;;REW SF STD HA 5.1 S64LNX CPU TIER1 XGD LIC FR CS A;REW SF STD HA 5.1 S64LNX CPU TIER1 XGD LIC FR CS A;REW SF STD HA 5.1 S64LNX CPU TIER1 XGD LIC FR CS A;REW SF STD HA 5.1 S64LNX CPU TIER1 XGD LIC FR CS A;;;;79;;
1;3;2094;1;615,4797;500,39;REW SF STD HA 5.1 S64LNX CPU TIER1 XGD LIC FR CS E;20079614;;REW SF STD HA 5.1 S64LNX CPU TIER1 XGD LIC FR CS E;REW SF STD HA 5.1 S64LNX CPU TIER1 XGD LIC FR CS E;REW SF STD HA 5.1 S64LNX CPU TIER1 XGD LIC FR CS E;REW SF STD HA 5.1 S64LNX CPU TIER1 XGD LIC FR CS E;;;;79;;
1;3;2094;1;665,3685;540,95;GOV SF STD HA5.1 S64LNX P CPU TIER1 XGD LIC FR CS S;20079615;;GOV SF STD HA5.1 S64LNX P CPU TIER1 XGD LIC FR CS S;GOV SF STD HA5.1 S64LNX P CPU TIER1 XGD LIC FR CS S;GOV SF STD HA5.1 S64LNX P CPU TIER1 XGD LIC FR CS S;GOV SF STD HA5.1 S64LNX P CPU TIER1 XGD LIC FR CS S;;;;79;;
1;3;2094;1;309,1851;251,37;REW TSPP STO FND STDHA5.1 S64LNX CPU T1 ESS 12M C;20079617;;REW TSPP STO FND STDHA5.1 S64LNX CPU T1 ESS 12M C;REW TSPP STO FND STDHA5.1 S64LNX CPU T1 ESS 12M C;REW TSPP STO FND STDHA5.1 S64LNX CPU T1 ESS 12M C;REW TSPP STO FND STDHA5.1 S64LNX CPU T1 ESS 12M C;;;;79;;
1;3;2094;1;325,458;264,6;EXP TSPP STOR FND HA 5.1 S64LNX CPU T1 ESS 12M S;20079618;;EXP TSPP STOR FND HA 5.1 S64LNX CPU T1 ESS 12M S;EXP TSPP STOR FND HA 5.1 S64LNX CPU T1 ESS 12M S;EXP TSPP STOR FND HA 5.1 S64LNX CPU T1 ESS 12M S;EXP TSPP STOR FND HA 5.1 S64LNX CPU T1 ESS 12M S;;;;79;;
1;3;2094;1;241,9779;196,73;REW TSPP STO FND STDHA5.1 S64LNX CPU T1 BAS 12M C;20079619;;REW TSPP STO FND STDHA5.1 S64LNX CPU T1 BAS 12M C;REW TSPP STO FND STDHA5.1 S64LNX CPU T1 BAS 12M C;REW TSPP STO FND STDHA5.1 S64LNX CPU T1 BAS 12M C;REW TSPP STO FND STDHA5.1 S64LNX CPU T1 BAS 12M C;;;;79;;
1;3;2094;1;891,6024;724,88;GOV SF STD HA5.1 S64LNX P CPU TIER1 XGD LIC SFS S;20079622;;GOV SF STD HA5.1 S64LNX P CPU TIER1 XGD LIC SFS S;GOV SF STD HA5.1 S64LNX P CPU TIER1 XGD LIC SFS S;GOV SF STD HA5.1 S64LNX P CPU TIER1 XGD LIC SFS S;GOV SF STD HA5.1 S64LNX P CPU TIER1 XGD LIC SFS S;;;;79;;
1;3;2094;1;2479,6185;2015,95;REW SF STD HA 5.1 S64LNX PER CPU TIER 2 STD LIC A;20079623;;REW SF STD HA 5.1 S64LNX PER CPU TIER 2 STD LIC A;REW SF STD HA 5.1 S64LNX PER CPU TIER 2 STD LIC A;REW SF STD HA 5.1 S64LNX PER CPU TIER 2 STD LIC A;REW SF STD HA 5.1 S64LNX PER CPU TIER 2 STD LIC A;;;;79;;
1;3;2094;1;2293,6671;1864,77;REW SF STD HA 5.1 S64LNX PER CPU TIER 2 STD LIC E;20079624;;REW SF STD HA 5.1 S64LNX PER CPU TIER 2 STD LIC E;REW SF STD HA 5.1 S64LNX PER CPU TIER 2 STD LIC E;REW SF STD HA 5.1 S64LNX PER CPU TIER 2 STD LIC E;REW SF STD HA 5.1 S64LNX PER CPU TIER 2 STD LIC E;;;;79;;
1;3;2094;1;891,6024;724,88;REW SF STD HA 5.1 S64LNX CPU TIER 1 XGD LIC SFS A;20079627;;REW SF STD HA 5.1 S64LNX CPU TIER 1 XGD LIC SFS A;REW SF STD HA 5.1 S64LNX CPU TIER 1 XGD LIC SFS A;REW SF STD HA 5.1 S64LNX CPU TIER 1 XGD LIC SFS A;REW SF STD HA 5.1 S64LNX CPU TIER 1 XGD LIC SFS A;;;;79;;
1;3;2094;1;847,0272;688,64;REW SF STD HA 5.1 S64LNX CPU TIER 1 XGD LIC SFS C;20079628;;REW SF STD HA 5.1 S64LNX CPU TIER 1 XGD LIC SFS C;REW SF STD HA 5.1 S64LNX CPU TIER 1 XGD LIC SFS C;REW SF STD HA 5.1 S64LNX CPU TIER 1 XGD LIC SFS C;REW SF STD HA 5.1 S64LNX CPU TIER 1 XGD LIC SFS C;;;;79;;
1;3;2094;1;891,6024;724,88;EXP SF STD HA5.1 S64LNX P CPU TIER1 XGD LIC SFS S;20079629;;EXP SF STD HA5.1 S64LNX P CPU TIER1 XGD LIC SFS S;EXP SF STD HA5.1 S64LNX P CPU TIER1 XGD LIC SFS S;EXP SF STD HA5.1 S64LNX P CPU TIER1 XGD LIC SFS S;EXP SF STD HA5.1 S64LNX P CPU TIER1 XGD LIC SFS S;;;;79;;
1;3;2094;1;2355,6468;1915,16;REW SF STD HA 5.1 S64LNX PER CPU TIER 2 STD LIC C;20079630;;REW SF STD HA 5.1 S64LNX PER CPU TIER 2 STD LIC C;REW SF STD HA 5.1 S64LNX PER CPU TIER 2 STD LIC C;REW SF STD HA 5.1 S64LNX PER CPU TIER 2 STD LIC C;REW SF STD HA 5.1 S64LNX PER CPU TIER 2 STD LIC C;;;;79;;
1;3;2094;1;2479,6185;2015,95;EXP SF STD HA5.1 S64LNX P CPU TIER 2 STD LIC S;20079631;;EXP SF STD HA5.1 S64LNX P CPU TIER 2 STD LIC S;EXP SF STD HA5.1 S64LNX P CPU TIER 2 STD LIC S;EXP SF STD HA5.1 S64LNX P CPU TIER 2 STD LIC S;EXP SF STD HA5.1 S64LNX P CPU TIER 2 STD LIC S;;;;79;;
1;3;2094;1;754,2975;613,25;REW SF STD HA 5.1 S64LNX PER CPU TIER 2 ESS B;20079632;;REW SF STD HA 5.1 S64LNX PER CPU TIER 2 ESS B;REW SF STD HA 5.1 S64LNX PER CPU TIER 2 ESS B;REW SF STD HA 5.1 S64LNX PER CPU TIER 2 ESS B;REW SF STD HA 5.1 S64LNX PER CPU TIER 2 ESS B;;;;79;;
1;3;2094;1;716,5611;582,57;REW SF STD HA 5.1 S64LNX PER CPU TIER 2 ESS D;20079633;;REW SF STD HA 5.1 S64LNX PER CPU TIER 2 ESS D;REW SF STD HA 5.1 S64LNX PER CPU TIER 2 ESS D;REW SF STD HA 5.1 S64LNX PER CPU TIER 2 ESS D;REW SF STD HA 5.1 S64LNX PER CPU TIER 2 ESS D;;;;79;;
1;3;2094;1;754,2975;613,25;GOV SF STD HA 5.1 S64LNX PER CPU TIER 2 ESS S;20079634;;GOV SF STD HA 5.1 S64LNX PER CPU TIER 2 ESS S;GOV SF STD HA 5.1 S64LNX PER CPU TIER 2 ESS S;GOV SF STD HA 5.1 S64LNX PER CPU TIER 2 ESS S;GOV SF STD HA 5.1 S64LNX PER CPU TIER 2 ESS S;;;;79;;
1;3;2094;1;527,547;428,9;REW TSPP STO FND STDHA5.1 S64LNX CPU T2 ESS 12M E;20079638;;REW TSPP STO FND STDHA5.1 S64LNX CPU T2 ESS 12M E;REW TSPP STO FND STDHA5.1 S64LNX CPU T2 ESS 12M E;REW TSPP STO FND STDHA5.1 S64LNX CPU T2 ESS 12M E;REW TSPP STO FND STDHA5.1 S64LNX CPU T2 ESS 12M E;;;;79;;
1;3;2094;1;446,3301;362,87;REW TSPP STO FND STDHA5.1 S64LNX CPU T2 BAS 12M B;20079639;;REW TSPP STO FND STDHA5.1 S64LNX CPU T2 BAS 12M B;REW TSPP STO FND STDHA5.1 S64LNX CPU T2 BAS 12M B;REW TSPP STO FND STDHA5.1 S64LNX CPU T2 BAS 12M B;REW TSPP STO FND STDHA5.1 S64LNX CPU T2 BAS 12M B;;;;79;;
1;3;2094;1;412,8495;335,65;REW TSPP STO FND STDHA5.1 S64LNX CPU T2 BAS 12M E;20079640;;REW TSPP STO FND STDHA5.1 S64LNX CPU T2 BAS 12M E;REW TSPP STO FND STDHA5.1 S64LNX CPU T2 BAS 12M E;REW TSPP STO FND STDHA5.1 S64LNX CPU T2 BAS 12M E;REW TSPP STO FND STDHA5.1 S64LNX CPU T2 BAS 12M E;;;;79;;
1;3;2094;1;1460,7111;1187,57;REW SF STD HA 5.1 S64LNX CPU TIER 2 XGD LIC SFS E;20079642;;REW SF STD HA 5.1 S64LNX CPU TIER 2 XGD LIC SFS E;REW SF STD HA 5.1 S64LNX CPU TIER 2 XGD LIC SFS E;REW SF STD HA 5.1 S64LNX CPU TIER 2 XGD LIC SFS E;REW SF STD HA 5.1 S64LNX CPU TIER 2 XGD LIC SFS E;;;;79;;
1;3;2094;1;4431,3702;3602,74;REW SF STD HA 5.1 S64LNX PER CPU TIER 3 STD LIC A;20079643;;REW SF STD HA 5.1 S64LNX PER CPU TIER 3 STD LIC A;REW SF STD HA 5.1 S64LNX PER CPU TIER 3 STD LIC A;REW SF STD HA 5.1 S64LNX PER CPU TIER 3 STD LIC A;REW SF STD HA 5.1 S64LNX PER CPU TIER 3 STD LIC A;;;;79;;
1;3;2094;1;1002,2163;814,81;REW SF STD HA 5.1 S64LNX PER CPU TIER 3 BAS C;20079644;;REW SF STD HA 5.1 S64LNX PER CPU TIER 3 BAS C;REW SF STD HA 5.1 S64LNX PER CPU TIER 3 BAS C;REW SF STD HA 5.1 S64LNX PER CPU TIER 3 BAS C;REW SF STD HA 5.1 S64LNX PER CPU TIER 3 BAS C;;;;79;;
1;3;2094;1;1054,9464;857,68;EXP SF STD HA5.1 S64LNX P CPU TIER 3 BAS S;20079645;;EXP SF STD HA5.1 S64LNX P CPU TIER 3 BAS S;EXP SF STD HA5.1 S64LNX P CPU TIER 3 BAS S;EXP SF STD HA5.1 S64LNX P CPU TIER 3 BAS S;EXP SF STD HA5.1 S64LNX P CPU TIER 3 BAS S;;;;79;;
1;3;2094;1;1347,9939;1095,93;EXP SF STD HA5.1 S64LNX P CPU TIER 3 ESS S;20079646;;EXP SF STD HA5.1 S64LNX P CPU TIER 3 ESS S;EXP SF STD HA5.1 S64LNX P CPU TIER 3 ESS S;EXP SF STD HA5.1 S64LNX P CPU TIER 3 ESS S;EXP SF STD HA5.1 S64LNX P CPU TIER 3 ESS S;;;;79;;
1;3;2094;1;968,2437;787,19;REW TSPP STO FND STDHA5.1 S64LNX CPU T3 ESS 12M C;20079648;;REW TSPP STO FND STDHA5.1 S64LNX CPU T3 ESS 12M C;REW TSPP STO FND STDHA5.1 S64LNX CPU T3 ESS 12M C;REW TSPP STO FND STDHA5.1 S64LNX CPU T3 ESS 12M C;REW TSPP STO FND STDHA5.1 S64LNX CPU T3 ESS 12M C;;;;79;;
1;3;2094;1;541,7904;440,48;REW TSPP STO FND STDHA5.1 S64LNX CPU T2 ESS 12M D;20079649;;REW TSPP STO FND STDHA5.1 S64LNX CPU T2 ESS 12M D;REW TSPP STO FND STDHA5.1 S64LNX CPU T2 ESS 12M D;REW TSPP STO FND STDHA5.1 S64LNX CPU T2 ESS 12M D;REW TSPP STO FND STDHA5.1 S64LNX CPU T2 ESS 12M D;;;;79;;
1;3;2094;1;570,3141;463,67;EXP TSPP STOR FND HA 5.1 S64LNX CPU T2 ESS 12M S;20079650;;EXP TSPP STOR FND HA 5.1 S64LNX CPU T2 ESS 12M S;EXP TSPP STOR FND HA 5.1 S64LNX CPU T2 ESS 12M S;EXP TSPP STOR FND HA 5.1 S64LNX CPU T2 ESS 12M S;EXP TSPP STOR FND HA 5.1 S64LNX CPU T2 ESS 12M S;;;;79;;
1;3;2094;1;570,3141;463,67;AE TSPP STOR FOUND STD HA 5.1 S64LNX T2 ESS 12M S;20079651;;AE TSPP STOR FOUND STD HA 5.1 S64LNX T2 ESS 12M S;AE TSPP STOR FOUND STD HA 5.1 S64LNX T2 ESS 12M S;AE TSPP STOR FOUND STD HA 5.1 S64LNX T2 ESS 12M S;AE TSPP STOR FOUND STD HA 5.1 S64LNX T2 ESS 12M S;;;;79;;
1;3;2094;1;1142,0058;928,46;REW SF STD HA 5.1 S64LNX CPU TIER2 XGD LIC FR CS D;20079653;;REW SF STD HA 5.1 S64LNX CPU TIER2 XGD LIC FR CS D;REW SF STD HA 5.1 S64LNX CPU TIER2 XGD LIC FR CS D;REW SF STD HA 5.1 S64LNX CPU TIER2 XGD LIC FR CS D;REW SF STD HA 5.1 S64LNX CPU TIER2 XGD LIC FR CS D;;;;79;;
1;3;2094;1;4431,3702;3602,74;REW SF STD HA 5.1 S64LNX PER CPU TIER 3 STD LIC B;20079654;;REW SF STD HA 5.1 S64LNX PER CPU TIER 3 STD LIC B;REW SF STD HA 5.1 S64LNX PER CPU TIER 3 STD LIC B;REW SF STD HA 5.1 S64LNX PER CPU TIER 3 STD LIC B;REW SF STD HA 5.1 S64LNX PER CPU TIER 3 STD LIC B;;;;79;;
1;3;2094;1;4431,3702;3602,74;EXP SF STD HA5.1 S64LNX P CPU TIER 3 STD LIC S;20079655;;EXP SF STD HA5.1 S64LNX P CPU TIER 3 STD LIC S;EXP SF STD HA5.1 S64LNX P CPU TIER 3 STD LIC S;EXP SF STD HA5.1 S64LNX P CPU TIER 3 STD LIC S;EXP SF STD HA5.1 S64LNX P CPU TIER 3 STD LIC S;;;;79;;
1;3;2094;1;1054,9464;857,68;REW SF STD HA 5.1 S64LNX PER CPU TIER 3 BAS A;20079656;;REW SF STD HA 5.1 S64LNX PER CPU TIER 3 BAS A;REW SF STD HA 5.1 S64LNX PER CPU TIER 3 BAS A;REW SF STD HA 5.1 S64LNX PER CPU TIER 3 BAS A;REW SF STD HA 5.1 S64LNX PER CPU TIER 3 BAS A;;;;79;;
1;3;2094;1;1054,9464;857,68;GOV SF STD HA 5.1 S64LNX PER CPU TIER 3 BAS S;20079657;;GOV SF STD HA 5.1 S64LNX PER CPU TIER 3 BAS S;GOV SF STD HA 5.1 S64LNX PER CPU TIER 3 BAS S;GOV SF STD HA 5.1 S64LNX PER CPU TIER 3 BAS S;GOV SF STD HA 5.1 S64LNX PER CPU TIER 3 BAS S;;;;79;;
1;3;2094;1;1246,9002;1013,74;REW SF STD HA 5.1 S64LNX PER CPU TIER 3 ESS E;20079659;;REW SF STD HA 5.1 S64LNX PER CPU TIER 3 ESS E;REW SF STD HA 5.1 S64LNX PER CPU TIER 3 ESS E;REW SF STD HA 5.1 S64LNX PER CPU TIER 3 ESS E;REW SF STD HA 5.1 S64LNX PER CPU TIER 3 ESS E;;;;79;;
1;3;2094;1;968,2437;787,19;REW TSPP STO FND STDHA5.1 S64LNX CPU T3 ESS 12M D;20079660;;REW TSPP STO FND STDHA5.1 S64LNX CPU T3 ESS 12M D;REW TSPP STO FND STDHA5.1 S64LNX CPU T3 ESS 12M D;REW TSPP STO FND STDHA5.1 S64LNX CPU T3 ESS 12M D;REW TSPP STO FND STDHA5.1 S64LNX CPU T3 ESS 12M D;;;;79;;
1;3;2094;1;2776,8111;2257,57;AE SF STD HA 5.1 S64LNX P CPU TIER3 XGD LIC SFS S;20079661;;AE SF STD HA 5.1 S64LNX P CPU TIER3 XGD LIC SFS S;AE SF STD HA 5.1 S64LNX P CPU TIER3 XGD LIC SFS S;AE SF STD HA 5.1 S64LNX P CPU TIER3 XGD LIC SFS S;AE SF STD HA 5.1 S64LNX P CPU TIER3 XGD LIC SFS S;;;;79;;
1;3;2094;1;336,8724;273,88;REW SF STD HA 5.1 S64LNX PER CPU TIER 1 BAS A;20079662;;REW SF STD HA 5.1 S64LNX PER CPU TIER 1 BAS A;REW SF STD HA 5.1 S64LNX PER CPU TIER 1 BAS A;REW SF STD HA 5.1 S64LNX PER CPU TIER 1 BAS A;REW SF STD HA 5.1 S64LNX PER CPU TIER 1 BAS A;;;;79;;
1;3;2094;1;254,6961;207,07;REW TSPP STO FND STDHA5.1 S64LNX CPU T1 BAS 12M A;20079666;;REW TSPP STO FND STDHA5.1 S64LNX CPU T1 BAS 12M A;REW TSPP STO FND STDHA5.1 S64LNX CPU T1 BAS 12M A;REW TSPP STO FND STDHA5.1 S64LNX CPU T1 BAS 12M A;REW TSPP STO FND STDHA5.1 S64LNX CPU T1 BAS 12M A;;;;79;;
1;3;2094;1;254,6961;207,07;AE TSPP STOR FOUND STD HA 5.1 S64LNX T1 BAS 12M S;20079667;;AE TSPP STOR FOUND STD HA 5.1 S64LNX T1 BAS 12M S;AE TSPP STOR FOUND STD HA 5.1 S64LNX T1 BAS 12M S;AE TSPP STOR FOUND STD HA 5.1 S64LNX T1 BAS 12M S;AE TSPP STOR FOUND STD HA 5.1 S64LNX T1 BAS 12M S;;;;79;;
1;3;2094;1;632,097;513,9;REW SF STD HA 5.1 S64LNX CPU TIER1 XGD LIC FR CS D;20079669;;REW SF STD HA 5.1 S64LNX CPU TIER1 XGD LIC FR CS D;REW SF STD HA 5.1 S64LNX CPU TIER1 XGD LIC FR CS D;REW SF STD HA 5.1 S64LNX CPU TIER1 XGD LIC FR CS D;REW SF STD HA 5.1 S64LNX CPU TIER1 XGD LIC FR CS D;;;;79;;
1;3;2094;1;665,3685;540,95;AE SF STD HA 5.1 S64LNX P CPU TIER1 XGD LIC FR CS S;20079670;;AE SF STD HA 5.1 S64LNX P CPU TIER1 XGD LIC FR CS S;AE SF STD HA 5.1 S64LNX P CPU TIER1 XGD LIC FR CS S;AE SF STD HA 5.1 S64LNX P CPU TIER1 XGD LIC FR CS S;AE SF STD HA 5.1 S64LNX P CPU TIER1 XGD LIC FR CS S;;;;79;;
1;3;2094;1;1019,2149;828,63;REW TSPP STO FND STDHA5.1 S64LNX CPU T3 ESS 12M B;20079673;;REW TSPP STO FND STDHA5.1 S64LNX CPU T3 ESS 12M B;REW TSPP STO FND STDHA5.1 S64LNX CPU T3 ESS 12M B;REW TSPP STO FND STDHA5.1 S64LNX CPU T3 ESS 12M B;REW TSPP STO FND STDHA5.1 S64LNX CPU T3 ESS 12M B;;;;79;;
1;3;2094;1;2776,8111;2257,57;REW SF STD HA 5.1 S64LNX CPU TIER 3 XGD LIC SFS B;20079676;;REW SF STD HA 5.1 S64LNX CPU TIER 3 XGD LIC SFS B;REW SF STD HA 5.1 S64LNX CPU TIER 3 XGD LIC SFS B;REW SF STD HA 5.1 S64LNX CPU TIER 3 XGD LIC SFS B;REW SF STD HA 5.1 S64LNX CPU TIER 3 XGD LIC SFS B;;;;79;;
1;3;2094;1;2637,981;2144,7;REW SF STD HA 5.1 S64LNX CPU TIER 3 XGD LIC SFS D;20079677;;REW SF STD HA 5.1 S64LNX CPU TIER 3 XGD LIC SFS D;REW SF STD HA 5.1 S64LNX CPU TIER 3 XGD LIC SFS D;REW SF STD HA 5.1 S64LNX CPU TIER 3 XGD LIC SFS D;REW SF STD HA 5.1 S64LNX CPU TIER 3 XGD LIC SFS D;;;;79;;
1;3;2094;1;2568,5598;2088,26;REW SF STD HA 5.1 S64LNX CPU TIER 3 XGD LIC SFS E;20079678;;REW SF STD HA 5.1 S64LNX CPU TIER 3 XGD LIC SFS E;REW SF STD HA 5.1 S64LNX CPU TIER 3 XGD LIC SFS E;REW SF STD HA 5.1 S64LNX CPU TIER 3 XGD LIC SFS E;REW SF STD HA 5.1 S64LNX CPU TIER 3 XGD LIC SFS E;;;;79;;
1;3;2094;1;2776,8111;2257,57;GOV SF STD HA5.1 S64LNX P CPU TIER3 XGD LIC SFS S;20079679;;GOV SF STD HA5.1 S64LNX P CPU TIER3 XGD LIC SFS S;GOV SF STD HA5.1 S64LNX P CPU TIER3 XGD LIC SFS S;GOV SF STD HA5.1 S64LNX P CPU TIER3 XGD LIC SFS S;GOV SF STD HA5.1 S64LNX P CPU TIER3 XGD LIC SFS S;;;;79;;
1;3;2094;1;1415,0289;1150,43;EXP SF STD HA5.1 S64LNX P CPU TIER 1 STD LIC S;20079681;;EXP SF STD HA5.1 S64LNX P CPU TIER 1 STD LIC S;EXP SF STD HA5.1 S64LNX P CPU TIER 1 STD LIC S;EXP SF STD HA5.1 S64LNX P CPU TIER 1 STD LIC S;EXP SF STD HA5.1 S64LNX P CPU TIER 1 STD LIC S;;;;79;;
1;3;2094;1;847,0272;688,64;REW SF STD HA 5.1 S64LNX CPU TIER 1 XGD LIC SFS D;20079682;;REW SF STD HA 5.1 S64LNX CPU TIER 1 XGD LIC SFS D;REW SF STD HA 5.1 S64LNX CPU TIER 1 XGD LIC SFS D;REW SF STD HA 5.1 S64LNX CPU TIER 1 XGD LIC SFS D;REW SF STD HA 5.1 S64LNX CPU TIER 1 XGD LIC SFS D;;;;79;;
1;3;2094;1;2479,6185;2015,95;GOV SF STD HA 5.1 S64LNX PER CPU TIER 2 STD LIC S;20079683;;GOV SF STD HA 5.1 S64LNX PER CPU TIER 2 STD LIC S;GOV SF STD HA 5.1 S64LNX PER CPU TIER 2 STD LIC S;GOV SF STD HA 5.1 S64LNX PER CPU TIER 2 STD LIC S;GOV SF STD HA 5.1 S64LNX PER CPU TIER 2 STD LIC S;;;;79;;
1;3;2094;1;1202,1036;977,32;GOV SF STD HA5.1 S64LNX P CPU TIER2 XGD LIC FR CS S;20079687;;GOV SF STD HA5.1 S64LNX P CPU TIER2 XGD LIC FR CS S;GOV SF STD HA5.1 S64LNX P CPU TIER2 XGD LIC FR CS S;GOV SF STD HA5.1 S64LNX P CPU TIER2 XGD LIC FR CS S;GOV SF STD HA5.1 S64LNX P CPU TIER2 XGD LIC FR CS S;;;;79;;
1;3;2094;1;1579,1478;1283,86;REW SF STD HA 5.1 S64LNX CPU TIER 2 XGD LIC SFS A;20079688;;REW SF STD HA 5.1 S64LNX CPU TIER 2 XGD LIC SFS A;REW SF STD HA 5.1 S64LNX CPU TIER 2 XGD LIC SFS A;REW SF STD HA 5.1 S64LNX CPU TIER 2 XGD LIC SFS A;REW SF STD HA 5.1 S64LNX CPU TIER 2 XGD LIC SFS A;;;;79;;
1;3;2094;1;1579,1478;1283,86;GOV SF STD HA5.1 S64LNX P CPU TIER2 XGD LIC SFS S;20079689;;GOV SF STD HA5.1 S64LNX P CPU TIER2 XGD LIC SFS S;GOV SF STD HA5.1 S64LNX P CPU TIER2 XGD LIC SFS S;GOV SF STD HA5.1 S64LNX P CPU TIER2 XGD LIC SFS S;GOV SF STD HA5.1 S64LNX P CPU TIER2 XGD LIC SFS S;;;;79;;
1;3;2094;1;4431,3702;3602,74;GOV SF STD HA 5.1 S64LNX PER CPU TIER 3 STD LIC S;20079690;;GOV SF STD HA 5.1 S64LNX PER CPU TIER 3 STD LIC S;GOV SF STD HA 5.1 S64LNX PER CPU TIER 3 STD LIC S;GOV SF STD HA 5.1 S64LNX PER CPU TIER 3 STD LIC S;GOV SF STD HA 5.1 S64LNX PER CPU TIER 3 STD LIC S;;;;79;;
1;3;2094;1;4431,3702;3602,74;AE SF STD HA 5.1 S64LNX PER CPU TIER 3 STD LIC S;20079691;;AE SF STD HA 5.1 S64LNX PER CPU TIER 3 STD LIC S;AE SF STD HA 5.1 S64LNX PER CPU TIER 3 STD LIC S;AE SF STD HA 5.1 S64LNX PER CPU TIER 3 STD LIC S;AE SF STD HA 5.1 S64LNX PER CPU TIER 3 STD LIC S;;;;79;;
1;3;2094;1;1002,2163;814,81;REW SF STD HA 5.1 S64LNX PER CPU TIER 3 BAS D;20079692;;REW SF STD HA 5.1 S64LNX PER CPU TIER 3 BAS D;REW SF STD HA 5.1 S64LNX PER CPU TIER 3 BAS D;REW SF STD HA 5.1 S64LNX PER CPU TIER 3 BAS D;REW SF STD HA 5.1 S64LNX PER CPU TIER 3 BAS D;;;;79;;
1;3;2094;1;1347,9939;1095,93;REW SF STD HA 5.1 S64LNX PER CPU TIER 3 ESS B;20079693;;REW SF STD HA 5.1 S64LNX PER CPU TIER 3 ESS B;REW SF STD HA 5.1 S64LNX PER CPU TIER 3 ESS B;REW SF STD HA 5.1 S64LNX PER CPU TIER 3 ESS B;REW SF STD HA 5.1 S64LNX PER CPU TIER 3 ESS B;;;;79;;
1;3;2094;1;408,9258;332,46;REW SF STD HA 5.1 S64LNX PER CPU TIER 1 ESS C;20079694;;REW SF STD HA 5.1 S64LNX PER CPU TIER 1 ESS C;REW SF STD HA 5.1 S64LNX PER CPU TIER 1 ESS C;REW SF STD HA 5.1 S64LNX PER CPU TIER 1 ESS C;REW SF STD HA 5.1 S64LNX PER CPU TIER 1 ESS C;;;;79;;
1;3;2094;1;430,4508;349,96;GOV SF STD HA 5.1 S64LNX PER CPU TIER 1 ESS S;20079695;;GOV SF STD HA 5.1 S64LNX PER CPU TIER 1 ESS S;GOV SF STD HA 5.1 S64LNX PER CPU TIER 1 ESS S;GOV SF STD HA 5.1 S64LNX PER CPU TIER 1 ESS S;GOV SF STD HA 5.1 S64LNX PER CPU TIER 1 ESS S;;;;79;;
1;3;2094;1;241,9779;196,73;REW TSPP STO FND STDHA5.1 S64LNX CPU T1 BAS 12M D;20079696;;REW TSPP STO FND STDHA5.1 S64LNX CPU T1 BAS 12M D;REW TSPP STO FND STDHA5.1 S64LNX CPU T1 BAS 12M D;REW TSPP STO FND STDHA5.1 S64LNX CPU T1 BAS 12M D;REW TSPP STO FND STDHA5.1 S64LNX CPU T1 BAS 12M D;;;;79;;
1;3;2094;1;632,097;513,9;REW SF STD HA 5.1 S64LNX CPU TIER1 XGD LIC FR CS C;20079699;;REW SF STD HA 5.1 S64LNX CPU TIER1 XGD LIC FR CS C;REW SF STD HA 5.1 S64LNX CPU TIER1 XGD LIC FR CS C;REW SF STD HA 5.1 S64LNX CPU TIER1 XGD LIC FR CS C;REW SF STD HA 5.1 S64LNX CPU TIER1 XGD LIC FR CS C;;;;79;;
1;3;2094;1;2479,6185;2015,95;AE SF STD HA 5.1 S64LNX PER CPU TIER 2 STD LIC S;20079701;;AE SF STD HA 5.1 S64LNX PER CPU TIER 2 STD LIC S;AE SF STD HA 5.1 S64LNX PER CPU TIER 2 STD LIC S;AE SF STD HA 5.1 S64LNX PER CPU TIER 2 STD LIC S;AE SF STD HA 5.1 S64LNX PER CPU TIER 2 STD LIC S;;;;79;;
1;3;2094;1;570,3141;463,67;REW TSPP STO FND STDHA5.1 S64LNX CPU T2 ESS 12M A;20079704;;REW TSPP STO FND STDHA5.1 S64LNX CPU T2 ESS 12M A;REW TSPP STO FND STDHA5.1 S64LNX CPU T2 ESS 12M A;REW TSPP STO FND STDHA5.1 S64LNX CPU T2 ESS 12M A;REW TSPP STO FND STDHA5.1 S64LNX CPU T2 ESS 12M A;;;;79;;
1;3;2094;1;757,7538;616,06;REW TSPP STO FND STDHA5.1 S64LNX CPU T3 BAS 12M C;20079706;;REW TSPP STO FND STDHA5.1 S64LNX CPU T3 BAS 12M C;REW TSPP STO FND STDHA5.1 S64LNX CPU T3 BAS 12M C;REW TSPP STO FND STDHA5.1 S64LNX CPU T3 BAS 12M C;REW TSPP STO FND STDHA5.1 S64LNX CPU T3 BAS 12M C;;;;79;;
1;3;2094;1;797,655;648,5;GOVTSPP STOR FND STDHA5.1 S64LNX CPU T3 BAS 12M S;20079707;;GOVTSPP STOR FND STDHA5.1 S64LNX CPU T3 BAS 12M S;GOVTSPP STOR FND STDHA5.1 S64LNX CPU T3 BAS 12M S;GOVTSPP STOR FND STDHA5.1 S64LNX CPU T3 BAS 12M S;GOVTSPP STOR FND STDHA5.1 S64LNX CPU T3 BAS 12M S;;;;79;;
1;3;2094;1;797,655;648,5;EXP TSPP STOR FND HA 5.1 S64LNX CPU T3 BAS 12M S;20079708;;EXP TSPP STOR FND HA 5.1 S64LNX CPU T3 BAS 12M S;EXP TSPP STOR FND HA 5.1 S64LNX CPU T3 BAS 12M S;EXP TSPP STOR FND HA 5.1 S64LNX CPU T3 BAS 12M S;EXP TSPP STOR FND HA 5.1 S64LNX CPU T3 BAS 12M S;;;;79;;
1;3;2094;1;1940,7801;1577,87;REW SF STD HA 5.1 S64LNX CPU TIER3 XGD LIC FR CS E;20079709;;REW SF STD HA 5.1 S64LNX CPU TIER3 XGD LIC FR CS E;REW SF STD HA 5.1 S64LNX CPU TIER3 XGD LIC FR CS E;REW SF STD HA 5.1 S64LNX CPU TIER3 XGD LIC FR CS E;REW SF STD HA 5.1 S64LNX CPU TIER3 XGD LIC FR CS E;;;;79;;
1;3;2094;1;2098,1463;1705,81;EXP SF STD HA5.1 S64LNX P CPU TIER3 XGD LIC FR CS S;20079710;;EXP SF STD HA5.1 S64LNX P CPU TIER3 XGD LIC FR CS S;EXP SF STD HA5.1 S64LNX P CPU TIER3 XGD LIC FR CS S;EXP SF STD HA5.1 S64LNX P CPU TIER3 XGD LIC FR CS S;EXP SF STD HA5.1 S64LNX P CPU TIER3 XGD LIC FR CS S;;;;79;;
1;3;2094;1;2776,8111;2257,57;REW SF STD HA 5.1 S64LNX CPU TIER 3 XGD LIC SFS A;20079711;;REW SF STD HA 5.1 S64LNX CPU TIER 3 XGD LIC SFS A;REW SF STD HA 5.1 S64LNX CPU TIER 3 XGD LIC SFS A;REW SF STD HA 5.1 S64LNX CPU TIER 3 XGD LIC SFS A;REW SF STD HA 5.1 S64LNX CPU TIER 3 XGD LIC SFS A;;;;79;;
1;3;2094;1;2776,8111;2257,57;EXP SF STD HA5.1 S64LNX P CPU TIER3 XGD LIC SFS S;20079712;;EXP SF STD HA5.1 S64LNX P CPU TIER3 XGD LIC SFS S;EXP SF STD HA5.1 S64LNX P CPU TIER3 XGD LIC SFS S;EXP SF STD HA5.1 S64LNX P CPU TIER3 XGD LIC SFS S;EXP SF STD HA5.1 S64LNX P CPU TIER3 XGD LIC SFS S;;;;79;;
1;3;2094;1;541,7904;440,48;REW TSPP STO FND STDHA5.1 S64LNX CPU T2 ESS 12M C;20079713;;REW TSPP STO FND STDHA5.1 S64LNX CPU T2 ESS 12M C;REW TSPP STO FND STDHA5.1 S64LNX CPU T2 ESS 12M C;REW TSPP STO FND STDHA5.1 S64LNX CPU T2 ESS 12M C;REW TSPP STO FND STDHA5.1 S64LNX CPU T2 ESS 12M C;;;;79;;
1;3;2094;1;570,3141;463,67;GOVTSPP STOR FND STDHA5.1 S64LNX CPU T2 ESS 12M S;20079714;;GOVTSPP STOR FND STDHA5.1 S64LNX CPU T2 ESS 12M S;GOVTSPP STOR FND STDHA5.1 S64LNX CPU T2 ESS 12M S;GOVTSPP STOR FND STDHA5.1 S64LNX CPU T2 ESS 12M S;GOVTSPP STOR FND STDHA5.1 S64LNX CPU T2 ESS 12M S;;;;79;;
1;3;2094;1;446,3301;362,87;EXP TSPP STOR FND HA 5.1 S64LNX CPU T2 BAS 12M S;20079715;;EXP TSPP STOR FND HA 5.1 S64LNX CPU T2 BAS 12M S;EXP TSPP STOR FND HA 5.1 S64LNX CPU T2 BAS 12M S;EXP TSPP STOR FND HA 5.1 S64LNX CPU T2 BAS 12M S;EXP TSPP STOR FND HA 5.1 S64LNX CPU T2 BAS 12M S;;;;79;;
1;3;2094;1;1202,1036;977,32;REW SF STD HA 5.1 S64LNX CPU TIER2 XGD LIC FR CS A;20079718;;REW SF STD HA 5.1 S64LNX CPU TIER2 XGD LIC FR CS A;REW SF STD HA 5.1 S64LNX CPU TIER2 XGD LIC FR CS A;REW SF STD HA 5.1 S64LNX CPU TIER2 XGD LIC FR CS A;REW SF STD HA 5.1 S64LNX CPU TIER2 XGD LIC FR CS A;;;;79;;
1;3;2094;1;1500,1941;1219,67;REW SF STD HA 5.1 S64LNX CPU TIER 2 XGD LIC SFS C;20079719;;REW SF STD HA 5.1 S64LNX CPU TIER 2 XGD LIC SFS C;REW SF STD HA 5.1 S64LNX CPU TIER 2 XGD LIC SFS C;REW SF STD HA 5.1 S64LNX CPU TIER 2 XGD LIC SFS C;REW SF STD HA 5.1 S64LNX CPU TIER 2 XGD LIC SFS C;;;;79;;
1;3;2094;1;1579,1478;1283,86;EXP SF STD HA5.1 S64LNX P CPU TIER2 XGD LIC SFS S;20079720;;EXP SF STD HA5.1 S64LNX P CPU TIER2 XGD LIC SFS S;EXP SF STD HA5.1 S64LNX P CPU TIER2 XGD LIC SFS S;EXP SF STD HA5.1 S64LNX P CPU TIER2 XGD LIC SFS S;EXP SF STD HA5.1 S64LNX P CPU TIER2 XGD LIC SFS S;;;;79;;
1;3;2094;1;1579,1478;1283,86;AE SF STD HA 5.1 S64LNX P CPU TIER2 XGD LIC SFS S;20079721;;AE SF STD HA 5.1 S64LNX P CPU TIER2 XGD LIC SFS S;AE SF STD HA 5.1 S64LNX P CPU TIER2 XGD LIC SFS S;AE SF STD HA 5.1 S64LNX P CPU TIER2 XGD LIC SFS S;AE SF STD HA 5.1 S64LNX P CPU TIER2 XGD LIC SFS S;;;;79;;
1;3;2094;1;4099,0365;3332,55;REW SF STD HA 5.1 S64LNX PER CPU TIER 3 STD LIC E;20079722;;REW SF STD HA 5.1 S64LNX PER CPU TIER 3 STD LIC E;REW SF STD HA 5.1 S64LNX PER CPU TIER 3 STD LIC E;REW SF STD HA 5.1 S64LNX PER CPU TIER 3 STD LIC E;REW SF STD HA 5.1 S64LNX PER CPU TIER 3 STD LIC E;;;;79;;
1;3;2094;1;1054,9464;857,68;AE SF STD HA 5.1 S64LNX PER CPU TIER 3 BAS S;20079724;;AE SF STD HA 5.1 S64LNX PER CPU TIER 3 BAS S;AE SF STD HA 5.1 S64LNX PER CPU TIER 3 BAS S;AE SF STD HA 5.1 S64LNX PER CPU TIER 3 BAS S;AE SF STD HA 5.1 S64LNX PER CPU TIER 3 BAS S;;;;79;;
1;3;2094;1;2098,1463;1705,81;REW SF STD HA 5.1 S64LNX CPU TIER3 XGD LIC FR CS A;20079725;;REW SF STD HA 5.1 S64LNX CPU TIER3 XGD LIC FR CS A;REW SF STD HA 5.1 S64LNX CPU TIER3 XGD LIC FR CS A;REW SF STD HA 5.1 S64LNX CPU TIER3 XGD LIC FR CS A;REW SF STD HA 5.1 S64LNX CPU TIER3 XGD LIC FR CS A;;;;79;;
1;3;2094;1;2098,1463;1705,81;GOV SF STD HA5.1 S64LNX P CPU TIER3 XGD LIC FR CS S;20079726;;GOV SF STD HA5.1 S64LNX P CPU TIER3 XGD LIC FR CS S;GOV SF STD HA5.1 S64LNX P CPU TIER3 XGD LIC FR CS S;GOV SF STD HA5.1 S64LNX P CPU TIER3 XGD LIC FR CS S;GOV SF STD HA5.1 S64LNX P CPU TIER3 XGD LIC FR CS S;;;;79;;
1;3;2094;1;1415,0289;1150,43;REW SF STD HA 5.1 S64LNX PER CPU TIER 1 STD LIC A;20079727;;REW SF STD HA 5.1 S64LNX PER CPU TIER 1 STD LIC A;REW SF STD HA 5.1 S64LNX PER CPU TIER 1 STD LIC A;REW SF STD HA 5.1 S64LNX PER CPU TIER 1 STD LIC A;REW SF STD HA 5.1 S64LNX PER CPU TIER 1 STD LIC A;;;;79;;
1;3;2094;1;1344,2793;1092,91;REW SF STD HA 5.1 S64LNX PER CPU TIER 1 STD LIC C;20079728;;REW SF STD HA 5.1 S64LNX PER CPU TIER 1 STD LIC C;REW SF STD HA 5.1 S64LNX PER CPU TIER 1 STD LIC C;REW SF STD HA 5.1 S64LNX PER CPU TIER 1 STD LIC C;REW SF STD HA 5.1 S64LNX PER CPU TIER 1 STD LIC C;;;;79;;
1;3;2094;1;1308,9045;1064,15;REW SF STD HA 5.1 S64LNX PER CPU TIER 1 STD LIC E;20079729;;REW SF STD HA 5.1 S64LNX PER CPU TIER 1 STD LIC E;REW SF STD HA 5.1 S64LNX PER CPU TIER 1 STD LIC E;REW SF STD HA 5.1 S64LNX PER CPU TIER 1 STD LIC E;REW SF STD HA 5.1 S64LNX PER CPU TIER 1 STD LIC E;;;;79;;
1;3;2094;1;336,8724;273,88;REW SF STD HA 5.1 S64LNX PER CPU TIER 1 BAS B;20079731;;REW SF STD HA 5.1 S64LNX PER CPU TIER 1 BAS B;REW SF STD HA 5.1 S64LNX PER CPU TIER 1 BAS B;REW SF STD HA 5.1 S64LNX PER CPU TIER 1 BAS B;REW SF STD HA 5.1 S64LNX PER CPU TIER 1 BAS B;;;;79;;
1;3;2094;1;320,0337;260,19;REW SF STD HA 5.1 S64LNX PER CPU TIER 1 BAS C;20079732;;REW SF STD HA 5.1 S64LNX PER CPU TIER 1 BAS C;REW SF STD HA 5.1 S64LNX PER CPU TIER 1 BAS C;REW SF STD HA 5.1 S64LNX PER CPU TIER 1 BAS C;REW SF STD HA 5.1 S64LNX PER CPU TIER 1 BAS C;;;;79;;
1;3;2094;1;336,8724;273,88;AE SF STD HA 5.1 S64LNX PER CPU TIER 1 BAS S;20079733;;AE SF STD HA 5.1 S64LNX PER CPU TIER 1 BAS S;AE SF STD HA 5.1 S64LNX PER CPU TIER 1 BAS S;AE SF STD HA 5.1 S64LNX PER CPU TIER 1 BAS S;AE SF STD HA 5.1 S64LNX PER CPU TIER 1 BAS S;;;;79;;
1;3;2094;1;430,4508;349,96;EXP SF STD HA5.1 S64LNX P CPU TIER 1 ESS S;20079734;;EXP SF STD HA5.1 S64LNX P CPU TIER 1 ESS S;EXP SF STD HA5.1 S64LNX P CPU TIER 1 ESS S;EXP SF STD HA5.1 S64LNX P CPU TIER 1 ESS S;EXP SF STD HA5.1 S64LNX P CPU TIER 1 ESS S;;;;79;;
1;3;2094;1;309,1851;251,37;REW TSPP STO FND STDHA5.1 S64LNX CPU T1 ESS 12M D;20079737;;REW TSPP STO FND STDHA5.1 S64LNX CPU T1 ESS 12M D;REW TSPP STO FND STDHA5.1 S64LNX CPU T1 ESS 12M D;REW TSPP STO FND STDHA5.1 S64LNX CPU T1 ESS 12M D;REW TSPP STO FND STDHA5.1 S64LNX CPU T1 ESS 12M D;;;;79;;
1;3;2094;1;235,5942;191,54;REW TSPP STO FND STDHA5.1 S64LNX CPU T1 BAS 12M E;20079738;;REW TSPP STO FND STDHA5.1 S64LNX CPU T1 BAS 12M E;REW TSPP STO FND STDHA5.1 S64LNX CPU T1 BAS 12M E;REW TSPP STO FND STDHA5.1 S64LNX CPU T1 BAS 12M E;REW TSPP STO FND STDHA5.1 S64LNX CPU T1 BAS 12M E;;;;79;;
1;3;2094;1;665,3685;540,95;REW SF STD HA 5.1 S64LNX CPU TIER1 XGD LIC FR CS B;20079739;;REW SF STD HA 5.1 S64LNX CPU TIER1 XGD LIC FR CS B;REW SF STD HA 5.1 S64LNX CPU TIER1 XGD LIC FR CS B;REW SF STD HA 5.1 S64LNX CPU TIER1 XGD LIC FR CS B;REW SF STD HA 5.1 S64LNX CPU TIER1 XGD LIC FR CS B;;;;79;;
1;3;2094;1;2479,6185;2015,95;REW SF STD HA 5.1 S64LNX PER CPU TIER 2 STD LIC B;20079740;;REW SF STD HA 5.1 S64LNX PER CPU TIER 2 STD LIC B;REW SF STD HA 5.1 S64LNX PER CPU TIER 2 STD LIC B;REW SF STD HA 5.1 S64LNX PER CPU TIER 2 STD LIC B;REW SF STD HA 5.1 S64LNX PER CPU TIER 2 STD LIC B;;;;79;;
1;3;2094;1;590,3139;479,93;EXP SF STD HA5.1 S64LNX P CPU TIER 2 BAS S;20079741;;EXP SF STD HA5.1 S64LNX P CPU TIER 2 BAS S;EXP SF STD HA5.1 S64LNX P CPU TIER 2 BAS S;EXP SF STD HA5.1 S64LNX P CPU TIER 2 BAS S;EXP SF STD HA5.1 S64LNX P CPU TIER 2 BAS S;;;;79;;
1;3;2094;1;754,2975;613,25;REW SF STD HA 5.1 S64LNX PER CPU TIER 2 ESS A;20079742;;REW SF STD HA 5.1 S64LNX PER CPU TIER 2 ESS A;REW SF STD HA 5.1 S64LNX PER CPU TIER 2 ESS A;REW SF STD HA 5.1 S64LNX PER CPU TIER 2 ESS A;REW SF STD HA 5.1 S64LNX PER CPU TIER 2 ESS A;;;;79;;
1;3;2094;1;570,3141;463,67;REW TSPP STO FND STDHA5.1 S64LNX CPU T2 ESS 12M B;20079743;;REW TSPP STO FND STDHA5.1 S64LNX CPU T2 ESS 12M B;REW TSPP STO FND STDHA5.1 S64LNX CPU T2 ESS 12M B;REW TSPP STO FND STDHA5.1 S64LNX CPU T2 ESS 12M B;REW TSPP STO FND STDHA5.1 S64LNX CPU T2 ESS 12M B;;;;79;;
1;3;2094;1;446,3301;362,87;GOVTSPP STOR FND STDHA5.1 S64LNX CPU T2 BAS 12M S;20079744;;GOVTSPP STOR FND STDHA5.1 S64LNX CPU T2 BAS 12M S;GOVTSPP STOR FND STDHA5.1 S64LNX CPU T2 BAS 12M S;GOVTSPP STOR FND STDHA5.1 S64LNX CPU T2 BAS 12M S;GOVTSPP STOR FND STDHA5.1 S64LNX CPU T2 BAS 12M S;;;;79;;
1;3;2094;1;240,5265;195,55;REW VCS ONE START 5 UNX P SVR TIER B INITIAL BAS D;20082830;;REW VCS ONE START 5 UNX P SVR TIER B INITIAL BAS D;REW VCS ONE START 5 UNX P SVR TIER B INITIAL BAS D;REW VCS ONE START 5 UNX P SVR TIER B INITIAL BAS D;REW VCS ONE START 5 UNX P SVR TIER B INITIAL BAS D;;;;79;;
1;3;2094;1;443,2674;360,38;REW VCS ONE START 5 UNX P SVR TIER C INITIAL BAS B;20082832;;REW VCS ONE START 5 UNX P SVR TIER C INITIAL BAS B;REW VCS ONE START 5 UNX P SVR TIER C INITIAL BAS B;REW VCS ONE START 5 UNX P SVR TIER C INITIAL BAS B;REW VCS ONE START 5 UNX P SVR TIER C INITIAL BAS B;;;;79;;
1;3;2094;1;410,0205;333,35;REW VCS ONE START 5 UNX P SVR TIER C INITIAL BAS E;20082833;;REW VCS ONE START 5 UNX P SVR TIER C INITIAL BAS E;REW VCS ONE START 5 UNX P SVR TIER C INITIAL BAS E;REW VCS ONE START 5 UNX P SVR TIER C INITIAL BAS E;REW VCS ONE START 5 UNX P SVR TIER C INITIAL BAS E;;;;79;;
1;3;2094;1;566,3904;460,48;REW VCS ONE START 5 UNX P SVR TIER C INITIAL ESS B;20082834;;REW VCS ONE START 5 UNX P SVR TIER C INITIAL ESS B;REW VCS ONE START 5 UNX P SVR TIER C INITIAL ESS B;REW VCS ONE START 5 UNX P SVR TIER C INITIAL ESS B;REW VCS ONE START 5 UNX P SVR TIER C INITIAL ESS B;;;;79;;
1;3;2094;1;538,0758;437,46;REW VCS ONE START 5 UNX P SVR TIER C INITIAL ESS C;20082835;;REW VCS ONE START 5 UNX P SVR TIER C INITIAL ESS C;REW VCS ONE START 5 UNX P SVR TIER C INITIAL ESS C;REW VCS ONE START 5 UNX P SVR TIER C INITIAL ESS C;REW VCS ONE START 5 UNX P SVR TIER C INITIAL ESS C;;;;79;;
1;3;2094;1;2660,3793;2162,91;REW VCS ONE START 5.0 UNX P SVR TIER E STD LIC A;20082839;;REW VCS ONE START 5.0 UNX P SVR TIER E STD LIC A;REW VCS ONE START 5.0 UNX P SVR TIER E STD LIC A;REW VCS ONE START 5.0 UNX P SVR TIER E STD LIC A;REW VCS ONE START 5.0 UNX P SVR TIER E STD LIC A;;;;79;;
1;3;2094;1;443,2674;360,38;AE VCS ONE START5.0 UNX P SVR TIER C INITIAL BAS S;20082842;;AE VCS ONE START5.0 UNX P SVR TIER C INITIAL BAS S;AE VCS ONE START5.0 UNX P SVR TIER C INITIAL BAS S;AE VCS ONE START5.0 UNX P SVR TIER C INITIAL BAS S;AE VCS ONE START5.0 UNX P SVR TIER C INITIAL BAS S;;;;79;;
1;3;2094;1;538,0758;437,46;REW VCS ONE START 5 UNX P SVR TIER C INITIAL ESS D;20082843;;REW VCS ONE START 5 UNX P SVR TIER C INITIAL ESS D;REW VCS ONE START 5 UNX P SVR TIER C INITIAL ESS D;REW VCS ONE START 5 UNX P SVR TIER C INITIAL ESS D;REW VCS ONE START 5 UNX P SVR TIER C INITIAL ESS D;;;;79;;
1;3;2094;1;2460,8487;2000,69;REW VCS ONE START 5.0 UNX P SVR TIER E STD LIC E;20082846;;REW VCS ONE START 5.0 UNX P SVR TIER E STD LIC E;REW VCS ONE START 5.0 UNX P SVR TIER E STD LIC E;REW VCS ONE START 5.0 UNX P SVR TIER E STD LIC E;REW VCS ONE START 5.0 UNX P SVR TIER E STD LIC E;;;;79;;
1;3;2094;1;2660,3793;2162,91;AE VCS ONE START 5.0 UNX P SVR TIER E STD LIC S;20082847;;AE VCS ONE START 5.0 UNX P SVR TIER E STD LIC S;AE VCS ONE START 5.0 UNX P SVR TIER E STD LIC S;AE VCS ONE START 5.0 UNX P SVR TIER E STD LIC S;AE VCS ONE START 5.0 UNX P SVR TIER E STD LIC S;;;;79;;
1;3;2094;1;601,6791;489,17;REW VCS ONE START 5 UNX P SVR TIER E INITIAL BAS D;20082848;;REW VCS ONE START 5 UNX P SVR TIER E INITIAL BAS D;REW VCS ONE START 5 UNX P SVR TIER E INITIAL BAS D;REW VCS ONE START 5 UNX P SVR TIER E INITIAL BAS D;REW VCS ONE START 5 UNX P SVR TIER E INITIAL BAS D;;;;79;;
1;3;2094;1;15302,4423;12441,01;EXP VCS ONE START 5.0 UNX P SVR TIER L STD LIC S;20082851;;EXP VCS ONE START 5.0 UNX P SVR TIER L STD LIC S;EXP VCS ONE START 5.0 UNX P SVR TIER L STD LIC S;EXP VCS ONE START 5.0 UNX P SVR TIER L STD LIC S;EXP VCS ONE START 5.0 UNX P SVR TIER L STD LIC S;;;;79;;
1;3;2094;1;3642,9771;2961,77;AE VCS ONE START5.0 UNX P SVR TIER L INITIAL BAS S;20082852;;AE VCS ONE START5.0 UNX P SVR TIER L INITIAL BAS S;AE VCS ONE START5.0 UNX P SVR TIER L INITIAL BAS S;AE VCS ONE START5.0 UNX P SVR TIER L INITIAL BAS S;AE VCS ONE START5.0 UNX P SVR TIER L INITIAL BAS S;;;;79;;
1;3;2094;1;1861,9371;1513,77;REW VCS ONE START 5.0 UNX P SVR TIER C STD LIC A;20082854;;REW VCS ONE START 5.0 UNX P SVR TIER C STD LIC A;REW VCS ONE START 5.0 UNX P SVR TIER C STD LIC A;REW VCS ONE START 5.0 UNX P SVR TIER C STD LIC A;REW VCS ONE START 5.0 UNX P SVR TIER C STD LIC A;;;;79;;
1;3;2094;1;566,3904;460,48;GOV VCS ONE START 5 UNX P SVR TIER C INITIAL ESS 1+;20082855;;GOV VCS ONE START 5 UNX P SVR TIER C INITIAL ESS 1+;GOV VCS ONE START 5 UNX P SVR TIER C INITIAL ESS 1+;GOV VCS ONE START 5 UNX P SVR TIER C INITIAL ESS 1+;GOV VCS ONE START 5 UNX P SVR TIER C INITIAL ESS 1+;;;;79;;
1;3;2094;1;2527,3548;2054,76;REW VCS ONE START 5.0 UNX P SVR TIER E STD LIC D;20082857;;REW VCS ONE START 5.0 UNX P SVR TIER E STD LIC D;REW VCS ONE START 5.0 UNX P SVR TIER E STD LIC D;REW VCS ONE START 5.0 UNX P SVR TIER E STD LIC D;REW VCS ONE START 5.0 UNX P SVR TIER E STD LIC D;;;;79;;
1;3;2094;1;601,6791;489,17;REW VCS ONE START 5 UNX P SVR TIER E INITIAL BAS C;20082858;;REW VCS ONE START 5 UNX P SVR TIER E INITIAL BAS C;REW VCS ONE START 5 UNX P SVR TIER E INITIAL BAS C;REW VCS ONE START 5 UNX P SVR TIER E INITIAL BAS C;REW VCS ONE START 5 UNX P SVR TIER E INITIAL BAS C;;;;79;;
1;3;2094;1;585,8367;476,29;REW VCS ONE START 5 UNX P SVR TIER E INITIAL BAS E;20082859;;REW VCS ONE START 5 UNX P SVR TIER E INITIAL BAS E;REW VCS ONE START 5 UNX P SVR TIER E INITIAL BAS E;REW VCS ONE START 5 UNX P SVR TIER E INITIAL BAS E;REW VCS ONE START 5 UNX P SVR TIER E INITIAL BAS E;;;;79;;
1;3;2094;1;768,8115;625,05;REW VCS ONE START 5 UNX P SVR TIER E INITIAL ESS D;20082860;;REW VCS ONE START 5 UNX P SVR TIER E INITIAL ESS D;REW VCS ONE START 5 UNX P SVR TIER E INITIAL ESS D;REW VCS ONE START 5 UNX P SVR TIER E INITIAL ESS D;REW VCS ONE START 5 UNX P SVR TIER E INITIAL ESS D;;;;79;;
1;3;2094;1;809,2662;657,94;AE VCS ONE START5.0 UNX P SVR TIER E INITIAL ESS S;20082861;;AE VCS ONE START5.0 UNX P SVR TIER E INITIAL ESS S;AE VCS ONE START5.0 UNX P SVR TIER E INITIAL ESS S;AE VCS ONE START5.0 UNX P SVR TIER E INITIAL ESS S;AE VCS ONE START5.0 UNX P SVR TIER E INITIAL ESS S;;;;79;;
1;3;2094;1;4656,4971;3785,77;AE VCS ONE START 5.0 UNX P SVR TIER F STD LIC S;20082871;;AE VCS ONE START 5.0 UNX P SVR TIER F STD LIC S;AE VCS ONE START 5.0 UNX P SVR TIER F STD LIC S;AE VCS ONE START 5.0 UNX P SVR TIER F STD LIC S;AE VCS ONE START 5.0 UNX P SVR TIER F STD LIC S;;;;79;;
1;3;2094;1;1108,5498;901,26;REW VCS ONE START 5 UNX P SVR TIER F INITIAL BAS B;20082872;;REW VCS ONE START 5 UNX P SVR TIER F INITIAL BAS B;REW VCS ONE START 5 UNX P SVR TIER F INITIAL BAS B;REW VCS ONE START 5 UNX P SVR TIER F INITIAL BAS B;REW VCS ONE START 5 UNX P SVR TIER F INITIAL BAS B;;;;79;;
1;3;2094;1;1345,6446;1094,02;REW VCS ONE START 5 UNX P SVR TIER F INITIAL ESS C;20082873;;REW VCS ONE START 5 UNX P SVR TIER F INITIAL ESS C;REW VCS ONE START 5 UNX P SVR TIER F INITIAL ESS C;REW VCS ONE START 5 UNX P SVR TIER F INITIAL ESS C;REW VCS ONE START 5 UNX P SVR TIER F INITIAL ESS C;;;;79;;
1;3;2094;1;1583,7603;1287,61;REW VCS ONE START 5 UNX P SVR TIER G INITIAL BAS A;20082875;;REW VCS ONE START 5 UNX P SVR TIER G INITIAL BAS A;REW VCS ONE START 5 UNX P SVR TIER G INITIAL BAS A;REW VCS ONE START 5 UNX P SVR TIER G INITIAL BAS A;REW VCS ONE START 5 UNX P SVR TIER G INITIAL BAS A;;;;79;;
1;3;2094;1;1583,7603;1287,61;REW VCS ONE START 5 UNX P SVR TIER G INITIAL BAS B;20082876;;REW VCS ONE START 5 UNX P SVR TIER G INITIAL BAS B;REW VCS ONE START 5 UNX P SVR TIER G INITIAL BAS B;REW VCS ONE START 5 UNX P SVR TIER G INITIAL BAS B;REW VCS ONE START 5 UNX P SVR TIER G INITIAL BAS B;;;;79;;
1;3;2094;1;1871,9124;1521,88;REW VCS ONE START 5 UNX P SVR TIER G INITIAL ESS E;20082877;;REW VCS ONE START 5 UNX P SVR TIER G INITIAL ESS E;REW VCS ONE START 5 UNX P SVR TIER G INITIAL ESS E;REW VCS ONE START 5 UNX P SVR TIER G INITIAL ESS E;REW VCS ONE START 5 UNX P SVR TIER G INITIAL ESS E;;;;79;;
1;3;2094;1;15302,4423;12441,01;REW VCS ONE START 5.0 UNX P SVR TIER L STD LIC B;20082879;;REW VCS ONE START 5.0 UNX P SVR TIER L STD LIC B;REW VCS ONE START 5.0 UNX P SVR TIER L STD LIC B;REW VCS ONE START 5.0 UNX P SVR TIER L STD LIC B;REW VCS ONE START 5.0 UNX P SVR TIER L STD LIC B;;;;79;;
1;3;2094;1;4654,8981;3784,47;AE VCS ONE START5.0 UNX P SVR TIER L INITIAL ESS S;20082880;;AE VCS ONE START5.0 UNX P SVR TIER L INITIAL ESS S;AE VCS ONE START5.0 UNX P SVR TIER L INITIAL ESS S;AE VCS ONE START5.0 UNX P SVR TIER L INITIAL ESS S;AE VCS ONE START5.0 UNX P SVR TIER L INITIAL ESS S;;;;79;;
1;3;2094;1;4423,6581;3596,47;REW VCS ONE START 5.0 UNX P SVR TIER F STD LIC D;20082884;;REW VCS ONE START 5.0 UNX P SVR TIER F STD LIC D;REW VCS ONE START 5.0 UNX P SVR TIER F STD LIC D;REW VCS ONE START 5.0 UNX P SVR TIER F STD LIC D;REW VCS ONE START 5.0 UNX P SVR TIER F STD LIC D;;;;79;;
1;3;2094;1;4307,2509;3501,83;REW VCS ONE START 5.0 UNX P SVR TIER F STD LIC E;20082885;;REW VCS ONE START 5.0 UNX P SVR TIER F STD LIC E;REW VCS ONE START 5.0 UNX P SVR TIER F STD LIC E;REW VCS ONE START 5.0 UNX P SVR TIER F STD LIC E;REW VCS ONE START 5.0 UNX P SVR TIER F STD LIC E;;;;79;;
1;3;2094;1;1053,1137;856,19;REW VCS ONE START 5 UNX P SVR TIER F INITIAL BAS D;20082886;;REW VCS ONE START 5 UNX P SVR TIER F INITIAL BAS D;REW VCS ONE START 5 UNX P SVR TIER F INITIAL BAS D;REW VCS ONE START 5 UNX P SVR TIER F INITIAL BAS D;REW VCS ONE START 5 UNX P SVR TIER F INITIAL BAS D;;;;79;;
1;3;2094;1;2570,8722;2090,14;REW VCS ONE START 5 UNX P SVR TIER J INITIAL ESS E;20082893;;REW VCS ONE START 5 UNX P SVR TIER J INITIAL ESS E;REW VCS ONE START 5 UNX P SVR TIER J INITIAL ESS E;REW VCS ONE START 5 UNX P SVR TIER J INITIAL ESS E;REW VCS ONE START 5 UNX P SVR TIER J INITIAL ESS E;;;;79;;
1;3;2094;1;12219,5457;9934,59;GOV VCS ONE START 5.0 UNX P SVR TIER K STD LIC 1+;20082897;;GOV VCS ONE START 5.0 UNX P SVR TIER K STD LIC 1+;GOV VCS ONE START 5.0 UNX P SVR TIER K STD LIC 1+;GOV VCS ONE START 5.0 UNX P SVR TIER K STD LIC 1+;GOV VCS ONE START 5.0 UNX P SVR TIER K STD LIC 1+;;;;79;;
1;3;2094;1;12219,5457;9934,59;AE VCS ONE START 5.0 UNX P SVR TIER K STD LIC S;20082898;;AE VCS ONE START 5.0 UNX P SVR TIER K STD LIC S;AE VCS ONE START 5.0 UNX P SVR TIER K STD LIC S;AE VCS ONE START 5.0 UNX P SVR TIER K STD LIC S;AE VCS ONE START 5.0 UNX P SVR TIER K STD LIC S;;;;79;;
1;3;2094;1;2909,0484;2365,08;GOV VCS ONE START 5 UNX P SVR TIER K INITIAL BAS 1+;20082899;;GOV VCS ONE START 5 UNX P SVR TIER K INITIAL BAS 1+;GOV VCS ONE START 5 UNX P SVR TIER K INITIAL BAS 1+;GOV VCS ONE START 5 UNX P SVR TIER K INITIAL BAS 1+;GOV VCS ONE START 5 UNX P SVR TIER K INITIAL BAS 1+;;;;79;;
1;3;2094;1;2909,0484;2365,08;AE VCS ONE START5.0 UNX P SVR TIER K INITIAL BAS S;20082900;;AE VCS ONE START5.0 UNX P SVR TIER K INITIAL BAS S;AE VCS ONE START5.0 UNX P SVR TIER K INITIAL BAS S;AE VCS ONE START5.0 UNX P SVR TIER K INITIAL BAS S;AE VCS ONE START5.0 UNX P SVR TIER K INITIAL BAS S;;;;79;;
1;3;2094;1;6153,6531;5002,97;REW VCS ONE START 5.0 UNX P SVR TIER G STD LIC E;20082902;;REW VCS ONE START 5.0 UNX P SVR TIER G STD LIC E;REW VCS ONE START 5.0 UNX P SVR TIER G STD LIC E;REW VCS ONE START 5.0 UNX P SVR TIER G STD LIC E;REW VCS ONE START 5.0 UNX P SVR TIER G STD LIC E;;;;79;;
1;3;2094;1;2023,6698;1645,26;EXP VCS ONE START 5.0 UNX SVR TIER G INITIAL ESS S;20082903;;EXP VCS ONE START 5.0 UNX SVR TIER G INITIAL ESS S;EXP VCS ONE START 5.0 UNX SVR TIER G INITIAL ESS S;EXP VCS ONE START 5.0 UNX SVR TIER G INITIAL ESS S;EXP VCS ONE START 5.0 UNX SVR TIER G INITIAL ESS S;;;;79;;
1;3;2094;1;2023,6698;1645,26;AE VCS ONE START5.0 UNX P SVR TIER G INITIAL ESS S;20082904;;AE VCS ONE START5.0 UNX P SVR TIER G INITIAL ESS S;AE VCS ONE START5.0 UNX P SVR TIER G INITIAL ESS S;AE VCS ONE START5.0 UNX P SVR TIER G INITIAL ESS S;AE VCS ONE START5.0 UNX P SVR TIER G INITIAL ESS S;;;;79;;
1;3;2094;1;8316,0423;6761,01;REW VCS ONE START 5.0 UNX P SVR TIER H STD LIC B;20082906;;REW VCS ONE START 5.0 UNX P SVR TIER H STD LIC B;REW VCS ONE START 5.0 UNX P SVR TIER H STD LIC B;REW VCS ONE START 5.0 UNX P SVR TIER H STD LIC B;REW VCS ONE START 5.0 UNX P SVR TIER H STD LIC B;;;;79;;
1;3;2094;1;7900,2408;6422,96;REW VCS ONE START 5.0 UNX P SVR TIER H STD LIC C;20082907;;REW VCS ONE START 5.0 UNX P SVR TIER H STD LIC C;REW VCS ONE START 5.0 UNX P SVR TIER H STD LIC C;REW VCS ONE START 5.0 UNX P SVR TIER H STD LIC C;REW VCS ONE START 5.0 UNX P SVR TIER H STD LIC C;;;;79;;
1;3;2094;1;1979,7588;1609,56;REW VCS ONE START 5 UNX P SVR TIER H INITIAL BAS B;20082908;;REW VCS ONE START 5 UNX P SVR TIER H INITIAL BAS B;REW VCS ONE START 5 UNX P SVR TIER H INITIAL BAS B;REW VCS ONE START 5 UNX P SVR TIER H INITIAL BAS B;REW VCS ONE START 5 UNX P SVR TIER H INITIAL BAS B;;;;79;;
1;3;2094;1;1979,7588;1609,56;EXP VCS ONE START 5.0 UNX SVR TIER H INITIAL BAS S;20082910;;EXP VCS ONE START 5.0 UNX SVR TIER H INITIAL BAS S;EXP VCS ONE START 5.0 UNX SVR TIER H INITIAL BAS S;EXP VCS ONE START 5.0 UNX SVR TIER H INITIAL BAS S;EXP VCS ONE START 5.0 UNX SVR TIER H INITIAL BAS S;;;;79;;
1;3;2094;1;1979,7588;1609,56;AE VCS ONE START5.0 UNX P SVR TIER H INITIAL BAS S;20082911;;AE VCS ONE START5.0 UNX P SVR TIER H INITIAL BAS S;AE VCS ONE START5.0 UNX P SVR TIER H INITIAL BAS S;AE VCS ONE START5.0 UNX P SVR TIER H INITIAL BAS S;AE VCS ONE START5.0 UNX P SVR TIER H INITIAL BAS S;;;;79;;
1;3;2094;1;2529,6918;2056,66;REW VCS ONE START 5 UNX P SVR TIER H INITIAL ESS B;20082912;;REW VCS ONE START 5 UNX P SVR TIER H INITIAL ESS B;REW VCS ONE START 5 UNX P SVR TIER H INITIAL ESS B;REW VCS ONE START 5 UNX P SVR TIER H INITIAL ESS B;REW VCS ONE START 5 UNX P SVR TIER H INITIAL ESS B;;;;79;;
1;3;2094;1;2529,6918;2056,66;GOV VCS ONE START 5 UNX P SVR TIER H INITIAL ESS 1+;20082913;;GOV VCS ONE START 5 UNX P SVR TIER H INITIAL ESS 1+;GOV VCS ONE START 5 UNX P SVR TIER H INITIAL ESS 1+;GOV VCS ONE START 5 UNX P SVR TIER H INITIAL ESS 1+;GOV VCS ONE START 5 UNX P SVR TIER H INITIAL ESS 1+;;;;79;;
1;3;2094;1;253,1832;205,84;AE VCS ONE START5.0 UNX P SVR TIER B INITIAL BAS S;20082918;;AE VCS ONE START5.0 UNX P SVR TIER B INITIAL BAS S;AE VCS ONE START5.0 UNX P SVR TIER B INITIAL BAS S;AE VCS ONE START5.0 UNX P SVR TIER B INITIAL BAS S;AE VCS ONE START5.0 UNX P SVR TIER B INITIAL BAS S;;;;79;;
1;3;2094;1;1768,8261;1438,07;REW VCS ONE START 5.0 UNX P SVR TIER C STD LIC C;20082920;;REW VCS ONE START 5.0 UNX P SVR TIER C STD LIC C;REW VCS ONE START 5.0 UNX P SVR TIER C STD LIC C;REW VCS ONE START 5.0 UNX P SVR TIER C STD LIC C;REW VCS ONE START 5.0 UNX P SVR TIER C STD LIC C;;;;79;;
1;3;2094;1;1861,9371;1513,77;EXP VCS ONE START 5.0 UNX P SVR TIER C STD LIC S;20082921;;EXP VCS ONE START 5.0 UNX P SVR TIER C STD LIC S;EXP VCS ONE START 5.0 UNX P SVR TIER C STD LIC S;EXP VCS ONE START 5.0 UNX P SVR TIER C STD LIC S;EXP VCS ONE START 5.0 UNX P SVR TIER C STD LIC S;;;;79;;
1;3;2094;1;523,9062;425,94;REW VCS ONE START 5 UNX P SVR TIER C INITIAL ESS E;20082923;;REW VCS ONE START 5 UNX P SVR TIER C INITIAL ESS E;REW VCS ONE START 5 UNX P SVR TIER C INITIAL ESS E;REW VCS ONE START 5 UNX P SVR TIER C INITIAL ESS E;REW VCS ONE START 5 UNX P SVR TIER C INITIAL ESS E;;;;79;;
1;3;2094;1;398,1264;323,68;GOV VCS ONE START 5.0 UNX P SVR TIER A STD LIC 1+;20082925;;GOV VCS ONE START 5.0 UNX P SVR TIER A STD LIC 1+;GOV VCS ONE START 5.0 UNX P SVR TIER A STD LIC 1+;GOV VCS ONE START 5.0 UNX P SVR TIER A STD LIC 1+;GOV VCS ONE START 5.0 UNX P SVR TIER A STD LIC 1+;;;;79;;
1;3;2094;1;17232,0909;14009,83;REW VCS ONE START 5.0 UNX P SVR TIER M STD LIC E;20082927;;REW VCS ONE START 5.0 UNX P SVR TIER M STD LIC E;REW VCS ONE START 5.0 UNX P SVR TIER M STD LIC E;REW VCS ONE START 5.0 UNX P SVR TIER M STD LIC E;REW VCS ONE START 5.0 UNX P SVR TIER M STD LIC E;;;;79;;
1;3;2094;1;5666,9052;4607,24;AE VCS ONE START5.0 UNX P SVR TIER M INITIAL ESS S;20082928;;AE VCS ONE START5.0 UNX P SVR TIER M INITIAL ESS S;AE VCS ONE START5.0 UNX P SVR TIER M INITIAL ESS S;AE VCS ONE START5.0 UNX P SVR TIER M INITIAL ESS S;AE VCS ONE START5.0 UNX P SVR TIER M INITIAL ESS S;;;;79;;
1;3;2094;1;27944,493;22719,1;REW VCS ONE START 5.0 UNX P SVR TIER N STD LIC A;20082931;;REW VCS ONE START 5.0 UNX P SVR TIER N STD LIC A;REW VCS ONE START 5.0 UNX P SVR TIER N STD LIC A;REW VCS ONE START 5.0 UNX P SVR TIER N STD LIC A;REW VCS ONE START 5.0 UNX P SVR TIER N STD LIC A;;;;79;;
1;3;2094;1;27944,493;22719,1;GOV VCS ONE START 5.0 UNX P SVR TIER N STD LIC 1+;20082933;;GOV VCS ONE START 5.0 UNX P SVR TIER N STD LIC 1+;GOV VCS ONE START 5.0 UNX P SVR TIER N STD LIC 1+;GOV VCS ONE START 5.0 UNX P SVR TIER N STD LIC 1+;GOV VCS ONE START 5.0 UNX P SVR TIER N STD LIC 1+;;;;79;;
1;3;2094;1;368,2497;299,39;REW VCS ONE START 5.0 UNX P SVR TIER A STD LIC E;20082935;;REW VCS ONE START 5.0 UNX P SVR TIER A STD LIC E;REW VCS ONE START 5.0 UNX P SVR TIER A STD LIC E;REW VCS ONE START 5.0 UNX P SVR TIER A STD LIC E;REW VCS ONE START 5.0 UNX P SVR TIER A STD LIC E;;;;79;;
1;3;2094;1;90,036;73,2;REW VCS ONE START 5 UNX P SVR TIER A INITIAL BAS C;20082936;;REW VCS ONE START 5 UNX P SVR TIER A INITIAL BAS C;REW VCS ONE START 5 UNX P SVR TIER A INITIAL BAS C;REW VCS ONE START 5 UNX P SVR TIER A INITIAL BAS C;REW VCS ONE START 5 UNX P SVR TIER A INITIAL BAS C;;;;79;;
1;3;2094;1;115,0419;93,53;REW VCS ONE START 5 UNX P SVR TIER A INITIAL ESS C;20082937;;REW VCS ONE START 5 UNX P SVR TIER A INITIAL ESS C;REW VCS ONE START 5 UNX P SVR TIER A INITIAL ESS C;REW VCS ONE START 5 UNX P SVR TIER A INITIAL ESS C;REW VCS ONE START 5 UNX P SVR TIER A INITIAL ESS C;;;;79;;
1;3;2094;1;14537,2962;11818,94;REW VCS ONE START 5.0 UNX P SVR TIER L STD LIC C;20082938;;REW VCS ONE START 5.0 UNX P SVR TIER L STD LIC C;REW VCS ONE START 5.0 UNX P SVR TIER L STD LIC C;REW VCS ONE START 5.0 UNX P SVR TIER L STD LIC C;REW VCS ONE START 5.0 UNX P SVR TIER L STD LIC C;;;;79;;
1;3;2094;1;3460,8264;2813,68;REW VCS ONE START 5 UNX P SVR TIER L INITIAL BAS D;20082939;;REW VCS ONE START 5 UNX P SVR TIER L INITIAL BAS D;REW VCS ONE START 5 UNX P SVR TIER L INITIAL BAS D;REW VCS ONE START 5 UNX P SVR TIER L INITIAL BAS D;REW VCS ONE START 5 UNX P SVR TIER L INITIAL BAS D;;;;79;;
1;3;2094;1;4656,4971;3785,77;REW VCS ONE START 5.0 UNX P SVR TIER F STD LIC B;20082940;;REW VCS ONE START 5.0 UNX P SVR TIER F STD LIC B;REW VCS ONE START 5.0 UNX P SVR TIER F STD LIC B;REW VCS ONE START 5.0 UNX P SVR TIER F STD LIC B;REW VCS ONE START 5.0 UNX P SVR TIER F STD LIC B;;;;79;;
1;3;2094;1;1108,5498;901,26;AE VCS ONE START5.0 UNX P SVR TIER F INITIAL BAS S;20082941;;AE VCS ONE START5.0 UNX P SVR TIER F INITIAL BAS S;AE VCS ONE START5.0 UNX P SVR TIER F INITIAL BAS S;AE VCS ONE START5.0 UNX P SVR TIER F INITIAL BAS S;AE VCS ONE START5.0 UNX P SVR TIER F INITIAL BAS S;;;;79;;
1;3;2094;1;1345,6446;1094,02;REW VCS ONE START 5 UNX P SVR TIER F INITIAL ESS D;20082942;;REW VCS ONE START 5 UNX P SVR TIER F INITIAL ESS D;REW VCS ONE START 5 UNX P SVR TIER F INITIAL ESS D;REW VCS ONE START 5 UNX P SVR TIER F INITIAL ESS D;REW VCS ONE START 5 UNX P SVR TIER F INITIAL ESS D;;;;79;;
1;3;2094;1;1416,468;1151,6;EXP VCS ONE START 5.0 UNX SVR TIER F INITIAL ESS S;20082943;;EXP VCS ONE START 5.0 UNX SVR TIER F INITIAL ESS S;EXP VCS ONE START 5.0 UNX SVR TIER F INITIAL ESS S;EXP VCS ONE START 5.0 UNX SVR TIER F INITIAL ESS S;EXP VCS ONE START 5.0 UNX SVR TIER F INITIAL ESS S;;;;79;;
1;3;2094;1;1416,468;1151,6;AE VCS ONE START5.0 UNX P SVR TIER F INITIAL ESS S;20082944;;AE VCS ONE START5.0 UNX P SVR TIER F INITIAL ESS S;AE VCS ONE START5.0 UNX P SVR TIER F INITIAL ESS S;AE VCS ONE START5.0 UNX P SVR TIER F INITIAL ESS S;AE VCS ONE START5.0 UNX P SVR TIER F INITIAL ESS S;;;;79;;
1;3;2094;1;6652,6149;5408,63;EXP VCS ONE START 5.0 UNX P SVR TIER G STD LIC S;20082948;;EXP VCS ONE START 5.0 UNX P SVR TIER G STD LIC S;EXP VCS ONE START 5.0 UNX P SVR TIER G STD LIC S;EXP VCS ONE START 5.0 UNX P SVR TIER G STD LIC S;EXP VCS ONE START 5.0 UNX P SVR TIER G STD LIC S;;;;79;;
1;3;2094;1;1504,5606;1223,22;REW VCS ONE START 5 UNX P SVR TIER G INITIAL BAS D;20082949;;REW VCS ONE START 5 UNX P SVR TIER G INITIAL BAS D;REW VCS ONE START 5 UNX P SVR TIER G INITIAL BAS D;REW VCS ONE START 5 UNX P SVR TIER G INITIAL BAS D;REW VCS ONE START 5 UNX P SVR TIER G INITIAL BAS D;;;;79;;
1;3;2094;1;2529,6918;2056,66;AE VCS ONE START5.0 UNX P SVR TIER H INITIAL ESS S;20082952;;AE VCS ONE START5.0 UNX P SVR TIER H INITIAL ESS S;AE VCS ONE START5.0 UNX P SVR TIER H INITIAL ESS S;AE VCS ONE START5.0 UNX P SVR TIER H INITIAL ESS S;AE VCS ONE START5.0 UNX P SVR TIER H INITIAL ESS S;;;;79;;
1;3;2094;1;9136,6614;7428,18;REW VCS ONE START 5.0 UNX P SVR TIER J STD LIC A;20082955;;REW VCS ONE START 5.0 UNX P SVR TIER J STD LIC A;REW VCS ONE START 5.0 UNX P SVR TIER J STD LIC A;REW VCS ONE START 5.0 UNX P SVR TIER J STD LIC A;REW VCS ONE START 5.0 UNX P SVR TIER J STD LIC A;;;;79;;
1;3;2094;1;9136,6614;7428,18;REW VCS ONE START 5.0 UNX P SVR TIER J STD LIC B;20082956;;REW VCS ONE START 5.0 UNX P SVR TIER J STD LIC B;REW VCS ONE START 5.0 UNX P SVR TIER J STD LIC B;REW VCS ONE START 5.0 UNX P SVR TIER J STD LIC B;REW VCS ONE START 5.0 UNX P SVR TIER J STD LIC B;;;;79;;
1;3;2094;1;8451,4038;6871,06;REW VCS ONE START 5.0 UNX P SVR TIER J STD LIC E;20082957;;REW VCS ONE START 5.0 UNX P SVR TIER J STD LIC E;REW VCS ONE START 5.0 UNX P SVR TIER J STD LIC E;REW VCS ONE START 5.0 UNX P SVR TIER J STD LIC E;REW VCS ONE START 5.0 UNX P SVR TIER J STD LIC E;;;;79;;
1;3;2094;1;9136,6614;7428,18;GOV VCS ONE START 5.0 UNX P SVR TIER J STD LIC 1+;20082958;;GOV VCS ONE START 5.0 UNX P SVR TIER J STD LIC 1+;GOV VCS ONE START 5.0 UNX P SVR TIER J STD LIC 1+;GOV VCS ONE START 5.0 UNX P SVR TIER J STD LIC 1+;GOV VCS ONE START 5.0 UNX P SVR TIER J STD LIC 1+;;;;79;;
1;3;2094;1;2011,9848;1635,76;REW VCS ONE START 5 UNX P SVR TIER J INITIAL BAS E;20082959;;REW VCS ONE START 5 UNX P SVR TIER J INITIAL BAS E;REW VCS ONE START 5 UNX P SVR TIER J INITIAL BAS E;REW VCS ONE START 5 UNX P SVR TIER J INITIAL BAS E;REW VCS ONE START 5 UNX P SVR TIER J INITIAL BAS E;;;;79;;
1;3;2094;1;2779,2957;2259,59;EXP VCS ONE START 5.0 UNX SVR TIER J INITIAL ESS S;20082960;;EXP VCS ONE START 5.0 UNX SVR TIER J INITIAL ESS S;EXP VCS ONE START 5.0 UNX SVR TIER J INITIAL ESS S;EXP VCS ONE START 5.0 UNX SVR TIER J INITIAL ESS S;EXP VCS ONE START 5.0 UNX SVR TIER J INITIAL ESS S;;;;79;;
1;3;2094;1;809,2662;657,94;REW VCS ONE START 5 UNX P SVR TIER E INITIAL ESS A;20082965;;REW VCS ONE START 5 UNX P SVR TIER E INITIAL ESS A;REW VCS ONE START 5 UNX P SVR TIER E INITIAL ESS A;REW VCS ONE START 5 UNX P SVR TIER E INITIAL ESS A;REW VCS ONE START 5 UNX P SVR TIER E INITIAL ESS A;;;;79;;
1;3;2094;1;15302,4423;12441,01;AE VCS ONE START 5.0 UNX P SVR TIER L STD LIC S;20082969;;AE VCS ONE START 5.0 UNX P SVR TIER L STD LIC S;AE VCS ONE START 5.0 UNX P SVR TIER L STD LIC S;AE VCS ONE START 5.0 UNX P SVR TIER L STD LIC S;AE VCS ONE START 5.0 UNX P SVR TIER L STD LIC S;;;;79;;
1;3;2094;1;3460,8264;2813,68;REW VCS ONE START 5 UNX P SVR TIER L INITIAL BAS C;20082970;;REW VCS ONE START 5 UNX P SVR TIER L INITIAL BAS C;REW VCS ONE START 5 UNX P SVR TIER L INITIAL BAS C;REW VCS ONE START 5 UNX P SVR TIER L INITIAL BAS C;REW VCS ONE START 5 UNX P SVR TIER L INITIAL BAS C;;;;79;;
1;3;2094;1;4422,1575;3595,25;REW VCS ONE START 5 UNX P SVR TIER L INITIAL ESS D;20082971;;REW VCS ONE START 5 UNX P SVR TIER L INITIAL ESS D;REW VCS ONE START 5 UNX P SVR TIER L INITIAL ESS D;REW VCS ONE START 5 UNX P SVR TIER L INITIAL ESS D;REW VCS ONE START 5 UNX P SVR TIER L INITIAL ESS D;;;;79;;
1;3;2094;1;240,5265;195,55;REW VCS ONE START 5 UNX P SVR TIER B INITIAL BAS C;20082977;;REW VCS ONE START 5 UNX P SVR TIER B INITIAL BAS C;REW VCS ONE START 5 UNX P SVR TIER B INITIAL BAS C;REW VCS ONE START 5 UNX P SVR TIER B INITIAL BAS C;REW VCS ONE START 5 UNX P SVR TIER B INITIAL BAS C;;;;79;;
1;3;2094;1;323,5023;263,01;REW VCS ONE START 5 UNX P SVR TIER B INITIAL ESS B;20082978;;REW VCS ONE START 5 UNX P SVR TIER B INITIAL ESS B;REW VCS ONE START 5 UNX P SVR TIER B INITIAL ESS B;REW VCS ONE START 5 UNX P SVR TIER B INITIAL ESS B;REW VCS ONE START 5 UNX P SVR TIER B INITIAL ESS B;;;;79;;
1;3;2094;1;307,3278;249,86;REW VCS ONE START 5 UNX P SVR TIER B INITIAL ESS D;20082979;;REW VCS ONE START 5 UNX P SVR TIER B INITIAL ESS D;REW VCS ONE START 5 UNX P SVR TIER B INITIAL ESS D;REW VCS ONE START 5 UNX P SVR TIER B INITIAL ESS D;REW VCS ONE START 5 UNX P SVR TIER B INITIAL ESS D;;;;79;;
1;3;2094;1;323,5023;263,01;GOV VCS ONE START 5 UNX P SVR TIER B INITIAL ESS 1+;20082980;;GOV VCS ONE START 5 UNX P SVR TIER B INITIAL ESS 1+;GOV VCS ONE START 5 UNX P SVR TIER B INITIAL ESS 1+;GOV VCS ONE START 5 UNX P SVR TIER B INITIAL ESS 1+;GOV VCS ONE START 5 UNX P SVR TIER B INITIAL ESS 1+;;;;79;;
1;3;2094;1;323,5023;263,01;EXP VCS ONE START 5.0 UNX SVR TIER B INITIAL ESS S;20082981;;EXP VCS ONE START 5.0 UNX SVR TIER B INITIAL ESS S;EXP VCS ONE START 5.0 UNX SVR TIER B INITIAL ESS S;EXP VCS ONE START 5.0 UNX SVR TIER B INITIAL ESS S;EXP VCS ONE START 5.0 UNX SVR TIER B INITIAL ESS S;;;;79;;
1;3;2094;1;1922,49;1563;REW VCS ONE START 5 UNX P SVR TIER G INITIAL ESS C;20082985;;REW VCS ONE START 5 UNX P SVR TIER G INITIAL ESS C;REW VCS ONE START 5 UNX P SVR TIER G INITIAL ESS C;REW VCS ONE START 5 UNX P SVR TIER G INITIAL ESS C;REW VCS ONE START 5 UNX P SVR TIER G INITIAL ESS C;;;;79;;
1;3;2094;1;7900,2408;6422,96;REW VCS ONE START 5.0 UNX P SVR TIER H STD LIC D;20082989;;REW VCS ONE START 5.0 UNX P SVR TIER H STD LIC D;REW VCS ONE START 5.0 UNX P SVR TIER H STD LIC D;REW VCS ONE START 5.0 UNX P SVR TIER H STD LIC D;REW VCS ONE START 5.0 UNX P SVR TIER H STD LIC D;;;;79;;
1;3;2094;1;2403,1986;1953,82;REW VCS ONE START 5 UNX P SVR TIER H INITIAL ESS D;20082990;;REW VCS ONE START 5 UNX P SVR TIER H INITIAL ESS D;REW VCS ONE START 5 UNX P SVR TIER H INITIAL ESS D;REW VCS ONE START 5 UNX P SVR TIER H INITIAL ESS D;REW VCS ONE START 5 UNX P SVR TIER H INITIAL ESS D;;;;79;;
1;3;2094;1;2529,6918;2056,66;EXP VCS ONE START 5.0 UNX SVR TIER H INITIAL ESS S;20082991;;EXP VCS ONE START 5.0 UNX SVR TIER H INITIAL ESS S;EXP VCS ONE START 5.0 UNX SVR TIER H INITIAL ESS S;EXP VCS ONE START 5.0 UNX SVR TIER H INITIAL ESS S;EXP VCS ONE START 5.0 UNX SVR TIER H INITIAL ESS S;;;;79;;
1;3;2094;1;8679,8148;7056,76;REW VCS ONE START 5.0 UNX P SVR TIER J STD LIC D;20082992;;REW VCS ONE START 5.0 UNX P SVR TIER J STD LIC D;REW VCS ONE START 5.0 UNX P SVR TIER J STD LIC D;REW VCS ONE START 5.0 UNX P SVR TIER J STD LIC D;REW VCS ONE START 5.0 UNX P SVR TIER J STD LIC D;;;;79;;
1;3;2094;1;2175,1197;1768,39;REW VCS ONE START 5 UNX P SVR TIER J INITIAL BAS A;20082993;;REW VCS ONE START 5 UNX P SVR TIER J INITIAL BAS A;REW VCS ONE START 5 UNX P SVR TIER J INITIAL BAS A;REW VCS ONE START 5 UNX P SVR TIER J INITIAL BAS A;REW VCS ONE START 5 UNX P SVR TIER J INITIAL BAS A;;;;79;;
1;3;2094;1;2066,3508;1679,96;REW VCS ONE START 5 UNX P SVR TIER J INITIAL BAS C;20082994;;REW VCS ONE START 5 UNX P SVR TIER J INITIAL BAS C;REW VCS ONE START 5 UNX P SVR TIER J INITIAL BAS C;REW VCS ONE START 5 UNX P SVR TIER J INITIAL BAS C;REW VCS ONE START 5 UNX P SVR TIER J INITIAL BAS C;;;;79;;
1;3;2094;1;2175,1197;1768,39;EXP VCS ONE START 5.0 UNX SVR TIER J INITIAL BAS S;20082995;;EXP VCS ONE START 5.0 UNX SVR TIER J INITIAL BAS S;EXP VCS ONE START 5.0 UNX SVR TIER J INITIAL BAS S;EXP VCS ONE START 5.0 UNX SVR TIER J INITIAL BAS S;EXP VCS ONE START 5.0 UNX SVR TIER J INITIAL BAS S;;;;79;;
1;3;2094;1;12219,5457;9934,59;REW VCS ONE START 5.0 UNX P SVR TIER K STD LIC A;20082997;;REW VCS ONE START 5.0 UNX P SVR TIER K STD LIC A;REW VCS ONE START 5.0 UNX P SVR TIER K STD LIC A;REW VCS ONE START 5.0 UNX P SVR TIER K STD LIC A;REW VCS ONE START 5.0 UNX P SVR TIER K STD LIC A;;;;79;;
1;3;2094;1;11608,5801;9437,87;REW VCS ONE START 5.0 UNX P SVR TIER K STD LIC D;20082998;;REW VCS ONE START 5.0 UNX P SVR TIER K STD LIC D;REW VCS ONE START 5.0 UNX P SVR TIER K STD LIC D;REW VCS ONE START 5.0 UNX P SVR TIER K STD LIC D;REW VCS ONE START 5.0 UNX P SVR TIER K STD LIC D;;;;79;;
1;3;2094;1;2763,5763;2246,81;REW VCS ONE START 5 UNX P SVR TIER K INITIAL BAS C;20082999;;REW VCS ONE START 5 UNX P SVR TIER K INITIAL BAS C;REW VCS ONE START 5 UNX P SVR TIER K INITIAL BAS C;REW VCS ONE START 5 UNX P SVR TIER K INITIAL BAS C;REW VCS ONE START 5 UNX P SVR TIER K INITIAL BAS C;;;;79;;
1;3;2094;1;17697,8181;14388,47;REW VCS ONE START 5.0 UNX P SVR TIER M STD LIC D;20083001;;REW VCS ONE START 5.0 UNX P SVR TIER M STD LIC D;REW VCS ONE START 5.0 UNX P SVR TIER M STD LIC D;REW VCS ONE START 5.0 UNX P SVR TIER M STD LIC D;REW VCS ONE START 5.0 UNX P SVR TIER M STD LIC D;;;;79;;
1;3;2094;1;4213,2297;3425,39;REW VCS ONE START 5 UNX P SVR TIER M INITIAL BAS C;20083002;;REW VCS ONE START 5 UNX P SVR TIER M INITIAL BAS C;REW VCS ONE START 5 UNX P SVR TIER M INITIAL BAS C;REW VCS ONE START 5 UNX P SVR TIER M INITIAL BAS C;REW VCS ONE START 5 UNX P SVR TIER M INITIAL BAS C;;;;79;;
1;3;2094;1;6153,6408;5002,96;REW VCS ONE START 5 UNX P SVR TIER N INITIAL BAS E;20083007;;REW VCS ONE START 5 UNX P SVR TIER N INITIAL BAS E;REW VCS ONE START 5 UNX P SVR TIER N INITIAL BAS E;REW VCS ONE START 5 UNX P SVR TIER N INITIAL BAS E;REW VCS ONE START 5 UNX P SVR TIER N INITIAL BAS E;;;;79;;
1;3;2094;1;1108,5498;901,26;GOV VCS ONE START 5 UNX P SVR TIER F INITIAL BAS 1+;20083009;;GOV VCS ONE START 5 UNX P SVR TIER F INITIAL BAS 1+;GOV VCS ONE START 5 UNX P SVR TIER F INITIAL BAS 1+;GOV VCS ONE START 5 UNX P SVR TIER F INITIAL BAS 1+;GOV VCS ONE START 5 UNX P SVR TIER F INITIAL BAS 1+;;;;79;;
1;3;2094;1;1108,5498;901,26;EXP VCS ONE START 5.0 UNX SVR TIER F INITIAL BAS S;20083010;;EXP VCS ONE START 5.0 UNX SVR TIER F INITIAL BAS S;EXP VCS ONE START 5.0 UNX SVR TIER F INITIAL BAS S;EXP VCS ONE START 5.0 UNX SVR TIER F INITIAL BAS S;EXP VCS ONE START 5.0 UNX SVR TIER F INITIAL BAS S;;;;79;;
1;3;2094;1;6652,6149;5408,63;REW VCS ONE START 5.0 UNX P SVR TIER G STD LIC B;20083014;;REW VCS ONE START 5.0 UNX P SVR TIER G STD LIC B;REW VCS ONE START 5.0 UNX P SVR TIER G STD LIC B;REW VCS ONE START 5.0 UNX P SVR TIER G STD LIC B;REW VCS ONE START 5.0 UNX P SVR TIER G STD LIC B;;;;79;;
1;3;2094;1;1504,5606;1223,22;REW VCS ONE START 5 UNX P SVR TIER G INITIAL BAS C;20083016;;REW VCS ONE START 5 UNX P SVR TIER G INITIAL BAS C;REW VCS ONE START 5 UNX P SVR TIER G INITIAL BAS C;REW VCS ONE START 5 UNX P SVR TIER G INITIAL BAS C;REW VCS ONE START 5 UNX P SVR TIER G INITIAL BAS C;;;;79;;
1;3;2094;1;2023,6698;1645,26;REW VCS ONE START 5 UNX P SVR TIER G INITIAL ESS B;20083017;;REW VCS ONE START 5 UNX P SVR TIER G INITIAL ESS B;REW VCS ONE START 5 UNX P SVR TIER G INITIAL ESS B;REW VCS ONE START 5 UNX P SVR TIER G INITIAL ESS B;REW VCS ONE START 5 UNX P SVR TIER G INITIAL ESS B;;;;79;;
1;3;2094;1;1861,9371;1513,77;GOV VCS ONE START 5.0 UNX P SVR TIER C STD LIC 1+;20083023;;GOV VCS ONE START 5.0 UNX P SVR TIER C STD LIC 1+;GOV VCS ONE START 5.0 UNX P SVR TIER C STD LIC 1+;GOV VCS ONE START 5.0 UNX P SVR TIER C STD LIC 1+;GOV VCS ONE START 5.0 UNX P SVR TIER C STD LIC 1+;;;;79;;
1;3;2094;1;566,3904;460,48;REW VCS ONE START 5 UNX P SVR TIER C INITIAL ESS A;20083024;;REW VCS ONE START 5 UNX P SVR TIER C INITIAL ESS A;REW VCS ONE START 5 UNX P SVR TIER C INITIAL ESS A;REW VCS ONE START 5 UNX P SVR TIER C INITIAL ESS A;REW VCS ONE START 5 UNX P SVR TIER C INITIAL ESS A;;;;79;;
1;3;2094;1;2527,3548;2054,76;REW VCS ONE START 5.0 UNX P SVR TIER E STD LIC C;20083028;;REW VCS ONE START 5.0 UNX P SVR TIER E STD LIC C;REW VCS ONE START 5.0 UNX P SVR TIER E STD LIC C;REW VCS ONE START 5.0 UNX P SVR TIER E STD LIC C;REW VCS ONE START 5.0 UNX P SVR TIER E STD LIC C;;;;79;;
1;3;2094;1;809,2662;657,94;GOV VCS ONE START 5 UNX P SVR TIER E INITIAL ESS 1+;20083029;;GOV VCS ONE START 5 UNX P SVR TIER E INITIAL ESS 1+;GOV VCS ONE START 5 UNX P SVR TIER E INITIAL ESS 1+;GOV VCS ONE START 5 UNX P SVR TIER E INITIAL ESS 1+;GOV VCS ONE START 5 UNX P SVR TIER E INITIAL ESS 1+;;;;79;;
1;3;2094;1;2779,2957;2259,59;REW VCS ONE START 5 UNX P SVR TIER J INITIAL ESS A;20083031;;REW VCS ONE START 5 UNX P SVR TIER J INITIAL ESS A;REW VCS ONE START 5 UNX P SVR TIER J INITIAL ESS A;REW VCS ONE START 5 UNX P SVR TIER J INITIAL ESS A;REW VCS ONE START 5 UNX P SVR TIER J INITIAL ESS A;;;;79;;
1;3;2094;1;2779,2957;2259,59;GOV VCS ONE START 5 UNX P SVR TIER J INITIAL ESS 1+;20083032;;GOV VCS ONE START 5 UNX P SVR TIER J INITIAL ESS 1+;GOV VCS ONE START 5 UNX P SVR TIER J INITIAL ESS 1+;GOV VCS ONE START 5 UNX P SVR TIER J INITIAL ESS 1+;GOV VCS ONE START 5 UNX P SVR TIER J INITIAL ESS 1+;;;;79;;
1;3;2094;1;11608,5801;9437,87;REW VCS ONE START 5.0 UNX P SVR TIER K STD LIC C;20083034;;REW VCS ONE START 5.0 UNX P SVR TIER K STD LIC C;REW VCS ONE START 5.0 UNX P SVR TIER K STD LIC C;REW VCS ONE START 5.0 UNX P SVR TIER K STD LIC C;REW VCS ONE START 5.0 UNX P SVR TIER K STD LIC C;;;;79;;
1;3;2094;1;3717,1092;3022,04;GOV VCS ONE START 5 UNX P SVR TIER K INITIAL ESS 1+;20083036;;GOV VCS ONE START 5 UNX P SVR TIER K INITIAL ESS 1+;GOV VCS ONE START 5 UNX P SVR TIER K INITIAL ESS 1+;GOV VCS ONE START 5 UNX P SVR TIER K INITIAL ESS 1+;GOV VCS ONE START 5 UNX P SVR TIER K INITIAL ESS 1+;;;;79;;
1;3;2094;1;18629,2971;15145,77;EXP VCS ONE START 5.0 UNX P SVR TIER M STD LIC S;20083041;;EXP VCS ONE START 5.0 UNX P SVR TIER M STD LIC S;EXP VCS ONE START 5.0 UNX P SVR TIER M STD LIC S;EXP VCS ONE START 5.0 UNX P SVR TIER M STD LIC S;EXP VCS ONE START 5.0 UNX P SVR TIER M STD LIC S;;;;79;;
1;3;2094;1;8500,53;6911;REW VCS ONE START 5 UNX P SVR TIER N INITIAL ESS A;20083043;;REW VCS ONE START 5 UNX P SVR TIER N INITIAL ESS A;REW VCS ONE START 5 UNX P SVR TIER N INITIAL ESS A;REW VCS ONE START 5 UNX P SVR TIER N INITIAL ESS A;REW VCS ONE START 5 UNX P SVR TIER N INITIAL ESS A;;;;79;;
1;3;2094;1;8075,5158;6565,46;REW VCS ONE START 5 UNX P SVR TIER N INITIAL ESS C;20083044;;REW VCS ONE START 5 UNX P SVR TIER N INITIAL ESS C;REW VCS ONE START 5 UNX P SVR TIER N INITIAL ESS C;REW VCS ONE START 5 UNX P SVR TIER N INITIAL ESS C;REW VCS ONE START 5 UNX P SVR TIER N INITIAL ESS C;;;;79;;
1;3;2094;1;398,1264;323,68;REW VCS ONE START 5.0 UNX P SVR TIER A STD LIC B;20083048;;REW VCS ONE START 5.0 UNX P SVR TIER A STD LIC B;REW VCS ONE START 5.0 UNX P SVR TIER A STD LIC B;REW VCS ONE START 5.0 UNX P SVR TIER A STD LIC B;REW VCS ONE START 5.0 UNX P SVR TIER A STD LIC B;;;;79;;
1;3;2094;1;121,1058;98,46;REW VCS ONE START 5 UNX P SVR TIER A INITIAL ESS B;20083049;;REW VCS ONE START 5 UNX P SVR TIER A INITIAL ESS B;REW VCS ONE START 5 UNX P SVR TIER A INITIAL ESS B;REW VCS ONE START 5 UNX P SVR TIER A INITIAL ESS B;REW VCS ONE START 5 UNX P SVR TIER A INITIAL ESS B;;;;79;;
1;3;2094;1;115,0419;93,53;REW VCS ONE START 5 UNX P SVR TIER A INITIAL ESS D;20083050;;REW VCS ONE START 5 UNX P SVR TIER A INITIAL ESS D;REW VCS ONE START 5 UNX P SVR TIER A INITIAL ESS D;REW VCS ONE START 5 UNX P SVR TIER A INITIAL ESS D;REW VCS ONE START 5 UNX P SVR TIER A INITIAL ESS D;;;;79;;
1;3;2094;1;121,1058;98,46;GOV VCS ONE START 5 UNX P SVR TIER A INITIAL ESS 1+;20083051;;GOV VCS ONE START 5 UNX P SVR TIER A INITIAL ESS 1+;GOV VCS ONE START 5 UNX P SVR TIER A INITIAL ESS 1+;GOV VCS ONE START 5 UNX P SVR TIER A INITIAL ESS 1+;GOV VCS ONE START 5 UNX P SVR TIER A INITIAL ESS 1+;;;;79;;
1;3;2094;1;983,7171;799,77;REW VCS ONE START 5.0 UNX P SVR TIER B STD LIC E;20083054;;REW VCS ONE START 5.0 UNX P SVR TIER B STD LIC E;REW VCS ONE START 5.0 UNX P SVR TIER B STD LIC E;REW VCS ONE START 5.0 UNX P SVR TIER B STD LIC E;REW VCS ONE START 5.0 UNX P SVR TIER B STD LIC E;;;;79;;
1;3;2094;1;8316,0423;6761,01;GOV VCS ONE START 5.0 UNX P SVR TIER H STD LIC 1+;20083055;;GOV VCS ONE START 5.0 UNX P SVR TIER H STD LIC 1+;GOV VCS ONE START 5.0 UNX P SVR TIER H STD LIC 1+;GOV VCS ONE START 5.0 UNX P SVR TIER H STD LIC 1+;GOV VCS ONE START 5.0 UNX P SVR TIER H STD LIC 1+;;;;79;;
1;3;2094;1;8316,0423;6761,01;EXP VCS ONE START 5.0 UNX P SVR TIER H STD LIC S;20083056;;EXP VCS ONE START 5.0 UNX P SVR TIER H STD LIC S;EXP VCS ONE START 5.0 UNX P SVR TIER H STD LIC S;EXP VCS ONE START 5.0 UNX P SVR TIER H STD LIC S;EXP VCS ONE START 5.0 UNX P SVR TIER H STD LIC S;;;;79;;
1;3;2094;1;1979,7588;1609,56;REW VCS ONE START 5 UNX P SVR TIER H INITIAL BAS A;20083057;;REW VCS ONE START 5 UNX P SVR TIER H INITIAL BAS A;REW VCS ONE START 5 UNX P SVR TIER H INITIAL BAS A;REW VCS ONE START 5 UNX P SVR TIER H INITIAL BAS A;REW VCS ONE START 5 UNX P SVR TIER H INITIAL BAS A;;;;79;;
1;3;2094;1;1880,7684;1529,08;REW VCS ONE START 5 UNX P SVR TIER H INITIAL BAS D;20083058;;REW VCS ONE START 5 UNX P SVR TIER H INITIAL BAS D;REW VCS ONE START 5 UNX P SVR TIER H INITIAL BAS D;REW VCS ONE START 5 UNX P SVR TIER H INITIAL BAS D;REW VCS ONE START 5 UNX P SVR TIER H INITIAL BAS D;;;;79;;
1;3;2094;1;2403,1986;1953,82;REW VCS ONE START 5 UNX P SVR TIER H INITIAL ESS C;20083059;;REW VCS ONE START 5 UNX P SVR TIER H INITIAL ESS C;REW VCS ONE START 5 UNX P SVR TIER H INITIAL ESS C;REW VCS ONE START 5 UNX P SVR TIER H INITIAL ESS C;REW VCS ONE START 5 UNX P SVR TIER H INITIAL ESS C;;;;79;;
1;3;2094;1;2339,952;1902,4;REW VCS ONE START 5 UNX P SVR TIER H INITIAL ESS E;20083060;;REW VCS ONE START 5 UNX P SVR TIER H INITIAL ESS E;REW VCS ONE START 5 UNX P SVR TIER H INITIAL ESS E;REW VCS ONE START 5 UNX P SVR TIER H INITIAL ESS E;REW VCS ONE START 5 UNX P SVR TIER H INITIAL ESS E;;;;79;;
1;3;2094;1;15302,4423;12441,01;GOV VCS ONE START 5.0 UNX P SVR TIER L STD LIC 1+;20083069;;GOV VCS ONE START 5.0 UNX P SVR TIER L STD LIC 1+;GOV VCS ONE START 5.0 UNX P SVR TIER L STD LIC 1+;GOV VCS ONE START 5.0 UNX P SVR TIER L STD LIC 1+;GOV VCS ONE START 5.0 UNX P SVR TIER L STD LIC 1+;;;;79;;
1;3;2094;1;3642,9771;2961,77;EXP VCS ONE START 5.0 UNX SVR TIER L INITIAL BAS S;20083071;;EXP VCS ONE START 5.0 UNX SVR TIER L INITIAL BAS S;EXP VCS ONE START 5.0 UNX SVR TIER L INITIAL BAS S;EXP VCS ONE START 5.0 UNX SVR TIER L INITIAL BAS S;EXP VCS ONE START 5.0 UNX SVR TIER L INITIAL BAS S;;;;79;;
1;3;2094;1;4654,8981;3784,47;REW VCS ONE START 5 UNX P SVR TIER L INITIAL ESS A;20083072;;REW VCS ONE START 5 UNX P SVR TIER L INITIAL ESS A;REW VCS ONE START 5 UNX P SVR TIER L INITIAL ESS A;REW VCS ONE START 5 UNX P SVR TIER L INITIAL ESS A;REW VCS ONE START 5 UNX P SVR TIER L INITIAL ESS A;;;;79;;
1;3;2094;1;4656,4971;3785,77;GOV VCS ONE START 5.0 UNX P SVR TIER F STD LIC 1+;20083075;;GOV VCS ONE START 5.0 UNX P SVR TIER F STD LIC 1+;GOV VCS ONE START 5.0 UNX P SVR TIER F STD LIC 1+;GOV VCS ONE START 5.0 UNX P SVR TIER F STD LIC 1+;GOV VCS ONE START 5.0 UNX P SVR TIER F STD LIC 1+;;;;79;;
1;3;2094;1;1416,468;1151,6;REW VCS ONE START 5 UNX P SVR TIER F INITIAL ESS B;20083077;;REW VCS ONE START 5 UNX P SVR TIER F INITIAL ESS B;REW VCS ONE START 5 UNX P SVR TIER F INITIAL ESS B;REW VCS ONE START 5 UNX P SVR TIER F INITIAL ESS B;REW VCS ONE START 5 UNX P SVR TIER F INITIAL ESS B;;;;79;;
1;3;2094;1;4434,9864;3605,68;AE VCS ONE START5.0 UNX P SVR TIER M INITIAL BAS S;20083079;;AE VCS ONE START5.0 UNX P SVR TIER M INITIAL BAS S;AE VCS ONE START5.0 UNX P SVR TIER M INITIAL BAS S;AE VCS ONE START5.0 UNX P SVR TIER M INITIAL BAS S;AE VCS ONE START5.0 UNX P SVR TIER M INITIAL BAS S;;;;79;;
1;3;2094;1;5383,5624;4376,88;REW VCS ONE START 5 UNX P SVR TIER M INITIAL ESS D;20083080;;REW VCS ONE START 5 UNX P SVR TIER M INITIAL ESS D;REW VCS ONE START 5 UNX P SVR TIER M INITIAL ESS D;REW VCS ONE START 5 UNX P SVR TIER M INITIAL ESS D;REW VCS ONE START 5 UNX P SVR TIER M INITIAL ESS D;;;;79;;
1;3;2094;1;5241,8787;4261,69;REW VCS ONE START 5 UNX P SVR TIER M INITIAL ESS E;20083081;;REW VCS ONE START 5 UNX P SVR TIER M INITIAL ESS E;REW VCS ONE START 5 UNX P SVR TIER M INITIAL ESS E;REW VCS ONE START 5 UNX P SVR TIER M INITIAL ESS E;REW VCS ONE START 5 UNX P SVR TIER M INITIAL ESS E;;;;79;;
1;3;2094;1;27944,493;22719,1;REW VCS ONE START 5.0 UNX P SVR TIER N STD LIC B;20083084;;REW VCS ONE START 5.0 UNX P SVR TIER N STD LIC B;REW VCS ONE START 5.0 UNX P SVR TIER N STD LIC B;REW VCS ONE START 5.0 UNX P SVR TIER N STD LIC B;REW VCS ONE START 5.0 UNX P SVR TIER N STD LIC B;;;;79;;
1;3;2094;1;1861,9371;1513,77;AE VCS ONE START 5.0 UNX P SVR TIER C STD LIC S;20083087;;AE VCS ONE START 5.0 UNX P SVR TIER C STD LIC S;AE VCS ONE START 5.0 UNX P SVR TIER C STD LIC S;AE VCS ONE START 5.0 UNX P SVR TIER C STD LIC S;AE VCS ONE START 5.0 UNX P SVR TIER C STD LIC S;;;;79;;
1;3;2094;1;421,1028;342,36;REW VCS ONE START 5 UNX P SVR TIER C INITIAL BAS D;20083088;;REW VCS ONE START 5 UNX P SVR TIER C INITIAL BAS D;REW VCS ONE START 5 UNX P SVR TIER C INITIAL BAS D;REW VCS ONE START 5 UNX P SVR TIER C INITIAL BAS D;REW VCS ONE START 5 UNX P SVR TIER C INITIAL BAS D;;;;79;;
1;3;2094;1;443,2674;360,38;GOV VCS ONE START 5 UNX P SVR TIER C INITIAL BAS 1+;20083089;;GOV VCS ONE START 5 UNX P SVR TIER C INITIAL BAS 1+;GOV VCS ONE START 5 UNX P SVR TIER C INITIAL BAS 1+;GOV VCS ONE START 5 UNX P SVR TIER C INITIAL BAS 1+;GOV VCS ONE START 5 UNX P SVR TIER C INITIAL BAS 1+;;;;79;;
1;3;2094;1;566,3904;460,48;AE VCS ONE START5.0 UNX P SVR TIER C INITIAL ESS S;20083090;;AE VCS ONE START5.0 UNX P SVR TIER C INITIAL ESS S;AE VCS ONE START5.0 UNX P SVR TIER C INITIAL ESS S;AE VCS ONE START5.0 UNX P SVR TIER C INITIAL ESS S;AE VCS ONE START5.0 UNX P SVR TIER C INITIAL ESS S;;;;79;;
1;3;2094;1;2660,3793;2162,91;GOV VCS ONE START 5.0 UNX P SVR TIER E STD LIC 1+;20083091;;GOV VCS ONE START 5.0 UNX P SVR TIER E STD LIC 1+;GOV VCS ONE START 5.0 UNX P SVR TIER E STD LIC 1+;GOV VCS ONE START 5.0 UNX P SVR TIER E STD LIC 1+;GOV VCS ONE START 5.0 UNX P SVR TIER E STD LIC 1+;;;;79;;
1;3;2094;1;633,3393;514,91;REW VCS ONE START 5 UNX P SVR TIER E INITIAL BAS A;20083092;;REW VCS ONE START 5 UNX P SVR TIER E INITIAL BAS A;REW VCS ONE START 5 UNX P SVR TIER E INITIAL BAS A;REW VCS ONE START 5 UNX P SVR TIER E INITIAL BAS A;REW VCS ONE START 5 UNX P SVR TIER E INITIAL BAS A;;;;79;;
1;3;2094;1;809,2662;657,94;EXP VCS ONE START 5.0 UNX SVR TIER E INITIAL ESS S;20083093;;EXP VCS ONE START 5.0 UNX SVR TIER E INITIAL ESS S;EXP VCS ONE START 5.0 UNX SVR TIER E INITIAL ESS S;EXP VCS ONE START 5.0 UNX SVR TIER E INITIAL ESS S;EXP VCS ONE START 5.0 UNX SVR TIER E INITIAL ESS S;;;;79;;
1;3;2094;1;14537,2962;11818,94;REW VCS ONE START 5.0 UNX P SVR TIER L STD LIC D;20083094;;REW VCS ONE START 5.0 UNX P SVR TIER L STD LIC D;REW VCS ONE START 5.0 UNX P SVR TIER L STD LIC D;REW VCS ONE START 5.0 UNX P SVR TIER L STD LIC D;REW VCS ONE START 5.0 UNX P SVR TIER L STD LIC D;;;;79;;
1;3;2094;1;4422,1575;3595,25;REW VCS ONE START 5 UNX P SVR TIER L INITIAL ESS C;20083096;;REW VCS ONE START 5 UNX P SVR TIER L INITIAL ESS C;REW VCS ONE START 5 UNX P SVR TIER L INITIAL ESS C;REW VCS ONE START 5 UNX P SVR TIER L INITIAL ESS C;REW VCS ONE START 5 UNX P SVR TIER L INITIAL ESS C;;;;79;;
1;3;2094;1;4434,9864;3605,68;REW VCS ONE START 5 UNX P SVR TIER M INITIAL BAS B;20083097;;REW VCS ONE START 5 UNX P SVR TIER M INITIAL BAS B;REW VCS ONE START 5 UNX P SVR TIER M INITIAL BAS B;REW VCS ONE START 5 UNX P SVR TIER M INITIAL BAS B;REW VCS ONE START 5 UNX P SVR TIER M INITIAL BAS B;;;;79;;
1;3;2094;1;4102,3452;3335,24;REW VCS ONE START 5 UNX P SVR TIER M INITIAL BAS E;20083098;;REW VCS ONE START 5 UNX P SVR TIER M INITIAL BAS E;REW VCS ONE START 5 UNX P SVR TIER M INITIAL BAS E;REW VCS ONE START 5 UNX P SVR TIER M INITIAL BAS E;REW VCS ONE START 5 UNX P SVR TIER M INITIAL BAS E;;;;79;;
1;3;2094;1;5666,9052;4607,24;REW VCS ONE START 5 UNX P SVR TIER M INITIAL ESS A;20083099;;REW VCS ONE START 5 UNX P SVR TIER M INITIAL ESS A;REW VCS ONE START 5 UNX P SVR TIER M INITIAL ESS A;REW VCS ONE START 5 UNX P SVR TIER M INITIAL ESS A;REW VCS ONE START 5 UNX P SVR TIER M INITIAL ESS A;;;;79;;
1;3;2094;1;26547,2622;21583,14;REW VCS ONE START 5.0 UNX P SVR TIER N STD LIC C;20083102;;REW VCS ONE START 5.0 UNX P SVR TIER N STD LIC C;REW VCS ONE START 5.0 UNX P SVR TIER N STD LIC C;REW VCS ONE START 5.0 UNX P SVR TIER N STD LIC C;REW VCS ONE START 5.0 UNX P SVR TIER N STD LIC C;;;;79;;
1;3;2094;1;6652,6026;5408,62;AE VCS ONE START5.0 UNX P SVR TIER N INITIAL BAS S;20083103;;AE VCS ONE START5.0 UNX P SVR TIER N INITIAL BAS S;AE VCS ONE START5.0 UNX P SVR TIER N INITIAL BAS S;AE VCS ONE START5.0 UNX P SVR TIER N INITIAL BAS S;AE VCS ONE START5.0 UNX P SVR TIER N INITIAL BAS S;;;;79;;
1;3;2094;1;8500,53;6911;REW VCS ONE START 5 UNX P SVR TIER N INITIAL ESS B;20083104;;REW VCS ONE START 5 UNX P SVR TIER N INITIAL ESS B;REW VCS ONE START 5 UNX P SVR TIER N INITIAL ESS B;REW VCS ONE START 5 UNX P SVR TIER N INITIAL ESS B;REW VCS ONE START 5 UNX P SVR TIER N INITIAL ESS B;;;;79;;
1;3;2094;1;398,1264;323,68;EXP VCS ONE START 5.0 UNX P SVR TIER A STD LIC S;20083108;;EXP VCS ONE START 5.0 UNX P SVR TIER A STD LIC S;EXP VCS ONE START 5.0 UNX P SVR TIER A STD LIC S;EXP VCS ONE START 5.0 UNX P SVR TIER A STD LIC S;EXP VCS ONE START 5.0 UNX P SVR TIER A STD LIC S;;;;79;;
1;3;2094;1;6652,6149;5408,63;GOV VCS ONE START 5.0 UNX P SVR TIER G STD LIC 1+;20083109;;GOV VCS ONE START 5.0 UNX P SVR TIER G STD LIC 1+;GOV VCS ONE START 5.0 UNX P SVR TIER G STD LIC 1+;GOV VCS ONE START 5.0 UNX P SVR TIER G STD LIC 1+;GOV VCS ONE START 5.0 UNX P SVR TIER G STD LIC 1+;;;;79;;
1;3;2094;1;1922,49;1563;REW VCS ONE START 5 UNX P SVR TIER G INITIAL ESS D;20083110;;REW VCS ONE START 5 UNX P SVR TIER G INITIAL ESS D;REW VCS ONE START 5 UNX P SVR TIER G INITIAL ESS D;REW VCS ONE START 5 UNX P SVR TIER G INITIAL ESS D;REW VCS ONE START 5 UNX P SVR TIER G INITIAL ESS D;;;;79;;
1;3;2094;1;2066,3508;1679,96;REW VCS ONE START 5 UNX P SVR TIER J INITIAL BAS D;20083116;;REW VCS ONE START 5 UNX P SVR TIER J INITIAL BAS D;REW VCS ONE START 5 UNX P SVR TIER J INITIAL BAS D;REW VCS ONE START 5 UNX P SVR TIER J INITIAL BAS D;REW VCS ONE START 5 UNX P SVR TIER J INITIAL BAS D;;;;79;;
1;3;2094;1;2175,1197;1768,39;GOV VCS ONE START 5 UNX P SVR TIER J INITIAL BAS 1+;20083117;;GOV VCS ONE START 5 UNX P SVR TIER J INITIAL BAS 1+;GOV VCS ONE START 5 UNX P SVR TIER J INITIAL BAS 1+;GOV VCS ONE START 5 UNX P SVR TIER J INITIAL BAS 1+;GOV VCS ONE START 5 UNX P SVR TIER J INITIAL BAS 1+;;;;79;;
1;3;2094;1;2175,1197;1768,39;AE VCS ONE START5.0 UNX P SVR TIER J INITIAL BAS S;20083118;;AE VCS ONE START5.0 UNX P SVR TIER J INITIAL BAS S;AE VCS ONE START5.0 UNX P SVR TIER J INITIAL BAS S;AE VCS ONE START5.0 UNX P SVR TIER J INITIAL BAS S;AE VCS ONE START5.0 UNX P SVR TIER J INITIAL BAS S;;;;79;;
1;3;2094;1;12219,5457;9934,59;REW VCS ONE START 5.0 UNX P SVR TIER K STD LIC B;20083119;;REW VCS ONE START 5.0 UNX P SVR TIER K STD LIC B;REW VCS ONE START 5.0 UNX P SVR TIER K STD LIC B;REW VCS ONE START 5.0 UNX P SVR TIER K STD LIC B;REW VCS ONE START 5.0 UNX P SVR TIER K STD LIC B;;;;79;;
1;3;2094;1;2909,0484;2365,08;REW VCS ONE START 5 UNX P SVR TIER K INITIAL BAS A;20083120;;REW VCS ONE START 5 UNX P SVR TIER K INITIAL BAS A;REW VCS ONE START 5 UNX P SVR TIER K INITIAL BAS A;REW VCS ONE START 5 UNX P SVR TIER K INITIAL BAS A;REW VCS ONE START 5 UNX P SVR TIER K INITIAL BAS A;;;;79;;
1;3;2094;1;4654,8981;3784,47;GOV VCS ONE START 5 UNX P SVR TIER L INITIAL ESS 1+;20083121;;GOV VCS ONE START 5 UNX P SVR TIER L INITIAL ESS 1+;GOV VCS ONE START 5 UNX P SVR TIER L INITIAL ESS 1+;GOV VCS ONE START 5 UNX P SVR TIER L INITIAL ESS 1+;GOV VCS ONE START 5 UNX P SVR TIER L INITIAL ESS 1+;;;;79;;
1;3;2094;1;4656,4971;3785,77;REW VCS ONE START 5.0 UNX P SVR TIER F STD LIC A;20083124;;REW VCS ONE START 5.0 UNX P SVR TIER F STD LIC A;REW VCS ONE START 5.0 UNX P SVR TIER F STD LIC A;REW VCS ONE START 5.0 UNX P SVR TIER F STD LIC A;REW VCS ONE START 5.0 UNX P SVR TIER F STD LIC A;;;;79;;
1;3;2094;1;1310,2452;1065,24;REW VCS ONE START 5 UNX P SVR TIER F INITIAL ESS E;20083125;;REW VCS ONE START 5 UNX P SVR TIER F INITIAL ESS E;REW VCS ONE START 5 UNX P SVR TIER F INITIAL ESS E;REW VCS ONE START 5 UNX P SVR TIER F INITIAL ESS E;REW VCS ONE START 5 UNX P SVR TIER F INITIAL ESS E;;;;79;;
1;3;2094;1;6319,9614;5138,18;REW VCS ONE START 5.0 UNX P SVR TIER G STD LIC C;20083128;;REW VCS ONE START 5.0 UNX P SVR TIER G STD LIC C;REW VCS ONE START 5.0 UNX P SVR TIER G STD LIC C;REW VCS ONE START 5.0 UNX P SVR TIER G STD LIC C;REW VCS ONE START 5.0 UNX P SVR TIER G STD LIC C;;;;79;;
1;3;2094;1;1464,9669;1191,03;REW VCS ONE START 5 UNX P SVR TIER G INITIAL BAS E;20083129;;REW VCS ONE START 5 UNX P SVR TIER G INITIAL BAS E;REW VCS ONE START 5 UNX P SVR TIER G INITIAL BAS E;REW VCS ONE START 5 UNX P SVR TIER G INITIAL BAS E;REW VCS ONE START 5 UNX P SVR TIER G INITIAL BAS E;;;;79;;
1;3;2094;1;1583,7603;1287,61;GOV VCS ONE START 5 UNX P SVR TIER G INITIAL BAS 1+;20083130;;GOV VCS ONE START 5 UNX P SVR TIER G INITIAL BAS 1+;GOV VCS ONE START 5 UNX P SVR TIER G INITIAL BAS 1+;GOV VCS ONE START 5 UNX P SVR TIER G INITIAL BAS 1+;GOV VCS ONE START 5 UNX P SVR TIER G INITIAL BAS 1+;;;;79;;
1;3;2094;1;1583,7603;1287,61;AE VCS ONE START5.0 UNX P SVR TIER G INITIAL BAS S;20083131;;AE VCS ONE START5.0 UNX P SVR TIER G INITIAL BAS S;AE VCS ONE START5.0 UNX P SVR TIER G INITIAL BAS S;AE VCS ONE START5.0 UNX P SVR TIER G INITIAL BAS S;AE VCS ONE START5.0 UNX P SVR TIER G INITIAL BAS S;;;;79;;
1;3;2094;1;87,6621;71,27;REW VCS ONE START 5 UNX P SVR TIER A INITIAL BAS E;20083133;;REW VCS ONE START 5 UNX P SVR TIER A INITIAL BAS E;REW VCS ONE START 5 UNX P SVR TIER A INITIAL BAS E;REW VCS ONE START 5 UNX P SVR TIER A INITIAL BAS E;REW VCS ONE START 5 UNX P SVR TIER A INITIAL BAS E;;;;79;;
1;3;2094;1;94,7715;77,05;AE VCS ONE START5.0 UNX P SVR TIER A INITIAL BAS S;20083134;;AE VCS ONE START5.0 UNX P SVR TIER A INITIAL BAS S;AE VCS ONE START5.0 UNX P SVR TIER A INITIAL BAS S;AE VCS ONE START5.0 UNX P SVR TIER A INITIAL BAS S;AE VCS ONE START5.0 UNX P SVR TIER A INITIAL BAS S;;;;79;;
1;3;2094;1;121,1058;98,46;EXP VCS ONE START 5.0 UNX SVR TIER A INITIAL ESS S;20083135;;EXP VCS ONE START 5.0 UNX SVR TIER A INITIAL ESS S;EXP VCS ONE START 5.0 UNX SVR TIER A INITIAL ESS S;EXP VCS ONE START 5.0 UNX SVR TIER A INITIAL ESS S;EXP VCS ONE START 5.0 UNX SVR TIER A INITIAL ESS S;;;;79;;
1;3;2094;1;1063,4949;864,63;GOV VCS ONE START 5.0 UNX P SVR TIER B STD LIC 1+;20083137;;GOV VCS ONE START 5.0 UNX P SVR TIER B STD LIC 1+;GOV VCS ONE START 5.0 UNX P SVR TIER B STD LIC 1+;GOV VCS ONE START 5.0 UNX P SVR TIER B STD LIC 1+;GOV VCS ONE START 5.0 UNX P SVR TIER B STD LIC 1+;;;;79;;
1;3;2094;1;253,1832;205,84;GOV VCS ONE START 5 UNX P SVR TIER B INITIAL BAS 1+;20083138;;GOV VCS ONE START 5 UNX P SVR TIER B INITIAL BAS 1+;GOV VCS ONE START 5 UNX P SVR TIER B INITIAL BAS 1+;GOV VCS ONE START 5 UNX P SVR TIER B INITIAL BAS 1+;GOV VCS ONE START 5 UNX P SVR TIER B INITIAL BAS 1+;;;;79;;
1;3;2094;1;323,5023;263,01;REW VCS ONE START 5 UNX P SVR TIER B INITIAL ESS A;20083139;;REW VCS ONE START 5 UNX P SVR TIER B INITIAL ESS A;REW VCS ONE START 5 UNX P SVR TIER B INITIAL ESS A;REW VCS ONE START 5 UNX P SVR TIER B INITIAL ESS A;REW VCS ONE START 5 UNX P SVR TIER B INITIAL ESS A;;;;79;;
1;3;2094;1;299,2221;243,27;REW VCS ONE START 5 UNX P SVR TIER B INITIAL ESS E;20083140;;REW VCS ONE START 5 UNX P SVR TIER B INITIAL ESS E;REW VCS ONE START 5 UNX P SVR TIER B INITIAL ESS E;REW VCS ONE START 5 UNX P SVR TIER B INITIAL ESS E;REW VCS ONE START 5 UNX P SVR TIER B INITIAL ESS E;;;;79;;
1;3;2094;1;421,1028;342,36;REW VCS ONE START 5 UNX P SVR TIER C INITIAL BAS C;20083142;;REW VCS ONE START 5 UNX P SVR TIER C INITIAL BAS C;REW VCS ONE START 5 UNX P SVR TIER C INITIAL BAS C;REW VCS ONE START 5 UNX P SVR TIER C INITIAL BAS C;REW VCS ONE START 5 UNX P SVR TIER C INITIAL BAS C;;;;79;;
1;3;2094;1;3717,1092;3022,04;REW VCS ONE START 5 UNX P SVR TIER K INITIAL ESS A;20083145;;REW VCS ONE START 5 UNX P SVR TIER K INITIAL ESS A;REW VCS ONE START 5 UNX P SVR TIER K INITIAL ESS A;REW VCS ONE START 5 UNX P SVR TIER K INITIAL ESS A;REW VCS ONE START 5 UNX P SVR TIER K INITIAL ESS A;;;;79;;
1;3;2094;1;3531,2439;2870,93;REW VCS ONE START 5 UNX P SVR TIER K INITIAL ESS D;20083146;;REW VCS ONE START 5 UNX P SVR TIER K INITIAL ESS D;REW VCS ONE START 5 UNX P SVR TIER K INITIAL ESS D;REW VCS ONE START 5 UNX P SVR TIER K INITIAL ESS D;REW VCS ONE START 5 UNX P SVR TIER K INITIAL ESS D;;;;79;;
1;3;2094;1;3438,3297;2795,39;REW VCS ONE START 5 UNX P SVR TIER K INITIAL ESS E;20083147;;REW VCS ONE START 5 UNX P SVR TIER K INITIAL ESS E;REW VCS ONE START 5 UNX P SVR TIER K INITIAL ESS E;REW VCS ONE START 5 UNX P SVR TIER K INITIAL ESS E;REW VCS ONE START 5 UNX P SVR TIER K INITIAL ESS E;;;;79;;
1;3;2094;1;5666,9052;4607,24;REW VCS ONE START 5 UNX P SVR TIER M INITIAL ESS B;20083150;;REW VCS ONE START 5 UNX P SVR TIER M INITIAL ESS B;REW VCS ONE START 5 UNX P SVR TIER M INITIAL ESS B;REW VCS ONE START 5 UNX P SVR TIER M INITIAL ESS B;REW VCS ONE START 5 UNX P SVR TIER M INITIAL ESS B;;;;79;;
1;3;2094;1;5666,9052;4607,24;GOV VCS ONE START 5 UNX P SVR TIER M INITIAL ESS 1+;20083151;;GOV VCS ONE START 5 UNX P SVR TIER M INITIAL ESS 1+;GOV VCS ONE START 5 UNX P SVR TIER M INITIAL ESS 1+;GOV VCS ONE START 5 UNX P SVR TIER M INITIAL ESS 1+;GOV VCS ONE START 5 UNX P SVR TIER M INITIAL ESS 1+;;;;79;;
1;3;2094;1;25848,6468;21015,16;REW VCS ONE START 5.0 UNX P SVR TIER N STD LIC E;20083152;;REW VCS ONE START 5.0 UNX P SVR TIER N STD LIC E;REW VCS ONE START 5.0 UNX P SVR TIER N STD LIC E;REW VCS ONE START 5.0 UNX P SVR TIER N STD LIC E;REW VCS ONE START 5.0 UNX P SVR TIER N STD LIC E;;;;79;;
1;3;2094;1;7862,9964;6392,68;REW VCS ONE START 5 UNX P SVR TIER N INITIAL ESS E;20083153;;REW VCS ONE START 5 UNX P SVR TIER N INITIAL ESS E;REW VCS ONE START 5 UNX P SVR TIER N INITIAL ESS E;REW VCS ONE START 5 UNX P SVR TIER N INITIAL ESS E;REW VCS ONE START 5 UNX P SVR TIER N INITIAL ESS E;;;;79;;
1;3;2094;1;8316,0423;6761,01;REW VCS ONE START 5.0 UNX P SVR TIER H STD LIC A;20083158;;REW VCS ONE START 5.0 UNX P SVR TIER H STD LIC A;REW VCS ONE START 5.0 UNX P SVR TIER H STD LIC A;REW VCS ONE START 5.0 UNX P SVR TIER H STD LIC A;REW VCS ONE START 5.0 UNX P SVR TIER H STD LIC A;;;;79;;
1;3;2094;1;7692,3339;6253,93;REW VCS ONE START 5.0 UNX P SVR TIER H STD LIC E;20083159;;REW VCS ONE START 5.0 UNX P SVR TIER H STD LIC E;REW VCS ONE START 5.0 UNX P SVR TIER H STD LIC E;REW VCS ONE START 5.0 UNX P SVR TIER H STD LIC E;REW VCS ONE START 5.0 UNX P SVR TIER H STD LIC E;;;;79;;
1;3;2094;1;1880,7684;1529,08;REW VCS ONE START 5 UNX P SVR TIER H INITIAL BAS C;20083160;;REW VCS ONE START 5 UNX P SVR TIER H INITIAL BAS C;REW VCS ONE START 5 UNX P SVR TIER H INITIAL BAS C;REW VCS ONE START 5 UNX P SVR TIER H INITIAL BAS C;REW VCS ONE START 5 UNX P SVR TIER H INITIAL BAS C;;;;79;;
1;3;2094;1;1979,7588;1609,56;GOV VCS ONE START 5 UNX P SVR TIER H INITIAL BAS 1+;20083161;;GOV VCS ONE START 5 UNX P SVR TIER H INITIAL BAS 1+;GOV VCS ONE START 5 UNX P SVR TIER H INITIAL BAS 1+;GOV VCS ONE START 5 UNX P SVR TIER H INITIAL BAS 1+;GOV VCS ONE START 5 UNX P SVR TIER H INITIAL BAS 1+;;;;79;;
1;3;2094;1;2660,3793;2162,91;REW VCS ONE START 5.0 UNX P SVR TIER E STD LIC B;20083168;;REW VCS ONE START 5.0 UNX P SVR TIER E STD LIC B;REW VCS ONE START 5.0 UNX P SVR TIER E STD LIC B;REW VCS ONE START 5.0 UNX P SVR TIER E STD LIC B;REW VCS ONE START 5.0 UNX P SVR TIER E STD LIC B;;;;79;;
1;3;2094;1;633,3393;514,91;AE VCS ONE START5.0 UNX P SVR TIER E INITIAL BAS S;20083169;;AE VCS ONE START5.0 UNX P SVR TIER E INITIAL BAS S;AE VCS ONE START5.0 UNX P SVR TIER E INITIAL BAS S;AE VCS ONE START5.0 UNX P SVR TIER E INITIAL BAS S;AE VCS ONE START5.0 UNX P SVR TIER E INITIAL BAS S;;;;79;;
1;3;2094;1;809,2662;657,94;REW VCS ONE START 5 UNX P SVR TIER E INITIAL ESS B;20083170;;REW VCS ONE START 5 UNX P SVR TIER E INITIAL ESS B;REW VCS ONE START 5 UNX P SVR TIER E INITIAL ESS B;REW VCS ONE START 5 UNX P SVR TIER E INITIAL ESS B;REW VCS ONE START 5 UNX P SVR TIER E INITIAL ESS B;;;;79;;
1;3;2094;1;748,5657;608,59;REW VCS ONE START 5 UNX P SVR TIER E INITIAL ESS E;20083171;;REW VCS ONE START 5 UNX P SVR TIER E INITIAL ESS E;REW VCS ONE START 5 UNX P SVR TIER E INITIAL ESS E;REW VCS ONE START 5 UNX P SVR TIER E INITIAL ESS E;REW VCS ONE START 5 UNX P SVR TIER E INITIAL ESS E;;;;79;;
1;3;2094;1;15302,4423;12441,01;REW VCS ONE START 5.0 UNX P SVR TIER L STD LIC A;20083173;;REW VCS ONE START 5.0 UNX P SVR TIER L STD LIC A;REW VCS ONE START 5.0 UNX P SVR TIER L STD LIC A;REW VCS ONE START 5.0 UNX P SVR TIER L STD LIC A;REW VCS ONE START 5.0 UNX P SVR TIER L STD LIC A;;;;79;;
1;3;2094;1;14154,7539;11507,93;REW VCS ONE START 5.0 UNX P SVR TIER L STD LIC E;20083174;;REW VCS ONE START 5.0 UNX P SVR TIER L STD LIC E;REW VCS ONE START 5.0 UNX P SVR TIER L STD LIC E;REW VCS ONE START 5.0 UNX P SVR TIER L STD LIC E;REW VCS ONE START 5.0 UNX P SVR TIER L STD LIC E;;;;79;;
1;3;2094;1;3642,9771;2961,77;REW VCS ONE START 5 UNX P SVR TIER L INITIAL BAS B;20083175;;REW VCS ONE START 5 UNX P SVR TIER L INITIAL BAS B;REW VCS ONE START 5 UNX P SVR TIER L INITIAL BAS B;REW VCS ONE START 5 UNX P SVR TIER L INITIAL BAS B;REW VCS ONE START 5 UNX P SVR TIER L INITIAL BAS B;;;;79;;
1;3;2094;1;4654,8981;3784,47;REW VCS ONE START 5 UNX P SVR TIER L INITIAL ESS B;20083176;;REW VCS ONE START 5 UNX P SVR TIER L INITIAL ESS B;REW VCS ONE START 5 UNX P SVR TIER L INITIAL ESS B;REW VCS ONE START 5 UNX P SVR TIER L INITIAL ESS B;REW VCS ONE START 5 UNX P SVR TIER L INITIAL ESS B;;;;79;;
1;3;2094;1;4305,7872;3500,64;REW VCS ONE START 5 UNX P SVR TIER L INITIAL ESS E;20083177;;REW VCS ONE START 5 UNX P SVR TIER L INITIAL ESS E;REW VCS ONE START 5 UNX P SVR TIER L INITIAL ESS E;REW VCS ONE START 5 UNX P SVR TIER L INITIAL ESS E;REW VCS ONE START 5 UNX P SVR TIER L INITIAL ESS E;;;;79;;
1;3;2094;1;398,1264;323,68;AE VCS ONE START 5.0 UNX P SVR TIER A STD LIC S;20083181;;AE VCS ONE START 5.0 UNX P SVR TIER A STD LIC S;AE VCS ONE START 5.0 UNX P SVR TIER A STD LIC S;AE VCS ONE START 5.0 UNX P SVR TIER A STD LIC S;AE VCS ONE START 5.0 UNX P SVR TIER A STD LIC S;;;;79;;
1;3;2094;1;94,7715;77,05;REW VCS ONE START 5 UNX P SVR TIER A INITIAL BAS A;20083182;;REW VCS ONE START 5 UNX P SVR TIER A INITIAL BAS A;REW VCS ONE START 5 UNX P SVR TIER A INITIAL BAS A;REW VCS ONE START 5 UNX P SVR TIER A INITIAL BAS A;REW VCS ONE START 5 UNX P SVR TIER A INITIAL BAS A;;;;79;;
1;3;2094;1;1010,2974;821,38;REW VCS ONE START 5.0 UNX P SVR TIER B STD LIC C;20083185;;REW VCS ONE START 5.0 UNX P SVR TIER B STD LIC C;REW VCS ONE START 5.0 UNX P SVR TIER B STD LIC C;REW VCS ONE START 5.0 UNX P SVR TIER B STD LIC C;REW VCS ONE START 5.0 UNX P SVR TIER B STD LIC C;;;;79;;
1;3;2094;1;1010,2974;821,38;REW VCS ONE START 5.0 UNX P SVR TIER B STD LIC D;20083186;;REW VCS ONE START 5.0 UNX P SVR TIER B STD LIC D;REW VCS ONE START 5.0 UNX P SVR TIER B STD LIC D;REW VCS ONE START 5.0 UNX P SVR TIER B STD LIC D;REW VCS ONE START 5.0 UNX P SVR TIER B STD LIC D;;;;79;;
1;3;2094;1;1063,4949;864,63;AE VCS ONE START 5.0 UNX P SVR TIER B STD LIC S;20083187;;AE VCS ONE START 5.0 UNX P SVR TIER B STD LIC S;AE VCS ONE START 5.0 UNX P SVR TIER B STD LIC S;AE VCS ONE START 5.0 UNX P SVR TIER B STD LIC S;AE VCS ONE START 5.0 UNX P SVR TIER B STD LIC S;;;;79;;
1;3;2094;1;307,3278;249,86;REW VCS ONE START 5 UNX P SVR TIER B INITIAL ESS C;20083188;;REW VCS ONE START 5 UNX P SVR TIER B INITIAL ESS C;REW VCS ONE START 5 UNX P SVR TIER B INITIAL ESS C;REW VCS ONE START 5 UNX P SVR TIER B INITIAL ESS C;REW VCS ONE START 5 UNX P SVR TIER B INITIAL ESS C;;;;79;;
1;3;2094;1;8679,8148;7056,76;REW VCS ONE START 5.0 UNX P SVR TIER J STD LIC C;20083192;;REW VCS ONE START 5.0 UNX P SVR TIER J STD LIC C;REW VCS ONE START 5.0 UNX P SVR TIER J STD LIC C;REW VCS ONE START 5.0 UNX P SVR TIER J STD LIC C;REW VCS ONE START 5.0 UNX P SVR TIER J STD LIC C;;;;79;;
1;3;2094;1;2640,3549;2146,63;REW VCS ONE START 5 UNX P SVR TIER J INITIAL ESS D;20083193;;REW VCS ONE START 5 UNX P SVR TIER J INITIAL ESS D;REW VCS ONE START 5 UNX P SVR TIER J INITIAL ESS D;REW VCS ONE START 5 UNX P SVR TIER J INITIAL ESS D;REW VCS ONE START 5 UNX P SVR TIER J INITIAL ESS D;;;;79;;
1;3;2094;1;3717,1092;3022,04;EXP VCS ONE START 5.0 UNX SVR TIER K INITIAL ESS S;20083199;;EXP VCS ONE START 5.0 UNX SVR TIER K INITIAL ESS S;EXP VCS ONE START 5.0 UNX SVR TIER K INITIAL ESS S;EXP VCS ONE START 5.0 UNX SVR TIER K INITIAL ESS S;EXP VCS ONE START 5.0 UNX SVR TIER K INITIAL ESS S;;;;79;;
1;3;2094;1;18629,2971;15145,77;REW VCS ONE START 5.0 UNX P SVR TIER M STD LIC A;20083200;;REW VCS ONE START 5.0 UNX P SVR TIER M STD LIC A;REW VCS ONE START 5.0 UNX P SVR TIER M STD LIC A;REW VCS ONE START 5.0 UNX P SVR TIER M STD LIC A;REW VCS ONE START 5.0 UNX P SVR TIER M STD LIC A;;;;79;;
1;3;2094;1;4423,6581;3596,47;REW VCS ONE START 5.0 UNX P SVR TIER F STD LIC C;20083203;;REW VCS ONE START 5.0 UNX P SVR TIER F STD LIC C;REW VCS ONE START 5.0 UNX P SVR TIER F STD LIC C;REW VCS ONE START 5.0 UNX P SVR TIER F STD LIC C;REW VCS ONE START 5.0 UNX P SVR TIER F STD LIC C;;;;79;;
1;3;2094;1;1053,1137;856,19;REW VCS ONE START 5 UNX P SVR TIER F INITIAL BAS C;20083204;;REW VCS ONE START 5 UNX P SVR TIER F INITIAL BAS C;REW VCS ONE START 5 UNX P SVR TIER F INITIAL BAS C;REW VCS ONE START 5 UNX P SVR TIER F INITIAL BAS C;REW VCS ONE START 5 UNX P SVR TIER F INITIAL BAS C;;;;79;;
1;3;2094;1;1025,4141;833,67;REW VCS ONE START 5 UNX P SVR TIER F INITIAL BAS E;20083205;;REW VCS ONE START 5 UNX P SVR TIER F INITIAL BAS E;REW VCS ONE START 5 UNX P SVR TIER F INITIAL BAS E;REW VCS ONE START 5 UNX P SVR TIER F INITIAL BAS E;REW VCS ONE START 5 UNX P SVR TIER F INITIAL BAS E;;;;79;;
1;3;2094;1;1416,468;1151,6;REW VCS ONE START 5 UNX P SVR TIER F INITIAL ESS A;20083206;;REW VCS ONE START 5 UNX P SVR TIER F INITIAL ESS A;REW VCS ONE START 5 UNX P SVR TIER F INITIAL ESS A;REW VCS ONE START 5 UNX P SVR TIER F INITIAL ESS A;REW VCS ONE START 5 UNX P SVR TIER F INITIAL ESS A;;;;79;;
1;3;2094;1;6652,6149;5408,63;AE VCS ONE START 5.0 UNX P SVR TIER G STD LIC S;20083211;;AE VCS ONE START 5.0 UNX P SVR TIER G STD LIC S;AE VCS ONE START 5.0 UNX P SVR TIER G STD LIC S;AE VCS ONE START 5.0 UNX P SVR TIER G STD LIC S;AE VCS ONE START 5.0 UNX P SVR TIER G STD LIC S;;;;79;;
1;3;2094;1;1583,7603;1287,61;EXP VCS ONE START 5.0 UNX SVR TIER G INITIAL BAS S;20083212;;EXP VCS ONE START 5.0 UNX SVR TIER G INITIAL BAS S;EXP VCS ONE START 5.0 UNX SVR TIER G INITIAL BAS S;EXP VCS ONE START 5.0 UNX SVR TIER G INITIAL BAS S;EXP VCS ONE START 5.0 UNX SVR TIER G INITIAL BAS S;;;;79;;
1;3;2094;1;2023,6698;1645,26;GOV VCS ONE START 5 UNX P SVR TIER G INITIAL ESS 1+;20083213;;GOV VCS ONE START 5 UNX P SVR TIER G INITIAL ESS 1+;GOV VCS ONE START 5 UNX P SVR TIER G INITIAL ESS 1+;GOV VCS ONE START 5 UNX P SVR TIER G INITIAL ESS 1+;GOV VCS ONE START 5 UNX P SVR TIER G INITIAL ESS 1+;;;;79;;
1;3;2094;1;1768,8261;1438,07;REW VCS ONE START 5.0 UNX P SVR TIER C STD LIC D;20083216;;REW VCS ONE START 5.0 UNX P SVR TIER C STD LIC D;REW VCS ONE START 5.0 UNX P SVR TIER C STD LIC D;REW VCS ONE START 5.0 UNX P SVR TIER C STD LIC D;REW VCS ONE START 5.0 UNX P SVR TIER C STD LIC D;;;;79;;
1;3;2094;1;443,2674;360,38;REW VCS ONE START 5 UNX P SVR TIER C INITIAL BAS A;20083217;;REW VCS ONE START 5 UNX P SVR TIER C INITIAL BAS A;REW VCS ONE START 5 UNX P SVR TIER C INITIAL BAS A;REW VCS ONE START 5 UNX P SVR TIER C INITIAL BAS A;REW VCS ONE START 5 UNX P SVR TIER C INITIAL BAS A;;;;79;;
1;3;2094;1;566,3904;460,48;EXP VCS ONE START 5.0 UNX SVR TIER C INITIAL ESS S;20083219;;EXP VCS ONE START 5.0 UNX SVR TIER C INITIAL ESS S;EXP VCS ONE START 5.0 UNX SVR TIER C INITIAL ESS S;EXP VCS ONE START 5.0 UNX SVR TIER C INITIAL ESS S;EXP VCS ONE START 5.0 UNX SVR TIER C INITIAL ESS S;;;;79;;
1;3;2094;1;2660,3793;2162,91;EXP VCS ONE START 5.0 UNX P SVR TIER E STD LIC S;20083223;;EXP VCS ONE START 5.0 UNX P SVR TIER E STD LIC S;EXP VCS ONE START 5.0 UNX P SVR TIER E STD LIC S;EXP VCS ONE START 5.0 UNX P SVR TIER E STD LIC S;EXP VCS ONE START 5.0 UNX P SVR TIER E STD LIC S;;;;79;;
1;3;2094;1;633,3393;514,91;REW VCS ONE START 5 UNX P SVR TIER E INITIAL BAS B;20083224;;REW VCS ONE START 5 UNX P SVR TIER E INITIAL BAS B;REW VCS ONE START 5 UNX P SVR TIER E INITIAL BAS B;REW VCS ONE START 5 UNX P SVR TIER E INITIAL BAS B;REW VCS ONE START 5 UNX P SVR TIER E INITIAL BAS B;;;;79;;
1;3;2094;1;633,3393;514,91;GOV VCS ONE START 5 UNX P SVR TIER E INITIAL BAS 1+;20083226;;GOV VCS ONE START 5 UNX P SVR TIER E INITIAL BAS 1+;GOV VCS ONE START 5 UNX P SVR TIER E INITIAL BAS 1+;GOV VCS ONE START 5 UNX P SVR TIER E INITIAL BAS 1+;GOV VCS ONE START 5 UNX P SVR TIER E INITIAL BAS 1+;;;;79;;
1;3;2094;1;27944,493;22719,1;EXP VCS ONE START 5.0 UNX P SVR TIER N STD LIC S;20083231;;EXP VCS ONE START 5.0 UNX P SVR TIER N STD LIC S;EXP VCS ONE START 5.0 UNX P SVR TIER N STD LIC S;EXP VCS ONE START 5.0 UNX P SVR TIER N STD LIC S;EXP VCS ONE START 5.0 UNX P SVR TIER N STD LIC S;;;;79;;
1;3;2094;1;8500,53;6911;GOV VCS ONE START 5 UNX P SVR TIER N INITIAL ESS 1+;20083233;;GOV VCS ONE START 5 UNX P SVR TIER N INITIAL ESS 1+;GOV VCS ONE START 5 UNX P SVR TIER N INITIAL ESS 1+;GOV VCS ONE START 5 UNX P SVR TIER N INITIAL ESS 1+;GOV VCS ONE START 5 UNX P SVR TIER N INITIAL ESS 1+;;;;79;;
1;3;2094;1;1831,2732;1488,84;REW VCS ONE START 5 UNX P SVR TIER H INITIAL BAS E;20083241;;REW VCS ONE START 5 UNX P SVR TIER H INITIAL BAS E;REW VCS ONE START 5 UNX P SVR TIER H INITIAL BAS E;REW VCS ONE START 5 UNX P SVR TIER H INITIAL BAS E;REW VCS ONE START 5 UNX P SVR TIER H INITIAL BAS E;;;;79;;
1;3;2094;1;2529,6918;2056,66;REW VCS ONE START 5 UNX P SVR TIER H INITIAL ESS A;20083242;;REW VCS ONE START 5 UNX P SVR TIER H INITIAL ESS A;REW VCS ONE START 5 UNX P SVR TIER H INITIAL ESS A;REW VCS ONE START 5 UNX P SVR TIER H INITIAL ESS A;REW VCS ONE START 5 UNX P SVR TIER H INITIAL ESS A;;;;79;;
1;3;2094;1;9136,6614;7428,18;EXP VCS ONE START 5.0 UNX P SVR TIER J STD LIC S;20083247;;EXP VCS ONE START 5.0 UNX P SVR TIER J STD LIC S;EXP VCS ONE START 5.0 UNX P SVR TIER J STD LIC S;EXP VCS ONE START 5.0 UNX P SVR TIER J STD LIC S;EXP VCS ONE START 5.0 UNX P SVR TIER J STD LIC S;;;;79;;
1;3;2094;1;9136,6614;7428,18;AE VCS ONE START 5.0 UNX P SVR TIER J STD LIC S;20083248;;AE VCS ONE START 5.0 UNX P SVR TIER J STD LIC S;AE VCS ONE START 5.0 UNX P SVR TIER J STD LIC S;AE VCS ONE START 5.0 UNX P SVR TIER J STD LIC S;AE VCS ONE START 5.0 UNX P SVR TIER J STD LIC S;;;;79;;
1;3;2094;1;633,3393;514,91;EXP VCS ONE START 5.0 UNX SVR TIER E INITIAL BAS S;20083250;;EXP VCS ONE START 5.0 UNX SVR TIER E INITIAL BAS S;EXP VCS ONE START 5.0 UNX SVR TIER E INITIAL BAS S;EXP VCS ONE START 5.0 UNX SVR TIER E INITIAL BAS S;EXP VCS ONE START 5.0 UNX SVR TIER E INITIAL BAS S;;;;79;;
1;3;2094;1;768,8115;625,05;REW VCS ONE START 5 UNX P SVR TIER E INITIAL ESS C;20083251;;REW VCS ONE START 5 UNX P SVR TIER E INITIAL ESS C;REW VCS ONE START 5 UNX P SVR TIER E INITIAL ESS C;REW VCS ONE START 5 UNX P SVR TIER E INITIAL ESS C;REW VCS ONE START 5 UNX P SVR TIER E INITIAL ESS C;;;;79;;
1;3;2094;1;3642,9771;2961,77;REW VCS ONE START 5 UNX P SVR TIER L INITIAL BAS A;20083257;;REW VCS ONE START 5 UNX P SVR TIER L INITIAL BAS A;REW VCS ONE START 5 UNX P SVR TIER L INITIAL BAS A;REW VCS ONE START 5 UNX P SVR TIER L INITIAL BAS A;REW VCS ONE START 5 UNX P SVR TIER L INITIAL BAS A;;;;79;;
1;3;2094;1;3369,7326;2739,62;REW VCS ONE START 5 UNX P SVR TIER L INITIAL BAS E;20083258;;REW VCS ONE START 5 UNX P SVR TIER L INITIAL BAS E;REW VCS ONE START 5 UNX P SVR TIER L INITIAL BAS E;REW VCS ONE START 5 UNX P SVR TIER L INITIAL BAS E;REW VCS ONE START 5 UNX P SVR TIER L INITIAL BAS E;;;;79;;
1;3;2094;1;3642,9771;2961,77;GOV VCS ONE START 5 UNX P SVR TIER L INITIAL BAS 1+;20083259;;GOV VCS ONE START 5 UNX P SVR TIER L INITIAL BAS 1+;GOV VCS ONE START 5 UNX P SVR TIER L INITIAL BAS 1+;GOV VCS ONE START 5 UNX P SVR TIER L INITIAL BAS 1+;GOV VCS ONE START 5 UNX P SVR TIER L INITIAL BAS 1+;;;;79;;
1;3;2094;1;4654,8981;3784,47;EXP VCS ONE START 5.0 UNX SVR TIER L INITIAL ESS S;20083260;;EXP VCS ONE START 5.0 UNX SVR TIER L INITIAL ESS S;EXP VCS ONE START 5.0 UNX SVR TIER L INITIAL ESS S;EXP VCS ONE START 5.0 UNX SVR TIER L INITIAL ESS S;EXP VCS ONE START 5.0 UNX SVR TIER L INITIAL ESS S;;;;79;;
1;3;2094;1;2779,2957;2259,59;REW VCS ONE START 5 UNX P SVR TIER J INITIAL ESS B;20083262;;REW VCS ONE START 5 UNX P SVR TIER J INITIAL ESS B;REW VCS ONE START 5 UNX P SVR TIER J INITIAL ESS B;REW VCS ONE START 5 UNX P SVR TIER J INITIAL ESS B;REW VCS ONE START 5 UNX P SVR TIER J INITIAL ESS B;;;;79;;
1;3;2094;1;2640,3549;2146,63;REW VCS ONE START 5 UNX P SVR TIER J INITIAL ESS C;20083263;;REW VCS ONE START 5 UNX P SVR TIER J INITIAL ESS C;REW VCS ONE START 5 UNX P SVR TIER J INITIAL ESS C;REW VCS ONE START 5 UNX P SVR TIER J INITIAL ESS C;REW VCS ONE START 5 UNX P SVR TIER J INITIAL ESS C;;;;79;;
1;3;2094;1;11303,085;9189,5;REW VCS ONE START 5.0 UNX P SVR TIER K STD LIC E;20083267;;REW VCS ONE START 5.0 UNX P SVR TIER K STD LIC E;REW VCS ONE START 5.0 UNX P SVR TIER K STD LIC E;REW VCS ONE START 5.0 UNX P SVR TIER K STD LIC E;REW VCS ONE START 5.0 UNX P SVR TIER K STD LIC E;;;;79;;
1;3;2094;1;2763,5763;2246,81;REW VCS ONE START 5 UNX P SVR TIER K INITIAL BAS D;20083269;;REW VCS ONE START 5 UNX P SVR TIER K INITIAL BAS D;REW VCS ONE START 5 UNX P SVR TIER K INITIAL BAS D;REW VCS ONE START 5 UNX P SVR TIER K INITIAL BAS D;REW VCS ONE START 5 UNX P SVR TIER K INITIAL BAS D;;;;79;;
1;3;2094;1;2690,871;2187,7;REW VCS ONE START 5 UNX P SVR TIER K INITIAL BAS E;20083270;;REW VCS ONE START 5 UNX P SVR TIER K INITIAL BAS E;REW VCS ONE START 5 UNX P SVR TIER K INITIAL BAS E;REW VCS ONE START 5 UNX P SVR TIER K INITIAL BAS E;REW VCS ONE START 5 UNX P SVR TIER K INITIAL BAS E;;;;79;;
1;3;2094;1;2909,0484;2365,08;EXP VCS ONE START 5.0 UNX SVR TIER K INITIAL BAS S;20083271;;EXP VCS ONE START 5.0 UNX SVR TIER K INITIAL BAS S;EXP VCS ONE START 5.0 UNX SVR TIER K INITIAL BAS S;EXP VCS ONE START 5.0 UNX SVR TIER K INITIAL BAS S;EXP VCS ONE START 5.0 UNX SVR TIER K INITIAL BAS S;;;;79;;
1;3;2094;1;3717,1092;3022,04;REW VCS ONE START 5 UNX P SVR TIER K INITIAL ESS B;20083272;;REW VCS ONE START 5 UNX P SVR TIER K INITIAL ESS B;REW VCS ONE START 5 UNX P SVR TIER K INITIAL ESS B;REW VCS ONE START 5 UNX P SVR TIER K INITIAL ESS B;REW VCS ONE START 5 UNX P SVR TIER K INITIAL ESS B;;;;79;;
1;3;2094;1;3531,2439;2870,93;REW VCS ONE START 5 UNX P SVR TIER K INITIAL ESS C;20083273;;REW VCS ONE START 5 UNX P SVR TIER K INITIAL ESS C;REW VCS ONE START 5 UNX P SVR TIER K INITIAL ESS C;REW VCS ONE START 5 UNX P SVR TIER K INITIAL ESS C;REW VCS ONE START 5 UNX P SVR TIER K INITIAL ESS C;;;;79;;
1;3;2094;1;4656,4971;3785,77;EXP VCS ONE START 5.0 UNX P SVR TIER F STD LIC S;20083277;;EXP VCS ONE START 5.0 UNX P SVR TIER F STD LIC S;EXP VCS ONE START 5.0 UNX P SVR TIER F STD LIC S;EXP VCS ONE START 5.0 UNX P SVR TIER F STD LIC S;EXP VCS ONE START 5.0 UNX P SVR TIER F STD LIC S;;;;79;;
1;3;2094;1;1108,5498;901,26;REW VCS ONE START 5 UNX P SVR TIER F INITIAL BAS A;20083278;;REW VCS ONE START 5 UNX P SVR TIER F INITIAL BAS A;REW VCS ONE START 5 UNX P SVR TIER F INITIAL BAS A;REW VCS ONE START 5 UNX P SVR TIER F INITIAL BAS A;REW VCS ONE START 5 UNX P SVR TIER F INITIAL BAS A;;;;79;;
1;3;2094;1;1416,468;1151,6;GOV VCS ONE START 5 UNX P SVR TIER F INITIAL ESS 1+;20083279;;GOV VCS ONE START 5 UNX P SVR TIER F INITIAL ESS 1+;GOV VCS ONE START 5 UNX P SVR TIER F INITIAL ESS 1+;GOV VCS ONE START 5 UNX P SVR TIER F INITIAL ESS 1+;GOV VCS ONE START 5 UNX P SVR TIER F INITIAL ESS 1+;;;;79;;
1;3;2094;1;6652,6149;5408,63;REW VCS ONE START 5.0 UNX P SVR TIER G STD LIC A;20083282;;REW VCS ONE START 5.0 UNX P SVR TIER G STD LIC A;REW VCS ONE START 5.0 UNX P SVR TIER G STD LIC A;REW VCS ONE START 5.0 UNX P SVR TIER G STD LIC A;REW VCS ONE START 5.0 UNX P SVR TIER G STD LIC A;;;;79;;
1;3;2094;1;6319,9614;5138,18;REW VCS ONE START 5.0 UNX P SVR TIER G STD LIC D;20083283;;REW VCS ONE START 5.0 UNX P SVR TIER G STD LIC D;REW VCS ONE START 5.0 UNX P SVR TIER G STD LIC D;REW VCS ONE START 5.0 UNX P SVR TIER G STD LIC D;REW VCS ONE START 5.0 UNX P SVR TIER G STD LIC D;;;;79;;
1;3;2094;1;2023,6698;1645,26;REW VCS ONE START 5 UNX P SVR TIER G INITIAL ESS A;20083284;;REW VCS ONE START 5 UNX P SVR TIER G INITIAL ESS A;REW VCS ONE START 5 UNX P SVR TIER G INITIAL ESS A;REW VCS ONE START 5 UNX P SVR TIER G INITIAL ESS A;REW VCS ONE START 5 UNX P SVR TIER G INITIAL ESS A;;;;79;;
1;3;2094;1;3717,1092;3022,04;AE VCS ONE START5.0 UNX P SVR TIER K INITIAL ESS S;20083286;;AE VCS ONE START5.0 UNX P SVR TIER K INITIAL ESS S;AE VCS ONE START5.0 UNX P SVR TIER K INITIAL ESS S;AE VCS ONE START5.0 UNX P SVR TIER K INITIAL ESS S;AE VCS ONE START5.0 UNX P SVR TIER K INITIAL ESS S;;;;79;;
1;3;2094;1;18629,2971;15145,77;REW VCS ONE START 5.0 UNX P SVR TIER M STD LIC B;20083291;;REW VCS ONE START 5.0 UNX P SVR TIER M STD LIC B;REW VCS ONE START 5.0 UNX P SVR TIER M STD LIC B;REW VCS ONE START 5.0 UNX P SVR TIER M STD LIC B;REW VCS ONE START 5.0 UNX P SVR TIER M STD LIC B;;;;79;;
1;3;2094;1;17697,8181;14388,47;REW VCS ONE START 5.0 UNX P SVR TIER M STD LIC C;20083292;;REW VCS ONE START 5.0 UNX P SVR TIER M STD LIC C;REW VCS ONE START 5.0 UNX P SVR TIER M STD LIC C;REW VCS ONE START 5.0 UNX P SVR TIER M STD LIC C;REW VCS ONE START 5.0 UNX P SVR TIER M STD LIC C;;;;79;;
1;3;2094;1;18629,2971;15145,77;GOV VCS ONE START 5.0 UNX P SVR TIER M STD LIC 1+;20083294;;GOV VCS ONE START 5.0 UNX P SVR TIER M STD LIC 1+;GOV VCS ONE START 5.0 UNX P SVR TIER M STD LIC 1+;GOV VCS ONE START 5.0 UNX P SVR TIER M STD LIC 1+;GOV VCS ONE START 5.0 UNX P SVR TIER M STD LIC 1+;;;;79;;
1;3;2094;1;4434,9864;3605,68;REW VCS ONE START 5 UNX P SVR TIER M INITIAL BAS A;20083295;;REW VCS ONE START 5 UNX P SVR TIER M INITIAL BAS A;REW VCS ONE START 5 UNX P SVR TIER M INITIAL BAS A;REW VCS ONE START 5 UNX P SVR TIER M INITIAL BAS A;REW VCS ONE START 5 UNX P SVR TIER M INITIAL BAS A;;;;79;;
1;3;2094;1;4213,2297;3425,39;REW VCS ONE START 5 UNX P SVR TIER M INITIAL BAS D;20083296;;REW VCS ONE START 5 UNX P SVR TIER M INITIAL BAS D;REW VCS ONE START 5 UNX P SVR TIER M INITIAL BAS D;REW VCS ONE START 5 UNX P SVR TIER M INITIAL BAS D;REW VCS ONE START 5 UNX P SVR TIER M INITIAL BAS D;;;;79;;
1;3;2094;1;4434,9864;3605,68;EXP VCS ONE START 5.0 UNX SVR TIER M INITIAL BAS S;20083297;;EXP VCS ONE START 5.0 UNX SVR TIER M INITIAL BAS S;EXP VCS ONE START 5.0 UNX SVR TIER M INITIAL BAS S;EXP VCS ONE START 5.0 UNX SVR TIER M INITIAL BAS S;EXP VCS ONE START 5.0 UNX SVR TIER M INITIAL BAS S;;;;79;;
1;3;2094;1;8316,0423;6761,01;AE VCS ONE START 5.0 UNX P SVR TIER H STD LIC S;20083298;;AE VCS ONE START 5.0 UNX P SVR TIER H STD LIC S;AE VCS ONE START 5.0 UNX P SVR TIER H STD LIC S;AE VCS ONE START 5.0 UNX P SVR TIER H STD LIC S;AE VCS ONE START 5.0 UNX P SVR TIER H STD LIC S;;;;79;;
1;3;2094;1;2175,1197;1768,39;REW VCS ONE START 5 UNX P SVR TIER J INITIAL BAS B;20083302;;REW VCS ONE START 5 UNX P SVR TIER J INITIAL BAS B;REW VCS ONE START 5 UNX P SVR TIER J INITIAL BAS B;REW VCS ONE START 5 UNX P SVR TIER J INITIAL BAS B;REW VCS ONE START 5 UNX P SVR TIER J INITIAL BAS B;;;;79;;
1;3;2094;1;2779,2957;2259,59;AE VCS ONE START5.0 UNX P SVR TIER J INITIAL ESS S;20083303;;AE VCS ONE START5.0 UNX P SVR TIER J INITIAL ESS S;AE VCS ONE START5.0 UNX P SVR TIER J INITIAL ESS S;AE VCS ONE START5.0 UNX P SVR TIER J INITIAL ESS S;AE VCS ONE START5.0 UNX P SVR TIER J INITIAL ESS S;;;;79;;
1;3;2094;1;12219,5457;9934,59;EXP VCS ONE START 5.0 UNX P SVR TIER K STD LIC S;20083306;;EXP VCS ONE START 5.0 UNX P SVR TIER K STD LIC S;EXP VCS ONE START 5.0 UNX P SVR TIER K STD LIC S;EXP VCS ONE START 5.0 UNX P SVR TIER K STD LIC S;EXP VCS ONE START 5.0 UNX P SVR TIER K STD LIC S;;;;79;;
1;3;2094;1;2909,0484;2365,08;REW VCS ONE START 5 UNX P SVR TIER K INITIAL BAS B;20083307;;REW VCS ONE START 5 UNX P SVR TIER K INITIAL BAS B;REW VCS ONE START 5 UNX P SVR TIER K INITIAL BAS B;REW VCS ONE START 5 UNX P SVR TIER K INITIAL BAS B;REW VCS ONE START 5 UNX P SVR TIER K INITIAL BAS B;;;;79;;
1;3;2094;1;26547,2622;21583,14;REW VCS ONE START 5.0 UNX P SVR TIER N STD LIC D;20083312;;REW VCS ONE START 5.0 UNX P SVR TIER N STD LIC D;REW VCS ONE START 5.0 UNX P SVR TIER N STD LIC D;REW VCS ONE START 5.0 UNX P SVR TIER N STD LIC D;REW VCS ONE START 5.0 UNX P SVR TIER N STD LIC D;;;;79;;
1;3;2094;1;27944,493;22719,1;AE VCS ONE START 5.0 UNX P SVR TIER N STD LIC S;20083313;;AE VCS ONE START 5.0 UNX P SVR TIER N STD LIC S;AE VCS ONE START 5.0 UNX P SVR TIER N STD LIC S;AE VCS ONE START 5.0 UNX P SVR TIER N STD LIC S;AE VCS ONE START 5.0 UNX P SVR TIER N STD LIC S;;;;79;;
1;3;2094;1;6652,6026;5408,62;GOV VCS ONE START 5 UNX P SVR TIER N INITIAL BAS 1+;20083315;;GOV VCS ONE START 5 UNX P SVR TIER N INITIAL BAS 1+;GOV VCS ONE START 5 UNX P SVR TIER N INITIAL BAS 1+;GOV VCS ONE START 5 UNX P SVR TIER N INITIAL BAS 1+;GOV VCS ONE START 5 UNX P SVR TIER N INITIAL BAS 1+;;;;79;;
1;3;2094;1;8075,5158;6565,46;REW VCS ONE START 5 UNX P SVR TIER N INITIAL ESS D;20083316;;REW VCS ONE START 5 UNX P SVR TIER N INITIAL ESS D;REW VCS ONE START 5 UNX P SVR TIER N INITIAL ESS D;REW VCS ONE START 5 UNX P SVR TIER N INITIAL ESS D;REW VCS ONE START 5 UNX P SVR TIER N INITIAL ESS D;;;;79;;
1;3;2094;1;378,2004;307,48;REW VCS ONE START 5.0 UNX P SVR TIER A STD LIC C;20083320;;REW VCS ONE START 5.0 UNX P SVR TIER A STD LIC C;REW VCS ONE START 5.0 UNX P SVR TIER A STD LIC C;REW VCS ONE START 5.0 UNX P SVR TIER A STD LIC C;REW VCS ONE START 5.0 UNX P SVR TIER A STD LIC C;;;;79;;
1;3;2094;1;94,7715;77,05;EXP VCS ONE START 5.0 UNX SVR TIER A INITIAL BAS S;20083321;;EXP VCS ONE START 5.0 UNX SVR TIER A INITIAL BAS S;EXP VCS ONE START 5.0 UNX SVR TIER A INITIAL BAS S;EXP VCS ONE START 5.0 UNX SVR TIER A INITIAL BAS S;EXP VCS ONE START 5.0 UNX SVR TIER A INITIAL BAS S;;;;79;;
1;3;2094;1;18629,2971;15145,77;AE VCS ONE START 5.0 UNX P SVR TIER M STD LIC S;20083324;;AE VCS ONE START 5.0 UNX P SVR TIER M STD LIC S;AE VCS ONE START 5.0 UNX P SVR TIER M STD LIC S;AE VCS ONE START 5.0 UNX P SVR TIER M STD LIC S;AE VCS ONE START 5.0 UNX P SVR TIER M STD LIC S;;;;79;;
1;3;2094;1;4434,9864;3605,68;GOV VCS ONE START 5 UNX P SVR TIER M INITIAL BAS 1+;20083325;;GOV VCS ONE START 5 UNX P SVR TIER M INITIAL BAS 1+;GOV VCS ONE START 5 UNX P SVR TIER M INITIAL BAS 1+;GOV VCS ONE START 5 UNX P SVR TIER M INITIAL BAS 1+;GOV VCS ONE START 5 UNX P SVR TIER M INITIAL BAS 1+;;;;79;;
1;3;2094;1;5383,5624;4376,88;REW VCS ONE START 5 UNX P SVR TIER M INITIAL ESS C;20083326;;REW VCS ONE START 5 UNX P SVR TIER M INITIAL ESS C;REW VCS ONE START 5 UNX P SVR TIER M INITIAL ESS C;REW VCS ONE START 5 UNX P SVR TIER M INITIAL ESS C;REW VCS ONE START 5 UNX P SVR TIER M INITIAL ESS C;;;;79;;
1;3;2094;1;5666,9052;4607,24;EXP VCS ONE START 5.0 UNX SVR TIER M INITIAL ESS S;20083327;;EXP VCS ONE START 5.0 UNX SVR TIER M INITIAL ESS S;EXP VCS ONE START 5.0 UNX SVR TIER M INITIAL ESS S;EXP VCS ONE START 5.0 UNX SVR TIER M INITIAL ESS S;EXP VCS ONE START 5.0 UNX SVR TIER M INITIAL ESS S;;;;79;;
1;3;2094;1;6652,6026;5408,62;REW VCS ONE START 5 UNX P SVR TIER N INITIAL BAS A;20083329;;REW VCS ONE START 5 UNX P SVR TIER N INITIAL BAS A;REW VCS ONE START 5 UNX P SVR TIER N INITIAL BAS A;REW VCS ONE START 5 UNX P SVR TIER N INITIAL BAS A;REW VCS ONE START 5 UNX P SVR TIER N INITIAL BAS A;;;;79;;
1;3;2094;1;6652,6026;5408,62;EXP VCS ONE START 5.0 UNX SVR TIER N INITIAL BAS S;20083330;;EXP VCS ONE START 5.0 UNX SVR TIER N INITIAL BAS S;EXP VCS ONE START 5.0 UNX SVR TIER N INITIAL BAS S;EXP VCS ONE START 5.0 UNX SVR TIER N INITIAL BAS S;EXP VCS ONE START 5.0 UNX SVR TIER N INITIAL BAS S;;;;79;;
1;3;2094;1;8500,53;6911;EXP VCS ONE START 5.0 UNX SVR TIER N INITIAL ESS S;20083331;;EXP VCS ONE START 5.0 UNX SVR TIER N INITIAL ESS S;EXP VCS ONE START 5.0 UNX SVR TIER N INITIAL ESS S;EXP VCS ONE START 5.0 UNX SVR TIER N INITIAL ESS S;EXP VCS ONE START 5.0 UNX SVR TIER N INITIAL ESS S;;;;79;;
1;3;2094;1;398,1264;323,68;REW VCS ONE START 5.0 UNX P SVR TIER A STD LIC A;20083332;;REW VCS ONE START 5.0 UNX P SVR TIER A STD LIC A;REW VCS ONE START 5.0 UNX P SVR TIER A STD LIC A;REW VCS ONE START 5.0 UNX P SVR TIER A STD LIC A;REW VCS ONE START 5.0 UNX P SVR TIER A STD LIC A;;;;79;;
1;3;2094;1;94,7715;77,05;REW VCS ONE START 5 UNX P SVR TIER A INITIAL BAS B;20083333;;REW VCS ONE START 5 UNX P SVR TIER A INITIAL BAS B;REW VCS ONE START 5 UNX P SVR TIER A INITIAL BAS B;REW VCS ONE START 5 UNX P SVR TIER A INITIAL BAS B;REW VCS ONE START 5 UNX P SVR TIER A INITIAL BAS B;;;;79;;
1;3;2094;1;121,1058;98,46;REW VCS ONE START 5 UNX P SVR TIER A INITIAL ESS A;20083334;;REW VCS ONE START 5 UNX P SVR TIER A INITIAL ESS A;REW VCS ONE START 5 UNX P SVR TIER A INITIAL ESS A;REW VCS ONE START 5 UNX P SVR TIER A INITIAL ESS A;REW VCS ONE START 5 UNX P SVR TIER A INITIAL ESS A;;;;79;;
1;3;2094;1;121,1058;98,46;AE VCS ONE START5.0 UNX P SVR TIER A INITIAL ESS S;20083335;;AE VCS ONE START5.0 UNX P SVR TIER A INITIAL ESS S;AE VCS ONE START5.0 UNX P SVR TIER A INITIAL ESS S;AE VCS ONE START5.0 UNX P SVR TIER A INITIAL ESS S;AE VCS ONE START5.0 UNX P SVR TIER A INITIAL ESS S;;;;79;;
1;3;2094;1;1063,4949;864,63;REW VCS ONE START 5.0 UNX P SVR TIER B STD LIC A;20083339;;REW VCS ONE START 5.0 UNX P SVR TIER B STD LIC A;REW VCS ONE START 5.0 UNX P SVR TIER B STD LIC A;REW VCS ONE START 5.0 UNX P SVR TIER B STD LIC A;REW VCS ONE START 5.0 UNX P SVR TIER B STD LIC A;;;;79;;
1;3;2094;1;253,1832;205,84;EXP VCS ONE START 5.0 UNX SVR TIER B INITIAL BAS S;20083340;;EXP VCS ONE START 5.0 UNX SVR TIER B INITIAL BAS S;EXP VCS ONE START 5.0 UNX SVR TIER B INITIAL BAS S;EXP VCS ONE START 5.0 UNX SVR TIER B INITIAL BAS S;EXP VCS ONE START 5.0 UNX SVR TIER B INITIAL BAS S;;;;79;;
1;3;2094;1;323,5023;263,01;AE VCS ONE START5.0 UNX P SVR TIER B INITIAL ESS S;20083342;;AE VCS ONE START5.0 UNX P SVR TIER B INITIAL ESS S;AE VCS ONE START5.0 UNX P SVR TIER B INITIAL ESS S;AE VCS ONE START5.0 UNX P SVR TIER B INITIAL ESS S;AE VCS ONE START5.0 UNX P SVR TIER B INITIAL ESS S;;;;79;;
1;3;2094;1;1861,9371;1513,77;REW VCS ONE START 5.0 UNX P SVR TIER C STD LIC B;20083343;;REW VCS ONE START 5.0 UNX P SVR TIER C STD LIC B;REW VCS ONE START 5.0 UNX P SVR TIER C STD LIC B;REW VCS ONE START 5.0 UNX P SVR TIER C STD LIC B;REW VCS ONE START 5.0 UNX P SVR TIER C STD LIC B;;;;79;;
1;3;2094;1;1722,2829;1400,23;REW VCS ONE START 5.0 UNX P SVR TIER C STD LIC E;20083344;;REW VCS ONE START 5.0 UNX P SVR TIER C STD LIC E;REW VCS ONE START 5.0 UNX P SVR TIER C STD LIC E;REW VCS ONE START 5.0 UNX P SVR TIER C STD LIC E;REW VCS ONE START 5.0 UNX P SVR TIER C STD LIC E;;;;79;;
1;3;2094;1;443,2674;360,38;EXP VCS ONE START 5.0 UNX SVR TIER C INITIAL BAS S;20083345;;EXP VCS ONE START 5.0 UNX SVR TIER C INITIAL BAS S;EXP VCS ONE START 5.0 UNX SVR TIER C INITIAL BAS S;EXP VCS ONE START 5.0 UNX SVR TIER C INITIAL BAS S;EXP VCS ONE START 5.0 UNX SVR TIER C INITIAL BAS S;;;;79;;
1;3;2094;1;90,036;73,2;REW VCS ONE START 5 UNX P SVR TIER A INITIAL BAS D;20083346;;REW VCS ONE START 5 UNX P SVR TIER A INITIAL BAS D;REW VCS ONE START 5 UNX P SVR TIER A INITIAL BAS D;REW VCS ONE START 5 UNX P SVR TIER A INITIAL BAS D;REW VCS ONE START 5 UNX P SVR TIER A INITIAL BAS D;;;;79;;
1;3;2094;1;1063,4949;864,63;REW VCS ONE START 5.0 UNX P SVR TIER B STD LIC B;20083351;;REW VCS ONE START 5.0 UNX P SVR TIER B STD LIC B;REW VCS ONE START 5.0 UNX P SVR TIER B STD LIC B;REW VCS ONE START 5.0 UNX P SVR TIER B STD LIC B;REW VCS ONE START 5.0 UNX P SVR TIER B STD LIC B;;;;79;;
1;3;2094;1;253,1832;205,84;REW VCS ONE START 5 UNX P SVR TIER B INITIAL BAS B;20083352;;REW VCS ONE START 5 UNX P SVR TIER B INITIAL BAS B;REW VCS ONE START 5 UNX P SVR TIER B INITIAL BAS B;REW VCS ONE START 5 UNX P SVR TIER B INITIAL BAS B;REW VCS ONE START 5 UNX P SVR TIER B INITIAL BAS B;;;;79;;
1;3;2094;1;234,1797;190,39;REW VCS ONE START 5 UNX P SVR TIER B INITIAL BAS E;20083353;;REW VCS ONE START 5 UNX P SVR TIER B INITIAL BAS E;REW VCS ONE START 5 UNX P SVR TIER B INITIAL BAS E;REW VCS ONE START 5 UNX P SVR TIER B INITIAL BAS E;REW VCS ONE START 5 UNX P SVR TIER B INITIAL BAS E;;;;79;;
1;3;2094;1;6652,6026;5408,62;REW VCS ONE START 5 UNX P SVR TIER N INITIAL BAS B;20083358;;REW VCS ONE START 5 UNX P SVR TIER N INITIAL BAS B;REW VCS ONE START 5 UNX P SVR TIER N INITIAL BAS B;REW VCS ONE START 5 UNX P SVR TIER N INITIAL BAS B;REW VCS ONE START 5 UNX P SVR TIER N INITIAL BAS B;;;;79;;
1;3;2094;1;6319,9614;5138,18;REW VCS ONE START 5 UNX P SVR TIER N INITIAL BAS C;20083359;;REW VCS ONE START 5 UNX P SVR TIER N INITIAL BAS C;REW VCS ONE START 5 UNX P SVR TIER N INITIAL BAS C;REW VCS ONE START 5 UNX P SVR TIER N INITIAL BAS C;REW VCS ONE START 5 UNX P SVR TIER N INITIAL BAS C;;;;79;;
1;3;2094;1;6319,9614;5138,18;REW VCS ONE START 5 UNX P SVR TIER N INITIAL BAS D;20083360;;REW VCS ONE START 5 UNX P SVR TIER N INITIAL BAS D;REW VCS ONE START 5 UNX P SVR TIER N INITIAL BAS D;REW VCS ONE START 5 UNX P SVR TIER N INITIAL BAS D;REW VCS ONE START 5 UNX P SVR TIER N INITIAL BAS D;;;;79;;
1;3;2094;1;8500,53;6911;AE VCS ONE START5.0 UNX P SVR TIER N INITIAL ESS S;20083361;;AE VCS ONE START5.0 UNX P SVR TIER N INITIAL ESS S;AE VCS ONE START5.0 UNX P SVR TIER N INITIAL ESS S;AE VCS ONE START5.0 UNX P SVR TIER N INITIAL ESS S;AE VCS ONE START5.0 UNX P SVR TIER N INITIAL ESS S;;;;79;;
1;3;2094;1;378,2004;307,48;REW VCS ONE START 5.0 UNX P SVR TIER A STD LIC D;20083363;;REW VCS ONE START 5.0 UNX P SVR TIER A STD LIC D;REW VCS ONE START 5.0 UNX P SVR TIER A STD LIC D;REW VCS ONE START 5.0 UNX P SVR TIER A STD LIC D;REW VCS ONE START 5.0 UNX P SVR TIER A STD LIC D;;;;79;;
1;3;2094;1;94,7715;77,05;GOV VCS ONE START 5 UNX P SVR TIER A INITIAL BAS 1+;20083365;;GOV VCS ONE START 5 UNX P SVR TIER A INITIAL BAS 1+;GOV VCS ONE START 5 UNX P SVR TIER A INITIAL BAS 1+;GOV VCS ONE START 5 UNX P SVR TIER A INITIAL BAS 1+;GOV VCS ONE START 5 UNX P SVR TIER A INITIAL BAS 1+;;;;79;;
1;3;2094;1;112,0161;91,07;REW VCS ONE START 5 UNX P SVR TIER A INITIAL ESS E;20083366;;REW VCS ONE START 5 UNX P SVR TIER A INITIAL ESS E;REW VCS ONE START 5 UNX P SVR TIER A INITIAL ESS E;REW VCS ONE START 5 UNX P SVR TIER A INITIAL ESS E;REW VCS ONE START 5 UNX P SVR TIER A INITIAL ESS E;;;;79;;
1;3;2094;1;1063,4949;864,63;EXP VCS ONE START 5.0 UNX P SVR TIER B STD LIC S;20083368;;EXP VCS ONE START 5.0 UNX P SVR TIER B STD LIC S;EXP VCS ONE START 5.0 UNX P SVR TIER B STD LIC S;EXP VCS ONE START 5.0 UNX P SVR TIER B STD LIC S;EXP VCS ONE START 5.0 UNX P SVR TIER B STD LIC S;;;;79;;
1;3;2094;1;253,1832;205,84;REW VCS ONE START 5 UNX P SVR TIER B INITIAL BAS A;20083369;;REW VCS ONE START 5 UNX P SVR TIER B INITIAL BAS A;REW VCS ONE START 5 UNX P SVR TIER B INITIAL BAS A;REW VCS ONE START 5 UNX P SVR TIER B INITIAL BAS A;REW VCS ONE START 5 UNX P SVR TIER B INITIAL BAS A;;;;79;;
1;3;2094;1;1329,6423;1081,01;EXP VCS ONE START 5.0 UNX P CPU TIER 3 STD LIC S;20084035;;EXP VCS ONE START 5.0 UNX P CPU TIER 3 STD LIC S;EXP VCS ONE START 5.0 UNX P CPU TIER 3 STD LIC S;EXP VCS ONE START 5.0 UNX P CPU TIER 3 STD LIC S;EXP VCS ONE START 5.0 UNX P CPU TIER 3 STD LIC S;;;;79;;
1;3;2094;1;292,7892;238,04;REW VCS ONE START 5.0 UNX P CPU TIER3 INITIAL BAS E;20084036;;REW VCS ONE START 5.0 UNX P CPU TIER3 INITIAL BAS E;REW VCS ONE START 5.0 UNX P CPU TIER3 INITIAL BAS E;REW VCS ONE START 5.0 UNX P CPU TIER3 INITIAL BAS E;REW VCS ONE START 5.0 UNX P CPU TIER3 INITIAL BAS E;;;;79;;
1;3;2094;1;316,5405;257,35;EXP VCS ONE START 5.0 UNX P CPU TIER3 INITIAL BAS S;20084037;;EXP VCS ONE START 5.0 UNX P CPU TIER3 INITIAL BAS S;EXP VCS ONE START 5.0 UNX P CPU TIER3 INITIAL BAS S;EXP VCS ONE START 5.0 UNX P CPU TIER3 INITIAL BAS S;EXP VCS ONE START 5.0 UNX P CPU TIER3 INITIAL BAS S;;;;79;;
1;3;2094;1;404,4609;328,83;EXP VCS ONE START 5.0 UNX P CPU TIER3 INITIAL ESS S;20084038;;EXP VCS ONE START 5.0 UNX P CPU TIER3 INITIAL ESS S;EXP VCS ONE START 5.0 UNX P CPU TIER3 INITIAL ESS S;EXP VCS ONE START 5.0 UNX P CPU TIER3 INITIAL ESS S;EXP VCS ONE START 5.0 UNX P CPU TIER3 INITIAL ESS S;;;;79;;
1;3;2094;1;173,9835;141,45;REW VCS ONE START 5.0 UNX P CPU TIER2 INITIAL BAS A;20084053;;REW VCS ONE START 5.0 UNX P CPU TIER2 INITIAL BAS A;REW VCS ONE START 5.0 UNX P CPU TIER2 INITIAL BAS A;REW VCS ONE START 5.0 UNX P CPU TIER2 INITIAL BAS A;REW VCS ONE START 5.0 UNX P CPU TIER2 INITIAL BAS A;;;;79;;
1;3;2094;1;222,3102;180,74;REW VCS ONE START 5.0 UNX P CPU TIER2 INITIAL ESS B;20084055;;REW VCS ONE START 5.0 UNX P CPU TIER2 INITIAL ESS B;REW VCS ONE START 5.0 UNX P CPU TIER2 INITIAL ESS B;REW VCS ONE START 5.0 UNX P CPU TIER2 INITIAL ESS B;REW VCS ONE START 5.0 UNX P CPU TIER2 INITIAL ESS B;;;;79;;
1;3;2094;1;222,3102;180,74;EXP VCS ONE START 5.0 UNX P CPU TIER2 INITIAL ESS S;20084056;;EXP VCS ONE START 5.0 UNX P CPU TIER2 INITIAL ESS S;EXP VCS ONE START 5.0 UNX P CPU TIER2 INITIAL ESS S;EXP VCS ONE START 5.0 UNX P CPU TIER2 INITIAL ESS S;EXP VCS ONE START 5.0 UNX P CPU TIER2 INITIAL ESS S;;;;79;;
1;3;2094;1;1329,6423;1081,01;GOV VCS ONE START 5.0 UNX P CPU TIER 3 STD LIC 1+;20084068;;GOV VCS ONE START 5.0 UNX P CPU TIER 3 STD LIC 1+;GOV VCS ONE START 5.0 UNX P CPU TIER 3 STD LIC 1+;GOV VCS ONE START 5.0 UNX P CPU TIER 3 STD LIC 1+;GOV VCS ONE START 5.0 UNX P CPU TIER 3 STD LIC 1+;;;;79;;
1;3;2094;1;300,7227;244,49;REW VCS ONE START 5.0 UNX P CPU TIER3 INITIAL BAS D;20084069;;REW VCS ONE START 5.0 UNX P CPU TIER3 INITIAL BAS D;REW VCS ONE START 5.0 UNX P CPU TIER3 INITIAL BAS D;REW VCS ONE START 5.0 UNX P CPU TIER3 INITIAL BAS D;REW VCS ONE START 5.0 UNX P CPU TIER3 INITIAL BAS D;;;;79;;
1;3;2094;1;374,1414;304,18;REW VCS ONE START 5.0 UNX P CPU TIER3 INITIAL ESS E;20084070;;REW VCS ONE START 5.0 UNX P CPU TIER3 INITIAL ESS E;REW VCS ONE START 5.0 UNX P CPU TIER3 INITIAL ESS E;REW VCS ONE START 5.0 UNX P CPU TIER3 INITIAL ESS E;REW VCS ONE START 5.0 UNX P CPU TIER3 INITIAL ESS E;;;;79;;
1;3;2094;1;404,4609;328,83;GOV VCS ONE START 5 UNX P CPU TIER 3 INITIAL ESS 1+;20084071;;GOV VCS ONE START 5 UNX P CPU TIER 3 INITIAL ESS 1+;GOV VCS ONE START 5 UNX P CPU TIER 3 INITIAL ESS 1+;GOV VCS ONE START 5 UNX P CPU TIER 3 INITIAL ESS 1+;GOV VCS ONE START 5 UNX P CPU TIER 3 INITIAL ESS 1+;;;;79;;
1;3;2094;1;100,0605;81,35;EXP VCS ONE START 5.0 UNX P CPU TIER1 INITIAL BAS S;20084076;;EXP VCS ONE START 5.0 UNX P CPU TIER1 INITIAL BAS S;EXP VCS ONE START 5.0 UNX P CPU TIER1 INITIAL BAS S;EXP VCS ONE START 5.0 UNX P CPU TIER1 INITIAL BAS S;EXP VCS ONE START 5.0 UNX P CPU TIER1 INITIAL BAS S;;;;79;;
1;3;2094;1;100,0605;81,35;AE VCS ONE START 5.0 UNX P CPU TIER1 INITIAL BAS S;20084077;;AE VCS ONE START 5.0 UNX P CPU TIER1 INITIAL BAS S;AE VCS ONE START 5.0 UNX P CPU TIER1 INITIAL BAS S;AE VCS ONE START 5.0 UNX P CPU TIER1 INITIAL BAS S;AE VCS ONE START 5.0 UNX P CPU TIER1 INITIAL BAS S;;;;79;;
1;3;2094;1;121,4502;98,74;REW VCS ONE START 5.0 UNX P CPU TIER1 INITIAL ESS C;20084078;;REW VCS ONE START 5.0 UNX P CPU TIER1 INITIAL ESS C;REW VCS ONE START 5.0 UNX P CPU TIER1 INITIAL ESS C;REW VCS ONE START 5.0 UNX P CPU TIER1 INITIAL ESS C;REW VCS ONE START 5.0 UNX P CPU TIER1 INITIAL ESS C;;;;79;;
1;3;2094;1;694,2612;564,44;REW VCS ONE START 5.0 UNX P CPU TIER 2 STD LIC D;20084088;;REW VCS ONE START 5.0 UNX P CPU TIER 2 STD LIC D;REW VCS ONE START 5.0 UNX P CPU TIER 2 STD LIC D;REW VCS ONE START 5.0 UNX P CPU TIER 2 STD LIC D;REW VCS ONE START 5.0 UNX P CPU TIER 2 STD LIC D;;;;79;;
1;3;2094;1;730,8045;594,15;GOV VCS ONE START 5.0 UNX P CPU TIER 2 STD LIC 1+;20084089;;GOV VCS ONE START 5.0 UNX P CPU TIER 2 STD LIC 1+;GOV VCS ONE START 5.0 UNX P CPU TIER 2 STD LIC 1+;GOV VCS ONE START 5.0 UNX P CPU TIER 2 STD LIC 1+;GOV VCS ONE START 5.0 UNX P CPU TIER 2 STD LIC 1+;;;;79;;
1;3;2094;1;730,8045;594,15;EXP VCS ONE START 5.0 UNX P CPU TIER 2 STD LIC S;20084090;;EXP VCS ONE START 5.0 UNX P CPU TIER 2 STD LIC S;EXP VCS ONE START 5.0 UNX P CPU TIER 2 STD LIC S;EXP VCS ONE START 5.0 UNX P CPU TIER 2 STD LIC S;EXP VCS ONE START 5.0 UNX P CPU TIER 2 STD LIC S;;;;79;;
1;3;2094;1;173,9835;141,45;REW VCS ONE START 5.0 UNX P CPU TIER2 INITIAL BAS B;20084091;;REW VCS ONE START 5.0 UNX P CPU TIER2 INITIAL BAS B;REW VCS ONE START 5.0 UNX P CPU TIER2 INITIAL BAS B;REW VCS ONE START 5.0 UNX P CPU TIER2 INITIAL BAS B;REW VCS ONE START 5.0 UNX P CPU TIER2 INITIAL BAS B;;;;79;;
1;3;2094;1;173,9835;141,45;GOV VCS ONE START 5 UNX P CPU TIER 2 INITIAL BAS 1+;20084092;;GOV VCS ONE START 5 UNX P CPU TIER 2 INITIAL BAS 1+;GOV VCS ONE START 5 UNX P CPU TIER 2 INITIAL BAS 1+;GOV VCS ONE START 5 UNX P CPU TIER 2 INITIAL BAS 1+;GOV VCS ONE START 5 UNX P CPU TIER 2 INITIAL BAS 1+;;;;79;;
1;3;2094;1;1329,6423;1081,01;REW VCS ONE START 5.0 UNX P CPU TIER 3 STD LIC B;20084098;;REW VCS ONE START 5.0 UNX P CPU TIER 3 STD LIC B;REW VCS ONE START 5.0 UNX P CPU TIER 3 STD LIC B;REW VCS ONE START 5.0 UNX P CPU TIER 3 STD LIC B;REW VCS ONE START 5.0 UNX P CPU TIER 3 STD LIC B;;;;79;;
1;3;2094;1;316,5405;257,35;REW VCS ONE START 5.0 UNX P CPU TIER3 INITIAL BAS A;20084099;;REW VCS ONE START 5.0 UNX P CPU TIER3 INITIAL BAS A;REW VCS ONE START 5.0 UNX P CPU TIER3 INITIAL BAS A;REW VCS ONE START 5.0 UNX P CPU TIER3 INITIAL BAS A;REW VCS ONE START 5.0 UNX P CPU TIER3 INITIAL BAS A;;;;79;;
1;3;2094;1;316,5405;257,35;GOV VCS ONE START 5 UNX P CPU TIER 3 INITIAL BAS 1+;20084100;;GOV VCS ONE START 5 UNX P CPU TIER 3 INITIAL BAS 1+;GOV VCS ONE START 5 UNX P CPU TIER 3 INITIAL BAS 1+;GOV VCS ONE START 5 UNX P CPU TIER 3 INITIAL BAS 1+;GOV VCS ONE START 5 UNX P CPU TIER 3 INITIAL BAS 1+;;;;79;;
1;3;2094;1;388,7784;316,08;REW VCS ONE START 5.0 UNX P CPU TIER 1 STD LIC E;20084108;;REW VCS ONE START 5.0 UNX P CPU TIER 1 STD LIC E;REW VCS ONE START 5.0 UNX P CPU TIER 1 STD LIC E;REW VCS ONE START 5.0 UNX P CPU TIER 1 STD LIC E;REW VCS ONE START 5.0 UNX P CPU TIER 1 STD LIC E;;;;79;;
1;3;2094;1;420,3033;341,71;EXP VCS ONE START 5.0 UNX P CPU TIER 1 STD LIC S;20084110;;EXP VCS ONE START 5.0 UNX P CPU TIER 1 STD LIC S;EXP VCS ONE START 5.0 UNX P CPU TIER 1 STD LIC S;EXP VCS ONE START 5.0 UNX P CPU TIER 1 STD LIC S;EXP VCS ONE START 5.0 UNX P CPU TIER 1 STD LIC S;;;;79;;
1;3;2094;1;100,0605;81,35;REW VCS ONE START 5.0 UNX P CPU TIER1 INITIAL BAS A;20084111;;REW VCS ONE START 5.0 UNX P CPU TIER1 INITIAL BAS A;REW VCS ONE START 5.0 UNX P CPU TIER1 INITIAL BAS A;REW VCS ONE START 5.0 UNX P CPU TIER1 INITIAL BAS A;REW VCS ONE START 5.0 UNX P CPU TIER1 INITIAL BAS A;;;;79;;
1;3;2094;1;100,0605;81,35;REW VCS ONE START 5.0 UNX P CPU TIER1 INITIAL BAS B;20084112;;REW VCS ONE START 5.0 UNX P CPU TIER1 INITIAL BAS B;REW VCS ONE START 5.0 UNX P CPU TIER1 INITIAL BAS B;REW VCS ONE START 5.0 UNX P CPU TIER1 INITIAL BAS B;REW VCS ONE START 5.0 UNX P CPU TIER1 INITIAL BAS B;;;;79;;
1;3;2094;1;95,0544;77,28;REW VCS ONE START 5.0 UNX P CPU TIER1 INITIAL BAS C;20084113;;REW VCS ONE START 5.0 UNX P CPU TIER1 INITIAL BAS C;REW VCS ONE START 5.0 UNX P CPU TIER1 INITIAL BAS C;REW VCS ONE START 5.0 UNX P CPU TIER1 INITIAL BAS C;REW VCS ONE START 5.0 UNX P CPU TIER1 INITIAL BAS C;;;;79;;
1;3;2094;1;92,5575;75,25;REW VCS ONE START 5.0 UNX P CPU TIER1 INITIAL BAS E;20084114;;REW VCS ONE START 5.0 UNX P CPU TIER1 INITIAL BAS E;REW VCS ONE START 5.0 UNX P CPU TIER1 INITIAL BAS E;REW VCS ONE START 5.0 UNX P CPU TIER1 INITIAL BAS E;REW VCS ONE START 5.0 UNX P CPU TIER1 INITIAL BAS E;;;;79;;
1;3;2094;1;127,8462;103,94;REW VCS ONE START 5.0 UNX P CPU TIER1 INITIAL ESS B;20084115;;REW VCS ONE START 5.0 UNX P CPU TIER1 INITIAL ESS B;REW VCS ONE START 5.0 UNX P CPU TIER1 INITIAL ESS B;REW VCS ONE START 5.0 UNX P CPU TIER1 INITIAL ESS B;REW VCS ONE START 5.0 UNX P CPU TIER1 INITIAL ESS B;;;;79;;
1;3;2094;1;118,2645;96,15;REW VCS ONE START 5.0 UNX P CPU TIER1 INITIAL ESS E;20084116;;REW VCS ONE START 5.0 UNX P CPU TIER1 INITIAL ESS E;REW VCS ONE START 5.0 UNX P CPU TIER1 INITIAL ESS E;REW VCS ONE START 5.0 UNX P CPU TIER1 INITIAL ESS E;REW VCS ONE START 5.0 UNX P CPU TIER1 INITIAL ESS E;;;;79;;
1;3;2094;1;127,8462;103,94;EXP VCS ONE START 5.0 UNX P CPU TIER1 INITIAL ESS S;20084124;;EXP VCS ONE START 5.0 UNX P CPU TIER1 INITIAL ESS S;EXP VCS ONE START 5.0 UNX P CPU TIER1 INITIAL ESS S;EXP VCS ONE START 5.0 UNX P CPU TIER1 INITIAL ESS S;EXP VCS ONE START 5.0 UNX P CPU TIER1 INITIAL ESS S;;;;79;;
1;3;2094;1;420,3033;341,71;REW VCS ONE START 5.0 UNX P CPU TIER 1 STD LIC A;20084141;;REW VCS ONE START 5.0 UNX P CPU TIER 1 STD LIC A;REW VCS ONE START 5.0 UNX P CPU TIER 1 STD LIC A;REW VCS ONE START 5.0 UNX P CPU TIER 1 STD LIC A;REW VCS ONE START 5.0 UNX P CPU TIER 1 STD LIC A;;;;79;;
1;3;2094;1;420,3033;341,71;GOV VCS ONE START 5.0 UNX P CPU TIER 1 STD LIC 1+;20084142;;GOV VCS ONE START 5.0 UNX P CPU TIER 1 STD LIC 1+;GOV VCS ONE START 5.0 UNX P CPU TIER 1 STD LIC 1+;GOV VCS ONE START 5.0 UNX P CPU TIER 1 STD LIC 1+;GOV VCS ONE START 5.0 UNX P CPU TIER 1 STD LIC 1+;;;;79;;
1;3;2094;1;420,3033;341,71;AE VCS ONE START 5.0 UNX P CPU TIER 1 STD LIC S;20084143;;AE VCS ONE START 5.0 UNX P CPU TIER 1 STD LIC S;AE VCS ONE START 5.0 UNX P CPU TIER 1 STD LIC S;AE VCS ONE START 5.0 UNX P CPU TIER 1 STD LIC S;AE VCS ONE START 5.0 UNX P CPU TIER 1 STD LIC S;;;;79;;
1;3;2094;1;100,0605;81,35;GOV VCS ONE START 5 UNX P CPU TIER 1 INITIAL BAS 1+;20084144;;GOV VCS ONE START 5 UNX P CPU TIER 1 INITIAL BAS 1+;GOV VCS ONE START 5 UNX P CPU TIER 1 INITIAL BAS 1+;GOV VCS ONE START 5 UNX P CPU TIER 1 INITIAL BAS 1+;GOV VCS ONE START 5 UNX P CPU TIER 1 INITIAL BAS 1+;;;;79;;
1;3;2094;1;730,8045;594,15;AE VCS ONE START 5.0 UNX P CPU TIER 2 STD LIC S;20084151;;AE VCS ONE START 5.0 UNX P CPU TIER 2 STD LIC S;AE VCS ONE START 5.0 UNX P CPU TIER 2 STD LIC S;AE VCS ONE START 5.0 UNX P CPU TIER 2 STD LIC S;AE VCS ONE START 5.0 UNX P CPU TIER 2 STD LIC S;;;;79;;
1;3;2094;1;211,191;171,7;REW VCS ONE START 5.0 UNX P CPU TIER2 INITIAL ESS D;20084152;;REW VCS ONE START 5.0 UNX P CPU TIER2 INITIAL ESS D;REW VCS ONE START 5.0 UNX P CPU TIER2 INITIAL ESS D;REW VCS ONE START 5.0 UNX P CPU TIER2 INITIAL ESS D;REW VCS ONE START 5.0 UNX P CPU TIER2 INITIAL ESS D;;;;79;;
1;3;2094;1;675,9957;549,59;REW VCS ONE START 5.0 UNX P CPU TIER 2 STD LIC E;20084165;;REW VCS ONE START 5.0 UNX P CPU TIER 2 STD LIC E;REW VCS ONE START 5.0 UNX P CPU TIER 2 STD LIC E;REW VCS ONE START 5.0 UNX P CPU TIER 2 STD LIC E;REW VCS ONE START 5.0 UNX P CPU TIER 2 STD LIC E;;;;79;;
1;3;2094;1;165,2874;134,38;REW VCS ONE START 5.0 UNX P CPU TIER2 INITIAL BAS C;20084166;;REW VCS ONE START 5.0 UNX P CPU TIER2 INITIAL BAS C;REW VCS ONE START 5.0 UNX P CPU TIER2 INITIAL BAS C;REW VCS ONE START 5.0 UNX P CPU TIER2 INITIAL BAS C;REW VCS ONE START 5.0 UNX P CPU TIER2 INITIAL BAS C;;;;79;;
1;3;2094;1;173,9835;141,45;EXP VCS ONE START 5.0 UNX P CPU TIER2 INITIAL BAS S;20084167;;EXP VCS ONE START 5.0 UNX P CPU TIER2 INITIAL BAS S;EXP VCS ONE START 5.0 UNX P CPU TIER2 INITIAL BAS S;EXP VCS ONE START 5.0 UNX P CPU TIER2 INITIAL BAS S;EXP VCS ONE START 5.0 UNX P CPU TIER2 INITIAL BAS S;;;;79;;
1;3;2094;1;173,9835;141,45;AE VCS ONE START 5.0 UNX P CPU TIER2 INITIAL BAS S;20084168;;AE VCS ONE START 5.0 UNX P CPU TIER2 INITIAL BAS S;AE VCS ONE START 5.0 UNX P CPU TIER2 INITIAL BAS S;AE VCS ONE START 5.0 UNX P CPU TIER2 INITIAL BAS S;AE VCS ONE START 5.0 UNX P CPU TIER2 INITIAL BAS S;;;;79;;
1;3;2094;1;1329,6423;1081,01;AE VCS ONE START 5.0 UNX P CPU TIER 3 STD LIC S;20084174;;AE VCS ONE START 5.0 UNX P CPU TIER 3 STD LIC S;AE VCS ONE START 5.0 UNX P CPU TIER 3 STD LIC S;AE VCS ONE START 5.0 UNX P CPU TIER 3 STD LIC S;AE VCS ONE START 5.0 UNX P CPU TIER 3 STD LIC S;;;;79;;
1;3;2094;1;404,4609;328,83;REW VCS ONE START 5.0 UNX P CPU TIER3 INITIAL ESS A;20084176;;REW VCS ONE START 5.0 UNX P CPU TIER3 INITIAL ESS A;REW VCS ONE START 5.0 UNX P CPU TIER3 INITIAL ESS A;REW VCS ONE START 5.0 UNX P CPU TIER3 INITIAL ESS A;REW VCS ONE START 5.0 UNX P CPU TIER3 INITIAL ESS A;;;;79;;
1;3;2094;1;420,3033;341,71;REW VCS ONE START 5.0 UNX P CPU TIER 1 STD LIC B;20084187;;REW VCS ONE START 5.0 UNX P CPU TIER 1 STD LIC B;REW VCS ONE START 5.0 UNX P CPU TIER 1 STD LIC B;REW VCS ONE START 5.0 UNX P CPU TIER 1 STD LIC B;REW VCS ONE START 5.0 UNX P CPU TIER 1 STD LIC B;;;;79;;
1;3;2094;1;127,8462;103,94;AE VCS ONE START 5.0 UNX P CPU TIER1 INITIAL ESS S;20084188;;AE VCS ONE START 5.0 UNX P CPU TIER1 INITIAL ESS S;AE VCS ONE START 5.0 UNX P CPU TIER1 INITIAL ESS S;AE VCS ONE START 5.0 UNX P CPU TIER1 INITIAL ESS S;AE VCS ONE START 5.0 UNX P CPU TIER1 INITIAL ESS S;;;;79;;
1;3;2094;1;222,3102;180,74;REW VCS ONE START 5.0 UNX P CPU TIER2 INITIAL ESS A;20084196;;REW VCS ONE START 5.0 UNX P CPU TIER2 INITIAL ESS A;REW VCS ONE START 5.0 UNX P CPU TIER2 INITIAL ESS A;REW VCS ONE START 5.0 UNX P CPU TIER2 INITIAL ESS A;REW VCS ONE START 5.0 UNX P CPU TIER2 INITIAL ESS A;;;;79;;
1;3;2094;1;211,191;171,7;REW VCS ONE START 5.0 UNX P CPU TIER2 INITIAL ESS C;20084197;;REW VCS ONE START 5.0 UNX P CPU TIER2 INITIAL ESS C;REW VCS ONE START 5.0 UNX P CPU TIER2 INITIAL ESS C;REW VCS ONE START 5.0 UNX P CPU TIER2 INITIAL ESS C;REW VCS ONE START 5.0 UNX P CPU TIER2 INITIAL ESS C;;;;79;;
1;3;2094;1;1263,1362;1026,94;REW VCS ONE START 5.0 UNX P CPU TIER 3 STD LIC D;20084203;;REW VCS ONE START 5.0 UNX P CPU TIER 3 STD LIC D;REW VCS ONE START 5.0 UNX P CPU TIER 3 STD LIC D;REW VCS ONE START 5.0 UNX P CPU TIER 3 STD LIC D;REW VCS ONE START 5.0 UNX P CPU TIER 3 STD LIC D;;;;79;;
1;3;2094;1;404,4609;328,83;REW VCS ONE START 5.0 UNX P CPU TIER3 INITIAL ESS B;20084204;;REW VCS ONE START 5.0 UNX P CPU TIER3 INITIAL ESS B;REW VCS ONE START 5.0 UNX P CPU TIER3 INITIAL ESS B;REW VCS ONE START 5.0 UNX P CPU TIER3 INITIAL ESS B;REW VCS ONE START 5.0 UNX P CPU TIER3 INITIAL ESS B;;;;79;;
1;3;2094;1;404,4609;328,83;AE VCS ONE START 5.0 UNX P CPU TIER3 INITIAL ESS S;20084205;;AE VCS ONE START 5.0 UNX P CPU TIER3 INITIAL ESS S;AE VCS ONE START 5.0 UNX P CPU TIER3 INITIAL ESS S;AE VCS ONE START 5.0 UNX P CPU TIER3 INITIAL ESS S;AE VCS ONE START 5.0 UNX P CPU TIER3 INITIAL ESS S;;;;79;;
1;3;2094;1;399,2826;324,62;REW VCS ONE START 5.0 UNX P CPU TIER 1 STD LIC C;20084212;;REW VCS ONE START 5.0 UNX P CPU TIER 1 STD LIC C;REW VCS ONE START 5.0 UNX P CPU TIER 1 STD LIC C;REW VCS ONE START 5.0 UNX P CPU TIER 1 STD LIC C;REW VCS ONE START 5.0 UNX P CPU TIER 1 STD LIC C;;;;79;;
1;3;2094;1;399,2826;324,62;REW VCS ONE START 5.0 UNX P CPU TIER 1 STD LIC D;20084213;;REW VCS ONE START 5.0 UNX P CPU TIER 1 STD LIC D;REW VCS ONE START 5.0 UNX P CPU TIER 1 STD LIC D;REW VCS ONE START 5.0 UNX P CPU TIER 1 STD LIC D;REW VCS ONE START 5.0 UNX P CPU TIER 1 STD LIC D;;;;79;;
1;3;2094;1;95,0544;77,28;REW VCS ONE START 5.0 UNX P CPU TIER1 INITIAL BAS D;20084214;;REW VCS ONE START 5.0 UNX P CPU TIER1 INITIAL BAS D;REW VCS ONE START 5.0 UNX P CPU TIER1 INITIAL BAS D;REW VCS ONE START 5.0 UNX P CPU TIER1 INITIAL BAS D;REW VCS ONE START 5.0 UNX P CPU TIER1 INITIAL BAS D;;;;79;;
1;3;2094;1;160,9209;130,83;REW VCS ONE START 5.0 UNX P CPU TIER2 INITIAL BAS E;20084221;;REW VCS ONE START 5.0 UNX P CPU TIER2 INITIAL BAS E;REW VCS ONE START 5.0 UNX P CPU TIER2 INITIAL BAS E;REW VCS ONE START 5.0 UNX P CPU TIER2 INITIAL BAS E;REW VCS ONE START 5.0 UNX P CPU TIER2 INITIAL BAS E;;;;79;;
1;3;2094;1;1229,9139;999,93;REW VCS ONE START 5.0 UNX P CPU TIER 3 STD LIC E;20084224;;REW VCS ONE START 5.0 UNX P CPU TIER 3 STD LIC E;REW VCS ONE START 5.0 UNX P CPU TIER 3 STD LIC E;REW VCS ONE START 5.0 UNX P CPU TIER 3 STD LIC E;REW VCS ONE START 5.0 UNX P CPU TIER 3 STD LIC E;;;;79;;
1;3;2094;1;222,3102;180,74;GOV VCS ONE START 5 UNX P CPU TIER 2 INITIAL ESS 1+;20084226;;GOV VCS ONE START 5 UNX P CPU TIER 2 INITIAL ESS 1+;GOV VCS ONE START 5 UNX P CPU TIER 2 INITIAL ESS 1+;GOV VCS ONE START 5 UNX P CPU TIER 2 INITIAL ESS 1+;GOV VCS ONE START 5 UNX P CPU TIER 2 INITIAL ESS 1+;;;;79;;
1;3;2094;1;1329,6423;1081,01;REW VCS ONE START 5.0 UNX P CPU TIER 3 STD LIC A;20084237;;REW VCS ONE START 5.0 UNX P CPU TIER 3 STD LIC A;REW VCS ONE START 5.0 UNX P CPU TIER 3 STD LIC A;REW VCS ONE START 5.0 UNX P CPU TIER 3 STD LIC A;REW VCS ONE START 5.0 UNX P CPU TIER 3 STD LIC A;;;;79;;
1;3;2094;1;121,4502;98,74;REW VCS ONE START 5.0 UNX P CPU TIER1 INITIAL ESS D;20084248;;REW VCS ONE START 5.0 UNX P CPU TIER1 INITIAL ESS D;REW VCS ONE START 5.0 UNX P CPU TIER1 INITIAL ESS D;REW VCS ONE START 5.0 UNX P CPU TIER1 INITIAL ESS D;REW VCS ONE START 5.0 UNX P CPU TIER1 INITIAL ESS D;;;;79;;
1;3;2094;1;1263,1362;1026,94;REW VCS ONE START 5.0 UNX P CPU TIER 3 STD LIC C;20084250;;REW VCS ONE START 5.0 UNX P CPU TIER 3 STD LIC C;REW VCS ONE START 5.0 UNX P CPU TIER 3 STD LIC C;REW VCS ONE START 5.0 UNX P CPU TIER 3 STD LIC C;REW VCS ONE START 5.0 UNX P CPU TIER 3 STD LIC C;;;;79;;
1;3;2094;1;300,7227;244,49;REW VCS ONE START 5.0 UNX P CPU TIER3 INITIAL BAS C;20084251;;REW VCS ONE START 5.0 UNX P CPU TIER3 INITIAL BAS C;REW VCS ONE START 5.0 UNX P CPU TIER3 INITIAL BAS C;REW VCS ONE START 5.0 UNX P CPU TIER3 INITIAL BAS C;REW VCS ONE START 5.0 UNX P CPU TIER3 INITIAL BAS C;;;;79;;
1;3;2094;1;127,8462;103,94;REW VCS ONE START 5.0 UNX P CPU TIER1 INITIAL ESS A;20084261;;REW VCS ONE START 5.0 UNX P CPU TIER1 INITIAL ESS A;REW VCS ONE START 5.0 UNX P CPU TIER1 INITIAL ESS A;REW VCS ONE START 5.0 UNX P CPU TIER1 INITIAL ESS A;REW VCS ONE START 5.0 UNX P CPU TIER1 INITIAL ESS A;;;;79;;
1;3;2094;1;730,8045;594,15;REW VCS ONE START 5.0 UNX P CPU TIER 2 STD LIC A;20084266;;REW VCS ONE START 5.0 UNX P CPU TIER 2 STD LIC A;REW VCS ONE START 5.0 UNX P CPU TIER 2 STD LIC A;REW VCS ONE START 5.0 UNX P CPU TIER 2 STD LIC A;REW VCS ONE START 5.0 UNX P CPU TIER 2 STD LIC A;;;;79;;
1;3;2094;1;694,2612;564,44;REW VCS ONE START 5.0 UNX P CPU TIER 2 STD LIC C;20084267;;REW VCS ONE START 5.0 UNX P CPU TIER 2 STD LIC C;REW VCS ONE START 5.0 UNX P CPU TIER 2 STD LIC C;REW VCS ONE START 5.0 UNX P CPU TIER 2 STD LIC C;REW VCS ONE START 5.0 UNX P CPU TIER 2 STD LIC C;;;;79;;
1;3;2094;1;165,2874;134,38;REW VCS ONE START 5.0 UNX P CPU TIER2 INITIAL BAS D;20084268;;REW VCS ONE START 5.0 UNX P CPU TIER2 INITIAL BAS D;REW VCS ONE START 5.0 UNX P CPU TIER2 INITIAL BAS D;REW VCS ONE START 5.0 UNX P CPU TIER2 INITIAL BAS D;REW VCS ONE START 5.0 UNX P CPU TIER2 INITIAL BAS D;;;;79;;
1;3;2094;1;127,8462;103,94;GOV VCS ONE START 5 UNX P CPU TIER 1 INITIAL ESS 1+;20084274;;GOV VCS ONE START 5 UNX P CPU TIER 1 INITIAL ESS 1+;GOV VCS ONE START 5 UNX P CPU TIER 1 INITIAL ESS 1+;GOV VCS ONE START 5 UNX P CPU TIER 1 INITIAL ESS 1+;GOV VCS ONE START 5 UNX P CPU TIER 1 INITIAL ESS 1+;;;;79;;
1;3;2094;1;730,8045;594,15;REW VCS ONE START 5.0 UNX P CPU TIER 2 STD LIC B;20084283;;REW VCS ONE START 5.0 UNX P CPU TIER 2 STD LIC B;REW VCS ONE START 5.0 UNX P CPU TIER 2 STD LIC B;REW VCS ONE START 5.0 UNX P CPU TIER 2 STD LIC B;REW VCS ONE START 5.0 UNX P CPU TIER 2 STD LIC B;;;;79;;
1;3;2094;1;205,6437;167,19;REW VCS ONE START 5.0 UNX P CPU TIER2 INITIAL ESS E;20084284;;REW VCS ONE START 5.0 UNX P CPU TIER2 INITIAL ESS E;REW VCS ONE START 5.0 UNX P CPU TIER2 INITIAL ESS E;REW VCS ONE START 5.0 UNX P CPU TIER2 INITIAL ESS E;REW VCS ONE START 5.0 UNX P CPU TIER2 INITIAL ESS E;;;;79;;
1;3;2094;1;222,3102;180,74;AE VCS ONE START 5.0 UNX P CPU TIER2 INITIAL ESS S;20084285;;AE VCS ONE START 5.0 UNX P CPU TIER2 INITIAL ESS S;AE VCS ONE START 5.0 UNX P CPU TIER2 INITIAL ESS S;AE VCS ONE START 5.0 UNX P CPU TIER2 INITIAL ESS S;AE VCS ONE START 5.0 UNX P CPU TIER2 INITIAL ESS S;;;;79;;
1;3;2094;1;316,5405;257,35;REW VCS ONE START 5.0 UNX P CPU TIER3 INITIAL BAS B;20084292;;REW VCS ONE START 5.0 UNX P CPU TIER3 INITIAL BAS B;REW VCS ONE START 5.0 UNX P CPU TIER3 INITIAL BAS B;REW VCS ONE START 5.0 UNX P CPU TIER3 INITIAL BAS B;REW VCS ONE START 5.0 UNX P CPU TIER3 INITIAL BAS B;;;;79;;
1;3;2094;1;316,5405;257,35;AE VCS ONE START 5.0 UNX P CPU TIER3 INITIAL BAS S;20084293;;AE VCS ONE START 5.0 UNX P CPU TIER3 INITIAL BAS S;AE VCS ONE START 5.0 UNX P CPU TIER3 INITIAL BAS S;AE VCS ONE START 5.0 UNX P CPU TIER3 INITIAL BAS S;AE VCS ONE START 5.0 UNX P CPU TIER3 INITIAL BAS S;;;;79;;
1;3;2094;1;384,2397;312,39;REW VCS ONE START 5.0 UNX P CPU TIER3 INITIAL ESS C;20084294;;REW VCS ONE START 5.0 UNX P CPU TIER3 INITIAL ESS C;REW VCS ONE START 5.0 UNX P CPU TIER3 INITIAL ESS C;REW VCS ONE START 5.0 UNX P CPU TIER3 INITIAL ESS C;REW VCS ONE START 5.0 UNX P CPU TIER3 INITIAL ESS C;;;;79;;
1;3;2094;1;384,2397;312,39;REW VCS ONE START 5.0 UNX P CPU TIER3 INITIAL ESS D;20084295;;REW VCS ONE START 5.0 UNX P CPU TIER3 INITIAL ESS D;REW VCS ONE START 5.0 UNX P CPU TIER3 INITIAL ESS D;REW VCS ONE START 5.0 UNX P CPU TIER3 INITIAL ESS D;REW VCS ONE START 5.0 UNX P CPU TIER3 INITIAL ESS D;;;;79;;
1;3;2094;1;3159,4641;2568,67;REW CLST ONE START 5.0 WIN DATACNTR ED STD LIC C;20084347;;REW CLST ONE START 5.0 WIN DATACNTR ED STD LIC C;REW CLST ONE START 5.0 WIN DATACNTR ED STD LIC C;REW CLST ONE START 5.0 WIN DATACNTR ED STD LIC C;REW CLST ONE START 5.0 WIN DATACNTR ED STD LIC C;;;;79;;
1;3;2094;1;3325,7478;2703,86;AE CLST SVR ONE START 5.0 WIN DATACNTR SVR LIC S;20084348;;AE CLST SVR ONE START 5.0 WIN DATACNTR SVR LIC S;AE CLST SVR ONE START 5.0 WIN DATACNTR SVR LIC S;AE CLST SVR ONE START 5.0 WIN DATACNTR SVR LIC S;AE CLST SVR ONE START 5.0 WIN DATACNTR SVR LIC S;;;;79;;
1;3;2094;1;961,0728;781,36;REW CLST ONE START 5.0 WIN DATACNTR ED SVR ESS C;20084349;;REW CLST ONE START 5.0 WIN DATACNTR ED SVR ESS C;REW CLST ONE START 5.0 WIN DATACNTR ED SVR ESS C;REW CLST ONE START 5.0 WIN DATACNTR ED SVR ESS C;REW CLST ONE START 5.0 WIN DATACNTR ED SVR ESS C;;;;79;;
1;3;2094;1;819,5859;666,33;REW CLST ONE START 5.0 WIN STD PER SVR STD LIC E;20084351;;REW CLST ONE START 5.0 WIN STD PER SVR STD LIC E;REW CLST ONE START 5.0 WIN STD PER SVR STD LIC E;REW CLST ONE START 5.0 WIN STD PER SVR STD LIC E;REW CLST ONE START 5.0 WIN STD PER SVR STD LIC E;;;;79;;
1;3;2094;1;210,945;171,5;AE CLST SVR ONE START 5.0 WIN STD PER SVR BAS S;20084352;;AE CLST SVR ONE START 5.0 WIN STD PER SVR BAS S;AE CLST SVR ONE START 5.0 WIN STD PER SVR BAS S;AE CLST SVR ONE START 5.0 WIN STD PER SVR BAS S;AE CLST SVR ONE START 5.0 WIN STD PER SVR BAS S;;;;79;;
1;3;2094;1;269,5176;219,12;REW CLST ONE START 5.0 WIN STD PER SVR ESS A;20084353;;REW CLST ONE START 5.0 WIN STD PER SVR ESS A;REW CLST ONE START 5.0 WIN STD PER SVR ESS A;REW CLST ONE START 5.0 WIN STD PER SVR ESS A;REW CLST ONE START 5.0 WIN STD PER SVR ESS A;;;;79;;
1;3;2094;1;1052,4495;855,65;REW CLST ONE START 5.0 WIN ENT PER SVR STD LIC D;20084354;;REW CLST ONE START 5.0 WIN ENT PER SVR STD LIC D;REW CLST ONE START 5.0 WIN ENT PER SVR STD LIC D;REW CLST ONE START 5.0 WIN ENT PER SVR STD LIC D;REW CLST ONE START 5.0 WIN ENT PER SVR STD LIC D;;;;79;;
1;3;2094;1;263,7489;214,43;REW CLST ONE START 5.0 WIN ENT PER SVR BAS A;20084356;;REW CLST ONE START 5.0 WIN ENT PER SVR BAS A;REW CLST ONE START 5.0 WIN ENT PER SVR BAS A;REW CLST ONE START 5.0 WIN ENT PER SVR BAS A;REW CLST ONE START 5.0 WIN ENT PER SVR BAS A;;;;79;;
1;3;2094;1;263,7489;214,43;REW CLST ONE START 5.0 WIN ENT PER SVR BAS B;20084357;;REW CLST ONE START 5.0 WIN ENT PER SVR BAS B;REW CLST ONE START 5.0 WIN ENT PER SVR BAS B;REW CLST ONE START 5.0 WIN ENT PER SVR BAS B;REW CLST ONE START 5.0 WIN ENT PER SVR BAS B;;;;79;;
1;3;2094;1;243,9459;198,33;REW CLST ONE START 5.0 WIN ENT PER SVR BAS E;20084358;;REW CLST ONE START 5.0 WIN ENT PER SVR BAS E;REW CLST ONE START 5.0 WIN ENT PER SVR BAS E;REW CLST ONE START 5.0 WIN ENT PER SVR BAS E;REW CLST ONE START 5.0 WIN ENT PER SVR BAS E;;;;79;;
1;3;2094;1;336,9954;273,98;REW CLST ONE START 5.0 WIN ENT PER SVR ESS B;20084360;;REW CLST ONE START 5.0 WIN ENT PER SVR ESS B;REW CLST ONE START 5.0 WIN ENT PER SVR ESS B;REW CLST ONE START 5.0 WIN ENT PER SVR ESS B;REW CLST ONE START 5.0 WIN ENT PER SVR ESS B;;;;79;;
1;3;2094;1;336,9954;273,98;AE CLST SVR ONE START 5.0 WIN ENT PER SVR ESS S;20084361;;AE CLST SVR ONE START 5.0 WIN ENT PER SVR ESS S;AE CLST SVR ONE START 5.0 WIN ENT PER SVR ESS S;AE CLST SVR ONE START 5.0 WIN ENT PER SVR ESS S;AE CLST SVR ONE START 5.0 WIN ENT PER SVR ESS S;;;;79;;
1;3;2094;1;3325,7478;2703,86;REW CLST ONE START 5.0 WIN DATACNTR ED STD LIC B;20084365;;REW CLST ONE START 5.0 WIN DATACNTR ED STD LIC B;REW CLST ONE START 5.0 WIN DATACNTR ED STD LIC B;REW CLST ONE START 5.0 WIN DATACNTR ED STD LIC B;REW CLST ONE START 5.0 WIN DATACNTR ED STD LIC B;;;;79;;
1;3;2094;1;752,1573;611,51;REW CLST ONE START 5.0 WIN DATACNTR ED SVR BAS D;20084366;;REW CLST ONE START 5.0 WIN DATACNTR ED SVR BAS D;REW CLST ONE START 5.0 WIN DATACNTR ED SVR BAS D;REW CLST ONE START 5.0 WIN DATACNTR ED SVR BAS D;REW CLST ONE START 5.0 WIN DATACNTR ED SVR BAS D;;;;79;;
1;3;2094;1;791,751;643,7;EXP CLST SVR ONE START 5.0 WIN DATACNTR ED BAS S;20084367;;EXP CLST SVR ONE START 5.0 WIN DATACNTR ED BAS S;EXP CLST SVR ONE START 5.0 WIN DATACNTR ED BAS S;EXP CLST SVR ONE START 5.0 WIN DATACNTR ED BAS S;EXP CLST SVR ONE START 5.0 WIN DATACNTR ED BAS S;;;;79;;
1;3;2094;1;1011,6627;822,49;REW CLST ONE START 5.0 WIN DATACNTR ED SVR ESS B;20084368;;REW CLST ONE START 5.0 WIN DATACNTR ED SVR ESS B;REW CLST ONE START 5.0 WIN DATACNTR ED SVR ESS B;REW CLST ONE START 5.0 WIN DATACNTR ED SVR ESS B;REW CLST ONE START 5.0 WIN DATACNTR ED SVR ESS B;;;;79;;
1;3;2094;1;1011,6627;822,49;AE CLST SVR ONE START 5.0 WIN DATACNTR SVR ESS S;20084369;;AE CLST SVR ONE START 5.0 WIN DATACNTR SVR ESS S;AE CLST SVR ONE START 5.0 WIN DATACNTR SVR ESS S;AE CLST SVR ONE START 5.0 WIN DATACNTR SVR ESS S;AE CLST SVR ONE START 5.0 WIN DATACNTR SVR ESS S;;;;79;;
1;3;2094;1;841,7505;684,35;REW CLST ONE START 5.0 WIN STD PER SVR STD LIC C;20084371;;REW CLST ONE START 5.0 WIN STD PER SVR STD LIC C;REW CLST ONE START 5.0 WIN STD PER SVR STD LIC C;REW CLST ONE START 5.0 WIN STD PER SVR STD LIC C;REW CLST ONE START 5.0 WIN STD PER SVR STD LIC C;;;;79;;
1;3;2094;1;200,4039;162,93;REW CLST ONE START 5.0 WIN STD PER SVR BAS C;20084372;;REW CLST ONE START 5.0 WIN STD PER SVR BAS C;REW CLST ONE START 5.0 WIN STD PER SVR BAS C;REW CLST ONE START 5.0 WIN STD PER SVR BAS C;REW CLST ONE START 5.0 WIN STD PER SVR BAS C;;;;79;;
1;3;2094;1;269,5176;219,12;EXP CLST SVR ONE START 5.0 WIN STD PER ESS S;20084376;;EXP CLST SVR ONE START 5.0 WIN STD PER ESS S;EXP CLST SVR ONE START 5.0 WIN STD PER ESS S;EXP CLST SVR ONE START 5.0 WIN STD PER ESS S;EXP CLST SVR ONE START 5.0 WIN STD PER ESS S;;;;79;;
1;3;2094;1;263,7489;214,43;GOV CLST ONE START 5.0 WIN ENT PER SVR BAS S;20084380;;GOV CLST ONE START 5.0 WIN ENT PER SVR BAS S;GOV CLST ONE START 5.0 WIN ENT PER SVR BAS S;GOV CLST ONE START 5.0 WIN ENT PER SVR BAS S;GOV CLST ONE START 5.0 WIN ENT PER SVR BAS S;;;;79;;
1;3;2094;1;3325,7478;2703,86;REW CLST ONE START 5.0 WIN DATACNTR ED STD LIC A;20084383;;REW CLST ONE START 5.0 WIN DATACNTR ED STD LIC A;REW CLST ONE START 5.0 WIN DATACNTR ED STD LIC A;REW CLST ONE START 5.0 WIN DATACNTR ED STD LIC A;REW CLST ONE START 5.0 WIN DATACNTR ED STD LIC A;;;;79;;
1;3;2094;1;752,1573;611,51;REW CLST ONE START 5.0 WIN DATACNTR ED SVR BAS C;20084384;;REW CLST ONE START 5.0 WIN DATACNTR ED SVR BAS C;REW CLST ONE START 5.0 WIN DATACNTR ED SVR BAS C;REW CLST ONE START 5.0 WIN DATACNTR ED SVR BAS C;REW CLST ONE START 5.0 WIN DATACNTR ED SVR BAS C;;;;79;;
1;3;2094;1;791,751;643,7;GOV CLST ONE START 5.0 WIN DATACNTR SVR BAS S;20084386;;GOV CLST ONE START 5.0 WIN DATACNTR SVR BAS S;GOV CLST ONE START 5.0 WIN DATACNTR SVR BAS S;GOV CLST ONE START 5.0 WIN DATACNTR SVR BAS S;GOV CLST ONE START 5.0 WIN DATACNTR SVR BAS S;;;;79;;
1;3;2094;1;791,751;643,7;AE CLST SVR ONE START 5.0 WIN DATACNTR SVR BAS S;20084387;;AE CLST SVR ONE START 5.0 WIN DATACNTR SVR BAS S;AE CLST SVR ONE START 5.0 WIN DATACNTR SVR BAS S;AE CLST SVR ONE START 5.0 WIN DATACNTR SVR BAS S;AE CLST SVR ONE START 5.0 WIN DATACNTR SVR BAS S;;;;79;;
1;3;2094;1;1011,6627;822,49;REW CLST ONE START 5.0 WIN DATACNTR ED SVR ESS A;20084388;;REW CLST ONE START 5.0 WIN DATACNTR ED SVR ESS A;REW CLST ONE START 5.0 WIN DATACNTR ED SVR ESS A;REW CLST ONE START 5.0 WIN DATACNTR ED SVR ESS A;REW CLST ONE START 5.0 WIN DATACNTR ED SVR ESS A;;;;79;;
1;3;2094;1;841,7505;684,35;REW CLST ONE START 5.0 WIN STD PER SVR STD LIC D;20084390;;REW CLST ONE START 5.0 WIN STD PER SVR STD LIC D;REW CLST ONE START 5.0 WIN STD PER SVR STD LIC D;REW CLST ONE START 5.0 WIN STD PER SVR STD LIC D;REW CLST ONE START 5.0 WIN STD PER SVR STD LIC D;;;;79;;
1;3;2094;1;886,0551;720,37;EXP CLST SVR ONE START 5.0 WIN STD PER STD LIC S;20084391;;EXP CLST SVR ONE START 5.0 WIN STD PER STD LIC S;EXP CLST SVR ONE START 5.0 WIN STD PER STD LIC S;EXP CLST SVR ONE START 5.0 WIN STD PER STD LIC S;EXP CLST SVR ONE START 5.0 WIN STD PER STD LIC S;;;;79;;
1;3;2094;1;886,0551;720,37;AE CLST SVR ONE START 5.0 WIN STD PER SVR STD LIC S;20084392;;AE CLST SVR ONE START 5.0 WIN STD PER SVR STD LIC S;AE CLST SVR ONE START 5.0 WIN STD PER SVR STD LIC S;AE CLST SVR ONE START 5.0 WIN STD PER SVR STD LIC S;AE CLST SVR ONE START 5.0 WIN STD PER SVR STD LIC S;;;;79;;
1;3;2094;1;249,3087;202,69;REW CLST ONE START 5.0 WIN STD PER SVR ESS E;20084393;;REW CLST ONE START 5.0 WIN STD PER SVR ESS E;REW CLST ONE START 5.0 WIN STD PER SVR ESS E;REW CLST ONE START 5.0 WIN STD PER SVR ESS E;REW CLST ONE START 5.0 WIN STD PER SVR ESS E;;;;79;;
1;3;2094;1;320,1444;260,28;REW CLST ONE START 5.0 WIN ENT PER SVR ESS D;20084396;;REW CLST ONE START 5.0 WIN ENT PER SVR ESS D;REW CLST ONE START 5.0 WIN ENT PER SVR ESS D;REW CLST ONE START 5.0 WIN ENT PER SVR ESS D;REW CLST ONE START 5.0 WIN ENT PER SVR ESS D;;;;79;;
1;3;2094;1;3325,7478;2703,86;EXP CLST SVR ONE START 5.0 WIN DATACNTR ED LIC S;20084398;;EXP CLST SVR ONE START 5.0 WIN DATACNTR ED LIC S;EXP CLST SVR ONE START 5.0 WIN DATACNTR ED LIC S;EXP CLST SVR ONE START 5.0 WIN DATACNTR ED LIC S;EXP CLST SVR ONE START 5.0 WIN DATACNTR ED LIC S;;;;79;;
1;3;2094;1;732,3666;595,42;REW CLST ONE START 5.0 WIN DATACNTR ED SVR BAS E;20084399;;REW CLST ONE START 5.0 WIN DATACNTR ED SVR BAS E;REW CLST ONE START 5.0 WIN DATACNTR ED SVR BAS E;REW CLST ONE START 5.0 WIN DATACNTR ED SVR BAS E;REW CLST ONE START 5.0 WIN DATACNTR ED SVR BAS E;;;;79;;
1;3;2094;1;200,4039;162,93;REW CLST ONE START 5.0 WIN STD PER SVR BAS D;20084403;;REW CLST ONE START 5.0 WIN STD PER SVR BAS D;REW CLST ONE START 5.0 WIN STD PER SVR BAS D;REW CLST ONE START 5.0 WIN STD PER SVR BAS D;REW CLST ONE START 5.0 WIN STD PER SVR BAS D;;;;79;;
1;3;2094;1;210,945;171,5;EXP CLST SVR ONE START 5.0 WIN STD PER BAS S;20084405;;EXP CLST SVR ONE START 5.0 WIN STD PER BAS S;EXP CLST SVR ONE START 5.0 WIN STD PER BAS S;EXP CLST SVR ONE START 5.0 WIN STD PER BAS S;EXP CLST SVR ONE START 5.0 WIN STD PER BAS S;;;;79;;
1;3;2094;1;269,5176;219,12;REW CLST ONE START 5.0 WIN STD PER SVR ESS B;20084406;;REW CLST ONE START 5.0 WIN STD PER SVR ESS B;REW CLST ONE START 5.0 WIN STD PER SVR ESS B;REW CLST ONE START 5.0 WIN STD PER SVR ESS B;REW CLST ONE START 5.0 WIN STD PER SVR ESS B;;;;79;;
1;3;2094;1;256,0614;208,18;REW CLST ONE START 5.0 WIN STD PER SVR ESS D;20084407;;REW CLST ONE START 5.0 WIN STD PER SVR ESS D;REW CLST ONE START 5.0 WIN STD PER SVR ESS D;REW CLST ONE START 5.0 WIN STD PER SVR ESS D;REW CLST ONE START 5.0 WIN STD PER SVR ESS D;;;;79;;
1;3;2094;1;269,5176;219,12;AE CLST SVR ONE START 5.0 WIN STD PER SVR ESS S;20084408;;AE CLST SVR ONE START 5.0 WIN STD PER SVR ESS S;AE CLST SVR ONE START 5.0 WIN STD PER SVR ESS S;AE CLST SVR ONE START 5.0 WIN STD PER SVR ESS S;AE CLST SVR ONE START 5.0 WIN STD PER SVR ESS S;;;;79;;
1;3;2094;1;250,551;203,7;REW CLST ONE START 5.0 WIN ENT PER SVR BAS D;20084409;;REW CLST ONE START 5.0 WIN ENT PER SVR BAS D;REW CLST ONE START 5.0 WIN ENT PER SVR BAS D;REW CLST ONE START 5.0 WIN ENT PER SVR BAS D;REW CLST ONE START 5.0 WIN ENT PER SVR BAS D;;;;79;;
1;3;2094;1;791,751;643,7;REW CLST ONE START 5.0 WIN DATACNTR ED SVR BAS A;20084413;;REW CLST ONE START 5.0 WIN DATACNTR ED SVR BAS A;REW CLST ONE START 5.0 WIN DATACNTR ED SVR BAS A;REW CLST ONE START 5.0 WIN DATACNTR ED SVR BAS A;REW CLST ONE START 5.0 WIN DATACNTR ED SVR BAS A;;;;79;;
1;3;2094;1;791,751;643,7;REW CLST ONE START 5.0 WIN DATACNTR ED SVR BAS B;20084414;;REW CLST ONE START 5.0 WIN DATACNTR ED SVR BAS B;REW CLST ONE START 5.0 WIN DATACNTR ED SVR BAS B;REW CLST ONE START 5.0 WIN DATACNTR ED SVR BAS B;REW CLST ONE START 5.0 WIN DATACNTR ED SVR BAS B;;;;79;;
1;3;2094;1;935,7963;760,81;REW CLST ONE START 5.0 WIN DATACNTR ED SVR ESS E;20084415;;REW CLST ONE START 5.0 WIN DATACNTR ED SVR ESS E;REW CLST ONE START 5.0 WIN DATACNTR ED SVR ESS E;REW CLST ONE START 5.0 WIN DATACNTR ED SVR ESS E;REW CLST ONE START 5.0 WIN DATACNTR ED SVR ESS E;;;;79;;
1;3;2094;1;210,945;171,5;GOV CLST ONE START 5.0 WIN STD PER SVR BAS S;20084420;;GOV CLST ONE START 5.0 WIN STD PER SVR BAS S;GOV CLST ONE START 5.0 WIN STD PER SVR BAS S;GOV CLST ONE START 5.0 WIN STD PER SVR BAS S;GOV CLST ONE START 5.0 WIN STD PER SVR BAS S;;;;79;;
1;3;2094;1;269,5176;219,12;GOV CLST ONE START 5.0 WIN STD PER SVR ESS S;20084421;;GOV CLST ONE START 5.0 WIN STD PER SVR ESS S;GOV CLST ONE START 5.0 WIN STD PER SVR ESS S;GOV CLST ONE START 5.0 WIN STD PER SVR ESS S;GOV CLST ONE START 5.0 WIN STD PER SVR ESS S;;;;79;;
1;3;2094;1;263,7489;214,43;EXP CLST SVR ONE START 5.0 WIN ENT PER BAS S;20084425;;EXP CLST SVR ONE START 5.0 WIN ENT PER BAS S;EXP CLST SVR ONE START 5.0 WIN ENT PER BAS S;EXP CLST SVR ONE START 5.0 WIN ENT PER BAS S;EXP CLST SVR ONE START 5.0 WIN ENT PER BAS S;;;;79;;
1;3;2094;1;336,9954;273,98;EXP CLST SVR ONE START 5.0 WIN ENT PER ESS S;20084426;;EXP CLST SVR ONE START 5.0 WIN ENT PER ESS S;EXP CLST SVR ONE START 5.0 WIN ENT PER ESS S;EXP CLST SVR ONE START 5.0 WIN ENT PER ESS S;EXP CLST SVR ONE START 5.0 WIN ENT PER ESS S;;;;79;;
1;3;2094;1;3076,3161;2501,07;REW CLST ONE START 5.0 WIN DATACNTR ED STD LIC E;20084428;;REW CLST ONE START 5.0 WIN DATACNTR ED STD LIC E;REW CLST ONE START 5.0 WIN DATACNTR ED STD LIC E;REW CLST ONE START 5.0 WIN DATACNTR ED STD LIC E;REW CLST ONE START 5.0 WIN DATACNTR ED STD LIC E;;;;79;;
1;3;2094;1;961,0728;781,36;REW CLST ONE START 5.0 WIN DATACNTR ED SVR ESS D;20084429;;REW CLST ONE START 5.0 WIN DATACNTR ED SVR ESS D;REW CLST ONE START 5.0 WIN DATACNTR ED SVR ESS D;REW CLST ONE START 5.0 WIN DATACNTR ED SVR ESS D;REW CLST ONE START 5.0 WIN DATACNTR ED SVR ESS D;;;;79;;
1;3;2094;1;886,0551;720,37;GOV CLST ONE START 5.0 WIN STD PER SVR STD LIC S;20084431;;GOV CLST ONE START 5.0 WIN STD PER SVR STD LIC S;GOV CLST ONE START 5.0 WIN STD PER SVR STD LIC S;GOV CLST ONE START 5.0 WIN STD PER SVR STD LIC S;GOV CLST ONE START 5.0 WIN STD PER SVR STD LIC S;;;;79;;
1;3;2094;1;210,945;171,5;REW CLST ONE START 5.0 WIN STD PER SVR BAS B;20084432;;REW CLST ONE START 5.0 WIN STD PER SVR BAS B;REW CLST ONE START 5.0 WIN STD PER SVR BAS B;REW CLST ONE START 5.0 WIN STD PER SVR BAS B;REW CLST ONE START 5.0 WIN STD PER SVR BAS B;;;;79;;
1;3;2094;1;256,0614;208,18;REW CLST ONE START 5.0 WIN STD PER SVR ESS C;20084433;;REW CLST ONE START 5.0 WIN STD PER SVR ESS C;REW CLST ONE START 5.0 WIN STD PER SVR ESS C;REW CLST ONE START 5.0 WIN STD PER SVR ESS C;REW CLST ONE START 5.0 WIN STD PER SVR ESS C;;;;79;;
1;3;2094;1;1107,8487;900,69;REW CLST ONE START 5.0 WIN ENT PER SVR STD LIC A;20084437;;REW CLST ONE START 5.0 WIN ENT PER SVR STD LIC A;REW CLST ONE START 5.0 WIN ENT PER SVR STD LIC A;REW CLST ONE START 5.0 WIN ENT PER SVR STD LIC A;REW CLST ONE START 5.0 WIN ENT PER SVR STD LIC A;;;;79;;
1;3;2094;1;1107,8487;900,69;REW CLST ONE START 5.0 WIN ENT PER SVR STD LIC B;20084438;;REW CLST ONE START 5.0 WIN ENT PER SVR STD LIC B;REW CLST ONE START 5.0 WIN ENT PER SVR STD LIC B;REW CLST ONE START 5.0 WIN ENT PER SVR STD LIC B;REW CLST ONE START 5.0 WIN ENT PER SVR STD LIC B;;;;79;;
1;3;2094;1;250,551;203,7;REW CLST ONE START 5.0 WIN ENT PER SVR BAS C;20084439;;REW CLST ONE START 5.0 WIN ENT PER SVR BAS C;REW CLST ONE START 5.0 WIN ENT PER SVR BAS C;REW CLST ONE START 5.0 WIN ENT PER SVR BAS C;REW CLST ONE START 5.0 WIN ENT PER SVR BAS C;;;;79;;
1;3;2094;1;336,9954;273,98;REW CLST ONE START 5.0 WIN ENT PER SVR ESS A;20084440;;REW CLST ONE START 5.0 WIN ENT PER SVR ESS A;REW CLST ONE START 5.0 WIN ENT PER SVR ESS A;REW CLST ONE START 5.0 WIN ENT PER SVR ESS A;REW CLST ONE START 5.0 WIN ENT PER SVR ESS A;;;;79;;
1;3;2094;1;320,1444;260,28;REW CLST ONE START 5.0 WIN ENT PER SVR ESS C;20084441;;REW CLST ONE START 5.0 WIN ENT PER SVR ESS C;REW CLST ONE START 5.0 WIN ENT PER SVR ESS C;REW CLST ONE START 5.0 WIN ENT PER SVR ESS C;REW CLST ONE START 5.0 WIN ENT PER SVR ESS C;;;;79;;
1;3;2094;1;3159,4641;2568,67;REW CLST ONE START 5.0 WIN DATACNTR ED STD LIC D;20084443;;REW CLST ONE START 5.0 WIN DATACNTR ED STD LIC D;REW CLST ONE START 5.0 WIN DATACNTR ED STD LIC D;REW CLST ONE START 5.0 WIN DATACNTR ED STD LIC D;REW CLST ONE START 5.0 WIN DATACNTR ED STD LIC D;;;;79;;
1;3;2094;1;3325,7478;2703,86;GOV CLST ONE START 5.0 WIN DATACNTR SVR LIC S;20084444;;GOV CLST ONE START 5.0 WIN DATACNTR SVR LIC S;GOV CLST ONE START 5.0 WIN DATACNTR SVR LIC S;GOV CLST ONE START 5.0 WIN DATACNTR SVR LIC S;GOV CLST ONE START 5.0 WIN DATACNTR SVR LIC S;;;;79;;
1;3;2094;1;886,0551;720,37;REW CLST ONE START 5.0 WIN STD PER SVR STD LIC A;20084447;;REW CLST ONE START 5.0 WIN STD PER SVR STD LIC A;REW CLST ONE START 5.0 WIN STD PER SVR STD LIC A;REW CLST ONE START 5.0 WIN STD PER SVR STD LIC A;REW CLST ONE START 5.0 WIN STD PER SVR STD LIC A;;;;79;;
1;3;2094;1;886,0551;720,37;REW CLST ONE START 5.0 WIN STD PER SVR STD LIC B;20084448;;REW CLST ONE START 5.0 WIN STD PER SVR STD LIC B;REW CLST ONE START 5.0 WIN STD PER SVR STD LIC B;REW CLST ONE START 5.0 WIN STD PER SVR STD LIC B;REW CLST ONE START 5.0 WIN STD PER SVR STD LIC B;;;;79;;
1;3;2094;1;210,945;171,5;REW CLST ONE START 5.0 WIN STD PER SVR BAS A;20084449;;REW CLST ONE START 5.0 WIN STD PER SVR BAS A;REW CLST ONE START 5.0 WIN STD PER SVR BAS A;REW CLST ONE START 5.0 WIN STD PER SVR BAS A;REW CLST ONE START 5.0 WIN STD PER SVR BAS A;;;;79;;
1;3;2094;1;195,1149;158,63;REW CLST ONE START 5.0 WIN STD PER SVR BAS E;20084450;;REW CLST ONE START 5.0 WIN STD PER SVR BAS E;REW CLST ONE START 5.0 WIN STD PER SVR BAS E;REW CLST ONE START 5.0 WIN STD PER SVR BAS E;REW CLST ONE START 5.0 WIN STD PER SVR BAS E;;;;79;;
1;3;2094;1;1107,8487;900,69;GOV CLST ONE START 5.0 WIN ENT PER SVR STD LIC S;20084453;;GOV CLST ONE START 5.0 WIN ENT PER SVR STD LIC S;GOV CLST ONE START 5.0 WIN ENT PER SVR STD LIC S;GOV CLST ONE START 5.0 WIN ENT PER SVR STD LIC S;GOV CLST ONE START 5.0 WIN ENT PER SVR STD LIC S;;;;79;;
1;3;2094;1;1107,8487;900,69;EXP CLST SVR ONE START 5.0 WIN ENT PER STD LIC S;20084454;;EXP CLST SVR ONE START 5.0 WIN ENT PER STD LIC S;EXP CLST SVR ONE START 5.0 WIN ENT PER STD LIC S;EXP CLST SVR ONE START 5.0 WIN ENT PER STD LIC S;EXP CLST SVR ONE START 5.0 WIN ENT PER STD LIC S;;;;79;;
1;3;2094;1;1011,6627;822,49;GOV CLST ONE START 5.0 WIN DATACNTR SVR ESS S;20084457;;GOV CLST ONE START 5.0 WIN DATACNTR SVR ESS S;GOV CLST ONE START 5.0 WIN DATACNTR SVR ESS S;GOV CLST ONE START 5.0 WIN DATACNTR SVR ESS S;GOV CLST ONE START 5.0 WIN DATACNTR SVR ESS S;;;;79;;
1;3;2094;1;1011,6627;822,49;EXP CLST SVR ONE START 5.0 WIN DATACNTR ED ESS S;20084458;;EXP CLST SVR ONE START 5.0 WIN DATACNTR ED ESS S;EXP CLST SVR ONE START 5.0 WIN DATACNTR ED ESS S;EXP CLST SVR ONE START 5.0 WIN DATACNTR ED ESS S;EXP CLST SVR ONE START 5.0 WIN DATACNTR ED ESS S;;;;79;;
1;3;2094;1;1052,4495;855,65;REW CLST ONE START 5.0 WIN ENT PER SVR STD LIC C;20084469;;REW CLST ONE START 5.0 WIN ENT PER SVR STD LIC C;REW CLST ONE START 5.0 WIN ENT PER SVR STD LIC C;REW CLST ONE START 5.0 WIN ENT PER SVR STD LIC C;REW CLST ONE START 5.0 WIN ENT PER SVR STD LIC C;;;;79;;
1;3;2094;1;1024,7499;833,13;REW CLST ONE START 5.0 WIN ENT PER SVR STD LIC E;20084470;;REW CLST ONE START 5.0 WIN ENT PER SVR STD LIC E;REW CLST ONE START 5.0 WIN ENT PER SVR STD LIC E;REW CLST ONE START 5.0 WIN ENT PER SVR STD LIC E;REW CLST ONE START 5.0 WIN ENT PER SVR STD LIC E;;;;79;;
1;3;2094;1;1107,8487;900,69;AE CLST SVR ONE START 5.0 WIN ENT PER SVR STD LIC S;20084471;;AE CLST SVR ONE START 5.0 WIN ENT PER SVR STD LIC S;AE CLST SVR ONE START 5.0 WIN ENT PER SVR STD LIC S;AE CLST SVR ONE START 5.0 WIN ENT PER SVR STD LIC S;AE CLST SVR ONE START 5.0 WIN ENT PER SVR STD LIC S;;;;79;;
1;3;2094;1;263,7489;214,43;AE CLST SVR ONE START 5.0 WIN ENT PER SVR BAS S;20084472;;AE CLST SVR ONE START 5.0 WIN ENT PER SVR BAS S;AE CLST SVR ONE START 5.0 WIN ENT PER SVR BAS S;AE CLST SVR ONE START 5.0 WIN ENT PER SVR BAS S;AE CLST SVR ONE START 5.0 WIN ENT PER SVR BAS S;;;;79;;
1;3;2094;1;311,7189;253,43;REW CLST ONE START 5.0 WIN ENT PER SVR ESS E;20084473;;REW CLST ONE START 5.0 WIN ENT PER SVR ESS E;REW CLST ONE START 5.0 WIN ENT PER SVR ESS E;REW CLST ONE START 5.0 WIN ENT PER SVR ESS E;REW CLST ONE START 5.0 WIN ENT PER SVR ESS E;;;;79;;
1;3;2094;1;336,9954;273,98;GOV CLST ONE START 5.0 WIN ENT PER SVR ESS S;20084474;;GOV CLST ONE START 5.0 WIN ENT PER SVR ESS S;GOV CLST ONE START 5.0 WIN ENT PER SVR ESS S;GOV CLST ONE START 5.0 WIN ENT PER SVR ESS S;GOV CLST ONE START 5.0 WIN ENT PER SVR ESS S;;;;79;;
1;3;2094;1;1266,1497;1029,39;REW VCS ONE HA 5.0 UNX P CPU TIER 3 INITIAL BAS B;20084525;;REW VCS ONE HA 5.0 UNX P CPU TIER 3 INITIAL BAS B;REW VCS ONE HA 5.0 UNX P CPU TIER 3 INITIAL BAS B;REW VCS ONE HA 5.0 UNX P CPU TIER 3 INITIAL BAS B;REW VCS ONE HA 5.0 UNX P CPU TIER 3 INITIAL BAS B;;;;79;;
1;3;2094;1;1617,8682;1315,34;REW VCS ONE HA 5.0 UNX P CPU TIER 3 INITIAL ESS B;20084527;;REW VCS ONE HA 5.0 UNX P CPU TIER 3 INITIAL ESS B;REW VCS ONE HA 5.0 UNX P CPU TIER 3 INITIAL ESS B;REW VCS ONE HA 5.0 UNX P CPU TIER 3 INITIAL ESS B;REW VCS ONE HA 5.0 UNX P CPU TIER 3 INITIAL ESS B;;;;79;;
1;3;2094;1;2777,0571;2257,77;REW VCS ONE HA 5.0 UNX P CPU TIER 2 STD LIC C;20084542;;REW VCS ONE HA 5.0 UNX P CPU TIER 2 STD LIC C;REW VCS ONE HA 5.0 UNX P CPU TIER 2 STD LIC C;REW VCS ONE HA 5.0 UNX P CPU TIER 2 STD LIC C;REW VCS ONE HA 5.0 UNX P CPU TIER 2 STD LIC C;;;;79;;
1;3;2094;1;2923,1934;2376,58;AE VCS ONE HA 5.0 UNX P CPU TIER 2 STD LIC S;20084543;;AE VCS ONE HA 5.0 UNX P CPU TIER 2 STD LIC S;AE VCS ONE HA 5.0 UNX P CPU TIER 2 STD LIC S;AE VCS ONE HA 5.0 UNX P CPU TIER 2 STD LIC S;AE VCS ONE HA 5.0 UNX P CPU TIER 2 STD LIC S;;;;79;;
1;3;2094;1;695,8971;565,77;AE VCS ONE HA 5.0 UNX P CPU TIER 2 INITIAL BAS S;20084544;;AE VCS ONE HA 5.0 UNX P CPU TIER 2 INITIAL BAS S;AE VCS ONE HA 5.0 UNX P CPU TIER 2 INITIAL BAS S;AE VCS ONE HA 5.0 UNX P CPU TIER 2 INITIAL BAS S;AE VCS ONE HA 5.0 UNX P CPU TIER 2 INITIAL BAS S;;;;79;;
1;3;2094;1;1266,1497;1029,39;REW VCS ONE HA 5.0 UNX P CPU TIER 3 INITIAL BAS A;20084549;;REW VCS ONE HA 5.0 UNX P CPU TIER 3 INITIAL BAS A;REW VCS ONE HA 5.0 UNX P CPU TIER 3 INITIAL BAS A;REW VCS ONE HA 5.0 UNX P CPU TIER 3 INITIAL BAS A;REW VCS ONE HA 5.0 UNX P CPU TIER 3 INITIAL BAS A;;;;79;;
1;3;2094;1;1202,8539;977,93;REW VCS ONE HA 5.0 UNX P CPU TIER 3 INITIAL BAS C;20084550;;REW VCS ONE HA 5.0 UNX P CPU TIER 3 INITIAL BAS C;REW VCS ONE HA 5.0 UNX P CPU TIER 3 INITIAL BAS C;REW VCS ONE HA 5.0 UNX P CPU TIER 3 INITIAL BAS C;REW VCS ONE HA 5.0 UNX P CPU TIER 3 INITIAL BAS C;;;;79;;
1;3;2094;1;1266,1497;1029,39;GOV VCS ONE HA 5.0 UNX P CPU TIER 3 INITIAL BAS 1+;20084551;;GOV VCS ONE HA 5.0 UNX P CPU TIER 3 INITIAL BAS 1+;GOV VCS ONE HA 5.0 UNX P CPU TIER 3 INITIAL BAS 1+;GOV VCS ONE HA 5.0 UNX P CPU TIER 3 INITIAL BAS 1+;GOV VCS ONE HA 5.0 UNX P CPU TIER 3 INITIAL BAS 1+;;;;79;;
1;3;2094;1;1617,8682;1315,34;REW VCS ONE HA 5.0 UNX P CPU TIER 3 INITIAL ESS A;20084552;;REW VCS ONE HA 5.0 UNX P CPU TIER 3 INITIAL ESS A;REW VCS ONE HA 5.0 UNX P CPU TIER 3 INITIAL ESS A;REW VCS ONE HA 5.0 UNX P CPU TIER 3 INITIAL ESS A;REW VCS ONE HA 5.0 UNX P CPU TIER 3 INITIAL ESS A;;;;79;;
1;3;2094;1;1681,164;1366,8;REW VCS ONE HA 5.0 UNX P CPU TIER 1 STD LIC B;20084562;;REW VCS ONE HA 5.0 UNX P CPU TIER 1 STD LIC B;REW VCS ONE HA 5.0 UNX P CPU TIER 1 STD LIC B;REW VCS ONE HA 5.0 UNX P CPU TIER 1 STD LIC B;REW VCS ONE HA 5.0 UNX P CPU TIER 1 STD LIC B;;;;79;;
1;3;2094;1;370,2177;300,99;REW VCS ONE HA 5.0 UNX P CPU TIER 1 INITIAL BAS E;20084563;;REW VCS ONE HA 5.0 UNX P CPU TIER 1 INITIAL BAS E;REW VCS ONE HA 5.0 UNX P CPU TIER 1 INITIAL BAS E;REW VCS ONE HA 5.0 UNX P CPU TIER 1 INITIAL BAS E;REW VCS ONE HA 5.0 UNX P CPU TIER 1 INITIAL BAS E;;;;79;;
1;3;2094;1;661,125;537,5;REW VCS ONE HA 5.0 UNX P CPU TIER 2 INITIAL BAS C;20084572;;REW VCS ONE HA 5.0 UNX P CPU TIER 2 INITIAL BAS C;REW VCS ONE HA 5.0 UNX P CPU TIER 2 INITIAL BAS C;REW VCS ONE HA 5.0 UNX P CPU TIER 2 INITIAL BAS C;REW VCS ONE HA 5.0 UNX P CPU TIER 2 INITIAL BAS C;;;;79;;
1;3;2094;1;889,2285;722,95;REW VCS ONE HA 5.0 UNX P CPU TIER 2 INITIAL ESS A;20084573;;REW VCS ONE HA 5.0 UNX P CPU TIER 2 INITIAL ESS A;REW VCS ONE HA 5.0 UNX P CPU TIER 2 INITIAL ESS A;REW VCS ONE HA 5.0 UNX P CPU TIER 2 INITIAL ESS A;REW VCS ONE HA 5.0 UNX P CPU TIER 2 INITIAL ESS A;;;;79;;
1;3;2094;1;889,2285;722,95;GOV VCS ONE HA 5.0 UNX P CPU TIER 2 INITIAL ESS 1+;20084574;;GOV VCS ONE HA 5.0 UNX P CPU TIER 2 INITIAL ESS 1+;GOV VCS ONE HA 5.0 UNX P CPU TIER 2 INITIAL ESS 1+;GOV VCS ONE HA 5.0 UNX P CPU TIER 2 INITIAL ESS 1+;GOV VCS ONE HA 5.0 UNX P CPU TIER 2 INITIAL ESS 1+;;;;79;;
1;3;2094;1;5318,5323;4324,01;REW VCS ONE HA 5.0 UNX P CPU TIER 3 STD LIC B;20084582;;REW VCS ONE HA 5.0 UNX P CPU TIER 3 STD LIC B;REW VCS ONE HA 5.0 UNX P CPU TIER 3 STD LIC B;REW VCS ONE HA 5.0 UNX P CPU TIER 3 STD LIC B;REW VCS ONE HA 5.0 UNX P CPU TIER 3 STD LIC B;;;;79;;
1;3;2094;1;4919,6556;3999,72;REW VCS ONE HA 5.0 UNX P CPU TIER 3 STD LIC E;20084583;;REW VCS ONE HA 5.0 UNX P CPU TIER 3 STD LIC E;REW VCS ONE HA 5.0 UNX P CPU TIER 3 STD LIC E;REW VCS ONE HA 5.0 UNX P CPU TIER 3 STD LIC E;REW VCS ONE HA 5.0 UNX P CPU TIER 3 STD LIC E;;;;79;;
1;3;2094;1;5318,5323;4324,01;EXP VCS ONE HA 5.0 UNX P CPU TIER 3 STD LIC S;20084584;;EXP VCS ONE HA 5.0 UNX P CPU TIER 3 STD LIC S;EXP VCS ONE HA 5.0 UNX P CPU TIER 3 STD LIC S;EXP VCS ONE HA 5.0 UNX P CPU TIER 3 STD LIC S;EXP VCS ONE HA 5.0 UNX P CPU TIER 3 STD LIC S;;;;79;;
1;3;2094;1;1202,8539;977,93;REW VCS ONE HA 5.0 UNX P CPU TIER 3 INITIAL BAS D;20084585;;REW VCS ONE HA 5.0 UNX P CPU TIER 3 INITIAL BAS D;REW VCS ONE HA 5.0 UNX P CPU TIER 3 INITIAL BAS D;REW VCS ONE HA 5.0 UNX P CPU TIER 3 INITIAL BAS D;REW VCS ONE HA 5.0 UNX P CPU TIER 3 INITIAL BAS D;;;;79;;
1;3;2094;1;1597,1181;1298,47;REW VCS ONE HA 5.0 UNX P CPU TIER 1 STD LIC D;20084595;;REW VCS ONE HA 5.0 UNX P CPU TIER 1 STD LIC D;REW VCS ONE HA 5.0 UNX P CPU TIER 1 STD LIC D;REW VCS ONE HA 5.0 UNX P CPU TIER 1 STD LIC D;REW VCS ONE HA 5.0 UNX P CPU TIER 1 STD LIC D;;;;79;;
1;3;2094;1;1555,089;1264,3;REW VCS ONE HA 5.0 UNX P CPU TIER 1 STD LIC E;20084596;;REW VCS ONE HA 5.0 UNX P CPU TIER 1 STD LIC E;REW VCS ONE HA 5.0 UNX P CPU TIER 1 STD LIC E;REW VCS ONE HA 5.0 UNX P CPU TIER 1 STD LIC E;REW VCS ONE HA 5.0 UNX P CPU TIER 1 STD LIC E;;;;79;;
1;3;2094;1;1681,164;1366,8;GOV VCS ONE HA 5.0 UNX P CPU TIER 1 STD LIC 1+;20084597;;GOV VCS ONE HA 5.0 UNX P CPU TIER 1 STD LIC 1+;GOV VCS ONE HA 5.0 UNX P CPU TIER 1 STD LIC 1+;GOV VCS ONE HA 5.0 UNX P CPU TIER 1 STD LIC 1+;GOV VCS ONE HA 5.0 UNX P CPU TIER 1 STD LIC 1+;;;;79;;
1;3;2094;1;1681,164;1366,8;AE VCS ONE HA 5.0 UNX P CPU TIER 1 STD LIC S;20084598;;AE VCS ONE HA 5.0 UNX P CPU TIER 1 STD LIC S;AE VCS ONE HA 5.0 UNX P CPU TIER 1 STD LIC S;AE VCS ONE HA 5.0 UNX P CPU TIER 1 STD LIC S;AE VCS ONE HA 5.0 UNX P CPU TIER 1 STD LIC S;;;;79;;
1;3;2094;1;380,2176;309,12;REW VCS ONE HA 5.0 UNX P CPU TIER 1 INITIAL BAS C;20084599;;REW VCS ONE HA 5.0 UNX P CPU TIER 1 INITIAL BAS C;REW VCS ONE HA 5.0 UNX P CPU TIER 1 INITIAL BAS C;REW VCS ONE HA 5.0 UNX P CPU TIER 1 INITIAL BAS C;REW VCS ONE HA 5.0 UNX P CPU TIER 1 INITIAL BAS C;;;;79;;
1;3;2094;1;400,2174;325,38;EXP VCS ONE HA 5.0 UNX P CPU TIER 1 INITIAL BAS S;20084608;;EXP VCS ONE HA 5.0 UNX P CPU TIER 1 INITIAL BAS S;EXP VCS ONE HA 5.0 UNX P CPU TIER 1 INITIAL BAS S;EXP VCS ONE HA 5.0 UNX P CPU TIER 1 INITIAL BAS S;EXP VCS ONE HA 5.0 UNX P CPU TIER 1 INITIAL BAS S;;;;79;;
1;3;2094;1;400,2174;325,38;AE VCS ONE HA 5.0 UNX P CPU TIER 1 INITIAL BAS S;20084609;;AE VCS ONE HA 5.0 UNX P CPU TIER 1 INITIAL BAS S;AE VCS ONE HA 5.0 UNX P CPU TIER 1 INITIAL BAS S;AE VCS ONE HA 5.0 UNX P CPU TIER 1 INITIAL BAS S;AE VCS ONE HA 5.0 UNX P CPU TIER 1 INITIAL BAS S;;;;79;;
1;3;2094;1;511,4094;415,78;REW VCS ONE HA 5.0 UNX P CPU TIER 1 INITIAL ESS B;20084610;;REW VCS ONE HA 5.0 UNX P CPU TIER 1 INITIAL ESS B;REW VCS ONE HA 5.0 UNX P CPU TIER 1 INITIAL ESS B;REW VCS ONE HA 5.0 UNX P CPU TIER 1 INITIAL ESS B;REW VCS ONE HA 5.0 UNX P CPU TIER 1 INITIAL ESS B;;;;79;;
1;3;2094;1;485,8377;394,99;REW VCS ONE HA 5.0 UNX P CPU TIER 1 INITIAL ESS C;20084611;;REW VCS ONE HA 5.0 UNX P CPU TIER 1 INITIAL ESS C;REW VCS ONE HA 5.0 UNX P CPU TIER 1 INITIAL ESS C;REW VCS ONE HA 5.0 UNX P CPU TIER 1 INITIAL ESS C;REW VCS ONE HA 5.0 UNX P CPU TIER 1 INITIAL ESS C;;;;79;;
1;3;2094;1;511,4094;415,78;GOV VCS ONE HA 5.0 UNX P CPU TIER 1 INITIAL ESS 1+;20084612;;GOV VCS ONE HA 5.0 UNX P CPU TIER 1 INITIAL ESS 1+;GOV VCS ONE HA 5.0 UNX P CPU TIER 1 INITIAL ESS 1+;GOV VCS ONE HA 5.0 UNX P CPU TIER 1 INITIAL ESS 1+;GOV VCS ONE HA 5.0 UNX P CPU TIER 1 INITIAL ESS 1+;;;;79;;
1;3;2094;1;511,4094;415,78;EXP VCS ONE HA 5.0 UNX P CPU TIER 1 INITIAL ESS S;20084613;;EXP VCS ONE HA 5.0 UNX P CPU TIER 1 INITIAL ESS S;EXP VCS ONE HA 5.0 UNX P CPU TIER 1 INITIAL ESS S;EXP VCS ONE HA 5.0 UNX P CPU TIER 1 INITIAL ESS S;EXP VCS ONE HA 5.0 UNX P CPU TIER 1 INITIAL ESS S;;;;79;;
1;3;2094;1;661,125;537,5;REW VCS ONE HA 5.0 UNX P CPU TIER 2 INITIAL BAS D;20084629;;REW VCS ONE HA 5.0 UNX P CPU TIER 2 INITIAL BAS D;REW VCS ONE HA 5.0 UNX P CPU TIER 2 INITIAL BAS D;REW VCS ONE HA 5.0 UNX P CPU TIER 2 INITIAL BAS D;REW VCS ONE HA 5.0 UNX P CPU TIER 2 INITIAL BAS D;;;;79;;
1;3;2094;1;889,2285;722,95;REW VCS ONE HA 5.0 UNX P CPU TIER 2 INITIAL ESS B;20084630;;REW VCS ONE HA 5.0 UNX P CPU TIER 2 INITIAL ESS B;REW VCS ONE HA 5.0 UNX P CPU TIER 2 INITIAL ESS B;REW VCS ONE HA 5.0 UNX P CPU TIER 2 INITIAL ESS B;REW VCS ONE HA 5.0 UNX P CPU TIER 2 INITIAL ESS B;;;;79;;
1;3;2094;1;889,2285;722,95;AE VCS ONE HA 5.0 UNX P CPU TIER 2 INITIAL ESS S;20084631;;AE VCS ONE HA 5.0 UNX P CPU TIER 2 INITIAL ESS S;AE VCS ONE HA 5.0 UNX P CPU TIER 2 INITIAL ESS S;AE VCS ONE HA 5.0 UNX P CPU TIER 2 INITIAL ESS S;AE VCS ONE HA 5.0 UNX P CPU TIER 2 INITIAL ESS S;;;;79;;
1;3;2094;1;2923,1934;2376,58;REW VCS ONE HA 5.0 UNX P CPU TIER 2 STD LIC A;20084637;;REW VCS ONE HA 5.0 UNX P CPU TIER 2 STD LIC A;REW VCS ONE HA 5.0 UNX P CPU TIER 2 STD LIC A;REW VCS ONE HA 5.0 UNX P CPU TIER 2 STD LIC A;REW VCS ONE HA 5.0 UNX P CPU TIER 2 STD LIC A;;;;79;;
1;3;2094;1;695,8971;565,77;REW VCS ONE HA 5.0 UNX P CPU TIER 2 INITIAL BAS A;20084638;;REW VCS ONE HA 5.0 UNX P CPU TIER 2 INITIAL BAS A;REW VCS ONE HA 5.0 UNX P CPU TIER 2 INITIAL BAS A;REW VCS ONE HA 5.0 UNX P CPU TIER 2 INITIAL BAS A;REW VCS ONE HA 5.0 UNX P CPU TIER 2 INITIAL BAS A;;;;79;;
1;3;2094;1;643,7328;523,36;REW VCS ONE HA 5.0 UNX P CPU TIER 2 INITIAL BAS E;20084639;;REW VCS ONE HA 5.0 UNX P CPU TIER 2 INITIAL BAS E;REW VCS ONE HA 5.0 UNX P CPU TIER 2 INITIAL BAS E;REW VCS ONE HA 5.0 UNX P CPU TIER 2 INITIAL BAS E;REW VCS ONE HA 5.0 UNX P CPU TIER 2 INITIAL BAS E;;;;79;;
1;3;2094;1;844,764;686,8;REW VCS ONE HA 5.0 UNX P CPU TIER 2 INITIAL ESS C;20084640;;REW VCS ONE HA 5.0 UNX P CPU TIER 2 INITIAL ESS C;REW VCS ONE HA 5.0 UNX P CPU TIER 2 INITIAL ESS C;REW VCS ONE HA 5.0 UNX P CPU TIER 2 INITIAL ESS C;REW VCS ONE HA 5.0 UNX P CPU TIER 2 INITIAL ESS C;;;;79;;
1;3;2094;1;1597,1181;1298,47;REW VCS ONE HA 5.0 UNX P CPU TIER 1 STD LIC C;20084647;;REW VCS ONE HA 5.0 UNX P CPU TIER 1 STD LIC C;REW VCS ONE HA 5.0 UNX P CPU TIER 1 STD LIC C;REW VCS ONE HA 5.0 UNX P CPU TIER 1 STD LIC C;REW VCS ONE HA 5.0 UNX P CPU TIER 1 STD LIC C;;;;79;;
1;3;2094;1;5052,6186;4107,82;REW VCS ONE HA 5.0 UNX P CPU TIER 3 STD LIC D;20084668;;REW VCS ONE HA 5.0 UNX P CPU TIER 3 STD LIC D;REW VCS ONE HA 5.0 UNX P CPU TIER 3 STD LIC D;REW VCS ONE HA 5.0 UNX P CPU TIER 3 STD LIC D;REW VCS ONE HA 5.0 UNX P CPU TIER 3 STD LIC D;;;;79;;
1;3;2094;1;1266,1497;1029,39;EXP VCS ONE HA 5.0 UNX P CPU TIER 3 INITIAL BAS S;20084669;;EXP VCS ONE HA 5.0 UNX P CPU TIER 3 INITIAL BAS S;EXP VCS ONE HA 5.0 UNX P CPU TIER 3 INITIAL BAS S;EXP VCS ONE HA 5.0 UNX P CPU TIER 3 INITIAL BAS S;EXP VCS ONE HA 5.0 UNX P CPU TIER 3 INITIAL BAS S;;;;79;;
1;3;2094;1;1496,5287;1216,69;REW VCS ONE HA 5.0 UNX P CPU TIER 3 INITIAL ESS E;20084670;;REW VCS ONE HA 5.0 UNX P CPU TIER 3 INITIAL ESS E;REW VCS ONE HA 5.0 UNX P CPU TIER 3 INITIAL ESS E;REW VCS ONE HA 5.0 UNX P CPU TIER 3 INITIAL ESS E;REW VCS ONE HA 5.0 UNX P CPU TIER 3 INITIAL ESS E;;;;79;;
1;3;2094;1;2703,9705;2198,35;REW VCS ONE HA 5.0 UNX P CPU TIER 2 STD LIC E;20084673;;REW VCS ONE HA 5.0 UNX P CPU TIER 2 STD LIC E;REW VCS ONE HA 5.0 UNX P CPU TIER 2 STD LIC E;REW VCS ONE HA 5.0 UNX P CPU TIER 2 STD LIC E;REW VCS ONE HA 5.0 UNX P CPU TIER 2 STD LIC E;;;;79;;
1;3;2094;1;5318,5323;4324,01;GOV VCS ONE HA 5.0 UNX P CPU TIER 3 STD LIC 1+;20084683;;GOV VCS ONE HA 5.0 UNX P CPU TIER 3 STD LIC 1+;GOV VCS ONE HA 5.0 UNX P CPU TIER 3 STD LIC 1+;GOV VCS ONE HA 5.0 UNX P CPU TIER 3 STD LIC 1+;GOV VCS ONE HA 5.0 UNX P CPU TIER 3 STD LIC 1+;;;;79;;
1;3;2094;1;5318,5323;4324,01;AE VCS ONE HA 5.0 UNX P CPU TIER 3 STD LIC S;20084693;;AE VCS ONE HA 5.0 UNX P CPU TIER 3 STD LIC S;AE VCS ONE HA 5.0 UNX P CPU TIER 3 STD LIC S;AE VCS ONE HA 5.0 UNX P CPU TIER 3 STD LIC S;AE VCS ONE HA 5.0 UNX P CPU TIER 3 STD LIC S;;;;79;;
1;3;2094;1;1617,8682;1315,34;EXP VCS ONE HA 5.0 UNX P CPU TIER 3 INITIAL ESS S;20084695;;EXP VCS ONE HA 5.0 UNX P CPU TIER 3 INITIAL ESS S;EXP VCS ONE HA 5.0 UNX P CPU TIER 3 INITIAL ESS S;EXP VCS ONE HA 5.0 UNX P CPU TIER 3 INITIAL ESS S;EXP VCS ONE HA 5.0 UNX P CPU TIER 3 INITIAL ESS S;;;;79;;
1;3;2094;1;1617,8682;1315,34;AE VCS ONE HA 5.0 UNX P CPU TIER 3 INITIAL ESS S;20084696;;AE VCS ONE HA 5.0 UNX P CPU TIER 3 INITIAL ESS S;AE VCS ONE HA 5.0 UNX P CPU TIER 3 INITIAL ESS S;AE VCS ONE HA 5.0 UNX P CPU TIER 3 INITIAL ESS S;AE VCS ONE HA 5.0 UNX P CPU TIER 3 INITIAL ESS S;;;;79;;
1;3;2094;1;1681,164;1366,8;EXP VCS ONE HA 5.0 UNX P CPU TIER 1 STD LIC S;20084703;;EXP VCS ONE HA 5.0 UNX P CPU TIER 1 STD LIC S;EXP VCS ONE HA 5.0 UNX P CPU TIER 1 STD LIC S;EXP VCS ONE HA 5.0 UNX P CPU TIER 1 STD LIC S;EXP VCS ONE HA 5.0 UNX P CPU TIER 1 STD LIC S;;;;79;;
1;3;2094;1;2777,0571;2257,77;REW VCS ONE HA 5.0 UNX P CPU TIER 2 STD LIC D;20084715;;REW VCS ONE HA 5.0 UNX P CPU TIER 2 STD LIC D;REW VCS ONE HA 5.0 UNX P CPU TIER 2 STD LIC D;REW VCS ONE HA 5.0 UNX P CPU TIER 2 STD LIC D;REW VCS ONE HA 5.0 UNX P CPU TIER 2 STD LIC D;;;;79;;
1;3;2094;1;695,8971;565,77;GOV VCS ONE HA 5.0 UNX P CPU TIER 2 INITIAL BAS 1+;20084716;;GOV VCS ONE HA 5.0 UNX P CPU TIER 2 INITIAL BAS 1+;GOV VCS ONE HA 5.0 UNX P CPU TIER 2 INITIAL BAS 1+;GOV VCS ONE HA 5.0 UNX P CPU TIER 2 INITIAL BAS 1+;GOV VCS ONE HA 5.0 UNX P CPU TIER 2 INITIAL BAS 1+;;;;79;;
1;3;2094;1;1536,9834;1249,58;REW VCS ONE HA 5.0 UNX P CPU TIER 3 INITIAL ESS D;20084718;;REW VCS ONE HA 5.0 UNX P CPU TIER 3 INITIAL ESS D;REW VCS ONE HA 5.0 UNX P CPU TIER 3 INITIAL ESS D;REW VCS ONE HA 5.0 UNX P CPU TIER 3 INITIAL ESS D;REW VCS ONE HA 5.0 UNX P CPU TIER 3 INITIAL ESS D;;;;79;;
1;3;2094;1;822,5256;668,72;REW VCS ONE HA 5.0 UNX P CPU TIER 2 INITIAL ESS E;20084721;;REW VCS ONE HA 5.0 UNX P CPU TIER 2 INITIAL ESS E;REW VCS ONE HA 5.0 UNX P CPU TIER 2 INITIAL ESS E;REW VCS ONE HA 5.0 UNX P CPU TIER 2 INITIAL ESS E;REW VCS ONE HA 5.0 UNX P CPU TIER 2 INITIAL ESS E;;;;79;;
1;3;2094;1;5318,5323;4324,01;REW VCS ONE HA 5.0 UNX P CPU TIER 3 STD LIC A;20084730;;REW VCS ONE HA 5.0 UNX P CPU TIER 3 STD LIC A;REW VCS ONE HA 5.0 UNX P CPU TIER 3 STD LIC A;REW VCS ONE HA 5.0 UNX P CPU TIER 3 STD LIC A;REW VCS ONE HA 5.0 UNX P CPU TIER 3 STD LIC A;;;;79;;
1;3;2094;1;1171,206;952,2;REW VCS ONE HA 5.0 UNX P CPU TIER 3 INITIAL BAS E;20084731;;REW VCS ONE HA 5.0 UNX P CPU TIER 3 INITIAL BAS E;REW VCS ONE HA 5.0 UNX P CPU TIER 3 INITIAL BAS E;REW VCS ONE HA 5.0 UNX P CPU TIER 3 INITIAL BAS E;REW VCS ONE HA 5.0 UNX P CPU TIER 3 INITIAL BAS E;;;;79;;
1;3;2094;1;1617,8682;1315,34;GOV VCS ONE HA 5.0 UNX P CPU TIER 3 INITIAL ESS 1+;20084732;;GOV VCS ONE HA 5.0 UNX P CPU TIER 3 INITIAL ESS 1+;GOV VCS ONE HA 5.0 UNX P CPU TIER 3 INITIAL ESS 1+;GOV VCS ONE HA 5.0 UNX P CPU TIER 3 INITIAL ESS 1+;GOV VCS ONE HA 5.0 UNX P CPU TIER 3 INITIAL ESS 1+;;;;79;;
1;3;2094;1;1681,164;1366,8;REW VCS ONE HA 5.0 UNX P CPU TIER 1 STD LIC A;20084737;;REW VCS ONE HA 5.0 UNX P CPU TIER 1 STD LIC A;REW VCS ONE HA 5.0 UNX P CPU TIER 1 STD LIC A;REW VCS ONE HA 5.0 UNX P CPU TIER 1 STD LIC A;REW VCS ONE HA 5.0 UNX P CPU TIER 1 STD LIC A;;;;79;;
1;3;2094;1;380,2176;309,12;REW VCS ONE HA 5.0 UNX P CPU TIER 1 INITIAL BAS D;20084739;;REW VCS ONE HA 5.0 UNX P CPU TIER 1 INITIAL BAS D;REW VCS ONE HA 5.0 UNX P CPU TIER 1 INITIAL BAS D;REW VCS ONE HA 5.0 UNX P CPU TIER 1 INITIAL BAS D;REW VCS ONE HA 5.0 UNX P CPU TIER 1 INITIAL BAS D;;;;79;;
1;3;2094;1;400,2174;325,38;GOV VCS ONE HA 5.0 UNX P CPU TIER 1 INITIAL BAS 1+;20084740;;GOV VCS ONE HA 5.0 UNX P CPU TIER 1 INITIAL BAS 1+;GOV VCS ONE HA 5.0 UNX P CPU TIER 1 INITIAL BAS 1+;GOV VCS ONE HA 5.0 UNX P CPU TIER 1 INITIAL BAS 1+;GOV VCS ONE HA 5.0 UNX P CPU TIER 1 INITIAL BAS 1+;;;;79;;
1;3;2094;1;485,8377;394,99;REW VCS ONE HA 5.0 UNX P CPU TIER 1 INITIAL ESS D;20084741;;REW VCS ONE HA 5.0 UNX P CPU TIER 1 INITIAL ESS D;REW VCS ONE HA 5.0 UNX P CPU TIER 1 INITIAL ESS D;REW VCS ONE HA 5.0 UNX P CPU TIER 1 INITIAL ESS D;REW VCS ONE HA 5.0 UNX P CPU TIER 1 INITIAL ESS D;;;;79;;
1;3;2094;1;511,4094;415,78;AE VCS ONE HA 5.0 UNX P CPU TIER 1 INITIAL ESS S;20084742;;AE VCS ONE HA 5.0 UNX P CPU TIER 1 INITIAL ESS S;AE VCS ONE HA 5.0 UNX P CPU TIER 1 INITIAL ESS S;AE VCS ONE HA 5.0 UNX P CPU TIER 1 INITIAL ESS S;AE VCS ONE HA 5.0 UNX P CPU TIER 1 INITIAL ESS S;;;;79;;
1;3;2094;1;400,2174;325,38;REW VCS ONE HA 5.0 UNX P CPU TIER 1 INITIAL BAS A;20084750;;REW VCS ONE HA 5.0 UNX P CPU TIER 1 INITIAL BAS A;REW VCS ONE HA 5.0 UNX P CPU TIER 1 INITIAL BAS A;REW VCS ONE HA 5.0 UNX P CPU TIER 1 INITIAL BAS A;REW VCS ONE HA 5.0 UNX P CPU TIER 1 INITIAL BAS A;;;;79;;
1;3;2094;1;473,0457;384,59;REW VCS ONE HA 5.0 UNX P CPU TIER 1 INITIAL ESS E;20084751;;REW VCS ONE HA 5.0 UNX P CPU TIER 1 INITIAL ESS E;REW VCS ONE HA 5.0 UNX P CPU TIER 1 INITIAL ESS E;REW VCS ONE HA 5.0 UNX P CPU TIER 1 INITIAL ESS E;REW VCS ONE HA 5.0 UNX P CPU TIER 1 INITIAL ESS E;;;;79;;
1;3;2094;1;2923,1934;2376,58;GOV VCS ONE HA 5.0 UNX P CPU TIER 2 STD LIC 1+;20084755;;GOV VCS ONE HA 5.0 UNX P CPU TIER 2 STD LIC 1+;GOV VCS ONE HA 5.0 UNX P CPU TIER 2 STD LIC 1+;GOV VCS ONE HA 5.0 UNX P CPU TIER 2 STD LIC 1+;GOV VCS ONE HA 5.0 UNX P CPU TIER 2 STD LIC 1+;;;;79;;
1;3;2094;1;2923,1934;2376,58;EXP VCS ONE HA 5.0 UNX P CPU TIER 2 STD LIC S;20084756;;EXP VCS ONE HA 5.0 UNX P CPU TIER 2 STD LIC S;EXP VCS ONE HA 5.0 UNX P CPU TIER 2 STD LIC S;EXP VCS ONE HA 5.0 UNX P CPU TIER 2 STD LIC S;EXP VCS ONE HA 5.0 UNX P CPU TIER 2 STD LIC S;;;;79;;
1;3;2094;1;2923,1934;2376,58;REW VCS ONE HA 5.0 UNX P CPU TIER 2 STD LIC B;20084760;;REW VCS ONE HA 5.0 UNX P CPU TIER 2 STD LIC B;REW VCS ONE HA 5.0 UNX P CPU TIER 2 STD LIC B;REW VCS ONE HA 5.0 UNX P CPU TIER 2 STD LIC B;REW VCS ONE HA 5.0 UNX P CPU TIER 2 STD LIC B;;;;79;;
1;3;2094;1;5052,6186;4107,82;REW VCS ONE HA 5.0 UNX P CPU TIER 3 STD LIC C;20084768;;REW VCS ONE HA 5.0 UNX P CPU TIER 3 STD LIC C;REW VCS ONE HA 5.0 UNX P CPU TIER 3 STD LIC C;REW VCS ONE HA 5.0 UNX P CPU TIER 3 STD LIC C;REW VCS ONE HA 5.0 UNX P CPU TIER 3 STD LIC C;;;;79;;
1;3;2094;1;695,8971;565,77;REW VCS ONE HA 5.0 UNX P CPU TIER 2 INITIAL BAS B;20084769;;REW VCS ONE HA 5.0 UNX P CPU TIER 2 INITIAL BAS B;REW VCS ONE HA 5.0 UNX P CPU TIER 2 INITIAL BAS B;REW VCS ONE HA 5.0 UNX P CPU TIER 2 INITIAL BAS B;REW VCS ONE HA 5.0 UNX P CPU TIER 2 INITIAL BAS B;;;;79;;
1;3;2094;1;695,8971;565,77;EXP VCS ONE HA 5.0 UNX P CPU TIER 2 INITIAL BAS S;20084770;;EXP VCS ONE HA 5.0 UNX P CPU TIER 2 INITIAL BAS S;EXP VCS ONE HA 5.0 UNX P CPU TIER 2 INITIAL BAS S;EXP VCS ONE HA 5.0 UNX P CPU TIER 2 INITIAL BAS S;EXP VCS ONE HA 5.0 UNX P CPU TIER 2 INITIAL BAS S;;;;79;;
1;3;2094;1;844,764;686,8;REW VCS ONE HA 5.0 UNX P CPU TIER 2 INITIAL ESS D;20084771;;REW VCS ONE HA 5.0 UNX P CPU TIER 2 INITIAL ESS D;REW VCS ONE HA 5.0 UNX P CPU TIER 2 INITIAL ESS D;REW VCS ONE HA 5.0 UNX P CPU TIER 2 INITIAL ESS D;REW VCS ONE HA 5.0 UNX P CPU TIER 2 INITIAL ESS D;;;;79;;
1;3;2094;1;889,2285;722,95;EXP VCS ONE HA 5.0 UNX P CPU TIER 2 INITIAL ESS S;20084773;;EXP VCS ONE HA 5.0 UNX P CPU TIER 2 INITIAL ESS S;EXP VCS ONE HA 5.0 UNX P CPU TIER 2 INITIAL ESS S;EXP VCS ONE HA 5.0 UNX P CPU TIER 2 INITIAL ESS S;EXP VCS ONE HA 5.0 UNX P CPU TIER 2 INITIAL ESS S;;;;79;;
1;3;2094;1;1266,1497;1029,39;AE VCS ONE HA 5.0 UNX P CPU TIER 3 INITIAL BAS S;20084781;;AE VCS ONE HA 5.0 UNX P CPU TIER 3 INITIAL BAS S;AE VCS ONE HA 5.0 UNX P CPU TIER 3 INITIAL BAS S;AE VCS ONE HA 5.0 UNX P CPU TIER 3 INITIAL BAS S;AE VCS ONE HA 5.0 UNX P CPU TIER 3 INITIAL BAS S;;;;79;;
1;3;2094;1;1536,9834;1249,58;REW VCS ONE HA 5.0 UNX P CPU TIER 3 INITIAL ESS C;20084782;;REW VCS ONE HA 5.0 UNX P CPU TIER 3 INITIAL ESS C;REW VCS ONE HA 5.0 UNX P CPU TIER 3 INITIAL ESS C;REW VCS ONE HA 5.0 UNX P CPU TIER 3 INITIAL ESS C;REW VCS ONE HA 5.0 UNX P CPU TIER 3 INITIAL ESS C;;;;79;;
1;3;2094;1;400,2174;325,38;REW VCS ONE HA 5.0 UNX P CPU TIER 1 INITIAL BAS B;20084791;;REW VCS ONE HA 5.0 UNX P CPU TIER 1 INITIAL BAS B;REW VCS ONE HA 5.0 UNX P CPU TIER 1 INITIAL BAS B;REW VCS ONE HA 5.0 UNX P CPU TIER 1 INITIAL BAS B;REW VCS ONE HA 5.0 UNX P CPU TIER 1 INITIAL BAS B;;;;79;;
1;3;2094;1;511,4094;415,78;REW VCS ONE HA 5.0 UNX P CPU TIER 1 INITIAL ESS A;20084792;;REW VCS ONE HA 5.0 UNX P CPU TIER 1 INITIAL ESS A;REW VCS ONE HA 5.0 UNX P CPU TIER 1 INITIAL ESS A;REW VCS ONE HA 5.0 UNX P CPU TIER 1 INITIAL ESS A;REW VCS ONE HA 5.0 UNX P CPU TIER 1 INITIAL ESS A;;;;79;;
1;3;2094;1;17694,6816;14385,92;REW VCS ONE HA 5.0 UNX P SVR TIER F STD LIC D;20084839;;REW VCS ONE HA 5.0 UNX P SVR TIER F STD LIC D;REW VCS ONE HA 5.0 UNX P SVR TIER F STD LIC D;REW VCS ONE HA 5.0 UNX P SVR TIER F STD LIC D;REW VCS ONE HA 5.0 UNX P SVR TIER F STD LIC D;;;;79;;
1;3;2094;1;18625,9638;15143,06;GOV VCS ONE HA 5.0 UNX P SVR TIER F STD LIC 1+;20084840;;GOV VCS ONE HA 5.0 UNX P SVR TIER F STD LIC 1+;GOV VCS ONE HA 5.0 UNX P SVR TIER F STD LIC 1+;GOV VCS ONE HA 5.0 UNX P SVR TIER F STD LIC 1+;GOV VCS ONE HA 5.0 UNX P SVR TIER F STD LIC 1+;;;;79;;
1;3;2094;1;5665,8966;4606,42;AE VCS ONE HA 5.0 UNX P SVR TIER F INITIAL ESS S;20084842;;AE VCS ONE HA 5.0 UNX P SVR TIER F INITIAL ESS S;AE VCS ONE HA 5.0 UNX P SVR TIER F INITIAL ESS S;AE VCS ONE HA 5.0 UNX P SVR TIER F INITIAL ESS S;AE VCS ONE HA 5.0 UNX P SVR TIER F INITIAL ESS S;;;;79;;
1;3;2094;1;26610,4104;21634,48;REW VCS ONE HA 5.0 UNX P SVR TIER G STD LIC B;20084843;;REW VCS ONE HA 5.0 UNX P SVR TIER G STD LIC B;REW VCS ONE HA 5.0 UNX P SVR TIER G STD LIC B;REW VCS ONE HA 5.0 UNX P SVR TIER G STD LIC B;REW VCS ONE HA 5.0 UNX P SVR TIER G STD LIC B;;;;79;;
1;3;2094;1;26610,4104;21634,48;GOV VCS ONE HA 5.0 UNX P SVR TIER G STD LIC 1+;20084844;;GOV VCS ONE HA 5.0 UNX P SVR TIER G STD LIC 1+;GOV VCS ONE HA 5.0 UNX P SVR TIER G STD LIC 1+;GOV VCS ONE HA 5.0 UNX P SVR TIER G STD LIC 1+;GOV VCS ONE HA 5.0 UNX P SVR TIER G STD LIC 1+;;;;79;;
1;3;2094;1;26610,4104;21634,48;AE VCS ONE HA 5.0 UNX P SVR TIER G STD LIC S;20084845;;AE VCS ONE HA 5.0 UNX P SVR TIER G STD LIC S;AE VCS ONE HA 5.0 UNX P SVR TIER G STD LIC S;AE VCS ONE HA 5.0 UNX P SVR TIER G STD LIC S;AE VCS ONE HA 5.0 UNX P SVR TIER G STD LIC S;;;;79;;
1;3;2094;1;6334,992;5150,4;AE VCS ONE HA 5.0 UNX P SVR TIER G INITIAL BAS S;20084846;;AE VCS ONE HA 5.0 UNX P SVR TIER G INITIAL BAS S;AE VCS ONE HA 5.0 UNX P SVR TIER G INITIAL BAS S;AE VCS ONE HA 5.0 UNX P SVR TIER G INITIAL BAS S;AE VCS ONE HA 5.0 UNX P SVR TIER G INITIAL BAS S;;;;79;;
1;3;2094;1;8094,7284;6581,08;REW VCS ONE HA 5.0 UNX P SVR TIER G INITIAL ESS A;20084847;;REW VCS ONE HA 5.0 UNX P SVR TIER G INITIAL ESS A;REW VCS ONE HA 5.0 UNX P SVR TIER G INITIAL ESS A;REW VCS ONE HA 5.0 UNX P SVR TIER G INITIAL ESS A;REW VCS ONE HA 5.0 UNX P SVR TIER G INITIAL ESS A;;;;79;;
1;3;2094;1;17688,63;14381;REW VCS ONE HA 5.0 UNX P SVR TIER L INITIAL ESS D;20084850;;REW VCS ONE HA 5.0 UNX P SVR TIER L INITIAL ESS D;REW VCS ONE HA 5.0 UNX P SVR TIER L INITIAL ESS D;REW VCS ONE HA 5.0 UNX P SVR TIER L INITIAL ESS D;REW VCS ONE HA 5.0 UNX P SVR TIER L INITIAL ESS D;;;;79;;
1;3;2094;1;4434,1869;3605,03;REW VCS ONE HA 5.0 UNX P SVR TIER F INITIAL BAS A;20084853;;REW VCS ONE HA 5.0 UNX P SVR TIER F INITIAL BAS A;REW VCS ONE HA 5.0 UNX P SVR TIER F INITIAL BAS A;REW VCS ONE HA 5.0 UNX P SVR TIER F INITIAL BAS A;REW VCS ONE HA 5.0 UNX P SVR TIER F INITIAL BAS A;;;;79;;
1;3;2094;1;4434,1869;3605,03;REW VCS ONE HA 5.0 UNX P SVR TIER F INITIAL BAS B;20084854;;REW VCS ONE HA 5.0 UNX P SVR TIER F INITIAL BAS B;REW VCS ONE HA 5.0 UNX P SVR TIER F INITIAL BAS B;REW VCS ONE HA 5.0 UNX P SVR TIER F INITIAL BAS B;REW VCS ONE HA 5.0 UNX P SVR TIER F INITIAL BAS B;;;;79;;
1;3;2094;1;4212,4794;3424,78;REW VCS ONE HA 5.0 UNX P SVR TIER F INITIAL BAS D;20084855;;REW VCS ONE HA 5.0 UNX P SVR TIER F INITIAL BAS D;REW VCS ONE HA 5.0 UNX P SVR TIER F INITIAL BAS D;REW VCS ONE HA 5.0 UNX P SVR TIER F INITIAL BAS D;REW VCS ONE HA 5.0 UNX P SVR TIER F INITIAL BAS D;;;;79;;
1;3;2094;1;4101,6195;3334,65;REW VCS ONE HA 5.0 UNX P SVR TIER F INITIAL BAS E;20084856;;REW VCS ONE HA 5.0 UNX P SVR TIER F INITIAL BAS E;REW VCS ONE HA 5.0 UNX P SVR TIER F INITIAL BAS E;REW VCS ONE HA 5.0 UNX P SVR TIER F INITIAL BAS E;REW VCS ONE HA 5.0 UNX P SVR TIER F INITIAL BAS E;;;;79;;
1;3;2094;1;5665,8966;4606,42;REW VCS ONE HA 5.0 UNX P SVR TIER F INITIAL ESS A;20084857;;REW VCS ONE HA 5.0 UNX P SVR TIER F INITIAL ESS A;REW VCS ONE HA 5.0 UNX P SVR TIER F INITIAL ESS A;REW VCS ONE HA 5.0 UNX P SVR TIER F INITIAL ESS A;REW VCS ONE HA 5.0 UNX P SVR TIER F INITIAL ESS A;;;;79;;
1;3;2094;1;5382,6153;4376,11;REW VCS ONE HA 5.0 UNX P SVR TIER F INITIAL ESS D;20084858;;REW VCS ONE HA 5.0 UNX P SVR TIER F INITIAL ESS D;REW VCS ONE HA 5.0 UNX P SVR TIER F INITIAL ESS D;REW VCS ONE HA 5.0 UNX P SVR TIER F INITIAL ESS D;REW VCS ONE HA 5.0 UNX P SVR TIER F INITIAL ESS D;;;;79;;
1;3;2094;1;61209,7323;49764,01;GOV VCS ONE HA 5.0 UNX P SVR TIER L STD LIC 1+;20084860;;GOV VCS ONE HA 5.0 UNX P SVR TIER L STD LIC 1+;GOV VCS ONE HA 5.0 UNX P SVR TIER L STD LIC 1+;GOV VCS ONE HA 5.0 UNX P SVR TIER L STD LIC 1+;GOV VCS ONE HA 5.0 UNX P SVR TIER L STD LIC 1+;;;;79;;
1;3;2094;1;8094,7284;6581,08;GOV VCS ONE HA 5.0 UNX P SVR TIER G INITIAL ESS 1+;20084861;;GOV VCS ONE HA 5.0 UNX P SVR TIER G INITIAL ESS 1+;GOV VCS ONE HA 5.0 UNX P SVR TIER G INITIAL ESS 1+;GOV VCS ONE HA 5.0 UNX P SVR TIER G INITIAL ESS 1+;GOV VCS ONE HA 5.0 UNX P SVR TIER G INITIAL ESS 1+;;;;79;;
1;3;2094;1;31600,9386;25691,82;REW VCS ONE HA 5.0 UNX P SVR TIER H STD LIC C;20084863;;REW VCS ONE HA 5.0 UNX P SVR TIER H STD LIC C;REW VCS ONE HA 5.0 UNX P SVR TIER H STD LIC C;REW VCS ONE HA 5.0 UNX P SVR TIER H STD LIC C;REW VCS ONE HA 5.0 UNX P SVR TIER H STD LIC C;;;;79;;
1;3;2094;1;7918,9983;6438,21;REW VCS ONE HA 5.0 UNX P SVR TIER H INITIAL BAS A;20084864;;REW VCS ONE HA 5.0 UNX P SVR TIER H INITIAL BAS A;REW VCS ONE HA 5.0 UNX P SVR TIER H INITIAL BAS A;REW VCS ONE HA 5.0 UNX P SVR TIER H INITIAL BAS A;REW VCS ONE HA 5.0 UNX P SVR TIER H INITIAL BAS A;;;;79;;
1;3;2094;1;10118,7426;8226,62;REW VCS ONE HA 5.0 UNX P SVR TIER H INITIAL ESS A;20084865;;REW VCS ONE HA 5.0 UNX P SVR TIER H INITIAL ESS A;REW VCS ONE HA 5.0 UNX P SVR TIER H INITIAL ESS A;REW VCS ONE HA 5.0 UNX P SVR TIER H INITIAL ESS A;REW VCS ONE HA 5.0 UNX P SVR TIER H INITIAL ESS A;;;;79;;
1;3;2094;1;10118,7426;8226,62;GOV VCS ONE HA 5.0 UNX P SVR TIER H INITIAL ESS 1+;20084866;;GOV VCS ONE HA 5.0 UNX P SVR TIER H INITIAL ESS 1+;GOV VCS ONE HA 5.0 UNX P SVR TIER H INITIAL ESS 1+;GOV VCS ONE HA 5.0 UNX P SVR TIER H INITIAL ESS 1+;GOV VCS ONE HA 5.0 UNX P SVR TIER H INITIAL ESS 1+;;;;79;;
1;3;2094;1;33805,6521;27484,27;REW VCS ONE HA 5.0 UNX P SVR TIER J STD LIC E;20084867;;REW VCS ONE HA 5.0 UNX P SVR TIER J STD LIC E;REW VCS ONE HA 5.0 UNX P SVR TIER J STD LIC E;REW VCS ONE HA 5.0 UNX P SVR TIER J STD LIC E;REW VCS ONE HA 5.0 UNX P SVR TIER J STD LIC E;;;;79;;
1;3;2094;1;36546,6456;29712,72;AE VCS ONE HA 5.0 UNX P SVR TIER J STD LIC S;20084868;;AE VCS ONE HA 5.0 UNX P SVR TIER J STD LIC S;AE VCS ONE HA 5.0 UNX P SVR TIER J STD LIC S;AE VCS ONE HA 5.0 UNX P SVR TIER J STD LIC S;AE VCS ONE HA 5.0 UNX P SVR TIER J STD LIC S;;;;79;;
1;3;2094;1;11117,2443;9038,41;AE VCS ONE HA 5.0 UNX P SVR TIER J INITIAL ESS S;20084869;;AE VCS ONE HA 5.0 UNX P SVR TIER J INITIAL ESS S;AE VCS ONE HA 5.0 UNX P SVR TIER J INITIAL ESS S;AE VCS ONE HA 5.0 UNX P SVR TIER J INITIAL ESS S;AE VCS ONE HA 5.0 UNX P SVR TIER J INITIAL ESS S;;;;79;;
1;3;2094;1;45212,34;36758;REW VCS ONE HA 5.0 UNX P SVR TIER K STD LIC E;20084871;;REW VCS ONE HA 5.0 UNX P SVR TIER K STD LIC E;REW VCS ONE HA 5.0 UNX P SVR TIER K STD LIC E;REW VCS ONE HA 5.0 UNX P SVR TIER K STD LIC E;REW VCS ONE HA 5.0 UNX P SVR TIER K STD LIC E;;;;79;;
1;3;2094;1;14125,0002;11483,74;REW VCS ONE HA 5.0 UNX P SVR TIER K INITIAL ESS D;20084872;;REW VCS ONE HA 5.0 UNX P SVR TIER K INITIAL ESS D;REW VCS ONE HA 5.0 UNX P SVR TIER K INITIAL ESS D;REW VCS ONE HA 5.0 UNX P SVR TIER K INITIAL ESS D;REW VCS ONE HA 5.0 UNX P SVR TIER K INITIAL ESS D;;;;79;;
1;3;2094;1;33264,1323;27044,01;REW VCS ONE HA 5.0 UNX P SVR TIER H STD LIC A;20084877;;REW VCS ONE HA 5.0 UNX P SVR TIER H STD LIC A;REW VCS ONE HA 5.0 UNX P SVR TIER H STD LIC A;REW VCS ONE HA 5.0 UNX P SVR TIER H STD LIC A;REW VCS ONE HA 5.0 UNX P SVR TIER H STD LIC A;;;;79;;
1;3;2094;1;7918,9983;6438,21;REW VCS ONE HA 5.0 UNX P SVR TIER H INITIAL BAS B;20084878;;REW VCS ONE HA 5.0 UNX P SVR TIER H INITIAL BAS B;REW VCS ONE HA 5.0 UNX P SVR TIER H INITIAL BAS B;REW VCS ONE HA 5.0 UNX P SVR TIER H INITIAL BAS B;REW VCS ONE HA 5.0 UNX P SVR TIER H INITIAL BAS B;;;;79;;
1;3;2094;1;10118,7426;8226,62;AE VCS ONE HA 5.0 UNX P SVR TIER H INITIAL ESS S;20084880;;AE VCS ONE HA 5.0 UNX P SVR TIER H INITIAL ESS S;AE VCS ONE HA 5.0 UNX P SVR TIER H INITIAL ESS S;AE VCS ONE HA 5.0 UNX P SVR TIER H INITIAL ESS S;AE VCS ONE HA 5.0 UNX P SVR TIER H INITIAL ESS S;;;;79;;
1;3;2094;1;34719,3084;28227,08;REW VCS ONE HA 5.0 UNX P SVR TIER J STD LIC C;20084884;;REW VCS ONE HA 5.0 UNX P SVR TIER J STD LIC C;REW VCS ONE HA 5.0 UNX P SVR TIER J STD LIC C;REW VCS ONE HA 5.0 UNX P SVR TIER J STD LIC C;REW VCS ONE HA 5.0 UNX P SVR TIER J STD LIC C;;;;79;;
1;3;2094;1;8700,4542;7073,54;GOV VCS ONE HA 5.0 UNX P SVR TIER J INITIAL BAS 1+;20084885;;GOV VCS ONE HA 5.0 UNX P SVR TIER J INITIAL BAS 1+;GOV VCS ONE HA 5.0 UNX P SVR TIER J INITIAL BAS 1+;GOV VCS ONE HA 5.0 UNX P SVR TIER J INITIAL BAS 1+;GOV VCS ONE HA 5.0 UNX P SVR TIER J INITIAL BAS 1+;;;;79;;
1;3;2094;1;379,1106;308,22;REW VCS ONE HA 5.0 UNX P SVR TIER A INITIAL BAS A;20084886;;REW VCS ONE HA 5.0 UNX P SVR TIER A INITIAL BAS A;REW VCS ONE HA 5.0 UNX P SVR TIER A INITIAL BAS A;REW VCS ONE HA 5.0 UNX P SVR TIER A INITIAL BAS A;REW VCS ONE HA 5.0 UNX P SVR TIER A INITIAL BAS A;;;;79;;
1;3;2094;1;350,673;285,1;REW VCS ONE HA 5.0 UNX P SVR TIER A INITIAL BAS E;20084887;;REW VCS ONE HA 5.0 UNX P SVR TIER A INITIAL BAS E;REW VCS ONE HA 5.0 UNX P SVR TIER A INITIAL BAS E;REW VCS ONE HA 5.0 UNX P SVR TIER A INITIAL BAS E;REW VCS ONE HA 5.0 UNX P SVR TIER A INITIAL BAS E;;;;79;;
1;3;2094;1;484,4232;393,84;REW VCS ONE HA 5.0 UNX P SVR TIER A INITIAL ESS A;20084888;;REW VCS ONE HA 5.0 UNX P SVR TIER A INITIAL ESS A;REW VCS ONE HA 5.0 UNX P SVR TIER A INITIAL ESS A;REW VCS ONE HA 5.0 UNX P SVR TIER A INITIAL ESS A;REW VCS ONE HA 5.0 UNX P SVR TIER A INITIAL ESS A;;;;79;;
1;3;2094;1;4253,9304;3458,48;REW VCS ONE HA 5.0 UNX P SVR TIER B STD LIC A;20084892;;REW VCS ONE HA 5.0 UNX P SVR TIER B STD LIC A;REW VCS ONE HA 5.0 UNX P SVR TIER B STD LIC A;REW VCS ONE HA 5.0 UNX P SVR TIER B STD LIC A;REW VCS ONE HA 5.0 UNX P SVR TIER B STD LIC A;;;;79;;
1;3;2094;1;1012,7082;823,34;REW VCS ONE HA 5.0 UNX P SVR TIER B INITIAL BAS A;20084893;;REW VCS ONE HA 5.0 UNX P SVR TIER B INITIAL BAS A;REW VCS ONE HA 5.0 UNX P SVR TIER B INITIAL BAS A;REW VCS ONE HA 5.0 UNX P SVR TIER B INITIAL BAS A;REW VCS ONE HA 5.0 UNX P SVR TIER B INITIAL BAS A;;;;79;;
1;3;2094;1;1294,0215;1052,05;REW VCS ONE HA 5.0 UNX P SVR TIER B INITIAL ESS B;20084895;;REW VCS ONE HA 5.0 UNX P SVR TIER B INITIAL ESS B;REW VCS ONE HA 5.0 UNX P SVR TIER B INITIAL ESS B;REW VCS ONE HA 5.0 UNX P SVR TIER B INITIAL ESS B;REW VCS ONE HA 5.0 UNX P SVR TIER B INITIAL ESS B;;;;79;;
1;3;2094;1;74517,1638;60583,06;AE VCS ONE HA 5.0 UNX P SVR TIER M STD LIC S;20084900;;AE VCS ONE HA 5.0 UNX P SVR TIER M STD LIC S;AE VCS ONE HA 5.0 UNX P SVR TIER M STD LIC S;AE VCS ONE HA 5.0 UNX P SVR TIER M STD LIC S;AE VCS ONE HA 5.0 UNX P SVR TIER M STD LIC S;;;;79;;
1;3;2094;1;16409,4054;13340,98;REW VCS ONE HA 5.0 UNX P SVR TIER M INITIAL BAS E;20084901;;REW VCS ONE HA 5.0 UNX P SVR TIER M INITIAL BAS E;REW VCS ONE HA 5.0 UNX P SVR TIER M INITIAL BAS E;REW VCS ONE HA 5.0 UNX P SVR TIER M INITIAL BAS E;REW VCS ONE HA 5.0 UNX P SVR TIER M INITIAL BAS E;;;;79;;
1;3;2094;1;21534,2619;17507,53;REW VCS ONE HA 5.0 UNX P SVR TIER M INITIAL ESS C;20084902;;REW VCS ONE HA 5.0 UNX P SVR TIER M INITIAL ESS C;REW VCS ONE HA 5.0 UNX P SVR TIER M INITIAL ESS C;REW VCS ONE HA 5.0 UNX P SVR TIER M INITIAL ESS C;REW VCS ONE HA 5.0 UNX P SVR TIER M INITIAL ESS C;;;;79;;
1;3;2094;1;111777,972;90876,4;REW VCS ONE HA 5.0 UNX P SVR TIER N STD LIC B;20084906;;REW VCS ONE HA 5.0 UNX P SVR TIER N STD LIC B;REW VCS ONE HA 5.0 UNX P SVR TIER N STD LIC B;REW VCS ONE HA 5.0 UNX P SVR TIER N STD LIC B;REW VCS ONE HA 5.0 UNX P SVR TIER N STD LIC B;;;;79;;
1;3;2094;1;111777,972;90876,4;EXP VCS ONE HA 5.0 UNX P SVR TIER N STD LIC S;20084907;;EXP VCS ONE HA 5.0 UNX P SVR TIER N STD LIC S;EXP VCS ONE HA 5.0 UNX P SVR TIER N STD LIC S;EXP VCS ONE HA 5.0 UNX P SVR TIER N STD LIC S;EXP VCS ONE HA 5.0 UNX P SVR TIER N STD LIC S;;;;79;;
1;3;2094;1;26610,3612;21634,44;REW VCS ONE HA 5.0 UNX P SVR TIER N INITIAL BAS A;20084908;;REW VCS ONE HA 5.0 UNX P SVR TIER N INITIAL BAS A;REW VCS ONE HA 5.0 UNX P SVR TIER N INITIAL BAS A;REW VCS ONE HA 5.0 UNX P SVR TIER N INITIAL BAS A;REW VCS ONE HA 5.0 UNX P SVR TIER N INITIAL BAS A;;;;79;;
1;3;2094;1;34002,1323;27644,01;AE VCS ONE HA 5.0 UNX P SVR TIER N INITIAL ESS S;20084909;;AE VCS ONE HA 5.0 UNX P SVR TIER N INITIAL ESS S;AE VCS ONE HA 5.0 UNX P SVR TIER N INITIAL ESS S;AE VCS ONE HA 5.0 UNX P SVR TIER N INITIAL ESS S;AE VCS ONE HA 5.0 UNX P SVR TIER N INITIAL ESS S;;;;79;;
1;3;2094;1;10561,395;8586,5;REW VCS ONE HA 5.0 UNX P SVR TIER J INITIAL ESS C;20084910;;REW VCS ONE HA 5.0 UNX P SVR TIER J INITIAL ESS C;REW VCS ONE HA 5.0 UNX P SVR TIER J INITIAL ESS C;REW VCS ONE HA 5.0 UNX P SVR TIER J INITIAL ESS C;REW VCS ONE HA 5.0 UNX P SVR TIER J INITIAL ESS C;;;;79;;
1;3;2094;1;74517,1638;60583,06;GOV VCS ONE HA 5.0 UNX P SVR TIER M STD LIC 1+;20084918;;GOV VCS ONE HA 5.0 UNX P SVR TIER M STD LIC 1+;GOV VCS ONE HA 5.0 UNX P SVR TIER M STD LIC 1+;GOV VCS ONE HA 5.0 UNX P SVR TIER M STD LIC 1+;GOV VCS ONE HA 5.0 UNX P SVR TIER M STD LIC 1+;;;;79;;
1;3;2094;1;111777,972;90876,4;REW VCS ONE HA 5.0 UNX P SVR TIER N STD LIC A;20084921;;REW VCS ONE HA 5.0 UNX P SVR TIER N STD LIC A;REW VCS ONE HA 5.0 UNX P SVR TIER N STD LIC A;REW VCS ONE HA 5.0 UNX P SVR TIER N STD LIC A;REW VCS ONE HA 5.0 UNX P SVR TIER N STD LIC A;;;;79;;
1;3;2094;1;7447,7238;6055,06;REW VCS ONE HA 5.0 UNX P SVR TIER C STD LIC A;20084925;;REW VCS ONE HA 5.0 UNX P SVR TIER C STD LIC A;REW VCS ONE HA 5.0 UNX P SVR TIER C STD LIC A;REW VCS ONE HA 5.0 UNX P SVR TIER C STD LIC A;REW VCS ONE HA 5.0 UNX P SVR TIER C STD LIC A;;;;79;;
1;3;2094;1;1640,0574;1333,38;REW VCS ONE HA 5.0 UNX P SVR TIER C INITIAL BAS E;20084926;;REW VCS ONE HA 5.0 UNX P SVR TIER C INITIAL BAS E;REW VCS ONE HA 5.0 UNX P SVR TIER C INITIAL BAS E;REW VCS ONE HA 5.0 UNX P SVR TIER C INITIAL BAS E;REW VCS ONE HA 5.0 UNX P SVR TIER C INITIAL BAS E;;;;79;;
1;3;2094;1;2265,5493;1841,91;REW VCS ONE HA 5.0 UNX P SVR TIER C INITIAL ESS A;20084928;;REW VCS ONE HA 5.0 UNX P SVR TIER C INITIAL ESS A;REW VCS ONE HA 5.0 UNX P SVR TIER C INITIAL ESS A;REW VCS ONE HA 5.0 UNX P SVR TIER C INITIAL ESS A;REW VCS ONE HA 5.0 UNX P SVR TIER C INITIAL ESS A;;;;79;;
1;3;2094;1;448,089;364,3;REW VCS ONE HA 5.0 UNX P SVR TIER A INITIAL ESS E;20084939;;REW VCS ONE HA 5.0 UNX P SVR TIER A INITIAL ESS E;REW VCS ONE HA 5.0 UNX P SVR TIER A INITIAL ESS E;REW VCS ONE HA 5.0 UNX P SVR TIER A INITIAL ESS E;REW VCS ONE HA 5.0 UNX P SVR TIER A INITIAL ESS E;;;;79;;
1;3;2094;1;26610,3612;21634,44;REW VCS ONE HA 5.0 UNX P SVR TIER N INITIAL BAS B;20084944;;REW VCS ONE HA 5.0 UNX P SVR TIER N INITIAL BAS B;REW VCS ONE HA 5.0 UNX P SVR TIER N INITIAL BAS B;REW VCS ONE HA 5.0 UNX P SVR TIER N INITIAL BAS B;REW VCS ONE HA 5.0 UNX P SVR TIER N INITIAL BAS B;;;;79;;
1;3;2094;1;24614,6001;20011,87;REW VCS ONE HA 5.0 UNX P SVR TIER N INITIAL BAS E;20084945;;REW VCS ONE HA 5.0 UNX P SVR TIER N INITIAL BAS E;REW VCS ONE HA 5.0 UNX P SVR TIER N INITIAL BAS E;REW VCS ONE HA 5.0 UNX P SVR TIER N INITIAL BAS E;REW VCS ONE HA 5.0 UNX P SVR TIER N INITIAL BAS E;;;;79;;
1;3;2094;1;26610,3612;21634,44;EXP VCS ONE HA 5.0 UNX P SVR TIER N INITIAL BAS S;20084946;;EXP VCS ONE HA 5.0 UNX P SVR TIER N INITIAL BAS S;EXP VCS ONE HA 5.0 UNX P SVR TIER N INITIAL BAS S;EXP VCS ONE HA 5.0 UNX P SVR TIER N INITIAL BAS S;EXP VCS ONE HA 5.0 UNX P SVR TIER N INITIAL BAS S;;;;79;;
1;3;2094;1;360,1686;292,82;REW VCS ONE HA 5.0 UNX P SVR TIER A INITIAL BAS D;20084951;;REW VCS ONE HA 5.0 UNX P SVR TIER A INITIAL BAS D;REW VCS ONE HA 5.0 UNX P SVR TIER A INITIAL BAS D;REW VCS ONE HA 5.0 UNX P SVR TIER A INITIAL BAS D;REW VCS ONE HA 5.0 UNX P SVR TIER A INITIAL BAS D;;;;79;;
1;3;2094;1;379,1106;308,22;GOV VCS ONE HA 5.0 UNX P SVR TIER A INITIAL BAS 1+;20084952;;GOV VCS ONE HA 5.0 UNX P SVR TIER A INITIAL BAS 1+;GOV VCS ONE HA 5.0 UNX P SVR TIER A INITIAL BAS 1+;GOV VCS ONE HA 5.0 UNX P SVR TIER A INITIAL BAS 1+;GOV VCS ONE HA 5.0 UNX P SVR TIER A INITIAL BAS 1+;;;;79;;
1;3;2094;1;484,4232;393,84;GOV VCS ONE HA 5.0 UNX P SVR TIER A INITIAL ESS 1+;20084953;;GOV VCS ONE HA 5.0 UNX P SVR TIER A INITIAL ESS 1+;GOV VCS ONE HA 5.0 UNX P SVR TIER A INITIAL ESS 1+;GOV VCS ONE HA 5.0 UNX P SVR TIER A INITIAL ESS 1+;GOV VCS ONE HA 5.0 UNX P SVR TIER A INITIAL ESS 1+;;;;79;;
1;3;2094;1;2533,3695;2059,65;REW VCS ONE HA 5.0 UNX P SVR TIER E INITIAL BAS B;20084957;;REW VCS ONE HA 5.0 UNX P SVR TIER E INITIAL BAS B;REW VCS ONE HA 5.0 UNX P SVR TIER E INITIAL BAS B;REW VCS ONE HA 5.0 UNX P SVR TIER E INITIAL BAS B;REW VCS ONE HA 5.0 UNX P SVR TIER E INITIAL BAS B;;;;79;;
1;3;2094;1;2533,3695;2059,65;GOV VCS ONE HA 5.0 UNX P SVR TIER E INITIAL BAS 1+;20084958;;GOV VCS ONE HA 5.0 UNX P SVR TIER E INITIAL BAS 1+;GOV VCS ONE HA 5.0 UNX P SVR TIER E INITIAL BAS 1+;GOV VCS ONE HA 5.0 UNX P SVR TIER E INITIAL BAS 1+;GOV VCS ONE HA 5.0 UNX P SVR TIER E INITIAL BAS 1+;;;;79;;
1;3;2094;1;2994,2997;2434,39;REW VCS ONE HA 5.0 UNX P SVR TIER E INITIAL ESS E;20084959;;REW VCS ONE HA 5.0 UNX P SVR TIER E INITIAL ESS E;REW VCS ONE HA 5.0 UNX P SVR TIER E INITIAL ESS E;REW VCS ONE HA 5.0 UNX P SVR TIER E INITIAL ESS E;REW VCS ONE HA 5.0 UNX P SVR TIER E INITIAL ESS E;;;;79;;
1;3;2094;1;14571,8715;11847,05;GOV VCS ONE HA 5.0 UNX P SVR TIER L INITIAL BAS 1+;20084965;;GOV VCS ONE HA 5.0 UNX P SVR TIER L INITIAL BAS 1+;GOV VCS ONE HA 5.0 UNX P SVR TIER L INITIAL BAS 1+;GOV VCS ONE HA 5.0 UNX P SVR TIER L INITIAL BAS 1+;GOV VCS ONE HA 5.0 UNX P SVR TIER L INITIAL BAS 1+;;;;79;;
1;3;2094;1;14571,8715;11847,05;AE VCS ONE HA 5.0 UNX P SVR TIER L INITIAL BAS S;20084966;;AE VCS ONE HA 5.0 UNX P SVR TIER L INITIAL BAS S;AE VCS ONE HA 5.0 UNX P SVR TIER L INITIAL BAS S;AE VCS ONE HA 5.0 UNX P SVR TIER L INITIAL BAS S;AE VCS ONE HA 5.0 UNX P SVR TIER L INITIAL BAS S;;;;79;;
1;3;2094;1;4041,2511;3285,57;REW VCS ONE HA 5.0 UNX P SVR TIER B STD LIC C;20084968;;REW VCS ONE HA 5.0 UNX P SVR TIER B STD LIC C;REW VCS ONE HA 5.0 UNX P SVR TIER B STD LIC C;REW VCS ONE HA 5.0 UNX P SVR TIER B STD LIC C;REW VCS ONE HA 5.0 UNX P SVR TIER B STD LIC C;;;;79;;
1;3;2094;1;4253,9304;3458,48;AE VCS ONE HA 5.0 UNX P SVR TIER B STD LIC S;20084969;;AE VCS ONE HA 5.0 UNX P SVR TIER B STD LIC S;AE VCS ONE HA 5.0 UNX P SVR TIER B STD LIC S;AE VCS ONE HA 5.0 UNX P SVR TIER B STD LIC S;AE VCS ONE HA 5.0 UNX P SVR TIER B STD LIC S;;;;79;;
1;3;2094;1;1294,0215;1052,05;AE VCS ONE HA 5.0 UNX P SVR TIER B INITIAL ESS S;20084970;;AE VCS ONE HA 5.0 UNX P SVR TIER B INITIAL ESS S;AE VCS ONE HA 5.0 UNX P SVR TIER B INITIAL ESS S;AE VCS ONE HA 5.0 UNX P SVR TIER B INITIAL ESS S;AE VCS ONE HA 5.0 UNX P SVR TIER B INITIAL ESS S;;;;79;;
1;3;2094;1;7447,7238;6055,06;REW VCS ONE HA 5.0 UNX P SVR TIER C STD LIC B;20084974;;REW VCS ONE HA 5.0 UNX P SVR TIER C STD LIC B;REW VCS ONE HA 5.0 UNX P SVR TIER C STD LIC B;REW VCS ONE HA 5.0 UNX P SVR TIER C STD LIC B;REW VCS ONE HA 5.0 UNX P SVR TIER C STD LIC B;;;;79;;
1;3;2094;1;1773,0327;1441,49;REW VCS ONE HA 5.0 UNX P SVR TIER C INITIAL BAS A;20084975;;REW VCS ONE HA 5.0 UNX P SVR TIER C INITIAL BAS A;REW VCS ONE HA 5.0 UNX P SVR TIER C INITIAL BAS A;REW VCS ONE HA 5.0 UNX P SVR TIER C INITIAL BAS A;REW VCS ONE HA 5.0 UNX P SVR TIER C INITIAL BAS A;;;;79;;
1;3;2094;1;1684,3989;1369,43;REW VCS ONE HA 5.0 UNX P SVR TIER C INITIAL BAS C;20084976;;REW VCS ONE HA 5.0 UNX P SVR TIER C INITIAL BAS C;REW VCS ONE HA 5.0 UNX P SVR TIER C INITIAL BAS C;REW VCS ONE HA 5.0 UNX P SVR TIER C INITIAL BAS C;REW VCS ONE HA 5.0 UNX P SVR TIER C INITIAL BAS C;;;;79;;
1;3;2094;1;1684,3989;1369,43;REW VCS ONE HA 5.0 UNX P SVR TIER C INITIAL BAS D;20084977;;REW VCS ONE HA 5.0 UNX P SVR TIER C INITIAL BAS D;REW VCS ONE HA 5.0 UNX P SVR TIER C INITIAL BAS D;REW VCS ONE HA 5.0 UNX P SVR TIER C INITIAL BAS D;REW VCS ONE HA 5.0 UNX P SVR TIER C INITIAL BAS D;;;;79;;
1;3;2094;1;1773,0327;1441,49;EXP VCS ONE HA 5.0 UNX P SVR TIER C INITIAL BAS S;20084978;;EXP VCS ONE HA 5.0 UNX P SVR TIER C INITIAL BAS S;EXP VCS ONE HA 5.0 UNX P SVR TIER C INITIAL BAS S;EXP VCS ONE HA 5.0 UNX P SVR TIER C INITIAL BAS S;EXP VCS ONE HA 5.0 UNX P SVR TIER C INITIAL BAS S;;;;79;;
1;3;2094;1;4253,9304;3458,48;REW VCS ONE HA 5.0 UNX P SVR TIER B STD LIC B;20084979;;REW VCS ONE HA 5.0 UNX P SVR TIER B STD LIC B;REW VCS ONE HA 5.0 UNX P SVR TIER B STD LIC B;REW VCS ONE HA 5.0 UNX P SVR TIER B STD LIC B;REW VCS ONE HA 5.0 UNX P SVR TIER B STD LIC B;;;;79;;
1;3;2094;1;1012,7082;823,34;GOV VCS ONE HA 5.0 UNX P SVR TIER B INITIAL BAS 1+;20084980;;GOV VCS ONE HA 5.0 UNX P SVR TIER B INITIAL BAS 1+;GOV VCS ONE HA 5.0 UNX P SVR TIER B INITIAL BAS 1+;GOV VCS ONE HA 5.0 UNX P SVR TIER B INITIAL BAS 1+;GOV VCS ONE HA 5.0 UNX P SVR TIER B INITIAL BAS 1+;;;;79;;
1;3;2094;1;1229,3235;999,45;REW VCS ONE HA 5.0 UNX P SVR TIER B INITIAL ESS D;20084981;;REW VCS ONE HA 5.0 UNX P SVR TIER B INITIAL ESS D;REW VCS ONE HA 5.0 UNX P SVR TIER B INITIAL ESS D;REW VCS ONE HA 5.0 UNX P SVR TIER B INITIAL ESS D;REW VCS ONE HA 5.0 UNX P SVR TIER B INITIAL ESS D;;;;79;;
1;3;2094;1;1294,0215;1052,05;GOV VCS ONE HA 5.0 UNX P SVR TIER B INITIAL ESS 1+;20084982;;GOV VCS ONE HA 5.0 UNX P SVR TIER B INITIAL ESS 1+;GOV VCS ONE HA 5.0 UNX P SVR TIER B INITIAL ESS 1+;GOV VCS ONE HA 5.0 UNX P SVR TIER B INITIAL ESS 1+;GOV VCS ONE HA 5.0 UNX P SVR TIER B INITIAL ESS 1+;;;;79;;
1;3;2094;1;1773,0327;1441,49;GOV VCS ONE HA 5.0 UNX P SVR TIER C INITIAL BAS 1+;20084986;;GOV VCS ONE HA 5.0 UNX P SVR TIER C INITIAL BAS 1+;GOV VCS ONE HA 5.0 UNX P SVR TIER C INITIAL BAS 1+;GOV VCS ONE HA 5.0 UNX P SVR TIER C INITIAL BAS 1+;GOV VCS ONE HA 5.0 UNX P SVR TIER C INITIAL BAS 1+;;;;79;;
1;3;2094;1;1773,0327;1441,49;AE VCS ONE HA 5.0 UNX P SVR TIER C INITIAL BAS S;20084987;;AE VCS ONE HA 5.0 UNX P SVR TIER C INITIAL BAS S;AE VCS ONE HA 5.0 UNX P SVR TIER C INITIAL BAS S;AE VCS ONE HA 5.0 UNX P SVR TIER C INITIAL BAS S;AE VCS ONE HA 5.0 UNX P SVR TIER C INITIAL BAS S;;;;79;;
1;3;2094;1;2265,5493;1841,91;REW VCS ONE HA 5.0 UNX P SVR TIER C INITIAL ESS B;20084988;;REW VCS ONE HA 5.0 UNX P SVR TIER C INITIAL ESS B;REW VCS ONE HA 5.0 UNX P SVR TIER C INITIAL ESS B;REW VCS ONE HA 5.0 UNX P SVR TIER C INITIAL ESS B;REW VCS ONE HA 5.0 UNX P SVR TIER C INITIAL ESS B;;;;79;;
1;3;2094;1;2095,6371;1703,77;REW VCS ONE HA 5.0 UNX P SVR TIER C INITIAL ESS E;20084990;;REW VCS ONE HA 5.0 UNX P SVR TIER C INITIAL ESS E;REW VCS ONE HA 5.0 UNX P SVR TIER C INITIAL ESS E;REW VCS ONE HA 5.0 UNX P SVR TIER C INITIAL ESS E;REW VCS ONE HA 5.0 UNX P SVR TIER C INITIAL ESS E;;;;79;;
1;3;2094;1;18625,9638;15143,06;REW VCS ONE HA 5.0 UNX P SVR TIER F STD LIC A;20084994;;REW VCS ONE HA 5.0 UNX P SVR TIER F STD LIC A;REW VCS ONE HA 5.0 UNX P SVR TIER F STD LIC A;REW VCS ONE HA 5.0 UNX P SVR TIER F STD LIC A;REW VCS ONE HA 5.0 UNX P SVR TIER F STD LIC A;;;;79;;
1;3;2094;1;17229,0159;14007,33;REW VCS ONE HA 5.0 UNX P SVR TIER F STD LIC E;20084995;;REW VCS ONE HA 5.0 UNX P SVR TIER F STD LIC E;REW VCS ONE HA 5.0 UNX P SVR TIER F STD LIC E;REW VCS ONE HA 5.0 UNX P SVR TIER F STD LIC E;REW VCS ONE HA 5.0 UNX P SVR TIER F STD LIC E;;;;79;;
1;3;2094;1;18625,9638;15143,06;EXP VCS ONE HA 5.0 UNX P SVR TIER F STD LIC S;20084996;;EXP VCS ONE HA 5.0 UNX P SVR TIER F STD LIC S;EXP VCS ONE HA 5.0 UNX P SVR TIER F STD LIC S;EXP VCS ONE HA 5.0 UNX P SVR TIER F STD LIC S;EXP VCS ONE HA 5.0 UNX P SVR TIER F STD LIC S;;;;79;;
1;3;2094;1;4434,1869;3605,03;EXP VCS ONE HA 5.0 UNX P SVR TIER F INITIAL BAS S;20084997;;EXP VCS ONE HA 5.0 UNX P SVR TIER F INITIAL BAS S;EXP VCS ONE HA 5.0 UNX P SVR TIER F INITIAL BAS S;EXP VCS ONE HA 5.0 UNX P SVR TIER F INITIAL BAS S;EXP VCS ONE HA 5.0 UNX P SVR TIER F INITIAL BAS S;;;;79;;
1;3;2094;1;5665,8966;4606,42;REW VCS ONE HA 5.0 UNX P SVR TIER F INITIAL ESS B;20084998;;REW VCS ONE HA 5.0 UNX P SVR TIER F INITIAL ESS B;REW VCS ONE HA 5.0 UNX P SVR TIER F INITIAL ESS B;REW VCS ONE HA 5.0 UNX P SVR TIER F INITIAL ESS B;REW VCS ONE HA 5.0 UNX P SVR TIER F INITIAL ESS B;;;;79;;
1;3;2094;1;5665,8966;4606,42;EXP VCS ONE HA 5.0 UNX P SVR TIER F INITIAL ESS S;20084999;;EXP VCS ONE HA 5.0 UNX P SVR TIER F INITIAL ESS S;EXP VCS ONE HA 5.0 UNX P SVR TIER F INITIAL ESS S;EXP VCS ONE HA 5.0 UNX P SVR TIER F INITIAL ESS S;EXP VCS ONE HA 5.0 UNX P SVR TIER F INITIAL ESS S;;;;79;;
1;3;2094;1;2533,3695;2059,65;REW VCS ONE HA 5.0 UNX P SVR TIER E INITIAL BAS A;20085004;;REW VCS ONE HA 5.0 UNX P SVR TIER E INITIAL BAS A;REW VCS ONE HA 5.0 UNX P SVR TIER E INITIAL BAS A;REW VCS ONE HA 5.0 UNX P SVR TIER E INITIAL BAS A;REW VCS ONE HA 5.0 UNX P SVR TIER E INITIAL BAS A;;;;79;;
1;3;2094;1;2533,3695;2059,65;AE VCS ONE HA 5.0 UNX P SVR TIER E INITIAL BAS S;20085005;;AE VCS ONE HA 5.0 UNX P SVR TIER E INITIAL BAS S;AE VCS ONE HA 5.0 UNX P SVR TIER E INITIAL BAS S;AE VCS ONE HA 5.0 UNX P SVR TIER E INITIAL BAS S;AE VCS ONE HA 5.0 UNX P SVR TIER E INITIAL BAS S;;;;79;;
1;3;2094;1;3237,0771;2631,77;REW VCS ONE HA 5.0 UNX P SVR TIER E INITIAL ESS A;20085006;;REW VCS ONE HA 5.0 UNX P SVR TIER E INITIAL ESS A;REW VCS ONE HA 5.0 UNX P SVR TIER E INITIAL ESS A;REW VCS ONE HA 5.0 UNX P SVR TIER E INITIAL ESS A;REW VCS ONE HA 5.0 UNX P SVR TIER E INITIAL ESS A;;;;79;;
1;3;2094;1;61209,7323;49764,01;REW VCS ONE HA 5.0 UNX P SVR TIER L STD LIC B;20085007;;REW VCS ONE HA 5.0 UNX P SVR TIER L STD LIC B;REW VCS ONE HA 5.0 UNX P SVR TIER L STD LIC B;REW VCS ONE HA 5.0 UNX P SVR TIER L STD LIC B;REW VCS ONE HA 5.0 UNX P SVR TIER L STD LIC B;;;;79;;
1;3;2094;1;58149,2586;47275,82;REW VCS ONE HA 5.0 UNX P SVR TIER L STD LIC D;20085008;;REW VCS ONE HA 5.0 UNX P SVR TIER L STD LIC D;REW VCS ONE HA 5.0 UNX P SVR TIER L STD LIC D;REW VCS ONE HA 5.0 UNX P SVR TIER L STD LIC D;REW VCS ONE HA 5.0 UNX P SVR TIER L STD LIC D;;;;79;;
1;3;2094;1;13843,2687;11254,69;REW VCS ONE HA 5.0 UNX P SVR TIER L INITIAL BAS D;20085009;;REW VCS ONE HA 5.0 UNX P SVR TIER L INITIAL BAS D;REW VCS ONE HA 5.0 UNX P SVR TIER L INITIAL BAS D;REW VCS ONE HA 5.0 UNX P SVR TIER L INITIAL BAS D;REW VCS ONE HA 5.0 UNX P SVR TIER L INITIAL BAS D;;;;79;;
1;3;2094;1;18619,6047;15137,89;REW VCS ONE HA 5.0 UNX P SVR TIER L INITIAL ESS A;20085010;;REW VCS ONE HA 5.0 UNX P SVR TIER L INITIAL ESS A;REW VCS ONE HA 5.0 UNX P SVR TIER L INITIAL ESS A;REW VCS ONE HA 5.0 UNX P SVR TIER L INITIAL ESS A;REW VCS ONE HA 5.0 UNX P SVR TIER L INITIAL ESS A;;;;79;;
1;3;2094;1;18619,6047;15137,89;EXP VCS ONE HA 5.0 UNX P SVR TIER L INITIAL ESS S;20085011;;EXP VCS ONE HA 5.0 UNX P SVR TIER L INITIAL ESS S;EXP VCS ONE HA 5.0 UNX P SVR TIER L INITIAL ESS S;EXP VCS ONE HA 5.0 UNX P SVR TIER L INITIAL ESS S;EXP VCS ONE HA 5.0 UNX P SVR TIER L INITIAL ESS S;;;;79;;
1;3;2094;1;18619,6047;15137,89;AE VCS ONE HA 5.0 UNX P SVR TIER L INITIAL ESS S;20085012;;AE VCS ONE HA 5.0 UNX P SVR TIER L INITIAL ESS S;AE VCS ONE HA 5.0 UNX P SVR TIER L INITIAL ESS S;AE VCS ONE HA 5.0 UNX P SVR TIER L INITIAL ESS S;AE VCS ONE HA 5.0 UNX P SVR TIER L INITIAL ESS S;;;;79;;
1;3;2094;1;10109,4315;8219,05;REW VCS ONE HA 5.0 UNX P SVR TIER E STD LIC C;20085015;;REW VCS ONE HA 5.0 UNX P SVR TIER E STD LIC C;REW VCS ONE HA 5.0 UNX P SVR TIER E STD LIC C;REW VCS ONE HA 5.0 UNX P SVR TIER E STD LIC C;REW VCS ONE HA 5.0 UNX P SVR TIER E STD LIC C;;;;79;;
1;3;2094;1;2343,3591;1905,17;REW VCS ONE HA 5.0 UNX P SVR TIER E INITIAL BAS E;20085016;;REW VCS ONE HA 5.0 UNX P SVR TIER E INITIAL BAS E;REW VCS ONE HA 5.0 UNX P SVR TIER E INITIAL BAS E;REW VCS ONE HA 5.0 UNX P SVR TIER E INITIAL BAS E;REW VCS ONE HA 5.0 UNX P SVR TIER E INITIAL BAS E;;;;79;;
1;3;2094;1;17688,63;14381;REW VCS ONE HA 5.0 UNX P SVR TIER L INITIAL ESS C;20085022;;REW VCS ONE HA 5.0 UNX P SVR TIER L INITIAL ESS C;REW VCS ONE HA 5.0 UNX P SVR TIER L INITIAL ESS C;REW VCS ONE HA 5.0 UNX P SVR TIER L INITIAL ESS C;REW VCS ONE HA 5.0 UNX P SVR TIER L INITIAL ESS C;;;;79;;
1;3;2094;1;17223,1488;14002,56;REW VCS ONE HA 5.0 UNX P SVR TIER L INITIAL ESS E;20085023;;REW VCS ONE HA 5.0 UNX P SVR TIER L INITIAL ESS E;REW VCS ONE HA 5.0 UNX P SVR TIER L INITIAL ESS E;REW VCS ONE HA 5.0 UNX P SVR TIER L INITIAL ESS E;REW VCS ONE HA 5.0 UNX P SVR TIER L INITIAL ESS E;;;;79;;
1;3;2094;1;25279,9071;20552,77;REW VCS ONE HA 5.0 UNX P SVR TIER G STD LIC D;20085026;;REW VCS ONE HA 5.0 UNX P SVR TIER G STD LIC D;REW VCS ONE HA 5.0 UNX P SVR TIER G STD LIC D;REW VCS ONE HA 5.0 UNX P SVR TIER G STD LIC D;REW VCS ONE HA 5.0 UNX P SVR TIER G STD LIC D;;;;79;;
1;3;2094;1;8094,7284;6581,08;REW VCS ONE HA 5.0 UNX P SVR TIER G INITIAL ESS B;20085027;;REW VCS ONE HA 5.0 UNX P SVR TIER G INITIAL ESS B;REW VCS ONE HA 5.0 UNX P SVR TIER G INITIAL ESS B;REW VCS ONE HA 5.0 UNX P SVR TIER G INITIAL ESS B;REW VCS ONE HA 5.0 UNX P SVR TIER G INITIAL ESS B;;;;79;;
1;3;2094;1;7689,9846;6252,02;REW VCS ONE HA 5.0 UNX P SVR TIER G INITIAL ESS D;20085028;;REW VCS ONE HA 5.0 UNX P SVR TIER G INITIAL ESS D;REW VCS ONE HA 5.0 UNX P SVR TIER G INITIAL ESS D;REW VCS ONE HA 5.0 UNX P SVR TIER G INITIAL ESS D;REW VCS ONE HA 5.0 UNX P SVR TIER G INITIAL ESS D;;;;79;;
1;3;2094;1;8094,7284;6581,08;AE VCS ONE HA 5.0 UNX P SVR TIER G INITIAL ESS S;20085029;;AE VCS ONE HA 5.0 UNX P SVR TIER G INITIAL ESS S;AE VCS ONE HA 5.0 UNX P SVR TIER G INITIAL ESS S;AE VCS ONE HA 5.0 UNX P SVR TIER G INITIAL ESS S;AE VCS ONE HA 5.0 UNX P SVR TIER G INITIAL ESS S;;;;79;;
1;3;2094;1;33264,1323;27044,01;REW VCS ONE HA 5.0 UNX P SVR TIER H STD LIC B;20085034;;REW VCS ONE HA 5.0 UNX P SVR TIER H STD LIC B;REW VCS ONE HA 5.0 UNX P SVR TIER H STD LIC B;REW VCS ONE HA 5.0 UNX P SVR TIER H STD LIC B;REW VCS ONE HA 5.0 UNX P SVR TIER H STD LIC B;;;;79;;
1;3;2094;1;31600,9386;25691,82;REW VCS ONE HA 5.0 UNX P SVR TIER H STD LIC D;20085035;;REW VCS ONE HA 5.0 UNX P SVR TIER H STD LIC D;REW VCS ONE HA 5.0 UNX P SVR TIER H STD LIC D;REW VCS ONE HA 5.0 UNX P SVR TIER H STD LIC D;REW VCS ONE HA 5.0 UNX P SVR TIER H STD LIC D;;;;79;;
1;3;2094;1;33264,1323;27044,01;GOV VCS ONE HA 5.0 UNX P SVR TIER H STD LIC 1+;20085036;;GOV VCS ONE HA 5.0 UNX P SVR TIER H STD LIC 1+;GOV VCS ONE HA 5.0 UNX P SVR TIER H STD LIC 1+;GOV VCS ONE HA 5.0 UNX P SVR TIER H STD LIC 1+;GOV VCS ONE HA 5.0 UNX P SVR TIER H STD LIC 1+;;;;79;;
1;3;2094;1;4434,1869;3605,03;GOV VCS ONE HA 5.0 UNX P SVR TIER F INITIAL BAS 1+;20085039;;GOV VCS ONE HA 5.0 UNX P SVR TIER F INITIAL BAS 1+;GOV VCS ONE HA 5.0 UNX P SVR TIER F INITIAL BAS 1+;GOV VCS ONE HA 5.0 UNX P SVR TIER F INITIAL BAS 1+;GOV VCS ONE HA 5.0 UNX P SVR TIER F INITIAL BAS 1+;;;;79;;
1;3;2094;1;4434,1869;3605,03;AE VCS ONE HA 5.0 UNX P SVR TIER F INITIAL BAS S;20085040;;AE VCS ONE HA 5.0 UNX P SVR TIER F INITIAL BAS S;AE VCS ONE HA 5.0 UNX P SVR TIER F INITIAL BAS S;AE VCS ONE HA 5.0 UNX P SVR TIER F INITIAL BAS S;AE VCS ONE HA 5.0 UNX P SVR TIER F INITIAL BAS S;;;;79;;
1;3;2094;1;5240,9562;4260,94;REW VCS ONE HA 5.0 UNX P SVR TIER F INITIAL ESS E;20085041;;REW VCS ONE HA 5.0 UNX P SVR TIER F INITIAL ESS E;REW VCS ONE HA 5.0 UNX P SVR TIER F INITIAL ESS E;REW VCS ONE HA 5.0 UNX P SVR TIER F INITIAL ESS E;REW VCS ONE HA 5.0 UNX P SVR TIER F INITIAL ESS E;;;;79;;
1;3;2094;1;5665,8966;4606,42;GOV VCS ONE HA 5.0 UNX P SVR TIER F INITIAL ESS 1+;20085042;;GOV VCS ONE HA 5.0 UNX P SVR TIER F INITIAL ESS 1+;GOV VCS ONE HA 5.0 UNX P SVR TIER F INITIAL ESS 1+;GOV VCS ONE HA 5.0 UNX P SVR TIER F INITIAL ESS 1+;GOV VCS ONE HA 5.0 UNX P SVR TIER F INITIAL ESS 1+;;;;79;;
1;3;2094;1;26610,4104;21634,48;REW VCS ONE HA 5.0 UNX P SVR TIER G STD LIC A;20085048;;REW VCS ONE HA 5.0 UNX P SVR TIER G STD LIC A;REW VCS ONE HA 5.0 UNX P SVR TIER G STD LIC A;REW VCS ONE HA 5.0 UNX P SVR TIER G STD LIC A;REW VCS ONE HA 5.0 UNX P SVR TIER G STD LIC A;;;;79;;
1;3;2094;1;6334,992;5150,4;REW VCS ONE HA 5.0 UNX P SVR TIER G INITIAL BAS B;20085049;;REW VCS ONE HA 5.0 UNX P SVR TIER G INITIAL BAS B;REW VCS ONE HA 5.0 UNX P SVR TIER G INITIAL BAS B;REW VCS ONE HA 5.0 UNX P SVR TIER G INITIAL BAS B;REW VCS ONE HA 5.0 UNX P SVR TIER G INITIAL BAS B;;;;79;;
1;3;2094;1;4212,4794;3424,78;REW VCS ONE HA 5.0 UNX P SVR TIER F INITIAL BAS C;20085050;;REW VCS ONE HA 5.0 UNX P SVR TIER F INITIAL BAS C;REW VCS ONE HA 5.0 UNX P SVR TIER F INITIAL BAS C;REW VCS ONE HA 5.0 UNX P SVR TIER F INITIAL BAS C;REW VCS ONE HA 5.0 UNX P SVR TIER F INITIAL BAS C;;;;79;;
1;3;2094;1;26610,4104;21634,48;EXP VCS ONE HA 5.0 UNX P SVR TIER G STD LIC S;20085053;;EXP VCS ONE HA 5.0 UNX P SVR TIER G STD LIC S;EXP VCS ONE HA 5.0 UNX P SVR TIER G STD LIC S;EXP VCS ONE HA 5.0 UNX P SVR TIER G STD LIC S;EXP VCS ONE HA 5.0 UNX P SVR TIER G STD LIC S;;;;79;;
1;3;2094;1;6018,2547;4892,89;REW VCS ONE HA 5.0 UNX P SVR TIER G INITIAL BAS C;20085054;;REW VCS ONE HA 5.0 UNX P SVR TIER G INITIAL BAS C;REW VCS ONE HA 5.0 UNX P SVR TIER G INITIAL BAS C;REW VCS ONE HA 5.0 UNX P SVR TIER G INITIAL BAS C;REW VCS ONE HA 5.0 UNX P SVR TIER G INITIAL BAS C;;;;79;;
1;3;2094;1;10118,7426;8226,62;EXP VCS ONE HA 5.0 UNX P SVR TIER H INITIAL ESS S;20085060;;EXP VCS ONE HA 5.0 UNX P SVR TIER H INITIAL ESS S;EXP VCS ONE HA 5.0 UNX P SVR TIER H INITIAL ESS S;EXP VCS ONE HA 5.0 UNX P SVR TIER H INITIAL ESS S;EXP VCS ONE HA 5.0 UNX P SVR TIER H INITIAL ESS S;;;;79;;
1;3;2094;1;7918,9983;6438,21;GOV VCS ONE HA 5.0 UNX P SVR TIER H INITIAL BAS 1+;20085062;;GOV VCS ONE HA 5.0 UNX P SVR TIER H INITIAL BAS 1+;GOV VCS ONE HA 5.0 UNX P SVR TIER H INITIAL BAS 1+;GOV VCS ONE HA 5.0 UNX P SVR TIER H INITIAL BAS 1+;GOV VCS ONE HA 5.0 UNX P SVR TIER H INITIAL BAS 1+;;;;79;;
1;3;2094;1;10118,7426;8226,62;REW VCS ONE HA 5.0 UNX P SVR TIER H INITIAL ESS B;20085063;;REW VCS ONE HA 5.0 UNX P SVR TIER H INITIAL ESS B;REW VCS ONE HA 5.0 UNX P SVR TIER H INITIAL ESS B;REW VCS ONE HA 5.0 UNX P SVR TIER H INITIAL ESS B;REW VCS ONE HA 5.0 UNX P SVR TIER H INITIAL ESS B;;;;79;;
1;3;2094;1;9359,8326;7609,62;REW VCS ONE HA 5.0 UNX P SVR TIER H INITIAL ESS E;20085064;;REW VCS ONE HA 5.0 UNX P SVR TIER H INITIAL ESS E;REW VCS ONE HA 5.0 UNX P SVR TIER H INITIAL ESS E;REW VCS ONE HA 5.0 UNX P SVR TIER H INITIAL ESS E;REW VCS ONE HA 5.0 UNX P SVR TIER H INITIAL ESS E;;;;79;;
1;3;2094;1;11054,3667;8987,29;REW VCS ONE HA 5.0 UNX P SVR TIER K INITIAL BAS C;20085070;;REW VCS ONE HA 5.0 UNX P SVR TIER K INITIAL BAS C;REW VCS ONE HA 5.0 UNX P SVR TIER K INITIAL BAS C;REW VCS ONE HA 5.0 UNX P SVR TIER K INITIAL BAS C;REW VCS ONE HA 5.0 UNX P SVR TIER K INITIAL BAS C;;;;79;;
1;3;2094;1;11636,1567;9460,29;GOV VCS ONE HA 5.0 UNX P SVR TIER K INITIAL BAS 1+;20085072;;GOV VCS ONE HA 5.0 UNX P SVR TIER K INITIAL BAS 1+;GOV VCS ONE HA 5.0 UNX P SVR TIER K INITIAL BAS 1+;GOV VCS ONE HA 5.0 UNX P SVR TIER K INITIAL BAS 1+;GOV VCS ONE HA 5.0 UNX P SVR TIER K INITIAL BAS 1+;;;;79;;
1;3;2094;1;17739,8964;14422,68;REW VCS ONE HA 5.0 UNX P SVR TIER M INITIAL BAS B;20085073;;REW VCS ONE HA 5.0 UNX P SVR TIER M INITIAL BAS B;REW VCS ONE HA 5.0 UNX P SVR TIER M INITIAL BAS B;REW VCS ONE HA 5.0 UNX P SVR TIER M INITIAL BAS B;REW VCS ONE HA 5.0 UNX P SVR TIER M INITIAL BAS B;;;;79;;
1;3;2094;1;10109,4315;8219,05;REW VCS ONE HA 5.0 UNX P SVR TIER E STD LIC D;20085074;;REW VCS ONE HA 5.0 UNX P SVR TIER E STD LIC D;REW VCS ONE HA 5.0 UNX P SVR TIER E STD LIC D;REW VCS ONE HA 5.0 UNX P SVR TIER E STD LIC D;REW VCS ONE HA 5.0 UNX P SVR TIER E STD LIC D;;;;79;;
1;3;2094;1;10641,5049;8651,63;GOV VCS ONE HA 5.0 UNX P SVR TIER E STD LIC 1+;20085076;;GOV VCS ONE HA 5.0 UNX P SVR TIER E STD LIC 1+;GOV VCS ONE HA 5.0 UNX P SVR TIER E STD LIC 1+;GOV VCS ONE HA 5.0 UNX P SVR TIER E STD LIC 1+;GOV VCS ONE HA 5.0 UNX P SVR TIER E STD LIC 1+;;;;79;;
1;3;2094;1;3237,0771;2631,77;REW VCS ONE HA 5.0 UNX P SVR TIER E INITIAL ESS B;20085077;;REW VCS ONE HA 5.0 UNX P SVR TIER E INITIAL ESS B;REW VCS ONE HA 5.0 UNX P SVR TIER E INITIAL ESS B;REW VCS ONE HA 5.0 UNX P SVR TIER E INITIAL ESS B;REW VCS ONE HA 5.0 UNX P SVR TIER E INITIAL ESS B;;;;79;;
1;3;2094;1;3237,0771;2631,77;EXP VCS ONE HA 5.0 UNX P SVR TIER E INITIAL ESS S;20085078;;EXP VCS ONE HA 5.0 UNX P SVR TIER E INITIAL ESS S;EXP VCS ONE HA 5.0 UNX P SVR TIER E INITIAL ESS S;EXP VCS ONE HA 5.0 UNX P SVR TIER E INITIAL ESS S;EXP VCS ONE HA 5.0 UNX P SVR TIER E INITIAL ESS S;;;;79;;
1;3;2094;1;33264,1323;27044,01;AE VCS ONE HA 5.0 UNX P SVR TIER H STD LIC S;20085084;;AE VCS ONE HA 5.0 UNX P SVR TIER H STD LIC S;AE VCS ONE HA 5.0 UNX P SVR TIER H STD LIC S;AE VCS ONE HA 5.0 UNX P SVR TIER H STD LIC S;AE VCS ONE HA 5.0 UNX P SVR TIER H STD LIC S;;;;79;;
1;3;2094;1;7325,0928;5955,36;REW VCS ONE HA 5.0 UNX P SVR TIER H INITIAL BAS E;20085085;;REW VCS ONE HA 5.0 UNX P SVR TIER H INITIAL BAS E;REW VCS ONE HA 5.0 UNX P SVR TIER H INITIAL BAS E;REW VCS ONE HA 5.0 UNX P SVR TIER H INITIAL BAS E;REW VCS ONE HA 5.0 UNX P SVR TIER H INITIAL BAS E;;;;79;;
1;3;2094;1;8700,4542;7073,54;REW VCS ONE HA 5.0 UNX P SVR TIER J INITIAL BAS A;20085090;;REW VCS ONE HA 5.0 UNX P SVR TIER J INITIAL BAS A;REW VCS ONE HA 5.0 UNX P SVR TIER J INITIAL BAS A;REW VCS ONE HA 5.0 UNX P SVR TIER J INITIAL BAS A;REW VCS ONE HA 5.0 UNX P SVR TIER J INITIAL BAS A;;;;79;;
1;3;2094;1;8700,4542;7073,54;REW VCS ONE HA 5.0 UNX P SVR TIER J INITIAL BAS B;20085091;;REW VCS ONE HA 5.0 UNX P SVR TIER J INITIAL BAS B;REW VCS ONE HA 5.0 UNX P SVR TIER J INITIAL BAS B;REW VCS ONE HA 5.0 UNX P SVR TIER J INITIAL BAS B;REW VCS ONE HA 5.0 UNX P SVR TIER J INITIAL BAS B;;;;79;;
1;3;2094;1;7689,9846;6252,02;REW VCS ONE HA 5.0 UNX P SVR TIER G INITIAL ESS C;20085092;;REW VCS ONE HA 5.0 UNX P SVR TIER G INITIAL ESS C;REW VCS ONE HA 5.0 UNX P SVR TIER G INITIAL ESS C;REW VCS ONE HA 5.0 UNX P SVR TIER G INITIAL ESS C;REW VCS ONE HA 5.0 UNX P SVR TIER G INITIAL ESS C;;;;79;;
1;3;2094;1;34719,3084;28227,08;REW VCS ONE HA 5.0 UNX P SVR TIER J STD LIC D;20085094;;REW VCS ONE HA 5.0 UNX P SVR TIER J STD LIC D;REW VCS ONE HA 5.0 UNX P SVR TIER J STD LIC D;REW VCS ONE HA 5.0 UNX P SVR TIER J STD LIC D;REW VCS ONE HA 5.0 UNX P SVR TIER J STD LIC D;;;;79;;
1;3;2094;1;8265,4401;6719,87;REW VCS ONE HA 5.0 UNX P SVR TIER J INITIAL BAS C;20085095;;REW VCS ONE HA 5.0 UNX P SVR TIER J INITIAL BAS C;REW VCS ONE HA 5.0 UNX P SVR TIER J INITIAL BAS C;REW VCS ONE HA 5.0 UNX P SVR TIER J INITIAL BAS C;REW VCS ONE HA 5.0 UNX P SVR TIER J INITIAL BAS C;;;;79;;
1;3;2094;1;8047,9269;6543,03;REW VCS ONE HA 5.0 UNX P SVR TIER J INITIAL BAS E;20085096;;REW VCS ONE HA 5.0 UNX P SVR TIER J INITIAL BAS E;REW VCS ONE HA 5.0 UNX P SVR TIER J INITIAL BAS E;REW VCS ONE HA 5.0 UNX P SVR TIER J INITIAL BAS E;REW VCS ONE HA 5.0 UNX P SVR TIER J INITIAL BAS E;;;;79;;
1;3;2094;1;8700,4542;7073,54;AE VCS ONE HA 5.0 UNX P SVR TIER J INITIAL BAS S;20085097;;AE VCS ONE HA 5.0 UNX P SVR TIER J INITIAL BAS S;AE VCS ONE HA 5.0 UNX P SVR TIER J INITIAL BAS S;AE VCS ONE HA 5.0 UNX P SVR TIER J INITIAL BAS S;AE VCS ONE HA 5.0 UNX P SVR TIER J INITIAL BAS S;;;;79;;
1;3;2094;1;48878,1828;39738,36;REW VCS ONE HA 5.0 UNX P SVR TIER K STD LIC A;20085102;;REW VCS ONE HA 5.0 UNX P SVR TIER K STD LIC A;REW VCS ONE HA 5.0 UNX P SVR TIER K STD LIC A;REW VCS ONE HA 5.0 UNX P SVR TIER K STD LIC A;REW VCS ONE HA 5.0 UNX P SVR TIER K STD LIC A;;;;79;;
1;3;2094;1;48878,1828;39738,36;EXP VCS ONE HA 5.0 UNX P SVR TIER K STD LIC S;20085103;;EXP VCS ONE HA 5.0 UNX P SVR TIER K STD LIC S;EXP VCS ONE HA 5.0 UNX P SVR TIER K STD LIC S;EXP VCS ONE HA 5.0 UNX P SVR TIER K STD LIC S;EXP VCS ONE HA 5.0 UNX P SVR TIER K STD LIC S;;;;79;;
1;3;2094;1;11636,1567;9460,29;REW VCS ONE HA 5.0 UNX P SVR TIER K INITIAL BAS A;20085104;;REW VCS ONE HA 5.0 UNX P SVR TIER K INITIAL BAS A;REW VCS ONE HA 5.0 UNX P SVR TIER K INITIAL BAS A;REW VCS ONE HA 5.0 UNX P SVR TIER K INITIAL BAS A;REW VCS ONE HA 5.0 UNX P SVR TIER K INITIAL BAS A;;;;79;;
1;3;2094;1;111777,972;90876,4;AE VCS ONE HA 5.0 UNX P SVR TIER N STD LIC S;20085108;;AE VCS ONE HA 5.0 UNX P SVR TIER N STD LIC S;AE VCS ONE HA 5.0 UNX P SVR TIER N STD LIC S;AE VCS ONE HA 5.0 UNX P SVR TIER N STD LIC S;AE VCS ONE HA 5.0 UNX P SVR TIER N STD LIC S;;;;79;;
1;3;2094;1;25279,8579;20552,73;REW VCS ONE HA 5.0 UNX P SVR TIER N INITIAL BAS D;20085109;;REW VCS ONE HA 5.0 UNX P SVR TIER N INITIAL BAS D;REW VCS ONE HA 5.0 UNX P SVR TIER N INITIAL BAS D;REW VCS ONE HA 5.0 UNX P SVR TIER N INITIAL BAS D;REW VCS ONE HA 5.0 UNX P SVR TIER N INITIAL BAS D;;;;79;;
1;3;2094;1;34002,1323;27644,01;REW VCS ONE HA 5.0 UNX P SVR TIER N INITIAL ESS A;20085110;;REW VCS ONE HA 5.0 UNX P SVR TIER N INITIAL ESS A;REW VCS ONE HA 5.0 UNX P SVR TIER N INITIAL ESS A;REW VCS ONE HA 5.0 UNX P SVR TIER N INITIAL ESS A;REW VCS ONE HA 5.0 UNX P SVR TIER N INITIAL ESS A;;;;79;;
1;3;2094;1;34002,1323;27644,01;REW VCS ONE HA 5.0 UNX P SVR TIER N INITIAL ESS B;20085111;;REW VCS ONE HA 5.0 UNX P SVR TIER N INITIAL ESS B;REW VCS ONE HA 5.0 UNX P SVR TIER N INITIAL ESS B;REW VCS ONE HA 5.0 UNX P SVR TIER N INITIAL ESS B;REW VCS ONE HA 5.0 UNX P SVR TIER N INITIAL ESS B;;;;79;;
1;3;2094;1;32302,0386;26261,82;REW VCS ONE HA 5.0 UNX P SVR TIER N INITIAL ESS D;20085112;;REW VCS ONE HA 5.0 UNX P SVR TIER N INITIAL ESS D;REW VCS ONE HA 5.0 UNX P SVR TIER N INITIAL ESS D;REW VCS ONE HA 5.0 UNX P SVR TIER N INITIAL ESS D;REW VCS ONE HA 5.0 UNX P SVR TIER N INITIAL ESS D;;;;79;;
1;3;2094;1;31451,9733;25570,71;REW VCS ONE HA 5.0 UNX P SVR TIER N INITIAL ESS E;20085113;;REW VCS ONE HA 5.0 UNX P SVR TIER N INITIAL ESS E;REW VCS ONE HA 5.0 UNX P SVR TIER N INITIAL ESS E;REW VCS ONE HA 5.0 UNX P SVR TIER N INITIAL ESS E;REW VCS ONE HA 5.0 UNX P SVR TIER N INITIAL ESS E;;;;79;;
1;3;2094;1;379,1106;308,22;REW VCS ONE HA 5.0 UNX P SVR TIER A INITIAL BAS B;20085114;;REW VCS ONE HA 5.0 UNX P SVR TIER A INITIAL BAS B;REW VCS ONE HA 5.0 UNX P SVR TIER A INITIAL BAS B;REW VCS ONE HA 5.0 UNX P SVR TIER A INITIAL BAS B;REW VCS ONE HA 5.0 UNX P SVR TIER A INITIAL BAS B;;;;79;;
1;3;2094;1;379,1106;308,22;EXP VCS ONE HA 5.0 UNX P SVR TIER A INITIAL BAS S;20085115;;EXP VCS ONE HA 5.0 UNX P SVR TIER A INITIAL BAS S;EXP VCS ONE HA 5.0 UNX P SVR TIER A INITIAL BAS S;EXP VCS ONE HA 5.0 UNX P SVR TIER A INITIAL BAS S;EXP VCS ONE HA 5.0 UNX P SVR TIER A INITIAL BAS S;;;;79;;
1;3;2094;1;14571,8715;11847,05;EXP VCS ONE HA 5.0 UNX P SVR TIER L INITIAL BAS S;20085117;;EXP VCS ONE HA 5.0 UNX P SVR TIER L INITIAL BAS S;EXP VCS ONE HA 5.0 UNX P SVR TIER L INITIAL BAS S;EXP VCS ONE HA 5.0 UNX P SVR TIER L INITIAL BAS S;EXP VCS ONE HA 5.0 UNX P SVR TIER L INITIAL BAS S;;;;79;;
1;3;2094;1;18619,6047;15137,89;REW VCS ONE HA 5.0 UNX P SVR TIER L INITIAL ESS B;20085118;;REW VCS ONE HA 5.0 UNX P SVR TIER L INITIAL ESS B;REW VCS ONE HA 5.0 UNX P SVR TIER L INITIAL ESS B;REW VCS ONE HA 5.0 UNX P SVR TIER L INITIAL ESS B;REW VCS ONE HA 5.0 UNX P SVR TIER L INITIAL ESS B;;;;79;;
1;3;2094;1;18619,6047;15137,89;GOV VCS ONE HA 5.0 UNX P SVR TIER L INITIAL ESS 1+;20085119;;GOV VCS ONE HA 5.0 UNX P SVR TIER L INITIAL ESS 1+;GOV VCS ONE HA 5.0 UNX P SVR TIER L INITIAL ESS 1+;GOV VCS ONE HA 5.0 UNX P SVR TIER L INITIAL ESS 1+;GOV VCS ONE HA 5.0 UNX P SVR TIER L INITIAL ESS 1+;;;;79;;
1;3;2094;1;61209,7323;49764,01;REW VCS ONE HA 5.0 UNX P SVR TIER L STD LIC A;20085120;;REW VCS ONE HA 5.0 UNX P SVR TIER L STD LIC A;REW VCS ONE HA 5.0 UNX P SVR TIER L STD LIC A;REW VCS ONE HA 5.0 UNX P SVR TIER L STD LIC A;REW VCS ONE HA 5.0 UNX P SVR TIER L STD LIC A;;;;79;;
1;3;2094;1;18625,9638;15143,06;REW VCS ONE HA 5.0 UNX P SVR TIER F STD LIC B;20085125;;REW VCS ONE HA 5.0 UNX P SVR TIER F STD LIC B;REW VCS ONE HA 5.0 UNX P SVR TIER F STD LIC B;REW VCS ONE HA 5.0 UNX P SVR TIER F STD LIC B;REW VCS ONE HA 5.0 UNX P SVR TIER F STD LIC B;;;;79;;
1;3;2094;1;5382,6153;4376,11;REW VCS ONE HA 5.0 UNX P SVR TIER F INITIAL ESS C;20085126;;REW VCS ONE HA 5.0 UNX P SVR TIER F INITIAL ESS C;REW VCS ONE HA 5.0 UNX P SVR TIER F INITIAL ESS C;REW VCS ONE HA 5.0 UNX P SVR TIER F INITIAL ESS C;REW VCS ONE HA 5.0 UNX P SVR TIER F INITIAL ESS C;;;;79;;
1;3;2094;1;8265,4401;6719,87;REW VCS ONE HA 5.0 UNX P SVR TIER J INITIAL BAS D;20085128;;REW VCS ONE HA 5.0 UNX P SVR TIER J INITIAL BAS D;REW VCS ONE HA 5.0 UNX P SVR TIER J INITIAL BAS D;REW VCS ONE HA 5.0 UNX P SVR TIER J INITIAL BAS D;REW VCS ONE HA 5.0 UNX P SVR TIER J INITIAL BAS D;;;;79;;
1;3;2094;1;11117,2443;9038,41;REW VCS ONE HA 5.0 UNX P SVR TIER J INITIAL ESS A;20085129;;REW VCS ONE HA 5.0 UNX P SVR TIER J INITIAL ESS A;REW VCS ONE HA 5.0 UNX P SVR TIER J INITIAL ESS A;REW VCS ONE HA 5.0 UNX P SVR TIER J INITIAL ESS A;REW VCS ONE HA 5.0 UNX P SVR TIER J INITIAL ESS A;;;;79;;
1;3;2094;1;11117,2443;9038,41;EXP VCS ONE HA 5.0 UNX P SVR TIER J INITIAL ESS S;20085130;;EXP VCS ONE HA 5.0 UNX P SVR TIER J INITIAL ESS S;EXP VCS ONE HA 5.0 UNX P SVR TIER J INITIAL ESS S;EXP VCS ONE HA 5.0 UNX P SVR TIER J INITIAL ESS S;EXP VCS ONE HA 5.0 UNX P SVR TIER J INITIAL ESS S;;;;79;;
1;3;2094;1;48878,1828;39738,36;AE VCS ONE HA 5.0 UNX P SVR TIER K STD LIC S;20085132;;AE VCS ONE HA 5.0 UNX P SVR TIER K STD LIC S;AE VCS ONE HA 5.0 UNX P SVR TIER K STD LIC S;AE VCS ONE HA 5.0 UNX P SVR TIER K STD LIC S;AE VCS ONE HA 5.0 UNX P SVR TIER K STD LIC S;;;;79;;
1;3;2094;1;11054,3667;8987,29;REW VCS ONE HA 5.0 UNX P SVR TIER K INITIAL BAS D;20085133;;REW VCS ONE HA 5.0 UNX P SVR TIER K INITIAL BAS D;REW VCS ONE HA 5.0 UNX P SVR TIER K INITIAL BAS D;REW VCS ONE HA 5.0 UNX P SVR TIER K INITIAL BAS D;REW VCS ONE HA 5.0 UNX P SVR TIER K INITIAL BAS D;;;;79;;
1;3;2094;1;14125,0002;11483,74;REW VCS ONE HA 5.0 UNX P SVR TIER K INITIAL ESS C;20085134;;REW VCS ONE HA 5.0 UNX P SVR TIER K INITIAL ESS C;REW VCS ONE HA 5.0 UNX P SVR TIER K INITIAL ESS C;REW VCS ONE HA 5.0 UNX P SVR TIER K INITIAL ESS C;REW VCS ONE HA 5.0 UNX P SVR TIER K INITIAL ESS C;;;;79;;
1;3;2094;1;70791,3216;57553,92;REW VCS ONE HA 5.0 UNX P SVR TIER M STD LIC C;20085138;;REW VCS ONE HA 5.0 UNX P SVR TIER M STD LIC C;REW VCS ONE HA 5.0 UNX P SVR TIER M STD LIC C;REW VCS ONE HA 5.0 UNX P SVR TIER M STD LIC C;REW VCS ONE HA 5.0 UNX P SVR TIER M STD LIC C;;;;79;;
1;3;2094;1;16852,9065;13701,55;REW VCS ONE HA 5.0 UNX P SVR TIER M INITIAL BAS C;20085139;;REW VCS ONE HA 5.0 UNX P SVR TIER M INITIAL BAS C;REW VCS ONE HA 5.0 UNX P SVR TIER M INITIAL BAS C;REW VCS ONE HA 5.0 UNX P SVR TIER M INITIAL BAS C;REW VCS ONE HA 5.0 UNX P SVR TIER M INITIAL BAS C;;;;79;;
1;3;2094;1;14868,4245;12088,15;GOV VCS ONE HA 5.0 UNX P SVR TIER K INITIAL ESS 1+;20085140;;GOV VCS ONE HA 5.0 UNX P SVR TIER K INITIAL ESS 1+;GOV VCS ONE HA 5.0 UNX P SVR TIER K INITIAL ESS 1+;GOV VCS ONE HA 5.0 UNX P SVR TIER K INITIAL ESS 1+;GOV VCS ONE HA 5.0 UNX P SVR TIER K INITIAL ESS 1+;;;;79;;
1;3;2094;1;74517,1638;60583,06;REW VCS ONE HA 5.0 UNX P SVR TIER M STD LIC B;20085144;;REW VCS ONE HA 5.0 UNX P SVR TIER M STD LIC B;REW VCS ONE HA 5.0 UNX P SVR TIER M STD LIC B;REW VCS ONE HA 5.0 UNX P SVR TIER M STD LIC B;REW VCS ONE HA 5.0 UNX P SVR TIER M STD LIC B;;;;79;;
1;3;2094;1;70791,3216;57553,92;REW VCS ONE HA 5.0 UNX P SVR TIER M STD LIC D;20085145;;REW VCS ONE HA 5.0 UNX P SVR TIER M STD LIC D;REW VCS ONE HA 5.0 UNX P SVR TIER M STD LIC D;REW VCS ONE HA 5.0 UNX P SVR TIER M STD LIC D;REW VCS ONE HA 5.0 UNX P SVR TIER M STD LIC D;;;;79;;
1;3;2094;1;74517,1638;60583,06;EXP VCS ONE HA 5.0 UNX P SVR TIER M STD LIC S;20085146;;EXP VCS ONE HA 5.0 UNX P SVR TIER M STD LIC S;EXP VCS ONE HA 5.0 UNX P SVR TIER M STD LIC S;EXP VCS ONE HA 5.0 UNX P SVR TIER M STD LIC S;EXP VCS ONE HA 5.0 UNX P SVR TIER M STD LIC S;;;;79;;
1;3;2094;1;17739,8964;14422,68;AE VCS ONE HA 5.0 UNX P SVR TIER M INITIAL BAS S;20085147;;AE VCS ONE HA 5.0 UNX P SVR TIER M INITIAL BAS S;AE VCS ONE HA 5.0 UNX P SVR TIER M INITIAL BAS S;AE VCS ONE HA 5.0 UNX P SVR TIER M INITIAL BAS S;AE VCS ONE HA 5.0 UNX P SVR TIER M INITIAL BAS S;;;;79;;
1;3;2094;1;22667,6454;18428,98;REW VCS ONE HA 5.0 UNX P SVR TIER M INITIAL ESS A;20085148;;REW VCS ONE HA 5.0 UNX P SVR TIER M INITIAL ESS A;REW VCS ONE HA 5.0 UNX P SVR TIER M INITIAL ESS A;REW VCS ONE HA 5.0 UNX P SVR TIER M INITIAL ESS A;REW VCS ONE HA 5.0 UNX P SVR TIER M INITIAL ESS A;;;;79;;
1;3;2094;1;21534,2619;17507,53;REW VCS ONE HA 5.0 UNX P SVR TIER M INITIAL ESS D;20085149;;REW VCS ONE HA 5.0 UNX P SVR TIER M INITIAL ESS D;REW VCS ONE HA 5.0 UNX P SVR TIER M INITIAL ESS D;REW VCS ONE HA 5.0 UNX P SVR TIER M INITIAL ESS D;REW VCS ONE HA 5.0 UNX P SVR TIER M INITIAL ESS D;;;;79;;
1;3;2094;1;22667,6454;18428,98;GOV VCS ONE HA 5.0 UNX P SVR TIER M INITIAL ESS 1+;20085150;;GOV VCS ONE HA 5.0 UNX P SVR TIER M INITIAL ESS 1+;GOV VCS ONE HA 5.0 UNX P SVR TIER M INITIAL ESS 1+;GOV VCS ONE HA 5.0 UNX P SVR TIER M INITIAL ESS 1+;GOV VCS ONE HA 5.0 UNX P SVR TIER M INITIAL ESS 1+;;;;79;;
1;3;2094;1;4041,2511;3285,57;REW VCS ONE HA 5.0 UNX P SVR TIER B STD LIC D;20085153;;REW VCS ONE HA 5.0 UNX P SVR TIER B STD LIC D;REW VCS ONE HA 5.0 UNX P SVR TIER B STD LIC D;REW VCS ONE HA 5.0 UNX P SVR TIER B STD LIC D;REW VCS ONE HA 5.0 UNX P SVR TIER B STD LIC D;;;;79;;
1;3;2094;1;4253,9304;3458,48;EXP VCS ONE HA 5.0 UNX P SVR TIER B STD LIC S;20085154;;EXP VCS ONE HA 5.0 UNX P SVR TIER B STD LIC S;EXP VCS ONE HA 5.0 UNX P SVR TIER B STD LIC S;EXP VCS ONE HA 5.0 UNX P SVR TIER B STD LIC S;EXP VCS ONE HA 5.0 UNX P SVR TIER B STD LIC S;;;;79;;
1;3;2094;1;460,1922;374,14;REW VCS ONE HA 5.0 UNX P SVR TIER A INITIAL ESS C;20085155;;REW VCS ONE HA 5.0 UNX P SVR TIER A INITIAL ESS C;REW VCS ONE HA 5.0 UNX P SVR TIER A INITIAL ESS C;REW VCS ONE HA 5.0 UNX P SVR TIER A INITIAL ESS C;REW VCS ONE HA 5.0 UNX P SVR TIER A INITIAL ESS C;;;;79;;
1;3;2094;1;1012,7082;823,34;AE VCS ONE HA 5.0 UNX P SVR TIER B INITIAL BAS S;20085156;;AE VCS ONE HA 5.0 UNX P SVR TIER B INITIAL BAS S;AE VCS ONE HA 5.0 UNX P SVR TIER B INITIAL BAS S;AE VCS ONE HA 5.0 UNX P SVR TIER B INITIAL BAS S;AE VCS ONE HA 5.0 UNX P SVR TIER B INITIAL BAS S;;;;79;;
1;3;2094;1;6889,1439;5600,93;REW VCS ONE HA 5.0 UNX P SVR TIER C STD LIC E;20085157;;REW VCS ONE HA 5.0 UNX P SVR TIER C STD LIC E;REW VCS ONE HA 5.0 UNX P SVR TIER C STD LIC E;REW VCS ONE HA 5.0 UNX P SVR TIER C STD LIC E;REW VCS ONE HA 5.0 UNX P SVR TIER C STD LIC E;;;;79;;
1;3;2094;1;2152,2663;1749,81;REW VCS ONE HA 5.0 UNX P SVR TIER C INITIAL ESS C;20085158;;REW VCS ONE HA 5.0 UNX P SVR TIER C INITIAL ESS C;REW VCS ONE HA 5.0 UNX P SVR TIER C INITIAL ESS C;REW VCS ONE HA 5.0 UNX P SVR TIER C INITIAL ESS C;REW VCS ONE HA 5.0 UNX P SVR TIER C INITIAL ESS C;;;;79;;
1;3;2094;1;2265,5493;1841,91;GOV VCS ONE HA 5.0 UNX P SVR TIER C INITIAL ESS 1+;20085159;;GOV VCS ONE HA 5.0 UNX P SVR TIER C INITIAL ESS 1+;GOV VCS ONE HA 5.0 UNX P SVR TIER C INITIAL ESS 1+;GOV VCS ONE HA 5.0 UNX P SVR TIER C INITIAL ESS 1+;GOV VCS ONE HA 5.0 UNX P SVR TIER C INITIAL ESS 1+;;;;79;;
1;3;2094;1;24614,6493;20011,91;REW VCS ONE HA 5.0 UNX P SVR TIER G STD LIC E;20085164;;REW VCS ONE HA 5.0 UNX P SVR TIER G STD LIC E;REW VCS ONE HA 5.0 UNX P SVR TIER G STD LIC E;REW VCS ONE HA 5.0 UNX P SVR TIER G STD LIC E;REW VCS ONE HA 5.0 UNX P SVR TIER G STD LIC E;;;;79;;
1;3;2094;1;5859,8676;4764,12;REW VCS ONE HA 5.0 UNX P SVR TIER G INITIAL BAS E;20085165;;REW VCS ONE HA 5.0 UNX P SVR TIER G INITIAL BAS E;REW VCS ONE HA 5.0 UNX P SVR TIER G INITIAL BAS E;REW VCS ONE HA 5.0 UNX P SVR TIER G INITIAL BAS E;REW VCS ONE HA 5.0 UNX P SVR TIER G INITIAL BAS E;;;;79;;
1;3;2094;1;6334,992;5150,4;GOV VCS ONE HA 5.0 UNX P SVR TIER G INITIAL BAS 1+;20085167;;GOV VCS ONE HA 5.0 UNX P SVR TIER G INITIAL BAS 1+;GOV VCS ONE HA 5.0 UNX P SVR TIER G INITIAL BAS 1+;GOV VCS ONE HA 5.0 UNX P SVR TIER G INITIAL BAS 1+;GOV VCS ONE HA 5.0 UNX P SVR TIER G INITIAL BAS 1+;;;;79;;
1;3;2094;1;22667,6454;18428,98;EXP VCS ONE HA 5.0 UNX P SVR TIER M INITIAL ESS S;20085169;;EXP VCS ONE HA 5.0 UNX P SVR TIER M INITIAL ESS S;EXP VCS ONE HA 5.0 UNX P SVR TIER M INITIAL ESS S;EXP VCS ONE HA 5.0 UNX P SVR TIER M INITIAL ESS S;EXP VCS ONE HA 5.0 UNX P SVR TIER M INITIAL ESS S;;;;79;;
1;3;2094;1;106189,0734;86332,58;REW VCS ONE HA 5.0 UNX P SVR TIER N STD LIC D;20085172;;REW VCS ONE HA 5.0 UNX P SVR TIER N STD LIC D;REW VCS ONE HA 5.0 UNX P SVR TIER N STD LIC D;REW VCS ONE HA 5.0 UNX P SVR TIER N STD LIC D;REW VCS ONE HA 5.0 UNX P SVR TIER N STD LIC D;;;;79;;
1;3;2094;1;111777,972;90876,4;GOV VCS ONE HA 5.0 UNX P SVR TIER N STD LIC 1+;20085174;;GOV VCS ONE HA 5.0 UNX P SVR TIER N STD LIC 1+;GOV VCS ONE HA 5.0 UNX P SVR TIER N STD LIC 1+;GOV VCS ONE HA 5.0 UNX P SVR TIER N STD LIC 1+;GOV VCS ONE HA 5.0 UNX P SVR TIER N STD LIC 1+;;;;79;;
1;3;2094;1;20967,564;17046,8;REW VCS ONE HA 5.0 UNX P SVR TIER M INITIAL ESS E;20085178;;REW VCS ONE HA 5.0 UNX P SVR TIER M INITIAL ESS E;REW VCS ONE HA 5.0 UNX P SVR TIER M INITIAL ESS E;REW VCS ONE HA 5.0 UNX P SVR TIER M INITIAL ESS E;REW VCS ONE HA 5.0 UNX P SVR TIER M INITIAL ESS E;;;;79;;
1;3;2094;1;1592,4564;1294,68;AE VCS ONE HA 5.0 UNX P SVR TIER A STD LIC S;20085180;;AE VCS ONE HA 5.0 UNX P SVR TIER A STD LIC S;AE VCS ONE HA 5.0 UNX P SVR TIER A STD LIC S;AE VCS ONE HA 5.0 UNX P SVR TIER A STD LIC S;AE VCS ONE HA 5.0 UNX P SVR TIER A STD LIC S;;;;79;;
1;3;2094;1;103394,6241;84060,67;REW VCS ONE HA 5.0 UNX P SVR TIER N STD LIC E;20085182;;REW VCS ONE HA 5.0 UNX P SVR TIER N STD LIC E;REW VCS ONE HA 5.0 UNX P SVR TIER N STD LIC E;REW VCS ONE HA 5.0 UNX P SVR TIER N STD LIC E;REW VCS ONE HA 5.0 UNX P SVR TIER N STD LIC E;;;;79;;
1;3;2094;1;26610,3612;21634,44;GOV VCS ONE HA 5.0 UNX P SVR TIER N INITIAL BAS 1+;20085183;;GOV VCS ONE HA 5.0 UNX P SVR TIER N INITIAL BAS 1+;GOV VCS ONE HA 5.0 UNX P SVR TIER N INITIAL BAS 1+;GOV VCS ONE HA 5.0 UNX P SVR TIER N INITIAL BAS 1+;GOV VCS ONE HA 5.0 UNX P SVR TIER N INITIAL BAS 1+;;;;79;;
1;3;2094;1;26610,3612;21634,44;AE VCS ONE HA 5.0 UNX P SVR TIER N INITIAL BAS S;20085184;;AE VCS ONE HA 5.0 UNX P SVR TIER N INITIAL BAS S;AE VCS ONE HA 5.0 UNX P SVR TIER N INITIAL BAS S;AE VCS ONE HA 5.0 UNX P SVR TIER N INITIAL BAS S;AE VCS ONE HA 5.0 UNX P SVR TIER N INITIAL BAS S;;;;79;;
1;3;2094;1;32302,0386;26261,82;REW VCS ONE HA 5.0 UNX P SVR TIER N INITIAL ESS C;20085185;;REW VCS ONE HA 5.0 UNX P SVR TIER N INITIAL ESS C;REW VCS ONE HA 5.0 UNX P SVR TIER N INITIAL ESS C;REW VCS ONE HA 5.0 UNX P SVR TIER N INITIAL ESS C;REW VCS ONE HA 5.0 UNX P SVR TIER N INITIAL ESS C;;;;79;;
1;3;2094;1;1592,4564;1294,68;REW VCS ONE HA 5.0 UNX P SVR TIER A STD LIC A;20085189;;REW VCS ONE HA 5.0 UNX P SVR TIER A STD LIC A;REW VCS ONE HA 5.0 UNX P SVR TIER A STD LIC A;REW VCS ONE HA 5.0 UNX P SVR TIER A STD LIC A;REW VCS ONE HA 5.0 UNX P SVR TIER A STD LIC A;;;;79;;
1;3;2094;1;1512,8385;1229,95;REW VCS ONE HA 5.0 UNX P SVR TIER A STD LIC D;20085190;;REW VCS ONE HA 5.0 UNX P SVR TIER A STD LIC D;REW VCS ONE HA 5.0 UNX P SVR TIER A STD LIC D;REW VCS ONE HA 5.0 UNX P SVR TIER A STD LIC D;REW VCS ONE HA 5.0 UNX P SVR TIER A STD LIC D;;;;79;;
1;3;2094;1;1592,4564;1294,68;GOV VCS ONE HA 5.0 UNX P SVR TIER A STD LIC 1+;20085191;;GOV VCS ONE HA 5.0 UNX P SVR TIER A STD LIC 1+;GOV VCS ONE HA 5.0 UNX P SVR TIER A STD LIC 1+;GOV VCS ONE HA 5.0 UNX P SVR TIER A STD LIC 1+;GOV VCS ONE HA 5.0 UNX P SVR TIER A STD LIC 1+;;;;79;;
1;3;2094;1;484,4232;393,84;REW VCS ONE HA 5.0 UNX P SVR TIER A INITIAL ESS B;20085192;;REW VCS ONE HA 5.0 UNX P SVR TIER A INITIAL ESS B;REW VCS ONE HA 5.0 UNX P SVR TIER A INITIAL ESS B;REW VCS ONE HA 5.0 UNX P SVR TIER A INITIAL ESS B;REW VCS ONE HA 5.0 UNX P SVR TIER A INITIAL ESS B;;;;79;;
1;3;2094;1;33264,1323;27044,01;EXP VCS ONE HA 5.0 UNX P SVR TIER H STD LIC S;20085193;;EXP VCS ONE HA 5.0 UNX P SVR TIER H STD LIC S;EXP VCS ONE HA 5.0 UNX P SVR TIER H STD LIC S;EXP VCS ONE HA 5.0 UNX P SVR TIER H STD LIC S;EXP VCS ONE HA 5.0 UNX P SVR TIER H STD LIC S;;;;79;;
1;3;2094;1;7918,9983;6438,21;AE VCS ONE HA 5.0 UNX P SVR TIER H INITIAL BAS S;20085194;;AE VCS ONE HA 5.0 UNX P SVR TIER H INITIAL BAS S;AE VCS ONE HA 5.0 UNX P SVR TIER H INITIAL BAS S;AE VCS ONE HA 5.0 UNX P SVR TIER H INITIAL BAS S;AE VCS ONE HA 5.0 UNX P SVR TIER H INITIAL BAS S;;;;79;;
1;3;2094;1;360,1686;292,82;REW VCS ONE HA 5.0 UNX P SVR TIER A INITIAL BAS C;20085195;;REW VCS ONE HA 5.0 UNX P SVR TIER A INITIAL BAS C;REW VCS ONE HA 5.0 UNX P SVR TIER A INITIAL BAS C;REW VCS ONE HA 5.0 UNX P SVR TIER A INITIAL BAS C;REW VCS ONE HA 5.0 UNX P SVR TIER A INITIAL BAS C;;;;79;;
1;3;2094;1;379,1106;308,22;AE VCS ONE HA 5.0 UNX P SVR TIER A INITIAL BAS S;20085196;;AE VCS ONE HA 5.0 UNX P SVR TIER A INITIAL BAS S;AE VCS ONE HA 5.0 UNX P SVR TIER A INITIAL BAS S;AE VCS ONE HA 5.0 UNX P SVR TIER A INITIAL BAS S;AE VCS ONE HA 5.0 UNX P SVR TIER A INITIAL BAS S;;;;79;;
1;3;2094;1;460,1922;374,14;REW VCS ONE HA 5.0 UNX P SVR TIER A INITIAL ESS D;20085197;;REW VCS ONE HA 5.0 UNX P SVR TIER A INITIAL ESS D;REW VCS ONE HA 5.0 UNX P SVR TIER A INITIAL ESS D;REW VCS ONE HA 5.0 UNX P SVR TIER A INITIAL ESS D;REW VCS ONE HA 5.0 UNX P SVR TIER A INITIAL ESS D;;;;79;;
1;3;2094;1;1012,7082;823,34;REW VCS ONE HA 5.0 UNX P SVR TIER B INITIAL BAS B;20085198;;REW VCS ONE HA 5.0 UNX P SVR TIER B INITIAL BAS B;REW VCS ONE HA 5.0 UNX P SVR TIER B INITIAL BAS B;REW VCS ONE HA 5.0 UNX P SVR TIER B INITIAL BAS B;REW VCS ONE HA 5.0 UNX P SVR TIER B INITIAL BAS B;;;;79;;
1;3;2094;1;962,0814;782,18;REW VCS ONE HA 5.0 UNX P SVR TIER B INITIAL BAS D;20085199;;REW VCS ONE HA 5.0 UNX P SVR TIER B INITIAL BAS D;REW VCS ONE HA 5.0 UNX P SVR TIER B INITIAL BAS D;REW VCS ONE HA 5.0 UNX P SVR TIER B INITIAL BAS D;REW VCS ONE HA 5.0 UNX P SVR TIER B INITIAL BAS D;;;;79;;
1;3;2094;1;936,7557;761,59;REW VCS ONE HA 5.0 UNX P SVR TIER B INITIAL BAS E;20085200;;REW VCS ONE HA 5.0 UNX P SVR TIER B INITIAL BAS E;REW VCS ONE HA 5.0 UNX P SVR TIER B INITIAL BAS E;REW VCS ONE HA 5.0 UNX P SVR TIER B INITIAL BAS E;REW VCS ONE HA 5.0 UNX P SVR TIER B INITIAL BAS E;;;;79;;
1;3;2094;1;1012,7082;823,34;EXP VCS ONE HA 5.0 UNX P SVR TIER B INITIAL BAS S;20085201;;EXP VCS ONE HA 5.0 UNX P SVR TIER B INITIAL BAS S;EXP VCS ONE HA 5.0 UNX P SVR TIER B INITIAL BAS S;EXP VCS ONE HA 5.0 UNX P SVR TIER B INITIAL BAS S;EXP VCS ONE HA 5.0 UNX P SVR TIER B INITIAL BAS S;;;;79;;
1;3;2094;1;1229,3235;999,45;REW VCS ONE HA 5.0 UNX P SVR TIER B INITIAL ESS C;20085202;;REW VCS ONE HA 5.0 UNX P SVR TIER B INITIAL ESS C;REW VCS ONE HA 5.0 UNX P SVR TIER B INITIAL ESS C;REW VCS ONE HA 5.0 UNX P SVR TIER B INITIAL ESS C;REW VCS ONE HA 5.0 UNX P SVR TIER B INITIAL ESS C;;;;79;;
1;3;2094;1;7075,3536;5752,32;REW VCS ONE HA 5.0 UNX P SVR TIER C STD LIC C;20085204;;REW VCS ONE HA 5.0 UNX P SVR TIER C STD LIC C;REW VCS ONE HA 5.0 UNX P SVR TIER C STD LIC C;REW VCS ONE HA 5.0 UNX P SVR TIER C STD LIC C;REW VCS ONE HA 5.0 UNX P SVR TIER C STD LIC C;;;;79;;
1;3;2094;1;7447,7238;6055,06;EXP VCS ONE HA 5.0 UNX P SVR TIER C STD LIC S;20085205;;EXP VCS ONE HA 5.0 UNX P SVR TIER C STD LIC S;EXP VCS ONE HA 5.0 UNX P SVR TIER C STD LIC S;EXP VCS ONE HA 5.0 UNX P SVR TIER C STD LIC S;EXP VCS ONE HA 5.0 UNX P SVR TIER C STD LIC S;;;;79;;
1;3;2094;1;484,4232;393,84;EXP VCS ONE HA 5.0 UNX P SVR TIER A INITIAL ESS S;20085207;;EXP VCS ONE HA 5.0 UNX P SVR TIER A INITIAL ESS S;EXP VCS ONE HA 5.0 UNX P SVR TIER A INITIAL ESS S;EXP VCS ONE HA 5.0 UNX P SVR TIER A INITIAL ESS S;EXP VCS ONE HA 5.0 UNX P SVR TIER A INITIAL ESS S;;;;79;;
1;3;2094;1;1196,9622;973,14;REW VCS ONE HA 5.0 UNX P SVR TIER B INITIAL ESS E;20085210;;REW VCS ONE HA 5.0 UNX P SVR TIER B INITIAL ESS E;REW VCS ONE HA 5.0 UNX P SVR TIER B INITIAL ESS E;REW VCS ONE HA 5.0 UNX P SVR TIER B INITIAL ESS E;REW VCS ONE HA 5.0 UNX P SVR TIER B INITIAL ESS E;;;;79;;
1;3;2094;1;7075,3536;5752,32;REW VCS ONE HA 5.0 UNX P SVR TIER C STD LIC D;20085213;;REW VCS ONE HA 5.0 UNX P SVR TIER C STD LIC D;REW VCS ONE HA 5.0 UNX P SVR TIER C STD LIC D;REW VCS ONE HA 5.0 UNX P SVR TIER C STD LIC D;REW VCS ONE HA 5.0 UNX P SVR TIER C STD LIC D;;;;79;;
1;3;2094;1;1773,0327;1441,49;REW VCS ONE HA 5.0 UNX P SVR TIER C INITIAL BAS B;20085214;;REW VCS ONE HA 5.0 UNX P SVR TIER C INITIAL BAS B;REW VCS ONE HA 5.0 UNX P SVR TIER C INITIAL BAS B;REW VCS ONE HA 5.0 UNX P SVR TIER C INITIAL BAS B;REW VCS ONE HA 5.0 UNX P SVR TIER C INITIAL BAS B;;;;79;;
1;3;2094;1;2152,2663;1749,81;REW VCS ONE HA 5.0 UNX P SVR TIER C INITIAL ESS D;20085215;;REW VCS ONE HA 5.0 UNX P SVR TIER C INITIAL ESS D;REW VCS ONE HA 5.0 UNX P SVR TIER C INITIAL ESS D;REW VCS ONE HA 5.0 UNX P SVR TIER C INITIAL ESS D;REW VCS ONE HA 5.0 UNX P SVR TIER C INITIAL ESS D;;;;79;;
1;3;2094;1;10641,5049;8651,63;REW VCS ONE HA 5.0 UNX P SVR TIER E STD LIC B;20085217;;REW VCS ONE HA 5.0 UNX P SVR TIER E STD LIC B;REW VCS ONE HA 5.0 UNX P SVR TIER E STD LIC B;REW VCS ONE HA 5.0 UNX P SVR TIER E STD LIC B;REW VCS ONE HA 5.0 UNX P SVR TIER E STD LIC B;;;;79;;
1;3;2094;1;9843,4071;8002,77;REW VCS ONE HA 5.0 UNX P SVR TIER E STD LIC E;20085218;;REW VCS ONE HA 5.0 UNX P SVR TIER E STD LIC E;REW VCS ONE HA 5.0 UNX P SVR TIER E STD LIC E;REW VCS ONE HA 5.0 UNX P SVR TIER E STD LIC E;REW VCS ONE HA 5.0 UNX P SVR TIER E STD LIC E;;;;79;;
1;3;2094;1;9612,7944;7815,28;REW VCS ONE HA 5.0 UNX P SVR TIER H INITIAL ESS C;20085219;;REW VCS ONE HA 5.0 UNX P SVR TIER H INITIAL ESS C;REW VCS ONE HA 5.0 UNX P SVR TIER H INITIAL ESS C;REW VCS ONE HA 5.0 UNX P SVR TIER H INITIAL ESS C;REW VCS ONE HA 5.0 UNX P SVR TIER H INITIAL ESS C;;;;79;;
1;3;2094;1;9612,7944;7815,28;REW VCS ONE HA 5.0 UNX P SVR TIER H INITIAL ESS D;20085220;;REW VCS ONE HA 5.0 UNX P SVR TIER H INITIAL ESS D;REW VCS ONE HA 5.0 UNX P SVR TIER H INITIAL ESS D;REW VCS ONE HA 5.0 UNX P SVR TIER H INITIAL ESS D;REW VCS ONE HA 5.0 UNX P SVR TIER H INITIAL ESS D;;;;79;;
1;3;2094;1;36546,6456;29712,72;REW VCS ONE HA 5.0 UNX P SVR TIER J STD LIC A;20085223;;REW VCS ONE HA 5.0 UNX P SVR TIER J STD LIC A;REW VCS ONE HA 5.0 UNX P SVR TIER J STD LIC A;REW VCS ONE HA 5.0 UNX P SVR TIER J STD LIC A;REW VCS ONE HA 5.0 UNX P SVR TIER J STD LIC A;;;;79;;
1;3;2094;1;36546,6456;29712,72;GOV VCS ONE HA 5.0 UNX P SVR TIER J STD LIC 1+;20085224;;GOV VCS ONE HA 5.0 UNX P SVR TIER J STD LIC 1+;GOV VCS ONE HA 5.0 UNX P SVR TIER J STD LIC 1+;GOV VCS ONE HA 5.0 UNX P SVR TIER J STD LIC 1+;GOV VCS ONE HA 5.0 UNX P SVR TIER J STD LIC 1+;;;;79;;
1;3;2094;1;11117,2443;9038,41;REW VCS ONE HA 5.0 UNX P SVR TIER J INITIAL ESS B;20085226;;REW VCS ONE HA 5.0 UNX P SVR TIER J INITIAL ESS B;REW VCS ONE HA 5.0 UNX P SVR TIER J INITIAL ESS B;REW VCS ONE HA 5.0 UNX P SVR TIER J INITIAL ESS B;REW VCS ONE HA 5.0 UNX P SVR TIER J INITIAL ESS B;;;;79;;
1;3;2094;1;10283,4642;8360,54;REW VCS ONE HA 5.0 UNX P SVR TIER J INITIAL ESS E;20085227;;REW VCS ONE HA 5.0 UNX P SVR TIER J INITIAL ESS E;REW VCS ONE HA 5.0 UNX P SVR TIER J INITIAL ESS E;REW VCS ONE HA 5.0 UNX P SVR TIER J INITIAL ESS E;REW VCS ONE HA 5.0 UNX P SVR TIER J INITIAL ESS E;;;;79;;
1;3;2094;1;11117,2443;9038,41;GOV VCS ONE HA 5.0 UNX P SVR TIER J INITIAL ESS 1+;20085228;;GOV VCS ONE HA 5.0 UNX P SVR TIER J INITIAL ESS 1+;GOV VCS ONE HA 5.0 UNX P SVR TIER J INITIAL ESS 1+;GOV VCS ONE HA 5.0 UNX P SVR TIER J INITIAL ESS 1+;GOV VCS ONE HA 5.0 UNX P SVR TIER J INITIAL ESS 1+;;;;79;;
1;3;2094;1;13843,2687;11254,69;REW VCS ONE HA 5.0 UNX P SVR TIER L INITIAL BAS C;20085233;;REW VCS ONE HA 5.0 UNX P SVR TIER L INITIAL BAS C;REW VCS ONE HA 5.0 UNX P SVR TIER L INITIAL BAS C;REW VCS ONE HA 5.0 UNX P SVR TIER L INITIAL BAS C;REW VCS ONE HA 5.0 UNX P SVR TIER L INITIAL BAS C;;;;79;;
1;3;2094;1;13478,9673;10958,51;REW VCS ONE HA 5.0 UNX P SVR TIER L INITIAL BAS E;20085234;;REW VCS ONE HA 5.0 UNX P SVR TIER L INITIAL BAS E;REW VCS ONE HA 5.0 UNX P SVR TIER L INITIAL BAS E;REW VCS ONE HA 5.0 UNX P SVR TIER L INITIAL BAS E;REW VCS ONE HA 5.0 UNX P SVR TIER L INITIAL BAS E;;;;79;;
1;3;2094;1;18625,9638;15143,06;AE VCS ONE HA 5.0 UNX P SVR TIER F STD LIC S;20085238;;AE VCS ONE HA 5.0 UNX P SVR TIER F STD LIC S;AE VCS ONE HA 5.0 UNX P SVR TIER F STD LIC S;AE VCS ONE HA 5.0 UNX P SVR TIER F STD LIC S;AE VCS ONE HA 5.0 UNX P SVR TIER F STD LIC S;;;;79;;
1;3;2094;1;2406,7041;1956,67;REW VCS ONE HA 5.0 UNX P SVR TIER E INITIAL BAS C;20085242;;REW VCS ONE HA 5.0 UNX P SVR TIER E INITIAL BAS C;REW VCS ONE HA 5.0 UNX P SVR TIER E INITIAL BAS C;REW VCS ONE HA 5.0 UNX P SVR TIER E INITIAL BAS C;REW VCS ONE HA 5.0 UNX P SVR TIER E INITIAL BAS C;;;;79;;
1;3;2094;1;2406,7041;1956,67;REW VCS ONE HA 5.0 UNX P SVR TIER E INITIAL BAS D;20085243;;REW VCS ONE HA 5.0 UNX P SVR TIER E INITIAL BAS D;REW VCS ONE HA 5.0 UNX P SVR TIER E INITIAL BAS D;REW VCS ONE HA 5.0 UNX P SVR TIER E INITIAL BAS D;REW VCS ONE HA 5.0 UNX P SVR TIER E INITIAL BAS D;;;;79;;
1;3;2094;1;56619,0156;46031,72;REW VCS ONE HA 5.0 UNX P SVR TIER L STD LIC E;20085247;;REW VCS ONE HA 5.0 UNX P SVR TIER L STD LIC E;REW VCS ONE HA 5.0 UNX P SVR TIER L STD LIC E;REW VCS ONE HA 5.0 UNX P SVR TIER L STD LIC E;REW VCS ONE HA 5.0 UNX P SVR TIER L STD LIC E;;;;79;;
1;3;2094;1;17694,6816;14385,92;REW VCS ONE HA 5.0 UNX P SVR TIER F STD LIC C;20085250;;REW VCS ONE HA 5.0 UNX P SVR TIER F STD LIC C;REW VCS ONE HA 5.0 UNX P SVR TIER F STD LIC C;REW VCS ONE HA 5.0 UNX P SVR TIER F STD LIC C;REW VCS ONE HA 5.0 UNX P SVR TIER F STD LIC C;;;;79;;
1;3;2094;1;11636,1567;9460,29;REW VCS ONE HA 5.0 UNX P SVR TIER K INITIAL BAS B;20085256;;REW VCS ONE HA 5.0 UNX P SVR TIER K INITIAL BAS B;REW VCS ONE HA 5.0 UNX P SVR TIER K INITIAL BAS B;REW VCS ONE HA 5.0 UNX P SVR TIER K INITIAL BAS B;REW VCS ONE HA 5.0 UNX P SVR TIER K INITIAL BAS B;;;;79;;
1;3;2094;1;10763,4471;8750,77;REW VCS ONE HA 5.0 UNX P SVR TIER K INITIAL BAS E;20085257;;REW VCS ONE HA 5.0 UNX P SVR TIER K INITIAL BAS E;REW VCS ONE HA 5.0 UNX P SVR TIER K INITIAL BAS E;REW VCS ONE HA 5.0 UNX P SVR TIER K INITIAL BAS E;REW VCS ONE HA 5.0 UNX P SVR TIER K INITIAL BAS E;;;;79;;
1;3;2094;1;11636,1567;9460,29;EXP VCS ONE HA 5.0 UNX P SVR TIER K INITIAL BAS S;20085258;;EXP VCS ONE HA 5.0 UNX P SVR TIER K INITIAL BAS S;EXP VCS ONE HA 5.0 UNX P SVR TIER K INITIAL BAS S;EXP VCS ONE HA 5.0 UNX P SVR TIER K INITIAL BAS S;EXP VCS ONE HA 5.0 UNX P SVR TIER K INITIAL BAS S;;;;79;;
1;3;2094;1;11636,1567;9460,29;AE VCS ONE HA 5.0 UNX P SVR TIER K INITIAL BAS S;20085259;;AE VCS ONE HA 5.0 UNX P SVR TIER K INITIAL BAS S;AE VCS ONE HA 5.0 UNX P SVR TIER K INITIAL BAS S;AE VCS ONE HA 5.0 UNX P SVR TIER K INITIAL BAS S;AE VCS ONE HA 5.0 UNX P SVR TIER K INITIAL BAS S;;;;79;;
1;3;2094;1;14868,4245;12088,15;REW VCS ONE HA 5.0 UNX P SVR TIER K INITIAL ESS A;20085260;;REW VCS ONE HA 5.0 UNX P SVR TIER K INITIAL ESS A;REW VCS ONE HA 5.0 UNX P SVR TIER K INITIAL ESS A;REW VCS ONE HA 5.0 UNX P SVR TIER K INITIAL ESS A;REW VCS ONE HA 5.0 UNX P SVR TIER K INITIAL ESS A;;;;79;;
1;3;2094;1;14868,4245;12088,15;AE VCS ONE HA 5.0 UNX P SVR TIER K INITIAL ESS S;20085261;;AE VCS ONE HA 5.0 UNX P SVR TIER K INITIAL ESS S;AE VCS ONE HA 5.0 UNX P SVR TIER K INITIAL ESS S;AE VCS ONE HA 5.0 UNX P SVR TIER K INITIAL ESS S;AE VCS ONE HA 5.0 UNX P SVR TIER K INITIAL ESS S;;;;79;;
1;3;2094;1;22667,6454;18428,98;AE VCS ONE HA 5.0 UNX P SVR TIER M INITIAL ESS S;20085264;;AE VCS ONE HA 5.0 UNX P SVR TIER M INITIAL ESS S;AE VCS ONE HA 5.0 UNX P SVR TIER M INITIAL ESS S;AE VCS ONE HA 5.0 UNX P SVR TIER M INITIAL ESS S;AE VCS ONE HA 5.0 UNX P SVR TIER M INITIAL ESS S;;;;79;;
1;3;2094;1;6018,2547;4892,89;REW VCS ONE HA 5.0 UNX P SVR TIER G INITIAL BAS D;20085266;;REW VCS ONE HA 5.0 UNX P SVR TIER G INITIAL BAS D;REW VCS ONE HA 5.0 UNX P SVR TIER G INITIAL BAS D;REW VCS ONE HA 5.0 UNX P SVR TIER G INITIAL BAS D;REW VCS ONE HA 5.0 UNX P SVR TIER G INITIAL BAS D;;;;79;;
1;3;2094;1;6334,992;5150,4;EXP VCS ONE HA 5.0 UNX P SVR TIER G INITIAL BAS S;20085267;;EXP VCS ONE HA 5.0 UNX P SVR TIER G INITIAL BAS S;EXP VCS ONE HA 5.0 UNX P SVR TIER G INITIAL BAS S;EXP VCS ONE HA 5.0 UNX P SVR TIER G INITIAL BAS S;EXP VCS ONE HA 5.0 UNX P SVR TIER G INITIAL BAS S;;;;79;;
1;3;2094;1;7487,6127;6087,49;REW VCS ONE HA 5.0 UNX P SVR TIER G INITIAL ESS E;20085268;;REW VCS ONE HA 5.0 UNX P SVR TIER G INITIAL ESS E;REW VCS ONE HA 5.0 UNX P SVR TIER G INITIAL ESS E;REW VCS ONE HA 5.0 UNX P SVR TIER G INITIAL ESS E;REW VCS ONE HA 5.0 UNX P SVR TIER G INITIAL ESS E;;;;79;;
1;3;2094;1;8094,7284;6581,08;EXP VCS ONE HA 5.0 UNX P SVR TIER G INITIAL ESS S;20085269;;EXP VCS ONE HA 5.0 UNX P SVR TIER G INITIAL ESS S;EXP VCS ONE HA 5.0 UNX P SVR TIER G INITIAL ESS S;EXP VCS ONE HA 5.0 UNX P SVR TIER G INITIAL ESS S;EXP VCS ONE HA 5.0 UNX P SVR TIER G INITIAL ESS S;;;;79;;
1;3;2094;1;7523,0613;6116,31;REW VCS ONE HA 5.0 UNX P SVR TIER H INITIAL BAS D;20085270;;REW VCS ONE HA 5.0 UNX P SVR TIER H INITIAL BAS D;REW VCS ONE HA 5.0 UNX P SVR TIER H INITIAL BAS D;REW VCS ONE HA 5.0 UNX P SVR TIER H INITIAL BAS D;REW VCS ONE HA 5.0 UNX P SVR TIER H INITIAL BAS D;;;;79;;
1;3;2094;1;36546,6456;29712,72;REW VCS ONE HA 5.0 UNX P SVR TIER J STD LIC B;20085273;;REW VCS ONE HA 5.0 UNX P SVR TIER J STD LIC B;REW VCS ONE HA 5.0 UNX P SVR TIER J STD LIC B;REW VCS ONE HA 5.0 UNX P SVR TIER J STD LIC B;REW VCS ONE HA 5.0 UNX P SVR TIER J STD LIC B;;;;79;;
1;3;2094;1;10561,395;8586,5;REW VCS ONE HA 5.0 UNX P SVR TIER J INITIAL ESS D;20085274;;REW VCS ONE HA 5.0 UNX P SVR TIER J INITIAL ESS D;REW VCS ONE HA 5.0 UNX P SVR TIER J INITIAL ESS D;REW VCS ONE HA 5.0 UNX P SVR TIER J INITIAL ESS D;REW VCS ONE HA 5.0 UNX P SVR TIER J INITIAL ESS D;;;;79;;
1;3;2094;1;25279,9071;20552,77;REW VCS ONE HA 5.0 UNX P SVR TIER G STD LIC C;20085277;;REW VCS ONE HA 5.0 UNX P SVR TIER G STD LIC C;REW VCS ONE HA 5.0 UNX P SVR TIER G STD LIC C;REW VCS ONE HA 5.0 UNX P SVR TIER G STD LIC C;REW VCS ONE HA 5.0 UNX P SVR TIER G STD LIC C;;;;79;;
1;3;2094;1;6334,992;5150,4;REW VCS ONE HA 5.0 UNX P SVR TIER G INITIAL BAS A;20085278;;REW VCS ONE HA 5.0 UNX P SVR TIER G INITIAL BAS A;REW VCS ONE HA 5.0 UNX P SVR TIER G INITIAL BAS A;REW VCS ONE HA 5.0 UNX P SVR TIER G INITIAL BAS A;REW VCS ONE HA 5.0 UNX P SVR TIER G INITIAL BAS A;;;;79;;
1;3;2094;1;30769,3356;25015,72;REW VCS ONE HA 5.0 UNX P SVR TIER H STD LIC E;20085280;;REW VCS ONE HA 5.0 UNX P SVR TIER H STD LIC E;REW VCS ONE HA 5.0 UNX P SVR TIER H STD LIC E;REW VCS ONE HA 5.0 UNX P SVR TIER H STD LIC E;REW VCS ONE HA 5.0 UNX P SVR TIER H STD LIC E;;;;79;;
1;3;2094;1;7523,0613;6116,31;REW VCS ONE HA 5.0 UNX P SVR TIER H INITIAL BAS C;20085281;;REW VCS ONE HA 5.0 UNX P SVR TIER H INITIAL BAS C;REW VCS ONE HA 5.0 UNX P SVR TIER H INITIAL BAS C;REW VCS ONE HA 5.0 UNX P SVR TIER H INITIAL BAS C;REW VCS ONE HA 5.0 UNX P SVR TIER H INITIAL BAS C;;;;79;;
1;3;2094;1;7918,9983;6438,21;EXP VCS ONE HA 5.0 UNX P SVR TIER H INITIAL BAS S;20085282;;EXP VCS ONE HA 5.0 UNX P SVR TIER H INITIAL BAS S;EXP VCS ONE HA 5.0 UNX P SVR TIER H INITIAL BAS S;EXP VCS ONE HA 5.0 UNX P SVR TIER H INITIAL BAS S;EXP VCS ONE HA 5.0 UNX P SVR TIER H INITIAL BAS S;;;;79;;
1;3;2094;1;25279,8579;20552,73;REW VCS ONE HA 5.0 UNX P SVR TIER N INITIAL BAS C;20085291;;REW VCS ONE HA 5.0 UNX P SVR TIER N INITIAL BAS C;REW VCS ONE HA 5.0 UNX P SVR TIER N INITIAL BAS C;REW VCS ONE HA 5.0 UNX P SVR TIER N INITIAL BAS C;REW VCS ONE HA 5.0 UNX P SVR TIER N INITIAL BAS C;;;;79;;
1;3;2094;1;34002,1323;27644,01;GOV VCS ONE HA 5.0 UNX P SVR TIER N INITIAL ESS 1+;20085292;;GOV VCS ONE HA 5.0 UNX P SVR TIER N INITIAL ESS 1+;GOV VCS ONE HA 5.0 UNX P SVR TIER N INITIAL ESS 1+;GOV VCS ONE HA 5.0 UNX P SVR TIER N INITIAL ESS 1+;GOV VCS ONE HA 5.0 UNX P SVR TIER N INITIAL ESS 1+;;;;79;;
1;3;2094;1;1512,8385;1229,95;REW VCS ONE HA 5.0 UNX P SVR TIER A STD LIC C;20085296;;REW VCS ONE HA 5.0 UNX P SVR TIER A STD LIC C;REW VCS ONE HA 5.0 UNX P SVR TIER A STD LIC C;REW VCS ONE HA 5.0 UNX P SVR TIER A STD LIC C;REW VCS ONE HA 5.0 UNX P SVR TIER A STD LIC C;;;;79;;
1;3;2094;1;1592,4564;1294,68;EXP VCS ONE HA 5.0 UNX P SVR TIER A STD LIC S;20085297;;EXP VCS ONE HA 5.0 UNX P SVR TIER A STD LIC S;EXP VCS ONE HA 5.0 UNX P SVR TIER A STD LIC S;EXP VCS ONE HA 5.0 UNX P SVR TIER A STD LIC S;EXP VCS ONE HA 5.0 UNX P SVR TIER A STD LIC S;;;;79;;
1;3;2094;1;484,4232;393,84;AE VCS ONE HA 5.0 UNX P SVR TIER A INITIAL ESS S;20085298;;AE VCS ONE HA 5.0 UNX P SVR TIER A INITIAL ESS S;AE VCS ONE HA 5.0 UNX P SVR TIER A INITIAL ESS S;AE VCS ONE HA 5.0 UNX P SVR TIER A INITIAL ESS S;AE VCS ONE HA 5.0 UNX P SVR TIER A INITIAL ESS S;;;;79;;
1;3;2094;1;46434,2835;37751,45;REW VCS ONE HA 5.0 UNX P SVR TIER K STD LIC C;20085300;;REW VCS ONE HA 5.0 UNX P SVR TIER K STD LIC C;REW VCS ONE HA 5.0 UNX P SVR TIER K STD LIC C;REW VCS ONE HA 5.0 UNX P SVR TIER K STD LIC C;REW VCS ONE HA 5.0 UNX P SVR TIER K STD LIC C;;;;79;;
1;3;2094;1;46434,2835;37751,45;REW VCS ONE HA 5.0 UNX P SVR TIER K STD LIC D;20085301;;REW VCS ONE HA 5.0 UNX P SVR TIER K STD LIC D;REW VCS ONE HA 5.0 UNX P SVR TIER K STD LIC D;REW VCS ONE HA 5.0 UNX P SVR TIER K STD LIC D;REW VCS ONE HA 5.0 UNX P SVR TIER K STD LIC D;;;;79;;
1;3;2094;1;48878,1828;39738,36;GOV VCS ONE HA 5.0 UNX P SVR TIER K STD LIC 1+;20085302;;GOV VCS ONE HA 5.0 UNX P SVR TIER K STD LIC 1+;GOV VCS ONE HA 5.0 UNX P SVR TIER K STD LIC 1+;GOV VCS ONE HA 5.0 UNX P SVR TIER K STD LIC 1+;GOV VCS ONE HA 5.0 UNX P SVR TIER K STD LIC 1+;;;;79;;
1;3;2094;1;74517,1638;60583,06;REW VCS ONE HA 5.0 UNX P SVR TIER M STD LIC A;20085304;;REW VCS ONE HA 5.0 UNX P SVR TIER M STD LIC A;REW VCS ONE HA 5.0 UNX P SVR TIER M STD LIC A;REW VCS ONE HA 5.0 UNX P SVR TIER M STD LIC A;REW VCS ONE HA 5.0 UNX P SVR TIER M STD LIC A;;;;79;;
1;3;2094;1;68928,3759;56039,33;REW VCS ONE HA 5.0 UNX P SVR TIER M STD LIC E;20085305;;REW VCS ONE HA 5.0 UNX P SVR TIER M STD LIC E;REW VCS ONE HA 5.0 UNX P SVR TIER M STD LIC E;REW VCS ONE HA 5.0 UNX P SVR TIER M STD LIC E;REW VCS ONE HA 5.0 UNX P SVR TIER M STD LIC E;;;;79;;
1;3;2094;1;16852,9065;13701,55;REW VCS ONE HA 5.0 UNX P SVR TIER M INITIAL BAS D;20085306;;REW VCS ONE HA 5.0 UNX P SVR TIER M INITIAL BAS D;REW VCS ONE HA 5.0 UNX P SVR TIER M INITIAL BAS D;REW VCS ONE HA 5.0 UNX P SVR TIER M INITIAL BAS D;REW VCS ONE HA 5.0 UNX P SVR TIER M INITIAL BAS D;;;;79;;
1;3;2094;1;17739,8964;14422,68;EXP VCS ONE HA 5.0 UNX P SVR TIER M INITIAL BAS S;20085307;;EXP VCS ONE HA 5.0 UNX P SVR TIER M INITIAL BAS S;EXP VCS ONE HA 5.0 UNX P SVR TIER M INITIAL BAS S;EXP VCS ONE HA 5.0 UNX P SVR TIER M INITIAL BAS S;EXP VCS ONE HA 5.0 UNX P SVR TIER M INITIAL BAS S;;;;79;;
1;3;2094;1;22667,6454;18428,98;REW VCS ONE HA 5.0 UNX P SVR TIER M INITIAL ESS B;20085308;;REW VCS ONE HA 5.0 UNX P SVR TIER M INITIAL ESS B;REW VCS ONE HA 5.0 UNX P SVR TIER M INITIAL ESS B;REW VCS ONE HA 5.0 UNX P SVR TIER M INITIAL ESS B;REW VCS ONE HA 5.0 UNX P SVR TIER M INITIAL ESS B;;;;79;;
1;3;2094;1;36546,6456;29712,72;EXP VCS ONE HA 5.0 UNX P SVR TIER J STD LIC S;20085312;;EXP VCS ONE HA 5.0 UNX P SVR TIER J STD LIC S;EXP VCS ONE HA 5.0 UNX P SVR TIER J STD LIC S;EXP VCS ONE HA 5.0 UNX P SVR TIER J STD LIC S;EXP VCS ONE HA 5.0 UNX P SVR TIER J STD LIC S;;;;79;;
1;3;2094;1;8700,4542;7073,54;EXP VCS ONE HA 5.0 UNX P SVR TIER J INITIAL BAS S;20085313;;EXP VCS ONE HA 5.0 UNX P SVR TIER J INITIAL BAS S;EXP VCS ONE HA 5.0 UNX P SVR TIER J INITIAL BAS S;EXP VCS ONE HA 5.0 UNX P SVR TIER J INITIAL BAS S;EXP VCS ONE HA 5.0 UNX P SVR TIER J INITIAL BAS S;;;;79;;
1;3;2094;1;48878,1828;39738,36;REW VCS ONE HA 5.0 UNX P SVR TIER K STD LIC B;20085315;;REW VCS ONE HA 5.0 UNX P SVR TIER K STD LIC B;REW VCS ONE HA 5.0 UNX P SVR TIER K STD LIC B;REW VCS ONE HA 5.0 UNX P SVR TIER K STD LIC B;REW VCS ONE HA 5.0 UNX P SVR TIER K STD LIC B;;;;79;;
1;3;2094;1;14868,4245;12088,15;REW VCS ONE HA 5.0 UNX P SVR TIER K INITIAL ESS B;20085316;;REW VCS ONE HA 5.0 UNX P SVR TIER K INITIAL ESS B;REW VCS ONE HA 5.0 UNX P SVR TIER K INITIAL ESS B;REW VCS ONE HA 5.0 UNX P SVR TIER K INITIAL ESS B;REW VCS ONE HA 5.0 UNX P SVR TIER K INITIAL ESS B;;;;79;;
1;3;2094;1;13753,3065;11181,55;REW VCS ONE HA 5.0 UNX P SVR TIER K INITIAL ESS E;20085317;;REW VCS ONE HA 5.0 UNX P SVR TIER K INITIAL ESS E;REW VCS ONE HA 5.0 UNX P SVR TIER K INITIAL ESS E;REW VCS ONE HA 5.0 UNX P SVR TIER K INITIAL ESS E;REW VCS ONE HA 5.0 UNX P SVR TIER K INITIAL ESS E;;;;79;;
1;3;2094;1;14868,4245;12088,15;EXP VCS ONE HA 5.0 UNX P SVR TIER K INITIAL ESS S;20085319;;EXP VCS ONE HA 5.0 UNX P SVR TIER K INITIAL ESS S;EXP VCS ONE HA 5.0 UNX P SVR TIER K INITIAL ESS S;EXP VCS ONE HA 5.0 UNX P SVR TIER K INITIAL ESS S;EXP VCS ONE HA 5.0 UNX P SVR TIER K INITIAL ESS S;;;;79;;
1;3;2094;1;4253,9304;3458,48;GOV VCS ONE HA 5.0 UNX P SVR TIER B STD LIC 1+;20085326;;GOV VCS ONE HA 5.0 UNX P SVR TIER B STD LIC 1+;GOV VCS ONE HA 5.0 UNX P SVR TIER B STD LIC 1+;GOV VCS ONE HA 5.0 UNX P SVR TIER B STD LIC 1+;GOV VCS ONE HA 5.0 UNX P SVR TIER B STD LIC 1+;;;;79;;
1;3;2094;1;7447,7238;6055,06;GOV VCS ONE HA 5.0 UNX P SVR TIER C STD LIC 1+;20085332;;GOV VCS ONE HA 5.0 UNX P SVR TIER C STD LIC 1+;GOV VCS ONE HA 5.0 UNX P SVR TIER C STD LIC 1+;GOV VCS ONE HA 5.0 UNX P SVR TIER C STD LIC 1+;GOV VCS ONE HA 5.0 UNX P SVR TIER C STD LIC 1+;;;;79;;
1;3;2094;1;10641,5049;8651,63;REW VCS ONE HA 5.0 UNX P SVR TIER E STD LIC A;20085335;;REW VCS ONE HA 5.0 UNX P SVR TIER E STD LIC A;REW VCS ONE HA 5.0 UNX P SVR TIER E STD LIC A;REW VCS ONE HA 5.0 UNX P SVR TIER E STD LIC A;REW VCS ONE HA 5.0 UNX P SVR TIER E STD LIC A;;;;79;;
1;3;2094;1;106189,0734;86332,58;REW VCS ONE HA 5.0 UNX P SVR TIER N STD LIC C;20085336;;REW VCS ONE HA 5.0 UNX P SVR TIER N STD LIC C;REW VCS ONE HA 5.0 UNX P SVR TIER N STD LIC C;REW VCS ONE HA 5.0 UNX P SVR TIER N STD LIC C;REW VCS ONE HA 5.0 UNX P SVR TIER N STD LIC C;;;;79;;
1;3;2094;1;34002,1323;27644,01;EXP VCS ONE HA 5.0 UNX P SVR TIER N INITIAL ESS S;20085338;;EXP VCS ONE HA 5.0 UNX P SVR TIER N INITIAL ESS S;EXP VCS ONE HA 5.0 UNX P SVR TIER N INITIAL ESS S;EXP VCS ONE HA 5.0 UNX P SVR TIER N INITIAL ESS S;EXP VCS ONE HA 5.0 UNX P SVR TIER N INITIAL ESS S;;;;79;;
1;3;2094;1;1592,4564;1294,68;REW VCS ONE HA 5.0 UNX P SVR TIER A STD LIC B;20085339;;REW VCS ONE HA 5.0 UNX P SVR TIER A STD LIC B;REW VCS ONE HA 5.0 UNX P SVR TIER A STD LIC B;REW VCS ONE HA 5.0 UNX P SVR TIER A STD LIC B;REW VCS ONE HA 5.0 UNX P SVR TIER A STD LIC B;;;;79;;
1;3;2094;1;1473,0234;1197,58;REW VCS ONE HA 5.0 UNX P SVR TIER A STD LIC E;20085340;;REW VCS ONE HA 5.0 UNX P SVR TIER A STD LIC E;REW VCS ONE HA 5.0 UNX P SVR TIER A STD LIC E;REW VCS ONE HA 5.0 UNX P SVR TIER A STD LIC E;REW VCS ONE HA 5.0 UNX P SVR TIER A STD LIC E;;;;79;;
1;3;2094;1;3934,9053;3199,11;REW VCS ONE HA 5.0 UNX P SVR TIER B STD LIC E;20085344;;REW VCS ONE HA 5.0 UNX P SVR TIER B STD LIC E;REW VCS ONE HA 5.0 UNX P SVR TIER B STD LIC E;REW VCS ONE HA 5.0 UNX P SVR TIER B STD LIC E;REW VCS ONE HA 5.0 UNX P SVR TIER B STD LIC E;;;;79;;
1;3;2094;1;962,0814;782,18;REW VCS ONE HA 5.0 UNX P SVR TIER B INITIAL BAS C;20085345;;REW VCS ONE HA 5.0 UNX P SVR TIER B INITIAL BAS C;REW VCS ONE HA 5.0 UNX P SVR TIER B INITIAL BAS C;REW VCS ONE HA 5.0 UNX P SVR TIER B INITIAL BAS C;REW VCS ONE HA 5.0 UNX P SVR TIER B INITIAL BAS C;;;;79;;
1;3;2094;1;1294,0215;1052,05;REW VCS ONE HA 5.0 UNX P SVR TIER B INITIAL ESS A;20085346;;REW VCS ONE HA 5.0 UNX P SVR TIER B INITIAL ESS A;REW VCS ONE HA 5.0 UNX P SVR TIER B INITIAL ESS A;REW VCS ONE HA 5.0 UNX P SVR TIER B INITIAL ESS A;REW VCS ONE HA 5.0 UNX P SVR TIER B INITIAL ESS A;;;;79;;
1;3;2094;1;1294,0215;1052,05;EXP VCS ONE HA 5.0 UNX P SVR TIER B INITIAL ESS S;20085347;;EXP VCS ONE HA 5.0 UNX P SVR TIER B INITIAL ESS S;EXP VCS ONE HA 5.0 UNX P SVR TIER B INITIAL ESS S;EXP VCS ONE HA 5.0 UNX P SVR TIER B INITIAL ESS S;EXP VCS ONE HA 5.0 UNX P SVR TIER B INITIAL ESS S;;;;79;;
1;3;2094;1;17739,8964;14422,68;REW VCS ONE HA 5.0 UNX P SVR TIER M INITIAL BAS A;20085349;;REW VCS ONE HA 5.0 UNX P SVR TIER M INITIAL BAS A;REW VCS ONE HA 5.0 UNX P SVR TIER M INITIAL BAS A;REW VCS ONE HA 5.0 UNX P SVR TIER M INITIAL BAS A;REW VCS ONE HA 5.0 UNX P SVR TIER M INITIAL BAS A;;;;79;;
1;3;2094;1;17739,8964;14422,68;GOV VCS ONE HA 5.0 UNX P SVR TIER M INITIAL BAS 1+;20085351;;GOV VCS ONE HA 5.0 UNX P SVR TIER M INITIAL BAS 1+;GOV VCS ONE HA 5.0 UNX P SVR TIER M INITIAL BAS 1+;GOV VCS ONE HA 5.0 UNX P SVR TIER M INITIAL BAS 1+;GOV VCS ONE HA 5.0 UNX P SVR TIER M INITIAL BAS 1+;;;;79;;
1;3;2094;1;2533,3695;2059,65;EXP VCS ONE HA 5.0 UNX P SVR TIER E INITIAL BAS S;20085354;;EXP VCS ONE HA 5.0 UNX P SVR TIER E INITIAL BAS S;EXP VCS ONE HA 5.0 UNX P SVR TIER E INITIAL BAS S;EXP VCS ONE HA 5.0 UNX P SVR TIER E INITIAL BAS S;EXP VCS ONE HA 5.0 UNX P SVR TIER E INITIAL BAS S;;;;79;;
1;3;2094;1;3075,2337;2500,19;REW VCS ONE HA 5.0 UNX P SVR TIER E INITIAL ESS C;20085355;;REW VCS ONE HA 5.0 UNX P SVR TIER E INITIAL ESS C;REW VCS ONE HA 5.0 UNX P SVR TIER E INITIAL ESS C;REW VCS ONE HA 5.0 UNX P SVR TIER E INITIAL ESS C;REW VCS ONE HA 5.0 UNX P SVR TIER E INITIAL ESS C;;;;79;;
1;3;2094;1;3237,0771;2631,77;AE VCS ONE HA 5.0 UNX P SVR TIER E INITIAL ESS S;20085356;;AE VCS ONE HA 5.0 UNX P SVR TIER E INITIAL ESS S;AE VCS ONE HA 5.0 UNX P SVR TIER E INITIAL ESS S;AE VCS ONE HA 5.0 UNX P SVR TIER E INITIAL ESS S;AE VCS ONE HA 5.0 UNX P SVR TIER E INITIAL ESS S;;;;79;;
1;3;2094;1;61209,7323;49764,01;EXP VCS ONE HA 5.0 UNX P SVR TIER L STD LIC S;20085360;;EXP VCS ONE HA 5.0 UNX P SVR TIER L STD LIC S;EXP VCS ONE HA 5.0 UNX P SVR TIER L STD LIC S;EXP VCS ONE HA 5.0 UNX P SVR TIER L STD LIC S;EXP VCS ONE HA 5.0 UNX P SVR TIER L STD LIC S;;;;79;;
1;3;2094;1;61209,7323;49764,01;AE VCS ONE HA 5.0 UNX P SVR TIER L STD LIC S;20085361;;AE VCS ONE HA 5.0 UNX P SVR TIER L STD LIC S;AE VCS ONE HA 5.0 UNX P SVR TIER L STD LIC S;AE VCS ONE HA 5.0 UNX P SVR TIER L STD LIC S;AE VCS ONE HA 5.0 UNX P SVR TIER L STD LIC S;;;;79;;
1;3;2094;1;14571,8715;11847,05;REW VCS ONE HA 5.0 UNX P SVR TIER L INITIAL BAS A;20085362;;REW VCS ONE HA 5.0 UNX P SVR TIER L INITIAL BAS A;REW VCS ONE HA 5.0 UNX P SVR TIER L INITIAL BAS A;REW VCS ONE HA 5.0 UNX P SVR TIER L INITIAL BAS A;REW VCS ONE HA 5.0 UNX P SVR TIER L INITIAL BAS A;;;;79;;
1;3;2094;1;14571,8715;11847,05;REW VCS ONE HA 5.0 UNX P SVR TIER L INITIAL BAS B;20085363;;REW VCS ONE HA 5.0 UNX P SVR TIER L INITIAL BAS B;REW VCS ONE HA 5.0 UNX P SVR TIER L INITIAL BAS B;REW VCS ONE HA 5.0 UNX P SVR TIER L INITIAL BAS B;REW VCS ONE HA 5.0 UNX P SVR TIER L INITIAL BAS B;;;;79;;
1;3;2094;1;7447,7238;6055,06;AE VCS ONE HA 5.0 UNX P SVR TIER C STD LIC S;20085367;;AE VCS ONE HA 5.0 UNX P SVR TIER C STD LIC S;AE VCS ONE HA 5.0 UNX P SVR TIER C STD LIC S;AE VCS ONE HA 5.0 UNX P SVR TIER C STD LIC S;AE VCS ONE HA 5.0 UNX P SVR TIER C STD LIC S;;;;79;;
1;3;2094;1;2265,5493;1841,91;EXP VCS ONE HA 5.0 UNX P SVR TIER C INITIAL ESS S;20085368;;EXP VCS ONE HA 5.0 UNX P SVR TIER C INITIAL ESS S;EXP VCS ONE HA 5.0 UNX P SVR TIER C INITIAL ESS S;EXP VCS ONE HA 5.0 UNX P SVR TIER C INITIAL ESS S;EXP VCS ONE HA 5.0 UNX P SVR TIER C INITIAL ESS S;;;;79;;
1;3;2094;1;2265,5493;1841,91;AE VCS ONE HA 5.0 UNX P SVR TIER C INITIAL ESS S;20085369;;AE VCS ONE HA 5.0 UNX P SVR TIER C INITIAL ESS S;AE VCS ONE HA 5.0 UNX P SVR TIER C INITIAL ESS S;AE VCS ONE HA 5.0 UNX P SVR TIER C INITIAL ESS S;AE VCS ONE HA 5.0 UNX P SVR TIER C INITIAL ESS S;;;;79;;
1;3;2094;1;10641,5049;8651,63;EXP VCS ONE HA 5.0 UNX P SVR TIER E STD LIC S;20085371;;EXP VCS ONE HA 5.0 UNX P SVR TIER E STD LIC S;EXP VCS ONE HA 5.0 UNX P SVR TIER E STD LIC S;EXP VCS ONE HA 5.0 UNX P SVR TIER E STD LIC S;EXP VCS ONE HA 5.0 UNX P SVR TIER E STD LIC S;;;;79;;
1;3;2094;1;10641,5049;8651,63;AE VCS ONE HA 5.0 UNX P SVR TIER E STD LIC S;20085372;;AE VCS ONE HA 5.0 UNX P SVR TIER E STD LIC S;AE VCS ONE HA 5.0 UNX P SVR TIER E STD LIC S;AE VCS ONE HA 5.0 UNX P SVR TIER E STD LIC S;AE VCS ONE HA 5.0 UNX P SVR TIER E STD LIC S;;;;79;;
1;3;2094;1;3075,2337;2500,19;REW VCS ONE HA 5.0 UNX P SVR TIER E INITIAL ESS D;20085373;;REW VCS ONE HA 5.0 UNX P SVR TIER E INITIAL ESS D;REW VCS ONE HA 5.0 UNX P SVR TIER E INITIAL ESS D;REW VCS ONE HA 5.0 UNX P SVR TIER E INITIAL ESS D;REW VCS ONE HA 5.0 UNX P SVR TIER E INITIAL ESS D;;;;79;;
1;3;2094;1;3237,0771;2631,77;GOV VCS ONE HA 5.0 UNX P SVR TIER E INITIAL ESS 1+;20085374;;GOV VCS ONE HA 5.0 UNX P SVR TIER E INITIAL ESS 1+;GOV VCS ONE HA 5.0 UNX P SVR TIER E INITIAL ESS 1+;GOV VCS ONE HA 5.0 UNX P SVR TIER E INITIAL ESS 1+;GOV VCS ONE HA 5.0 UNX P SVR TIER E INITIAL ESS 1+;;;;79;;
1;3;2094;1;58149,2586;47275,82;REW VCS ONE HA 5.0 UNX P SVR TIER L STD LIC C;20085377;;REW VCS ONE HA 5.0 UNX P SVR TIER L STD LIC C;REW VCS ONE HA 5.0 UNX P SVR TIER L STD LIC C;REW VCS ONE HA 5.0 UNX P SVR TIER L STD LIC C;REW VCS ONE HA 5.0 UNX P SVR TIER L STD LIC C;;;;79;;
1;3;2094;1;1347,9939;1095,93;REW CLST ONE HA 5.0 WIN ENT PER SVR ESS B;20085378;;REW CLST ONE HA 5.0 WIN ENT PER SVR ESS B;REW CLST ONE HA 5.0 WIN ENT PER SVR ESS B;REW CLST ONE HA 5.0 WIN ENT PER SVR ESS B;REW CLST ONE HA 5.0 WIN ENT PER SVR ESS B;;;;79;;
1;3;2094;1;2929,4541;2381,67;REW CLST ONE HA 5.0 WIN DATACNTR ED PER SVR BAS E;20085383;;REW CLST ONE HA 5.0 WIN DATACNTR ED PER SVR BAS E;REW CLST ONE HA 5.0 WIN DATACNTR ED PER SVR BAS E;REW CLST ONE HA 5.0 WIN DATACNTR ED PER SVR BAS E;REW CLST ONE HA 5.0 WIN DATACNTR ED PER SVR BAS E;;;;79;;
1;3;2094;1;3166,9671;2574,77;EXP CLST SVR ONE HA 5.0 WIN DATACNTR ED PER BAS S;20085384;;EXP CLST SVR ONE HA 5.0 WIN DATACNTR ED PER BAS S;EXP CLST SVR ONE HA 5.0 WIN DATACNTR ED PER BAS S;EXP CLST SVR ONE HA 5.0 WIN DATACNTR ED PER BAS S;EXP CLST SVR ONE HA 5.0 WIN DATACNTR ED PER BAS S;;;;79;;
1;3;2094;1;3544,2204;2881,48;GOV CLST ONE HA 5.0 WIN STD PER SVR STD LIC S;20085387;;GOV CLST ONE HA 5.0 WIN STD PER SVR STD LIC S;GOV CLST ONE HA 5.0 WIN STD PER SVR STD LIC S;GOV CLST ONE HA 5.0 WIN STD PER SVR STD LIC S;GOV CLST ONE HA 5.0 WIN STD PER SVR STD LIC S;;;;79;;
1;3;2094;1;3544,2204;2881,48;EXP CLST SVR ONE HA 5.0 WIN STD PER STD LIC S;20085388;;EXP CLST SVR ONE HA 5.0 WIN STD PER STD LIC S;EXP CLST SVR ONE HA 5.0 WIN STD PER STD LIC S;EXP CLST SVR ONE HA 5.0 WIN STD PER STD LIC S;EXP CLST SVR ONE HA 5.0 WIN STD PER STD LIC S;;;;79;;
1;3;2094;1;4431,3702;3602,74;AE CLST ONE HA 5.0 WIN ENT PER SVR STD LIC S;20085394;;AE CLST ONE HA 5.0 WIN ENT PER SVR STD LIC S;AE CLST ONE HA 5.0 WIN ENT PER SVR STD LIC S;AE CLST ONE HA 5.0 WIN ENT PER SVR STD LIC S;AE CLST ONE HA 5.0 WIN ENT PER SVR STD LIC S;;;;79;;
1;3;2094;1;1054,9464;857,68;REW CLST ONE HA 5.0 WIN ENT PER SVR BAS A;20085395;;REW CLST ONE HA 5.0 WIN ENT PER SVR BAS A;REW CLST ONE HA 5.0 WIN ENT PER SVR BAS A;REW CLST ONE HA 5.0 WIN ENT PER SVR BAS A;REW CLST ONE HA 5.0 WIN ENT PER SVR BAS A;;;;79;;
1;3;2094;1;975,8328;793,36;REW CLST ONE HA 5.0 WIN ENT PER SVR BAS E;20085396;;REW CLST ONE HA 5.0 WIN ENT PER SVR BAS E;REW CLST ONE HA 5.0 WIN ENT PER SVR BAS E;REW CLST ONE HA 5.0 WIN ENT PER SVR BAS E;REW CLST ONE HA 5.0 WIN ENT PER SVR BAS E;;;;79;;
1;3;2094;1;1347,9939;1095,93;GOV CLST ONE HA 5.0 WIN ENT PER SVR ESS S;20085397;;GOV CLST ONE HA 5.0 WIN ENT PER SVR ESS S;GOV CLST ONE HA 5.0 WIN ENT PER SVR ESS S;GOV CLST ONE HA 5.0 WIN ENT PER SVR ESS S;GOV CLST ONE HA 5.0 WIN ENT PER SVR ESS S;;;;79;;
1;3;2094;1;12305,2767;10004,29;REW CLST ONE HA 5.0 WIN DATACNTR ED SVR STD LIC E;20085399;;REW CLST ONE HA 5.0 WIN DATACNTR ED SVR STD LIC E;REW CLST ONE HA 5.0 WIN DATACNTR ED SVR STD LIC E;REW CLST ONE HA 5.0 WIN DATACNTR ED SVR STD LIC E;REW CLST ONE HA 5.0 WIN DATACNTR ED SVR STD LIC E;;;;79;;
1;3;2094;1;13302,9912;10815,44;AE CLST ONE HA 5.0 WIN DATACNTR ED SVR STD LIC S;20085400;;AE CLST ONE HA 5.0 WIN DATACNTR ED SVR STD LIC S;AE CLST ONE HA 5.0 WIN DATACNTR ED SVR STD LIC S;AE CLST ONE HA 5.0 WIN DATACNTR ED SVR STD LIC S;AE CLST ONE HA 5.0 WIN DATACNTR ED SVR STD LIC S;;;;79;;
1;3;2094;1;4046,6877;3289,99;REW CLST ONE HA 5.0 WIN DATACNTR ED PER SVR ESS A;20085401;;REW CLST ONE HA 5.0 WIN DATACNTR ED PER SVR ESS A;REW CLST ONE HA 5.0 WIN DATACNTR ED PER SVR ESS A;REW CLST ONE HA 5.0 WIN DATACNTR ED PER SVR ESS A;REW CLST ONE HA 5.0 WIN DATACNTR ED PER SVR ESS A;;;;79;;
1;3;2094;1;3844,365;3125,5;REW CLST ONE HA 5.0 WIN DATACNTR ED PER SVR ESS D;20085402;;REW CLST ONE HA 5.0 WIN DATACNTR ED PER SVR ESS D;REW CLST ONE HA 5.0 WIN DATACNTR ED PER SVR ESS D;REW CLST ONE HA 5.0 WIN DATACNTR ED PER SVR ESS D;REW CLST ONE HA 5.0 WIN DATACNTR ED PER SVR ESS D;;;;79;;
1;3;2094;1;3367,0143;2737,41;REW CLST ONE HA 5.0 WIN STD PER SVR STD LIC C;20085404;;REW CLST ONE HA 5.0 WIN STD PER SVR STD LIC C;REW CLST ONE HA 5.0 WIN STD PER SVR STD LIC C;REW CLST ONE HA 5.0 WIN STD PER SVR STD LIC C;REW CLST ONE HA 5.0 WIN STD PER SVR STD LIC C;;;;79;;
1;3;2094;1;3278,4051;2665,37;REW CLST ONE HA 5.0 WIN STD PER SVR STD LIC E;20085405;;REW CLST ONE HA 5.0 WIN STD PER SVR STD LIC E;REW CLST ONE HA 5.0 WIN STD PER SVR STD LIC E;REW CLST ONE HA 5.0 WIN STD PER SVR STD LIC E;REW CLST ONE HA 5.0 WIN STD PER SVR STD LIC E;;;;79;;
1;3;2094;1;801,5664;651,68;REW CLST ONE HA 5.0 WIN STD PER SVR BAS C;20085406;;REW CLST ONE HA 5.0 WIN STD PER SVR BAS C;REW CLST ONE HA 5.0 WIN STD PER SVR BAS C;REW CLST ONE HA 5.0 WIN STD PER SVR BAS C;REW CLST ONE HA 5.0 WIN STD PER SVR BAS C;;;;79;;
1;3;2094;1;843,7431;685,97;GOV CLST ONE HA 5.0 WIN STD PER SVR BAS S;20085407;;GOV CLST ONE HA 5.0 WIN STD PER SVR BAS S;GOV CLST ONE HA 5.0 WIN STD PER SVR BAS S;GOV CLST ONE HA 5.0 WIN STD PER SVR BAS S;GOV CLST ONE HA 5.0 WIN STD PER SVR BAS S;;;;79;;
1;3;2094;1;843,7431;685,97;EXP CLST SVR ONE HA 5.0 WIN STD PER BAS S;20085408;;EXP CLST SVR ONE HA 5.0 WIN STD PER BAS S;EXP CLST SVR ONE HA 5.0 WIN STD PER BAS S;EXP CLST SVR ONE HA 5.0 WIN STD PER BAS S;EXP CLST SVR ONE HA 5.0 WIN STD PER BAS S;;;;79;;
1;3;2094;1;1024,2333;832,71;REW CLST ONE HA 5.0 WIN STD PER SVR ESS D;20085409;;REW CLST ONE HA 5.0 WIN STD PER SVR ESS D;REW CLST ONE HA 5.0 WIN STD PER SVR ESS D;REW CLST ONE HA 5.0 WIN STD PER SVR ESS D;REW CLST ONE HA 5.0 WIN STD PER SVR ESS D;;;;79;;
1;3;2094;1;1078,1319;876,53;AE CLST ONE HA 5.0 WIN STD PER SVR ESS S;20085410;;AE CLST ONE HA 5.0 WIN STD PER SVR ESS S;AE CLST ONE HA 5.0 WIN STD PER SVR ESS S;AE CLST ONE HA 5.0 WIN STD PER SVR ESS S;AE CLST ONE HA 5.0 WIN STD PER SVR ESS S;;;;79;;
1;3;2094;1;4431,3702;3602,74;REW CLST ONE HA 5.0 WIN ENT PER SVR STD LIC B;20085411;;REW CLST ONE HA 5.0 WIN ENT PER SVR STD LIC B;REW CLST ONE HA 5.0 WIN ENT PER SVR STD LIC B;REW CLST ONE HA 5.0 WIN ENT PER SVR STD LIC B;REW CLST ONE HA 5.0 WIN ENT PER SVR STD LIC B;;;;79;;
1;3;2094;1;1280,6022;1041,14;REW CLST ONE HA 5.0 WIN ENT PER SVR ESS D;20085413;;REW CLST ONE HA 5.0 WIN ENT PER SVR ESS D;REW CLST ONE HA 5.0 WIN ENT PER SVR ESS D;REW CLST ONE HA 5.0 WIN ENT PER SVR ESS D;REW CLST ONE HA 5.0 WIN ENT PER SVR ESS D;;;;79;;
1;3;2094;1;1246,9002;1013,74;REW CLST ONE HA 5.0 WIN ENT PER SVR ESS E;20085414;;REW CLST ONE HA 5.0 WIN ENT PER SVR ESS E;REW CLST ONE HA 5.0 WIN ENT PER SVR ESS E;REW CLST ONE HA 5.0 WIN ENT PER SVR ESS E;REW CLST ONE HA 5.0 WIN ENT PER SVR ESS E;;;;79;;
1;3;2094;1;3844,365;3125,5;REW CLST ONE HA 5.0 WIN DATACNTR ED PER SVR ESS C;20085419;;REW CLST ONE HA 5.0 WIN DATACNTR ED PER SVR ESS C;REW CLST ONE HA 5.0 WIN DATACNTR ED PER SVR ESS C;REW CLST ONE HA 5.0 WIN DATACNTR ED PER SVR ESS C;REW CLST ONE HA 5.0 WIN DATACNTR ED PER SVR ESS C;;;;79;;
1;3;2094;1;801,5664;651,68;REW CLST ONE HA 5.0 WIN STD PER SVR BAS D;20085422;;REW CLST ONE HA 5.0 WIN STD PER SVR BAS D;REW CLST ONE HA 5.0 WIN STD PER SVR BAS D;REW CLST ONE HA 5.0 WIN STD PER SVR BAS D;REW CLST ONE HA 5.0 WIN STD PER SVR BAS D;;;;79;;
1;3;2094;1;997,2717;810,79;REW CLST ONE HA 5.0 WIN STD PER SVR ESS E;20085423;;REW CLST ONE HA 5.0 WIN STD PER SVR ESS E;REW CLST ONE HA 5.0 WIN STD PER SVR ESS E;REW CLST ONE HA 5.0 WIN STD PER SVR ESS E;REW CLST ONE HA 5.0 WIN STD PER SVR ESS E;;;;79;;
1;3;2094;1;4431,3702;3602,74;REW CLST ONE HA 5.0 WIN ENT PER SVR STD LIC A;20085428;;REW CLST ONE HA 5.0 WIN ENT PER SVR STD LIC A;REW CLST ONE HA 5.0 WIN ENT PER SVR STD LIC A;REW CLST ONE HA 5.0 WIN ENT PER SVR STD LIC A;REW CLST ONE HA 5.0 WIN ENT PER SVR STD LIC A;;;;79;;
1;3;2094;1;4209,8103;3422,61;REW CLST ONE HA 5.0 WIN ENT PER SVR STD LIC D;20085429;;REW CLST ONE HA 5.0 WIN ENT PER SVR STD LIC D;REW CLST ONE HA 5.0 WIN ENT PER SVR STD LIC D;REW CLST ONE HA 5.0 WIN ENT PER SVR STD LIC D;REW CLST ONE HA 5.0 WIN ENT PER SVR STD LIC D;;;;79;;
1;3;2094;1;4431,3702;3602,74;GOV CLST ONE HA 5.0 WIN ENT PER SVR STD LIC S;20085431;;GOV CLST ONE HA 5.0 WIN ENT PER SVR STD LIC S;GOV CLST ONE HA 5.0 WIN ENT PER SVR STD LIC S;GOV CLST ONE HA 5.0 WIN ENT PER SVR STD LIC S;GOV CLST ONE HA 5.0 WIN ENT PER SVR STD LIC S;;;;79;;
1;3;2094;1;1280,6022;1041,14;REW CLST ONE HA 5.0 WIN ENT PER SVR ESS C;20085432;;REW CLST ONE HA 5.0 WIN ENT PER SVR ESS C;REW CLST ONE HA 5.0 WIN ENT PER SVR ESS C;REW CLST ONE HA 5.0 WIN ENT PER SVR ESS C;REW CLST ONE HA 5.0 WIN ENT PER SVR ESS C;;;;79;;
1;3;2094;1;13302,9912;10815,44;REW CLST ONE HA 5.0 WIN DATACNTR ED SVR STD LIC A;20085434;;REW CLST ONE HA 5.0 WIN DATACNTR ED SVR STD LIC A;REW CLST ONE HA 5.0 WIN DATACNTR ED SVR STD LIC A;REW CLST ONE HA 5.0 WIN DATACNTR ED SVR STD LIC A;REW CLST ONE HA 5.0 WIN DATACNTR ED SVR STD LIC A;;;;79;;
1;3;2094;1;13302,9912;10815,44;REW CLST ONE HA 5.0 WIN DATACNTR ED SVR STD LIC B;20085435;;REW CLST ONE HA 5.0 WIN DATACNTR ED SVR STD LIC B;REW CLST ONE HA 5.0 WIN DATACNTR ED SVR STD LIC B;REW CLST ONE HA 5.0 WIN DATACNTR ED SVR STD LIC B;REW CLST ONE HA 5.0 WIN DATACNTR ED SVR STD LIC B;;;;79;;
1;3;2094;1;3166,9671;2574,77;REW CLST ONE HA 5.0 WIN DATACNTR ED PER SVR BAS B;20085436;;REW CLST ONE HA 5.0 WIN DATACNTR ED PER SVR BAS B;REW CLST ONE HA 5.0 WIN DATACNTR ED PER SVR BAS B;REW CLST ONE HA 5.0 WIN DATACNTR ED PER SVR BAS B;REW CLST ONE HA 5.0 WIN DATACNTR ED PER SVR BAS B;;;;79;;
1;3;2094;1;3166,9671;2574,77;AE CLST ONE HA 5.0 WIN DATACNTR ED PER SVR BAS S;20085438;;AE CLST ONE HA 5.0 WIN DATACNTR ED PER SVR BAS S;AE CLST ONE HA 5.0 WIN DATACNTR ED PER SVR BAS S;AE CLST ONE HA 5.0 WIN DATACNTR ED PER SVR BAS S;AE CLST ONE HA 5.0 WIN DATACNTR ED PER SVR BAS S;;;;79;;
1;3;2094;1;4046,6877;3289,99;REW CLST ONE HA 5.0 WIN DATACNTR ED PER SVR ESS B;20085439;;REW CLST ONE HA 5.0 WIN DATACNTR ED PER SVR ESS B;REW CLST ONE HA 5.0 WIN DATACNTR ED PER SVR ESS B;REW CLST ONE HA 5.0 WIN DATACNTR ED PER SVR ESS B;REW CLST ONE HA 5.0 WIN DATACNTR ED PER SVR ESS B;;;;79;;
1;3;2094;1;4099,0365;3332,55;REW CLST ONE HA 5.0 WIN ENT PER SVR STD LIC E;20085440;;REW CLST ONE HA 5.0 WIN ENT PER SVR STD LIC E;REW CLST ONE HA 5.0 WIN ENT PER SVR STD LIC E;REW CLST ONE HA 5.0 WIN ENT PER SVR STD LIC E;REW CLST ONE HA 5.0 WIN ENT PER SVR STD LIC E;;;;79;;
1;3;2094;1;13302,9912;10815,44;EXP CLST SVR ONE HA 5.0 WIN DATACNTR ED STD LIC S;20085450;;EXP CLST SVR ONE HA 5.0 WIN DATACNTR ED STD LIC S;EXP CLST SVR ONE HA 5.0 WIN DATACNTR ED STD LIC S;EXP CLST SVR ONE HA 5.0 WIN DATACNTR ED STD LIC S;EXP CLST SVR ONE HA 5.0 WIN DATACNTR ED STD LIC S;;;;79;;
1;3;2094;1;3008,6292;2446,04;REW CLST ONE HA 5.0 WIN DATACNTR ED PER SVR BAS C;20085451;;REW CLST ONE HA 5.0 WIN DATACNTR ED PER SVR BAS C;REW CLST ONE HA 5.0 WIN DATACNTR ED PER SVR BAS C;REW CLST ONE HA 5.0 WIN DATACNTR ED PER SVR BAS C;REW CLST ONE HA 5.0 WIN DATACNTR ED PER SVR BAS C;;;;79;;
1;3;2094;1;4046,6877;3289,99;EXP CLST SVR ONE HA 5.0 WIN DATACNTR ED PER ESS S;20085452;;EXP CLST SVR ONE HA 5.0 WIN DATACNTR ED PER ESS S;EXP CLST SVR ONE HA 5.0 WIN DATACNTR ED PER ESS S;EXP CLST SVR ONE HA 5.0 WIN DATACNTR ED PER ESS S;EXP CLST SVR ONE HA 5.0 WIN DATACNTR ED PER ESS S;;;;79;;
1;3;2094;1;1024,2333;832,71;REW CLST ONE HA 5.0 WIN STD PER SVR ESS C;20085455;;REW CLST ONE HA 5.0 WIN STD PER SVR ESS C;REW CLST ONE HA 5.0 WIN STD PER SVR ESS C;REW CLST ONE HA 5.0 WIN STD PER SVR ESS C;REW CLST ONE HA 5.0 WIN STD PER SVR ESS C;;;;79;;
1;3;2094;1;1078,1319;876,53;EXP CLST SVR ONE HA 5.0 WIN STD PER ESS S;20085456;;EXP CLST SVR ONE HA 5.0 WIN STD PER ESS S;EXP CLST SVR ONE HA 5.0 WIN STD PER ESS S;EXP CLST SVR ONE HA 5.0 WIN STD PER ESS S;EXP CLST SVR ONE HA 5.0 WIN STD PER ESS S;;;;79;;
1;3;2094;1;4431,3702;3602,74;EXP CLST SVR ONE HA 5.0 WIN ENT PER STD LIC S;20085460;;EXP CLST SVR ONE HA 5.0 WIN ENT PER STD LIC S;EXP CLST SVR ONE HA 5.0 WIN ENT PER STD LIC S;EXP CLST SVR ONE HA 5.0 WIN ENT PER STD LIC S;EXP CLST SVR ONE HA 5.0 WIN ENT PER STD LIC S;;;;79;;
1;3;2094;1;3544,2204;2881,48;REW CLST ONE HA 5.0 WIN STD PER SVR STD LIC A;20085461;;REW CLST ONE HA 5.0 WIN STD PER SVR STD LIC A;REW CLST ONE HA 5.0 WIN STD PER SVR STD LIC A;REW CLST ONE HA 5.0 WIN STD PER SVR STD LIC A;REW CLST ONE HA 5.0 WIN STD PER SVR STD LIC A;;;;79;;
1;3;2094;1;3367,0143;2737,41;REW CLST ONE HA 5.0 WIN STD PER SVR STD LIC D;20085462;;REW CLST ONE HA 5.0 WIN STD PER SVR STD LIC D;REW CLST ONE HA 5.0 WIN STD PER SVR STD LIC D;REW CLST ONE HA 5.0 WIN STD PER SVR STD LIC D;REW CLST ONE HA 5.0 WIN STD PER SVR STD LIC D;;;;79;;
1;3;2094;1;843,7431;685,97;REW CLST ONE HA 5.0 WIN STD PER SVR BAS B;20085463;;REW CLST ONE HA 5.0 WIN STD PER SVR BAS B;REW CLST ONE HA 5.0 WIN STD PER SVR BAS B;REW CLST ONE HA 5.0 WIN STD PER SVR BAS B;REW CLST ONE HA 5.0 WIN STD PER SVR BAS B;;;;79;;
1;3;2094;1;1078,1319;876,53;REW CLST ONE HA 5.0 WIN STD PER SVR ESS B;20085464;;REW CLST ONE HA 5.0 WIN STD PER SVR ESS B;REW CLST ONE HA 5.0 WIN STD PER SVR ESS B;REW CLST ONE HA 5.0 WIN STD PER SVR ESS B;REW CLST ONE HA 5.0 WIN STD PER SVR ESS B;;;;79;;
1;3;2094;1;4209,8103;3422,61;REW CLST ONE HA 5.0 WIN ENT PER SVR STD LIC C;20085468;;REW CLST ONE HA 5.0 WIN ENT PER SVR STD LIC C;REW CLST ONE HA 5.0 WIN ENT PER SVR STD LIC C;REW CLST ONE HA 5.0 WIN ENT PER SVR STD LIC C;REW CLST ONE HA 5.0 WIN ENT PER SVR STD LIC C;;;;79;;
1;3;2094;1;1054,9464;857,68;GOV CLST ONE HA 5.0 WIN ENT PER SVR BAS S;20085469;;GOV CLST ONE HA 5.0 WIN ENT PER SVR BAS S;GOV CLST ONE HA 5.0 WIN ENT PER SVR BAS S;GOV CLST ONE HA 5.0 WIN ENT PER SVR BAS S;GOV CLST ONE HA 5.0 WIN ENT PER SVR BAS S;;;;79;;
1;3;2094;1;1054,9464;857,68;AE CLST ONE HA 5.0 WIN ENT PER SVR BAS S;20085470;;AE CLST ONE HA 5.0 WIN ENT PER SVR BAS S;AE CLST ONE HA 5.0 WIN ENT PER SVR BAS S;AE CLST ONE HA 5.0 WIN ENT PER SVR BAS S;AE CLST ONE HA 5.0 WIN ENT PER SVR BAS S;;;;79;;
1;3;2094;1;1347,9939;1095,93;AE CLST ONE HA 5.0 WIN ENT PER SVR ESS S;20085471;;AE CLST ONE HA 5.0 WIN ENT PER SVR ESS S;AE CLST ONE HA 5.0 WIN ENT PER SVR ESS S;AE CLST ONE HA 5.0 WIN ENT PER SVR ESS S;AE CLST ONE HA 5.0 WIN ENT PER SVR ESS S;;;;79;;
1;3;2094;1;1054,9464;857,68;REW CLST ONE HA 5.0 WIN ENT PER SVR BAS B;20085472;;REW CLST ONE HA 5.0 WIN ENT PER SVR BAS B;REW CLST ONE HA 5.0 WIN ENT PER SVR BAS B;REW CLST ONE HA 5.0 WIN ENT PER SVR BAS B;REW CLST ONE HA 5.0 WIN ENT PER SVR BAS B;;;;79;;
1;3;2094;1;1347,9939;1095,93;REW CLST ONE HA 5.0 WIN ENT PER SVR ESS A;20085473;;REW CLST ONE HA 5.0 WIN ENT PER SVR ESS A;REW CLST ONE HA 5.0 WIN ENT PER SVR ESS A;REW CLST ONE HA 5.0 WIN ENT PER SVR ESS A;REW CLST ONE HA 5.0 WIN ENT PER SVR ESS A;;;;79;;
1;3;2094;1;12637,8564;10274,68;REW CLST ONE HA 5.0 WIN DATACNTR ED SVR STD LIC D;20085478;;REW CLST ONE HA 5.0 WIN DATACNTR ED SVR STD LIC D;REW CLST ONE HA 5.0 WIN DATACNTR ED SVR STD LIC D;REW CLST ONE HA 5.0 WIN DATACNTR ED SVR STD LIC D;REW CLST ONE HA 5.0 WIN DATACNTR ED SVR STD LIC D;;;;79;;
1;3;2094;1;3166,9671;2574,77;REW CLST ONE HA 5.0 WIN DATACNTR ED PER SVR BAS A;20085479;;REW CLST ONE HA 5.0 WIN DATACNTR ED PER SVR BAS A;REW CLST ONE HA 5.0 WIN DATACNTR ED PER SVR BAS A;REW CLST ONE HA 5.0 WIN DATACNTR ED PER SVR BAS A;REW CLST ONE HA 5.0 WIN DATACNTR ED PER SVR BAS A;;;;79;;
1;3;2094;1;3743,1852;3043,24;REW CLST ONE HA 5.0 WIN DATACNTR ED PER SVR ESS E;20085480;;REW CLST ONE HA 5.0 WIN DATACNTR ED PER SVR ESS E;REW CLST ONE HA 5.0 WIN DATACNTR ED PER SVR ESS E;REW CLST ONE HA 5.0 WIN DATACNTR ED PER SVR ESS E;REW CLST ONE HA 5.0 WIN DATACNTR ED PER SVR ESS E;;;;79;;
1;3;2094;1;4046,6877;3289,99;AE CLST ONE HA 5.0 WIN DATACNTR ED PER SVR ESS S;20085481;;AE CLST ONE HA 5.0 WIN DATACNTR ED PER SVR ESS S;AE CLST ONE HA 5.0 WIN DATACNTR ED PER SVR ESS S;AE CLST ONE HA 5.0 WIN DATACNTR ED PER SVR ESS S;AE CLST ONE HA 5.0 WIN DATACNTR ED PER SVR ESS S;;;;79;;
1;3;2094;1;12637,8564;10274,68;REW CLST ONE HA 5.0 WIN DATACNTR ED SVR STD LIC C;20085484;;REW CLST ONE HA 5.0 WIN DATACNTR ED SVR STD LIC C;REW CLST ONE HA 5.0 WIN DATACNTR ED SVR STD LIC C;REW CLST ONE HA 5.0 WIN DATACNTR ED SVR STD LIC C;REW CLST ONE HA 5.0 WIN DATACNTR ED SVR STD LIC C;;;;79;;
1;3;2094;1;13302,9912;10815,44;GOV CLST ONE HA 5.0 WIN DATACNTR ED SVR STD LIC S;20085485;;GOV CLST ONE HA 5.0 WIN DATACNTR ED SVR STD LIC S;GOV CLST ONE HA 5.0 WIN DATACNTR ED SVR STD LIC S;GOV CLST ONE HA 5.0 WIN DATACNTR ED SVR STD LIC S;GOV CLST ONE HA 5.0 WIN DATACNTR ED SVR STD LIC S;;;;79;;
1;3;2094;1;3008,6292;2446,04;REW CLST ONE HA 5.0 WIN DATACNTR ED PER SVR BAS D;20085486;;REW CLST ONE HA 5.0 WIN DATACNTR ED PER SVR BAS D;REW CLST ONE HA 5.0 WIN DATACNTR ED PER SVR BAS D;REW CLST ONE HA 5.0 WIN DATACNTR ED PER SVR BAS D;REW CLST ONE HA 5.0 WIN DATACNTR ED PER SVR BAS D;;;;79;;
1;3;2094;1;3166,9671;2574,77;GOV CLST ONE HA 5.0 WIN DATACNTR ED PER SVR BAS S;20085487;;GOV CLST ONE HA 5.0 WIN DATACNTR ED PER SVR BAS S;GOV CLST ONE HA 5.0 WIN DATACNTR ED PER SVR BAS S;GOV CLST ONE HA 5.0 WIN DATACNTR ED PER SVR BAS S;GOV CLST ONE HA 5.0 WIN DATACNTR ED PER SVR BAS S;;;;79;;
1;3;2094;1;3544,2204;2881,48;REW CLST ONE HA 5.0 WIN STD PER SVR STD LIC B;20085491;;REW CLST ONE HA 5.0 WIN STD PER SVR STD LIC B;REW CLST ONE HA 5.0 WIN STD PER SVR STD LIC B;REW CLST ONE HA 5.0 WIN STD PER SVR STD LIC B;REW CLST ONE HA 5.0 WIN STD PER SVR STD LIC B;;;;79;;
1;3;2094;1;843,7431;685,97;AE CLST ONE HA 5.0 WIN STD PER SVR BAS S;20085493;;AE CLST ONE HA 5.0 WIN STD PER SVR BAS S;AE CLST ONE HA 5.0 WIN STD PER SVR BAS S;AE CLST ONE HA 5.0 WIN STD PER SVR BAS S;AE CLST ONE HA 5.0 WIN STD PER SVR BAS S;;;;79;;
1;3;2094;1;1002,2163;814,81;REW CLST ONE HA 5.0 WIN ENT PER SVR BAS C;20085499;;REW CLST ONE HA 5.0 WIN ENT PER SVR BAS C;REW CLST ONE HA 5.0 WIN ENT PER SVR BAS C;REW CLST ONE HA 5.0 WIN ENT PER SVR BAS C;REW CLST ONE HA 5.0 WIN ENT PER SVR BAS C;;;;79;;
1;3;2094;1;1002,2163;814,81;REW CLST ONE HA 5.0 WIN ENT PER SVR BAS D;20085500;;REW CLST ONE HA 5.0 WIN ENT PER SVR BAS D;REW CLST ONE HA 5.0 WIN ENT PER SVR BAS D;REW CLST ONE HA 5.0 WIN ENT PER SVR BAS D;REW CLST ONE HA 5.0 WIN ENT PER SVR BAS D;;;;79;;
1;3;2094;1;1054,9464;857,68;EXP CLST SVR ONE HA 5.0 WIN ENT PER BAS S;20085501;;EXP CLST SVR ONE HA 5.0 WIN ENT PER BAS S;EXP CLST SVR ONE HA 5.0 WIN ENT PER BAS S;EXP CLST SVR ONE HA 5.0 WIN ENT PER BAS S;EXP CLST SVR ONE HA 5.0 WIN ENT PER BAS S;;;;79;;
1;3;2094;1;1347,9939;1095,93;EXP CLST SVR ONE HA 5.0 WIN ENT PER ESS S;20085502;;EXP CLST SVR ONE HA 5.0 WIN ENT PER ESS S;EXP CLST SVR ONE HA 5.0 WIN ENT PER ESS S;EXP CLST SVR ONE HA 5.0 WIN ENT PER ESS S;EXP CLST SVR ONE HA 5.0 WIN ENT PER ESS S;;;;79;;
1;3;2094;1;4046,6877;3289,99;GOV CLST ONE HA 5.0 WIN DATACNTR ED PER SVR ESS S;20085505;;GOV CLST ONE HA 5.0 WIN DATACNTR ED PER SVR ESS S;GOV CLST ONE HA 5.0 WIN DATACNTR ED PER SVR ESS S;GOV CLST ONE HA 5.0 WIN DATACNTR ED PER SVR ESS S;GOV CLST ONE HA 5.0 WIN DATACNTR ED PER SVR ESS S;;;;79;;
1;3;2094;1;3544,2204;2881,48;AE CLST ONE HA 5.0 WIN STD PER SVR STD LIC S;20085508;;AE CLST ONE HA 5.0 WIN STD PER SVR STD LIC S;AE CLST ONE HA 5.0 WIN STD PER SVR STD LIC S;AE CLST ONE HA 5.0 WIN STD PER SVR STD LIC S;AE CLST ONE HA 5.0 WIN STD PER SVR STD LIC S;;;;79;;
1;3;2094;1;843,7431;685,97;REW CLST ONE HA 5.0 WIN STD PER SVR BAS A;20085509;;REW CLST ONE HA 5.0 WIN STD PER SVR BAS A;REW CLST ONE HA 5.0 WIN STD PER SVR BAS A;REW CLST ONE HA 5.0 WIN STD PER SVR BAS A;REW CLST ONE HA 5.0 WIN STD PER SVR BAS A;;;;79;;
1;3;2094;1;780,4842;634,54;REW CLST ONE HA 5.0 WIN STD PER SVR BAS E;20085510;;REW CLST ONE HA 5.0 WIN STD PER SVR BAS E;REW CLST ONE HA 5.0 WIN STD PER SVR BAS E;REW CLST ONE HA 5.0 WIN STD PER SVR BAS E;REW CLST ONE HA 5.0 WIN STD PER SVR BAS E;;;;79;;
1;3;2094;1;1078,1319;876,53;REW CLST ONE HA 5.0 WIN STD PER SVR ESS A;20085511;;REW CLST ONE HA 5.0 WIN STD PER SVR ESS A;REW CLST ONE HA 5.0 WIN STD PER SVR ESS A;REW CLST ONE HA 5.0 WIN STD PER SVR ESS A;REW CLST ONE HA 5.0 WIN STD PER SVR ESS A;;;;79;;
1;3;2094;1;1078,1319;876,53;GOV CLST ONE HA 5.0 WIN STD PER SVR ESS S;20085512;;GOV CLST ONE HA 5.0 WIN STD PER SVR ESS S;GOV CLST ONE HA 5.0 WIN STD PER SVR ESS S;GOV CLST ONE HA 5.0 WIN STD PER SVR ESS S;GOV CLST ONE HA 5.0 WIN STD PER SVR ESS S;;;;79;;
1;3;2094;1;3632,928;2953,6;REW VCS ONE HA/DR 5.0 UNX P CPU TIER 2 STD LIC B;20085559;;REW VCS ONE HA/DR 5.0 UNX P CPU TIER 2 STD LIC B;REW VCS ONE HA/DR 5.0 UNX P CPU TIER 2 STD LIC B;REW VCS ONE HA/DR 5.0 UNX P CPU TIER 2 STD LIC B;REW VCS ONE HA/DR 5.0 UNX P CPU TIER 2 STD LIC B;;;;79;;
1;3;2094;1;3632,928;2953,6;AE VCS ONE HA/DR 5.0 UNX P CPU TIER 2 STD LIC S;20085560;;AE VCS ONE HA/DR 5.0 UNX P CPU TIER 2 STD LIC S;AE VCS ONE HA/DR 5.0 UNX P CPU TIER 2 STD LIC S;AE VCS ONE HA/DR 5.0 UNX P CPU TIER 2 STD LIC S;AE VCS ONE HA/DR 5.0 UNX P CPU TIER 2 STD LIC S;;;;79;;
1;3;2094;1;864,8745;703,15;REW VCS ONE HA/DR 5.0 UNX P CPU TIER2 INITIAL BAS B;20085561;;REW VCS ONE HA/DR 5.0 UNX P CPU TIER2 INITIAL BAS B;REW VCS ONE HA/DR 5.0 UNX P CPU TIER2 INITIAL BAS B;REW VCS ONE HA/DR 5.0 UNX P CPU TIER2 INITIAL BAS B;REW VCS ONE HA/DR 5.0 UNX P CPU TIER2 INITIAL BAS B;;;;79;;
1;3;2094;1;3632,928;2953,6;GOV VCS ONE HA/DR 5.0 UNX CPU T2 STD LIC S;20085563;;GOV VCS ONE HA/DR 5.0 UNX CPU T2 STD LIC S;GOV VCS ONE HA/DR 5.0 UNX CPU T2 STD LIC S;GOV VCS ONE HA/DR 5.0 UNX CPU T2 STD LIC S;GOV VCS ONE HA/DR 5.0 UNX CPU T2 STD LIC S;;;;79;;
1;3;2094;1;1105,1181;898,47;REW VCS ONE HA/DR 5.0 UNX P CPU TIER2 INITIAL ESS B;20085564;;REW VCS ONE HA/DR 5.0 UNX P CPU TIER2 INITIAL ESS B;REW VCS ONE HA/DR 5.0 UNX P CPU TIER2 INITIAL ESS B;REW VCS ONE HA/DR 5.0 UNX P CPU TIER2 INITIAL ESS B;REW VCS ONE HA/DR 5.0 UNX P CPU TIER2 INITIAL ESS B;;;;79;;
1;3;2094;1;1582,9485;1286,95;AE VCS ONE HA/DR 5.0 UNX P CPU TIER3 INITIAL BAS S;20085565;;AE VCS ONE HA/DR 5.0 UNX P CPU TIER3 INITIAL BAS S;AE VCS ONE HA/DR 5.0 UNX P CPU TIER3 INITIAL BAS S;AE VCS ONE HA/DR 5.0 UNX P CPU TIER3 INITIAL BAS S;AE VCS ONE HA/DR 5.0 UNX P CPU TIER3 INITIAL BAS S;;;;79;;
1;3;2094;1;3632,928;2953,6;REW VCS ONE HA/DR 5.0 UNX P CPU TIER 2 STD LIC A;20085579;;REW VCS ONE HA/DR 5.0 UNX P CPU TIER 2 STD LIC A;REW VCS ONE HA/DR 5.0 UNX P CPU TIER 2 STD LIC A;REW VCS ONE HA/DR 5.0 UNX P CPU TIER 2 STD LIC A;REW VCS ONE HA/DR 5.0 UNX P CPU TIER 2 STD LIC A;;;;79;;
1;3;2094;1;3451,2939;2805,93;REW VCS ONE HA/DR 5.0 UNX P CPU TIER 2 STD LIC C;20085580;;REW VCS ONE HA/DR 5.0 UNX P CPU TIER 2 STD LIC C;REW VCS ONE HA/DR 5.0 UNX P CPU TIER 2 STD LIC C;REW VCS ONE HA/DR 5.0 UNX P CPU TIER 2 STD LIC C;REW VCS ONE HA/DR 5.0 UNX P CPU TIER 2 STD LIC C;;;;79;;
1;3;2094;1;1105,1181;898,47;EXP VCS ONE HA/DR 5.0 UNX P CPU TIER2 INITIAL ESS S;20085581;;EXP VCS ONE HA/DR 5.0 UNX P CPU TIER2 INITIAL ESS S;EXP VCS ONE HA/DR 5.0 UNX P CPU TIER2 INITIAL ESS S;EXP VCS ONE HA/DR 5.0 UNX P CPU TIER2 INITIAL ESS S;EXP VCS ONE HA/DR 5.0 UNX P CPU TIER2 INITIAL ESS S;;;;79;;
1;3;2094;1;1105,1181;898,47;AE VCS ONE HA/DR 5.0 UNX P CPU TIER2 INITIAL ESS S;20085582;;AE VCS ONE HA/DR 5.0 UNX P CPU TIER2 INITIAL ESS S;AE VCS ONE HA/DR 5.0 UNX P CPU TIER2 INITIAL ESS S;AE VCS ONE HA/DR 5.0 UNX P CPU TIER2 INITIAL ESS S;AE VCS ONE HA/DR 5.0 UNX P CPU TIER2 INITIAL ESS S;;;;79;;
1;3;2094;1;6649,2816;5405,92;AE VCS ONE HA/DR 5.0 UNX P CPU TIER 3 STD LIC S;20085596;;AE VCS ONE HA/DR 5.0 UNX P CPU TIER 3 STD LIC S;AE VCS ONE HA/DR 5.0 UNX P CPU TIER 3 STD LIC S;AE VCS ONE HA/DR 5.0 UNX P CPU TIER 3 STD LIC S;AE VCS ONE HA/DR 5.0 UNX P CPU TIER 3 STD LIC S;;;;79;;
1;3;2094;1;1582,9485;1286,95;REW VCS ONE HA/DR 5.0 UNX P CPU TIER3 INITIAL BAS A;20085597;;REW VCS ONE HA/DR 5.0 UNX P CPU TIER3 INITIAL BAS A;REW VCS ONE HA/DR 5.0 UNX P CPU TIER3 INITIAL BAS A;REW VCS ONE HA/DR 5.0 UNX P CPU TIER3 INITIAL BAS A;REW VCS ONE HA/DR 5.0 UNX P CPU TIER3 INITIAL BAS A;;;;79;;
1;3;2094;1;480,5364;390,68;REW VCS ONE HA/DR 5.0 UNX P CPU TIER1 INITIAL BAS D;20085598;;REW VCS ONE HA/DR 5.0 UNX P CPU TIER1 INITIAL BAS D;REW VCS ONE HA/DR 5.0 UNX P CPU TIER1 INITIAL BAS D;REW VCS ONE HA/DR 5.0 UNX P CPU TIER1 INITIAL BAS D;REW VCS ONE HA/DR 5.0 UNX P CPU TIER1 INITIAL BAS D;;;;79;;
1;3;2094;1;821,64;668;REW VCS ONE HA/DR 5.0 UNX P CPU TIER2 INITIAL BAS C;20085601;;REW VCS ONE HA/DR 5.0 UNX P CPU TIER2 INITIAL BAS C;REW VCS ONE HA/DR 5.0 UNX P CPU TIER2 INITIAL BAS C;REW VCS ONE HA/DR 5.0 UNX P CPU TIER2 INITIAL BAS C;REW VCS ONE HA/DR 5.0 UNX P CPU TIER2 INITIAL BAS C;;;;79;;
1;3;2094;1;1105,1181;898,47;REW VCS ONE HA/DR 5.0 UNX P CPU TIER2 INITIAL ESS A;20085602;;REW VCS ONE HA/DR 5.0 UNX P CPU TIER2 INITIAL ESS A;REW VCS ONE HA/DR 5.0 UNX P CPU TIER2 INITIAL ESS A;REW VCS ONE HA/DR 5.0 UNX P CPU TIER2 INITIAL ESS A;REW VCS ONE HA/DR 5.0 UNX P CPU TIER2 INITIAL ESS A;;;;79;;
1;3;2094;1;1049,8665;853,55;REW VCS ONE HA/DR 5.0 UNX P CPU TIER2 INITIAL ESS D;20085603;;REW VCS ONE HA/DR 5.0 UNX P CPU TIER2 INITIAL ESS D;REW VCS ONE HA/DR 5.0 UNX P CPU TIER2 INITIAL ESS D;REW VCS ONE HA/DR 5.0 UNX P CPU TIER2 INITIAL ESS D;REW VCS ONE HA/DR 5.0 UNX P CPU TIER2 INITIAL ESS D;;;;79;;
1;3;2094;1;1105,1181;898,47;GOV VCS ONE HA/DR 5.0 UNX CPU T2 ESS 12MO S;20085604;;GOV VCS ONE HA/DR 5.0 UNX CPU T2 ESS 12MO S;GOV VCS ONE HA/DR 5.0 UNX CPU T2 ESS 12MO S;GOV VCS ONE HA/DR 5.0 UNX CPU T2 ESS 12MO S;GOV VCS ONE HA/DR 5.0 UNX CPU T2 ESS 12MO S;;;;79;;
1;3;2094;1;864,8745;703,15;GOV VCS ONE HA/DR 5.0 UNX CPU T2 BAS 12MO S;20085614;;GOV VCS ONE HA/DR 5.0 UNX CPU T2 BAS 12MO S;GOV VCS ONE HA/DR 5.0 UNX CPU T2 BAS 12MO S;GOV VCS ONE HA/DR 5.0 UNX CPU T2 BAS 12MO S;GOV VCS ONE HA/DR 5.0 UNX CPU T2 BAS 12MO S;;;;79;;
1;3;2094;1;1022,2161;831,07;REW VCS ONE HA/DR 5.0 UNX P CPU TIER2 INITIAL ESS E;20085615;;REW VCS ONE HA/DR 5.0 UNX P CPU TIER2 INITIAL ESS E;REW VCS ONE HA/DR 5.0 UNX P CPU TIER2 INITIAL ESS E;REW VCS ONE HA/DR 5.0 UNX P CPU TIER2 INITIAL ESS E;REW VCS ONE HA/DR 5.0 UNX P CPU TIER2 INITIAL ESS E;;;;79;;
1;3;2094;1;1582,9485;1286,95;EXP VCS ONE HA/DR 5.0 UNX P CPU TIER3 INITIAL BAS S;20085620;;EXP VCS ONE HA/DR 5.0 UNX P CPU TIER3 INITIAL BAS S;EXP VCS ONE HA/DR 5.0 UNX P CPU TIER3 INITIAL BAS S;EXP VCS ONE HA/DR 5.0 UNX P CPU TIER3 INITIAL BAS S;EXP VCS ONE HA/DR 5.0 UNX P CPU TIER3 INITIAL BAS S;;;;79;;
1;3;2094;1;1503,8103;1222,61;REW VCS ONE HA/DR 5.0 UNX P CPU TIER3 INITIAL BAS C;20085626;;REW VCS ONE HA/DR 5.0 UNX P CPU TIER3 INITIAL BAS C;REW VCS ONE HA/DR 5.0 UNX P CPU TIER3 INITIAL BAS C;REW VCS ONE HA/DR 5.0 UNX P CPU TIER3 INITIAL BAS C;REW VCS ONE HA/DR 5.0 UNX P CPU TIER3 INITIAL BAS C;;;;79;;
1;3;2094;1;6649,2816;5405,92;EXP VCS ONE HA/DR 5.0 UNX P CPU TIER 3 STD LIC S;20085629;;EXP VCS ONE HA/DR 5.0 UNX P CPU TIER 3 STD LIC S;EXP VCS ONE HA/DR 5.0 UNX P CPU TIER 3 STD LIC S;EXP VCS ONE HA/DR 5.0 UNX P CPU TIER 3 STD LIC S;EXP VCS ONE HA/DR 5.0 UNX P CPU TIER 3 STD LIC S;;;;79;;
1;3;2094;1;2124,7512;1727,44;EXP VCS ONE HA/DR 5.0 UNX P CPU TIER 1 STD LIC S;20085634;;EXP VCS ONE HA/DR 5.0 UNX P CPU TIER 1 STD LIC S;EXP VCS ONE HA/DR 5.0 UNX P CPU TIER 1 STD LIC S;EXP VCS ONE HA/DR 5.0 UNX P CPU TIER 1 STD LIC S;EXP VCS ONE HA/DR 5.0 UNX P CPU TIER 1 STD LIC S;;;;79;;
1;3;2094;1;505,8252;411,24;REW VCS ONE HA/DR 5.0 UNX P CPU TIER1 INITIAL BAS B;20085635;;REW VCS ONE HA/DR 5.0 UNX P CPU TIER1 INITIAL BAS B;REW VCS ONE HA/DR 5.0 UNX P CPU TIER1 INITIAL BAS B;REW VCS ONE HA/DR 5.0 UNX P CPU TIER1 INITIAL BAS B;REW VCS ONE HA/DR 5.0 UNX P CPU TIER1 INITIAL BAS B;;;;79;;
1;3;2094;1;646,3404;525,48;EXP VCS ONE HA/DR 5.0 UNX P CPU TIER1 INITIAL ESS S;20085636;;EXP VCS ONE HA/DR 5.0 UNX P CPU TIER1 INITIAL ESS S;EXP VCS ONE HA/DR 5.0 UNX P CPU TIER1 INITIAL ESS S;EXP VCS ONE HA/DR 5.0 UNX P CPU TIER1 INITIAL ESS S;EXP VCS ONE HA/DR 5.0 UNX P CPU TIER1 INITIAL ESS S;;;;79;;
1;3;2094;1;2124,7512;1727,44;REW VCS ONE HA/DR 5.0 UNX P CPU TIER 1 STD LIC B;20085641;;REW VCS ONE HA/DR 5.0 UNX P CPU TIER 1 STD LIC B;REW VCS ONE HA/DR 5.0 UNX P CPU TIER 1 STD LIC B;REW VCS ONE HA/DR 5.0 UNX P CPU TIER 1 STD LIC B;REW VCS ONE HA/DR 5.0 UNX P CPU TIER 1 STD LIC B;;;;79;;
1;3;2094;1;2124,7512;1727,44;GOV VCS ONE HA/DR 5.0 UNX CPU T1 STD LIC S;20085642;;GOV VCS ONE HA/DR 5.0 UNX CPU T1 STD LIC S;GOV VCS ONE HA/DR 5.0 UNX CPU T1 STD LIC S;GOV VCS ONE HA/DR 5.0 UNX CPU T1 STD LIC S;GOV VCS ONE HA/DR 5.0 UNX CPU T1 STD LIC S;;;;79;;
1;3;2094;1;646,3404;525,48;REW VCS ONE HA/DR 5.0 UNX P CPU TIER1 INITIAL ESS B;20085643;;REW VCS ONE HA/DR 5.0 UNX P CPU TIER1 INITIAL ESS B;REW VCS ONE HA/DR 5.0 UNX P CPU TIER1 INITIAL ESS B;REW VCS ONE HA/DR 5.0 UNX P CPU TIER1 INITIAL ESS B;REW VCS ONE HA/DR 5.0 UNX P CPU TIER1 INITIAL ESS B;;;;79;;
1;3;2094;1;646,3404;525,48;GOV VCS ONE HA/DR 5.0 UNX CPU T1 ESS 12MO S;20085644;;GOV VCS ONE HA/DR 5.0 UNX CPU T1 ESS 12MO S;GOV VCS ONE HA/DR 5.0 UNX CPU T1 ESS 12MO S;GOV VCS ONE HA/DR 5.0 UNX CPU T1 ESS 12MO S;GOV VCS ONE HA/DR 5.0 UNX CPU T1 ESS 12MO S;;;;79;;
1;3;2094;1;3451,2939;2805,93;REW VCS ONE HA/DR 5.0 UNX P CPU TIER 2 STD LIC D;20085658;;REW VCS ONE HA/DR 5.0 UNX P CPU TIER 2 STD LIC D;REW VCS ONE HA/DR 5.0 UNX P CPU TIER 2 STD LIC D;REW VCS ONE HA/DR 5.0 UNX P CPU TIER 2 STD LIC D;REW VCS ONE HA/DR 5.0 UNX P CPU TIER 2 STD LIC D;;;;79;;
1;3;2094;1;3360,4707;2732,09;REW VCS ONE HA/DR 5.0 UNX P CPU TIER 2 STD LIC E;20085659;;REW VCS ONE HA/DR 5.0 UNX P CPU TIER 2 STD LIC E;REW VCS ONE HA/DR 5.0 UNX P CPU TIER 2 STD LIC E;REW VCS ONE HA/DR 5.0 UNX P CPU TIER 2 STD LIC E;REW VCS ONE HA/DR 5.0 UNX P CPU TIER 2 STD LIC E;;;;79;;
1;3;2094;1;3632,928;2953,6;EXP VCS ONE HA/DR 5.0 UNX P CPU TIER 2 STD LIC S;20085660;;EXP VCS ONE HA/DR 5.0 UNX P CPU TIER 2 STD LIC S;EXP VCS ONE HA/DR 5.0 UNX P CPU TIER 2 STD LIC S;EXP VCS ONE HA/DR 5.0 UNX P CPU TIER 2 STD LIC S;EXP VCS ONE HA/DR 5.0 UNX P CPU TIER 2 STD LIC S;;;;79;;
1;3;2094;1;2022,6735;1644,45;REW VCS ONE HA/DR 5.0 UNX P CPU TIER3 INITIAL ESS B;20085683;;REW VCS ONE HA/DR 5.0 UNX P CPU TIER3 INITIAL ESS B;REW VCS ONE HA/DR 5.0 UNX P CPU TIER3 INITIAL ESS B;REW VCS ONE HA/DR 5.0 UNX P CPU TIER3 INITIAL ESS B;REW VCS ONE HA/DR 5.0 UNX P CPU TIER3 INITIAL ESS B;;;;79;;
1;3;2094;1;1870,9776;1521,12;REW VCS ONE HA/DR 5.0 UNX P CPU TIER3 INITIAL ESS E;20085684;;REW VCS ONE HA/DR 5.0 UNX P CPU TIER3 INITIAL ESS E;REW VCS ONE HA/DR 5.0 UNX P CPU TIER3 INITIAL ESS E;REW VCS ONE HA/DR 5.0 UNX P CPU TIER3 INITIAL ESS E;REW VCS ONE HA/DR 5.0 UNX P CPU TIER3 INITIAL ESS E;;;;79;;
1;3;2094;1;2022,6735;1644,45;AE VCS ONE HA/DR 5.0 UNX P CPU TIER3 INITIAL ESS S;20085685;;AE VCS ONE HA/DR 5.0 UNX P CPU TIER3 INITIAL ESS S;AE VCS ONE HA/DR 5.0 UNX P CPU TIER3 INITIAL ESS S;AE VCS ONE HA/DR 5.0 UNX P CPU TIER3 INITIAL ESS S;AE VCS ONE HA/DR 5.0 UNX P CPU TIER3 INITIAL ESS S;;;;79;;
1;3;2094;1;6649,2816;5405,92;REW VCS ONE HA/DR 5.0 UNX P CPU TIER 3 STD LIC B;20085692;;REW VCS ONE HA/DR 5.0 UNX P CPU TIER 3 STD LIC B;REW VCS ONE HA/DR 5.0 UNX P CPU TIER 3 STD LIC B;REW VCS ONE HA/DR 5.0 UNX P CPU TIER 3 STD LIC B;REW VCS ONE HA/DR 5.0 UNX P CPU TIER 3 STD LIC B;;;;79;;
1;3;2094;1;6316,8249;5135,63;REW VCS ONE HA/DR 5.0 UNX P CPU TIER 3 STD LIC D;20085693;;REW VCS ONE HA/DR 5.0 UNX P CPU TIER 3 STD LIC D;REW VCS ONE HA/DR 5.0 UNX P CPU TIER 3 STD LIC D;REW VCS ONE HA/DR 5.0 UNX P CPU TIER 3 STD LIC D;REW VCS ONE HA/DR 5.0 UNX P CPU TIER 3 STD LIC D;;;;79;;
1;3;2094;1;6649,2816;5405,92;GOV VCS ONE HA/DR 5.0 UNX CPU T3 STD LIC S;20085695;;GOV VCS ONE HA/DR 5.0 UNX CPU T3 STD LIC S;GOV VCS ONE HA/DR 5.0 UNX CPU T3 STD LIC S;GOV VCS ONE HA/DR 5.0 UNX CPU T3 STD LIC S;GOV VCS ONE HA/DR 5.0 UNX CPU T3 STD LIC S;;;;79;;
1;3;2094;1;1582,9485;1286,95;REW VCS ONE HA/DR 5.0 UNX P CPU TIER3 INITIAL BAS B;20085696;;REW VCS ONE HA/DR 5.0 UNX P CPU TIER3 INITIAL BAS B;REW VCS ONE HA/DR 5.0 UNX P CPU TIER3 INITIAL BAS B;REW VCS ONE HA/DR 5.0 UNX P CPU TIER3 INITIAL BAS B;REW VCS ONE HA/DR 5.0 UNX P CPU TIER3 INITIAL BAS B;;;;79;;
1;3;2094;1;1503,8103;1222,61;REW VCS ONE HA/DR 5.0 UNX P CPU TIER3 INITIAL BAS D;20085697;;REW VCS ONE HA/DR 5.0 UNX P CPU TIER3 INITIAL BAS D;REW VCS ONE HA/DR 5.0 UNX P CPU TIER3 INITIAL BAS D;REW VCS ONE HA/DR 5.0 UNX P CPU TIER3 INITIAL BAS D;REW VCS ONE HA/DR 5.0 UNX P CPU TIER3 INITIAL BAS D;;;;79;;
1;3;2094;1;2018,5284;1641,08;REW VCS ONE HA/DR 5.0 UNX P CPU TIER 1 STD LIC C;20085702;;REW VCS ONE HA/DR 5.0 UNX P CPU TIER 1 STD LIC C;REW VCS ONE HA/DR 5.0 UNX P CPU TIER 1 STD LIC C;REW VCS ONE HA/DR 5.0 UNX P CPU TIER 1 STD LIC C;REW VCS ONE HA/DR 5.0 UNX P CPU TIER 1 STD LIC C;;;;79;;
1;3;2094;1;480,5364;390,68;REW VCS ONE HA/DR 5.0 UNX P CPU TIER1 INITIAL BAS C;20085703;;REW VCS ONE HA/DR 5.0 UNX P CPU TIER1 INITIAL BAS C;REW VCS ONE HA/DR 5.0 UNX P CPU TIER1 INITIAL BAS C;REW VCS ONE HA/DR 5.0 UNX P CPU TIER1 INITIAL BAS C;REW VCS ONE HA/DR 5.0 UNX P CPU TIER1 INITIAL BAS C;;;;79;;
1;3;2094;1;467,892;380,4;REW VCS ONE HA/DR 5.0 UNX P CPU TIER1 INITIAL BAS E;20085704;;REW VCS ONE HA/DR 5.0 UNX P CPU TIER1 INITIAL BAS E;REW VCS ONE HA/DR 5.0 UNX P CPU TIER1 INITIAL BAS E;REW VCS ONE HA/DR 5.0 UNX P CPU TIER1 INITIAL BAS E;REW VCS ONE HA/DR 5.0 UNX P CPU TIER1 INITIAL BAS E;;;;79;;
1;3;2094;1;614,016;499,2;REW VCS ONE HA/DR 5.0 UNX P CPU TIER1 INITIAL ESS C;20085705;;REW VCS ONE HA/DR 5.0 UNX P CPU TIER1 INITIAL ESS C;REW VCS ONE HA/DR 5.0 UNX P CPU TIER1 INITIAL ESS C;REW VCS ONE HA/DR 5.0 UNX P CPU TIER1 INITIAL ESS C;REW VCS ONE HA/DR 5.0 UNX P CPU TIER1 INITIAL ESS C;;;;79;;
1;3;2094;1;597,8661;486,07;REW VCS ONE HA/DR 5.0 UNX P CPU TIER1 INITIAL ESS E;20085706;;REW VCS ONE HA/DR 5.0 UNX P CPU TIER1 INITIAL ESS E;REW VCS ONE HA/DR 5.0 UNX P CPU TIER1 INITIAL ESS E;REW VCS ONE HA/DR 5.0 UNX P CPU TIER1 INITIAL ESS E;REW VCS ONE HA/DR 5.0 UNX P CPU TIER1 INITIAL ESS E;;;;79;;
1;3;2094;1;1464,2412;1190,44;REW VCS ONE HA/DR 5.0 UNX P CPU TIER3 INITIAL BAS E;20085711;;REW VCS ONE HA/DR 5.0 UNX P CPU TIER3 INITIAL BAS E;REW VCS ONE HA/DR 5.0 UNX P CPU TIER3 INITIAL BAS E;REW VCS ONE HA/DR 5.0 UNX P CPU TIER3 INITIAL BAS E;REW VCS ONE HA/DR 5.0 UNX P CPU TIER3 INITIAL BAS E;;;;79;;
1;3;2094;1;1921,5429;1562,23;REW VCS ONE HA/DR 5.0 UNX P CPU TIER3 INITIAL ESS D;20085712;;REW VCS ONE HA/DR 5.0 UNX P CPU TIER3 INITIAL ESS D;REW VCS ONE HA/DR 5.0 UNX P CPU TIER3 INITIAL ESS D;REW VCS ONE HA/DR 5.0 UNX P CPU TIER3 INITIAL ESS D;REW VCS ONE HA/DR 5.0 UNX P CPU TIER3 INITIAL ESS D;;;;79;;
1;3;2094;1;2022,6735;1644,45;EXP VCS ONE HA/DR 5.0 UNX P CPU TIER3 INITIAL ESS S;20085713;;EXP VCS ONE HA/DR 5.0 UNX P CPU TIER3 INITIAL ESS S;EXP VCS ONE HA/DR 5.0 UNX P CPU TIER3 INITIAL ESS S;EXP VCS ONE HA/DR 5.0 UNX P CPU TIER3 INITIAL ESS S;EXP VCS ONE HA/DR 5.0 UNX P CPU TIER3 INITIAL ESS S;;;;79;;
1;3;2094;1;821,64;668;REW VCS ONE HA/DR 5.0 UNX P CPU TIER2 INITIAL BAS D;20085725;;REW VCS ONE HA/DR 5.0 UNX P CPU TIER2 INITIAL BAS D;REW VCS ONE HA/DR 5.0 UNX P CPU TIER2 INITIAL BAS D;REW VCS ONE HA/DR 5.0 UNX P CPU TIER2 INITIAL BAS D;REW VCS ONE HA/DR 5.0 UNX P CPU TIER2 INITIAL BAS D;;;;79;;
1;3;2094;1;1049,8665;853,55;REW VCS ONE HA/DR 5.0 UNX P CPU TIER2 INITIAL ESS C;20085727;;REW VCS ONE HA/DR 5.0 UNX P CPU TIER2 INITIAL ESS C;REW VCS ONE HA/DR 5.0 UNX P CPU TIER2 INITIAL ESS C;REW VCS ONE HA/DR 5.0 UNX P CPU TIER2 INITIAL ESS C;REW VCS ONE HA/DR 5.0 UNX P CPU TIER2 INITIAL ESS C;;;;79;;
1;3;2094;1;2124,7512;1727,44;REW VCS ONE HA/DR 5.0 UNX P CPU TIER 1 STD LIC A;20085737;;REW VCS ONE HA/DR 5.0 UNX P CPU TIER 1 STD LIC A;REW VCS ONE HA/DR 5.0 UNX P CPU TIER 1 STD LIC A;REW VCS ONE HA/DR 5.0 UNX P CPU TIER 1 STD LIC A;REW VCS ONE HA/DR 5.0 UNX P CPU TIER 1 STD LIC A;;;;79;;
1;3;2094;1;505,8252;411,24;EXP VCS ONE HA/DR 5.0 UNX P CPU TIER1 INITIAL BAS S;20085738;;EXP VCS ONE HA/DR 5.0 UNX P CPU TIER1 INITIAL BAS S;EXP VCS ONE HA/DR 5.0 UNX P CPU TIER1 INITIAL BAS S;EXP VCS ONE HA/DR 5.0 UNX P CPU TIER1 INITIAL BAS S;EXP VCS ONE HA/DR 5.0 UNX P CPU TIER1 INITIAL BAS S;;;;79;;
1;3;2094;1;646,3404;525,48;REW VCS ONE HA/DR 5.0 UNX P CPU TIER1 INITIAL ESS A;20085739;;REW VCS ONE HA/DR 5.0 UNX P CPU TIER1 INITIAL ESS A;REW VCS ONE HA/DR 5.0 UNX P CPU TIER1 INITIAL ESS A;REW VCS ONE HA/DR 5.0 UNX P CPU TIER1 INITIAL ESS A;REW VCS ONE HA/DR 5.0 UNX P CPU TIER1 INITIAL ESS A;;;;79;;
1;3;2094;1;6649,2816;5405,92;REW VCS ONE HA/DR 5.0 UNX P CPU TIER 3 STD LIC A;20085744;;REW VCS ONE HA/DR 5.0 UNX P CPU TIER 3 STD LIC A;REW VCS ONE HA/DR 5.0 UNX P CPU TIER 3 STD LIC A;REW VCS ONE HA/DR 5.0 UNX P CPU TIER 3 STD LIC A;REW VCS ONE HA/DR 5.0 UNX P CPU TIER 3 STD LIC A;;;;79;;
1;3;2094;1;6316,8249;5135,63;REW VCS ONE HA/DR 5.0 UNX P CPU TIER 3 STD LIC C;20085745;;REW VCS ONE HA/DR 5.0 UNX P CPU TIER 3 STD LIC C;REW VCS ONE HA/DR 5.0 UNX P CPU TIER 3 STD LIC C;REW VCS ONE HA/DR 5.0 UNX P CPU TIER 3 STD LIC C;REW VCS ONE HA/DR 5.0 UNX P CPU TIER 3 STD LIC C;;;;79;;
1;3;2094;1;1965,4047;1597,89;REW VCS ONE HA/DR 5.0 UNX P CPU TIER 1 STD LIC E;20085750;;REW VCS ONE HA/DR 5.0 UNX P CPU TIER 1 STD LIC E;REW VCS ONE HA/DR 5.0 UNX P CPU TIER 1 STD LIC E;REW VCS ONE HA/DR 5.0 UNX P CPU TIER 1 STD LIC E;REW VCS ONE HA/DR 5.0 UNX P CPU TIER 1 STD LIC E;;;;79;;
1;3;2094;1;505,8252;411,24;GOV VCS ONE HA/DR 5.0 UNX CPU T1 BAS 12MO S;20085752;;GOV VCS ONE HA/DR 5.0 UNX CPU T1 BAS 12MO S;GOV VCS ONE HA/DR 5.0 UNX CPU T1 BAS 12MO S;GOV VCS ONE HA/DR 5.0 UNX CPU T1 BAS 12MO S;GOV VCS ONE HA/DR 5.0 UNX CPU T1 BAS 12MO S;;;;79;;
1;3;2094;1;864,8745;703,15;REW VCS ONE HA/DR 5.0 UNX P CPU TIER2 INITIAL BAS A;20085764;;REW VCS ONE HA/DR 5.0 UNX P CPU TIER2 INITIAL BAS A;REW VCS ONE HA/DR 5.0 UNX P CPU TIER2 INITIAL BAS A;REW VCS ONE HA/DR 5.0 UNX P CPU TIER2 INITIAL BAS A;REW VCS ONE HA/DR 5.0 UNX P CPU TIER2 INITIAL BAS A;;;;79;;
1;3;2094;1;800,0043;650,41;REW VCS ONE HA/DR 5.0 UNX P CPU TIER2 INITIAL BAS E;20085765;;REW VCS ONE HA/DR 5.0 UNX P CPU TIER2 INITIAL BAS E;REW VCS ONE HA/DR 5.0 UNX P CPU TIER2 INITIAL BAS E;REW VCS ONE HA/DR 5.0 UNX P CPU TIER2 INITIAL BAS E;REW VCS ONE HA/DR 5.0 UNX P CPU TIER2 INITIAL BAS E;;;;79;;
1;3;2094;1;864,8745;703,15;EXP VCS ONE HA/DR 5.0 UNX P CPU TIER2 INITIAL BAS S;20085767;;EXP VCS ONE HA/DR 5.0 UNX P CPU TIER2 INITIAL BAS S;EXP VCS ONE HA/DR 5.0 UNX P CPU TIER2 INITIAL BAS S;EXP VCS ONE HA/DR 5.0 UNX P CPU TIER2 INITIAL BAS S;EXP VCS ONE HA/DR 5.0 UNX P CPU TIER2 INITIAL BAS S;;;;79;;
1;3;2094;1;864,8745;703,15;AE VCS ONE HA/DR 5.0 UNX P CPU TIER2 INITIAL BAS S;20085768;;AE VCS ONE HA/DR 5.0 UNX P CPU TIER2 INITIAL BAS S;AE VCS ONE HA/DR 5.0 UNX P CPU TIER2 INITIAL BAS S;AE VCS ONE HA/DR 5.0 UNX P CPU TIER2 INITIAL BAS S;AE VCS ONE HA/DR 5.0 UNX P CPU TIER2 INITIAL BAS S;;;;79;;
1;3;2094;1;6150,5904;5000,48;REW VCS ONE HA/DR 5.0 UNX P CPU TIER 3 STD LIC E;20085775;;REW VCS ONE HA/DR 5.0 UNX P CPU TIER 3 STD LIC E;REW VCS ONE HA/DR 5.0 UNX P CPU TIER 3 STD LIC E;REW VCS ONE HA/DR 5.0 UNX P CPU TIER 3 STD LIC E;REW VCS ONE HA/DR 5.0 UNX P CPU TIER 3 STD LIC E;;;;79;;
1;3;2094;1;1582,9485;1286,95;GOV VCS ONE HA/DR 5.0 UNX CPU T3 BAS 12MO S;20085776;;GOV VCS ONE HA/DR 5.0 UNX CPU T3 BAS 12MO S;GOV VCS ONE HA/DR 5.0 UNX CPU T3 BAS 12MO S;GOV VCS ONE HA/DR 5.0 UNX CPU T3 BAS 12MO S;GOV VCS ONE HA/DR 5.0 UNX CPU T3 BAS 12MO S;;;;79;;
1;3;2094;1;2022,6735;1644,45;REW VCS ONE HA/DR 5.0 UNX P CPU TIER3 INITIAL ESS A;20085777;;REW VCS ONE HA/DR 5.0 UNX P CPU TIER3 INITIAL ESS A;REW VCS ONE HA/DR 5.0 UNX P CPU TIER3 INITIAL ESS A;REW VCS ONE HA/DR 5.0 UNX P CPU TIER3 INITIAL ESS A;REW VCS ONE HA/DR 5.0 UNX P CPU TIER3 INITIAL ESS A;;;;79;;
1;3;2094;1;1921,5429;1562,23;REW VCS ONE HA/DR 5.0 UNX P CPU TIER3 INITIAL ESS C;20085778;;REW VCS ONE HA/DR 5.0 UNX P CPU TIER3 INITIAL ESS C;REW VCS ONE HA/DR 5.0 UNX P CPU TIER3 INITIAL ESS C;REW VCS ONE HA/DR 5.0 UNX P CPU TIER3 INITIAL ESS C;REW VCS ONE HA/DR 5.0 UNX P CPU TIER3 INITIAL ESS C;;;;79;;
1;3;2094;1;2022,6735;1644,45;GOV VCS ONE HA/DR 5.0 UNX CPU T3 ESS 12MO S;20085780;;GOV VCS ONE HA/DR 5.0 UNX CPU T3 ESS 12MO S;GOV VCS ONE HA/DR 5.0 UNX CPU T3 ESS 12MO S;GOV VCS ONE HA/DR 5.0 UNX CPU T3 ESS 12MO S;GOV VCS ONE HA/DR 5.0 UNX CPU T3 ESS 12MO S;;;;79;;
1;3;2094;1;2018,5284;1641,08;REW VCS ONE HA/DR 5.0 UNX P CPU TIER 1 STD LIC D;20085805;;REW VCS ONE HA/DR 5.0 UNX P CPU TIER 1 STD LIC D;REW VCS ONE HA/DR 5.0 UNX P CPU TIER 1 STD LIC D;REW VCS ONE HA/DR 5.0 UNX P CPU TIER 1 STD LIC D;REW VCS ONE HA/DR 5.0 UNX P CPU TIER 1 STD LIC D;;;;79;;
1;3;2094;1;614,016;499,2;REW VCS ONE HA/DR 5.0 UNX P CPU TIER1 INITIAL ESS D;20085806;;REW VCS ONE HA/DR 5.0 UNX P CPU TIER1 INITIAL ESS D;REW VCS ONE HA/DR 5.0 UNX P CPU TIER1 INITIAL ESS D;REW VCS ONE HA/DR 5.0 UNX P CPU TIER1 INITIAL ESS D;REW VCS ONE HA/DR 5.0 UNX P CPU TIER1 INITIAL ESS D;;;;79;;
1;3;2094;1;646,3404;525,48;AE VCS ONE HA/DR 5.0 UNX P CPU TIER1 INITIAL ESS S;20085807;;AE VCS ONE HA/DR 5.0 UNX P CPU TIER1 INITIAL ESS S;AE VCS ONE HA/DR 5.0 UNX P CPU TIER1 INITIAL ESS S;AE VCS ONE HA/DR 5.0 UNX P CPU TIER1 INITIAL ESS S;AE VCS ONE HA/DR 5.0 UNX P CPU TIER1 INITIAL ESS S;;;;79;;
1;3;2094;1;2124,7512;1727,44;AE VCS ONE HA/DR 5.0 UNX P CPU TIER 1 STD LIC S;20085813;;AE VCS ONE HA/DR 5.0 UNX P CPU TIER 1 STD LIC S;AE VCS ONE HA/DR 5.0 UNX P CPU TIER 1 STD LIC S;AE VCS ONE HA/DR 5.0 UNX P CPU TIER 1 STD LIC S;AE VCS ONE HA/DR 5.0 UNX P CPU TIER 1 STD LIC S;;;;79;;
1;3;2094;1;505,8252;411,24;REW VCS ONE HA/DR 5.0 UNX P CPU TIER1 INITIAL BAS A;20085814;;REW VCS ONE HA/DR 5.0 UNX P CPU TIER1 INITIAL BAS A;REW VCS ONE HA/DR 5.0 UNX P CPU TIER1 INITIAL BAS A;REW VCS ONE HA/DR 5.0 UNX P CPU TIER1 INITIAL BAS A;REW VCS ONE HA/DR 5.0 UNX P CPU TIER1 INITIAL BAS A;;;;79;;
1;3;2094;1;505,8252;411,24;AE VCS ONE HA/DR 5.0 UNX P CPU TIER1 INITIAL BAS S;20085815;;AE VCS ONE HA/DR 5.0 UNX P CPU TIER1 INITIAL BAS S;AE VCS ONE HA/DR 5.0 UNX P CPU TIER1 INITIAL BAS S;AE VCS ONE HA/DR 5.0 UNX P CPU TIER1 INITIAL BAS S;AE VCS ONE HA/DR 5.0 UNX P CPU TIER1 INITIAL BAS S;;;;79;;
1;3;2094;1;13202,0574;10733,38;REW VCS ONE HA/DR 5.0 UNX SVR TIER J INITIAL ESS C;20085875;;REW VCS ONE HA/DR 5.0 UNX SVR TIER J INITIAL ESS C;REW VCS ONE HA/DR 5.0 UNX SVR TIER J INITIAL ESS C;REW VCS ONE HA/DR 5.0 UNX SVR TIER J INITIAL ESS C;REW VCS ONE HA/DR 5.0 UNX SVR TIER J INITIAL ESS C;;;;79;;
1;3;2094;1;61121,0247;49691,89;GOV VCS ONE HA/DR 5.0 UNX TIER K STD LIC S;20085878;;GOV VCS ONE HA/DR 5.0 UNX TIER K STD LIC S;GOV VCS ONE HA/DR 5.0 UNX TIER K STD LIC S;GOV VCS ONE HA/DR 5.0 UNX TIER K STD LIC S;GOV VCS ONE HA/DR 5.0 UNX TIER K STD LIC S;;;;79;;
1;3;2094;1;13823,2074;11238,38;REW VCS ONE HA/DR 5.0 UNX SVR TIER K INITIAL BAS D;20085879;;REW VCS ONE HA/DR 5.0 UNX SVR TIER K INITIAL BAS D;REW VCS ONE HA/DR 5.0 UNX SVR TIER K INITIAL BAS D;REW VCS ONE HA/DR 5.0 UNX SVR TIER K INITIAL BAS D;REW VCS ONE HA/DR 5.0 UNX SVR TIER K INITIAL BAS D;;;;79;;
1;3;2094;1;18592,6308;15115,96;REW VCS ONE HA/DR 5.0 UNX SVR TIER K INITIAL ESS A;20085880;;REW VCS ONE HA/DR 5.0 UNX SVR TIER K INITIAL ESS A;REW VCS ONE HA/DR 5.0 UNX SVR TIER K INITIAL ESS A;REW VCS ONE HA/DR 5.0 UNX SVR TIER K INITIAL ESS A;REW VCS ONE HA/DR 5.0 UNX SVR TIER K INITIAL ESS A;;;;79;;
1;3;2094;1;17662,9845;14360,15;REW VCS ONE HA/DR 5.0 UNX SVR TIER K INITIAL ESS D;20085881;;REW VCS ONE HA/DR 5.0 UNX SVR TIER K INITIAL ESS D;REW VCS ONE HA/DR 5.0 UNX SVR TIER K INITIAL ESS D;REW VCS ONE HA/DR 5.0 UNX SVR TIER K INITIAL ESS D;REW VCS ONE HA/DR 5.0 UNX SVR TIER K INITIAL ESS D;;;;79;;
1;3;2094;1;22077,2454;17948,98;REW VCS ONE HA/DR 5.0 UNX P SVR TIER F STD LIC D;20085889;;REW VCS ONE HA/DR 5.0 UNX P SVR TIER F STD LIC D;REW VCS ONE HA/DR 5.0 UNX P SVR TIER F STD LIC D;REW VCS ONE HA/DR 5.0 UNX P SVR TIER F STD LIC D;REW VCS ONE HA/DR 5.0 UNX P SVR TIER F STD LIC D;;;;79;;
1;3;2094;1;7069,2159;5747,33;REW VCS ONE HA/DR 5.0 UNX SVR TIER F INITIAL ESS A;20085890;;REW VCS ONE HA/DR 5.0 UNX SVR TIER F INITIAL ESS A;REW VCS ONE HA/DR 5.0 UNX SVR TIER F INITIAL ESS A;REW VCS ONE HA/DR 5.0 UNX SVR TIER F INITIAL ESS A;REW VCS ONE HA/DR 5.0 UNX SVR TIER F INITIAL ESS A;;;;79;;
1;3;2094;1;7069,2159;5747,33;EXP VCS ONE HA/DR 5 UNX P SVR TIER F INITIAL ESS S;20085891;;EXP VCS ONE HA/DR 5 UNX P SVR TIER F INITIAL ESS S;EXP VCS ONE HA/DR 5 UNX P SVR TIER F INITIAL ESS S;EXP VCS ONE HA/DR 5 UNX P SVR TIER F INITIAL ESS S;EXP VCS ONE HA/DR 5 UNX P SVR TIER F INITIAL ESS S;;;;79;;
1;3;2094;1;7069,2159;5747,33;AE VCS ONE HA/DR5.0 UNX P SVR TIER F INITIAL ESS S;20085892;;AE VCS ONE HA/DR5.0 UNX P SVR TIER F INITIAL ESS S;AE VCS ONE HA/DR5.0 UNX P SVR TIER F INITIAL ESS S;AE VCS ONE HA/DR5.0 UNX P SVR TIER F INITIAL ESS S;AE VCS ONE HA/DR5.0 UNX P SVR TIER F INITIAL ESS S;;;;79;;
1;3;2094;1;30769,3356;25015,72;REW VCS ONE HA/DR 5.0 UNX P SVR TIER G STD LIC E;20085896;;REW VCS ONE HA/DR 5.0 UNX P SVR TIER G STD LIC E;REW VCS ONE HA/DR 5.0 UNX P SVR TIER G STD LIC E;REW VCS ONE HA/DR 5.0 UNX P SVR TIER G STD LIC E;REW VCS ONE HA/DR 5.0 UNX P SVR TIER G STD LIC E;;;;79;;
1;3;2094;1;22175,1288;18028,56;GOV VCS ONE HA/DR 5.0 UNX TIER M BAS 12MO S;20085897;;GOV VCS ONE HA/DR 5.0 UNX TIER M BAS 12MO S;GOV VCS ONE HA/DR 5.0 UNX TIER M BAS 12MO S;GOV VCS ONE HA/DR 5.0 UNX TIER M BAS 12MO S;GOV VCS ONE HA/DR 5.0 UNX TIER M BAS 12MO S;;;;79;;
1;3;2094;1;26918,1564;21884,68;REW VCS ONE HA/DR 5.0 UNX SVR TIER M INITIAL ESS C;20085898;;REW VCS ONE HA/DR 5.0 UNX SVR TIER M INITIAL ESS C;REW VCS ONE HA/DR 5.0 UNX SVR TIER M INITIAL ESS C;REW VCS ONE HA/DR 5.0 UNX SVR TIER M INITIAL ESS C;REW VCS ONE HA/DR 5.0 UNX SVR TIER M INITIAL ESS C;;;;79;;
1;3;2094;1;26918,1564;21884,68;REW VCS ONE HA/DR 5.0 UNX SVR TIER M INITIAL ESS D;20085899;;REW VCS ONE HA/DR 5.0 UNX SVR TIER M INITIAL ESS D;REW VCS ONE HA/DR 5.0 UNX SVR TIER M INITIAL ESS D;REW VCS ONE HA/DR 5.0 UNX SVR TIER M INITIAL ESS D;REW VCS ONE HA/DR 5.0 UNX SVR TIER M INITIAL ESS D;;;;79;;
1;3;2094;1;132737,3934;107916,58;REW VCS ONE HA/DR 5.0 UNX P SVR TIER N STD LIC C;20085902;;REW VCS ONE HA/DR 5.0 UNX P SVR TIER N STD LIC C;REW VCS ONE HA/DR 5.0 UNX P SVR TIER N STD LIC C;REW VCS ONE HA/DR 5.0 UNX P SVR TIER N STD LIC C;REW VCS ONE HA/DR 5.0 UNX P SVR TIER N STD LIC C;;;;79;;
1;3;2094;1;33263,2098;27043,26;GOV VCS ONE HA/DR 5.0 UNX TIER N BAS 12MO S;20085903;;GOV VCS ONE HA/DR 5.0 UNX TIER N BAS 12MO S;GOV VCS ONE HA/DR 5.0 UNX TIER N BAS 12MO S;GOV VCS ONE HA/DR 5.0 UNX TIER N BAS 12MO S;GOV VCS ONE HA/DR 5.0 UNX TIER N BAS 12MO S;;;;79;;
1;3;2094;1;33263,2098;27043,26;EXP VCS ONE HA/DR 5 UNX P SVR TIER N INITIAL BAS S;20085904;;EXP VCS ONE HA/DR 5 UNX P SVR TIER N INITIAL BAS S;EXP VCS ONE HA/DR 5 UNX P SVR TIER N INITIAL BAS S;EXP VCS ONE HA/DR 5 UNX P SVR TIER N INITIAL BAS S;EXP VCS ONE HA/DR 5 UNX P SVR TIER N INITIAL BAS S;;;;79;;
1;3;2094;1;9612,7944;7815,28;REW VCS ONE HA/DR 5.0 UNX SVR TIER G INITIAL ESS C;20085908;;REW VCS ONE HA/DR 5.0 UNX SVR TIER G INITIAL ESS C;REW VCS ONE HA/DR 5.0 UNX SVR TIER G INITIAL ESS C;REW VCS ONE HA/DR 5.0 UNX SVR TIER G INITIAL ESS C;REW VCS ONE HA/DR 5.0 UNX SVR TIER G INITIAL ESS C;;;;79;;
1;3;2094;1;41603,4585;33823,95;AE VCS ONE HA/DR 5.0 UNX P SVR TIER H STD LIC S;20085911;;AE VCS ONE HA/DR 5.0 UNX P SVR TIER H STD LIC S;AE VCS ONE HA/DR 5.0 UNX P SVR TIER H STD LIC S;AE VCS ONE HA/DR 5.0 UNX P SVR TIER H STD LIC S;AE VCS ONE HA/DR 5.0 UNX P SVR TIER H STD LIC S;;;;79;;
1;3;2094;1;9409,1064;7649,68;REW VCS ONE HA/DR 5.0 UNX SVR TIER H INITIAL BAS D;20085912;;REW VCS ONE HA/DR 5.0 UNX SVR TIER H INITIAL BAS D;REW VCS ONE HA/DR 5.0 UNX SVR TIER H INITIAL BAS D;REW VCS ONE HA/DR 5.0 UNX SVR TIER H INITIAL BAS D;REW VCS ONE HA/DR 5.0 UNX SVR TIER H INITIAL BAS D;;;;79;;
1;3;2094;1;9904,2921;8052,27;AE VCS ONE HA/DR5.0 UNX P SVR TIER H INITIAL BAS S;20085914;;AE VCS ONE HA/DR5.0 UNX P SVR TIER H INITIAL BAS S;AE VCS ONE HA/DR5.0 UNX P SVR TIER H INITIAL BAS S;AE VCS ONE HA/DR5.0 UNX P SVR TIER H INITIAL BAS S;AE VCS ONE HA/DR5.0 UNX P SVR TIER H INITIAL BAS S;;;;79;;
1;3;2094;1;12655,5192;10289,04;REW VCS ONE HA/DR 5.0 UNX SVR TIER H INITIAL ESS B;20085915;;REW VCS ONE HA/DR 5.0 UNX SVR TIER H INITIAL ESS B;REW VCS ONE HA/DR 5.0 UNX SVR TIER H INITIAL ESS B;REW VCS ONE HA/DR 5.0 UNX SVR TIER H INITIAL ESS B;REW VCS ONE HA/DR 5.0 UNX SVR TIER H INITIAL ESS B;;;;79;;
1;3;2094;1;45684,4017;37141,79;REW VCS ONE HA/DR 5.0 UNX P SVR TIER J STD LIC B;20085916;;REW VCS ONE HA/DR 5.0 UNX P SVR TIER J STD LIC B;REW VCS ONE HA/DR 5.0 UNX P SVR TIER J STD LIC B;REW VCS ONE HA/DR 5.0 UNX P SVR TIER J STD LIC B;REW VCS ONE HA/DR 5.0 UNX P SVR TIER J STD LIC B;;;;79;;
1;3;2094;1;1849,9569;1504,03;REW VCS ONE HA/DR 5.0 UNX P SVR TIER A STD LIC D;20085920;;REW VCS ONE HA/DR 5.0 UNX P SVR TIER A STD LIC D;REW VCS ONE HA/DR 5.0 UNX P SVR TIER A STD LIC D;REW VCS ONE HA/DR 5.0 UNX P SVR TIER A STD LIC D;REW VCS ONE HA/DR 5.0 UNX P SVR TIER A STD LIC D;;;;79;;
1;3;2094;1;440,4261;358,07;REW VCS ONE HA/DR 5.0 UNX SVR TIER A INITIAL BAS D;20085921;;REW VCS ONE HA/DR 5.0 UNX SVR TIER A INITIAL BAS D;REW VCS ONE HA/DR 5.0 UNX SVR TIER A INITIAL BAS D;REW VCS ONE HA/DR 5.0 UNX SVR TIER A INITIAL BAS D;REW VCS ONE HA/DR 5.0 UNX SVR TIER A INITIAL BAS D;;;;79;;
1;3;2094;1;592,368;481,6;EXP VCS ONE HA/DR 5 UNX P SVR TIER A INITIAL ESS S;20085922;;EXP VCS ONE HA/DR 5 UNX P SVR TIER A INITIAL ESS S;EXP VCS ONE HA/DR 5 UNX P SVR TIER A INITIAL ESS S;EXP VCS ONE HA/DR 5 UNX P SVR TIER A INITIAL ESS S;EXP VCS ONE HA/DR 5 UNX P SVR TIER A INITIAL ESS S;;;;79;;
1;3;2094;1;1617,8682;1315,34;GOV VCS ONE HA/DR 5.0 UNX TIER B ESS 12MO S;20085925;;GOV VCS ONE HA/DR 5.0 UNX TIER B ESS 12MO S;GOV VCS ONE HA/DR 5.0 UNX TIER B ESS 12MO S;GOV VCS ONE HA/DR 5.0 UNX TIER B ESS 12MO S;GOV VCS ONE HA/DR 5.0 UNX TIER B ESS 12MO S;;;;79;;
1;3;2094;1;9310,7556;7569,72;REW VCS ONE HA/DR 5.0 UNX P SVR TIER C STD LIC A;20085926;;REW VCS ONE HA/DR 5.0 UNX P SVR TIER C STD LIC A;REW VCS ONE HA/DR 5.0 UNX P SVR TIER C STD LIC A;REW VCS ONE HA/DR 5.0 UNX P SVR TIER C STD LIC A;REW VCS ONE HA/DR 5.0 UNX P SVR TIER C STD LIC A;;;;79;;
1;3;2094;1;2216,5584;1802,08;REW VCS ONE HA/DR 5.0 UNX SVR TIER C INITIAL BAS B;20085927;;REW VCS ONE HA/DR 5.0 UNX SVR TIER C INITIAL BAS B;REW VCS ONE HA/DR 5.0 UNX SVR TIER C INITIAL BAS B;REW VCS ONE HA/DR 5.0 UNX SVR TIER C INITIAL BAS B;REW VCS ONE HA/DR 5.0 UNX SVR TIER C INITIAL BAS B;;;;79;;
1;3;2094;1;13302,9912;10815,44;REW VCS ONE HA/DR 5.0 UNX P SVR TIER E STD LIC A;20085929;;REW VCS ONE HA/DR 5.0 UNX P SVR TIER E STD LIC A;REW VCS ONE HA/DR 5.0 UNX P SVR TIER E STD LIC A;REW VCS ONE HA/DR 5.0 UNX P SVR TIER E STD LIC A;REW VCS ONE HA/DR 5.0 UNX P SVR TIER E STD LIC A;;;;79;;
1;3;2094;1;13302,9912;10815,44;REW VCS ONE HA/DR 5.0 UNX P SVR TIER E STD LIC B;20085930;;REW VCS ONE HA/DR 5.0 UNX P SVR TIER E STD LIC B;REW VCS ONE HA/DR 5.0 UNX P SVR TIER E STD LIC B;REW VCS ONE HA/DR 5.0 UNX P SVR TIER E STD LIC B;REW VCS ONE HA/DR 5.0 UNX P SVR TIER E STD LIC B;;;;79;;
1;3;2094;1;13302,9912;10815,44;EXP VCS ONE HA/DR 5.0 UNX P SVR TIER E STD LIC S;20085931;;EXP VCS ONE HA/DR 5.0 UNX P SVR TIER E STD LIC S;EXP VCS ONE HA/DR 5.0 UNX P SVR TIER E STD LIC S;EXP VCS ONE HA/DR 5.0 UNX P SVR TIER E STD LIC S;EXP VCS ONE HA/DR 5.0 UNX P SVR TIER E STD LIC S;;;;79;;
1;3;2094;1;1947,3237;1583,19;GOV VCS ONE HA/DR 5.0 UNX TIER A STD LIC S;20085932;;GOV VCS ONE HA/DR 5.0 UNX TIER A STD LIC S;GOV VCS ONE HA/DR 5.0 UNX TIER A STD LIC S;GOV VCS ONE HA/DR 5.0 UNX TIER A STD LIC S;GOV VCS ONE HA/DR 5.0 UNX TIER A STD LIC S;;;;79;;
1;3;2094;1;562,7373;457,51;REW VCS ONE HA/DR 5.0 UNX SVR TIER A INITIAL ESS D;20085933;;REW VCS ONE HA/DR 5.0 UNX SVR TIER A INITIAL ESS D;REW VCS ONE HA/DR 5.0 UNX SVR TIER A INITIAL ESS D;REW VCS ONE HA/DR 5.0 UNX SVR TIER A INITIAL ESS D;REW VCS ONE HA/DR 5.0 UNX SVR TIER A INITIAL ESS D;;;;79;;
1;3;2094;1;592,368;481,6;AE VCS ONE HA/DR5.0 UNX P SVR TIER A INITIAL ESS S;20085934;;AE VCS ONE HA/DR5.0 UNX P SVR TIER A INITIAL ESS S;AE VCS ONE HA/DR5.0 UNX P SVR TIER A INITIAL ESS S;AE VCS ONE HA/DR5.0 UNX P SVR TIER A INITIAL ESS S;AE VCS ONE HA/DR5.0 UNX P SVR TIER A INITIAL ESS S;;;;79;;
1;3;2094;1;5052,6186;4107,82;REW VCS ONE HA/DR 5.0 UNX P SVR TIER B STD LIC D;20085939;;REW VCS ONE HA/DR 5.0 UNX P SVR TIER B STD LIC D;REW VCS ONE HA/DR 5.0 UNX P SVR TIER B STD LIC D;REW VCS ONE HA/DR 5.0 UNX P SVR TIER B STD LIC D;REW VCS ONE HA/DR 5.0 UNX P SVR TIER B STD LIC D;;;;79;;
1;3;2094;1;1266,1497;1029,39;AE VCS ONE HA/DR5.0 UNX P SVR TIER B INITIAL BAS S;20085940;;AE VCS ONE HA/DR5.0 UNX P SVR TIER B INITIAL BAS S;AE VCS ONE HA/DR5.0 UNX P SVR TIER B INITIAL BAS S;AE VCS ONE HA/DR5.0 UNX P SVR TIER B INITIAL BAS S;AE VCS ONE HA/DR5.0 UNX P SVR TIER B INITIAL BAS S;;;;79;;
1;3;2094;1;1617,8682;1315,34;REW VCS ONE HA/DR 5.0 UNX SVR TIER B INITIAL ESS A;20085941;;REW VCS ONE HA/DR 5.0 UNX SVR TIER B INITIAL ESS A;REW VCS ONE HA/DR 5.0 UNX SVR TIER B INITIAL ESS A;REW VCS ONE HA/DR 5.0 UNX SVR TIER B INITIAL ESS A;REW VCS ONE HA/DR 5.0 UNX SVR TIER B INITIAL ESS A;;;;79;;
1;3;2094;1;14550,7401;11829,87;REW VCS ONE HA/DR 5.0 UNX SVR TIER K INITIAL BAS A;20085943;;REW VCS ONE HA/DR 5.0 UNX SVR TIER K INITIAL BAS A;REW VCS ONE HA/DR 5.0 UNX SVR TIER K INITIAL BAS A;REW VCS ONE HA/DR 5.0 UNX SVR TIER K INITIAL BAS A;REW VCS ONE HA/DR 5.0 UNX SVR TIER K INITIAL BAS A;;;;79;;
1;3;2094;1;14550,7401;11829,87;REW VCS ONE HA/DR 5.0 UNX SVR TIER K INITIAL BAS B;20085944;;REW VCS ONE HA/DR 5.0 UNX SVR TIER K INITIAL BAS B;REW VCS ONE HA/DR 5.0 UNX SVR TIER K INITIAL BAS B;REW VCS ONE HA/DR 5.0 UNX SVR TIER K INITIAL BAS B;REW VCS ONE HA/DR 5.0 UNX SVR TIER K INITIAL BAS B;;;;79;;
1;3;2094;1;13823,2074;11238,38;REW VCS ONE HA/DR 5.0 UNX SVR TIER K INITIAL BAS C;20085945;;REW VCS ONE HA/DR 5.0 UNX SVR TIER K INITIAL BAS C;REW VCS ONE HA/DR 5.0 UNX SVR TIER K INITIAL BAS C;REW VCS ONE HA/DR 5.0 UNX SVR TIER K INITIAL BAS C;REW VCS ONE HA/DR 5.0 UNX SVR TIER K INITIAL BAS C;;;;79;;
1;3;2094;1;93147,5556;75729,72;REW VCS ONE HA/DR 5.0 UNX P SVR TIER M STD LIC B;20085948;;REW VCS ONE HA/DR 5.0 UNX P SVR TIER M STD LIC B;REW VCS ONE HA/DR 5.0 UNX P SVR TIER M STD LIC B;REW VCS ONE HA/DR 5.0 UNX P SVR TIER M STD LIC B;REW VCS ONE HA/DR 5.0 UNX P SVR TIER M STD LIC B;;;;79;;
1;3;2094;1;86161,5123;70050,01;REW VCS ONE HA/DR 5.0 UNX P SVR TIER M STD LIC E;20085949;;REW VCS ONE HA/DR 5.0 UNX P SVR TIER M STD LIC E;REW VCS ONE HA/DR 5.0 UNX P SVR TIER M STD LIC E;REW VCS ONE HA/DR 5.0 UNX P SVR TIER M STD LIC E;REW VCS ONE HA/DR 5.0 UNX P SVR TIER M STD LIC E;;;;79;;
1;3;2094;1;93147,5556;75729,72;EXP VCS ONE HA/DR 5.0 UNX P SVR TIER M STD LIC S;20085950;;EXP VCS ONE HA/DR 5.0 UNX P SVR TIER M STD LIC S;EXP VCS ONE HA/DR 5.0 UNX P SVR TIER M STD LIC S;EXP VCS ONE HA/DR 5.0 UNX P SVR TIER M STD LIC S;EXP VCS ONE HA/DR 5.0 UNX P SVR TIER M STD LIC S;;;;79;;
1;3;2094;1;21066,3699;17127,13;REW VCS ONE HA/DR 5.0 UNX SVR TIER M INITIAL BAS C;20085951;;REW VCS ONE HA/DR 5.0 UNX SVR TIER M INITIAL BAS C;REW VCS ONE HA/DR 5.0 UNX SVR TIER M INITIAL BAS C;REW VCS ONE HA/DR 5.0 UNX SVR TIER M INITIAL BAS C;REW VCS ONE HA/DR 5.0 UNX SVR TIER M INITIAL BAS C;;;;79;;
1;3;2094;1;21066,3699;17127,13;REW VCS ONE HA/DR 5.0 UNX SVR TIER M INITIAL BAS D;20085952;;REW VCS ONE HA/DR 5.0 UNX SVR TIER M INITIAL BAS D;REW VCS ONE HA/DR 5.0 UNX SVR TIER M INITIAL BAS D;REW VCS ONE HA/DR 5.0 UNX SVR TIER M INITIAL BAS D;REW VCS ONE HA/DR 5.0 UNX SVR TIER M INITIAL BAS D;;;;79;;
1;3;2094;1;13302,9912;10815,44;AE VCS ONE HA/DR 5.0 UNX P SVR TIER E STD LIC S;20085955;;AE VCS ONE HA/DR 5.0 UNX P SVR TIER E STD LIC S;AE VCS ONE HA/DR 5.0 UNX P SVR TIER E STD LIC S;AE VCS ONE HA/DR 5.0 UNX P SVR TIER E STD LIC S;AE VCS ONE HA/DR 5.0 UNX P SVR TIER E STD LIC S;;;;79;;
1;3;2094;1;3166,9671;2574,77;REW VCS ONE HA/DR 5.0 UNX SVR TIER E INITIAL BAS A;20085956;;REW VCS ONE HA/DR 5.0 UNX SVR TIER E INITIAL BAS A;REW VCS ONE HA/DR 5.0 UNX SVR TIER E INITIAL BAS A;REW VCS ONE HA/DR 5.0 UNX SVR TIER E INITIAL BAS A;REW VCS ONE HA/DR 5.0 UNX SVR TIER E INITIAL BAS A;;;;79;;
1;3;2094;1;3008,6292;2446,04;REW VCS ONE HA/DR 5.0 UNX SVR TIER E INITIAL BAS C;20085957;;REW VCS ONE HA/DR 5.0 UNX SVR TIER E INITIAL BAS C;REW VCS ONE HA/DR 5.0 UNX SVR TIER E INITIAL BAS C;REW VCS ONE HA/DR 5.0 UNX SVR TIER E INITIAL BAS C;REW VCS ONE HA/DR 5.0 UNX SVR TIER E INITIAL BAS C;;;;79;;
1;3;2094;1;70733,7699;57507,13;REW VCS ONE HA/DR 5.0 UNX P SVR TIER L STD LIC E;20085963;;REW VCS ONE HA/DR 5.0 UNX P SVR TIER L STD LIC E;REW VCS ONE HA/DR 5.0 UNX P SVR TIER L STD LIC E;REW VCS ONE HA/DR 5.0 UNX P SVR TIER L STD LIC E;REW VCS ONE HA/DR 5.0 UNX P SVR TIER L STD LIC E;;;;79;;
1;3;2094;1;76468,9155;62169,85;GOV VCS ONE HA/DR 5.0 UNX TIER L STD LIC S;20085964;;GOV VCS ONE HA/DR 5.0 UNX TIER L STD LIC S;GOV VCS ONE HA/DR 5.0 UNX TIER L STD LIC S;GOV VCS ONE HA/DR 5.0 UNX TIER L STD LIC S;GOV VCS ONE HA/DR 5.0 UNX TIER L STD LIC S;;;;79;;
1;3;2094;1;18204,5289;14800,43;REW VCS ONE HA/DR 5.0 UNX SVR TIER L INITIAL BAS A;20085965;;REW VCS ONE HA/DR 5.0 UNX SVR TIER L INITIAL BAS A;REW VCS ONE HA/DR 5.0 UNX SVR TIER L INITIAL BAS A;REW VCS ONE HA/DR 5.0 UNX SVR TIER L INITIAL BAS A;REW VCS ONE HA/DR 5.0 UNX SVR TIER L INITIAL BAS A;;;;79;;
1;3;2094;1;18204,5289;14800,43;GOV VCS ONE HA/DR 5.0 UNX TIER L BAS 12MO S;20085966;;GOV VCS ONE HA/DR 5.0 UNX TIER L BAS 12MO S;GOV VCS ONE HA/DR 5.0 UNX TIER L BAS 12MO S;GOV VCS ONE HA/DR 5.0 UNX TIER L BAS 12MO S;GOV VCS ONE HA/DR 5.0 UNX TIER L BAS 12MO S;;;;79;;
1;3;2094;1;8845,2252;7191,24;REW VCS ONE HA/DR 5.0 UNX P SVR TIER C STD LIC C;20085968;;REW VCS ONE HA/DR 5.0 UNX P SVR TIER C STD LIC C;REW VCS ONE HA/DR 5.0 UNX P SVR TIER C STD LIC C;REW VCS ONE HA/DR 5.0 UNX P SVR TIER C STD LIC C;REW VCS ONE HA/DR 5.0 UNX P SVR TIER C STD LIC C;;;;79;;
1;3;2094;1;9310,7556;7569,72;EXP VCS ONE HA/DR 5.0 UNX P SVR TIER C STD LIC S;20085970;;EXP VCS ONE HA/DR 5.0 UNX P SVR TIER C STD LIC S;EXP VCS ONE HA/DR 5.0 UNX P SVR TIER C STD LIC S;EXP VCS ONE HA/DR 5.0 UNX P SVR TIER C STD LIC S;EXP VCS ONE HA/DR 5.0 UNX P SVR TIER C STD LIC S;;;;79;;
1;3;2094;1;2216,5584;1802,08;EXP VCS ONE HA/DR 5 UNX P SVR TIER C INITIAL BAS S;20085971;;EXP VCS ONE HA/DR 5 UNX P SVR TIER C INITIAL BAS S;EXP VCS ONE HA/DR 5 UNX P SVR TIER C INITIAL BAS S;EXP VCS ONE HA/DR 5 UNX P SVR TIER C INITIAL BAS S;EXP VCS ONE HA/DR 5 UNX P SVR TIER C INITIAL BAS S;;;;79;;
1;3;2094;1;3166,9671;2574,77;GOV VCS ONE HA/DR 5.0 UNX TIER E BAS 12MO S;20085976;;GOV VCS ONE HA/DR 5.0 UNX TIER E BAS 12MO S;GOV VCS ONE HA/DR 5.0 UNX TIER E BAS 12MO S;GOV VCS ONE HA/DR 5.0 UNX TIER E BAS 12MO S;GOV VCS ONE HA/DR 5.0 UNX TIER E BAS 12MO S;;;;79;;
1;3;2094;1;33263,2098;27043,26;AE VCS ONE HA/DR5.0 UNX P SVR TIER N INITIAL BAS S;20085979;;AE VCS ONE HA/DR5.0 UNX P SVR TIER N INITIAL BAS S;AE VCS ONE HA/DR5.0 UNX P SVR TIER N INITIAL BAS S;AE VCS ONE HA/DR5.0 UNX P SVR TIER N INITIAL BAS S;AE VCS ONE HA/DR5.0 UNX P SVR TIER N INITIAL BAS S;;;;79;;
1;3;2094;1;42503,0067;34555,29;REW VCS ONE HA/DR 5.0 UNX SVR TIER N INITIAL ESS A;20085980;;REW VCS ONE HA/DR 5.0 UNX SVR TIER N INITIAL ESS A;REW VCS ONE HA/DR 5.0 UNX SVR TIER N INITIAL ESS A;REW VCS ONE HA/DR 5.0 UNX SVR TIER N INITIAL ESS A;REW VCS ONE HA/DR 5.0 UNX SVR TIER N INITIAL ESS A;;;;79;;
1;3;2094;1;1947,3237;1583,19;AE VCS ONE HA/DR 5.0 UNX P SVR TIER A STD LIC S;20085984;;AE VCS ONE HA/DR 5.0 UNX P SVR TIER A STD LIC S;AE VCS ONE HA/DR 5.0 UNX P SVR TIER A STD LIC S;AE VCS ONE HA/DR 5.0 UNX P SVR TIER A STD LIC S;AE VCS ONE HA/DR 5.0 UNX P SVR TIER A STD LIC S;;;;79;;
1;3;2094;1;463,587;376,9;REW VCS ONE HA/DR 5.0 UNX SVR TIER A INITIAL BAS A;20085985;;REW VCS ONE HA/DR 5.0 UNX SVR TIER A INITIAL BAS A;REW VCS ONE HA/DR 5.0 UNX SVR TIER A INITIAL BAS A;REW VCS ONE HA/DR 5.0 UNX SVR TIER A INITIAL BAS A;REW VCS ONE HA/DR 5.0 UNX SVR TIER A INITIAL BAS A;;;;79;;
1;3;2094;1;463,587;376,9;EXP VCS ONE HA/DR 5 UNX P SVR TIER A INITIAL BAS S;20085986;;EXP VCS ONE HA/DR 5 UNX P SVR TIER A INITIAL BAS S;EXP VCS ONE HA/DR 5 UNX P SVR TIER A INITIAL BAS S;EXP VCS ONE HA/DR 5 UNX P SVR TIER A INITIAL BAS S;EXP VCS ONE HA/DR 5 UNX P SVR TIER A INITIAL BAS S;;;;79;;
1;3;2094;1;463,587;376,9;AE VCS ONE HA/DR5.0 UNX P SVR TIER A INITIAL BAS S;20085987;;AE VCS ONE HA/DR5.0 UNX P SVR TIER A INITIAL BAS S;AE VCS ONE HA/DR5.0 UNX P SVR TIER A INITIAL BAS S;AE VCS ONE HA/DR5.0 UNX P SVR TIER A INITIAL BAS S;AE VCS ONE HA/DR5.0 UNX P SVR TIER A INITIAL BAS S;;;;79;;
1;3;2094;1;592,368;481,6;REW VCS ONE HA/DR 5.0 UNX SVR TIER A INITIAL ESS B;20085988;;REW VCS ONE HA/DR 5.0 UNX SVR TIER A INITIAL ESS B;REW VCS ONE HA/DR 5.0 UNX SVR TIER A INITIAL ESS B;REW VCS ONE HA/DR 5.0 UNX SVR TIER A INITIAL ESS B;REW VCS ONE HA/DR 5.0 UNX SVR TIER A INITIAL ESS B;;;;79;;
1;3;2094;1;562,7373;457,51;REW VCS ONE HA/DR 5.0 UNX SVR TIER A INITIAL ESS C;20085989;;REW VCS ONE HA/DR 5.0 UNX SVR TIER A INITIAL ESS C;REW VCS ONE HA/DR 5.0 UNX SVR TIER A INITIAL ESS C;REW VCS ONE HA/DR 5.0 UNX SVR TIER A INITIAL ESS C;REW VCS ONE HA/DR 5.0 UNX SVR TIER A INITIAL ESS C;;;;79;;
1;3;2094;1;7069,2159;5747,33;GOV VCS ONE HA/DR 5.0 UNX TIER F ESS 12MO S;20085992;;GOV VCS ONE HA/DR 5.0 UNX TIER F ESS 12MO S;GOV VCS ONE HA/DR 5.0 UNX TIER F ESS 12MO S;GOV VCS ONE HA/DR 5.0 UNX TIER F ESS 12MO S;GOV VCS ONE HA/DR 5.0 UNX TIER F ESS 12MO S;;;;79;;
1;3;2094;1;33264,1323;27044,01;EXP VCS ONE HA/DR 5.0 UNX P SVR TIER G STD LIC S;20085996;;EXP VCS ONE HA/DR 5.0 UNX P SVR TIER G STD LIC S;EXP VCS ONE HA/DR 5.0 UNX P SVR TIER G STD LIC S;EXP VCS ONE HA/DR 5.0 UNX P SVR TIER G STD LIC S;EXP VCS ONE HA/DR 5.0 UNX P SVR TIER G STD LIC S;;;;79;;
1;3;2094;1;39523,2948;32132,76;REW VCS ONE HA/DR 5.0 UNX P SVR TIER H STD LIC C;20085999;;REW VCS ONE HA/DR 5.0 UNX P SVR TIER H STD LIC C;REW VCS ONE HA/DR 5.0 UNX P SVR TIER H STD LIC C;REW VCS ONE HA/DR 5.0 UNX P SVR TIER H STD LIC C;REW VCS ONE HA/DR 5.0 UNX P SVR TIER H STD LIC C;;;;79;;
1;3;2094;1;41603,4585;33823,95;GOV VCS ONE HA/DR 5.0 UNX TIER H STD LIC S;20086000;;GOV VCS ONE HA/DR 5.0 UNX TIER H STD LIC S;GOV VCS ONE HA/DR 5.0 UNX TIER H STD LIC S;GOV VCS ONE HA/DR 5.0 UNX TIER H STD LIC S;GOV VCS ONE HA/DR 5.0 UNX TIER H STD LIC S;;;;79;;
1;3;2094;1;41603,4585;33823,95;EXP VCS ONE HA/DR 5.0 UNX P SVR TIER H STD LIC S;20086001;;EXP VCS ONE HA/DR 5.0 UNX P SVR TIER H STD LIC S;EXP VCS ONE HA/DR 5.0 UNX P SVR TIER H STD LIC S;EXP VCS ONE HA/DR 5.0 UNX P SVR TIER H STD LIC S;EXP VCS ONE HA/DR 5.0 UNX P SVR TIER H STD LIC S;;;;79;;
1;3;2094;1;76468,9155;62169,85;REW VCS ONE HA/DR 5.0 UNX P SVR TIER L STD LIC A;20086003;;REW VCS ONE HA/DR 5.0 UNX P SVR TIER L STD LIC A;REW VCS ONE HA/DR 5.0 UNX P SVR TIER L STD LIC A;REW VCS ONE HA/DR 5.0 UNX P SVR TIER L STD LIC A;REW VCS ONE HA/DR 5.0 UNX P SVR TIER L STD LIC A;;;;79;;
1;3;2094;1;17294,3166;14060,42;REW VCS ONE HA/DR 5.0 UNX SVR TIER L INITIAL BAS C;20086005;;REW VCS ONE HA/DR 5.0 UNX SVR TIER L INITIAL BAS C;REW VCS ONE HA/DR 5.0 UNX SVR TIER L INITIAL BAS C;REW VCS ONE HA/DR 5.0 UNX SVR TIER L INITIAL BAS C;REW VCS ONE HA/DR 5.0 UNX SVR TIER L INITIAL BAS C;;;;79;;
1;3;2094;1;18204,5289;14800,43;AE VCS ONE HA/DR5.0 UNX P SVR TIER L INITIAL BAS S;20086006;;AE VCS ONE HA/DR5.0 UNX P SVR TIER L INITIAL BAS S;AE VCS ONE HA/DR5.0 UNX P SVR TIER L INITIAL BAS S;AE VCS ONE HA/DR5.0 UNX P SVR TIER L INITIAL BAS S;AE VCS ONE HA/DR5.0 UNX P SVR TIER L INITIAL BAS S;;;;79;;
1;3;2094;1;23261,3541;18911,67;AE VCS ONE HA/DR5.0 UNX P SVR TIER L INITIAL ESS S;20086007;;AE VCS ONE HA/DR5.0 UNX P SVR TIER L INITIAL ESS S;AE VCS ONE HA/DR5.0 UNX P SVR TIER L INITIAL ESS S;AE VCS ONE HA/DR5.0 UNX P SVR TIER L INITIAL ESS S;AE VCS ONE HA/DR5.0 UNX P SVR TIER L INITIAL ESS S;;;;79;;
1;3;2094;1;21496,2672;17476,64;REW VCS ONE HA/DR 5.0 UNX P SVR TIER F STD LIC E;20086009;;REW VCS ONE HA/DR 5.0 UNX P SVR TIER F STD LIC E;REW VCS ONE HA/DR 5.0 UNX P SVR TIER F STD LIC E;REW VCS ONE HA/DR 5.0 UNX P SVR TIER F STD LIC E;REW VCS ONE HA/DR 5.0 UNX P SVR TIER F STD LIC E;;;;79;;
1;3;2094;1;7069,2159;5747,33;REW VCS ONE HA/DR 5.0 UNX SVR TIER F INITIAL ESS B;20086011;;REW VCS ONE HA/DR 5.0 UNX SVR TIER F INITIAL ESS B;REW VCS ONE HA/DR 5.0 UNX SVR TIER F INITIAL ESS B;REW VCS ONE HA/DR 5.0 UNX SVR TIER F INITIAL ESS B;REW VCS ONE HA/DR 5.0 UNX SVR TIER F INITIAL ESS B;;;;79;;
1;3;2094;1;547,9404;445,48;REW VCS ONE HA/DR 5.0 UNX SVR TIER A INITIAL ESS E;20086014;;REW VCS ONE HA/DR 5.0 UNX SVR TIER A INITIAL ESS E;REW VCS ONE HA/DR 5.0 UNX SVR TIER A INITIAL ESS E;REW VCS ONE HA/DR 5.0 UNX SVR TIER A INITIAL ESS E;REW VCS ONE HA/DR 5.0 UNX SVR TIER A INITIAL ESS E;;;;79;;
1;3;2094;1;5318,5323;4324,01;GOV VCS ONE HA/DR 5.0 UNX TIER B STD LIC S;20086017;;GOV VCS ONE HA/DR 5.0 UNX TIER B STD LIC S;GOV VCS ONE HA/DR 5.0 UNX TIER B STD LIC S;GOV VCS ONE HA/DR 5.0 UNX TIER B STD LIC S;GOV VCS ONE HA/DR 5.0 UNX TIER B STD LIC S;;;;79;;
1;3;2094;1;5318,5323;4324,01;EXP VCS ONE HA/DR 5.0 UNX P SVR TIER B STD LIC S;20086018;;EXP VCS ONE HA/DR 5.0 UNX P SVR TIER B STD LIC S;EXP VCS ONE HA/DR 5.0 UNX P SVR TIER B STD LIC S;EXP VCS ONE HA/DR 5.0 UNX P SVR TIER B STD LIC S;EXP VCS ONE HA/DR 5.0 UNX P SVR TIER B STD LIC S;;;;79;;
1;3;2094;1;2832,2718;2302,66;EXP VCS ONE HA/DR 5 UNX P SVR TIER C INITIAL ESS S;20086024;;EXP VCS ONE HA/DR 5 UNX P SVR TIER C INITIAL ESS S;EXP VCS ONE HA/DR 5 UNX P SVR TIER C INITIAL ESS S;EXP VCS ONE HA/DR 5 UNX P SVR TIER C INITIAL ESS S;EXP VCS ONE HA/DR 5 UNX P SVR TIER C INITIAL ESS S;;;;79;;
1;3;2094;1;9904,2921;8052,27;GOV VCS ONE HA/DR 5.0 UNX TIER H BAS 12MO S;20086025;;GOV VCS ONE HA/DR 5.0 UNX TIER H BAS 12MO S;GOV VCS ONE HA/DR 5.0 UNX TIER H BAS 12MO S;GOV VCS ONE HA/DR 5.0 UNX TIER H BAS 12MO S;GOV VCS ONE HA/DR 5.0 UNX TIER H BAS 12MO S;;;;79;;
1;3;2094;1;12655,5192;10289,04;EXP VCS ONE HA/DR 5 UNX P SVR TIER H INITIAL ESS S;20086026;;EXP VCS ONE HA/DR 5 UNX P SVR TIER H INITIAL ESS S;EXP VCS ONE HA/DR 5 UNX P SVR TIER H INITIAL ESS S;EXP VCS ONE HA/DR 5 UNX P SVR TIER H INITIAL ESS S;EXP VCS ONE HA/DR 5 UNX P SVR TIER H INITIAL ESS S;;;;79;;
1;3;2094;1;45684,4017;37141,79;REW VCS ONE HA/DR 5.0 UNX P SVR TIER J STD LIC A;20086030;;REW VCS ONE HA/DR 5.0 UNX P SVR TIER J STD LIC A;REW VCS ONE HA/DR 5.0 UNX P SVR TIER J STD LIC A;REW VCS ONE HA/DR 5.0 UNX P SVR TIER J STD LIC A;REW VCS ONE HA/DR 5.0 UNX P SVR TIER J STD LIC A;;;;79;;
1;3;2094;1;45684,4017;37141,79;AE VCS ONE HA/DR 5.0 UNX P SVR TIER J STD LIC S;20086031;;AE VCS ONE HA/DR 5.0 UNX P SVR TIER J STD LIC S;AE VCS ONE HA/DR 5.0 UNX P SVR TIER J STD LIC S;AE VCS ONE HA/DR 5.0 UNX P SVR TIER J STD LIC S;AE VCS ONE HA/DR 5.0 UNX P SVR TIER J STD LIC S;;;;79;;
1;3;2094;1;10875,8322;8842,14;REW VCS ONE HA/DR 5.0 UNX SVR TIER J INITIAL BAS A;20086032;;REW VCS ONE HA/DR 5.0 UNX SVR TIER J INITIAL BAS A;REW VCS ONE HA/DR 5.0 UNX SVR TIER J INITIAL BAS A;REW VCS ONE HA/DR 5.0 UNX SVR TIER J INITIAL BAS A;REW VCS ONE HA/DR 5.0 UNX SVR TIER J INITIAL BAS A;;;;79;;
1;3;2094;1;10875,8322;8842,14;EXP VCS ONE HA/DR 5 UNX P SVR TIER J INITIAL BAS S;20086033;;EXP VCS ONE HA/DR 5 UNX P SVR TIER J INITIAL BAS S;EXP VCS ONE HA/DR 5 UNX P SVR TIER J INITIAL BAS S;EXP VCS ONE HA/DR 5 UNX P SVR TIER J INITIAL BAS S;EXP VCS ONE HA/DR 5 UNX P SVR TIER J INITIAL BAS S;;;;79;;
1;3;2094;1;58064,979;47207,3;REW VCS ONE HA/DR 5.0 UNX P SVR TIER K STD LIC C;20086035;;REW VCS ONE HA/DR 5.0 UNX P SVR TIER K STD LIC C;REW VCS ONE HA/DR 5.0 UNX P SVR TIER K STD LIC C;REW VCS ONE HA/DR 5.0 UNX P SVR TIER K STD LIC C;REW VCS ONE HA/DR 5.0 UNX P SVR TIER K STD LIC C;;;;79;;
1;3;2094;1;10118,7426;8226,62;EXP VCS ONE HA/DR 5 UNX P SVR TIER G INITIAL ESS S;20086037;;EXP VCS ONE HA/DR 5 UNX P SVR TIER G INITIAL ESS S;EXP VCS ONE HA/DR 5 UNX P SVR TIER G INITIAL ESS S;EXP VCS ONE HA/DR 5 UNX P SVR TIER G INITIAL ESS S;EXP VCS ONE HA/DR 5 UNX P SVR TIER G INITIAL ESS S;;;;79;;
1;3;2094;1;10118,7426;8226,62;AE VCS ONE HA/DR5.0 UNX P SVR TIER G INITIAL ESS S;20086038;;AE VCS ONE HA/DR5.0 UNX P SVR TIER G INITIAL ESS S;AE VCS ONE HA/DR5.0 UNX P SVR TIER G INITIAL ESS S;AE VCS ONE HA/DR5.0 UNX P SVR TIER G INITIAL ESS S;AE VCS ONE HA/DR5.0 UNX P SVR TIER G INITIAL ESS S;;;;79;;
1;3;2094;1;12655,5192;10289,04;AE VCS ONE HA/DR5.0 UNX P SVR TIER H INITIAL ESS S;20086043;;AE VCS ONE HA/DR5.0 UNX P SVR TIER H INITIAL ESS S;AE VCS ONE HA/DR5.0 UNX P SVR TIER H INITIAL ESS S;AE VCS ONE HA/DR5.0 UNX P SVR TIER H INITIAL ESS S;AE VCS ONE HA/DR5.0 UNX P SVR TIER H INITIAL ESS S;;;;79;;
1;3;2094;1;12637,8564;10274,68;REW VCS ONE HA/DR 5.0 UNX P SVR TIER E STD LIC D;20086052;;REW VCS ONE HA/DR 5.0 UNX P SVR TIER E STD LIC D;REW VCS ONE HA/DR 5.0 UNX P SVR TIER E STD LIC D;REW VCS ONE HA/DR 5.0 UNX P SVR TIER E STD LIC D;REW VCS ONE HA/DR 5.0 UNX P SVR TIER E STD LIC D;;;;79;;
1;3;2094;1;3008,6292;2446,04;REW VCS ONE HA/DR 5.0 UNX SVR TIER E INITIAL BAS D;20086053;;REW VCS ONE HA/DR 5.0 UNX SVR TIER E INITIAL BAS D;REW VCS ONE HA/DR 5.0 UNX SVR TIER E INITIAL BAS D;REW VCS ONE HA/DR 5.0 UNX SVR TIER E INITIAL BAS D;REW VCS ONE HA/DR 5.0 UNX SVR TIER E INITIAL BAS D;;;;79;;
1;3;2094;1;4046,6877;3289,99;REW VCS ONE HA/DR 5.0 UNX SVR TIER E INITIAL ESS B;20086054;;REW VCS ONE HA/DR 5.0 UNX SVR TIER E INITIAL ESS B;REW VCS ONE HA/DR 5.0 UNX SVR TIER E INITIAL ESS B;REW VCS ONE HA/DR 5.0 UNX SVR TIER E INITIAL ESS B;REW VCS ONE HA/DR 5.0 UNX SVR TIER E INITIAL ESS B;;;;79;;
1;3;2094;1;4046,6877;3289,99;GOV VCS ONE HA/DR 5.0 UNX TIER E ESS 12MO S;20086055;;GOV VCS ONE HA/DR 5.0 UNX TIER E ESS 12MO S;GOV VCS ONE HA/DR 5.0 UNX TIER E ESS 12MO S;GOV VCS ONE HA/DR 5.0 UNX TIER E ESS 12MO S;GOV VCS ONE HA/DR 5.0 UNX TIER E ESS 12MO S;;;;79;;
1;3;2094;1;4046,6877;3289,99;AE VCS ONE HA/DR5.0 UNX P SVR TIER E INITIAL ESS S;20086056;;AE VCS ONE HA/DR5.0 UNX P SVR TIER E INITIAL ESS S;AE VCS ONE HA/DR5.0 UNX P SVR TIER E INITIAL ESS S;AE VCS ONE HA/DR5.0 UNX P SVR TIER E INITIAL ESS S;AE VCS ONE HA/DR5.0 UNX P SVR TIER E INITIAL ESS S;;;;79;;
1;3;2094;1;56536,95;45965;REW VCS ONE HA/DR 5.0 UNX P SVR TIER K STD LIC E;20086058;;REW VCS ONE HA/DR 5.0 UNX P SVR TIER K STD LIC E;REW VCS ONE HA/DR 5.0 UNX P SVR TIER K STD LIC E;REW VCS ONE HA/DR 5.0 UNX P SVR TIER K STD LIC E;REW VCS ONE HA/DR 5.0 UNX P SVR TIER K STD LIC E;;;;79;;
1;3;2094;1;88490,1852;71943,24;REW VCS ONE HA/DR 5.0 UNX P SVR TIER M STD LIC C;20086060;;REW VCS ONE HA/DR 5.0 UNX P SVR TIER M STD LIC C;REW VCS ONE HA/DR 5.0 UNX P SVR TIER M STD LIC C;REW VCS ONE HA/DR 5.0 UNX P SVR TIER M STD LIC C;REW VCS ONE HA/DR 5.0 UNX P SVR TIER M STD LIC C;;;;79;;
1;3;2094;1;26209,7871;21308,77;REW VCS ONE HA/DR 5.0 UNX SVR TIER M INITIAL ESS E;20086061;;REW VCS ONE HA/DR 5.0 UNX SVR TIER M INITIAL ESS E;REW VCS ONE HA/DR 5.0 UNX SVR TIER M INITIAL ESS E;REW VCS ONE HA/DR 5.0 UNX SVR TIER M INITIAL ESS E;REW VCS ONE HA/DR 5.0 UNX SVR TIER M INITIAL ESS E;;;;79;;
1;3;2094;1;33263,2098;27043,26;REW VCS ONE HA/DR 5.0 UNX SVR TIER N INITIAL BAS A;20086063;;REW VCS ONE HA/DR 5.0 UNX SVR TIER N INITIAL BAS A;REW VCS ONE HA/DR 5.0 UNX SVR TIER N INITIAL BAS A;REW VCS ONE HA/DR 5.0 UNX SVR TIER N INITIAL BAS A;REW VCS ONE HA/DR 5.0 UNX SVR TIER N INITIAL BAS A;;;;79;;
1;3;2094;1;42503,0067;34555,29;AE VCS ONE HA/DR5.0 UNX P SVR TIER N INITIAL ESS S;20086065;;AE VCS ONE HA/DR5.0 UNX P SVR TIER N INITIAL ESS S;AE VCS ONE HA/DR5.0 UNX P SVR TIER N INITIAL ESS S;AE VCS ONE HA/DR5.0 UNX P SVR TIER N INITIAL ESS S;AE VCS ONE HA/DR5.0 UNX P SVR TIER N INITIAL ESS S;;;;79;;
1;3;2094;1;1947,3237;1583,19;REW VCS ONE HA/DR 5.0 UNX P SVR TIER A STD LIC A;20086066;;REW VCS ONE HA/DR 5.0 UNX P SVR TIER A STD LIC A;REW VCS ONE HA/DR 5.0 UNX P SVR TIER A STD LIC A;REW VCS ONE HA/DR 5.0 UNX P SVR TIER A STD LIC A;REW VCS ONE HA/DR 5.0 UNX P SVR TIER A STD LIC A;;;;79;;
1;3;2094;1;1947,3237;1583,19;REW VCS ONE HA/DR 5.0 UNX P SVR TIER A STD LIC B;20086067;;REW VCS ONE HA/DR 5.0 UNX P SVR TIER A STD LIC B;REW VCS ONE HA/DR 5.0 UNX P SVR TIER A STD LIC B;REW VCS ONE HA/DR 5.0 UNX P SVR TIER A STD LIC B;REW VCS ONE HA/DR 5.0 UNX P SVR TIER A STD LIC B;;;;79;;
1;3;2094;1;1801,2735;1464,45;REW VCS ONE HA/DR 5.0 UNX P SVR TIER A STD LIC E;20086068;;REW VCS ONE HA/DR 5.0 UNX P SVR TIER A STD LIC E;REW VCS ONE HA/DR 5.0 UNX P SVR TIER A STD LIC E;REW VCS ONE HA/DR 5.0 UNX P SVR TIER A STD LIC E;REW VCS ONE HA/DR 5.0 UNX P SVR TIER A STD LIC E;;;;79;;
1;3;2094;1;10875,8322;8842,14;REW VCS ONE HA/DR 5.0 UNX SVR TIER J INITIAL BAS B;20086071;;REW VCS ONE HA/DR 5.0 UNX SVR TIER J INITIAL BAS B;REW VCS ONE HA/DR 5.0 UNX SVR TIER J INITIAL BAS B;REW VCS ONE HA/DR 5.0 UNX SVR TIER J INITIAL BAS B;REW VCS ONE HA/DR 5.0 UNX SVR TIER J INITIAL BAS B;;;;79;;
1;3;2094;1;13202,0574;10733,38;REW VCS ONE HA/DR 5.0 UNX SVR TIER J INITIAL ESS D;20086072;;REW VCS ONE HA/DR 5.0 UNX SVR TIER J INITIAL ESS D;REW VCS ONE HA/DR 5.0 UNX SVR TIER J INITIAL ESS D;REW VCS ONE HA/DR 5.0 UNX SVR TIER J INITIAL ESS D;REW VCS ONE HA/DR 5.0 UNX SVR TIER J INITIAL ESS D;;;;79;;
1;3;2094;1;61121,0247;49691,89;EXP VCS ONE HA/DR 5.0 UNX P SVR TIER K STD LIC S;20086077;;EXP VCS ONE HA/DR 5.0 UNX P SVR TIER K STD LIC S;EXP VCS ONE HA/DR 5.0 UNX P SVR TIER K STD LIC S;EXP VCS ONE HA/DR 5.0 UNX P SVR TIER K STD LIC S;EXP VCS ONE HA/DR 5.0 UNX P SVR TIER K STD LIC S;;;;79;;
1;3;2094;1;14550,7401;11829,87;EXP VCS ONE HA/DR 5 UNX P SVR TIER K INITIAL BAS S;20086078;;EXP VCS ONE HA/DR 5 UNX P SVR TIER K INITIAL BAS S;EXP VCS ONE HA/DR 5 UNX P SVR TIER K INITIAL BAS S;EXP VCS ONE HA/DR 5 UNX P SVR TIER K INITIAL BAS S;EXP VCS ONE HA/DR 5 UNX P SVR TIER K INITIAL BAS S;;;;79;;
1;3;2094;1;93147,5556;75729,72;REW VCS ONE HA/DR 5.0 UNX P SVR TIER M STD LIC A;20086080;;REW VCS ONE HA/DR 5.0 UNX P SVR TIER M STD LIC A;REW VCS ONE HA/DR 5.0 UNX P SVR TIER M STD LIC A;REW VCS ONE HA/DR 5.0 UNX P SVR TIER M STD LIC A;REW VCS ONE HA/DR 5.0 UNX P SVR TIER M STD LIC A;;;;79;;
1;3;2094;1;76468,9155;62169,85;EXP VCS ONE HA/DR 5.0 UNX P SVR TIER L STD LIC S;20086085;;EXP VCS ONE HA/DR 5.0 UNX P SVR TIER L STD LIC S;EXP VCS ONE HA/DR 5.0 UNX P SVR TIER L STD LIC S;EXP VCS ONE HA/DR 5.0 UNX P SVR TIER L STD LIC S;EXP VCS ONE HA/DR 5.0 UNX P SVR TIER L STD LIC S;;;;79;;
1;3;2094;1;17294,3166;14060,42;REW VCS ONE HA/DR 5.0 UNX SVR TIER L INITIAL BAS D;20086086;;REW VCS ONE HA/DR 5.0 UNX SVR TIER L INITIAL BAS D;REW VCS ONE HA/DR 5.0 UNX SVR TIER L INITIAL BAS D;REW VCS ONE HA/DR 5.0 UNX SVR TIER L INITIAL BAS D;REW VCS ONE HA/DR 5.0 UNX SVR TIER L INITIAL BAS D;;;;79;;
1;3;2094;1;23261,3541;18911,67;REW VCS ONE HA/DR 5.0 UNX SVR TIER L INITIAL ESS A;20086088;;REW VCS ONE HA/DR 5.0 UNX SVR TIER L INITIAL ESS A;REW VCS ONE HA/DR 5.0 UNX SVR TIER L INITIAL ESS A;REW VCS ONE HA/DR 5.0 UNX SVR TIER L INITIAL ESS A;REW VCS ONE HA/DR 5.0 UNX SVR TIER L INITIAL ESS A;;;;79;;
1;3;2094;1;22098,2907;17966,09;REW VCS ONE HA/DR 5.0 UNX SVR TIER L INITIAL ESS C;20086089;;REW VCS ONE HA/DR 5.0 UNX SVR TIER L INITIAL ESS C;REW VCS ONE HA/DR 5.0 UNX SVR TIER L INITIAL ESS C;REW VCS ONE HA/DR 5.0 UNX SVR TIER L INITIAL ESS C;REW VCS ONE HA/DR 5.0 UNX SVR TIER L INITIAL ESS C;;;;79;;
1;3;2094;1;23239,2141;18893,67;REW VCS ONE HA/DR 5.0 UNX P SVR TIER F STD LIC A;20086093;;REW VCS ONE HA/DR 5.0 UNX P SVR TIER F STD LIC A;REW VCS ONE HA/DR 5.0 UNX P SVR TIER F STD LIC A;REW VCS ONE HA/DR 5.0 UNX P SVR TIER F STD LIC A;REW VCS ONE HA/DR 5.0 UNX P SVR TIER F STD LIC A;;;;79;;
1;3;2094;1;463,587;376,9;REW VCS ONE HA/DR 5.0 UNX SVR TIER A INITIAL BAS B;20086094;;REW VCS ONE HA/DR 5.0 UNX SVR TIER A INITIAL BAS B;REW VCS ONE HA/DR 5.0 UNX SVR TIER A INITIAL BAS B;REW VCS ONE HA/DR 5.0 UNX SVR TIER A INITIAL BAS B;REW VCS ONE HA/DR 5.0 UNX SVR TIER A INITIAL BAS B;;;;79;;
1;3;2094;1;1266,1497;1029,39;EXP VCS ONE HA/DR 5 UNX P SVR TIER B INITIAL BAS S;20086101;;EXP VCS ONE HA/DR 5 UNX P SVR TIER B INITIAL BAS S;EXP VCS ONE HA/DR 5 UNX P SVR TIER B INITIAL BAS S;EXP VCS ONE HA/DR 5 UNX P SVR TIER B INITIAL BAS S;EXP VCS ONE HA/DR 5 UNX P SVR TIER B INITIAL BAS S;;;;79;;
1;3;2094;1;1617,8682;1315,34;REW VCS ONE HA/DR 5.0 UNX SVR TIER B INITIAL ESS B;20086102;;REW VCS ONE HA/DR 5.0 UNX SVR TIER B INITIAL ESS B;REW VCS ONE HA/DR 5.0 UNX SVR TIER B INITIAL ESS B;REW VCS ONE HA/DR 5.0 UNX SVR TIER B INITIAL ESS B;REW VCS ONE HA/DR 5.0 UNX SVR TIER B INITIAL ESS B;;;;79;;
1;3;2094;1;1536,9834;1249,58;REW VCS ONE HA/DR 5.0 UNX SVR TIER B INITIAL ESS D;20086103;;REW VCS ONE HA/DR 5.0 UNX SVR TIER B INITIAL ESS D;REW VCS ONE HA/DR 5.0 UNX SVR TIER B INITIAL ESS D;REW VCS ONE HA/DR 5.0 UNX SVR TIER B INITIAL ESS D;REW VCS ONE HA/DR 5.0 UNX SVR TIER B INITIAL ESS D;;;;79;;
1;3;2094;1;33264,1323;27044,01;REW VCS ONE HA/DR 5.0 UNX P SVR TIER G STD LIC B;20086105;;REW VCS ONE HA/DR 5.0 UNX P SVR TIER G STD LIC B;REW VCS ONE HA/DR 5.0 UNX P SVR TIER G STD LIC B;REW VCS ONE HA/DR 5.0 UNX P SVR TIER G STD LIC B;REW VCS ONE HA/DR 5.0 UNX P SVR TIER G STD LIC B;;;;79;;
1;3;2094;1;33264,1323;27044,01;AE VCS ONE HA/DR 5.0 UNX P SVR TIER G STD LIC S;20086106;;AE VCS ONE HA/DR 5.0 UNX P SVR TIER G STD LIC S;AE VCS ONE HA/DR 5.0 UNX P SVR TIER G STD LIC S;AE VCS ONE HA/DR 5.0 UNX P SVR TIER G STD LIC S;AE VCS ONE HA/DR 5.0 UNX P SVR TIER G STD LIC S;;;;79;;
1;3;2094;1;7918,9983;6438,21;GOV VCS ONE HA/DR 5.0 UNX TIER G BAS 12MO S;20086108;;GOV VCS ONE HA/DR 5.0 UNX TIER G BAS 12MO S;GOV VCS ONE HA/DR 5.0 UNX TIER G BAS 12MO S;GOV VCS ONE HA/DR 5.0 UNX TIER G BAS 12MO S;GOV VCS ONE HA/DR 5.0 UNX TIER G BAS 12MO S;;;;79;;
1;3;2094;1;93147,5556;75729,72;GOV VCS ONE HA/DR 5.0 UNX TIER M STD LIC S;20086111;;GOV VCS ONE HA/DR 5.0 UNX TIER M STD LIC S;GOV VCS ONE HA/DR 5.0 UNX TIER M STD LIC S;GOV VCS ONE HA/DR 5.0 UNX TIER M STD LIC S;GOV VCS ONE HA/DR 5.0 UNX TIER M STD LIC S;;;;79;;
1;3;2094;1;20511,9966;16676,42;REW VCS ONE HA/DR 5.0 UNX SVR TIER M INITIAL BAS E;20086112;;REW VCS ONE HA/DR 5.0 UNX SVR TIER M INITIAL BAS E;REW VCS ONE HA/DR 5.0 UNX SVR TIER M INITIAL BAS E;REW VCS ONE HA/DR 5.0 UNX SVR TIER M INITIAL BAS E;REW VCS ONE HA/DR 5.0 UNX SVR TIER M INITIAL BAS E;;;;79;;
1;3;2094;1;42503,0067;34555,29;REW VCS ONE HA/DR 5.0 UNX SVR TIER N INITIAL ESS B;20086116;;REW VCS ONE HA/DR 5.0 UNX SVR TIER N INITIAL ESS B;REW VCS ONE HA/DR 5.0 UNX SVR TIER N INITIAL ESS B;REW VCS ONE HA/DR 5.0 UNX SVR TIER N INITIAL ESS B;REW VCS ONE HA/DR 5.0 UNX SVR TIER N INITIAL ESS B;;;;79;;
1;3;2094;1;40377,8619;32827,53;REW VCS ONE HA/DR 5.0 UNX SVR TIER N INITIAL ESS D;20086117;;REW VCS ONE HA/DR 5.0 UNX SVR TIER N INITIAL ESS D;REW VCS ONE HA/DR 5.0 UNX SVR TIER N INITIAL ESS D;REW VCS ONE HA/DR 5.0 UNX SVR TIER N INITIAL ESS D;REW VCS ONE HA/DR 5.0 UNX SVR TIER N INITIAL ESS D;;;;79;;
1;3;2094;1;440,4261;358,07;REW VCS ONE HA/DR 5.0 UNX SVR TIER A INITIAL BAS C;20086120;;REW VCS ONE HA/DR 5.0 UNX SVR TIER A INITIAL BAS C;REW VCS ONE HA/DR 5.0 UNX SVR TIER A INITIAL BAS C;REW VCS ONE HA/DR 5.0 UNX SVR TIER A INITIAL BAS C;REW VCS ONE HA/DR 5.0 UNX SVR TIER A INITIAL BAS C;;;;79;;
1;3;2094;1;22077,2454;17948,98;REW VCS ONE HA/DR 5.0 UNX P SVR TIER F STD LIC C;20086122;;REW VCS ONE HA/DR 5.0 UNX P SVR TIER F STD LIC C;REW VCS ONE HA/DR 5.0 UNX P SVR TIER F STD LIC C;REW VCS ONE HA/DR 5.0 UNX P SVR TIER F STD LIC C;REW VCS ONE HA/DR 5.0 UNX P SVR TIER F STD LIC C;;;;79;;
1;3;2094;1;33264,1323;27044,01;GOV VCS ONE HA/DR 5.0 UNX TIER G STD LIC S;20086125;;GOV VCS ONE HA/DR 5.0 UNX TIER G STD LIC S;GOV VCS ONE HA/DR 5.0 UNX TIER G STD LIC S;GOV VCS ONE HA/DR 5.0 UNX TIER G STD LIC S;GOV VCS ONE HA/DR 5.0 UNX TIER G STD LIC S;;;;79;;
1;3;2094;1;7918,9983;6438,21;REW VCS ONE HA/DR 5.0 UNX SVR TIER G INITIAL BAS A;20086126;;REW VCS ONE HA/DR 5.0 UNX SVR TIER G INITIAL BAS A;REW VCS ONE HA/DR 5.0 UNX SVR TIER G INITIAL BAS A;REW VCS ONE HA/DR 5.0 UNX SVR TIER G INITIAL BAS A;REW VCS ONE HA/DR 5.0 UNX SVR TIER G INITIAL BAS A;;;;79;;
1;3;2094;1;9359,8326;7609,62;REW VCS ONE HA/DR 5.0 UNX SVR TIER G INITIAL ESS E;20086127;;REW VCS ONE HA/DR 5.0 UNX SVR TIER G INITIAL ESS E;REW VCS ONE HA/DR 5.0 UNX SVR TIER G INITIAL ESS E;REW VCS ONE HA/DR 5.0 UNX SVR TIER G INITIAL ESS E;REW VCS ONE HA/DR 5.0 UNX SVR TIER G INITIAL ESS E;;;;79;;
1;3;2094;1;41603,4585;33823,95;REW VCS ONE HA/DR 5.0 UNX P SVR TIER H STD LIC B;20086128;;REW VCS ONE HA/DR 5.0 UNX P SVR TIER H STD LIC B;REW VCS ONE HA/DR 5.0 UNX P SVR TIER H STD LIC B;REW VCS ONE HA/DR 5.0 UNX P SVR TIER H STD LIC B;REW VCS ONE HA/DR 5.0 UNX P SVR TIER H STD LIC B;;;;79;;
1;3;2094;1;9904,2921;8052,27;REW VCS ONE HA/DR 5.0 UNX SVR TIER H INITIAL BAS A;20086129;;REW VCS ONE HA/DR 5.0 UNX SVR TIER H INITIAL BAS A;REW VCS ONE HA/DR 5.0 UNX SVR TIER H INITIAL BAS A;REW VCS ONE HA/DR 5.0 UNX SVR TIER H INITIAL BAS A;REW VCS ONE HA/DR 5.0 UNX SVR TIER H INITIAL BAS A;;;;79;;
1;3;2094;1;12022,7334;9774,58;REW VCS ONE HA/DR 5.0 UNX SVR TIER H INITIAL ESS D;20086130;;REW VCS ONE HA/DR 5.0 UNX SVR TIER H INITIAL ESS D;REW VCS ONE HA/DR 5.0 UNX SVR TIER H INITIAL ESS D;REW VCS ONE HA/DR 5.0 UNX SVR TIER H INITIAL ESS D;REW VCS ONE HA/DR 5.0 UNX SVR TIER H INITIAL ESS D;;;;79;;
1;3;2094;1;10332,0492;8400,04;REW VCS ONE HA/DR 5.0 UNX SVR TIER J INITIAL BAS C;20086133;;REW VCS ONE HA/DR 5.0 UNX SVR TIER J INITIAL BAS C;REW VCS ONE HA/DR 5.0 UNX SVR TIER J INITIAL BAS C;REW VCS ONE HA/DR 5.0 UNX SVR TIER J INITIAL BAS C;REW VCS ONE HA/DR 5.0 UNX SVR TIER J INITIAL BAS C;;;;79;;
1;3;2094;1;2216,5584;1802,08;REW VCS ONE HA/DR 5.0 UNX SVR TIER C INITIAL BAS A;20086134;;REW VCS ONE HA/DR 5.0 UNX SVR TIER C INITIAL BAS A;REW VCS ONE HA/DR 5.0 UNX SVR TIER C INITIAL BAS A;REW VCS ONE HA/DR 5.0 UNX SVR TIER C INITIAL BAS A;REW VCS ONE HA/DR 5.0 UNX SVR TIER C INITIAL BAS A;;;;79;;
1;3;2094;1;2105,7477;1711,99;REW VCS ONE HA/DR 5.0 UNX SVR TIER C INITIAL BAS D;20086135;;REW VCS ONE HA/DR 5.0 UNX SVR TIER C INITIAL BAS D;REW VCS ONE HA/DR 5.0 UNX SVR TIER C INITIAL BAS D;REW VCS ONE HA/DR 5.0 UNX SVR TIER C INITIAL BAS D;REW VCS ONE HA/DR 5.0 UNX SVR TIER C INITIAL BAS D;;;;79;;
1;3;2094;1;2832,2718;2302,66;REW VCS ONE HA/DR 5.0 UNX SVR TIER C INITIAL ESS B;20086136;;REW VCS ONE HA/DR 5.0 UNX SVR TIER C INITIAL ESS B;REW VCS ONE HA/DR 5.0 UNX SVR TIER C INITIAL ESS B;REW VCS ONE HA/DR 5.0 UNX SVR TIER C INITIAL ESS B;REW VCS ONE HA/DR 5.0 UNX SVR TIER C INITIAL ESS B;;;;79;;
1;3;2094;1;2690,6619;2187,53;REW VCS ONE HA/DR 5.0 UNX SVR TIER C INITIAL ESS C;20086137;;REW VCS ONE HA/DR 5.0 UNX SVR TIER C INITIAL ESS C;REW VCS ONE HA/DR 5.0 UNX SVR TIER C INITIAL ESS C;REW VCS ONE HA/DR 5.0 UNX SVR TIER C INITIAL ESS C;REW VCS ONE HA/DR 5.0 UNX SVR TIER C INITIAL ESS C;;;;79;;
1;3;2094;1;3166,9671;2574,77;REW VCS ONE HA/DR 5.0 UNX SVR TIER E INITIAL BAS B;20086139;;REW VCS ONE HA/DR 5.0 UNX SVR TIER E INITIAL BAS B;REW VCS ONE HA/DR 5.0 UNX SVR TIER E INITIAL BAS B;REW VCS ONE HA/DR 5.0 UNX SVR TIER E INITIAL BAS B;REW VCS ONE HA/DR 5.0 UNX SVR TIER E INITIAL BAS B;;;;79;;
1;3;2094;1;2929,4541;2381,67;REW VCS ONE HA/DR 5.0 UNX SVR TIER E INITIAL BAS E;20086140;;REW VCS ONE HA/DR 5.0 UNX SVR TIER E INITIAL BAS E;REW VCS ONE HA/DR 5.0 UNX SVR TIER E INITIAL BAS E;REW VCS ONE HA/DR 5.0 UNX SVR TIER E INITIAL BAS E;REW VCS ONE HA/DR 5.0 UNX SVR TIER E INITIAL BAS E;;;;79;;
1;3;2094;1;3844,365;3125,5;REW VCS ONE HA/DR 5.0 UNX SVR TIER E INITIAL ESS C;20086141;;REW VCS ONE HA/DR 5.0 UNX SVR TIER E INITIAL ESS C;REW VCS ONE HA/DR 5.0 UNX SVR TIER E INITIAL ESS C;REW VCS ONE HA/DR 5.0 UNX SVR TIER E INITIAL ESS C;REW VCS ONE HA/DR 5.0 UNX SVR TIER E INITIAL ESS C;;;;79;;
1;3;2094;1;72645,4851;59061,37;REW VCS ONE HA/DR 5.0 UNX P SVR TIER L STD LIC C;20086143;;REW VCS ONE HA/DR 5.0 UNX P SVR TIER L STD LIC C;REW VCS ONE HA/DR 5.0 UNX P SVR TIER L STD LIC C;REW VCS ONE HA/DR 5.0 UNX P SVR TIER L STD LIC C;REW VCS ONE HA/DR 5.0 UNX P SVR TIER L STD LIC C;;;;79;;
1;3;2094;1;23261,3541;18911,67;GOV VCS ONE HA/DR 5.0 UNX TIER L ESS 12MO S;20086144;;GOV VCS ONE HA/DR 5.0 UNX TIER L ESS 12MO S;GOV VCS ONE HA/DR 5.0 UNX TIER L ESS 12MO S;GOV VCS ONE HA/DR 5.0 UNX TIER L ESS 12MO S;GOV VCS ONE HA/DR 5.0 UNX TIER L ESS 12MO S;;;;79;;
1;3;2094;1;39523,2948;32132,76;REW VCS ONE HA/DR 5.0 UNX P SVR TIER H STD LIC D;20086146;;REW VCS ONE HA/DR 5.0 UNX P SVR TIER H STD LIC D;REW VCS ONE HA/DR 5.0 UNX P SVR TIER H STD LIC D;REW VCS ONE HA/DR 5.0 UNX P SVR TIER H STD LIC D;REW VCS ONE HA/DR 5.0 UNX P SVR TIER H STD LIC D;;;;79;;
1;3;2094;1;38483,2191;31287,17;REW VCS ONE HA/DR 5.0 UNX P SVR TIER H STD LIC E;20086147;;REW VCS ONE HA/DR 5.0 UNX P SVR TIER H STD LIC E;REW VCS ONE HA/DR 5.0 UNX P SVR TIER H STD LIC E;REW VCS ONE HA/DR 5.0 UNX P SVR TIER H STD LIC E;REW VCS ONE HA/DR 5.0 UNX P SVR TIER H STD LIC E;;;;79;;
1;3;2094;1;12655,5192;10289,04;REW VCS ONE HA/DR 5.0 UNX SVR TIER H INITIAL ESS A;20086148;;REW VCS ONE HA/DR 5.0 UNX SVR TIER H INITIAL ESS A;REW VCS ONE HA/DR 5.0 UNX SVR TIER H INITIAL ESS A;REW VCS ONE HA/DR 5.0 UNX SVR TIER H INITIAL ESS A;REW VCS ONE HA/DR 5.0 UNX SVR TIER H INITIAL ESS A;;;;79;;
1;3;2094;1;12022,7334;9774,58;REW VCS ONE HA/DR 5.0 UNX SVR TIER H INITIAL ESS C;20086149;;REW VCS ONE HA/DR 5.0 UNX SVR TIER H INITIAL ESS C;REW VCS ONE HA/DR 5.0 UNX SVR TIER H INITIAL ESS C;REW VCS ONE HA/DR 5.0 UNX SVR TIER H INITIAL ESS C;REW VCS ONE HA/DR 5.0 UNX SVR TIER H INITIAL ESS C;;;;79;;
1;3;2094;1;11706,3405;9517,35;REW VCS ONE HA/DR 5.0 UNX SVR TIER H INITIAL ESS E;20086150;;REW VCS ONE HA/DR 5.0 UNX SVR TIER H INITIAL ESS E;REW VCS ONE HA/DR 5.0 UNX SVR TIER H INITIAL ESS E;REW VCS ONE HA/DR 5.0 UNX SVR TIER H INITIAL ESS E;REW VCS ONE HA/DR 5.0 UNX SVR TIER H INITIAL ESS E;;;;79;;
1;3;2094;1;42258,0768;34356,16;REW VCS ONE HA/DR 5.0 UNX P SVR TIER J STD LIC E;20086154;;REW VCS ONE HA/DR 5.0 UNX P SVR TIER J STD LIC E;REW VCS ONE HA/DR 5.0 UNX P SVR TIER J STD LIC E;REW VCS ONE HA/DR 5.0 UNX P SVR TIER J STD LIC E;REW VCS ONE HA/DR 5.0 UNX P SVR TIER J STD LIC E;;;;79;;
1;3;2094;1;45684,4017;37141,79;EXP VCS ONE HA/DR 5.0 UNX P SVR TIER J STD LIC S;20086155;;EXP VCS ONE HA/DR 5.0 UNX P SVR TIER J STD LIC S;EXP VCS ONE HA/DR 5.0 UNX P SVR TIER J STD LIC S;EXP VCS ONE HA/DR 5.0 UNX P SVR TIER J STD LIC S;EXP VCS ONE HA/DR 5.0 UNX P SVR TIER J STD LIC S;;;;79;;
1;3;2094;1;13896,8967;11298,29;REW VCS ONE HA/DR 5.0 UNX SVR TIER J INITIAL ESS B;20086156;;REW VCS ONE HA/DR 5.0 UNX SVR TIER J INITIAL ESS B;REW VCS ONE HA/DR 5.0 UNX SVR TIER J INITIAL ESS B;REW VCS ONE HA/DR 5.0 UNX SVR TIER J INITIAL ESS B;REW VCS ONE HA/DR 5.0 UNX SVR TIER J INITIAL ESS B;;;;79;;
1;3;2094;1;463,587;376,9;GOV VCS ONE HA/DR 5.0 UNX TIER A BAS 12MO S;20086157;;GOV VCS ONE HA/DR 5.0 UNX TIER A BAS 12MO S;GOV VCS ONE HA/DR 5.0 UNX TIER A BAS 12MO S;GOV VCS ONE HA/DR 5.0 UNX TIER A BAS 12MO S;GOV VCS ONE HA/DR 5.0 UNX TIER A BAS 12MO S;;;;79;;
1;3;2094;1;1266,1497;1029,39;GOV VCS ONE HA/DR 5.0 UNX TIER B BAS 12MO S;20086159;;GOV VCS ONE HA/DR 5.0 UNX TIER B BAS 12MO S;GOV VCS ONE HA/DR 5.0 UNX TIER B BAS 12MO S;GOV VCS ONE HA/DR 5.0 UNX TIER B BAS 12MO S;GOV VCS ONE HA/DR 5.0 UNX TIER B BAS 12MO S;;;;79;;
1;3;2094;1;2105,7477;1711,99;REW VCS ONE HA/DR 5.0 UNX SVR TIER C INITIAL BAS C;20086167;;REW VCS ONE HA/DR 5.0 UNX SVR TIER C INITIAL BAS C;REW VCS ONE HA/DR 5.0 UNX SVR TIER C INITIAL BAS C;REW VCS ONE HA/DR 5.0 UNX SVR TIER C INITIAL BAS C;REW VCS ONE HA/DR 5.0 UNX SVR TIER C INITIAL BAS C;;;;79;;
1;3;2094;1;10332,0492;8400,04;REW VCS ONE HA/DR 5.0 UNX SVR TIER J INITIAL BAS D;20086168;;REW VCS ONE HA/DR 5.0 UNX SVR TIER J INITIAL BAS D;REW VCS ONE HA/DR 5.0 UNX SVR TIER J INITIAL BAS D;REW VCS ONE HA/DR 5.0 UNX SVR TIER J INITIAL BAS D;REW VCS ONE HA/DR 5.0 UNX SVR TIER J INITIAL BAS D;;;;79;;
1;3;2094;1;10060,1454;8178,98;REW VCS ONE HA/DR 5.0 UNX SVR TIER J INITIAL BAS E;20086169;;REW VCS ONE HA/DR 5.0 UNX SVR TIER J INITIAL BAS E;REW VCS ONE HA/DR 5.0 UNX SVR TIER J INITIAL BAS E;REW VCS ONE HA/DR 5.0 UNX SVR TIER J INITIAL BAS E;REW VCS ONE HA/DR 5.0 UNX SVR TIER J INITIAL BAS E;;;;79;;
1;3;2094;1;13896,8967;11298,29;EXP VCS ONE HA/DR 5 UNX P SVR TIER J INITIAL ESS S;20086170;;EXP VCS ONE HA/DR 5 UNX P SVR TIER J INITIAL ESS S;EXP VCS ONE HA/DR 5 UNX P SVR TIER J INITIAL ESS S;EXP VCS ONE HA/DR 5 UNX P SVR TIER J INITIAL ESS S;EXP VCS ONE HA/DR 5 UNX P SVR TIER J INITIAL ESS S;;;;79;;
1;3;2094;1;14550,7401;11829,87;GOV VCS ONE HA/DR 5.0 UNX TIER K BAS 12MO S;20086173;;GOV VCS ONE HA/DR 5.0 UNX TIER K BAS 12MO S;GOV VCS ONE HA/DR 5.0 UNX TIER K BAS 12MO S;GOV VCS ONE HA/DR 5.0 UNX TIER K BAS 12MO S;GOV VCS ONE HA/DR 5.0 UNX TIER K BAS 12MO S;;;;79;;
1;3;2094;1;17662,9845;14360,15;REW VCS ONE HA/DR 5.0 UNX SVR TIER K INITIAL ESS C;20086174;;REW VCS ONE HA/DR 5.0 UNX SVR TIER K INITIAL ESS C;REW VCS ONE HA/DR 5.0 UNX SVR TIER K INITIAL ESS C;REW VCS ONE HA/DR 5.0 UNX SVR TIER K INITIAL ESS C;REW VCS ONE HA/DR 5.0 UNX SVR TIER K INITIAL ESS C;;;;79;;
1;3;2094;1;18592,6308;15115,96;AE VCS ONE HA/DR5.0 UNX P SVR TIER K INITIAL ESS S;20086175;;AE VCS ONE HA/DR5.0 UNX P SVR TIER K INITIAL ESS S;AE VCS ONE HA/DR5.0 UNX P SVR TIER K INITIAL ESS S;AE VCS ONE HA/DR5.0 UNX P SVR TIER K INITIAL ESS S;AE VCS ONE HA/DR5.0 UNX P SVR TIER K INITIAL ESS S;;;;79;;
1;3;2094;1;23239,2141;18893,67;EXP VCS ONE HA/DR 5.0 UNX P SVR TIER F STD LIC S;20086183;;EXP VCS ONE HA/DR 5.0 UNX P SVR TIER F STD LIC S;EXP VCS ONE HA/DR 5.0 UNX P SVR TIER F STD LIC S;EXP VCS ONE HA/DR 5.0 UNX P SVR TIER F STD LIC S;EXP VCS ONE HA/DR 5.0 UNX P SVR TIER F STD LIC S;;;;79;;
1;3;2094;1;5255,8146;4273,02;REW VCS ONE HA/DR 5.0 UNX SVR TIER F INITIAL BAS C;20086184;;REW VCS ONE HA/DR 5.0 UNX SVR TIER F INITIAL BAS C;REW VCS ONE HA/DR 5.0 UNX SVR TIER F INITIAL BAS C;REW VCS ONE HA/DR 5.0 UNX SVR TIER F INITIAL BAS C;REW VCS ONE HA/DR 5.0 UNX SVR TIER F INITIAL BAS C;;;;79;;
1;3;2094;1;5532,4293;4497,91;AE VCS ONE HA/DR5.0 UNX P SVR TIER F INITIAL BAS S;20086185;;AE VCS ONE HA/DR5.0 UNX P SVR TIER F INITIAL BAS S;AE VCS ONE HA/DR5.0 UNX P SVR TIER F INITIAL BAS S;AE VCS ONE HA/DR5.0 UNX P SVR TIER F INITIAL BAS S;AE VCS ONE HA/DR5.0 UNX P SVR TIER F INITIAL BAS S;;;;79;;
1;3;2094;1;13896,8967;11298,29;AE VCS ONE HA/DR5.0 UNX P SVR TIER J INITIAL ESS S;20086190;;AE VCS ONE HA/DR5.0 UNX P SVR TIER J INITIAL ESS S;AE VCS ONE HA/DR5.0 UNX P SVR TIER J INITIAL ESS S;AE VCS ONE HA/DR5.0 UNX P SVR TIER J INITIAL ESS S;AE VCS ONE HA/DR5.0 UNX P SVR TIER J INITIAL ESS S;;;;79;;
1;3;2094;1;2050,3116;1666,92;REW VCS ONE HA/DR 5.0 UNX SVR TIER C INITIAL BAS E;20086194;;REW VCS ONE HA/DR 5.0 UNX SVR TIER C INITIAL BAS E;REW VCS ONE HA/DR 5.0 UNX SVR TIER C INITIAL BAS E;REW VCS ONE HA/DR 5.0 UNX SVR TIER C INITIAL BAS E;REW VCS ONE HA/DR 5.0 UNX SVR TIER C INITIAL BAS E;;;;79;;
1;3;2094;1;2832,2718;2302,66;REW VCS ONE HA/DR 5.0 UNX SVR TIER C INITIAL ESS A;20086195;;REW VCS ONE HA/DR 5.0 UNX SVR TIER C INITIAL ESS A;REW VCS ONE HA/DR 5.0 UNX SVR TIER C INITIAL ESS A;REW VCS ONE HA/DR 5.0 UNX SVR TIER C INITIAL ESS A;REW VCS ONE HA/DR 5.0 UNX SVR TIER C INITIAL ESS A;;;;79;;
1;3;2094;1;2619,8385;2129,95;REW VCS ONE HA/DR 5.0 UNX SVR TIER C INITIAL ESS E;20086196;;REW VCS ONE HA/DR 5.0 UNX SVR TIER C INITIAL ESS E;REW VCS ONE HA/DR 5.0 UNX SVR TIER C INITIAL ESS E;REW VCS ONE HA/DR 5.0 UNX SVR TIER C INITIAL ESS E;REW VCS ONE HA/DR 5.0 UNX SVR TIER C INITIAL ESS E;;;;79;;
1;3;2094;1;12305,2767;10004,29;REW VCS ONE HA/DR 5.0 UNX P SVR TIER E STD LIC E;20086201;;REW VCS ONE HA/DR 5.0 UNX P SVR TIER E STD LIC E;REW VCS ONE HA/DR 5.0 UNX P SVR TIER E STD LIC E;REW VCS ONE HA/DR 5.0 UNX P SVR TIER E STD LIC E;REW VCS ONE HA/DR 5.0 UNX P SVR TIER E STD LIC E;;;;79;;
1;3;2094;1;13302,9912;10815,44;GOV VCS ONE HA/DR 5.0 UNX TIER E STD LIC S;20086202;;GOV VCS ONE HA/DR 5.0 UNX TIER E STD LIC S;GOV VCS ONE HA/DR 5.0 UNX TIER E STD LIC S;GOV VCS ONE HA/DR 5.0 UNX TIER E STD LIC S;GOV VCS ONE HA/DR 5.0 UNX TIER E STD LIC S;;;;79;;
1;3;2094;1;3166,9671;2574,77;EXP VCS ONE HA/DR 5 UNX P SVR TIER E INITIAL BAS S;20086203;;EXP VCS ONE HA/DR 5 UNX P SVR TIER E INITIAL BAS S;EXP VCS ONE HA/DR 5 UNX P SVR TIER E INITIAL BAS S;EXP VCS ONE HA/DR 5 UNX P SVR TIER E INITIAL BAS S;EXP VCS ONE HA/DR 5 UNX P SVR TIER E INITIAL BAS S;;;;79;;
1;3;2094;1;3166,9671;2574,77;AE VCS ONE HA/DR5.0 UNX P SVR TIER E INITIAL BAS S;20086204;;AE VCS ONE HA/DR5.0 UNX P SVR TIER E INITIAL BAS S;AE VCS ONE HA/DR5.0 UNX P SVR TIER E INITIAL BAS S;AE VCS ONE HA/DR5.0 UNX P SVR TIER E INITIAL BAS S;AE VCS ONE HA/DR5.0 UNX P SVR TIER E INITIAL BAS S;;;;79;;
1;3;2094;1;93147,5556;75729,72;AE VCS ONE HA/DR 5.0 UNX P SVR TIER M STD LIC S;20086208;;AE VCS ONE HA/DR 5.0 UNX P SVR TIER M STD LIC S;AE VCS ONE HA/DR 5.0 UNX P SVR TIER M STD LIC S;AE VCS ONE HA/DR 5.0 UNX P SVR TIER M STD LIC S;AE VCS ONE HA/DR 5.0 UNX P SVR TIER M STD LIC S;;;;79;;
1;3;2094;1;22175,1288;18028,56;REW VCS ONE HA/DR 5.0 UNX SVR TIER M INITIAL BAS B;20086209;;REW VCS ONE HA/DR 5.0 UNX SVR TIER M INITIAL BAS B;REW VCS ONE HA/DR 5.0 UNX SVR TIER M INITIAL BAS B;REW VCS ONE HA/DR 5.0 UNX SVR TIER M INITIAL BAS B;REW VCS ONE HA/DR 5.0 UNX SVR TIER M INITIAL BAS B;;;;79;;
1;3;2094;1;28334,895;23036,5;REW VCS ONE HA/DR 5.0 UNX SVR TIER M INITIAL ESS B;20086210;;REW VCS ONE HA/DR 5.0 UNX SVR TIER M INITIAL ESS B;REW VCS ONE HA/DR 5.0 UNX SVR TIER M INITIAL ESS B;REW VCS ONE HA/DR 5.0 UNX SVR TIER M INITIAL ESS B;REW VCS ONE HA/DR 5.0 UNX SVR TIER M INITIAL ESS B;;;;79;;
1;3;2094;1;28334,895;23036,5;GOV VCS ONE HA/DR 5.0 UNX TIER M ESS 12MO S;20086211;;GOV VCS ONE HA/DR 5.0 UNX TIER M ESS 12MO S;GOV VCS ONE HA/DR 5.0 UNX TIER M ESS 12MO S;GOV VCS ONE HA/DR 5.0 UNX TIER M ESS 12MO S;GOV VCS ONE HA/DR 5.0 UNX TIER M ESS 12MO S;;;;79;;
1;3;2094;1;28334,895;23036,5;AE VCS ONE HA/DR5.0 UNX P SVR TIER M INITIAL ESS S;20086212;;AE VCS ONE HA/DR5.0 UNX P SVR TIER M INITIAL ESS S;AE VCS ONE HA/DR5.0 UNX P SVR TIER M INITIAL ESS S;AE VCS ONE HA/DR5.0 UNX P SVR TIER M INITIAL ESS S;AE VCS ONE HA/DR5.0 UNX P SVR TIER M INITIAL ESS S;;;;79;;
1;3;2094;1;139723,572;113596,4;REW VCS ONE HA/DR 5.0 UNX P SVR TIER N STD LIC A;20086213;;REW VCS ONE HA/DR 5.0 UNX P SVR TIER N STD LIC A;REW VCS ONE HA/DR 5.0 UNX P SVR TIER N STD LIC A;REW VCS ONE HA/DR 5.0 UNX P SVR TIER N STD LIC A;REW VCS ONE HA/DR 5.0 UNX P SVR TIER N STD LIC A;;;;79;;
1;3;2094;1;139723,572;113596,4;GOV VCS ONE HA/DR 5.0 UNX TIER N STD LIC S;20086214;;GOV VCS ONE HA/DR 5.0 UNX TIER N STD LIC S;GOV VCS ONE HA/DR 5.0 UNX TIER N STD LIC S;GOV VCS ONE HA/DR 5.0 UNX TIER N STD LIC S;GOV VCS ONE HA/DR 5.0 UNX TIER N STD LIC S;;;;79;;
1;3;2094;1;139723,572;113596,4;AE VCS ONE HA/DR 5.0 UNX P SVR TIER N STD LIC S;20086215;;AE VCS ONE HA/DR 5.0 UNX P SVR TIER N STD LIC S;AE VCS ONE HA/DR 5.0 UNX P SVR TIER N STD LIC S;AE VCS ONE HA/DR 5.0 UNX P SVR TIER N STD LIC S;AE VCS ONE HA/DR 5.0 UNX P SVR TIER N STD LIC S;;;;79;;
1;3;2094;1;39315,2772;31963,64;REW VCS ONE HA/DR 5.0 UNX SVR TIER N INITIAL ESS E;20086216;;REW VCS ONE HA/DR 5.0 UNX SVR TIER N INITIAL ESS E;REW VCS ONE HA/DR 5.0 UNX SVR TIER N INITIAL ESS E;REW VCS ONE HA/DR 5.0 UNX SVR TIER N INITIAL ESS E;REW VCS ONE HA/DR 5.0 UNX SVR TIER N INITIAL ESS E;;;;79;;
1;3;2094;1;4046,6877;3289,99;REW VCS ONE HA/DR 5.0 UNX SVR TIER E INITIAL ESS A;20086217;;REW VCS ONE HA/DR 5.0 UNX SVR TIER E INITIAL ESS A;REW VCS ONE HA/DR 5.0 UNX SVR TIER E INITIAL ESS A;REW VCS ONE HA/DR 5.0 UNX SVR TIER E INITIAL ESS A;REW VCS ONE HA/DR 5.0 UNX SVR TIER E INITIAL ESS A;;;;79;;
1;3;2094;1;4046,6877;3289,99;EXP VCS ONE HA/DR 5 UNX P SVR TIER E INITIAL ESS S;20086218;;EXP VCS ONE HA/DR 5 UNX P SVR TIER E INITIAL ESS S;EXP VCS ONE HA/DR 5 UNX P SVR TIER E INITIAL ESS S;EXP VCS ONE HA/DR 5 UNX P SVR TIER E INITIAL ESS S;EXP VCS ONE HA/DR 5 UNX P SVR TIER E INITIAL ESS S;;;;79;;
1;3;2094;1;76468,9155;62169,85;REW VCS ONE HA/DR 5.0 UNX P SVR TIER L STD LIC B;20086219;;REW VCS ONE HA/DR 5.0 UNX P SVR TIER L STD LIC B;REW VCS ONE HA/DR 5.0 UNX P SVR TIER L STD LIC B;REW VCS ONE HA/DR 5.0 UNX P SVR TIER L STD LIC B;REW VCS ONE HA/DR 5.0 UNX P SVR TIER L STD LIC B;;;;79;;
1;3;2094;1;76468,9155;62169,85;AE VCS ONE HA/DR 5.0 UNX P SVR TIER L STD LIC S;20086220;;AE VCS ONE HA/DR 5.0 UNX P SVR TIER L STD LIC S;AE VCS ONE HA/DR 5.0 UNX P SVR TIER L STD LIC S;AE VCS ONE HA/DR 5.0 UNX P SVR TIER L STD LIC S;AE VCS ONE HA/DR 5.0 UNX P SVR TIER L STD LIC S;;;;79;;
1;3;2094;1;23261,3541;18911,67;REW VCS ONE HA/DR 5.0 UNX SVR TIER L INITIAL ESS B;20086221;;REW VCS ONE HA/DR 5.0 UNX SVR TIER L INITIAL ESS B;REW VCS ONE HA/DR 5.0 UNX SVR TIER L INITIAL ESS B;REW VCS ONE HA/DR 5.0 UNX SVR TIER L INITIAL ESS B;REW VCS ONE HA/DR 5.0 UNX SVR TIER L INITIAL ESS B;;;;79;;
1;3;2094;1;23239,2141;18893,67;GOV VCS ONE HA/DR 5.0 UNX TIER F STD LIC S;20086222;;GOV VCS ONE HA/DR 5.0 UNX TIER F STD LIC S;GOV VCS ONE HA/DR 5.0 UNX TIER F STD LIC S;GOV VCS ONE HA/DR 5.0 UNX TIER F STD LIC S;GOV VCS ONE HA/DR 5.0 UNX TIER F STD LIC S;;;;79;;
1;3;2094;1;23239,2141;18893,67;AE VCS ONE HA/DR 5.0 UNX P SVR TIER F STD LIC S;20086223;;AE VCS ONE HA/DR 5.0 UNX P SVR TIER F STD LIC S;AE VCS ONE HA/DR 5.0 UNX P SVR TIER F STD LIC S;AE VCS ONE HA/DR 5.0 UNX P SVR TIER F STD LIC S;AE VCS ONE HA/DR 5.0 UNX P SVR TIER F STD LIC S;;;;79;;
1;3;2094;1;5255,8146;4273,02;REW VCS ONE HA/DR 5.0 UNX SVR TIER F INITIAL BAS D;20086224;;REW VCS ONE HA/DR 5.0 UNX SVR TIER F INITIAL BAS D;REW VCS ONE HA/DR 5.0 UNX SVR TIER F INITIAL BAS D;REW VCS ONE HA/DR 5.0 UNX SVR TIER F INITIAL BAS D;REW VCS ONE HA/DR 5.0 UNX SVR TIER F INITIAL BAS D;;;;79;;
1;3;2094;1;5117,5134;4160,58;REW VCS ONE HA/DR 5.0 UNX SVR TIER F INITIAL BAS E;20086225;;REW VCS ONE HA/DR 5.0 UNX SVR TIER F INITIAL BAS E;REW VCS ONE HA/DR 5.0 UNX SVR TIER F INITIAL BAS E;REW VCS ONE HA/DR 5.0 UNX SVR TIER F INITIAL BAS E;REW VCS ONE HA/DR 5.0 UNX SVR TIER F INITIAL BAS E;;;;79;;
1;3;2094;1;42503,0067;34555,29;EXP VCS ONE HA/DR 5 UNX P SVR TIER N INITIAL ESS S;20086229;;EXP VCS ONE HA/DR 5 UNX P SVR TIER N INITIAL ESS S;EXP VCS ONE HA/DR 5 UNX P SVR TIER N INITIAL ESS S;EXP VCS ONE HA/DR 5 UNX P SVR TIER N INITIAL ESS S;EXP VCS ONE HA/DR 5 UNX P SVR TIER N INITIAL ESS S;;;;79;;
1;3;2094;1;1947,3237;1583,19;EXP VCS ONE HA/DR 5.0 UNX P SVR TIER A STD LIC S;20086231;;EXP VCS ONE HA/DR 5.0 UNX P SVR TIER A STD LIC S;EXP VCS ONE HA/DR 5.0 UNX P SVR TIER A STD LIC S;EXP VCS ONE HA/DR 5.0 UNX P SVR TIER A STD LIC S;EXP VCS ONE HA/DR 5.0 UNX P SVR TIER A STD LIC S;;;;79;;
1;3;2094;1;5318,5323;4324,01;REW VCS ONE HA/DR 5.0 UNX P SVR TIER B STD LIC B;20086234;;REW VCS ONE HA/DR 5.0 UNX P SVR TIER B STD LIC B;REW VCS ONE HA/DR 5.0 UNX P SVR TIER B STD LIC B;REW VCS ONE HA/DR 5.0 UNX P SVR TIER B STD LIC B;REW VCS ONE HA/DR 5.0 UNX P SVR TIER B STD LIC B;;;;79;;
1;3;2094;1;5052,6186;4107,82;REW VCS ONE HA/DR 5.0 UNX P SVR TIER B STD LIC C;20086235;;REW VCS ONE HA/DR 5.0 UNX P SVR TIER B STD LIC C;REW VCS ONE HA/DR 5.0 UNX P SVR TIER B STD LIC C;REW VCS ONE HA/DR 5.0 UNX P SVR TIER B STD LIC C;REW VCS ONE HA/DR 5.0 UNX P SVR TIER B STD LIC C;;;;79;;
1;3;2094;1;4919,6556;3999,72;REW VCS ONE HA/DR 5.0 UNX P SVR TIER B STD LIC E;20086236;;REW VCS ONE HA/DR 5.0 UNX P SVR TIER B STD LIC E;REW VCS ONE HA/DR 5.0 UNX P SVR TIER B STD LIC E;REW VCS ONE HA/DR 5.0 UNX P SVR TIER B STD LIC E;REW VCS ONE HA/DR 5.0 UNX P SVR TIER B STD LIC E;;;;79;;
1;3;2094;1;1266,1497;1029,39;REW VCS ONE HA/DR 5.0 UNX SVR TIER B INITIAL BAS A;20086237;;REW VCS ONE HA/DR 5.0 UNX SVR TIER B INITIAL BAS A;REW VCS ONE HA/DR 5.0 UNX SVR TIER B INITIAL BAS A;REW VCS ONE HA/DR 5.0 UNX SVR TIER B INITIAL BAS A;REW VCS ONE HA/DR 5.0 UNX SVR TIER B INITIAL BAS A;;;;79;;
1;3;2094;1;1266,1497;1029,39;REW VCS ONE HA/DR 5.0 UNX SVR TIER B INITIAL BAS B;20086238;;REW VCS ONE HA/DR 5.0 UNX SVR TIER B INITIAL BAS B;REW VCS ONE HA/DR 5.0 UNX SVR TIER B INITIAL BAS B;REW VCS ONE HA/DR 5.0 UNX SVR TIER B INITIAL BAS B;REW VCS ONE HA/DR 5.0 UNX SVR TIER B INITIAL BAS B;;;;79;;
1;3;2094;1;1171,206;952,2;REW VCS ONE HA/DR 5.0 UNX SVR TIER B INITIAL BAS E;20086239;;REW VCS ONE HA/DR 5.0 UNX SVR TIER B INITIAL BAS E;REW VCS ONE HA/DR 5.0 UNX SVR TIER B INITIAL BAS E;REW VCS ONE HA/DR 5.0 UNX SVR TIER B INITIAL BAS E;REW VCS ONE HA/DR 5.0 UNX SVR TIER B INITIAL BAS E;;;;79;;
1;3;2094;1;1536,9834;1249,58;REW VCS ONE HA/DR 5.0 UNX SVR TIER B INITIAL ESS C;20086240;;REW VCS ONE HA/DR 5.0 UNX SVR TIER B INITIAL ESS C;REW VCS ONE HA/DR 5.0 UNX SVR TIER B INITIAL ESS C;REW VCS ONE HA/DR 5.0 UNX SVR TIER B INITIAL ESS C;REW VCS ONE HA/DR 5.0 UNX SVR TIER B INITIAL ESS C;;;;79;;
1;3;2094;1;61121,0247;49691,89;AE VCS ONE HA/DR 5.0 UNX P SVR TIER K STD LIC S;20086241;;AE VCS ONE HA/DR 5.0 UNX P SVR TIER K STD LIC S;AE VCS ONE HA/DR 5.0 UNX P SVR TIER K STD LIC S;AE VCS ONE HA/DR 5.0 UNX P SVR TIER K STD LIC S;AE VCS ONE HA/DR 5.0 UNX P SVR TIER K STD LIC S;;;;79;;
1;3;2094;1;14550,7401;11829,87;AE VCS ONE HA/DR5.0 UNX P SVR TIER K INITIAL BAS S;20086243;;AE VCS ONE HA/DR5.0 UNX P SVR TIER K INITIAL BAS S;AE VCS ONE HA/DR5.0 UNX P SVR TIER K INITIAL BAS S;AE VCS ONE HA/DR5.0 UNX P SVR TIER K INITIAL BAS S;AE VCS ONE HA/DR5.0 UNX P SVR TIER K INITIAL BAS S;;;;79;;
1;3;2094;1;17198,1798;13982,26;REW VCS ONE HA/DR 5.0 UNX SVR TIER K INITIAL ESS E;20086244;;REW VCS ONE HA/DR 5.0 UNX SVR TIER K INITIAL ESS E;REW VCS ONE HA/DR 5.0 UNX SVR TIER K INITIAL ESS E;REW VCS ONE HA/DR 5.0 UNX SVR TIER K INITIAL ESS E;REW VCS ONE HA/DR 5.0 UNX SVR TIER K INITIAL ESS E;;;;79;;
1;3;2094;1;28334,895;23036,5;EXP VCS ONE HA/DR 5 UNX P SVR TIER M INITIAL ESS S;20086247;;EXP VCS ONE HA/DR 5 UNX P SVR TIER M INITIAL ESS S;EXP VCS ONE HA/DR 5 UNX P SVR TIER M INITIAL ESS S;EXP VCS ONE HA/DR 5 UNX P SVR TIER M INITIAL ESS S;EXP VCS ONE HA/DR 5 UNX P SVR TIER M INITIAL ESS S;;;;79;;
1;3;2094;1;9612,7944;7815,28;REW VCS ONE HA/DR 5.0 UNX SVR TIER G INITIAL ESS D;20086252;;REW VCS ONE HA/DR 5.0 UNX SVR TIER G INITIAL ESS D;REW VCS ONE HA/DR 5.0 UNX SVR TIER G INITIAL ESS D;REW VCS ONE HA/DR 5.0 UNX SVR TIER G INITIAL ESS D;REW VCS ONE HA/DR 5.0 UNX SVR TIER G INITIAL ESS D;;;;79;;
1;3;2094;1;10118,7426;8226,62;GOV VCS ONE HA/DR 5.0 UNX TIER G ESS 12MO S;20086253;;GOV VCS ONE HA/DR 5.0 UNX TIER G ESS 12MO S;GOV VCS ONE HA/DR 5.0 UNX TIER G ESS 12MO S;GOV VCS ONE HA/DR 5.0 UNX TIER G ESS 12MO S;GOV VCS ONE HA/DR 5.0 UNX TIER G ESS 12MO S;;;;79;;
1;3;2094;1;9409,1064;7649,68;REW VCS ONE HA/DR 5.0 UNX SVR TIER H INITIAL BAS C;20086259;;REW VCS ONE HA/DR 5.0 UNX SVR TIER H INITIAL BAS C;REW VCS ONE HA/DR 5.0 UNX SVR TIER H INITIAL BAS C;REW VCS ONE HA/DR 5.0 UNX SVR TIER H INITIAL BAS C;REW VCS ONE HA/DR 5.0 UNX SVR TIER H INITIAL BAS C;;;;79;;
1;3;2094;1;9161,4951;7448,37;REW VCS ONE HA/DR 5.0 UNX SVR TIER H INITIAL BAS E;20086260;;REW VCS ONE HA/DR 5.0 UNX SVR TIER H INITIAL BAS E;REW VCS ONE HA/DR 5.0 UNX SVR TIER H INITIAL BAS E;REW VCS ONE HA/DR 5.0 UNX SVR TIER H INITIAL BAS E;REW VCS ONE HA/DR 5.0 UNX SVR TIER H INITIAL BAS E;;;;79;;
1;3;2094;1;1496,5287;1216,69;REW VCS ONE HA/DR 5.0 UNX SVR TIER B INITIAL ESS E;20086263;;REW VCS ONE HA/DR 5.0 UNX SVR TIER B INITIAL ESS E;REW VCS ONE HA/DR 5.0 UNX SVR TIER B INITIAL ESS E;REW VCS ONE HA/DR 5.0 UNX SVR TIER B INITIAL ESS E;REW VCS ONE HA/DR 5.0 UNX SVR TIER B INITIAL ESS E;;;;79;;
1;3;2094;1;1617,8682;1315,34;EXP VCS ONE HA/DR 5 UNX P SVR TIER B INITIAL ESS S;20086264;;EXP VCS ONE HA/DR 5 UNX P SVR TIER B INITIAL ESS S;EXP VCS ONE HA/DR 5 UNX P SVR TIER B INITIAL ESS S;EXP VCS ONE HA/DR 5 UNX P SVR TIER B INITIAL ESS S;EXP VCS ONE HA/DR 5 UNX P SVR TIER B INITIAL ESS S;;;;79;;
1;3;2094;1;1617,8682;1315,34;AE VCS ONE HA/DR5.0 UNX P SVR TIER B INITIAL ESS S;20086265;;AE VCS ONE HA/DR5.0 UNX P SVR TIER B INITIAL ESS S;AE VCS ONE HA/DR5.0 UNX P SVR TIER B INITIAL ESS S;AE VCS ONE HA/DR5.0 UNX P SVR TIER B INITIAL ESS S;AE VCS ONE HA/DR5.0 UNX P SVR TIER B INITIAL ESS S;;;;79;;
1;3;2094;1;9310,7556;7569,72;REW VCS ONE HA/DR 5.0 UNX P SVR TIER C STD LIC B;20086267;;REW VCS ONE HA/DR 5.0 UNX P SVR TIER C STD LIC B;REW VCS ONE HA/DR 5.0 UNX P SVR TIER C STD LIC B;REW VCS ONE HA/DR 5.0 UNX P SVR TIER C STD LIC B;REW VCS ONE HA/DR 5.0 UNX P SVR TIER C STD LIC B;;;;79;;
1;3;2094;1;2216,5584;1802,08;AE VCS ONE HA/DR5.0 UNX P SVR TIER C INITIAL BAS S;20086268;;AE VCS ONE HA/DR5.0 UNX P SVR TIER C INITIAL BAS S;AE VCS ONE HA/DR5.0 UNX P SVR TIER C INITIAL BAS S;AE VCS ONE HA/DR5.0 UNX P SVR TIER C INITIAL BAS S;AE VCS ONE HA/DR5.0 UNX P SVR TIER C INITIAL BAS S;;;;79;;
1;3;2094;1;12637,8564;10274,68;REW VCS ONE HA/DR 5.0 UNX P SVR TIER E STD LIC C;20086270;;REW VCS ONE HA/DR 5.0 UNX P SVR TIER E STD LIC C;REW VCS ONE HA/DR 5.0 UNX P SVR TIER E STD LIC C;REW VCS ONE HA/DR 5.0 UNX P SVR TIER E STD LIC C;REW VCS ONE HA/DR 5.0 UNX P SVR TIER E STD LIC C;;;;79;;
1;3;2094;1;3844,365;3125,5;REW VCS ONE HA/DR 5.0 UNX SVR TIER E INITIAL ESS D;20086271;;REW VCS ONE HA/DR 5.0 UNX SVR TIER E INITIAL ESS D;REW VCS ONE HA/DR 5.0 UNX SVR TIER E INITIAL ESS D;REW VCS ONE HA/DR 5.0 UNX SVR TIER E INITIAL ESS D;REW VCS ONE HA/DR 5.0 UNX SVR TIER E INITIAL ESS D;;;;79;;
1;3;2094;1;3743,1852;3043,24;REW VCS ONE HA/DR 5.0 UNX SVR TIER E INITIAL ESS E;20086272;;REW VCS ONE HA/DR 5.0 UNX SVR TIER E INITIAL ESS E;REW VCS ONE HA/DR 5.0 UNX SVR TIER E INITIAL ESS E;REW VCS ONE HA/DR 5.0 UNX SVR TIER E INITIAL ESS E;REW VCS ONE HA/DR 5.0 UNX SVR TIER E INITIAL ESS E;;;;79;;
1;3;2094;1;132737,3934;107916,58;REW VCS ONE HA/DR 5.0 UNX P SVR TIER N STD LIC D;20086275;;REW VCS ONE HA/DR 5.0 UNX P SVR TIER N STD LIC D;REW VCS ONE HA/DR 5.0 UNX P SVR TIER N STD LIC D;REW VCS ONE HA/DR 5.0 UNX P SVR TIER N STD LIC D;REW VCS ONE HA/DR 5.0 UNX P SVR TIER N STD LIC D;;;;79;;
1;3;2094;1;139723,572;113596,4;EXP VCS ONE HA/DR 5.0 UNX P SVR TIER N STD LIC S;20086277;;EXP VCS ONE HA/DR 5.0 UNX P SVR TIER N STD LIC S;EXP VCS ONE HA/DR 5.0 UNX P SVR TIER N STD LIC S;EXP VCS ONE HA/DR 5.0 UNX P SVR TIER N STD LIC S;EXP VCS ONE HA/DR 5.0 UNX P SVR TIER N STD LIC S;;;;79;;
1;3;2094;1;33263,2098;27043,26;REW VCS ONE HA/DR 5.0 UNX SVR TIER N INITIAL BAS B;20086278;;REW VCS ONE HA/DR 5.0 UNX SVR TIER N INITIAL BAS B;REW VCS ONE HA/DR 5.0 UNX SVR TIER N INITIAL BAS B;REW VCS ONE HA/DR 5.0 UNX SVR TIER N INITIAL BAS B;REW VCS ONE HA/DR 5.0 UNX SVR TIER N INITIAL BAS B;;;;79;;
1;3;2094;1;30768,4869;25015,03;REW VCS ONE HA/DR 5.0 UNX SVR TIER N INITIAL BAS E;20086279;;REW VCS ONE HA/DR 5.0 UNX SVR TIER N INITIAL BAS E;REW VCS ONE HA/DR 5.0 UNX SVR TIER N INITIAL BAS E;REW VCS ONE HA/DR 5.0 UNX SVR TIER N INITIAL BAS E;REW VCS ONE HA/DR 5.0 UNX SVR TIER N INITIAL BAS E;;;;79;;
1;3;2094;1;1849,9569;1504,03;REW VCS ONE HA/DR 5.0 UNX P SVR TIER A STD LIC C;20086282;;REW VCS ONE HA/DR 5.0 UNX P SVR TIER A STD LIC C;REW VCS ONE HA/DR 5.0 UNX P SVR TIER A STD LIC C;REW VCS ONE HA/DR 5.0 UNX P SVR TIER A STD LIC C;REW VCS ONE HA/DR 5.0 UNX P SVR TIER A STD LIC C;;;;79;;
1;3;2094;1;428,8272;348,64;REW VCS ONE HA/DR 5.0 UNX SVR TIER A INITIAL BAS E;20086283;;REW VCS ONE HA/DR 5.0 UNX SVR TIER A INITIAL BAS E;REW VCS ONE HA/DR 5.0 UNX SVR TIER A INITIAL BAS E;REW VCS ONE HA/DR 5.0 UNX SVR TIER A INITIAL BAS E;REW VCS ONE HA/DR 5.0 UNX SVR TIER A INITIAL BAS E;;;;79;;
1;3;2094;1;592,368;481,6;REW VCS ONE HA/DR 5.0 UNX SVR TIER A INITIAL ESS A;20086284;;REW VCS ONE HA/DR 5.0 UNX SVR TIER A INITIAL ESS A;REW VCS ONE HA/DR 5.0 UNX SVR TIER A INITIAL ESS A;REW VCS ONE HA/DR 5.0 UNX SVR TIER A INITIAL ESS A;REW VCS ONE HA/DR 5.0 UNX SVR TIER A INITIAL ESS A;;;;79;;
1;3;2094;1;43400,1933;35284,71;REW VCS ONE HA/DR 5.0 UNX P SVR TIER J STD LIC D;20086287;;REW VCS ONE HA/DR 5.0 UNX P SVR TIER J STD LIC D;REW VCS ONE HA/DR 5.0 UNX P SVR TIER J STD LIC D;REW VCS ONE HA/DR 5.0 UNX P SVR TIER J STD LIC D;REW VCS ONE HA/DR 5.0 UNX P SVR TIER J STD LIC D;;;;79;;
1;3;2094;1;45684,4017;37141,79;GOV VCS ONE HA/DR 5.0 UNX TIER J STD LIC S;20086288;;GOV VCS ONE HA/DR 5.0 UNX TIER J STD LIC S;GOV VCS ONE HA/DR 5.0 UNX TIER J STD LIC S;GOV VCS ONE HA/DR 5.0 UNX TIER J STD LIC S;GOV VCS ONE HA/DR 5.0 UNX TIER J STD LIC S;;;;79;;
1;3;2094;1;10875,8322;8842,14;AE VCS ONE HA/DR5.0 UNX P SVR TIER J INITIAL BAS S;20086289;;AE VCS ONE HA/DR5.0 UNX P SVR TIER J INITIAL BAS S;AE VCS ONE HA/DR5.0 UNX P SVR TIER J INITIAL BAS S;AE VCS ONE HA/DR5.0 UNX P SVR TIER J INITIAL BAS S;AE VCS ONE HA/DR5.0 UNX P SVR TIER J INITIAL BAS S;;;;79;;
1;3;2094;1;13896,8967;11298,29;GOV VCS ONE HA/DR 5.0 UNX TIER J ESS 12MO S;20086290;;GOV VCS ONE HA/DR 5.0 UNX TIER J ESS 12MO S;GOV VCS ONE HA/DR 5.0 UNX TIER J ESS 12MO S;GOV VCS ONE HA/DR 5.0 UNX TIER J ESS 12MO S;GOV VCS ONE HA/DR 5.0 UNX TIER J ESS 12MO S;;;;79;;
1;3;2094;1;61121,0247;49691,89;REW VCS ONE HA/DR 5.0 UNX P SVR TIER K STD LIC A;20086294;;REW VCS ONE HA/DR 5.0 UNX P SVR TIER K STD LIC A;REW VCS ONE HA/DR 5.0 UNX P SVR TIER K STD LIC A;REW VCS ONE HA/DR 5.0 UNX P SVR TIER K STD LIC A;REW VCS ONE HA/DR 5.0 UNX P SVR TIER K STD LIC A;;;;79;;
1;3;2094;1;18592,6308;15115,96;GOV VCS ONE HA/DR 5.0 UNX TIER K ESS 12MO S;20086296;;GOV VCS ONE HA/DR 5.0 UNX TIER K ESS 12MO S;GOV VCS ONE HA/DR 5.0 UNX TIER K ESS 12MO S;GOV VCS ONE HA/DR 5.0 UNX TIER K ESS 12MO S;GOV VCS ONE HA/DR 5.0 UNX TIER K ESS 12MO S;;;;79;;
1;3;2094;1;18592,6308;15115,96;EXP VCS ONE HA/DR 5 UNX P SVR TIER K INITIAL ESS S;20086297;;EXP VCS ONE HA/DR 5 UNX P SVR TIER K INITIAL ESS S;EXP VCS ONE HA/DR 5 UNX P SVR TIER K INITIAL ESS S;EXP VCS ONE HA/DR 5 UNX P SVR TIER K INITIAL ESS S;EXP VCS ONE HA/DR 5 UNX P SVR TIER K INITIAL ESS S;;;;79;;
1;3;2094;1;18204,5289;14800,43;REW VCS ONE HA/DR 5.0 UNX SVR TIER L INITIAL BAS B;20086298;;REW VCS ONE HA/DR 5.0 UNX SVR TIER L INITIAL BAS B;REW VCS ONE HA/DR 5.0 UNX SVR TIER L INITIAL BAS B;REW VCS ONE HA/DR 5.0 UNX SVR TIER L INITIAL BAS B;REW VCS ONE HA/DR 5.0 UNX SVR TIER L INITIAL BAS B;;;;79;;
1;3;2094;1;23239,2141;18893,67;REW VCS ONE HA/DR 5.0 UNX P SVR TIER F STD LIC B;20086302;;REW VCS ONE HA/DR 5.0 UNX P SVR TIER F STD LIC B;REW VCS ONE HA/DR 5.0 UNX P SVR TIER F STD LIC B;REW VCS ONE HA/DR 5.0 UNX P SVR TIER F STD LIC B;REW VCS ONE HA/DR 5.0 UNX P SVR TIER F STD LIC B;;;;79;;
1;3;2094;1;5532,4293;4497,91;REW VCS ONE HA/DR 5.0 UNX SVR TIER F INITIAL BAS A;20086303;;REW VCS ONE HA/DR 5.0 UNX SVR TIER F INITIAL BAS A;REW VCS ONE HA/DR 5.0 UNX SVR TIER F INITIAL BAS A;REW VCS ONE HA/DR 5.0 UNX SVR TIER F INITIAL BAS A;REW VCS ONE HA/DR 5.0 UNX SVR TIER F INITIAL BAS A;;;;79;;
1;3;2094;1;6715,7631;5459,97;REW VCS ONE HA/DR 5.0 UNX SVR TIER F INITIAL ESS C;20086305;;REW VCS ONE HA/DR 5.0 UNX SVR TIER F INITIAL ESS C;REW VCS ONE HA/DR 5.0 UNX SVR TIER F INITIAL ESS C;REW VCS ONE HA/DR 5.0 UNX SVR TIER F INITIAL ESS C;REW VCS ONE HA/DR 5.0 UNX SVR TIER F INITIAL ESS C;;;;79;;
1;3;2094;1;6539,0367;5316,29;REW VCS ONE HA/DR 5.0 UNX SVR TIER F INITIAL ESS E;20086306;;REW VCS ONE HA/DR 5.0 UNX SVR TIER F INITIAL ESS E;REW VCS ONE HA/DR 5.0 UNX SVR TIER F INITIAL ESS E;REW VCS ONE HA/DR 5.0 UNX SVR TIER F INITIAL ESS E;REW VCS ONE HA/DR 5.0 UNX SVR TIER F INITIAL ESS E;;;;79;;
1;3;2094;1;33264,1323;27044,01;REW VCS ONE HA/DR 5.0 UNX P SVR TIER G STD LIC A;20086307;;REW VCS ONE HA/DR 5.0 UNX P SVR TIER G STD LIC A;REW VCS ONE HA/DR 5.0 UNX P SVR TIER G STD LIC A;REW VCS ONE HA/DR 5.0 UNX P SVR TIER G STD LIC A;REW VCS ONE HA/DR 5.0 UNX P SVR TIER G STD LIC A;;;;79;;
1;3;2094;1;31600,9386;25691,82;REW VCS ONE HA/DR 5.0 UNX P SVR TIER G STD LIC D;20086308;;REW VCS ONE HA/DR 5.0 UNX P SVR TIER G STD LIC D;REW VCS ONE HA/DR 5.0 UNX P SVR TIER G STD LIC D;REW VCS ONE HA/DR 5.0 UNX P SVR TIER G STD LIC D;REW VCS ONE HA/DR 5.0 UNX P SVR TIER G STD LIC D;;;;79;;
1;3;2094;1;7918,9983;6438,21;REW VCS ONE HA/DR 5.0 UNX SVR TIER G INITIAL BAS B;20086309;;REW VCS ONE HA/DR 5.0 UNX SVR TIER G INITIAL BAS B;REW VCS ONE HA/DR 5.0 UNX SVR TIER G INITIAL BAS B;REW VCS ONE HA/DR 5.0 UNX SVR TIER G INITIAL BAS B;REW VCS ONE HA/DR 5.0 UNX SVR TIER G INITIAL BAS B;;;;79;;
1;3;2094;1;1202,8539;977,93;REW VCS ONE HA/DR 5.0 UNX SVR TIER B INITIAL BAS D;20086310;;REW VCS ONE HA/DR 5.0 UNX SVR TIER B INITIAL BAS D;REW VCS ONE HA/DR 5.0 UNX SVR TIER B INITIAL BAS D;REW VCS ONE HA/DR 5.0 UNX SVR TIER B INITIAL BAS D;REW VCS ONE HA/DR 5.0 UNX SVR TIER B INITIAL BAS D;;;;79;;
1;3;2094;1;8612,4723;7002,01;REW VCS ONE HA/DR 5.0 UNX P SVR TIER C STD LIC E;20086314;;REW VCS ONE HA/DR 5.0 UNX P SVR TIER C STD LIC E;REW VCS ONE HA/DR 5.0 UNX P SVR TIER C STD LIC E;REW VCS ONE HA/DR 5.0 UNX P SVR TIER C STD LIC E;REW VCS ONE HA/DR 5.0 UNX P SVR TIER C STD LIC E;;;;79;;
1;3;2094;1;9310,7556;7569,72;AE VCS ONE HA/DR 5.0 UNX P SVR TIER C STD LIC S;20086315;;AE VCS ONE HA/DR 5.0 UNX P SVR TIER C STD LIC S;AE VCS ONE HA/DR 5.0 UNX P SVR TIER C STD LIC S;AE VCS ONE HA/DR 5.0 UNX P SVR TIER C STD LIC S;AE VCS ONE HA/DR 5.0 UNX P SVR TIER C STD LIC S;;;;79;;
1;3;2094;1;2832,2718;2302,66;GOV VCS ONE HA/DR 5.0 UNX TIER C ESS 12MO S;20086316;;GOV VCS ONE HA/DR 5.0 UNX TIER C ESS 12MO S;GOV VCS ONE HA/DR 5.0 UNX TIER C ESS 12MO S;GOV VCS ONE HA/DR 5.0 UNX TIER C ESS 12MO S;GOV VCS ONE HA/DR 5.0 UNX TIER C ESS 12MO S;;;;79;;
1;3;2094;1;2832,2718;2302,66;AE VCS ONE HA/DR5.0 UNX P SVR TIER C INITIAL ESS S;20086317;;AE VCS ONE HA/DR5.0 UNX P SVR TIER C INITIAL ESS S;AE VCS ONE HA/DR5.0 UNX P SVR TIER C INITIAL ESS S;AE VCS ONE HA/DR5.0 UNX P SVR TIER C INITIAL ESS S;AE VCS ONE HA/DR5.0 UNX P SVR TIER C INITIAL ESS S;;;;79;;
1;3;2094;1;5318,5323;4324,01;AE VCS ONE HA/DR 5.0 UNX P SVR TIER B STD LIC S;20086321;;AE VCS ONE HA/DR 5.0 UNX P SVR TIER B STD LIC S;AE VCS ONE HA/DR 5.0 UNX P SVR TIER B STD LIC S;AE VCS ONE HA/DR 5.0 UNX P SVR TIER B STD LIC S;AE VCS ONE HA/DR 5.0 UNX P SVR TIER B STD LIC S;;;;79;;
1;3;2094;1;88490,1852;71943,24;REW VCS ONE HA/DR 5.0 UNX P SVR TIER M STD LIC D;20086323;;REW VCS ONE HA/DR 5.0 UNX P SVR TIER M STD LIC D;REW VCS ONE HA/DR 5.0 UNX P SVR TIER M STD LIC D;REW VCS ONE HA/DR 5.0 UNX P SVR TIER M STD LIC D;REW VCS ONE HA/DR 5.0 UNX P SVR TIER M STD LIC D;;;;79;;
1;3;2094;1;22175,1288;18028,56;REW VCS ONE HA/DR 5.0 UNX SVR TIER M INITIAL BAS A;20086324;;REW VCS ONE HA/DR 5.0 UNX SVR TIER M INITIAL BAS A;REW VCS ONE HA/DR 5.0 UNX SVR TIER M INITIAL BAS A;REW VCS ONE HA/DR 5.0 UNX SVR TIER M INITIAL BAS A;REW VCS ONE HA/DR 5.0 UNX SVR TIER M INITIAL BAS A;;;;79;;
1;3;2094;1;28334,895;23036,5;REW VCS ONE HA/DR 5.0 UNX SVR TIER M INITIAL ESS A;20086326;;REW VCS ONE HA/DR 5.0 UNX SVR TIER M INITIAL ESS A;REW VCS ONE HA/DR 5.0 UNX SVR TIER M INITIAL ESS A;REW VCS ONE HA/DR 5.0 UNX SVR TIER M INITIAL ESS A;REW VCS ONE HA/DR 5.0 UNX SVR TIER M INITIAL ESS A;;;;79;;
1;3;2094;1;139723,572;113596,4;REW VCS ONE HA/DR 5.0 UNX P SVR TIER N STD LIC B;20086329;;REW VCS ONE HA/DR 5.0 UNX P SVR TIER N STD LIC B;REW VCS ONE HA/DR 5.0 UNX P SVR TIER N STD LIC B;REW VCS ONE HA/DR 5.0 UNX P SVR TIER N STD LIC B;REW VCS ONE HA/DR 5.0 UNX P SVR TIER N STD LIC B;;;;79;;
1;3;2094;1;129244,3041;105076,67;REW VCS ONE HA/DR 5.0 UNX P SVR TIER N STD LIC E;20086330;;REW VCS ONE HA/DR 5.0 UNX P SVR TIER N STD LIC E;REW VCS ONE HA/DR 5.0 UNX P SVR TIER N STD LIC E;REW VCS ONE HA/DR 5.0 UNX P SVR TIER N STD LIC E;REW VCS ONE HA/DR 5.0 UNX P SVR TIER N STD LIC E;;;;79;;
1;3;2094;1;31600,0653;25691,11;REW VCS ONE HA/DR 5.0 UNX SVR TIER N INITIAL BAS D;20086331;;REW VCS ONE HA/DR 5.0 UNX SVR TIER N INITIAL BAS D;REW VCS ONE HA/DR 5.0 UNX SVR TIER N INITIAL BAS D;REW VCS ONE HA/DR 5.0 UNX SVR TIER N INITIAL BAS D;REW VCS ONE HA/DR 5.0 UNX SVR TIER N INITIAL BAS D;;;;79;;
1;3;2094;1;40377,8619;32827,53;REW VCS ONE HA/DR 5.0 UNX SVR TIER N INITIAL ESS C;20086332;;REW VCS ONE HA/DR 5.0 UNX SVR TIER N INITIAL ESS C;REW VCS ONE HA/DR 5.0 UNX SVR TIER N INITIAL ESS C;REW VCS ONE HA/DR 5.0 UNX SVR TIER N INITIAL ESS C;REW VCS ONE HA/DR 5.0 UNX SVR TIER N INITIAL ESS C;;;;79;;
1;3;2094;1;42503,0067;34555,29;GOV VCS ONE HA/DR 5.0 UNX TIER N ESS 12MO S;20086333;;GOV VCS ONE HA/DR 5.0 UNX TIER N ESS 12MO S;GOV VCS ONE HA/DR 5.0 UNX TIER N ESS 12MO S;GOV VCS ONE HA/DR 5.0 UNX TIER N ESS 12MO S;GOV VCS ONE HA/DR 5.0 UNX TIER N ESS 12MO S;;;;79;;
1;3;2094;1;7523,0613;6116,31;REW VCS ONE HA/DR 5.0 UNX SVR TIER G INITIAL BAS D;20086334;;REW VCS ONE HA/DR 5.0 UNX SVR TIER G INITIAL BAS D;REW VCS ONE HA/DR 5.0 UNX SVR TIER G INITIAL BAS D;REW VCS ONE HA/DR 5.0 UNX SVR TIER G INITIAL BAS D;REW VCS ONE HA/DR 5.0 UNX SVR TIER G INITIAL BAS D;;;;79;;
1;3;2094;1;7325,0928;5955,36;REW VCS ONE HA/DR 5.0 UNX SVR TIER G INITIAL BAS E;20086335;;REW VCS ONE HA/DR 5.0 UNX SVR TIER G INITIAL BAS E;REW VCS ONE HA/DR 5.0 UNX SVR TIER G INITIAL BAS E;REW VCS ONE HA/DR 5.0 UNX SVR TIER G INITIAL BAS E;REW VCS ONE HA/DR 5.0 UNX SVR TIER G INITIAL BAS E;;;;79;;
1;3;2094;1;7918,9983;6438,21;EXP VCS ONE HA/DR 5 UNX P SVR TIER G INITIAL BAS S;20086336;;EXP VCS ONE HA/DR 5 UNX P SVR TIER G INITIAL BAS S;EXP VCS ONE HA/DR 5 UNX P SVR TIER G INITIAL BAS S;EXP VCS ONE HA/DR 5 UNX P SVR TIER G INITIAL BAS S;EXP VCS ONE HA/DR 5 UNX P SVR TIER G INITIAL BAS S;;;;79;;
1;3;2094;1;10118,7426;8226,62;REW VCS ONE HA/DR 5.0 UNX SVR TIER G INITIAL ESS B;20086337;;REW VCS ONE HA/DR 5.0 UNX SVR TIER G INITIAL ESS B;REW VCS ONE HA/DR 5.0 UNX SVR TIER G INITIAL ESS B;REW VCS ONE HA/DR 5.0 UNX SVR TIER G INITIAL ESS B;REW VCS ONE HA/DR 5.0 UNX SVR TIER G INITIAL ESS B;;;;79;;
1;3;2094;1;9904,2921;8052,27;REW VCS ONE HA/DR 5.0 UNX SVR TIER H INITIAL BAS B;20086340;;REW VCS ONE HA/DR 5.0 UNX SVR TIER H INITIAL BAS B;REW VCS ONE HA/DR 5.0 UNX SVR TIER H INITIAL BAS B;REW VCS ONE HA/DR 5.0 UNX SVR TIER H INITIAL BAS B;REW VCS ONE HA/DR 5.0 UNX SVR TIER H INITIAL BAS B;;;;79;;
1;3;2094;1;9904,2921;8052,27;EXP VCS ONE HA/DR 5 UNX P SVR TIER H INITIAL BAS S;20086341;;EXP VCS ONE HA/DR 5 UNX P SVR TIER H INITIAL BAS S;EXP VCS ONE HA/DR 5 UNX P SVR TIER H INITIAL BAS S;EXP VCS ONE HA/DR 5 UNX P SVR TIER H INITIAL BAS S;EXP VCS ONE HA/DR 5 UNX P SVR TIER H INITIAL BAS S;;;;79;;
1;3;2094;1;72645,4851;59061,37;REW VCS ONE HA/DR 5.0 UNX P SVR TIER L STD LIC D;20086346;;REW VCS ONE HA/DR 5.0 UNX P SVR TIER L STD LIC D;REW VCS ONE HA/DR 5.0 UNX P SVR TIER L STD LIC D;REW VCS ONE HA/DR 5.0 UNX P SVR TIER L STD LIC D;REW VCS ONE HA/DR 5.0 UNX P SVR TIER L STD LIC D;;;;79;;
1;3;2094;1;21516,759;17493,3;REW VCS ONE HA/DR 5.0 UNX SVR TIER L INITIAL ESS E;20086347;;REW VCS ONE HA/DR 5.0 UNX SVR TIER L INITIAL ESS E;REW VCS ONE HA/DR 5.0 UNX SVR TIER L INITIAL ESS E;REW VCS ONE HA/DR 5.0 UNX SVR TIER L INITIAL ESS E;REW VCS ONE HA/DR 5.0 UNX SVR TIER L INITIAL ESS E;;;;79;;
1;3;2094;1;5532,4293;4497,91;REW VCS ONE HA/DR 5.0 UNX SVR TIER F INITIAL BAS B;20086351;;REW VCS ONE HA/DR 5.0 UNX SVR TIER F INITIAL BAS B;REW VCS ONE HA/DR 5.0 UNX SVR TIER F INITIAL BAS B;REW VCS ONE HA/DR 5.0 UNX SVR TIER F INITIAL BAS B;REW VCS ONE HA/DR 5.0 UNX SVR TIER F INITIAL BAS B;;;;79;;
1;3;2094;1;5532,4293;4497,91;GOV VCS ONE HA/DR 5.0 UNX TIER F BAS 12MO S;20086352;;GOV VCS ONE HA/DR 5.0 UNX TIER F BAS 12MO S;GOV VCS ONE HA/DR 5.0 UNX TIER F BAS 12MO S;GOV VCS ONE HA/DR 5.0 UNX TIER F BAS 12MO S;GOV VCS ONE HA/DR 5.0 UNX TIER F BAS 12MO S;;;;79;;
1;3;2094;1;5532,4293;4497,91;EXP VCS ONE HA/DR 5 UNX P SVR TIER F INITIAL BAS S;20086353;;EXP VCS ONE HA/DR 5 UNX P SVR TIER F INITIAL BAS S;EXP VCS ONE HA/DR 5 UNX P SVR TIER F INITIAL BAS S;EXP VCS ONE HA/DR 5 UNX P SVR TIER F INITIAL BAS S;EXP VCS ONE HA/DR 5 UNX P SVR TIER F INITIAL BAS S;;;;79;;
1;3;2094;1;6715,7631;5459,97;REW VCS ONE HA/DR 5.0 UNX SVR TIER F INITIAL ESS D;20086354;;REW VCS ONE HA/DR 5.0 UNX SVR TIER F INITIAL ESS D;REW VCS ONE HA/DR 5.0 UNX SVR TIER F INITIAL ESS D;REW VCS ONE HA/DR 5.0 UNX SVR TIER F INITIAL ESS D;REW VCS ONE HA/DR 5.0 UNX SVR TIER F INITIAL ESS D;;;;79;;
1;3;2094;1;592,368;481,6;GOV VCS ONE HA/DR 5.0 UNX TIER A ESS 12MO S;20086360;;GOV VCS ONE HA/DR 5.0 UNX TIER A ESS 12MO S;GOV VCS ONE HA/DR 5.0 UNX TIER A ESS 12MO S;GOV VCS ONE HA/DR 5.0 UNX TIER A ESS 12MO S;GOV VCS ONE HA/DR 5.0 UNX TIER A ESS 12MO S;;;;79;;
1;3;2094;1;5318,5323;4324,01;REW VCS ONE HA/DR 5.0 UNX P SVR TIER B STD LIC A;20086362;;REW VCS ONE HA/DR 5.0 UNX P SVR TIER B STD LIC A;REW VCS ONE HA/DR 5.0 UNX P SVR TIER B STD LIC A;REW VCS ONE HA/DR 5.0 UNX P SVR TIER B STD LIC A;REW VCS ONE HA/DR 5.0 UNX P SVR TIER B STD LIC A;;;;79;;
1;3;2094;1;1202,8539;977,93;REW VCS ONE HA/DR 5.0 UNX SVR TIER B INITIAL BAS C;20086363;;REW VCS ONE HA/DR 5.0 UNX SVR TIER B INITIAL BAS C;REW VCS ONE HA/DR 5.0 UNX SVR TIER B INITIAL BAS C;REW VCS ONE HA/DR 5.0 UNX SVR TIER B INITIAL BAS C;REW VCS ONE HA/DR 5.0 UNX SVR TIER B INITIAL BAS C;;;;79;;
1;3;2094;1;8845,2252;7191,24;REW VCS ONE HA/DR 5.0 UNX P SVR TIER C STD LIC D;20086365;;REW VCS ONE HA/DR 5.0 UNX P SVR TIER C STD LIC D;REW VCS ONE HA/DR 5.0 UNX P SVR TIER C STD LIC D;REW VCS ONE HA/DR 5.0 UNX P SVR TIER C STD LIC D;REW VCS ONE HA/DR 5.0 UNX P SVR TIER C STD LIC D;;;;79;;
1;3;2094;1;9310,7556;7569,72;GOV VCS ONE HA/DR 5.0 UNX TIER C STD LIC S;20086366;;GOV VCS ONE HA/DR 5.0 UNX TIER C STD LIC S;GOV VCS ONE HA/DR 5.0 UNX TIER C STD LIC S;GOV VCS ONE HA/DR 5.0 UNX TIER C STD LIC S;GOV VCS ONE HA/DR 5.0 UNX TIER C STD LIC S;;;;79;;
1;3;2094;1;2216,5584;1802,08;GOV VCS ONE HA/DR 5.0 UNX TIER C BAS 12MO S;20086367;;GOV VCS ONE HA/DR 5.0 UNX TIER C BAS 12MO S;GOV VCS ONE HA/DR 5.0 UNX TIER C BAS 12MO S;GOV VCS ONE HA/DR 5.0 UNX TIER C BAS 12MO S;GOV VCS ONE HA/DR 5.0 UNX TIER C BAS 12MO S;;;;79;;
1;3;2094;1;43400,1933;35284,71;REW VCS ONE HA/DR 5.0 UNX P SVR TIER J STD LIC C;20086368;;REW VCS ONE HA/DR 5.0 UNX P SVR TIER J STD LIC C;REW VCS ONE HA/DR 5.0 UNX P SVR TIER J STD LIC C;REW VCS ONE HA/DR 5.0 UNX P SVR TIER J STD LIC C;REW VCS ONE HA/DR 5.0 UNX P SVR TIER J STD LIC C;;;;79;;
1;3;2094;1;10875,8322;8842,14;GOV VCS ONE HA/DR 5.0 UNX TIER J BAS 12MO S;20086370;;GOV VCS ONE HA/DR 5.0 UNX TIER J BAS 12MO S;GOV VCS ONE HA/DR 5.0 UNX TIER J BAS 12MO S;GOV VCS ONE HA/DR 5.0 UNX TIER J BAS 12MO S;GOV VCS ONE HA/DR 5.0 UNX TIER J BAS 12MO S;;;;79;;
1;3;2094;1;12854,6316;10450,92;REW VCS ONE HA/DR 5.0 UNX SVR TIER J INITIAL ESS E;20086371;;REW VCS ONE HA/DR 5.0 UNX SVR TIER J INITIAL ESS E;REW VCS ONE HA/DR 5.0 UNX SVR TIER J INITIAL ESS E;REW VCS ONE HA/DR 5.0 UNX SVR TIER J INITIAL ESS E;REW VCS ONE HA/DR 5.0 UNX SVR TIER J INITIAL ESS E;;;;79;;
1;3;2094;1;61121,0247;49691,89;REW VCS ONE HA/DR 5.0 UNX P SVR TIER K STD LIC B;20086374;;REW VCS ONE HA/DR 5.0 UNX P SVR TIER K STD LIC B;REW VCS ONE HA/DR 5.0 UNX P SVR TIER K STD LIC B;REW VCS ONE HA/DR 5.0 UNX P SVR TIER K STD LIC B;REW VCS ONE HA/DR 5.0 UNX P SVR TIER K STD LIC B;;;;79;;
1;3;2094;1;58064,979;47207,3;REW VCS ONE HA/DR 5.0 UNX P SVR TIER K STD LIC D;20086375;;REW VCS ONE HA/DR 5.0 UNX P SVR TIER K STD LIC D;REW VCS ONE HA/DR 5.0 UNX P SVR TIER K STD LIC D;REW VCS ONE HA/DR 5.0 UNX P SVR TIER K STD LIC D;REW VCS ONE HA/DR 5.0 UNX P SVR TIER K STD LIC D;;;;79;;
1;3;2094;1;13459,4595;10942,65;REW VCS ONE HA/DR 5.0 UNX SVR TIER K INITIAL BAS E;20086376;;REW VCS ONE HA/DR 5.0 UNX SVR TIER K INITIAL BAS E;REW VCS ONE HA/DR 5.0 UNX SVR TIER K INITIAL BAS E;REW VCS ONE HA/DR 5.0 UNX SVR TIER K INITIAL BAS E;REW VCS ONE HA/DR 5.0 UNX SVR TIER K INITIAL BAS E;;;;79;;
1;3;2094;1;18592,6308;15115,96;REW VCS ONE HA/DR 5.0 UNX SVR TIER K INITIAL ESS B;20086377;;REW VCS ONE HA/DR 5.0 UNX SVR TIER K INITIAL ESS B;REW VCS ONE HA/DR 5.0 UNX SVR TIER K INITIAL ESS B;REW VCS ONE HA/DR 5.0 UNX SVR TIER K INITIAL ESS B;REW VCS ONE HA/DR 5.0 UNX SVR TIER K INITIAL ESS B;;;;79;;
1;3;2094;1;31600,9386;25691,82;REW VCS ONE HA/DR 5.0 UNX P SVR TIER G STD LIC C;20086380;;REW VCS ONE HA/DR 5.0 UNX P SVR TIER G STD LIC C;REW VCS ONE HA/DR 5.0 UNX P SVR TIER G STD LIC C;REW VCS ONE HA/DR 5.0 UNX P SVR TIER G STD LIC C;REW VCS ONE HA/DR 5.0 UNX P SVR TIER G STD LIC C;;;;79;;
1;3;2094;1;7523,0613;6116,31;REW VCS ONE HA/DR 5.0 UNX SVR TIER G INITIAL BAS C;20086381;;REW VCS ONE HA/DR 5.0 UNX SVR TIER G INITIAL BAS C;REW VCS ONE HA/DR 5.0 UNX SVR TIER G INITIAL BAS C;REW VCS ONE HA/DR 5.0 UNX SVR TIER G INITIAL BAS C;REW VCS ONE HA/DR 5.0 UNX SVR TIER G INITIAL BAS C;;;;79;;
1;3;2094;1;7918,9983;6438,21;AE VCS ONE HA/DR5.0 UNX P SVR TIER G INITIAL BAS S;20086382;;AE VCS ONE HA/DR5.0 UNX P SVR TIER G INITIAL BAS S;AE VCS ONE HA/DR5.0 UNX P SVR TIER G INITIAL BAS S;AE VCS ONE HA/DR5.0 UNX P SVR TIER G INITIAL BAS S;AE VCS ONE HA/DR5.0 UNX P SVR TIER G INITIAL BAS S;;;;79;;
1;3;2094;1;10118,7426;8226,62;REW VCS ONE HA/DR 5.0 UNX SVR TIER G INITIAL ESS A;20086383;;REW VCS ONE HA/DR 5.0 UNX SVR TIER G INITIAL ESS A;REW VCS ONE HA/DR 5.0 UNX SVR TIER G INITIAL ESS A;REW VCS ONE HA/DR 5.0 UNX SVR TIER G INITIAL ESS A;REW VCS ONE HA/DR 5.0 UNX SVR TIER G INITIAL ESS A;;;;79;;
1;3;2094;1;41603,4585;33823,95;REW VCS ONE HA/DR 5.0 UNX P SVR TIER H STD LIC A;20086386;;REW VCS ONE HA/DR 5.0 UNX P SVR TIER H STD LIC A;REW VCS ONE HA/DR 5.0 UNX P SVR TIER H STD LIC A;REW VCS ONE HA/DR 5.0 UNX P SVR TIER H STD LIC A;REW VCS ONE HA/DR 5.0 UNX P SVR TIER H STD LIC A;;;;79;;
1;3;2094;1;12655,5192;10289,04;GOV VCS ONE HA/DR 5.0 UNX TIER H ESS 12MO S;20086387;;GOV VCS ONE HA/DR 5.0 UNX TIER H ESS 12MO S;GOV VCS ONE HA/DR 5.0 UNX TIER H ESS 12MO S;GOV VCS ONE HA/DR 5.0 UNX TIER H ESS 12MO S;GOV VCS ONE HA/DR 5.0 UNX TIER H ESS 12MO S;;;;79;;
1;3;2094;1;13896,8967;11298,29;REW VCS ONE HA/DR 5.0 UNX SVR TIER J INITIAL ESS A;20086390;;REW VCS ONE HA/DR 5.0 UNX SVR TIER J INITIAL ESS A;REW VCS ONE HA/DR 5.0 UNX SVR TIER J INITIAL ESS A;REW VCS ONE HA/DR 5.0 UNX SVR TIER J INITIAL ESS A;REW VCS ONE HA/DR 5.0 UNX SVR TIER J INITIAL ESS A;;;;79;;
1;3;2094;1;2690,6619;2187,53;REW VCS ONE HA/DR 5.0 UNX SVR TIER C INITIAL ESS D;20086391;;REW VCS ONE HA/DR 5.0 UNX SVR TIER C INITIAL ESS D;REW VCS ONE HA/DR 5.0 UNX SVR TIER C INITIAL ESS D;REW VCS ONE HA/DR 5.0 UNX SVR TIER C INITIAL ESS D;REW VCS ONE HA/DR 5.0 UNX SVR TIER C INITIAL ESS D;;;;79;;
1;3;2094;1;16839,2043;13690,41;REW VCS ONE HA/DR 5.0 UNX SVR TIER L INITIAL BAS E;20086398;;REW VCS ONE HA/DR 5.0 UNX SVR TIER L INITIAL BAS E;REW VCS ONE HA/DR 5.0 UNX SVR TIER L INITIAL BAS E;REW VCS ONE HA/DR 5.0 UNX SVR TIER L INITIAL BAS E;REW VCS ONE HA/DR 5.0 UNX SVR TIER L INITIAL BAS E;;;;79;;
1;3;2094;1;18204,5289;14800,43;EXP VCS ONE HA/DR 5 UNX P SVR TIER L INITIAL BAS S;20086399;;EXP VCS ONE HA/DR 5 UNX P SVR TIER L INITIAL BAS S;EXP VCS ONE HA/DR 5 UNX P SVR TIER L INITIAL BAS S;EXP VCS ONE HA/DR 5 UNX P SVR TIER L INITIAL BAS S;EXP VCS ONE HA/DR 5 UNX P SVR TIER L INITIAL BAS S;;;;79;;
1;3;2094;1;22098,2907;17966,09;REW VCS ONE HA/DR 5.0 UNX SVR TIER L INITIAL ESS D;20086400;;REW VCS ONE HA/DR 5.0 UNX SVR TIER L INITIAL ESS D;REW VCS ONE HA/DR 5.0 UNX SVR TIER L INITIAL ESS D;REW VCS ONE HA/DR 5.0 UNX SVR TIER L INITIAL ESS D;REW VCS ONE HA/DR 5.0 UNX SVR TIER L INITIAL ESS D;;;;79;;
1;3;2094;1;23261,3541;18911,67;EXP VCS ONE HA/DR 5 UNX P SVR TIER L INITIAL ESS S;20086401;;EXP VCS ONE HA/DR 5 UNX P SVR TIER L INITIAL ESS S;EXP VCS ONE HA/DR 5 UNX P SVR TIER L INITIAL ESS S;EXP VCS ONE HA/DR 5 UNX P SVR TIER L INITIAL ESS S;EXP VCS ONE HA/DR 5 UNX P SVR TIER L INITIAL ESS S;;;;79;;
1;3;2094;1;22175,1288;18028,56;EXP VCS ONE HA/DR 5 UNX P SVR TIER M INITIAL BAS S;20086403;;EXP VCS ONE HA/DR 5 UNX P SVR TIER M INITIAL BAS S;EXP VCS ONE HA/DR 5 UNX P SVR TIER M INITIAL BAS S;EXP VCS ONE HA/DR 5 UNX P SVR TIER M INITIAL BAS S;EXP VCS ONE HA/DR 5 UNX P SVR TIER M INITIAL BAS S;;;;79;;
1;3;2094;1;22175,1288;18028,56;AE VCS ONE HA/DR5.0 UNX P SVR TIER M INITIAL BAS S;20086404;;AE VCS ONE HA/DR5.0 UNX P SVR TIER M INITIAL BAS S;AE VCS ONE HA/DR5.0 UNX P SVR TIER M INITIAL BAS S;AE VCS ONE HA/DR5.0 UNX P SVR TIER M INITIAL BAS S;AE VCS ONE HA/DR5.0 UNX P SVR TIER M INITIAL BAS S;;;;79;;
1;3;2094;1;31600,0653;25691,11;REW VCS ONE HA/DR 5.0 UNX SVR TIER N INITIAL BAS C;20086410;;REW VCS ONE HA/DR 5.0 UNX SVR TIER N INITIAL BAS C;REW VCS ONE HA/DR 5.0 UNX SVR TIER N INITIAL BAS C;REW VCS ONE HA/DR 5.0 UNX SVR TIER N INITIAL BAS C;REW VCS ONE HA/DR 5.0 UNX SVR TIER N INITIAL BAS C;;;;79;;
1;3;2094;1;5318,5323;4324,01;REW CLST ONE HA/DR 5.0 WIN ENT PER SVR STD LIC A;20086418;;REW CLST ONE HA/DR 5.0 WIN ENT PER SVR STD LIC A;REW CLST ONE HA/DR 5.0 WIN ENT PER SVR STD LIC A;REW CLST ONE HA/DR 5.0 WIN ENT PER SVR STD LIC A;REW CLST ONE HA/DR 5.0 WIN ENT PER SVR STD LIC A;;;;79;;
1;3;2094;1;5052,6186;4107,82;REW CLST ONE HA/DR 5.0 WIN ENT PER SVR STD LIC D;20086419;;REW CLST ONE HA/DR 5.0 WIN ENT PER SVR STD LIC D;REW CLST ONE HA/DR 5.0 WIN ENT PER SVR STD LIC D;REW CLST ONE HA/DR 5.0 WIN ENT PER SVR STD LIC D;REW CLST ONE HA/DR 5.0 WIN ENT PER SVR STD LIC D;;;;79;;
1;3;2094;1;5318,5323;4324,01;GOV CLST ONE HA/DR 5.0 WIN ENT PER SVR STD LIC S;20086420;;GOV CLST ONE HA/DR 5.0 WIN ENT PER SVR STD LIC S;GOV CLST ONE HA/DR 5.0 WIN ENT PER SVR STD LIC S;GOV CLST ONE HA/DR 5.0 WIN ENT PER SVR STD LIC S;GOV CLST ONE HA/DR 5.0 WIN ENT PER SVR STD LIC S;;;;79;;
1;3;2094;1;1536,9834;1249,58;REW CLST ONE HA/DR 5.0 WIN ENT PER SVR ESS D;20086421;;REW CLST ONE HA/DR 5.0 WIN ENT PER SVR ESS D;REW CLST ONE HA/DR 5.0 WIN ENT PER SVR ESS D;REW CLST ONE HA/DR 5.0 WIN ENT PER SVR ESS D;REW CLST ONE HA/DR 5.0 WIN ENT PER SVR ESS D;;;;79;;
1;3;2094;1;1496,5287;1216,69;REW CLST ONE HA/DR 5.0 WIN ENT PER SVR ESS E;20086422;;REW CLST ONE HA/DR 5.0 WIN ENT PER SVR ESS E;REW CLST ONE HA/DR 5.0 WIN ENT PER SVR ESS E;REW CLST ONE HA/DR 5.0 WIN ENT PER SVR ESS E;REW CLST ONE HA/DR 5.0 WIN ENT PER SVR ESS E;;;;79;;
1;3;2094;1;14767,1586;12005,82;REW CLST ONE HA/DR 5.0 WIN DATACNTR ED STD LIC E;20086425;;REW CLST ONE HA/DR 5.0 WIN DATACNTR ED STD LIC E;REW CLST ONE HA/DR 5.0 WIN DATACNTR ED STD LIC E;REW CLST ONE HA/DR 5.0 WIN DATACNTR ED STD LIC E;REW CLST ONE HA/DR 5.0 WIN DATACNTR ED STD LIC E;;;;79;;
1;3;2094;1;3800,577;3089,9;EXP CLST ONE HA/DR 5.0 WIN DATACNTR SVR BAS S;20086426;;EXP CLST ONE HA/DR 5.0 WIN DATACNTR SVR BAS S;EXP CLST ONE HA/DR 5.0 WIN DATACNTR SVR BAS S;EXP CLST ONE HA/DR 5.0 WIN DATACNTR SVR BAS S;EXP CLST ONE HA/DR 5.0 WIN DATACNTR SVR BAS S;;;;79;;
1;3;2094;1;1202,8539;977,93;REW CLST ONE HA/DR 5.0 WIN ENT PER SVR BAS D;20086427;;REW CLST ONE HA/DR 5.0 WIN ENT PER SVR BAS D;REW CLST ONE HA/DR 5.0 WIN ENT PER SVR BAS D;REW CLST ONE HA/DR 5.0 WIN ENT PER SVR BAS D;REW CLST ONE HA/DR 5.0 WIN ENT PER SVR BAS D;;;;79;;
1;3;2094;1;1266,1497;1029,39;GOV CLST ONE HA/DR 5.0 WIN ENT PER SVR BAS S;20086428;;GOV CLST ONE HA/DR 5.0 WIN ENT PER SVR BAS S;GOV CLST ONE HA/DR 5.0 WIN ENT PER SVR BAS S;GOV CLST ONE HA/DR 5.0 WIN ENT PER SVR BAS S;GOV CLST ONE HA/DR 5.0 WIN ENT PER SVR BAS S;;;;79;;
1;3;2094;1;1617,8682;1315,34;REW CLST ONE HA/DR 5.0 WIN ENT PER SVR ESS A;20086429;;REW CLST ONE HA/DR 5.0 WIN ENT PER SVR ESS A;REW CLST ONE HA/DR 5.0 WIN ENT PER SVR ESS A;REW CLST ONE HA/DR 5.0 WIN ENT PER SVR ESS A;REW CLST ONE HA/DR 5.0 WIN ENT PER SVR ESS A;;;;79;;
1;3;2094;1;1536,9834;1249,58;REW CLST ONE HA/DR 5.0 WIN ENT PER SVR ESS C;20086430;;REW CLST ONE HA/DR 5.0 WIN ENT PER SVR ESS C;REW CLST ONE HA/DR 5.0 WIN ENT PER SVR ESS C;REW CLST ONE HA/DR 5.0 WIN ENT PER SVR ESS C;REW CLST ONE HA/DR 5.0 WIN ENT PER SVR ESS C;;;;79;;
1;3;2094;1;3800,577;3089,9;REW CLST ONE HA/DR 5.0 WIN DATACNTR ED SVR BAS A;20086432;;REW CLST ONE HA/DR 5.0 WIN DATACNTR ED SVR BAS A;REW CLST ONE HA/DR 5.0 WIN DATACNTR ED SVR BAS A;REW CLST ONE HA/DR 5.0 WIN DATACNTR ED SVR BAS A;REW CLST ONE HA/DR 5.0 WIN DATACNTR ED SVR BAS A;;;;79;;
1;3;2094;1;3800,577;3089,9;REW CLST ONE HA/DR 5.0 WIN DATACNTR ED SVR BAS B;20086433;;REW CLST ONE HA/DR 5.0 WIN DATACNTR ED SVR BAS B;REW CLST ONE HA/DR 5.0 WIN DATACNTR ED SVR BAS B;REW CLST ONE HA/DR 5.0 WIN DATACNTR ED SVR BAS B;REW CLST ONE HA/DR 5.0 WIN DATACNTR ED SVR BAS B;;;;79;;
1;3;2094;1;3610,542;2935,4;REW CLST ONE HA/DR 5.0 WIN DATACNTR ED SVR BAS C;20086434;;REW CLST ONE HA/DR 5.0 WIN DATACNTR ED SVR BAS C;REW CLST ONE HA/DR 5.0 WIN DATACNTR ED SVR BAS C;REW CLST ONE HA/DR 5.0 WIN DATACNTR ED SVR BAS C;REW CLST ONE HA/DR 5.0 WIN DATACNTR ED SVR BAS C;;;;79;;
1;3;2094;1;4209,8103;3422,61;REW CLST ONE HA/DR 5.0 WIN STD PER SVR STD LIC D;20086439;;REW CLST ONE HA/DR 5.0 WIN STD PER SVR STD LIC D;REW CLST ONE HA/DR 5.0 WIN STD PER SVR STD LIC D;REW CLST ONE HA/DR 5.0 WIN STD PER SVR STD LIC D;REW CLST ONE HA/DR 5.0 WIN STD PER SVR STD LIC D;;;;79;;
1;3;2094;1;1054,9464;857,68;REW CLST ONE HA/DR 5.0 WIN STD PER SVR BAS B;20086440;;REW CLST ONE HA/DR 5.0 WIN STD PER SVR BAS B;REW CLST ONE HA/DR 5.0 WIN STD PER SVR BAS B;REW CLST ONE HA/DR 5.0 WIN STD PER SVR BAS B;REW CLST ONE HA/DR 5.0 WIN STD PER SVR BAS B;;;;79;;
1;3;2094;1;1054,9464;857,68;GOV CLST ONE HA/DR 5.0 WIN STD PER SVR BAS S;20086442;;GOV CLST ONE HA/DR 5.0 WIN STD PER SVR BAS S;GOV CLST ONE HA/DR 5.0 WIN STD PER SVR BAS S;GOV CLST ONE HA/DR 5.0 WIN STD PER SVR BAS S;GOV CLST ONE HA/DR 5.0 WIN STD PER SVR BAS S;;;;79;;
1;3;2094;1;5318,5323;4324,01;AE CLST SVR ONE HA/DR 5.0 WIN ENT PER SVR STD LIC S;20086444;;AE CLST SVR ONE HA/DR 5.0 WIN ENT PER SVR STD LIC S;AE CLST SVR ONE HA/DR 5.0 WIN ENT PER SVR STD LIC S;AE CLST SVR ONE HA/DR 5.0 WIN ENT PER SVR STD LIC S;AE CLST SVR ONE HA/DR 5.0 WIN ENT PER SVR STD LIC S;;;;79;;
1;3;2094;1;1202,8539;977,93;REW CLST ONE HA/DR 5.0 WIN ENT PER SVR BAS C;20086445;;REW CLST ONE HA/DR 5.0 WIN ENT PER SVR BAS C;REW CLST ONE HA/DR 5.0 WIN ENT PER SVR BAS C;REW CLST ONE HA/DR 5.0 WIN ENT PER SVR BAS C;REW CLST ONE HA/DR 5.0 WIN ENT PER SVR BAS C;;;;79;;
1;3;2094;1;3610,542;2935,4;REW CLST ONE HA/DR 5.0 WIN DATACNTR ED SVR BAS D;20086451;;REW CLST ONE HA/DR 5.0 WIN DATACNTR ED SVR BAS D;REW CLST ONE HA/DR 5.0 WIN DATACNTR ED SVR BAS D;REW CLST ONE HA/DR 5.0 WIN DATACNTR ED SVR BAS D;REW CLST ONE HA/DR 5.0 WIN DATACNTR ED SVR BAS D;;;;79;;
1;3;2094;1;3800,577;3089,9;AE CLST SVR ONE HA/DR 5.0 WIN DATACNTR SVR BAS S;20086452;;AE CLST SVR ONE HA/DR 5.0 WIN DATACNTR SVR BAS S;AE CLST SVR ONE HA/DR 5.0 WIN DATACNTR SVR BAS S;AE CLST SVR ONE HA/DR 5.0 WIN DATACNTR SVR BAS S;AE CLST SVR ONE HA/DR 5.0 WIN DATACNTR SVR BAS S;;;;79;;
1;3;2094;1;4856,2983;3948,21;AE CLST SVR ONE HA/DR 5.0 WIN DATACNTR SVR ESS S;20086453;;AE CLST SVR ONE HA/DR 5.0 WIN DATACNTR SVR ESS S;AE CLST SVR ONE HA/DR 5.0 WIN DATACNTR SVR ESS S;AE CLST SVR ONE HA/DR 5.0 WIN DATACNTR SVR ESS S;AE CLST SVR ONE HA/DR 5.0 WIN DATACNTR SVR ESS S;;;;79;;
1;3;2094;1;975,8328;793,36;REW CLST ONE HA/DR 5.0 WIN STD PER SVR BAS E;20086456;;REW CLST ONE HA/DR 5.0 WIN STD PER SVR BAS E;REW CLST ONE HA/DR 5.0 WIN STD PER SVR BAS E;REW CLST ONE HA/DR 5.0 WIN STD PER SVR BAS E;REW CLST ONE HA/DR 5.0 WIN STD PER SVR BAS E;;;;79;;
1;3;2094;1;1054,9464;857,68;AE CLST SVR ONE HA/DR 5.0 WIN STD PER SVR BAS S;20086457;;AE CLST SVR ONE HA/DR 5.0 WIN STD PER SVR BAS S;AE CLST SVR ONE HA/DR 5.0 WIN STD PER SVR BAS S;AE CLST SVR ONE HA/DR 5.0 WIN STD PER SVR BAS S;AE CLST SVR ONE HA/DR 5.0 WIN STD PER SVR BAS S;;;;79;;
1;3;2094;1;4856,2983;3948,21;REW CLST ONE HA/DR 5.0 WIN DATACNTR ED SVR ESS A;20086460;;REW CLST ONE HA/DR 5.0 WIN DATACNTR ED SVR ESS A;REW CLST ONE HA/DR 5.0 WIN DATACNTR ED SVR ESS A;REW CLST ONE HA/DR 5.0 WIN DATACNTR ED SVR ESS A;REW CLST ONE HA/DR 5.0 WIN DATACNTR ED SVR ESS A;;;;79;;
1;3;2094;1;1002,2163;814,81;REW CLST ONE HA/DR 5.0 WIN STD PER SVR BAS D;20086463;;REW CLST ONE HA/DR 5.0 WIN STD PER SVR BAS D;REW CLST ONE HA/DR 5.0 WIN STD PER SVR BAS D;REW CLST ONE HA/DR 5.0 WIN STD PER SVR BAS D;REW CLST ONE HA/DR 5.0 WIN STD PER SVR BAS D;;;;79;;
1;3;2094;1;1347,9939;1095,93;GOV CLST ONE HA/DR 5.0 WIN STD PER SVR ESS S;20086465;;GOV CLST ONE HA/DR 5.0 WIN STD PER SVR ESS S;GOV CLST ONE HA/DR 5.0 WIN STD PER SVR ESS S;GOV CLST ONE HA/DR 5.0 WIN STD PER SVR ESS S;GOV CLST ONE HA/DR 5.0 WIN STD PER SVR ESS S;;;;79;;
1;3;2094;1;1617,8682;1315,34;REW CLST ONE HA/DR 5.0 WIN ENT PER SVR ESS B;20086469;;REW CLST ONE HA/DR 5.0 WIN ENT PER SVR ESS B;REW CLST ONE HA/DR 5.0 WIN ENT PER SVR ESS B;REW CLST ONE HA/DR 5.0 WIN ENT PER SVR ESS B;REW CLST ONE HA/DR 5.0 WIN ENT PER SVR ESS B;;;;79;;
1;3;2094;1;1617,8682;1315,34;GOV CLST ONE HA/DR 5.0 WIN ENT PER SVR ESS S;20086470;;GOV CLST ONE HA/DR 5.0 WIN ENT PER SVR ESS S;GOV CLST ONE HA/DR 5.0 WIN ENT PER SVR ESS S;GOV CLST ONE HA/DR 5.0 WIN ENT PER SVR ESS S;GOV CLST ONE HA/DR 5.0 WIN ENT PER SVR ESS S;;;;79;;
1;3;2094;1;1617,8682;1315,34;AE CLST SVR ONE HA/DR 5.0 WIN ENT PER SVR ESS S;20086471;;AE CLST SVR ONE HA/DR 5.0 WIN ENT PER SVR ESS S;AE CLST SVR ONE HA/DR 5.0 WIN ENT PER SVR ESS S;AE CLST SVR ONE HA/DR 5.0 WIN ENT PER SVR ESS S;AE CLST SVR ONE HA/DR 5.0 WIN ENT PER SVR ESS S;;;;79;;
1;3;2094;1;15166,2567;12330,29;REW CLST ONE HA/DR 5.0 WIN DATACNTR ED STD LIC D;20086475;;REW CLST ONE HA/DR 5.0 WIN DATACNTR ED STD LIC D;REW CLST ONE HA/DR 5.0 WIN DATACNTR ED STD LIC D;REW CLST ONE HA/DR 5.0 WIN DATACNTR ED STD LIC D;REW CLST ONE HA/DR 5.0 WIN DATACNTR ED STD LIC D;;;;79;;
1;3;2094;1;3515,5368;2858,16;REW CLST ONE HA/DR 5.0 WIN DATACNTR ED SVR BAS E;20086477;;REW CLST ONE HA/DR 5.0 WIN DATACNTR ED SVR BAS E;REW CLST ONE HA/DR 5.0 WIN DATACNTR ED SVR BAS E;REW CLST ONE HA/DR 5.0 WIN DATACNTR ED SVR BAS E;REW CLST ONE HA/DR 5.0 WIN DATACNTR ED SVR BAS E;;;;79;;
1;3;2094;1;3800,577;3089,9;GOV CLST ONE HA/DR 5.0 WIN DATACNTR ED SVR BAS S;20086479;;GOV CLST ONE HA/DR 5.0 WIN DATACNTR ED SVR BAS S;GOV CLST ONE HA/DR 5.0 WIN DATACNTR ED SVR BAS S;GOV CLST ONE HA/DR 5.0 WIN DATACNTR ED SVR BAS S;GOV CLST ONE HA/DR 5.0 WIN DATACNTR ED SVR BAS S;;;;79;;
1;3;2094;1;4209,8103;3422,61;REW CLST ONE HA/DR 5.0 WIN STD PER SVR STD LIC C;20086483;;REW CLST ONE HA/DR 5.0 WIN STD PER SVR STD LIC C;REW CLST ONE HA/DR 5.0 WIN STD PER SVR STD LIC C;REW CLST ONE HA/DR 5.0 WIN STD PER SVR STD LIC C;REW CLST ONE HA/DR 5.0 WIN STD PER SVR STD LIC C;;;;79;;
1;3;2094;1;1280,6022;1041,14;REW CLST ONE HA/DR 5.0 WIN STD PER SVR ESS D;20086484;;REW CLST ONE HA/DR 5.0 WIN STD PER SVR ESS D;REW CLST ONE HA/DR 5.0 WIN STD PER SVR ESS D;REW CLST ONE HA/DR 5.0 WIN STD PER SVR ESS D;REW CLST ONE HA/DR 5.0 WIN STD PER SVR ESS D;;;;79;;
1;3;2094;1;5052,6186;4107,82;REW CLST ONE HA/DR 5.0 WIN ENT PER SVR STD LIC C;20086487;;REW CLST ONE HA/DR 5.0 WIN ENT PER SVR STD LIC C;REW CLST ONE HA/DR 5.0 WIN ENT PER SVR STD LIC C;REW CLST ONE HA/DR 5.0 WIN ENT PER SVR STD LIC C;REW CLST ONE HA/DR 5.0 WIN ENT PER SVR STD LIC C;;;;79;;
1;3;2094;1;5318,5323;4324,01;EXP CLST ONE HA/DR 5.0 WIN ENT PER SVR STD LIC S;20086488;;EXP CLST ONE HA/DR 5.0 WIN ENT PER SVR STD LIC S;EXP CLST ONE HA/DR 5.0 WIN ENT PER SVR STD LIC S;EXP CLST ONE HA/DR 5.0 WIN ENT PER SVR STD LIC S;EXP CLST ONE HA/DR 5.0 WIN ENT PER SVR STD LIC S;;;;79;;
1;3;2094;1;1266,1497;1029,39;REW CLST ONE HA/DR 5.0 WIN ENT PER SVR BAS B;20086489;;REW CLST ONE HA/DR 5.0 WIN ENT PER SVR BAS B;REW CLST ONE HA/DR 5.0 WIN ENT PER SVR BAS B;REW CLST ONE HA/DR 5.0 WIN ENT PER SVR BAS B;REW CLST ONE HA/DR 5.0 WIN ENT PER SVR BAS B;;;;79;;
1;3;2094;1;1171,206;952,2;REW CLST ONE HA/DR 5.0 WIN ENT PER SVR BAS E;20086490;;REW CLST ONE HA/DR 5.0 WIN ENT PER SVR BAS E;REW CLST ONE HA/DR 5.0 WIN ENT PER SVR BAS E;REW CLST ONE HA/DR 5.0 WIN ENT PER SVR BAS E;REW CLST ONE HA/DR 5.0 WIN ENT PER SVR BAS E;;;;79;;
1;3;2094;1;1266,1497;1029,39;EXP CLST ONE HA/DR 5.0 WIN ENT PER SVR BAS S;20086491;;EXP CLST ONE HA/DR 5.0 WIN ENT PER SVR BAS S;EXP CLST ONE HA/DR 5.0 WIN ENT PER SVR BAS S;EXP CLST ONE HA/DR 5.0 WIN ENT PER SVR BAS S;EXP CLST ONE HA/DR 5.0 WIN ENT PER SVR BAS S;;;;79;;
1;3;2094;1;15166,2567;12330,29;REW CLST ONE HA/DR 5.0 WIN DATACNTR ED STD LIC C;20086495;;REW CLST ONE HA/DR 5.0 WIN DATACNTR ED STD LIC C;REW CLST ONE HA/DR 5.0 WIN DATACNTR ED STD LIC C;REW CLST ONE HA/DR 5.0 WIN DATACNTR ED STD LIC C;REW CLST ONE HA/DR 5.0 WIN DATACNTR ED STD LIC C;;;;79;;
1;3;2094;1;1054,9464;857,68;REW CLST ONE HA/DR 5.0 WIN STD PER SVR BAS A;20086497;;REW CLST ONE HA/DR 5.0 WIN STD PER SVR BAS A;REW CLST ONE HA/DR 5.0 WIN STD PER SVR BAS A;REW CLST ONE HA/DR 5.0 WIN STD PER SVR BAS A;REW CLST ONE HA/DR 5.0 WIN STD PER SVR BAS A;;;;79;;
1;3;2094;1;1002,2163;814,81;REW CLST ONE HA/DR 5.0 WIN STD PER SVR BAS C;20086498;;REW CLST ONE HA/DR 5.0 WIN STD PER SVR BAS C;REW CLST ONE HA/DR 5.0 WIN STD PER SVR BAS C;REW CLST ONE HA/DR 5.0 WIN STD PER SVR BAS C;REW CLST ONE HA/DR 5.0 WIN STD PER SVR BAS C;;;;79;;
1;3;2094;1;1280,6022;1041,14;REW CLST ONE HA/DR 5.0 WIN STD PER SVR ESS C;20086500;;REW CLST ONE HA/DR 5.0 WIN STD PER SVR ESS C;REW CLST ONE HA/DR 5.0 WIN STD PER SVR ESS C;REW CLST ONE HA/DR 5.0 WIN STD PER SVR ESS C;REW CLST ONE HA/DR 5.0 WIN STD PER SVR ESS C;;;;79;;
1;3;2094;1;1617,8682;1315,34;EXP CLST ONE HA/DR 5.0 WIN ENT PER SVR ESS S;20086504;;EXP CLST ONE HA/DR 5.0 WIN ENT PER SVR ESS S;EXP CLST ONE HA/DR 5.0 WIN ENT PER SVR ESS S;EXP CLST ONE HA/DR 5.0 WIN ENT PER SVR ESS S;EXP CLST ONE HA/DR 5.0 WIN ENT PER SVR ESS S;;;;79;;
1;3;2094;1;15964,4775;12979,25;REW CLST ONE HA/DR 5.0 WIN DATACNTR ED STD LIC A;20086506;;REW CLST ONE HA/DR 5.0 WIN DATACNTR ED STD LIC A;REW CLST ONE HA/DR 5.0 WIN DATACNTR ED STD LIC A;REW CLST ONE HA/DR 5.0 WIN DATACNTR ED STD LIC A;REW CLST ONE HA/DR 5.0 WIN DATACNTR ED STD LIC A;;;;79;;
1;3;2094;1;4613,484;3750,8;REW CLST ONE HA/DR 5.0 WIN DATACNTR ED SVR ESS D;20086507;;REW CLST ONE HA/DR 5.0 WIN DATACNTR ED SVR ESS D;REW CLST ONE HA/DR 5.0 WIN DATACNTR ED SVR ESS D;REW CLST ONE HA/DR 5.0 WIN DATACNTR ED SVR ESS D;REW CLST ONE HA/DR 5.0 WIN DATACNTR ED SVR ESS D;;;;79;;
1;3;2094;1;4856,2983;3948,21;EXP CLST ONE HA/DR 5.0 WIN DATACNTR SVR ESS S;20086508;;EXP CLST ONE HA/DR 5.0 WIN DATACNTR SVR ESS S;EXP CLST ONE HA/DR 5.0 WIN DATACNTR SVR ESS S;EXP CLST ONE HA/DR 5.0 WIN DATACNTR SVR ESS S;EXP CLST ONE HA/DR 5.0 WIN DATACNTR SVR ESS S;;;;79;;
1;3;2094;1;4431,3702;3602,74;REW CLST ONE HA/DR 5.0 WIN STD PER SVR STD LIC B;20086513;;REW CLST ONE HA/DR 5.0 WIN STD PER SVR STD LIC B;REW CLST ONE HA/DR 5.0 WIN STD PER SVR STD LIC B;REW CLST ONE HA/DR 5.0 WIN STD PER SVR STD LIC B;REW CLST ONE HA/DR 5.0 WIN STD PER SVR STD LIC B;;;;79;;
1;3;2094;1;4099,0365;3332,55;REW CLST ONE HA/DR 5.0 WIN STD PER SVR STD LIC E;20086514;;REW CLST ONE HA/DR 5.0 WIN STD PER SVR STD LIC E;REW CLST ONE HA/DR 5.0 WIN STD PER SVR STD LIC E;REW CLST ONE HA/DR 5.0 WIN STD PER SVR STD LIC E;REW CLST ONE HA/DR 5.0 WIN STD PER SVR STD LIC E;;;;79;;
1;3;2094;1;4431,3702;3602,74;EXP CLST ONE HA/DR 5.0 WIN STD PER SVR STD LIC S;20086515;;EXP CLST ONE HA/DR 5.0 WIN STD PER SVR STD LIC S;EXP CLST ONE HA/DR 5.0 WIN STD PER SVR STD LIC S;EXP CLST ONE HA/DR 5.0 WIN STD PER SVR STD LIC S;EXP CLST ONE HA/DR 5.0 WIN STD PER SVR STD LIC S;;;;79;;
1;3;2094;1;1347,9939;1095,93;REW CLST ONE HA/DR 5.0 WIN STD PER SVR ESS B;20086516;;REW CLST ONE HA/DR 5.0 WIN STD PER SVR ESS B;REW CLST ONE HA/DR 5.0 WIN STD PER SVR ESS B;REW CLST ONE HA/DR 5.0 WIN STD PER SVR ESS B;REW CLST ONE HA/DR 5.0 WIN STD PER SVR ESS B;;;;79;;
1;3;2094;1;1347,9939;1095,93;AE CLST SVR ONE HA/DR 5.0 WIN STD PER SVR ESS S;20086517;;AE CLST SVR ONE HA/DR 5.0 WIN STD PER SVR ESS S;AE CLST SVR ONE HA/DR 5.0 WIN STD PER SVR ESS S;AE CLST SVR ONE HA/DR 5.0 WIN STD PER SVR ESS S;AE CLST SVR ONE HA/DR 5.0 WIN STD PER SVR ESS S;;;;79;;
1;3;2094;1;5318,5323;4324,01;REW CLST ONE HA/DR 5.0 WIN ENT PER SVR STD LIC B;20086521;;REW CLST ONE HA/DR 5.0 WIN ENT PER SVR STD LIC B;REW CLST ONE HA/DR 5.0 WIN ENT PER SVR STD LIC B;REW CLST ONE HA/DR 5.0 WIN ENT PER SVR STD LIC B;REW CLST ONE HA/DR 5.0 WIN ENT PER SVR STD LIC B;;;;79;;
1;3;2094;1;4919,6556;3999,72;REW CLST ONE HA/DR 5.0 WIN ENT PER SVR STD LIC E;20086522;;REW CLST ONE HA/DR 5.0 WIN ENT PER SVR STD LIC E;REW CLST ONE HA/DR 5.0 WIN ENT PER SVR STD LIC E;REW CLST ONE HA/DR 5.0 WIN ENT PER SVR STD LIC E;REW CLST ONE HA/DR 5.0 WIN ENT PER SVR STD LIC E;;;;79;;
1;3;2094;1;1266,1497;1029,39;REW CLST ONE HA/DR 5.0 WIN ENT PER SVR BAS A;20086523;;REW CLST ONE HA/DR 5.0 WIN ENT PER SVR BAS A;REW CLST ONE HA/DR 5.0 WIN ENT PER SVR BAS A;REW CLST ONE HA/DR 5.0 WIN ENT PER SVR BAS A;REW CLST ONE HA/DR 5.0 WIN ENT PER SVR BAS A;;;;79;;
1;3;2094;1;15964,4775;12979,25;GOV CLST ONE HA/DR 5.0 WIN DATACNTR STD LIC S;20086526;;GOV CLST ONE HA/DR 5.0 WIN DATACNTR STD LIC S;GOV CLST ONE HA/DR 5.0 WIN DATACNTR STD LIC S;GOV CLST ONE HA/DR 5.0 WIN DATACNTR STD LIC S;GOV CLST ONE HA/DR 5.0 WIN DATACNTR STD LIC S;;;;79;;
1;3;2094;1;15964,4775;12979,25;EXP CLST ONE HA/DR 5.0 WIN DATACNTR SVR LIC S;20086527;;EXP CLST ONE HA/DR 5.0 WIN DATACNTR SVR LIC S;EXP CLST ONE HA/DR 5.0 WIN DATACNTR SVR LIC S;EXP CLST ONE HA/DR 5.0 WIN DATACNTR SVR LIC S;EXP CLST ONE HA/DR 5.0 WIN DATACNTR SVR LIC S;;;;79;;
1;3;2094;1;4856,2983;3948,21;REW CLST ONE HA/DR 5.0 WIN DATACNTR ED SVR ESS B;20086528;;REW CLST ONE HA/DR 5.0 WIN DATACNTR ED SVR ESS B;REW CLST ONE HA/DR 5.0 WIN DATACNTR ED SVR ESS B;REW CLST ONE HA/DR 5.0 WIN DATACNTR ED SVR ESS B;REW CLST ONE HA/DR 5.0 WIN DATACNTR ED SVR ESS B;;;;79;;
1;3;2094;1;4613,484;3750,8;REW CLST ONE HA/DR 5.0 WIN DATACNTR ED SVR ESS C;20086529;;REW CLST ONE HA/DR 5.0 WIN DATACNTR ED SVR ESS C;REW CLST ONE HA/DR 5.0 WIN DATACNTR ED SVR ESS C;REW CLST ONE HA/DR 5.0 WIN DATACNTR ED SVR ESS C;REW CLST ONE HA/DR 5.0 WIN DATACNTR ED SVR ESS C;;;;79;;
1;3;2094;1;4492,0707;3652,09;REW CLST ONE HA/DR 5.0 WIN DATACNTR ED SVR ESS E;20086530;;REW CLST ONE HA/DR 5.0 WIN DATACNTR ED SVR ESS E;REW CLST ONE HA/DR 5.0 WIN DATACNTR ED SVR ESS E;REW CLST ONE HA/DR 5.0 WIN DATACNTR ED SVR ESS E;REW CLST ONE HA/DR 5.0 WIN DATACNTR ED SVR ESS E;;;;79;;
1;3;2094;1;4431,3702;3602,74;REW CLST ONE HA/DR 5.0 WIN STD PER SVR STD LIC A;20086531;;REW CLST ONE HA/DR 5.0 WIN STD PER SVR STD LIC A;REW CLST ONE HA/DR 5.0 WIN STD PER SVR STD LIC A;REW CLST ONE HA/DR 5.0 WIN STD PER SVR STD LIC A;REW CLST ONE HA/DR 5.0 WIN STD PER SVR STD LIC A;;;;79;;
1;3;2094;1;4431,3702;3602,74;GOV CLST ONE HA/DR 5.0 WIN STD PER SVR STD LIC S;20086532;;GOV CLST ONE HA/DR 5.0 WIN STD PER SVR STD LIC S;GOV CLST ONE HA/DR 5.0 WIN STD PER SVR STD LIC S;GOV CLST ONE HA/DR 5.0 WIN STD PER SVR STD LIC S;GOV CLST ONE HA/DR 5.0 WIN STD PER SVR STD LIC S;;;;79;;
1;3;2094;1;4431,3702;3602,74;AE CLST SVR ONE HA/DR 5.0 WIN STD PER SVR STD LIC S;20086533;;AE CLST SVR ONE HA/DR 5.0 WIN STD PER SVR STD LIC S;AE CLST SVR ONE HA/DR 5.0 WIN STD PER SVR STD LIC S;AE CLST SVR ONE HA/DR 5.0 WIN STD PER SVR STD LIC S;AE CLST SVR ONE HA/DR 5.0 WIN STD PER SVR STD LIC S;;;;79;;
1;3;2094;1;1054,9464;857,68;EXP CLST ONE HA/DR 5.0 WIN STD PER SVR BAS S;20086534;;EXP CLST ONE HA/DR 5.0 WIN STD PER SVR BAS S;EXP CLST ONE HA/DR 5.0 WIN STD PER SVR BAS S;EXP CLST ONE HA/DR 5.0 WIN STD PER SVR BAS S;EXP CLST ONE HA/DR 5.0 WIN STD PER SVR BAS S;;;;79;;
1;3;2094;1;1246,9002;1013,74;REW CLST ONE HA/DR 5.0 WIN STD PER SVR ESS E;20086535;;REW CLST ONE HA/DR 5.0 WIN STD PER SVR ESS E;REW CLST ONE HA/DR 5.0 WIN STD PER SVR ESS E;REW CLST ONE HA/DR 5.0 WIN STD PER SVR ESS E;REW CLST ONE HA/DR 5.0 WIN STD PER SVR ESS E;;;;79;;
1;3;2094;1;1347,9939;1095,93;EXP CLST ONE HA/DR 5.0 WIN STD PER SVR ESS S;20086536;;EXP CLST ONE HA/DR 5.0 WIN STD PER SVR ESS S;EXP CLST ONE HA/DR 5.0 WIN STD PER SVR ESS S;EXP CLST ONE HA/DR 5.0 WIN STD PER SVR ESS S;EXP CLST ONE HA/DR 5.0 WIN STD PER SVR ESS S;;;;79;;
1;3;2094;1;1266,1497;1029,39;AE CLST SVR ONE HA/DR 5.0 WIN ENT PER SVR BAS S;20086537;;AE CLST SVR ONE HA/DR 5.0 WIN ENT PER SVR BAS S;AE CLST SVR ONE HA/DR 5.0 WIN ENT PER SVR BAS S;AE CLST SVR ONE HA/DR 5.0 WIN ENT PER SVR BAS S;AE CLST SVR ONE HA/DR 5.0 WIN ENT PER SVR BAS S;;;;79;;
1;3;2094;1;15964,4775;12979,25;REW CLST ONE HA/DR 5.0 WIN DATACNTR ED STD LIC B;20086540;;REW CLST ONE HA/DR 5.0 WIN DATACNTR ED STD LIC B;REW CLST ONE HA/DR 5.0 WIN DATACNTR ED STD LIC B;REW CLST ONE HA/DR 5.0 WIN DATACNTR ED STD LIC B;REW CLST ONE HA/DR 5.0 WIN DATACNTR ED STD LIC B;;;;79;;
1;3;2094;1;15964,4775;12979,25;AE CLST SVR ONE HA/DR 5.0 WIN DATACNTR SVR LIC S;20086541;;AE CLST SVR ONE HA/DR 5.0 WIN DATACNTR SVR LIC S;AE CLST SVR ONE HA/DR 5.0 WIN DATACNTR SVR LIC S;AE CLST SVR ONE HA/DR 5.0 WIN DATACNTR SVR LIC S;AE CLST SVR ONE HA/DR 5.0 WIN DATACNTR SVR LIC S;;;;79;;
1;3;2094;1;4856,2983;3948,21;GOV CLST ONE HA/DR 5.0 WIN DATACNTR ED SVR ESS S;20086542;;GOV CLST ONE HA/DR 5.0 WIN DATACNTR ED SVR ESS S;GOV CLST ONE HA/DR 5.0 WIN DATACNTR ED SVR ESS S;GOV CLST ONE HA/DR 5.0 WIN DATACNTR ED SVR ESS S;GOV CLST ONE HA/DR 5.0 WIN DATACNTR ED SVR ESS S;;;;79;;
1;3;2094;1;1347,9939;1095,93;REW CLST ONE HA/DR 5.0 WIN STD PER SVR ESS A;20086546;;REW CLST ONE HA/DR 5.0 WIN STD PER SVR ESS A;REW CLST ONE HA/DR 5.0 WIN STD PER SVR ESS A;REW CLST ONE HA/DR 5.0 WIN STD PER SVR ESS A;REW CLST ONE HA/DR 5.0 WIN STD PER SVR ESS A;;;;79;;
1;3;2094;1;601,1994;488,78;REW BE 2010 SVR WIN PER SVR BDL VU LIC A BAS;20090133;;REW BE 2010 SVR WIN PER SVR BDL VU LIC A BAS;REW BE 2010 SVR WIN PER SVR BDL VU LIC A BAS;REW BE 2010 SVR WIN PER SVR BDL VU LIC A BAS;REW BE 2010 SVR WIN PER SVR BDL VU LIC A BAS;;;;79;;
1;3;2094;1;617,4477;501,99;EXP BE 2010 SVR WIN SVR BDL VU LIC S BAS;20090134;;EXP BE 2010 SVR WIN SVR BDL VU LIC S BAS;EXP BE 2010 SVR WIN SVR BDL VU LIC S BAS;EXP BE 2010 SVR WIN SVR BDL VU LIC S BAS;EXP BE 2010 SVR WIN SVR BDL VU LIC S BAS;;;;79;;
1;3;2094;1;611,5929;497,23;REW BE 2010 SVR WIN PER SVR BDL VU LIC B ESS;20090135;;REW BE 2010 SVR WIN PER SVR BDL VU LIC B ESS;REW BE 2010 SVR WIN PER SVR BDL VU LIC B ESS;REW BE 2010 SVR WIN PER SVR BDL VU LIC B ESS;REW BE 2010 SVR WIN PER SVR BDL VU LIC B ESS;;;;79;;
1;3;2094;1;519,9456;422,72;GOV BE 2010 SVR WIN SVR BDL CU LIC S BAS;20090136;;GOV BE 2010 SVR WIN SVR BDL CU LIC S BAS;GOV BE 2010 SVR WIN SVR BDL CU LIC S BAS;GOV BE 2010 SVR WIN SVR BDL CU LIC S BAS;GOV BE 2010 SVR WIN SVR BDL CU LIC S BAS;;;;79;;
1;3;2094;1;654,6429;532,23;EXP BE 2010 SVR WIN SVR BDL CU LIC S ESS;20090137;;EXP BE 2010 SVR WIN SVR BDL CU LIC S ESS;EXP BE 2010 SVR WIN SVR BDL CU LIC S ESS;EXP BE 2010 SVR WIN SVR BDL CU LIC S ESS;EXP BE 2010 SVR WIN SVR BDL CU LIC S ESS;;;;79;;
1;3;2094;1;552,4422;449,14;REW BE 2010 SVR WIN PER SVR BDL CU LIC C BAS;20090139;;REW BE 2010 SVR WIN PER SVR BDL CU LIC C BAS;REW BE 2010 SVR WIN PER SVR BDL CU LIC C BAS;REW BE 2010 SVR WIN PER SVR BDL CU LIC C BAS;REW BE 2010 SVR WIN PER SVR BDL CU LIC C BAS;;;;79;;
1;3;2094;1;551,2737;448,19;REW BE 2010 SVR WIN PER SVR BDL CU LIC D ESS;20090140;;REW BE 2010 SVR WIN PER SVR BDL CU LIC D ESS;REW BE 2010 SVR WIN PER SVR BDL CU LIC D ESS;REW BE 2010 SVR WIN PER SVR BDL CU LIC D ESS;REW BE 2010 SVR WIN PER SVR BDL CU LIC D ESS;;;;79;;
1;3;2094;1;576,8208;468,96;REW BE 2010 SVR WIN PER SVR BDL VU LIC B BAS;20090142;;REW BE 2010 SVR WIN PER SVR BDL VU LIC B BAS;REW BE 2010 SVR WIN PER SVR BDL VU LIC B BAS;REW BE 2010 SVR WIN PER SVR BDL VU LIC B BAS;REW BE 2010 SVR WIN PER SVR BDL VU LIC B BAS;;;;79;;
1;3;2094;1;519,9456;422,72;REW BE 2010 SVR WIN PER SVR BDL VU LIC E BAS;20090143;;REW BE 2010 SVR WIN PER SVR BDL VU LIC E BAS;REW BE 2010 SVR WIN PER SVR BDL VU LIC E BAS;REW BE 2010 SVR WIN PER SVR BDL VU LIC E BAS;REW BE 2010 SVR WIN PER SVR BDL VU LIC E BAS;;;;79;;
1;3;2094;1;551,2737;448,19;GOV BE 2010 SVR WIN SVR BDL VU LIC S ESS;20090144;;GOV BE 2010 SVR WIN SVR BDL VU LIC S ESS;GOV BE 2010 SVR WIN SVR BDL VU LIC S ESS;GOV BE 2010 SVR WIN SVR BDL VU LIC S ESS;GOV BE 2010 SVR WIN SVR BDL VU LIC S ESS;;;;79;;
1;3;2094;1;637,4106;518,22;REW BE 2010 SVR WIN PER SVR BDL CU LIC A ESS;20090145;;REW BE 2010 SVR WIN PER SVR BDL CU LIC A ESS;REW BE 2010 SVR WIN PER SVR BDL CU LIC A ESS;REW BE 2010 SVR WIN PER SVR BDL CU LIC A ESS;REW BE 2010 SVR WIN PER SVR BDL CU LIC A ESS;;;;79;;
1;3;2094;1;551,2737;448,19;REW BE 2010 SVR WIN PER SVR BDL VU LIC D ESS;20090146;;REW BE 2010 SVR WIN PER SVR BDL VU LIC D ESS;REW BE 2010 SVR WIN PER SVR BDL VU LIC D ESS;REW BE 2010 SVR WIN PER SVR BDL VU LIC D ESS;REW BE 2010 SVR WIN PER SVR BDL VU LIC D ESS;;;;79;;
1;3;2094;1;519,9456;422,72;REW BE 2010 SVR WIN PER SVR BDL CU LIC D BAS;20090147;;REW BE 2010 SVR WIN PER SVR BDL CU LIC D BAS;REW BE 2010 SVR WIN PER SVR BDL CU LIC D BAS;REW BE 2010 SVR WIN PER SVR BDL CU LIC D BAS;REW BE 2010 SVR WIN PER SVR BDL CU LIC D BAS;;;;79;;
1;3;2094;1;519,9456;422,72;AE BE 2010 SVR WIN SVR BDL CU LIC S BAS;20090150;;AE BE 2010 SVR WIN SVR BDL CU LIC S BAS;AE BE 2010 SVR WIN SVR BDL CU LIC S BAS;AE BE 2010 SVR WIN SVR BDL CU LIC S BAS;AE BE 2010 SVR WIN SVR BDL CU LIC S BAS;;;;79;;
1;3;2094;1;519,9456;422,72;AE BE 2010 SVR WIN SVR BDL VU LIC S BAS;20090151;;AE BE 2010 SVR WIN SVR BDL VU LIC S BAS;AE BE 2010 SVR WIN SVR BDL VU LIC S BAS;AE BE 2010 SVR WIN SVR BDL VU LIC S BAS;AE BE 2010 SVR WIN SVR BDL VU LIC S BAS;;;;79;;
1;3;2094;1;551,2737;448,19;REW BE 2010 SVR WIN PER SVR BDL VU LIC E ESS;20090152;;REW BE 2010 SVR WIN PER SVR BDL VU LIC E ESS;REW BE 2010 SVR WIN PER SVR BDL VU LIC E ESS;REW BE 2010 SVR WIN PER SVR BDL VU LIC E ESS;REW BE 2010 SVR WIN PER SVR BDL VU LIC E ESS;;;;79;;
1;3;2094;1;551,2737;448,19;AE BE 2010 SVR WIN SVR BDL VU LIC S ESS;20090153;;AE BE 2010 SVR WIN SVR BDL VU LIC S ESS;AE BE 2010 SVR WIN SVR BDL VU LIC S ESS;AE BE 2010 SVR WIN SVR BDL VU LIC S ESS;AE BE 2010 SVR WIN SVR BDL VU LIC S ESS;;;;79;;
1;3;2094;1;601,1994;488,78;REW BE 2010 SVR WIN PER SVR BDL CU LIC A BAS;20090154;;REW BE 2010 SVR WIN PER SVR BDL CU LIC A BAS;REW BE 2010 SVR WIN PER SVR BDL CU LIC A BAS;REW BE 2010 SVR WIN PER SVR BDL CU LIC A BAS;REW BE 2010 SVR WIN PER SVR BDL CU LIC A BAS;;;;79;;
1;3;2094;1;611,5929;497,23;REW BE 2010 SVR WIN PER SVR BDL CU LIC B ESS;20090155;;REW BE 2010 SVR WIN PER SVR BDL CU LIC B ESS;REW BE 2010 SVR WIN PER SVR BDL CU LIC B ESS;REW BE 2010 SVR WIN PER SVR BDL CU LIC B ESS;REW BE 2010 SVR WIN PER SVR BDL CU LIC B ESS;;;;79;;
1;3;2094;1;552,4422;449,14;REW BE 2010 SVR WIN PER SVR BDL VU LIC C BAS;20090156;;REW BE 2010 SVR WIN PER SVR BDL VU LIC C BAS;REW BE 2010 SVR WIN PER SVR BDL VU LIC C BAS;REW BE 2010 SVR WIN PER SVR BDL VU LIC C BAS;REW BE 2010 SVR WIN PER SVR BDL VU LIC C BAS;;;;79;;
1;3;2094;1;519,9456;422,72;REW BE 2010 SVR WIN PER SVR BDL VU LIC D BAS;20090158;;REW BE 2010 SVR WIN PER SVR BDL VU LIC D BAS;REW BE 2010 SVR WIN PER SVR BDL VU LIC D BAS;REW BE 2010 SVR WIN PER SVR BDL VU LIC D BAS;REW BE 2010 SVR WIN PER SVR BDL VU LIC D BAS;;;;79;;
1;3;2094;1;654,6429;532,23;EXP BE 2010 SVR WIN SVR BDL VU LIC S ESS;20090159;;EXP BE 2010 SVR WIN SVR BDL VU LIC S ESS;EXP BE 2010 SVR WIN SVR BDL VU LIC S ESS;EXP BE 2010 SVR WIN SVR BDL VU LIC S ESS;EXP BE 2010 SVR WIN SVR BDL VU LIC S ESS;;;;79;;
1;3;2094;1;551,2737;448,19;REW BE 2010 SVR WIN PER SVR BDL CU LIC E ESS;20090175;;REW BE 2010 SVR WIN PER SVR BDL CU LIC E ESS;REW BE 2010 SVR WIN PER SVR BDL CU LIC E ESS;REW BE 2010 SVR WIN PER SVR BDL CU LIC E ESS;REW BE 2010 SVR WIN PER SVR BDL CU LIC E ESS;;;;79;;
1;3;2094;1;551,2737;448,19;GOV BE 2010 SVR WIN SVR BDL CU LIC S ESS;20090176;;GOV BE 2010 SVR WIN SVR BDL CU LIC S ESS;GOV BE 2010 SVR WIN SVR BDL CU LIC S ESS;GOV BE 2010 SVR WIN SVR BDL CU LIC S ESS;GOV BE 2010 SVR WIN SVR BDL CU LIC S ESS;;;;79;;
1;3;2094;1;519,9456;422,72;GOV BE 2010 SVR WIN SVR BDL VU LIC S BAS;20090178;;GOV BE 2010 SVR WIN SVR BDL VU LIC S BAS;GOV BE 2010 SVR WIN SVR BDL VU LIC S BAS;GOV BE 2010 SVR WIN SVR BDL VU LIC S BAS;GOV BE 2010 SVR WIN SVR BDL VU LIC S BAS;;;;79;;
1;3;2094;1;585,726;476,2;REW BE 2010 SVR WIN PER SVR BDL VU LIC C ESS;20090179;;REW BE 2010 SVR WIN PER SVR BDL VU LIC C ESS;REW BE 2010 SVR WIN PER SVR BDL VU LIC C ESS;REW BE 2010 SVR WIN PER SVR BDL VU LIC C ESS;REW BE 2010 SVR WIN PER SVR BDL VU LIC C ESS;;;;79;;
1;3;2094;1;576,8208;468,96;REW BE 2010 SVR WIN PER SVR BDL CU LIC B BAS;20090181;;REW BE 2010 SVR WIN PER SVR BDL CU LIC B BAS;REW BE 2010 SVR WIN PER SVR BDL CU LIC B BAS;REW BE 2010 SVR WIN PER SVR BDL CU LIC B BAS;REW BE 2010 SVR WIN PER SVR BDL CU LIC B BAS;;;;79;;
1;3;2094;1;519,9456;422,72;REW BE 2010 SVR WIN PER SVR BDL CU LIC E BAS;20090182;;REW BE 2010 SVR WIN PER SVR BDL CU LIC E BAS;REW BE 2010 SVR WIN PER SVR BDL CU LIC E BAS;REW BE 2010 SVR WIN PER SVR BDL CU LIC E BAS;REW BE 2010 SVR WIN PER SVR BDL CU LIC E BAS;;;;79;;
1;3;2094;1;617,4477;501,99;EXP BE 2010 SVR WIN SVR BDL CU LIC S BAS;20090183;;EXP BE 2010 SVR WIN SVR BDL CU LIC S BAS;EXP BE 2010 SVR WIN SVR BDL CU LIC S BAS;EXP BE 2010 SVR WIN SVR BDL CU LIC S BAS;EXP BE 2010 SVR WIN SVR BDL CU LIC S BAS;;;;79;;
1;3;2094;1;551,2737;448,19;AE BE 2010 SVR WIN SVR BDL CU LIC S ESS;20090184;;AE BE 2010 SVR WIN SVR BDL CU LIC S ESS;AE BE 2010 SVR WIN SVR BDL CU LIC S ESS;AE BE 2010 SVR WIN SVR BDL CU LIC S ESS;AE BE 2010 SVR WIN SVR BDL CU LIC S ESS;;;;79;;
1;3;2094;1;637,4106;518,22;REW BE 2010 SVR WIN PER SVR BDL VU LIC A ESS;20090185;;REW BE 2010 SVR WIN PER SVR BDL VU LIC A ESS;REW BE 2010 SVR WIN PER SVR BDL VU LIC A ESS;REW BE 2010 SVR WIN PER SVR BDL VU LIC A ESS;REW BE 2010 SVR WIN PER SVR BDL VU LIC A ESS;;;;79;;
1;3;2094;1;585,726;476,2;REW BE 2010 SVR WIN PER SVR BDL CU LIC C ESS;20090186;;REW BE 2010 SVR WIN PER SVR BDL CU LIC C ESS;REW BE 2010 SVR WIN PER SVR BDL CU LIC C ESS;REW BE 2010 SVR WIN PER SVR BDL CU LIC C ESS;REW BE 2010 SVR WIN PER SVR BDL CU LIC C ESS;;;;79;;
1;3;2094;1;611,5929;497,23;REW BE 2010 AGT DB2 WIN PER SVR BDL CU LIC B ESS;20090187;;REW BE 2010 AGT DB2 WIN PER SVR BDL CU LIC B ESS;REW BE 2010 AGT DB2 WIN PER SVR BDL CU LIC B ESS;REW BE 2010 AGT DB2 WIN PER SVR BDL CU LIC B ESS;REW BE 2010 AGT DB2 WIN PER SVR BDL CU LIC B ESS;;;;79;;
1;3;2094;1;551,2737;448,19;REW BE 2010 AGT DB2 WIN PER SVR BDL VU LIC D ESS;20090188;;REW BE 2010 AGT DB2 WIN PER SVR BDL VU LIC D ESS;REW BE 2010 AGT DB2 WIN PER SVR BDL VU LIC D ESS;REW BE 2010 AGT DB2 WIN PER SVR BDL VU LIC D ESS;REW BE 2010 AGT DB2 WIN PER SVR BDL VU LIC D ESS;;;;79;;
1;3;2094;1;551,2737;448,19;AE BE 2010 AGT DB2 WIN P SVR BDL CU LIC S ESS;20090190;;AE BE 2010 AGT DB2 WIN P SVR BDL CU LIC S ESS;AE BE 2010 AGT DB2 WIN P SVR BDL CU LIC S ESS;AE BE 2010 AGT DB2 WIN P SVR BDL CU LIC S ESS;AE BE 2010 AGT DB2 WIN P SVR BDL CU LIC S ESS;;;;79;;
1;3;2094;1;552,4422;449,14;REW BE 2010 AGT DB2 WIN PER SVR BDL CU LIC C BAS;20090191;;REW BE 2010 AGT DB2 WIN PER SVR BDL CU LIC C BAS;REW BE 2010 AGT DB2 WIN PER SVR BDL CU LIC C BAS;REW BE 2010 AGT DB2 WIN PER SVR BDL CU LIC C BAS;REW BE 2010 AGT DB2 WIN PER SVR BDL CU LIC C BAS;;;;79;;
1;3;2094;1;519,9456;422,72;REW BE 2010 AGT DB2 WIN PER SVR BDL CU LIC D BAS;20090192;;REW BE 2010 AGT DB2 WIN PER SVR BDL CU LIC D BAS;REW BE 2010 AGT DB2 WIN PER SVR BDL CU LIC D BAS;REW BE 2010 AGT DB2 WIN PER SVR BDL CU LIC D BAS;REW BE 2010 AGT DB2 WIN PER SVR BDL CU LIC D BAS;;;;79;;
1;3;2094;1;519,9456;422,72;GOV BE 2010 AGT DB2 WIN P SVR BDL VU LIC S BAS;20090193;;GOV BE 2010 AGT DB2 WIN P SVR BDL VU LIC S BAS;GOV BE 2010 AGT DB2 WIN P SVR BDL VU LIC S BAS;GOV BE 2010 AGT DB2 WIN P SVR BDL VU LIC S BAS;GOV BE 2010 AGT DB2 WIN P SVR BDL VU LIC S BAS;;;;79;;
1;3;2094;1;519,9456;422,72;AE BE 2010 AGT DB2 WIN P SVR BDL VU LIC S BAS;20090197;;AE BE 2010 AGT DB2 WIN P SVR BDL VU LIC S BAS;AE BE 2010 AGT DB2 WIN P SVR BDL VU LIC S BAS;AE BE 2010 AGT DB2 WIN P SVR BDL VU LIC S BAS;AE BE 2010 AGT DB2 WIN P SVR BDL VU LIC S BAS;;;;79;;
1;3;2094;1;585,726;476,2;REW BE 2010 AGT DB2 WIN PER SVR BDL VU LIC C ESS;20090198;;REW BE 2010 AGT DB2 WIN PER SVR BDL VU LIC C ESS;REW BE 2010 AGT DB2 WIN PER SVR BDL VU LIC C ESS;REW BE 2010 AGT DB2 WIN PER SVR BDL VU LIC C ESS;REW BE 2010 AGT DB2 WIN PER SVR BDL VU LIC C ESS;;;;79;;
1;3;2094;1;551,2737;448,19;GOV BE 2010 AGT DB2 WIN P SVR BDL VU LIC S ESS;20090199;;GOV BE 2010 AGT DB2 WIN P SVR BDL VU LIC S ESS;GOV BE 2010 AGT DB2 WIN P SVR BDL VU LIC S ESS;GOV BE 2010 AGT DB2 WIN P SVR BDL VU LIC S ESS;GOV BE 2010 AGT DB2 WIN P SVR BDL VU LIC S ESS;;;;79;;
1;3;2094;1;637,4106;518,22;REW BE 2010 AGT DB2 WIN PER SVR BDL CU LIC A ESS;20090200;;REW BE 2010 AGT DB2 WIN PER SVR BDL CU LIC A ESS;REW BE 2010 AGT DB2 WIN PER SVR BDL CU LIC A ESS;REW BE 2010 AGT DB2 WIN PER SVR BDL CU LIC A ESS;REW BE 2010 AGT DB2 WIN PER SVR BDL CU LIC A ESS;;;;79;;
1;3;2094;1;519,9456;422,72;GOV BE 2010 AGT DB2 WIN P SVR BDL CU LIC S BAS;20090201;;GOV BE 2010 AGT DB2 WIN P SVR BDL CU LIC S BAS;GOV BE 2010 AGT DB2 WIN P SVR BDL CU LIC S BAS;GOV BE 2010 AGT DB2 WIN P SVR BDL CU LIC S BAS;GOV BE 2010 AGT DB2 WIN P SVR BDL CU LIC S BAS;;;;79;;
1;3;2094;1;585,726;476,2;REW BE 2010 AGT DB2 WIN PER SVR BDL CU LIC C ESS;20090202;;REW BE 2010 AGT DB2 WIN PER SVR BDL CU LIC C ESS;REW BE 2010 AGT DB2 WIN PER SVR BDL CU LIC C ESS;REW BE 2010 AGT DB2 WIN PER SVR BDL CU LIC C ESS;REW BE 2010 AGT DB2 WIN PER SVR BDL CU LIC C ESS;;;;79;;
1;3;2094;1;601,1994;488,78;REW BE 2010 AGT DB2 WIN PER SVR BDL CU LIC A BAS;20090203;;REW BE 2010 AGT DB2 WIN PER SVR BDL CU LIC A BAS;REW BE 2010 AGT DB2 WIN PER SVR BDL CU LIC A BAS;REW BE 2010 AGT DB2 WIN PER SVR BDL CU LIC A BAS;REW BE 2010 AGT DB2 WIN PER SVR BDL CU LIC A BAS;;;;79;;
1;3;2094;1;601,1994;488,78;REW BE 2010 AGT DB2 WIN PER SVR BDL VU LIC A BAS;20090206;;REW BE 2010 AGT DB2 WIN PER SVR BDL VU LIC A BAS;REW BE 2010 AGT DB2 WIN PER SVR BDL VU LIC A BAS;REW BE 2010 AGT DB2 WIN PER SVR BDL VU LIC A BAS;REW BE 2010 AGT DB2 WIN PER SVR BDL VU LIC A BAS;;;;79;;
1;3;2094;1;637,4106;518,22;REW BE 2010 AGT DB2 WIN PER SVR BDL VU LIC A ESS;20090207;;REW BE 2010 AGT DB2 WIN PER SVR BDL VU LIC A ESS;REW BE 2010 AGT DB2 WIN PER SVR BDL VU LIC A ESS;REW BE 2010 AGT DB2 WIN PER SVR BDL VU LIC A ESS;REW BE 2010 AGT DB2 WIN PER SVR BDL VU LIC A ESS;;;;79;;
1;3;2094;1;551,2737;448,19;REW BE 2010 AGT DB2 WIN PER SVR BDL VU LIC E ESS;20090208;;REW BE 2010 AGT DB2 WIN PER SVR BDL VU LIC E ESS;REW BE 2010 AGT DB2 WIN PER SVR BDL VU LIC E ESS;REW BE 2010 AGT DB2 WIN PER SVR BDL VU LIC E ESS;REW BE 2010 AGT DB2 WIN PER SVR BDL VU LIC E ESS;;;;79;;
1;3;2094;1;654,6429;532,23;EXP BE 2010 AGT DB2 WIN P SVR BDL CU LIC S ESS;20090209;;EXP BE 2010 AGT DB2 WIN P SVR BDL CU LIC S ESS;EXP BE 2010 AGT DB2 WIN P SVR BDL CU LIC S ESS;EXP BE 2010 AGT DB2 WIN P SVR BDL CU LIC S ESS;EXP BE 2010 AGT DB2 WIN P SVR BDL CU LIC S ESS;;;;79;;
1;3;2094;1;576,8208;468,96;REW BE 2010 AGT DB2 WIN PER SVR BDL CU LIC B BAS;20090210;;REW BE 2010 AGT DB2 WIN PER SVR BDL CU LIC B BAS;REW BE 2010 AGT DB2 WIN PER SVR BDL CU LIC B BAS;REW BE 2010 AGT DB2 WIN PER SVR BDL CU LIC B BAS;REW BE 2010 AGT DB2 WIN PER SVR BDL CU LIC B BAS;;;;79;;
1;3;2094;1;617,4477;501,99;EXP BE 2010 AGT DB2 WIN P SVR BDL CU LIC S BAS;20090212;;EXP BE 2010 AGT DB2 WIN P SVR BDL CU LIC S BAS;EXP BE 2010 AGT DB2 WIN P SVR BDL CU LIC S BAS;EXP BE 2010 AGT DB2 WIN P SVR BDL CU LIC S BAS;EXP BE 2010 AGT DB2 WIN P SVR BDL CU LIC S BAS;;;;79;;
1;3;2094;1;519,9456;422,72;AE BE 2010 AGT DB2 WIN P SVR BDL CU LIC S BAS;20090213;;AE BE 2010 AGT DB2 WIN P SVR BDL CU LIC S BAS;AE BE 2010 AGT DB2 WIN P SVR BDL CU LIC S BAS;AE BE 2010 AGT DB2 WIN P SVR BDL CU LIC S BAS;AE BE 2010 AGT DB2 WIN P SVR BDL CU LIC S BAS;;;;79;;
1;3;2094;1;551,2737;448,19;GOV BE 2010 AGT DB2 WIN P SVR BDL CU LIC S ESS;20090217;;GOV BE 2010 AGT DB2 WIN P SVR BDL CU LIC S ESS;GOV BE 2010 AGT DB2 WIN P SVR BDL CU LIC S ESS;GOV BE 2010 AGT DB2 WIN P SVR BDL CU LIC S ESS;GOV BE 2010 AGT DB2 WIN P SVR BDL CU LIC S ESS;;;;79;;
1;3;2094;1;576,8208;468,96;REW BE 2010 AGT DB2 WIN PER SVR BDL VU LIC B BAS;20090218;;REW BE 2010 AGT DB2 WIN PER SVR BDL VU LIC B BAS;REW BE 2010 AGT DB2 WIN PER SVR BDL VU LIC B BAS;REW BE 2010 AGT DB2 WIN PER SVR BDL VU LIC B BAS;REW BE 2010 AGT DB2 WIN PER SVR BDL VU LIC B BAS;;;;79;;
1;3;2094;1;519,9456;422,72;REW BE 2010 AGT DB2 WIN PER SVR BDL VU LIC E BAS;20090219;;REW BE 2010 AGT DB2 WIN PER SVR BDL VU LIC E BAS;REW BE 2010 AGT DB2 WIN PER SVR BDL VU LIC E BAS;REW BE 2010 AGT DB2 WIN PER SVR BDL VU LIC E BAS;REW BE 2010 AGT DB2 WIN PER SVR BDL VU LIC E BAS;;;;79;;
1;3;2094;1;551,2737;448,19;AE BE 2010 AGT DB2 WIN P SVR BDL VU LIC S ESS;20090221;;AE BE 2010 AGT DB2 WIN P SVR BDL VU LIC S ESS;AE BE 2010 AGT DB2 WIN P SVR BDL VU LIC S ESS;AE BE 2010 AGT DB2 WIN P SVR BDL VU LIC S ESS;AE BE 2010 AGT DB2 WIN P SVR BDL VU LIC S ESS;;;;79;;
1;3;2094;1;551,2737;448,19;REW BE 2010 AGT DB2 WIN PER SVR BDL CU LIC D ESS;20090233;;REW BE 2010 AGT DB2 WIN PER SVR BDL CU LIC D ESS;REW BE 2010 AGT DB2 WIN PER SVR BDL CU LIC D ESS;REW BE 2010 AGT DB2 WIN PER SVR BDL CU LIC D ESS;REW BE 2010 AGT DB2 WIN PER SVR BDL CU LIC D ESS;;;;79;;
1;3;2094;1;551,2737;448,19;REW BE 2010 AGT DB2 WIN PER SVR BDL CU LIC E ESS;20090234;;REW BE 2010 AGT DB2 WIN PER SVR BDL CU LIC E ESS;REW BE 2010 AGT DB2 WIN PER SVR BDL CU LIC E ESS;REW BE 2010 AGT DB2 WIN PER SVR BDL CU LIC E ESS;REW BE 2010 AGT DB2 WIN PER SVR BDL CU LIC E ESS;;;;79;;
1;3;2094;1;519,9456;422,72;REW BE 2010 AGT DB2 WIN PER SVR BDL CU LIC E BAS;20090235;;REW BE 2010 AGT DB2 WIN PER SVR BDL CU LIC E BAS;REW BE 2010 AGT DB2 WIN PER SVR BDL CU LIC E BAS;REW BE 2010 AGT DB2 WIN PER SVR BDL CU LIC E BAS;REW BE 2010 AGT DB2 WIN PER SVR BDL CU LIC E BAS;;;;79;;
1;3;2094;1;611,5929;497,23;REW BE 2010 AGT DB2 WIN PER SVR BDL VU LIC B ESS;20090236;;REW BE 2010 AGT DB2 WIN PER SVR BDL VU LIC B ESS;REW BE 2010 AGT DB2 WIN PER SVR BDL VU LIC B ESS;REW BE 2010 AGT DB2 WIN PER SVR BDL VU LIC B ESS;REW BE 2010 AGT DB2 WIN PER SVR BDL VU LIC B ESS;;;;79;;
1;3;2094;1;654,6429;532,23;EXP BE 2010 AGT DB2 WIN P SVR BDL VU LIC S ESS;20090237;;EXP BE 2010 AGT DB2 WIN P SVR BDL VU LIC S ESS;EXP BE 2010 AGT DB2 WIN P SVR BDL VU LIC S ESS;EXP BE 2010 AGT DB2 WIN P SVR BDL VU LIC S ESS;EXP BE 2010 AGT DB2 WIN P SVR BDL VU LIC S ESS;;;;79;;
1;3;2094;1;552,4422;449,14;REW BE 2010 AGT DB2 WIN PER SVR BDL VU LIC C BAS;20090238;;REW BE 2010 AGT DB2 WIN PER SVR BDL VU LIC C BAS;REW BE 2010 AGT DB2 WIN PER SVR BDL VU LIC C BAS;REW BE 2010 AGT DB2 WIN PER SVR BDL VU LIC C BAS;REW BE 2010 AGT DB2 WIN PER SVR BDL VU LIC C BAS;;;;79;;
1;3;2094;1;519,9456;422,72;REW BE 2010 AGT DB2 WIN PER SVR BDL VU LIC D BAS;20090239;;REW BE 2010 AGT DB2 WIN PER SVR BDL VU LIC D BAS;REW BE 2010 AGT DB2 WIN PER SVR BDL VU LIC D BAS;REW BE 2010 AGT DB2 WIN PER SVR BDL VU LIC D BAS;REW BE 2010 AGT DB2 WIN PER SVR BDL VU LIC D BAS;;;;79;;
1;3;2094;1;617,4477;501,99;EXP BE 2010 AGT DB2 WIN P SVR BDL VU LIC S BAS;20090240;;EXP BE 2010 AGT DB2 WIN P SVR BDL VU LIC S BAS;EXP BE 2010 AGT DB2 WIN P SVR BDL VU LIC S BAS;EXP BE 2010 AGT DB2 WIN P SVR BDL VU LIC S BAS;EXP BE 2010 AGT DB2 WIN P SVR BDL VU LIC S BAS;;;;79;;
1;3;2094;1;274,2408;222,96;AE BE 2010 OPT ADV DISK B/U WIN SVR CU LIC S ESS;20090242;;AE BE 2010 OPT ADV DISK B/U WIN SVR CU LIC S ESS;AE BE 2010 OPT ADV DISK B/U WIN SVR CU LIC S ESS;AE BE 2010 OPT ADV DISK B/U WIN SVR CU LIC S ESS;AE BE 2010 OPT ADV DISK B/U WIN SVR CU LIC S ESS;;;;79;;
1;3;2094;1;299,0868;243,16;REW BE 2010 OPT ADV DISK B/U WIN SVR VU LIC A BAS;20090243;;REW BE 2010 OPT ADV DISK B/U WIN SVR VU LIC A BAS;REW BE 2010 OPT ADV DISK B/U WIN SVR VU LIC A BAS;REW BE 2010 OPT ADV DISK B/U WIN SVR VU LIC A BAS;REW BE 2010 OPT ADV DISK B/U WIN SVR VU LIC A BAS;;;;79;;
1;3;2094;1;307,1802;249,74;EXP BE 2010 OPT ADV DISK B/U WIN SVR VU LIC S BAS;20090244;;EXP BE 2010 OPT ADV DISK B/U WIN SVR VU LIC S BAS;EXP BE 2010 OPT ADV DISK B/U WIN SVR VU LIC S BAS;EXP BE 2010 OPT ADV DISK B/U WIN SVR VU LIC S BAS;EXP BE 2010 OPT ADV DISK B/U WIN SVR VU LIC S BAS;;;;79;;
1;3;2094;1;258,669;210,3;REW BE 2010 OPT ADV DISK B/U WIN SVR CU LIC D BAS;20090245;;REW BE 2010 OPT ADV DISK B/U WIN SVR CU LIC D BAS;REW BE 2010 OPT ADV DISK B/U WIN SVR CU LIC D BAS;REW BE 2010 OPT ADV DISK B/U WIN SVR CU LIC D BAS;REW BE 2010 OPT ADV DISK B/U WIN SVR CU LIC D BAS;;;;79;;
1;3;2094;1;258,669;210,3;AE BE 2010 OPT ADV DISK B/U WIN SVR CU LIC S BAS;20090246;;AE BE 2010 OPT ADV DISK B/U WIN SVR CU LIC S BAS;AE BE 2010 OPT ADV DISK B/U WIN SVR CU LIC S BAS;AE BE 2010 OPT ADV DISK B/U WIN SVR CU LIC S BAS;AE BE 2010 OPT ADV DISK B/U WIN SVR CU LIC S BAS;;;;79;;
1;3;2094;1;274,2408;222,96;REW BE 2010 OPT ADV DISK B/U WIN SVR CU LIC E ESS;20090247;;REW BE 2010 OPT ADV DISK B/U WIN SVR CU LIC E ESS;REW BE 2010 OPT ADV DISK B/U WIN SVR CU LIC E ESS;REW BE 2010 OPT ADV DISK B/U WIN SVR CU LIC E ESS;REW BE 2010 OPT ADV DISK B/U WIN SVR CU LIC E ESS;;;;79;;
1;3;2094;1;274,2408;222,96;GOV BE 2010 OPT ADV DISK B/U WIN SVR CU LIC S ESS;20090248;;GOV BE 2010 OPT ADV DISK B/U WIN SVR CU LIC S ESS;GOV BE 2010 OPT ADV DISK B/U WIN SVR CU LIC S ESS;GOV BE 2010 OPT ADV DISK B/U WIN SVR CU LIC S ESS;GOV BE 2010 OPT ADV DISK B/U WIN SVR CU LIC S ESS;;;;79;;
1;3;2094;1;317,094;257,8;REW BE 2010 OPT ADV DISK B/U WIN SVR VU LIC A ESS;20090249;;REW BE 2010 OPT ADV DISK B/U WIN SVR VU LIC A ESS;REW BE 2010 OPT ADV DISK B/U WIN SVR VU LIC A ESS;REW BE 2010 OPT ADV DISK B/U WIN SVR VU LIC A ESS;REW BE 2010 OPT ADV DISK B/U WIN SVR VU LIC A ESS;;;;79;;
1;3;2094;1;291,387;236,9;REW BE 2010 OPT ADV DISK B/U WIN SVR VU LIC C ESS;20090250;;REW BE 2010 OPT ADV DISK B/U WIN SVR VU LIC C ESS;REW BE 2010 OPT ADV DISK B/U WIN SVR VU LIC C ESS;REW BE 2010 OPT ADV DISK B/U WIN SVR VU LIC C ESS;REW BE 2010 OPT ADV DISK B/U WIN SVR VU LIC C ESS;;;;79;;
1;3;2094;1;307,1802;249,74;EXP BE 2010 OPT ADV DISK B/U WIN SVR CU LIC S BAS;20090252;;EXP BE 2010 OPT ADV DISK B/U WIN SVR CU LIC S BAS;EXP BE 2010 OPT ADV DISK B/U WIN SVR CU LIC S BAS;EXP BE 2010 OPT ADV DISK B/U WIN SVR CU LIC S BAS;EXP BE 2010 OPT ADV DISK B/U WIN SVR CU LIC S BAS;;;;79;;
1;3;2094;1;317,094;257,8;REW BE 2010 OPT ADV DISK B/U WIN SVR CU LIC A ESS;20090253;;REW BE 2010 OPT ADV DISK B/U WIN SVR CU LIC A ESS;REW BE 2010 OPT ADV DISK B/U WIN SVR CU LIC A ESS;REW BE 2010 OPT ADV DISK B/U WIN SVR CU LIC A ESS;REW BE 2010 OPT ADV DISK B/U WIN SVR CU LIC A ESS;;;;79;;
1;3;2094;1;304,2528;247,36;REW BE 2010 OPT ADV DISK B/U WIN SVR CU LIC B ESS;20090254;;REW BE 2010 OPT ADV DISK B/U WIN SVR CU LIC B ESS;REW BE 2010 OPT ADV DISK B/U WIN SVR CU LIC B ESS;REW BE 2010 OPT ADV DISK B/U WIN SVR CU LIC B ESS;REW BE 2010 OPT ADV DISK B/U WIN SVR CU LIC B ESS;;;;79;;
1;3;2094;1;274,8312;223,44;REW BE 2010 OPT ADV DISK B/U WIN SVR VU LIC C BAS;20090255;;REW BE 2010 OPT ADV DISK B/U WIN SVR VU LIC C BAS;REW BE 2010 OPT ADV DISK B/U WIN SVR VU LIC C BAS;REW BE 2010 OPT ADV DISK B/U WIN SVR VU LIC C BAS;REW BE 2010 OPT ADV DISK B/U WIN SVR VU LIC C BAS;;;;79;;
1;3;2094;1;304,2528;247,36;REW BE 2010 OPT ADV DISK B/U WIN SVR VU LIC B ESS;20090256;;REW BE 2010 OPT ADV DISK B/U WIN SVR VU LIC B ESS;REW BE 2010 OPT ADV DISK B/U WIN SVR VU LIC B ESS;REW BE 2010 OPT ADV DISK B/U WIN SVR VU LIC B ESS;REW BE 2010 OPT ADV DISK B/U WIN SVR VU LIC B ESS;;;;79;;
1;3;2094;1;274,2408;222,96;GOV BE 2010 OPT ADV DISK B/U WIN SVR VU LIC S ESS;20090257;;GOV BE 2010 OPT ADV DISK B/U WIN SVR VU LIC S ESS;GOV BE 2010 OPT ADV DISK B/U WIN SVR VU LIC S ESS;GOV BE 2010 OPT ADV DISK B/U WIN SVR VU LIC S ESS;GOV BE 2010 OPT ADV DISK B/U WIN SVR VU LIC S ESS;;;;79;;
1;3;2094;1;274,2408;222,96;REW BE 2010 OPT ADV DISK B/U WIN SVR CU LIC D ESS;20090258;;REW BE 2010 OPT ADV DISK B/U WIN SVR CU LIC D ESS;REW BE 2010 OPT ADV DISK B/U WIN SVR CU LIC D ESS;REW BE 2010 OPT ADV DISK B/U WIN SVR CU LIC D ESS;REW BE 2010 OPT ADV DISK B/U WIN SVR CU LIC D ESS;;;;79;;
1;3;2094;1;258,669;210,3;GOV BE 2010 OPT ADV DISK B/U WIN SVR VU LIC S BAS;20090259;;GOV BE 2010 OPT ADV DISK B/U WIN SVR VU LIC S BAS;GOV BE 2010 OPT ADV DISK B/U WIN SVR VU LIC S BAS;GOV BE 2010 OPT ADV DISK B/U WIN SVR VU LIC S BAS;GOV BE 2010 OPT ADV DISK B/U WIN SVR VU LIC S BAS;;;;79;;
1;3;2094;1;325,6794;264,78;EXP BE 2010 OPT ADV DISK B/U WIN SVR VU LIC S ESS;20090260;;EXP BE 2010 OPT ADV DISK B/U WIN SVR VU LIC S ESS;EXP BE 2010 OPT ADV DISK B/U WIN SVR VU LIC S ESS;EXP BE 2010 OPT ADV DISK B/U WIN SVR VU LIC S ESS;EXP BE 2010 OPT ADV DISK B/U WIN SVR VU LIC S ESS;;;;79;;
1;3;2094;1;299,0868;243,16;REW BE 2010 OPT ADV DISK B/U WIN SVR CU LIC A BAS;20090279;;REW BE 2010 OPT ADV DISK B/U WIN SVR CU LIC A BAS;REW BE 2010 OPT ADV DISK B/U WIN SVR CU LIC A BAS;REW BE 2010 OPT ADV DISK B/U WIN SVR CU LIC A BAS;REW BE 2010 OPT ADV DISK B/U WIN SVR CU LIC A BAS;;;;79;;
1;3;2094;1;286,9713;233,31;REW BE 2010 OPT ADV DISK B/U WIN SVR CU LIC B BAS;20090280;;REW BE 2010 OPT ADV DISK B/U WIN SVR CU LIC B BAS;REW BE 2010 OPT ADV DISK B/U WIN SVR CU LIC B BAS;REW BE 2010 OPT ADV DISK B/U WIN SVR CU LIC B BAS;REW BE 2010 OPT ADV DISK B/U WIN SVR CU LIC B BAS;;;;79;;
1;3;2094;1;274,8312;223,44;REW BE 2010 OPT ADV DISK B/U WIN SVR CU LIC C BAS;20090281;;REW BE 2010 OPT ADV DISK B/U WIN SVR CU LIC C BAS;REW BE 2010 OPT ADV DISK B/U WIN SVR CU LIC C BAS;REW BE 2010 OPT ADV DISK B/U WIN SVR CU LIC C BAS;REW BE 2010 OPT ADV DISK B/U WIN SVR CU LIC C BAS;;;;79;;
1;3;2094;1;258,669;210,3;REW BE 2010 OPT ADV DISK B/U WIN SVR CU LIC E BAS;20090282;;REW BE 2010 OPT ADV DISK B/U WIN SVR CU LIC E BAS;REW BE 2010 OPT ADV DISK B/U WIN SVR CU LIC E BAS;REW BE 2010 OPT ADV DISK B/U WIN SVR CU LIC E BAS;REW BE 2010 OPT ADV DISK B/U WIN SVR CU LIC E BAS;;;;79;;
1;3;2094;1;258,669;210,3;AE BE 2010 OPT ADV DISK B/U WIN SVR VU LIC S BAS;20090284;;AE BE 2010 OPT ADV DISK B/U WIN SVR VU LIC S BAS;AE BE 2010 OPT ADV DISK B/U WIN SVR VU LIC S BAS;AE BE 2010 OPT ADV DISK B/U WIN SVR VU LIC S BAS;AE BE 2010 OPT ADV DISK B/U WIN SVR VU LIC S BAS;;;;79;;
1;3;2094;1;258,669;210,3;GOV BE 2010 OPT ADV DISK B/U WIN SVR CU LIC S BAS;20090286;;GOV BE 2010 OPT ADV DISK B/U WIN SVR CU LIC S BAS;GOV BE 2010 OPT ADV DISK B/U WIN SVR CU LIC S BAS;GOV BE 2010 OPT ADV DISK B/U WIN SVR CU LIC S BAS;GOV BE 2010 OPT ADV DISK B/U WIN SVR CU LIC S BAS;;;;79;;
1;3;2094;1;325,6794;264,78;EXP BE 2010 OPT ADV DISK B/U WIN SVR CU LIC S ESS;20090287;;EXP BE 2010 OPT ADV DISK B/U WIN SVR CU LIC S ESS;EXP BE 2010 OPT ADV DISK B/U WIN SVR CU LIC S ESS;EXP BE 2010 OPT ADV DISK B/U WIN SVR CU LIC S ESS;EXP BE 2010 OPT ADV DISK B/U WIN SVR CU LIC S ESS;;;;79;;
1;3;2094;1;258,669;210,3;REW BE 2010 OPT ADV DISK B/U WIN SVR VU LIC E BAS;20090288;;REW BE 2010 OPT ADV DISK B/U WIN SVR VU LIC E BAS;REW BE 2010 OPT ADV DISK B/U WIN SVR VU LIC E BAS;REW BE 2010 OPT ADV DISK B/U WIN SVR VU LIC E BAS;REW BE 2010 OPT ADV DISK B/U WIN SVR VU LIC E BAS;;;;79;;
1;3;2094;1;274,2408;222,96;REW BE 2010 OPT ADV DISK B/U WIN SVR VU LIC D ESS;20090289;;REW BE 2010 OPT ADV DISK B/U WIN SVR VU LIC D ESS;REW BE 2010 OPT ADV DISK B/U WIN SVR VU LIC D ESS;REW BE 2010 OPT ADV DISK B/U WIN SVR VU LIC D ESS;REW BE 2010 OPT ADV DISK B/U WIN SVR VU LIC D ESS;;;;79;;
1;3;2094;1;258,669;210,3;REW BE 2010 OPT ADV DISK B/U WIN SVR VU LIC D BAS;20090290;;REW BE 2010 OPT ADV DISK B/U WIN SVR VU LIC D BAS;REW BE 2010 OPT ADV DISK B/U WIN SVR VU LIC D BAS;REW BE 2010 OPT ADV DISK B/U WIN SVR VU LIC D BAS;REW BE 2010 OPT ADV DISK B/U WIN SVR VU LIC D BAS;;;;79;;
1;3;2094;1;274,2408;222,96;AE BE 2010 OPT ADV DISK B/U WIN SVR VU LIC S ESS;20090291;;AE BE 2010 OPT ADV DISK B/U WIN SVR VU LIC S ESS;AE BE 2010 OPT ADV DISK B/U WIN SVR VU LIC S ESS;AE BE 2010 OPT ADV DISK B/U WIN SVR VU LIC S ESS;AE BE 2010 OPT ADV DISK B/U WIN SVR VU LIC S ESS;;;;79;;
1;3;2094;1;291,387;236,9;REW BE 2010 OPT ADV DISK B/U WIN SVR CU LIC C ESS;20090292;;REW BE 2010 OPT ADV DISK B/U WIN SVR CU LIC C ESS;REW BE 2010 OPT ADV DISK B/U WIN SVR CU LIC C ESS;REW BE 2010 OPT ADV DISK B/U WIN SVR CU LIC C ESS;REW BE 2010 OPT ADV DISK B/U WIN SVR CU LIC C ESS;;;;79;;
1;3;2094;1;286,9713;233,31;REW BE 2010 OPT ADV DISK B/U WIN SVR VU LIC B BAS;20090293;;REW BE 2010 OPT ADV DISK B/U WIN SVR VU LIC B BAS;REW BE 2010 OPT ADV DISK B/U WIN SVR VU LIC B BAS;REW BE 2010 OPT ADV DISK B/U WIN SVR VU LIC B BAS;REW BE 2010 OPT ADV DISK B/U WIN SVR VU LIC B BAS;;;;79;;
1;3;2094;1;274,2408;222,96;REW BE 2010 OPT ADV DISK B/U WIN SVR VU LIC E ESS;20090294;;REW BE 2010 OPT ADV DISK B/U WIN SVR VU LIC E ESS;REW BE 2010 OPT ADV DISK B/U WIN SVR VU LIC E ESS;REW BE 2010 OPT ADV DISK B/U WIN SVR VU LIC E ESS;REW BE 2010 OPT ADV DISK B/U WIN SVR VU LIC E ESS;;;;79;;
1;3;2094;1;833,4972;677,64;GOV BE 2010 AGT EV WIN SVR BDL CU LIC S BAS;20090295;;GOV BE 2010 AGT EV WIN SVR BDL CU LIC S BAS;GOV BE 2010 AGT EV WIN SVR BDL CU LIC S BAS;GOV BE 2010 AGT EV WIN SVR BDL CU LIC S BAS;GOV BE 2010 AGT EV WIN SVR BDL CU LIC S BAS;;;;79;;
1;3;2094;1;883,6935;718,45;AE BE 2010 AGT EV WIN SVR BDL VU LIC S ESS;20090296;;AE BE 2010 AGT EV WIN SVR BDL VU LIC S ESS;AE BE 2010 AGT EV WIN SVR BDL VU LIC S ESS;AE BE 2010 AGT EV WIN SVR BDL VU LIC S ESS;AE BE 2010 AGT EV WIN SVR BDL VU LIC S ESS;;;;79;;
1;3;2094;1;980,3715;797,05;REW BE2010 AGT EV WIN PER SVR BDL CU LIC B ESS;20090316;;REW BE2010 AGT EV WIN PER SVR BDL CU LIC B ESS;REW BE2010 AGT EV WIN PER SVR BDL CU LIC B ESS;REW BE2010 AGT EV WIN PER SVR BDL CU LIC B ESS;REW BE2010 AGT EV WIN PER SVR BDL CU LIC B ESS;;;;79;;
1;3;2094;1;833,4972;677,64;REW BE2010 AGT EV WIN PER SVR BDL CU LIC D BAS;20090317;;REW BE2010 AGT EV WIN PER SVR BDL CU LIC D BAS;REW BE2010 AGT EV WIN PER SVR BDL CU LIC D BAS;REW BE2010 AGT EV WIN PER SVR BDL CU LIC D BAS;REW BE2010 AGT EV WIN PER SVR BDL CU LIC D BAS;;;;79;;
1;3;2094;1;924,6648;751,76;REW BE2010 AGT EV WIN PER SVR BDL VU LIC B BAS;20090318;;REW BE2010 AGT EV WIN PER SVR BDL VU LIC B BAS;REW BE2010 AGT EV WIN PER SVR BDL VU LIC B BAS;REW BE2010 AGT EV WIN PER SVR BDL VU LIC B BAS;REW BE2010 AGT EV WIN PER SVR BDL VU LIC B BAS;;;;79;;
1;3;2094;1;833,4972;677,64;GOV BE 2010 AGT EV WIN SVR BDL VU LIC S BAS;20090319;;GOV BE 2010 AGT EV WIN SVR BDL VU LIC S BAS;GOV BE 2010 AGT EV WIN SVR BDL VU LIC S BAS;GOV BE 2010 AGT EV WIN SVR BDL VU LIC S BAS;GOV BE 2010 AGT EV WIN SVR BDL VU LIC S BAS;;;;79;;
1;3;2094;1;1021,7733;830,71;REW BE2010 AGT EV WIN PER SVR BDL VU LIC A ESS;20090320;;REW BE2010 AGT EV WIN PER SVR BDL VU LIC A ESS;REW BE2010 AGT EV WIN PER SVR BDL VU LIC A ESS;REW BE2010 AGT EV WIN PER SVR BDL VU LIC A ESS;REW BE2010 AGT EV WIN PER SVR BDL VU LIC A ESS;;;;79;;
1;3;2094;1;980,3715;797,05;REW BE2010 AGT EV WIN PER SVR BDL VU LIC B ESS;20090321;;REW BE2010 AGT EV WIN PER SVR BDL VU LIC B ESS;REW BE2010 AGT EV WIN PER SVR BDL VU LIC B ESS;REW BE2010 AGT EV WIN PER SVR BDL VU LIC B ESS;REW BE2010 AGT EV WIN PER SVR BDL VU LIC B ESS;;;;79;;
1;3;2094;1;833,4972;677,64;AE BE 2010 AGT EV WIN SVR BDL CU LIC S BAS;20090322;;AE BE 2010 AGT EV WIN SVR BDL CU LIC S BAS;AE BE 2010 AGT EV WIN SVR BDL CU LIC S BAS;AE BE 2010 AGT EV WIN SVR BDL CU LIC S BAS;AE BE 2010 AGT EV WIN SVR BDL CU LIC S BAS;;;;79;;
1;3;2094;1;885,5877;719,99;REW BE2010 AGT EV WIN PER SVR BDL VU LIC C BAS;20090323;;REW BE2010 AGT EV WIN PER SVR BDL VU LIC C BAS;REW BE2010 AGT EV WIN PER SVR BDL VU LIC C BAS;REW BE2010 AGT EV WIN PER SVR BDL VU LIC C BAS;REW BE2010 AGT EV WIN PER SVR BDL VU LIC C BAS;;;;79;;
1;3;2094;1;938,9328;763,36;REW BE2010 AGT EV WIN PER SVR BDL VU LIC C ESS;20090324;;REW BE2010 AGT EV WIN PER SVR BDL VU LIC C ESS;REW BE2010 AGT EV WIN PER SVR BDL VU LIC C ESS;REW BE2010 AGT EV WIN PER SVR BDL VU LIC C ESS;REW BE2010 AGT EV WIN PER SVR BDL VU LIC C ESS;;;;79;;
1;3;2094;1;989,781;804,7;EXP BE 2010 AGT EV WIN P SVR BDL VU LIC S BAS;20090325;;EXP BE 2010 AGT EV WIN P SVR BDL VU LIC S BAS;EXP BE 2010 AGT EV WIN P SVR BDL VU LIC S BAS;EXP BE 2010 AGT EV WIN P SVR BDL VU LIC S BAS;EXP BE 2010 AGT EV WIN P SVR BDL VU LIC S BAS;;;;79;;
1;3;2094;1;883,6935;718,45;GOV BE 2010 AGT EV WIN SVR BDL VU LIC S ESS;20090326;;GOV BE 2010 AGT EV WIN SVR BDL VU LIC S ESS;GOV BE 2010 AGT EV WIN SVR BDL VU LIC S ESS;GOV BE 2010 AGT EV WIN SVR BDL VU LIC S ESS;GOV BE 2010 AGT EV WIN SVR BDL VU LIC S ESS;;;;79;;
1;3;2094;1;1049,3991;853,17;EXP BE 2010 AGT EV WIN P SVR BDL VU LIC S ESS;20090327;;EXP BE 2010 AGT EV WIN P SVR BDL VU LIC S ESS;EXP BE 2010 AGT EV WIN P SVR BDL VU LIC S ESS;EXP BE 2010 AGT EV WIN P SVR BDL VU LIC S ESS;EXP BE 2010 AGT EV WIN P SVR BDL VU LIC S ESS;;;;79;;
1;3;2094;1;833,4972;677,64;REW BE2010 AGT EV WIN PER SVR BDL VU LIC D BAS;20090329;;REW BE2010 AGT EV WIN PER SVR BDL VU LIC D BAS;REW BE2010 AGT EV WIN PER SVR BDL VU LIC D BAS;REW BE2010 AGT EV WIN PER SVR BDL VU LIC D BAS;REW BE2010 AGT EV WIN PER SVR BDL VU LIC D BAS;;;;79;;
1;3;2094;1;883,6935;718,45;REW BE2010 AGT EV WIN PER SVR BDL VU LIC E ESS;20090331;;REW BE2010 AGT EV WIN PER SVR BDL VU LIC E ESS;REW BE2010 AGT EV WIN PER SVR BDL VU LIC E ESS;REW BE2010 AGT EV WIN PER SVR BDL VU LIC E ESS;REW BE2010 AGT EV WIN PER SVR BDL VU LIC E ESS;;;;79;;
1;3;2094;1;883,6935;718,45;REW BE2010 AGT EV WIN PER SVR BDL CU LIC D ESS;20090332;;REW BE2010 AGT EV WIN PER SVR BDL CU LIC D ESS;REW BE2010 AGT EV WIN PER SVR BDL CU LIC D ESS;REW BE2010 AGT EV WIN PER SVR BDL CU LIC D ESS;REW BE2010 AGT EV WIN PER SVR BDL CU LIC D ESS;;;;79;;
1;3;2094;1;924,6648;751,76;REW BE2010 AGT EV WIN PER SVR BDL CU LIC B BAS;20090333;;REW BE2010 AGT EV WIN PER SVR BDL CU LIC B BAS;REW BE2010 AGT EV WIN PER SVR BDL CU LIC B BAS;REW BE2010 AGT EV WIN PER SVR BDL CU LIC B BAS;REW BE2010 AGT EV WIN PER SVR BDL CU LIC B BAS;;;;79;;
1;3;2094;1;963,7296;783,52;REW BE2010 AGT EV WIN PER SVR BDL VU LIC A BAS;20090334;;REW BE2010 AGT EV WIN PER SVR BDL VU LIC A BAS;REW BE2010 AGT EV WIN PER SVR BDL VU LIC A BAS;REW BE2010 AGT EV WIN PER SVR BDL VU LIC A BAS;REW BE2010 AGT EV WIN PER SVR BDL VU LIC A BAS;;;;79;;
1;3;2094;1;833,4972;677,64;REW BE2010 AGT EV WIN PER SVR BDL VU LIC E BAS;20090335;;REW BE2010 AGT EV WIN PER SVR BDL VU LIC E BAS;REW BE2010 AGT EV WIN PER SVR BDL VU LIC E BAS;REW BE2010 AGT EV WIN PER SVR BDL VU LIC E BAS;REW BE2010 AGT EV WIN PER SVR BDL VU LIC E BAS;;;;79;;
1;3;2094;1;883,6935;718,45;REW BE2010 AGT EV WIN PER SVR BDL VU LIC D ESS;20090336;;REW BE2010 AGT EV WIN PER SVR BDL VU LIC D ESS;REW BE2010 AGT EV WIN PER SVR BDL VU LIC D ESS;REW BE2010 AGT EV WIN PER SVR BDL VU LIC D ESS;REW BE2010 AGT EV WIN PER SVR BDL VU LIC D ESS;;;;79;;
1;3;2094;1;1021,7733;830,71;REW BE2010 AGT EV WIN PER SVR BDL CU LIC A ESS;20090337;;REW BE2010 AGT EV WIN PER SVR BDL CU LIC A ESS;REW BE2010 AGT EV WIN PER SVR BDL CU LIC A ESS;REW BE2010 AGT EV WIN PER SVR BDL CU LIC A ESS;REW BE2010 AGT EV WIN PER SVR BDL CU LIC A ESS;;;;79;;
1;3;2094;1;883,6935;718,45;GOV BE 2010 AGT EV WIN SVR BDL CU LIC S ESS;20090338;;GOV BE 2010 AGT EV WIN SVR BDL CU LIC S ESS;GOV BE 2010 AGT EV WIN SVR BDL CU LIC S ESS;GOV BE 2010 AGT EV WIN SVR BDL CU LIC S ESS;GOV BE 2010 AGT EV WIN SVR BDL CU LIC S ESS;;;;79;;
1;3;2094;1;1049,3991;853,17;EXP BE 2010 AGT EV WIN P SVR BDL CU LIC S ESS;20090339;;EXP BE 2010 AGT EV WIN P SVR BDL CU LIC S ESS;EXP BE 2010 AGT EV WIN P SVR BDL CU LIC S ESS;EXP BE 2010 AGT EV WIN P SVR BDL CU LIC S ESS;EXP BE 2010 AGT EV WIN P SVR BDL CU LIC S ESS;;;;79;;
1;3;2094;1;833,4972;677,64;AE BE 2010 AGT EV WIN SVR BDL VU LIC S BAS;20090340;;AE BE 2010 AGT EV WIN SVR BDL VU LIC S BAS;AE BE 2010 AGT EV WIN SVR BDL VU LIC S BAS;AE BE 2010 AGT EV WIN SVR BDL VU LIC S BAS;AE BE 2010 AGT EV WIN SVR BDL VU LIC S BAS;;;;79;;
1;3;2094;1;883,6935;718,45;REW BE2010 AGT EV WIN PER SVR BDL CU LIC E ESS;20090341;;REW BE2010 AGT EV WIN PER SVR BDL CU LIC E ESS;REW BE2010 AGT EV WIN PER SVR BDL CU LIC E ESS;REW BE2010 AGT EV WIN PER SVR BDL CU LIC E ESS;REW BE2010 AGT EV WIN PER SVR BDL CU LIC E ESS;;;;79;;
1;3;2094;1;883,6935;718,45;AE BE 2010 AGT EV WIN SVR BDL CU LIC S ESS;20090342;;AE BE 2010 AGT EV WIN SVR BDL CU LIC S ESS;AE BE 2010 AGT EV WIN SVR BDL CU LIC S ESS;AE BE 2010 AGT EV WIN SVR BDL CU LIC S ESS;AE BE 2010 AGT EV WIN SVR BDL CU LIC S ESS;;;;79;;
1;3;2094;1;833,4972;677,64;REW BE2010 AGT EV WIN PER SVR BDL CU LIC E BAS;20090343;;REW BE2010 AGT EV WIN PER SVR BDL CU LIC E BAS;REW BE2010 AGT EV WIN PER SVR BDL CU LIC E BAS;REW BE2010 AGT EV WIN PER SVR BDL CU LIC E BAS;REW BE2010 AGT EV WIN PER SVR BDL CU LIC E BAS;;;;79;;
1;3;2094;1;989,781;804,7;EXP BE 2010 AGT EV WIN P SVR BDL CU LIC S BAS;20090344;;EXP BE 2010 AGT EV WIN P SVR BDL CU LIC S BAS;EXP BE 2010 AGT EV WIN P SVR BDL CU LIC S BAS;EXP BE 2010 AGT EV WIN P SVR BDL CU LIC S BAS;EXP BE 2010 AGT EV WIN P SVR BDL CU LIC S BAS;;;;79;;
1;3;2094;1;938,9328;763,36;REW BE2010 AGT EV WIN PER SVR BDL CU LIC C ESS;20090346;;REW BE2010 AGT EV WIN PER SVR BDL CU LIC C ESS;REW BE2010 AGT EV WIN PER SVR BDL CU LIC C ESS;REW BE2010 AGT EV WIN PER SVR BDL CU LIC C ESS;REW BE2010 AGT EV WIN PER SVR BDL CU LIC C ESS;;;;79;;
1;3;2094;1;963,7296;783,52;REW BE2010 AGT EV WIN PER SVR BDL CU LIC A BAS;20090347;;REW BE2010 AGT EV WIN PER SVR BDL CU LIC A BAS;REW BE2010 AGT EV WIN PER SVR BDL CU LIC A BAS;REW BE2010 AGT EV WIN PER SVR BDL CU LIC A BAS;REW BE2010 AGT EV WIN PER SVR BDL CU LIC A BAS;;;;79;;
1;3;2094;1;885,5877;719,99;REW BE2010 AGT EV WIN PER SVR BDL CU LIC C BAS;20090348;;REW BE2010 AGT EV WIN PER SVR BDL CU LIC C BAS;REW BE2010 AGT EV WIN PER SVR BDL CU LIC C BAS;REW BE2010 AGT EV WIN PER SVR BDL CU LIC C BAS;REW BE2010 AGT EV WIN PER SVR BDL CU LIC C BAS;;;;79;;
1;3;2094;1;611,5929;497,23;REW BE2010 AGT MSFT ACTIV DIR WIN DOM CU LIC B ESS;20090350;;REW BE2010 AGT MSFT ACTIV DIR WIN DOM CU LIC B ESS;REW BE2010 AGT MSFT ACTIV DIR WIN DOM CU LIC B ESS;REW BE2010 AGT MSFT ACTIV DIR WIN DOM CU LIC B ESS;REW BE2010 AGT MSFT ACTIV DIR WIN DOM CU LIC B ESS;;;;79;;
1;3;2094;1;585,726;476,2;REW BE2010 AGT MSFT ACTIV DIR WIN DOM CU LIC C ESS;20090351;;REW BE2010 AGT MSFT ACTIV DIR WIN DOM CU LIC C ESS;REW BE2010 AGT MSFT ACTIV DIR WIN DOM CU LIC C ESS;REW BE2010 AGT MSFT ACTIV DIR WIN DOM CU LIC C ESS;REW BE2010 AGT MSFT ACTIV DIR WIN DOM CU LIC C ESS;;;;79;;
1;3;2094;1;551,2737;448,19;REW BE2010 AGT MSFT ACTIV DIR WIN DOM CU LIC E ESS;20090352;;REW BE2010 AGT MSFT ACTIV DIR WIN DOM CU LIC E ESS;REW BE2010 AGT MSFT ACTIV DIR WIN DOM CU LIC E ESS;REW BE2010 AGT MSFT ACTIV DIR WIN DOM CU LIC E ESS;REW BE2010 AGT MSFT ACTIV DIR WIN DOM CU LIC E ESS;;;;79;;
1;3;2094;1;519,9456;422,72;GOV BE2010AGT MSFT ACTIVE DIR WIN DOM VU LIC S BAS;20090353;;GOV BE2010AGT MSFT ACTIVE DIR WIN DOM VU LIC S BAS;GOV BE2010AGT MSFT ACTIVE DIR WIN DOM VU LIC S BAS;GOV BE2010AGT MSFT ACTIVE DIR WIN DOM VU LIC S BAS;GOV BE2010AGT MSFT ACTIVE DIR WIN DOM VU LIC S BAS;;;;79;;
1;3;2094;1;551,2737;448,19;GOV BE2010AGT MSFT ACTIVE DIR WIN DOM CU LIC S ESS;20090354;;GOV BE2010AGT MSFT ACTIVE DIR WIN DOM CU LIC S ESS;GOV BE2010AGT MSFT ACTIVE DIR WIN DOM CU LIC S ESS;GOV BE2010AGT MSFT ACTIVE DIR WIN DOM CU LIC S ESS;GOV BE2010AGT MSFT ACTIVE DIR WIN DOM CU LIC S ESS;;;;79;;
1;3;2094;1;585,726;476,2;REW BE2010 AGT MSFT ACTIV DIR WIN DOM VU LIC C ESS;20090355;;REW BE2010 AGT MSFT ACTIV DIR WIN DOM VU LIC C ESS;REW BE2010 AGT MSFT ACTIV DIR WIN DOM VU LIC C ESS;REW BE2010 AGT MSFT ACTIV DIR WIN DOM VU LIC C ESS;REW BE2010 AGT MSFT ACTIV DIR WIN DOM VU LIC C ESS;;;;79;;
1;3;2094;1;576,8208;468,96;REW BE2010 AGT MSFT ACTIV DIR WIN DOM CU LIC B BAS;20090356;;REW BE2010 AGT MSFT ACTIV DIR WIN DOM CU LIC B BAS;REW BE2010 AGT MSFT ACTIV DIR WIN DOM CU LIC B BAS;REW BE2010 AGT MSFT ACTIV DIR WIN DOM CU LIC B BAS;REW BE2010 AGT MSFT ACTIV DIR WIN DOM CU LIC B BAS;;;;79;;
1;3;2094;1;617,4477;501,99;EXP BE2010AGT MSFT ACTIVE DIR WIN DOM CU LIC S BAS;20090357;;EXP BE2010AGT MSFT ACTIVE DIR WIN DOM CU LIC S BAS;EXP BE2010AGT MSFT ACTIVE DIR WIN DOM CU LIC S BAS;EXP BE2010AGT MSFT ACTIVE DIR WIN DOM CU LIC S BAS;EXP BE2010AGT MSFT ACTIVE DIR WIN DOM CU LIC S BAS;;;;79;;
1;3;2094;1;519,9456;422,72;AE BE2010 AGT MSFT ACTIVE DIR WIN DOM CU LIC S BAS;20090358;;AE BE2010 AGT MSFT ACTIVE DIR WIN DOM CU LIC S BAS;AE BE2010 AGT MSFT ACTIVE DIR WIN DOM CU LIC S BAS;AE BE2010 AGT MSFT ACTIVE DIR WIN DOM CU LIC S BAS;AE BE2010 AGT MSFT ACTIVE DIR WIN DOM CU LIC S BAS;;;;79;;
1;3;2094;1;519,9456;422,72;REW BE2010 AGT MSFT ACTIV DIR WIN DOM VU LIC D BAS;20090359;;REW BE2010 AGT MSFT ACTIV DIR WIN DOM VU LIC D BAS;REW BE2010 AGT MSFT ACTIV DIR WIN DOM VU LIC D BAS;REW BE2010 AGT MSFT ACTIV DIR WIN DOM VU LIC D BAS;REW BE2010 AGT MSFT ACTIV DIR WIN DOM VU LIC D BAS;;;;79;;
1;3;2094;1;519,9456;422,72;AE BE2010 AGT MSFT ACTIVE DIR WIN DOM VU LIC S BAS;20090360;;AE BE2010 AGT MSFT ACTIVE DIR WIN DOM VU LIC S BAS;AE BE2010 AGT MSFT ACTIVE DIR WIN DOM VU LIC S BAS;AE BE2010 AGT MSFT ACTIVE DIR WIN DOM VU LIC S BAS;AE BE2010 AGT MSFT ACTIVE DIR WIN DOM VU LIC S BAS;;;;79;;
1;3;2094;1;637,4106;518,22;REW BE2010 AGT MSFT ACTIV DIR WIN DOM CU LIC A ESS;20090361;;REW BE2010 AGT MSFT ACTIV DIR WIN DOM CU LIC A ESS;REW BE2010 AGT MSFT ACTIV DIR WIN DOM CU LIC A ESS;REW BE2010 AGT MSFT ACTIV DIR WIN DOM CU LIC A ESS;REW BE2010 AGT MSFT ACTIV DIR WIN DOM CU LIC A ESS;;;;79;;
1;3;2094;1;519,9456;422,72;REW BE2010 AGT MSFT ACTIV DIR WIN DOM CU LIC D BAS;20090362;;REW BE2010 AGT MSFT ACTIV DIR WIN DOM CU LIC D BAS;REW BE2010 AGT MSFT ACTIV DIR WIN DOM CU LIC D BAS;REW BE2010 AGT MSFT ACTIV DIR WIN DOM CU LIC D BAS;REW BE2010 AGT MSFT ACTIV DIR WIN DOM CU LIC D BAS;;;;79;;
1;3;2094;1;551,2737;448,19;AE BE2010 AGT MSFT ACTIVE DIR WIN DOM CU LIC S ESS;20090363;;AE BE2010 AGT MSFT ACTIVE DIR WIN DOM CU LIC S ESS;AE BE2010 AGT MSFT ACTIVE DIR WIN DOM CU LIC S ESS;AE BE2010 AGT MSFT ACTIVE DIR WIN DOM CU LIC S ESS;AE BE2010 AGT MSFT ACTIVE DIR WIN DOM CU LIC S ESS;;;;79;;
1;3;2094;1;576,8208;468,96;REW BE2010 AGT MSFT ACTIV DIR WIN DOM VU LIC B BAS;20090364;;REW BE2010 AGT MSFT ACTIV DIR WIN DOM VU LIC B BAS;REW BE2010 AGT MSFT ACTIV DIR WIN DOM VU LIC B BAS;REW BE2010 AGT MSFT ACTIV DIR WIN DOM VU LIC B BAS;REW BE2010 AGT MSFT ACTIV DIR WIN DOM VU LIC B BAS;;;;79;;
1;3;2094;1;552,4422;449,14;REW BE2010 AGT MSFT ACTIV DIR WIN DOM VU LIC C BAS;20090365;;REW BE2010 AGT MSFT ACTIV DIR WIN DOM VU LIC C BAS;REW BE2010 AGT MSFT ACTIV DIR WIN DOM VU LIC C BAS;REW BE2010 AGT MSFT ACTIV DIR WIN DOM VU LIC C BAS;REW BE2010 AGT MSFT ACTIV DIR WIN DOM VU LIC C BAS;;;;79;;
1;3;2094;1;519,9456;422,72;REW BE2010 AGT MSFT ACTIV DIR WIN DOM VU LIC E BAS;20090367;;REW BE2010 AGT MSFT ACTIV DIR WIN DOM VU LIC E BAS;REW BE2010 AGT MSFT ACTIV DIR WIN DOM VU LIC E BAS;REW BE2010 AGT MSFT ACTIV DIR WIN DOM VU LIC E BAS;REW BE2010 AGT MSFT ACTIV DIR WIN DOM VU LIC E BAS;;;;79;;
1;3;2094;1;551,2737;448,19;REW BE2010 AGT MSFT ACTIV DIR WIN DOM VU LIC D ESS;20090369;;REW BE2010 AGT MSFT ACTIV DIR WIN DOM VU LIC D ESS;REW BE2010 AGT MSFT ACTIV DIR WIN DOM VU LIC D ESS;REW BE2010 AGT MSFT ACTIV DIR WIN DOM VU LIC D ESS;REW BE2010 AGT MSFT ACTIV DIR WIN DOM VU LIC D ESS;;;;79;;
1;3;2094;1;551,2737;448,19;AE BE2010 AGT MSFT ACTIVE DIR WIN DOM VU LIC S ESS;20090370;;AE BE2010 AGT MSFT ACTIVE DIR WIN DOM VU LIC S ESS;AE BE2010 AGT MSFT ACTIVE DIR WIN DOM VU LIC S ESS;AE BE2010 AGT MSFT ACTIVE DIR WIN DOM VU LIC S ESS;AE BE2010 AGT MSFT ACTIVE DIR WIN DOM VU LIC S ESS;;;;79;;
1;3;2094;1;654,6429;532,23;EXP BE2010AGT MSFT ACTIVE DIR WIN DOM CU LIC S ESS;20090371;;EXP BE2010AGT MSFT ACTIVE DIR WIN DOM CU LIC S ESS;EXP BE2010AGT MSFT ACTIVE DIR WIN DOM CU LIC S ESS;EXP BE2010AGT MSFT ACTIVE DIR WIN DOM CU LIC S ESS;EXP BE2010AGT MSFT ACTIVE DIR WIN DOM CU LIC S ESS;;;;79;;
1;3;2094;1;601,1994;488,78;REW BE2010 AGT MSFT ACTIV DIR WIN DOM CU LIC A BAS;20090372;;REW BE2010 AGT MSFT ACTIV DIR WIN DOM CU LIC A BAS;REW BE2010 AGT MSFT ACTIV DIR WIN DOM CU LIC A BAS;REW BE2010 AGT MSFT ACTIV DIR WIN DOM CU LIC A BAS;REW BE2010 AGT MSFT ACTIV DIR WIN DOM CU LIC A BAS;;;;79;;
1;3;2094;1;519,9456;422,72;GOV BE2010AGT MSFT ACTIVE DIR WIN DOM CU LIC S BAS;20090373;;GOV BE2010AGT MSFT ACTIVE DIR WIN DOM CU LIC S BAS;GOV BE2010AGT MSFT ACTIVE DIR WIN DOM CU LIC S BAS;GOV BE2010AGT MSFT ACTIVE DIR WIN DOM CU LIC S BAS;GOV BE2010AGT MSFT ACTIVE DIR WIN DOM CU LIC S BAS;;;;79;;
1;3;2094;1;601,1994;488,78;REW BE2010 AGT MSFT ACTIV DIR WIN DOM VU LIC A BAS;20090374;;REW BE2010 AGT MSFT ACTIV DIR WIN DOM VU LIC A BAS;REW BE2010 AGT MSFT ACTIV DIR WIN DOM VU LIC A BAS;REW BE2010 AGT MSFT ACTIV DIR WIN DOM VU LIC A BAS;REW BE2010 AGT MSFT ACTIV DIR WIN DOM VU LIC A BAS;;;;79;;
1;3;2094;1;637,4106;518,22;REW BE2010 AGT MSFT ACTIV DIR WIN DOM VU LIC A ESS;20090375;;REW BE2010 AGT MSFT ACTIV DIR WIN DOM VU LIC A ESS;REW BE2010 AGT MSFT ACTIV DIR WIN DOM VU LIC A ESS;REW BE2010 AGT MSFT ACTIV DIR WIN DOM VU LIC A ESS;REW BE2010 AGT MSFT ACTIV DIR WIN DOM VU LIC A ESS;;;;79;;
1;3;2094;1;551,2737;448,19;GOV BE2010AGT MSFT ACTIVE DIR WIN DOM VU LIC S ESS;20090376;;GOV BE2010AGT MSFT ACTIVE DIR WIN DOM VU LIC S ESS;GOV BE2010AGT MSFT ACTIVE DIR WIN DOM VU LIC S ESS;GOV BE2010AGT MSFT ACTIVE DIR WIN DOM VU LIC S ESS;GOV BE2010AGT MSFT ACTIVE DIR WIN DOM VU LIC S ESS;;;;79;;
1;3;2094;1;551,2737;448,19;REW BE2010 AGT MSFT ACTIV DIR WIN DOM CU LIC D ESS;20090377;;REW BE2010 AGT MSFT ACTIV DIR WIN DOM CU LIC D ESS;REW BE2010 AGT MSFT ACTIV DIR WIN DOM CU LIC D ESS;REW BE2010 AGT MSFT ACTIV DIR WIN DOM CU LIC D ESS;REW BE2010 AGT MSFT ACTIV DIR WIN DOM CU LIC D ESS;;;;79;;
1;3;2094;1;519,9456;422,72;REW BE2010 AGT MSFT ACTIV DIR WIN DOM CU LIC E BAS;20090379;;REW BE2010 AGT MSFT ACTIV DIR WIN DOM CU LIC E BAS;REW BE2010 AGT MSFT ACTIV DIR WIN DOM CU LIC E BAS;REW BE2010 AGT MSFT ACTIV DIR WIN DOM CU LIC E BAS;REW BE2010 AGT MSFT ACTIV DIR WIN DOM CU LIC E BAS;;;;79;;
1;3;2094;1;611,5929;497,23;REW BE2010 AGT MSFT ACTIV DIR WIN DOM VU LIC B ESS;20090380;;REW BE2010 AGT MSFT ACTIV DIR WIN DOM VU LIC B ESS;REW BE2010 AGT MSFT ACTIV DIR WIN DOM VU LIC B ESS;REW BE2010 AGT MSFT ACTIV DIR WIN DOM VU LIC B ESS;REW BE2010 AGT MSFT ACTIV DIR WIN DOM VU LIC B ESS;;;;79;;
1;3;2094;1;552,4422;449,14;REW BE2010 AGT MSFT ACTIV DIR WIN DOM CU LIC C BAS;20090381;;REW BE2010 AGT MSFT ACTIV DIR WIN DOM CU LIC C BAS;REW BE2010 AGT MSFT ACTIV DIR WIN DOM CU LIC C BAS;REW BE2010 AGT MSFT ACTIV DIR WIN DOM CU LIC C BAS;REW BE2010 AGT MSFT ACTIV DIR WIN DOM CU LIC C BAS;;;;79;;
1;3;2094;1;617,4477;501,99;EXP BE2010AGT MSFT ACTIVE DIR WIN DOM VU LIC S BAS;20090382;;EXP BE2010AGT MSFT ACTIVE DIR WIN DOM VU LIC S BAS;EXP BE2010AGT MSFT ACTIVE DIR WIN DOM VU LIC S BAS;EXP BE2010AGT MSFT ACTIVE DIR WIN DOM VU LIC S BAS;EXP BE2010AGT MSFT ACTIVE DIR WIN DOM VU LIC S BAS;;;;79;;
1;3;2094;1;551,2737;448,19;REW BE2010 AGT MSFT ACTIV DIR WIN DOM VU LIC E ESS;20090383;;REW BE2010 AGT MSFT ACTIV DIR WIN DOM VU LIC E ESS;REW BE2010 AGT MSFT ACTIV DIR WIN DOM VU LIC E ESS;REW BE2010 AGT MSFT ACTIV DIR WIN DOM VU LIC E ESS;REW BE2010 AGT MSFT ACTIV DIR WIN DOM VU LIC E ESS;;;;79;;
1;3;2094;1;654,6429;532,23;EXP BE2010AGT MSFT ACTIVE DIR WIN DOM VU LIC S ESS;20090385;;EXP BE2010AGT MSFT ACTIVE DIR WIN DOM VU LIC S ESS;EXP BE2010AGT MSFT ACTIVE DIR WIN DOM VU LIC S ESS;EXP BE2010AGT MSFT ACTIVE DIR WIN DOM VU LIC S ESS;EXP BE2010AGT MSFT ACTIVE DIR WIN DOM VU LIC S ESS;;;;79;;
1;3;2094;1;523,0575;425,25;EXP BE 2010 AGT REM MEDIA LNX SVR LNX CU LIC S ESS;20090411;;EXP BE 2010 AGT REM MEDIA LNX SVR LNX CU LIC S ESS;EXP BE 2010 AGT REM MEDIA LNX SVR LNX CU LIC S ESS;EXP BE 2010 AGT REM MEDIA LNX SVR LNX CU LIC S ESS;EXP BE 2010 AGT REM MEDIA LNX SVR LNX CU LIC S ESS;;;;79;;
1;3;2094;1;493,3407;401,09;EXP BE 2010 AGT REM MEDIA LNX SVR LNX CU LIC S BAS;20090412;;EXP BE 2010 AGT REM MEDIA LNX SVR LNX CU LIC S BAS;EXP BE 2010 AGT REM MEDIA LNX SVR LNX CU LIC S BAS;EXP BE 2010 AGT REM MEDIA LNX SVR LNX CU LIC S BAS;EXP BE 2010 AGT REM MEDIA LNX SVR LNX CU LIC S BAS;;;;79;;
1;3;2094;1;415,4448;337,76;AE BE 2010 AGT REM MEDIA LNX SVR BDL VU LIC S BAS;20090413;;AE BE 2010 AGT REM MEDIA LNX SVR BDL VU LIC S BAS;AE BE 2010 AGT REM MEDIA LNX SVR BDL VU LIC S BAS;AE BE 2010 AGT REM MEDIA LNX SVR BDL VU LIC S BAS;AE BE 2010 AGT REM MEDIA LNX SVR BDL VU LIC S BAS;;;;79;;
1;3;2094;1;441,3978;358,86;REW BE 2010 AGT REM MEDIA LNX SVR BDL CU LIC C BAS;20090414;;REW BE 2010 AGT REM MEDIA LNX SVR BDL CU LIC C BAS;REW BE 2010 AGT REM MEDIA LNX SVR BDL CU LIC C BAS;REW BE 2010 AGT REM MEDIA LNX SVR BDL CU LIC C BAS;REW BE 2010 AGT REM MEDIA LNX SVR BDL CU LIC C BAS;;;;79;;
1;3;2094;1;415,4448;337,76;GOV BE 2010 AGT REM MEDIA LNX SVR BDL CU LIC S BAS;20090416;;GOV BE 2010 AGT REM MEDIA LNX SVR BDL CU LIC S BAS;GOV BE 2010 AGT REM MEDIA LNX SVR BDL CU LIC S BAS;GOV BE 2010 AGT REM MEDIA LNX SVR BDL CU LIC S BAS;GOV BE 2010 AGT REM MEDIA LNX SVR BDL CU LIC S BAS;;;;79;;
1;3;2094;1;493,3407;401,09;EXP BE 2010 AGT REM MEDIA LNX SVR LNX VU LIC S BAS;20090418;;EXP BE 2010 AGT REM MEDIA LNX SVR LNX VU LIC S BAS;EXP BE 2010 AGT REM MEDIA LNX SVR LNX VU LIC S BAS;EXP BE 2010 AGT REM MEDIA LNX SVR LNX VU LIC S BAS;EXP BE 2010 AGT REM MEDIA LNX SVR LNX VU LIC S BAS;;;;79;;
1;3;2094;1;509,2938;414,06;REW BE 2010 AGT REM MEDIA LNX SVR BDL VU LIC A ESS;20090419;;REW BE 2010 AGT REM MEDIA LNX SVR BDL VU LIC A ESS;REW BE 2010 AGT REM MEDIA LNX SVR BDL VU LIC A ESS;REW BE 2010 AGT REM MEDIA LNX SVR BDL VU LIC A ESS;REW BE 2010 AGT REM MEDIA LNX SVR BDL VU LIC A ESS;;;;79;;
1;3;2094;1;440,463;358,1;AE BE 2010 AGT REM MEDIA LNX SVR BDL VU LIC S ESS;20090420;;AE BE 2010 AGT REM MEDIA LNX SVR BDL VU LIC S ESS;AE BE 2010 AGT REM MEDIA LNX SVR BDL VU LIC S ESS;AE BE 2010 AGT REM MEDIA LNX SVR BDL VU LIC S ESS;AE BE 2010 AGT REM MEDIA LNX SVR BDL VU LIC S ESS;;;;79;;
1;3;2094;1;460,881;374,7;REW BE 2010 AGT REM MEDIA LNX SVR BDL VU LIC B BAS;20090421;;REW BE 2010 AGT REM MEDIA LNX SVR BDL VU LIC B BAS;REW BE 2010 AGT REM MEDIA LNX SVR BDL VU LIC B BAS;REW BE 2010 AGT REM MEDIA LNX SVR BDL VU LIC B BAS;REW BE 2010 AGT REM MEDIA LNX SVR BDL VU LIC B BAS;;;;79;;
1;3;2094;1;415,4448;337,76;GOV BE 2010 AGT REM MEDIA LNX SVR BDL VU LIC S BAS;20090422;;GOV BE 2010 AGT REM MEDIA LNX SVR BDL VU LIC S BAS;GOV BE 2010 AGT REM MEDIA LNX SVR BDL VU LIC S BAS;GOV BE 2010 AGT REM MEDIA LNX SVR BDL VU LIC S BAS;GOV BE 2010 AGT REM MEDIA LNX SVR BDL VU LIC S BAS;;;;79;;
1;3;2094;1;415,4448;337,76;REW BE 2010 AGT REM MEDIA LNX SVR BDL CU LIC D BAS;20090423;;REW BE 2010 AGT REM MEDIA LNX SVR BDL CU LIC D BAS;REW BE 2010 AGT REM MEDIA LNX SVR BDL CU LIC D BAS;REW BE 2010 AGT REM MEDIA LNX SVR BDL CU LIC D BAS;REW BE 2010 AGT REM MEDIA LNX SVR BDL CU LIC D BAS;;;;79;;
1;3;2094;1;488,6544;397,28;REW BE 2010 AGT REM MEDIA LNX SVR BDL VU LIC B ESS;20090424;;REW BE 2010 AGT REM MEDIA LNX SVR BDL VU LIC B ESS;REW BE 2010 AGT REM MEDIA LNX SVR BDL VU LIC B ESS;REW BE 2010 AGT REM MEDIA LNX SVR BDL VU LIC B ESS;REW BE 2010 AGT REM MEDIA LNX SVR BDL VU LIC B ESS;;;;79;;
1;3;2094;1;441,3978;358,86;REW BE 2010 AGT REM MEDIA LNX SVR BDL VU LIC C BAS;20090425;;REW BE 2010 AGT REM MEDIA LNX SVR BDL VU LIC C BAS;REW BE 2010 AGT REM MEDIA LNX SVR BDL VU LIC C BAS;REW BE 2010 AGT REM MEDIA LNX SVR BDL VU LIC C BAS;REW BE 2010 AGT REM MEDIA LNX SVR BDL VU LIC C BAS;;;;79;;
1;3;2094;1;467,9904;380,48;REW BE 2010 AGT REM MEDIA LNX SVR BDL CU LIC C ESS;20090426;;REW BE 2010 AGT REM MEDIA LNX SVR BDL CU LIC C ESS;REW BE 2010 AGT REM MEDIA LNX SVR BDL CU LIC C ESS;REW BE 2010 AGT REM MEDIA LNX SVR BDL CU LIC C ESS;REW BE 2010 AGT REM MEDIA LNX SVR BDL CU LIC C ESS;;;;79;;
1;3;2094;1;440,463;358,1;REW BE 2010 AGT REM MEDIA LNX SVR BDL CU LIC E ESS;20090427;;REW BE 2010 AGT REM MEDIA LNX SVR BDL CU LIC E ESS;REW BE 2010 AGT REM MEDIA LNX SVR BDL CU LIC E ESS;REW BE 2010 AGT REM MEDIA LNX SVR BDL CU LIC E ESS;REW BE 2010 AGT REM MEDIA LNX SVR BDL CU LIC E ESS;;;;79;;
1;3;2094;1;440,463;358,1;GOV BE 2010 AGT REM MEDIA LNX SVR BDL CU LIC S ESS;20090428;;GOV BE 2010 AGT REM MEDIA LNX SVR BDL CU LIC S ESS;GOV BE 2010 AGT REM MEDIA LNX SVR BDL CU LIC S ESS;GOV BE 2010 AGT REM MEDIA LNX SVR BDL CU LIC S ESS;GOV BE 2010 AGT REM MEDIA LNX SVR BDL CU LIC S ESS;;;;79;;
1;3;2094;1;440,463;358,1;AE BE 2010 AGT REM MEDIA LNX SVR BDL CU LIC S ESS;20090429;;AE BE 2010 AGT REM MEDIA LNX SVR BDL CU LIC S ESS;AE BE 2010 AGT REM MEDIA LNX SVR BDL CU LIC S ESS;AE BE 2010 AGT REM MEDIA LNX SVR BDL CU LIC S ESS;AE BE 2010 AGT REM MEDIA LNX SVR BDL CU LIC S ESS;;;;79;;
1;3;2094;1;480,3519;390,53;REW BE 2010 AGT REM MEDIA LNX SVR BDL CU LIC A BAS;20090430;;REW BE 2010 AGT REM MEDIA LNX SVR BDL CU LIC A BAS;REW BE 2010 AGT REM MEDIA LNX SVR BDL CU LIC A BAS;REW BE 2010 AGT REM MEDIA LNX SVR BDL CU LIC A BAS;REW BE 2010 AGT REM MEDIA LNX SVR BDL CU LIC A BAS;;;;79;;
1;3;2094;1;523,0575;425,25;EXP BE 2010 AGT REM MEDIA LNX SVR LNX VU LIC S ESS;20090431;;EXP BE 2010 AGT REM MEDIA LNX SVR LNX VU LIC S ESS;EXP BE 2010 AGT REM MEDIA LNX SVR LNX VU LIC S ESS;EXP BE 2010 AGT REM MEDIA LNX SVR LNX VU LIC S ESS;EXP BE 2010 AGT REM MEDIA LNX SVR LNX VU LIC S ESS;;;;79;;
1;3;2094;1;509,2938;414,06;REW BE 2010 AGT REM MEDIA LNX SVR BDL CU LIC A ESS;20090433;;REW BE 2010 AGT REM MEDIA LNX SVR BDL CU LIC A ESS;REW BE 2010 AGT REM MEDIA LNX SVR BDL CU LIC A ESS;REW BE 2010 AGT REM MEDIA LNX SVR BDL CU LIC A ESS;REW BE 2010 AGT REM MEDIA LNX SVR BDL CU LIC A ESS;;;;79;;
1;3;2094;1;488,6544;397,28;REW BE 2010 AGT REM MEDIA LNX SVR BDL CU LIC B ESS;20090434;;REW BE 2010 AGT REM MEDIA LNX SVR BDL CU LIC B ESS;REW BE 2010 AGT REM MEDIA LNX SVR BDL CU LIC B ESS;REW BE 2010 AGT REM MEDIA LNX SVR BDL CU LIC B ESS;REW BE 2010 AGT REM MEDIA LNX SVR BDL CU LIC B ESS;;;;79;;
1;3;2094;1;415,4448;337,76;REW BE 2010 AGT REM MEDIA LNX SVR BDL VU LIC E BAS;20090436;;REW BE 2010 AGT REM MEDIA LNX SVR BDL VU LIC E BAS;REW BE 2010 AGT REM MEDIA LNX SVR BDL VU LIC E BAS;REW BE 2010 AGT REM MEDIA LNX SVR BDL VU LIC E BAS;REW BE 2010 AGT REM MEDIA LNX SVR BDL VU LIC E BAS;;;;79;;
1;3;2094;1;460,881;374,7;REW BE 2010 AGT REM MEDIA LNX SVR BDL CU LIC B BAS;20090437;;REW BE 2010 AGT REM MEDIA LNX SVR BDL CU LIC B BAS;REW BE 2010 AGT REM MEDIA LNX SVR BDL CU LIC B BAS;REW BE 2010 AGT REM MEDIA LNX SVR BDL CU LIC B BAS;REW BE 2010 AGT REM MEDIA LNX SVR BDL CU LIC B BAS;;;;79;;
1;3;2094;1;415,4448;337,76;AE BE 2010 AGT REM MEDIA LNX SVR BDL CU LIC S BAS;20090438;;AE BE 2010 AGT REM MEDIA LNX SVR BDL CU LIC S BAS;AE BE 2010 AGT REM MEDIA LNX SVR BDL CU LIC S BAS;AE BE 2010 AGT REM MEDIA LNX SVR BDL CU LIC S BAS;AE BE 2010 AGT REM MEDIA LNX SVR BDL CU LIC S BAS;;;;79;;
1;3;2094;1;467,9904;380,48;REW BE 2010 AGT REM MEDIA LNX SVR BDL VU LIC C ESS;20090439;;REW BE 2010 AGT REM MEDIA LNX SVR BDL VU LIC C ESS;REW BE 2010 AGT REM MEDIA LNX SVR BDL VU LIC C ESS;REW BE 2010 AGT REM MEDIA LNX SVR BDL VU LIC C ESS;REW BE 2010 AGT REM MEDIA LNX SVR BDL VU LIC C ESS;;;;79;;
1;3;2094;1;480,3519;390,53;REW BE 2010 AGT REM MEDIA LNX SVR BDL VU LIC A BAS;20090440;;REW BE 2010 AGT REM MEDIA LNX SVR BDL VU LIC A BAS;REW BE 2010 AGT REM MEDIA LNX SVR BDL VU LIC A BAS;REW BE 2010 AGT REM MEDIA LNX SVR BDL VU LIC A BAS;REW BE 2010 AGT REM MEDIA LNX SVR BDL VU LIC A BAS;;;;79;;
1;3;2094;1;440,463;358,1;REW BE 2010 AGT REM MEDIA LNX SVR BDL CU LIC D ESS;20090441;;REW BE 2010 AGT REM MEDIA LNX SVR BDL CU LIC D ESS;REW BE 2010 AGT REM MEDIA LNX SVR BDL CU LIC D ESS;REW BE 2010 AGT REM MEDIA LNX SVR BDL CU LIC D ESS;REW BE 2010 AGT REM MEDIA LNX SVR BDL CU LIC D ESS;;;;79;;
1;3;2094;1;415,4448;337,76;REW BE 2010 AGT REM MEDIA LNX SVR BDL CU LIC E BAS;20090442;;REW BE 2010 AGT REM MEDIA LNX SVR BDL CU LIC E BAS;REW BE 2010 AGT REM MEDIA LNX SVR BDL CU LIC E BAS;REW BE 2010 AGT REM MEDIA LNX SVR BDL CU LIC E BAS;REW BE 2010 AGT REM MEDIA LNX SVR BDL CU LIC E BAS;;;;79;;
1;3;2094;1;440,463;358,1;REW BE 2010 AGT REM MEDIA LNX SVR BDL VU LIC D ESS;20090445;;REW BE 2010 AGT REM MEDIA LNX SVR BDL VU LIC D ESS;REW BE 2010 AGT REM MEDIA LNX SVR BDL VU LIC D ESS;REW BE 2010 AGT REM MEDIA LNX SVR BDL VU LIC D ESS;REW BE 2010 AGT REM MEDIA LNX SVR BDL VU LIC D ESS;;;;79;;
1;3;2094;1;440,463;358,1;REW BE 2010 AGT REM MEDIA LNX SVR BDL VU LIC E ESS;20090446;;REW BE 2010 AGT REM MEDIA LNX SVR BDL VU LIC E ESS;REW BE 2010 AGT REM MEDIA LNX SVR BDL VU LIC E ESS;REW BE 2010 AGT REM MEDIA LNX SVR BDL VU LIC E ESS;REW BE 2010 AGT REM MEDIA LNX SVR BDL VU LIC E ESS;;;;79;;
1;3;2094;1;440,463;358,1;GOV BE 2010 AGT REM MEDIA LNX SVR BDL VU LIC S ESS;20090447;;GOV BE 2010 AGT REM MEDIA LNX SVR BDL VU LIC S ESS;GOV BE 2010 AGT REM MEDIA LNX SVR BDL VU LIC S ESS;GOV BE 2010 AGT REM MEDIA LNX SVR BDL VU LIC S ESS;GOV BE 2010 AGT REM MEDIA LNX SVR BDL VU LIC S ESS;;;;79;;
1;3;2094;1;415,4448;337,76;REW BE 2010 AGT REM MEDIA LNX SVR BDL VU LIC D BAS;20090448;;REW BE 2010 AGT REM MEDIA LNX SVR BDL VU LIC D BAS;REW BE 2010 AGT REM MEDIA LNX SVR BDL VU LIC D BAS;REW BE 2010 AGT REM MEDIA LNX SVR BDL VU LIC D BAS;REW BE 2010 AGT REM MEDIA LNX SVR BDL VU LIC D BAS;;;;79;;
1;3;2094;1;883,6935;718,45;REW BE2010AGT VMWARE VIRT INFRA WIN CU LIC E ESS;20090474;;REW BE2010AGT VMWARE VIRT INFRA WIN CU LIC E ESS;REW BE2010AGT VMWARE VIRT INFRA WIN CU LIC E ESS;REW BE2010AGT VMWARE VIRT INFRA WIN CU LIC E ESS;REW BE2010AGT VMWARE VIRT INFRA WIN CU LIC E ESS;;;;79;;
1;3;2094;1;1021,7733;830,71;REW BE2010AGT VMWARE VIRT INFRA WIN VU LIC A ESS;20090475;;REW BE2010AGT VMWARE VIRT INFRA WIN VU LIC A ESS;REW BE2010AGT VMWARE VIRT INFRA WIN VU LIC A ESS;REW BE2010AGT VMWARE VIRT INFRA WIN VU LIC A ESS;REW BE2010AGT VMWARE VIRT INFRA WIN VU LIC A ESS;;;;79;;
1;3;2094;1;883,6935;718,45;GOV BE2010AGT VMWARE VIRT INFRA WIN VU LIC S ESS;20090476;;GOV BE2010AGT VMWARE VIRT INFRA WIN VU LIC S ESS;GOV BE2010AGT VMWARE VIRT INFRA WIN VU LIC S ESS;GOV BE2010AGT VMWARE VIRT INFRA WIN VU LIC S ESS;GOV BE2010AGT VMWARE VIRT INFRA WIN VU LIC S ESS;;;;79;;
1;3;2094;1;963,7296;783,52;REW BE2010AGT VMWARE VIRT INFRA WIN CU LIC A BAS;20090477;;REW BE2010AGT VMWARE VIRT INFRA WIN CU LIC A BAS;REW BE2010AGT VMWARE VIRT INFRA WIN CU LIC A BAS;REW BE2010AGT VMWARE VIRT INFRA WIN CU LIC A BAS;REW BE2010AGT VMWARE VIRT INFRA WIN CU LIC A BAS;;;;79;;
1;3;2094;1;883,6935;718,45;AE BE2010 AGT VMWARE VIRT INFRA WIN CU LIC S ESS;20090480;;AE BE2010 AGT VMWARE VIRT INFRA WIN CU LIC S ESS;AE BE2010 AGT VMWARE VIRT INFRA WIN CU LIC S ESS;AE BE2010 AGT VMWARE VIRT INFRA WIN CU LIC S ESS;AE BE2010 AGT VMWARE VIRT INFRA WIN CU LIC S ESS;;;;79;;
1;3;2094;1;833,4972;677,64;REW BE2010AGT VMWARE VIRT INFRA WIN VU LIC D BAS;20090481;;REW BE2010AGT VMWARE VIRT INFRA WIN VU LIC D BAS;REW BE2010AGT VMWARE VIRT INFRA WIN VU LIC D BAS;REW BE2010AGT VMWARE VIRT INFRA WIN VU LIC D BAS;REW BE2010AGT VMWARE VIRT INFRA WIN VU LIC D BAS;;;;79;;
1;3;2094;1;938,9328;763,36;REW BE2010AGT VMWARE VIRT INFRA WIN VU LIC C ESS;20090482;;REW BE2010AGT VMWARE VIRT INFRA WIN VU LIC C ESS;REW BE2010AGT VMWARE VIRT INFRA WIN VU LIC C ESS;REW BE2010AGT VMWARE VIRT INFRA WIN VU LIC C ESS;REW BE2010AGT VMWARE VIRT INFRA WIN VU LIC C ESS;;;;79;;
1;3;2094;1;1049,3991;853,17;EXP BE2010AGT VMWARE VIRT INFRA WIN VU LIC S ESS;20090483;;EXP BE2010AGT VMWARE VIRT INFRA WIN VU LIC S ESS;EXP BE2010AGT VMWARE VIRT INFRA WIN VU LIC S ESS;EXP BE2010AGT VMWARE VIRT INFRA WIN VU LIC S ESS;EXP BE2010AGT VMWARE VIRT INFRA WIN VU LIC S ESS;;;;79;;
1;3;2094;1;924,6648;751,76;REW BE2010AGT VMWARE VIRT INFRA WIN CU LIC B BAS;20090484;;REW BE2010AGT VMWARE VIRT INFRA WIN CU LIC B BAS;REW BE2010AGT VMWARE VIRT INFRA WIN CU LIC B BAS;REW BE2010AGT VMWARE VIRT INFRA WIN CU LIC B BAS;REW BE2010AGT VMWARE VIRT INFRA WIN CU LIC B BAS;;;;79;;
1;3;2094;1;980,3715;797,05;REW BE2010AGT VMWARE VIRT INFRA WIN VU LIC B ESS;20090485;;REW BE2010AGT VMWARE VIRT INFRA WIN VU LIC B ESS;REW BE2010AGT VMWARE VIRT INFRA WIN VU LIC B ESS;REW BE2010AGT VMWARE VIRT INFRA WIN VU LIC B ESS;REW BE2010AGT VMWARE VIRT INFRA WIN VU LIC B ESS;;;;79;;
1;3;2094;1;885,5877;719,99;REW BE2010AGT VMWARE VIRT INFRA WIN CU LIC C BAS;20090486;;REW BE2010AGT VMWARE VIRT INFRA WIN CU LIC C BAS;REW BE2010AGT VMWARE VIRT INFRA WIN CU LIC C BAS;REW BE2010AGT VMWARE VIRT INFRA WIN CU LIC C BAS;REW BE2010AGT VMWARE VIRT INFRA WIN CU LIC C BAS;;;;79;;
1;3;2094;1;833,4972;677,64;REW BE2010AGT VMWARE VIRT INFRA WIN VU LIC E BAS;20090487;;REW BE2010AGT VMWARE VIRT INFRA WIN VU LIC E BAS;REW BE2010AGT VMWARE VIRT INFRA WIN VU LIC E BAS;REW BE2010AGT VMWARE VIRT INFRA WIN VU LIC E BAS;REW BE2010AGT VMWARE VIRT INFRA WIN VU LIC E BAS;;;;79;;
1;3;2094;1;833,4972;677,64;REW BE2010AGT VMWARE VIRT INFRA WIN CU LIC E BAS;20090489;;REW BE2010AGT VMWARE VIRT INFRA WIN CU LIC E BAS;REW BE2010AGT VMWARE VIRT INFRA WIN CU LIC E BAS;REW BE2010AGT VMWARE VIRT INFRA WIN CU LIC E BAS;REW BE2010AGT VMWARE VIRT INFRA WIN CU LIC E BAS;;;;79;;
1;3;2094;1;989,781;804,7;EXP BE2010AGT VMWARE VIRT INFRA WIN CU LIC S BAS;20090490;;EXP BE2010AGT VMWARE VIRT INFRA WIN CU LIC S BAS;EXP BE2010AGT VMWARE VIRT INFRA WIN CU LIC S BAS;EXP BE2010AGT VMWARE VIRT INFRA WIN CU LIC S BAS;EXP BE2010AGT VMWARE VIRT INFRA WIN CU LIC S BAS;;;;79;;
1;3;2094;1;989,781;804,7;EXP BE2010AGT VMWARE VIRT INFRA WIN VU LIC S BAS;20090491;;EXP BE2010AGT VMWARE VIRT INFRA WIN VU LIC S BAS;EXP BE2010AGT VMWARE VIRT INFRA WIN VU LIC S BAS;EXP BE2010AGT VMWARE VIRT INFRA WIN VU LIC S BAS;EXP BE2010AGT VMWARE VIRT INFRA WIN VU LIC S BAS;;;;79;;
1;3;2094;1;833,4972;677,64;AE BE2010 AGT VMWARE VIRT INFRA WIN VU LIC S BAS;20090492;;AE BE2010 AGT VMWARE VIRT INFRA WIN VU LIC S BAS;AE BE2010 AGT VMWARE VIRT INFRA WIN VU LIC S BAS;AE BE2010 AGT VMWARE VIRT INFRA WIN VU LIC S BAS;AE BE2010 AGT VMWARE VIRT INFRA WIN VU LIC S BAS;;;;79;;
1;3;2094;1;883,6935;718,45;GOV BE2010AGT VMWARE VIRT INFRA WIN CU LIC S ESS;20090494;;GOV BE2010AGT VMWARE VIRT INFRA WIN CU LIC S ESS;GOV BE2010AGT VMWARE VIRT INFRA WIN CU LIC S ESS;GOV BE2010AGT VMWARE VIRT INFRA WIN CU LIC S ESS;GOV BE2010AGT VMWARE VIRT INFRA WIN CU LIC S ESS;;;;79;;
1;3;2094;1;883,6935;718,45;AE BE2010 AGT VMWARE VIRT INFRA WIN VU LIC S ESS;20090495;;AE BE2010 AGT VMWARE VIRT INFRA WIN VU LIC S ESS;AE BE2010 AGT VMWARE VIRT INFRA WIN VU LIC S ESS;AE BE2010 AGT VMWARE VIRT INFRA WIN VU LIC S ESS;AE BE2010 AGT VMWARE VIRT INFRA WIN VU LIC S ESS;;;;79;;
1;3;2094;1;1021,7733;830,71;REW BE2010AGT VMWARE VIRT INFRA WIN CU LIC A ESS;20090496;;REW BE2010AGT VMWARE VIRT INFRA WIN CU LIC A ESS;REW BE2010AGT VMWARE VIRT INFRA WIN CU LIC A ESS;REW BE2010AGT VMWARE VIRT INFRA WIN CU LIC A ESS;REW BE2010AGT VMWARE VIRT INFRA WIN CU LIC A ESS;;;;79;;
1;3;2094;1;938,9328;763,36;REW BE2010AGT VMWARE VIRT INFRA WIN CU LIC C ESS;20090497;;REW BE2010AGT VMWARE VIRT INFRA WIN CU LIC C ESS;REW BE2010AGT VMWARE VIRT INFRA WIN CU LIC C ESS;REW BE2010AGT VMWARE VIRT INFRA WIN CU LIC C ESS;REW BE2010AGT VMWARE VIRT INFRA WIN CU LIC C ESS;;;;79;;
1;3;2094;1;883,6935;718,45;REW BE2010AGT VMWARE VIRT INFRA WIN CU LIC D ESS;20090498;;REW BE2010AGT VMWARE VIRT INFRA WIN CU LIC D ESS;REW BE2010AGT VMWARE VIRT INFRA WIN CU LIC D ESS;REW BE2010AGT VMWARE VIRT INFRA WIN CU LIC D ESS;REW BE2010AGT VMWARE VIRT INFRA WIN CU LIC D ESS;;;;79;;
1;3;2094;1;1049,3991;853,17;EXP BE2010AGT VMWARE VIRT INFRA WIN CU LIC S ESS;20090499;;EXP BE2010AGT VMWARE VIRT INFRA WIN CU LIC S ESS;EXP BE2010AGT VMWARE VIRT INFRA WIN CU LIC S ESS;EXP BE2010AGT VMWARE VIRT INFRA WIN CU LIC S ESS;EXP BE2010AGT VMWARE VIRT INFRA WIN CU LIC S ESS;;;;79;;
1;3;2094;1;924,6648;751,76;REW BE2010AGT VMWARE VIRT INFRA WIN VU LIC B BAS;20090500;;REW BE2010AGT VMWARE VIRT INFRA WIN VU LIC B BAS;REW BE2010AGT VMWARE VIRT INFRA WIN VU LIC B BAS;REW BE2010AGT VMWARE VIRT INFRA WIN VU LIC B BAS;REW BE2010AGT VMWARE VIRT INFRA WIN VU LIC B BAS;;;;79;;
1;3;2094;1;885,5877;719,99;REW BE2010AGT VMWARE VIRT INFRA WIN VU LIC C BAS;20090501;;REW BE2010AGT VMWARE VIRT INFRA WIN VU LIC C BAS;REW BE2010AGT VMWARE VIRT INFRA WIN VU LIC C BAS;REW BE2010AGT VMWARE VIRT INFRA WIN VU LIC C BAS;REW BE2010AGT VMWARE VIRT INFRA WIN VU LIC C BAS;;;;79;;
1;3;2094;1;883,6935;718,45;REW BE2010AGT VMWARE VIRT INFRA WIN VU LIC E ESS;20090502;;REW BE2010AGT VMWARE VIRT INFRA WIN VU LIC E ESS;REW BE2010AGT VMWARE VIRT INFRA WIN VU LIC E ESS;REW BE2010AGT VMWARE VIRT INFRA WIN VU LIC E ESS;REW BE2010AGT VMWARE VIRT INFRA WIN VU LIC E ESS;;;;79;;
1;3;2094;1;833,4972;677,64;REW BE2010AGT VMWARE VIRT INFRA WIN CU LIC D BAS;20090504;;REW BE2010AGT VMWARE VIRT INFRA WIN CU LIC D BAS;REW BE2010AGT VMWARE VIRT INFRA WIN CU LIC D BAS;REW BE2010AGT VMWARE VIRT INFRA WIN CU LIC D BAS;REW BE2010AGT VMWARE VIRT INFRA WIN CU LIC D BAS;;;;79;;
1;3;2094;1;833,4972;677,64;GOV BE2010AGT VMWARE VIRT INFRA WIN CU LIC S BAS;20090505;;GOV BE2010AGT VMWARE VIRT INFRA WIN CU LIC S BAS;GOV BE2010AGT VMWARE VIRT INFRA WIN CU LIC S BAS;GOV BE2010AGT VMWARE VIRT INFRA WIN CU LIC S BAS;GOV BE2010AGT VMWARE VIRT INFRA WIN CU LIC S BAS;;;;79;;
1;3;2094;1;833,4972;677,64;AE BE2010 AGT VMWARE VIRT INFRA WIN CU LIC S BAS;20090506;;AE BE2010 AGT VMWARE VIRT INFRA WIN CU LIC S BAS;AE BE2010 AGT VMWARE VIRT INFRA WIN CU LIC S BAS;AE BE2010 AGT VMWARE VIRT INFRA WIN CU LIC S BAS;AE BE2010 AGT VMWARE VIRT INFRA WIN CU LIC S BAS;;;;79;;
1;3;2094;1;980,3715;797,05;REW BE2010AGT VMWARE VIRT INFRA WIN CU LIC B ESS;20090507;;REW BE2010AGT VMWARE VIRT INFRA WIN CU LIC B ESS;REW BE2010AGT VMWARE VIRT INFRA WIN CU LIC B ESS;REW BE2010AGT VMWARE VIRT INFRA WIN CU LIC B ESS;REW BE2010AGT VMWARE VIRT INFRA WIN CU LIC B ESS;;;;79;;
1;3;2094;1;963,7296;783,52;REW BE2010AGT VMWARE VIRT INFRA WIN VU LIC A BAS;20090508;;REW BE2010AGT VMWARE VIRT INFRA WIN VU LIC A BAS;REW BE2010AGT VMWARE VIRT INFRA WIN VU LIC A BAS;REW BE2010AGT VMWARE VIRT INFRA WIN VU LIC A BAS;REW BE2010AGT VMWARE VIRT INFRA WIN VU LIC A BAS;;;;79;;
1;3;2094;1;833,4972;677,64;GOV BE2010AGT VMWARE VIRT INFRA WIN VU LIC S BAS;20090509;;GOV BE2010AGT VMWARE VIRT INFRA WIN VU LIC S BAS;GOV BE2010AGT VMWARE VIRT INFRA WIN VU LIC S BAS;GOV BE2010AGT VMWARE VIRT INFRA WIN VU LIC S BAS;GOV BE2010AGT VMWARE VIRT INFRA WIN VU LIC S BAS;;;;79;;
1;3;2094;1;883,6935;718,45;REW BE2010AGT VMWARE VIRT INFRA WIN VU LIC D ESS;20090510;;REW BE2010AGT VMWARE VIRT INFRA WIN VU LIC D ESS;REW BE2010AGT VMWARE VIRT INFRA WIN VU LIC D ESS;REW BE2010AGT VMWARE VIRT INFRA WIN VU LIC D ESS;REW BE2010AGT VMWARE VIRT INFRA WIN VU LIC D ESS;;;;79;;
1;3;2094;1;391,4598;318,26;EXP BE 2010 AGT WIN SYS WIN SVR BDL VU LIC S ESS;20090511;;EXP BE 2010 AGT WIN SYS WIN SVR BDL VU LIC S ESS;EXP BE 2010 AGT WIN SYS WIN SVR BDL VU LIC S ESS;EXP BE 2010 AGT WIN SYS WIN SVR BDL VU LIC S ESS;EXP BE 2010 AGT WIN SYS WIN SVR BDL VU LIC S ESS;;;;79;;
1;3;2094;1;329,6523;268,01;AE BE2010 AGT WIN SYS WIN P SVR BDL VU LIC S ESS;20090512;;AE BE2010 AGT WIN SYS WIN P SVR BDL VU LIC S ESS;AE BE2010 AGT WIN SYS WIN P SVR BDL VU LIC S ESS;AE BE2010 AGT WIN SYS WIN P SVR BDL VU LIC S ESS;AE BE2010 AGT WIN SYS WIN P SVR BDL VU LIC S ESS;;;;79;;
1;3;2094;1;369,2337;300,19;EXP BE 2010 AGT WIN SYS WIN SVR BDL CU LIC S BAS;20090513;;EXP BE 2010 AGT WIN SYS WIN SVR BDL CU LIC S BAS;EXP BE 2010 AGT WIN SYS WIN SVR BDL CU LIC S BAS;EXP BE 2010 AGT WIN SYS WIN SVR BDL CU LIC S BAS;EXP BE 2010 AGT WIN SYS WIN SVR BDL CU LIC S BAS;;;;79;;
1;3;2094;1;329,6523;268,01;REW BE 2010 AGT WIN SYS WIN SVR BDL VU LIC E ESS;20090514;;REW BE 2010 AGT WIN SYS WIN SVR BDL VU LIC E ESS;REW BE 2010 AGT WIN SYS WIN SVR BDL VU LIC E ESS;REW BE 2010 AGT WIN SYS WIN SVR BDL VU LIC E ESS;REW BE 2010 AGT WIN SYS WIN SVR BDL VU LIC E ESS;;;;79;;
1;3;2094;1;310,9194;252,78;REW BE 2010 AGT WIN SYS WIN SVR BDL CU LIC E BAS;20090516;;REW BE 2010 AGT WIN SYS WIN SVR BDL CU LIC E BAS;REW BE 2010 AGT WIN SYS WIN SVR BDL CU LIC E BAS;REW BE 2010 AGT WIN SYS WIN SVR BDL CU LIC E BAS;REW BE 2010 AGT WIN SYS WIN SVR BDL CU LIC E BAS;;;;79;;
1;3;2094;1;329,6523;268,01;REW BE 2010 AGT WIN SYS WIN SVR BDL CU LIC E ESS;20090517;;REW BE 2010 AGT WIN SYS WIN SVR BDL CU LIC E ESS;REW BE 2010 AGT WIN SYS WIN SVR BDL CU LIC E ESS;REW BE 2010 AGT WIN SYS WIN SVR BDL CU LIC E ESS;REW BE 2010 AGT WIN SYS WIN SVR BDL CU LIC E ESS;;;;79;;
1;3;2094;1;310,9194;252,78;GOV BE 2010 AGT WIN SYS WIN SVR BDL VU LIC S BAS;20090518;;GOV BE 2010 AGT WIN SYS WIN SVR BDL VU LIC S BAS;GOV BE 2010 AGT WIN SYS WIN SVR BDL VU LIC S BAS;GOV BE 2010 AGT WIN SYS WIN SVR BDL VU LIC S BAS;GOV BE 2010 AGT WIN SYS WIN SVR BDL VU LIC S BAS;;;;79;;
1;3;2094;1;329,6523;268,01;GOV BE 2010 AGT WIN SYS WIN SVR BDL VU LIC S ESS;20090519;;GOV BE 2010 AGT WIN SYS WIN SVR BDL VU LIC S ESS;GOV BE 2010 AGT WIN SYS WIN SVR BDL VU LIC S ESS;GOV BE 2010 AGT WIN SYS WIN SVR BDL VU LIC S ESS;GOV BE 2010 AGT WIN SYS WIN SVR BDL VU LIC S ESS;;;;79;;
1;3;2094;1;359,5167;292,29;REW BE 2010 AGT WIN SYS WIN SVR BDL CU LIC A BAS;20090520;;REW BE 2010 AGT WIN SYS WIN SVR BDL CU LIC A BAS;REW BE 2010 AGT WIN SYS WIN SVR BDL CU LIC A BAS;REW BE 2010 AGT WIN SYS WIN SVR BDL CU LIC A BAS;REW BE 2010 AGT WIN SYS WIN SVR BDL CU LIC A BAS;;;;79;;
1;3;2094;1;329,6523;268,01;GOV BE 2010 AGT WIN SYS WIN SVR BDL CU LIC S ESS;20090521;;GOV BE 2010 AGT WIN SYS WIN SVR BDL CU LIC S ESS;GOV BE 2010 AGT WIN SYS WIN SVR BDL CU LIC S ESS;GOV BE 2010 AGT WIN SYS WIN SVR BDL CU LIC S ESS;GOV BE 2010 AGT WIN SYS WIN SVR BDL CU LIC S ESS;;;;79;;
1;3;2094;1;344,9289;280,43;REW BE 2010 AGT WIN SYS WIN SVR BDL CU LIC B BAS;20090541;;REW BE 2010 AGT WIN SYS WIN SVR BDL CU LIC B BAS;REW BE 2010 AGT WIN SYS WIN SVR BDL CU LIC B BAS;REW BE 2010 AGT WIN SYS WIN SVR BDL CU LIC B BAS;REW BE 2010 AGT WIN SYS WIN SVR BDL CU LIC B BAS;;;;79;;
1;3;2094;1;310,9194;252,78;GOV BE 2010 AGT WIN SYS WIN SVR BDL CU LIC S BAS;20090542;;GOV BE 2010 AGT WIN SYS WIN SVR BDL CU LIC S BAS;GOV BE 2010 AGT WIN SYS WIN SVR BDL CU LIC S BAS;GOV BE 2010 AGT WIN SYS WIN SVR BDL CU LIC S BAS;GOV BE 2010 AGT WIN SYS WIN SVR BDL CU LIC S BAS;;;;79;;
1;3;2094;1;344,9289;280,43;REW BE 2010 AGT WIN SYS WIN SVR BDL VU LIC B BAS;20090543;;REW BE 2010 AGT WIN SYS WIN SVR BDL VU LIC B BAS;REW BE 2010 AGT WIN SYS WIN SVR BDL VU LIC B BAS;REW BE 2010 AGT WIN SYS WIN SVR BDL VU LIC B BAS;REW BE 2010 AGT WIN SYS WIN SVR BDL VU LIC B BAS;;;;79;;
1;3;2094;1;310,9194;252,78;REW BE 2010 AGT WIN SYS WIN SVR BDL VU LIC D BAS;20090544;;REW BE 2010 AGT WIN SYS WIN SVR BDL VU LIC D BAS;REW BE 2010 AGT WIN SYS WIN SVR BDL VU LIC D BAS;REW BE 2010 AGT WIN SYS WIN SVR BDL VU LIC D BAS;REW BE 2010 AGT WIN SYS WIN SVR BDL VU LIC D BAS;;;;79;;
1;3;2094;1;310,9194;252,78;REW BE 2010 AGT WIN SYS WIN SVR BDL CU LIC D BAS;20090545;;REW BE 2010 AGT WIN SYS WIN SVR BDL CU LIC D BAS;REW BE 2010 AGT WIN SYS WIN SVR BDL CU LIC D BAS;REW BE 2010 AGT WIN SYS WIN SVR BDL CU LIC D BAS;REW BE 2010 AGT WIN SYS WIN SVR BDL CU LIC D BAS;;;;79;;
1;3;2094;1;350,2548;284,76;REW BE 2010 AGT WIN SYS WIN SVR BDL CU LIC C ESS;20090546;;REW BE 2010 AGT WIN SYS WIN SVR BDL CU LIC C ESS;REW BE 2010 AGT WIN SYS WIN SVR BDL CU LIC C ESS;REW BE 2010 AGT WIN SYS WIN SVR BDL CU LIC C ESS;REW BE 2010 AGT WIN SYS WIN SVR BDL CU LIC C ESS;;;;79;;
1;3;2094;1;329,6523;268,01;REW BE 2010 AGT WIN SYS WIN SVR BDL CU LIC D ESS;20090547;;REW BE 2010 AGT WIN SYS WIN SVR BDL CU LIC D ESS;REW BE 2010 AGT WIN SYS WIN SVR BDL CU LIC D ESS;REW BE 2010 AGT WIN SYS WIN SVR BDL CU LIC D ESS;REW BE 2010 AGT WIN SYS WIN SVR BDL CU LIC D ESS;;;;79;;
1;3;2094;1;310,9194;252,78;REW BE 2010 AGT WIN SYS WIN SVR BDL VU LIC E BAS;20090549;;REW BE 2010 AGT WIN SYS WIN SVR BDL VU LIC E BAS;REW BE 2010 AGT WIN SYS WIN SVR BDL VU LIC E BAS;REW BE 2010 AGT WIN SYS WIN SVR BDL VU LIC E BAS;REW BE 2010 AGT WIN SYS WIN SVR BDL VU LIC E BAS;;;;79;;
1;3;2094;1;330,3534;268,58;REW BE 2010 AGT WIN SYS WIN SVR BDL CU LIC C BAS;20090550;;REW BE 2010 AGT WIN SYS WIN SVR BDL CU LIC C BAS;REW BE 2010 AGT WIN SYS WIN SVR BDL CU LIC C BAS;REW BE 2010 AGT WIN SYS WIN SVR BDL CU LIC C BAS;REW BE 2010 AGT WIN SYS WIN SVR BDL CU LIC C BAS;;;;79;;
1;3;2094;1;310,9194;252,78;AE BE2010 AGT WIN SYS WIN P SVR BDL CU LIC S BAS;20090552;;AE BE2010 AGT WIN SYS WIN P SVR BDL CU LIC S BAS;AE BE2010 AGT WIN SYS WIN P SVR BDL CU LIC S BAS;AE BE2010 AGT WIN SYS WIN P SVR BDL CU LIC S BAS;AE BE2010 AGT WIN SYS WIN P SVR BDL CU LIC S BAS;;;;79;;
1;3;2094;1;381,1647;309,89;REW BE 2010 AGT WIN SYS WIN SVR BDL CU LIC A ESS;20090553;;REW BE 2010 AGT WIN SYS WIN SVR BDL CU LIC A ESS;REW BE 2010 AGT WIN SYS WIN SVR BDL CU LIC A ESS;REW BE 2010 AGT WIN SYS WIN SVR BDL CU LIC A ESS;REW BE 2010 AGT WIN SYS WIN SVR BDL CU LIC A ESS;;;;79;;
1;3;2094;1;365,7282;297,34;REW BE 2010 AGT WIN SYS WIN SVR BDL CU LIC B ESS;20090554;;REW BE 2010 AGT WIN SYS WIN SVR BDL CU LIC B ESS;REW BE 2010 AGT WIN SYS WIN SVR BDL CU LIC B ESS;REW BE 2010 AGT WIN SYS WIN SVR BDL CU LIC B ESS;REW BE 2010 AGT WIN SYS WIN SVR BDL CU LIC B ESS;;;;79;;
1;3;2094;1;329,6523;268,01;AE BE2010 AGT WIN SYS WIN P SVR BDL CU LIC S ESS;20090555;;AE BE2010 AGT WIN SYS WIN P SVR BDL CU LIC S ESS;AE BE2010 AGT WIN SYS WIN P SVR BDL CU LIC S ESS;AE BE2010 AGT WIN SYS WIN P SVR BDL CU LIC S ESS;AE BE2010 AGT WIN SYS WIN P SVR BDL CU LIC S ESS;;;;79;;
1;3;2094;1;381,1647;309,89;REW BE 2010 AGT WIN SYS WIN SVR BDL VU LIC A ESS;20090556;;REW BE 2010 AGT WIN SYS WIN SVR BDL VU LIC A ESS;REW BE 2010 AGT WIN SYS WIN SVR BDL VU LIC A ESS;REW BE 2010 AGT WIN SYS WIN SVR BDL VU LIC A ESS;REW BE 2010 AGT WIN SYS WIN SVR BDL VU LIC A ESS;;;;79;;
1;3;2094;1;350,2548;284,76;REW BE 2010 AGT WIN SYS WIN SVR BDL VU LIC C ESS;20090557;;REW BE 2010 AGT WIN SYS WIN SVR BDL VU LIC C ESS;REW BE 2010 AGT WIN SYS WIN SVR BDL VU LIC C ESS;REW BE 2010 AGT WIN SYS WIN SVR BDL VU LIC C ESS;REW BE 2010 AGT WIN SYS WIN SVR BDL VU LIC C ESS;;;;79;;
1;3;2094;1;359,5167;292,29;REW BE 2010 AGT WIN SYS WIN SVR BDL VU LIC A BAS;20090558;;REW BE 2010 AGT WIN SYS WIN SVR BDL VU LIC A BAS;REW BE 2010 AGT WIN SYS WIN SVR BDL VU LIC A BAS;REW BE 2010 AGT WIN SYS WIN SVR BDL VU LIC A BAS;REW BE 2010 AGT WIN SYS WIN SVR BDL VU LIC A BAS;;;;79;;
1;3;2094;1;310,9194;252,78;AE BE2010 AGT WIN SYS WIN P SVR BDL VU LIC S BAS;20090559;;AE BE2010 AGT WIN SYS WIN P SVR BDL VU LIC S BAS;AE BE2010 AGT WIN SYS WIN P SVR BDL VU LIC S BAS;AE BE2010 AGT WIN SYS WIN P SVR BDL VU LIC S BAS;AE BE2010 AGT WIN SYS WIN P SVR BDL VU LIC S BAS;;;;79;;
1;3;2094;1;329,6523;268,01;REW BE 2010 AGT WIN SYS WIN SVR BDL VU LIC D ESS;20090560;;REW BE 2010 AGT WIN SYS WIN SVR BDL VU LIC D ESS;REW BE 2010 AGT WIN SYS WIN SVR BDL VU LIC D ESS;REW BE 2010 AGT WIN SYS WIN SVR BDL VU LIC D ESS;REW BE 2010 AGT WIN SYS WIN SVR BDL VU LIC D ESS;;;;79;;
1;3;2094;1;391,4598;318,26;EXP BE 2010 AGT WIN SYS WIN SVR BDL CU LIC S ESS;20090561;;EXP BE 2010 AGT WIN SYS WIN SVR BDL CU LIC S ESS;EXP BE 2010 AGT WIN SYS WIN SVR BDL CU LIC S ESS;EXP BE 2010 AGT WIN SYS WIN SVR BDL CU LIC S ESS;EXP BE 2010 AGT WIN SYS WIN SVR BDL CU LIC S ESS;;;;79;;
1;3;2094;1;330,3534;268,58;REW BE 2010 AGT WIN SYS WIN SVR BDL VU LIC C BAS;20090562;;REW BE 2010 AGT WIN SYS WIN SVR BDL VU LIC C BAS;REW BE 2010 AGT WIN SYS WIN SVR BDL VU LIC C BAS;REW BE 2010 AGT WIN SYS WIN SVR BDL VU LIC C BAS;REW BE 2010 AGT WIN SYS WIN SVR BDL VU LIC C BAS;;;;79;;
1;3;2094;1;369,2337;300,19;EXP BE 2010 AGT WIN SYS WIN SVR BDL VU LIC S BAS;20090563;;EXP BE 2010 AGT WIN SYS WIN SVR BDL VU LIC S BAS;EXP BE 2010 AGT WIN SYS WIN SVR BDL VU LIC S BAS;EXP BE 2010 AGT WIN SYS WIN SVR BDL VU LIC S BAS;EXP BE 2010 AGT WIN SYS WIN SVR BDL VU LIC S BAS;;;;79;;
1;3;2094;1;365,7282;297,34;REW BE 2010 AGT WIN SYS WIN SVR BDL VU LIC B ESS;20090564;;REW BE 2010 AGT WIN SYS WIN SVR BDL VU LIC B ESS;REW BE 2010 AGT WIN SYS WIN SVR BDL VU LIC B ESS;REW BE 2010 AGT WIN SYS WIN SVR BDL VU LIC B ESS;REW BE 2010 AGT WIN SYS WIN SVR BDL VU LIC B ESS;;;;79;;
1;3;2094;1;1042,5111;847,57;AE BE 2010 CENTRAL ADMIN SVR WIN SVR CU LIC S BAS;20090695;;AE BE 2010 CENTRAL ADMIN SVR WIN SVR CU LIC S BAS;AE BE 2010 CENTRAL ADMIN SVR WIN SVR CU LIC S BAS;AE BE 2010 CENTRAL ADMIN SVR WIN SVR CU LIC S BAS;AE BE 2010 CENTRAL ADMIN SVR WIN SVR CU LIC S BAS;;;;79;;
1;3;2094;1;1107,6765;900,55;REW BE 2010 OPT CENTRAL ADMN SVR WIN VU LIC C BAS;20090696;;REW BE 2010 OPT CENTRAL ADMN SVR WIN VU LIC C BAS;REW BE 2010 OPT CENTRAL ADMN SVR WIN VU LIC C BAS;REW BE 2010 OPT CENTRAL ADMN SVR WIN VU LIC C BAS;REW BE 2010 OPT CENTRAL ADMN SVR WIN VU LIC C BAS;;;;79;;
1;3;2094;1;1156,5444;940,28;REW BE 2010 OPT CENTRAL ADMN SVR WIN CU LIC B BAS;20090697;;REW BE 2010 OPT CENTRAL ADMN SVR WIN CU LIC B BAS;REW BE 2010 OPT CENTRAL ADMN SVR WIN CU LIC B BAS;REW BE 2010 OPT CENTRAL ADMN SVR WIN CU LIC B BAS;REW BE 2010 OPT CENTRAL ADMN SVR WIN CU LIC B BAS;;;;79;;
1;3;2094;1;1107,6765;900,55;REW BE 2010 OPT CENTRAL ADMN SVR WIN CU LIC C BAS;20090698;;REW BE 2010 OPT CENTRAL ADMN SVR WIN CU LIC C BAS;REW BE 2010 OPT CENTRAL ADMN SVR WIN CU LIC C BAS;REW BE 2010 OPT CENTRAL ADMN SVR WIN CU LIC C BAS;REW BE 2010 OPT CENTRAL ADMN SVR WIN CU LIC C BAS;;;;79;;
1;3;2094;1;1237,995;1006,5;EXP BE 2010 CENTRAL ADMIN SVR WIN SVR CU LIC S BAS;20090699;;EXP BE 2010 CENTRAL ADMIN SVR WIN SVR CU LIC S BAS;EXP BE 2010 CENTRAL ADMIN SVR WIN SVR CU LIC S BAS;EXP BE 2010 CENTRAL ADMIN SVR WIN SVR CU LIC S BAS;EXP BE 2010 CENTRAL ADMIN SVR WIN SVR CU LIC S BAS;;;;79;;
1;3;2094;1;1105,3149;898,63;REW BE 2010 OPT CENTRAL ADMN SVR WIN CU LIC D ESS;20090700;;REW BE 2010 OPT CENTRAL ADMN SVR WIN CU LIC D ESS;REW BE 2010 OPT CENTRAL ADMN SVR WIN CU LIC D ESS;REW BE 2010 OPT CENTRAL ADMN SVR WIN CU LIC D ESS;REW BE 2010 OPT CENTRAL ADMN SVR WIN CU LIC D ESS;;;;79;;
1;3;2094;1;1105,3149;898,63;REW BE 2010 OPT CENTRAL ADMN SVR WIN VU LIC E ESS;20090703;;REW BE 2010 OPT CENTRAL ADMN SVR WIN VU LIC E ESS;REW BE 2010 OPT CENTRAL ADMN SVR WIN VU LIC E ESS;REW BE 2010 OPT CENTRAL ADMN SVR WIN VU LIC E ESS;REW BE 2010 OPT CENTRAL ADMN SVR WIN VU LIC E ESS;;;;79;;
1;3;2094;1;1105,3149;898,63;AE BE 2010 CENTRAL ADMIN SVR WIN SVR VU LIC S ESS;20090704;;AE BE 2010 CENTRAL ADMIN SVR WIN SVR VU LIC S ESS;AE BE 2010 CENTRAL ADMIN SVR WIN SVR VU LIC S ESS;AE BE 2010 CENTRAL ADMIN SVR WIN SVR VU LIC S ESS;AE BE 2010 CENTRAL ADMIN SVR WIN SVR VU LIC S ESS;;;;79;;
1;3;2094;1;1105,3149;898,63;REW BE 2010 OPT CENTRAL ADMN SVR WIN VU LIC D ESS;20090705;;REW BE 2010 OPT CENTRAL ADMN SVR WIN VU LIC D ESS;REW BE 2010 OPT CENTRAL ADMN SVR WIN VU LIC D ESS;REW BE 2010 OPT CENTRAL ADMN SVR WIN VU LIC D ESS;REW BE 2010 OPT CENTRAL ADMN SVR WIN VU LIC D ESS;;;;79;;
1;3;2094;1;1105,3149;898,63;GOV BE 2010 CENTRAL ADMIN SVR WIN SVR VU LIC S ESS;20090706;;GOV BE 2010 CENTRAL ADMIN SVR WIN SVR VU LIC S ESS;GOV BE 2010 CENTRAL ADMIN SVR WIN SVR VU LIC S ESS;GOV BE 2010 CENTRAL ADMIN SVR WIN SVR VU LIC S ESS;GOV BE 2010 CENTRAL ADMIN SVR WIN SVR VU LIC S ESS;;;;79;;
1;3;2094;1;1205,4;980;REW BE 2010 OPT CENTRAL ADMN SVR WIN CU LIC A BAS;20090707;;REW BE 2010 OPT CENTRAL ADMN SVR WIN CU LIC A BAS;REW BE 2010 OPT CENTRAL ADMN SVR WIN CU LIC A BAS;REW BE 2010 OPT CENTRAL ADMN SVR WIN CU LIC A BAS;REW BE 2010 OPT CENTRAL ADMN SVR WIN CU LIC A BAS;;;;79;;
1;3;2094;1;1226,2239;996,93;REW BE 2010 OPT CENTRAL ADMN SVR WIN CU LIC B ESS;20090708;;REW BE 2010 OPT CENTRAL ADMN SVR WIN CU LIC B ESS;REW BE 2010 OPT CENTRAL ADMN SVR WIN CU LIC B ESS;REW BE 2010 OPT CENTRAL ADMN SVR WIN CU LIC B ESS;REW BE 2010 OPT CENTRAL ADMN SVR WIN CU LIC B ESS;;;;79;;
1;3;2094;1;1105,3149;898,63;GOV BE 2010 CENTRAL ADMIN SVR WIN SVR CU LIC S ESS;20090710;;GOV BE 2010 CENTRAL ADMIN SVR WIN SVR CU LIC S ESS;GOV BE 2010 CENTRAL ADMIN SVR WIN SVR CU LIC S ESS;GOV BE 2010 CENTRAL ADMIN SVR WIN SVR CU LIC S ESS;GOV BE 2010 CENTRAL ADMIN SVR WIN SVR CU LIC S ESS;;;;79;;
1;3;2094;1;1312,5822;1067,14;EXP BE 2010 CENTRAL ADMIN SVR WIN SVR CU LIC S ESS;20090711;;EXP BE 2010 CENTRAL ADMIN SVR WIN SVR CU LIC S ESS;EXP BE 2010 CENTRAL ADMIN SVR WIN SVR CU LIC S ESS;EXP BE 2010 CENTRAL ADMIN SVR WIN SVR CU LIC S ESS;EXP BE 2010 CENTRAL ADMIN SVR WIN SVR CU LIC S ESS;;;;79;;
1;3;2094;1;1205,4;980;REW BE 2010 OPT CENTRAL ADMN SVR WIN VU LIC A BAS;20090712;;REW BE 2010 OPT CENTRAL ADMN SVR WIN VU LIC A BAS;REW BE 2010 OPT CENTRAL ADMN SVR WIN VU LIC A BAS;REW BE 2010 OPT CENTRAL ADMN SVR WIN VU LIC A BAS;REW BE 2010 OPT CENTRAL ADMN SVR WIN VU LIC A BAS;;;;79;;
1;3;2094;1;1237,995;1006,5;EXP BE 2010 CENTRAL ADMIN SVR WIN SVR VU LIC S BAS;20090714;;EXP BE 2010 CENTRAL ADMIN SVR WIN SVR VU LIC S BAS;EXP BE 2010 CENTRAL ADMIN SVR WIN SVR VU LIC S BAS;EXP BE 2010 CENTRAL ADMIN SVR WIN SVR VU LIC S BAS;EXP BE 2010 CENTRAL ADMIN SVR WIN SVR VU LIC S BAS;;;;79;;
1;3;2094;1;1226,2239;996,93;REW BE 2010 OPT CENTRAL ADMN SVR WIN VU LIC B ESS;20090715;;REW BE 2010 OPT CENTRAL ADMN SVR WIN VU LIC B ESS;REW BE 2010 OPT CENTRAL ADMN SVR WIN VU LIC B ESS;REW BE 2010 OPT CENTRAL ADMN SVR WIN VU LIC B ESS;REW BE 2010 OPT CENTRAL ADMN SVR WIN VU LIC B ESS;;;;79;;
1;3;2094;1;1042,5111;847,57;REW BE 2010 OPT CENTRAL ADMN SVR WIN CU LIC D BAS;20090716;;REW BE 2010 OPT CENTRAL ADMN SVR WIN CU LIC D BAS;REW BE 2010 OPT CENTRAL ADMN SVR WIN CU LIC D BAS;REW BE 2010 OPT CENTRAL ADMN SVR WIN CU LIC D BAS;REW BE 2010 OPT CENTRAL ADMN SVR WIN CU LIC D BAS;;;;79;;
1;3;2094;1;1042,5111;847,57;GOV BE 2010 CENTRAL ADMIN SVR WIN SVR CU LIC S BAS;20090717;;GOV BE 2010 CENTRAL ADMIN SVR WIN SVR CU LIC S BAS;GOV BE 2010 CENTRAL ADMIN SVR WIN SVR CU LIC S BAS;GOV BE 2010 CENTRAL ADMIN SVR WIN SVR CU LIC S BAS;GOV BE 2010 CENTRAL ADMIN SVR WIN SVR CU LIC S BAS;;;;79;;
1;3;2094;1;1105,3149;898,63;REW BE 2010 OPT CENTRAL ADMN SVR WIN CU LIC E ESS;20090718;;REW BE 2010 OPT CENTRAL ADMN SVR WIN CU LIC E ESS;REW BE 2010 OPT CENTRAL ADMN SVR WIN CU LIC E ESS;REW BE 2010 OPT CENTRAL ADMN SVR WIN CU LIC E ESS;REW BE 2010 OPT CENTRAL ADMN SVR WIN CU LIC E ESS;;;;79;;
1;3;2094;1;1105,3149;898,63;AE BE 2010 CENTRAL ADMIN SVR WIN SVR CU LIC S ESS;20090719;;AE BE 2010 CENTRAL ADMIN SVR WIN SVR CU LIC S ESS;AE BE 2010 CENTRAL ADMIN SVR WIN SVR CU LIC S ESS;AE BE 2010 CENTRAL ADMIN SVR WIN SVR CU LIC S ESS;AE BE 2010 CENTRAL ADMIN SVR WIN SVR CU LIC S ESS;;;;79;;
1;3;2094;1;1156,5444;940,28;REW BE 2010 OPT CENTRAL ADMN SVR WIN VU LIC B BAS;20090720;;REW BE 2010 OPT CENTRAL ADMN SVR WIN VU LIC B BAS;REW BE 2010 OPT CENTRAL ADMN SVR WIN VU LIC B BAS;REW BE 2010 OPT CENTRAL ADMN SVR WIN VU LIC B BAS;REW BE 2010 OPT CENTRAL ADMN SVR WIN VU LIC B BAS;;;;79;;
1;3;2094;1;1042,5111;847,57;REW BE 2010 OPT CENTRAL ADMN SVR WIN VU LIC D BAS;20090721;;REW BE 2010 OPT CENTRAL ADMN SVR WIN VU LIC D BAS;REW BE 2010 OPT CENTRAL ADMN SVR WIN VU LIC D BAS;REW BE 2010 OPT CENTRAL ADMN SVR WIN VU LIC D BAS;REW BE 2010 OPT CENTRAL ADMN SVR WIN VU LIC D BAS;;;;79;;
1;3;2094;1;1042,5111;847,57;REW BE 2010 OPT CENTRAL ADMN SVR WIN VU LIC E BAS;20090722;;REW BE 2010 OPT CENTRAL ADMN SVR WIN VU LIC E BAS;REW BE 2010 OPT CENTRAL ADMN SVR WIN VU LIC E BAS;REW BE 2010 OPT CENTRAL ADMN SVR WIN VU LIC E BAS;REW BE 2010 OPT CENTRAL ADMN SVR WIN VU LIC E BAS;;;;79;;
1;3;2094;1;1042,5111;847,57;AE BE 2010 CENTRAL ADMIN SVR WIN SVR VU LIC S BAS;20090723;;AE BE 2010 CENTRAL ADMIN SVR WIN SVR VU LIC S BAS;AE BE 2010 CENTRAL ADMIN SVR WIN SVR VU LIC S BAS;AE BE 2010 CENTRAL ADMIN SVR WIN SVR VU LIC S BAS;AE BE 2010 CENTRAL ADMIN SVR WIN SVR VU LIC S BAS;;;;79;;
1;3;2094;1;1278,0192;1039,04;REW BE 2010 OPT CENTRAL ADMN SVR WIN VU LIC A ESS;20090725;;REW BE 2010 OPT CENTRAL ADMN SVR WIN VU LIC A ESS;REW BE 2010 OPT CENTRAL ADMN SVR WIN VU LIC A ESS;REW BE 2010 OPT CENTRAL ADMN SVR WIN VU LIC A ESS;REW BE 2010 OPT CENTRAL ADMN SVR WIN VU LIC A ESS;;;;79;;
1;3;2094;1;1042,5111;847,57;REW BE 2010 OPT CENTRAL ADMN SVR WIN CU LIC E BAS;20090727;;REW BE 2010 OPT CENTRAL ADMN SVR WIN CU LIC E BAS;REW BE 2010 OPT CENTRAL ADMN SVR WIN CU LIC E BAS;REW BE 2010 OPT CENTRAL ADMN SVR WIN CU LIC E BAS;REW BE 2010 OPT CENTRAL ADMN SVR WIN CU LIC E BAS;;;;79;;
1;3;2094;1;1278,0192;1039,04;REW BE 2010 OPT CENTRAL ADMN SVR WIN CU LIC A ESS;20090728;;REW BE 2010 OPT CENTRAL ADMN SVR WIN CU LIC A ESS;REW BE 2010 OPT CENTRAL ADMN SVR WIN CU LIC A ESS;REW BE 2010 OPT CENTRAL ADMN SVR WIN CU LIC A ESS;REW BE 2010 OPT CENTRAL ADMN SVR WIN CU LIC A ESS;;;;79;;
1;3;2094;1;1174,404;954,8;REW BE 2010 OPT CENTRAL ADMN SVR WIN CU LIC C ESS;20090729;;REW BE 2010 OPT CENTRAL ADMN SVR WIN CU LIC C ESS;REW BE 2010 OPT CENTRAL ADMN SVR WIN CU LIC C ESS;REW BE 2010 OPT CENTRAL ADMN SVR WIN CU LIC C ESS;REW BE 2010 OPT CENTRAL ADMN SVR WIN CU LIC C ESS;;;;79;;
1;3;2094;1;1042,5111;847,57;GOV BE 2010 CENTRAL ADMIN SVR WIN SVR VU LIC S BAS;20090730;;GOV BE 2010 CENTRAL ADMIN SVR WIN SVR VU LIC S BAS;GOV BE 2010 CENTRAL ADMIN SVR WIN SVR VU LIC S BAS;GOV BE 2010 CENTRAL ADMIN SVR WIN SVR VU LIC S BAS;GOV BE 2010 CENTRAL ADMIN SVR WIN SVR VU LIC S BAS;;;;79;;
1;3;2094;1;1174,404;954,8;REW BE 2010 OPT CENTRAL ADMN SVR WIN VU LIC C ESS;20090731;;REW BE 2010 OPT CENTRAL ADMN SVR WIN VU LIC C ESS;REW BE 2010 OPT CENTRAL ADMN SVR WIN VU LIC C ESS;REW BE 2010 OPT CENTRAL ADMN SVR WIN VU LIC C ESS;REW BE 2010 OPT CENTRAL ADMN SVR WIN VU LIC C ESS;;;;79;;
1;3;2094;1;1312,5822;1067,14;EXP BE 2010 CENTRAL ADMIN SVR WIN SVR VU LIC S ESS;20090732;;EXP BE 2010 CENTRAL ADMIN SVR WIN SVR VU LIC S ESS;EXP BE 2010 CENTRAL ADMIN SVR WIN SVR VU LIC S ESS;EXP BE 2010 CENTRAL ADMIN SVR WIN SVR VU LIC S ESS;EXP BE 2010 CENTRAL ADMIN SVR WIN SVR VU LIC S ESS;;;;79;;
1;3;2094;1;551,2737;448,19;GOV BE 2010 AGT MSFT EXCH WIN SVR BDL VU LIC S ESS;20090735;;GOV BE 2010 AGT MSFT EXCH WIN SVR BDL VU LIC S ESS;GOV BE 2010 AGT MSFT EXCH WIN SVR BDL VU LIC S ESS;GOV BE 2010 AGT MSFT EXCH WIN SVR BDL VU LIC S ESS;GOV BE 2010 AGT MSFT EXCH WIN SVR BDL VU LIC S ESS;;;;79;;
1;3;2094;1;519,9456;422,72;REW BE 2010 AGT MSFT EXCH WIN SVR BDL VU LIC D BAS;20090736;;REW BE 2010 AGT MSFT EXCH WIN SVR BDL VU LIC D BAS;REW BE 2010 AGT MSFT EXCH WIN SVR BDL VU LIC D BAS;REW BE 2010 AGT MSFT EXCH WIN SVR BDL VU LIC D BAS;REW BE 2010 AGT MSFT EXCH WIN SVR BDL VU LIC D BAS;;;;79;;
1;3;2094;1;617,4477;501,99;EXP BE 2010 AGT MSFT EXCH WIN SVR BDL VU LIC S BAS;20090737;;EXP BE 2010 AGT MSFT EXCH WIN SVR BDL VU LIC S BAS;EXP BE 2010 AGT MSFT EXCH WIN SVR BDL VU LIC S BAS;EXP BE 2010 AGT MSFT EXCH WIN SVR BDL VU LIC S BAS;EXP BE 2010 AGT MSFT EXCH WIN SVR BDL VU LIC S BAS;;;;79;;
1;3;2094;1;551,2737;448,19;AE BE 2010 AGT MSFT EXCH WIN SVR BDL VU LIC S ESS;20090738;;AE BE 2010 AGT MSFT EXCH WIN SVR BDL VU LIC S ESS;AE BE 2010 AGT MSFT EXCH WIN SVR BDL VU LIC S ESS;AE BE 2010 AGT MSFT EXCH WIN SVR BDL VU LIC S ESS;AE BE 2010 AGT MSFT EXCH WIN SVR BDL VU LIC S ESS;;;;79;;
1;3;2094;1;519,9456;422,72;AE BE 2010 AGT MSFT EXCH WIN SVR BDL VU LIC S BAS;20090739;;AE BE 2010 AGT MSFT EXCH WIN SVR BDL VU LIC S BAS;AE BE 2010 AGT MSFT EXCH WIN SVR BDL VU LIC S BAS;AE BE 2010 AGT MSFT EXCH WIN SVR BDL VU LIC S BAS;AE BE 2010 AGT MSFT EXCH WIN SVR BDL VU LIC S BAS;;;;79;;
1;3;2094;1;552,4422;449,14;REW BE 2010 AGT MSFT EXCH WIN SVR BDL CU LIC C BAS;20090746;;REW BE 2010 AGT MSFT EXCH WIN SVR BDL CU LIC C BAS;REW BE 2010 AGT MSFT EXCH WIN SVR BDL CU LIC C BAS;REW BE 2010 AGT MSFT EXCH WIN SVR BDL CU LIC C BAS;REW BE 2010 AGT MSFT EXCH WIN SVR BDL CU LIC C BAS;;;;79;;
1;3;2094;1;585,726;476,2;REW BE 2010 AGT MSFT EXCH WIN SVR BDL VU LIC C ESS;20090747;;REW BE 2010 AGT MSFT EXCH WIN SVR BDL VU LIC C ESS;REW BE 2010 AGT MSFT EXCH WIN SVR BDL VU LIC C ESS;REW BE 2010 AGT MSFT EXCH WIN SVR BDL VU LIC C ESS;REW BE 2010 AGT MSFT EXCH WIN SVR BDL VU LIC C ESS;;;;79;;
1;3;2094;1;551,2737;448,19;REW BE 2010 AGT MSFT EXCH WIN SVR BDL VU LIC D ESS;20090748;;REW BE 2010 AGT MSFT EXCH WIN SVR BDL VU LIC D ESS;REW BE 2010 AGT MSFT EXCH WIN SVR BDL VU LIC D ESS;REW BE 2010 AGT MSFT EXCH WIN SVR BDL VU LIC D ESS;REW BE 2010 AGT MSFT EXCH WIN SVR BDL VU LIC D ESS;;;;79;;
1;3;2094;1;576,8208;468,96;REW BE 2010 AGT MSFT EXCH WIN SVR BDL VU LIC B BAS;20090749;;REW BE 2010 AGT MSFT EXCH WIN SVR BDL VU LIC B BAS;REW BE 2010 AGT MSFT EXCH WIN SVR BDL VU LIC B BAS;REW BE 2010 AGT MSFT EXCH WIN SVR BDL VU LIC B BAS;REW BE 2010 AGT MSFT EXCH WIN SVR BDL VU LIC B BAS;;;;79;;
1;3;2094;1;519,9456;422,72;GOV BE 2010 AGT MSFT EXCH WIN SVR BDL VU LIC S BAS;20090752;;GOV BE 2010 AGT MSFT EXCH WIN SVR BDL VU LIC S BAS;GOV BE 2010 AGT MSFT EXCH WIN SVR BDL VU LIC S BAS;GOV BE 2010 AGT MSFT EXCH WIN SVR BDL VU LIC S BAS;GOV BE 2010 AGT MSFT EXCH WIN SVR BDL VU LIC S BAS;;;;79;;
1;3;2094;1;551,2737;448,19;REW BE 2010 AGT MSFT EXCH WIN SVR BDL CU LIC D ESS;20090753;;REW BE 2010 AGT MSFT EXCH WIN SVR BDL CU LIC D ESS;REW BE 2010 AGT MSFT EXCH WIN SVR BDL CU LIC D ESS;REW BE 2010 AGT MSFT EXCH WIN SVR BDL CU LIC D ESS;REW BE 2010 AGT MSFT EXCH WIN SVR BDL CU LIC D ESS;;;;79;;
1;3;2094;1;551,2737;448,19;REW BE 2010 AGT MSFT EXCH WIN SVR BDL CU LIC E ESS;20090754;;REW BE 2010 AGT MSFT EXCH WIN SVR BDL CU LIC E ESS;REW BE 2010 AGT MSFT EXCH WIN SVR BDL CU LIC E ESS;REW BE 2010 AGT MSFT EXCH WIN SVR BDL CU LIC E ESS;REW BE 2010 AGT MSFT EXCH WIN SVR BDL CU LIC E ESS;;;;79;;
1;3;2094;1;551,2737;448,19;GOV BE 2010 AGT MSFT EXCH WIN SVR BDL CU LIC S ESS;20090756;;GOV BE 2010 AGT MSFT EXCH WIN SVR BDL CU LIC S ESS;GOV BE 2010 AGT MSFT EXCH WIN SVR BDL CU LIC S ESS;GOV BE 2010 AGT MSFT EXCH WIN SVR BDL CU LIC S ESS;GOV BE 2010 AGT MSFT EXCH WIN SVR BDL CU LIC S ESS;;;;79;;
1;3;2094;1;654,6429;532,23;EXP BE 2010 AGT MSFT EXCH WIN SVR BDL CU LIC S ESS;20090757;;EXP BE 2010 AGT MSFT EXCH WIN SVR BDL CU LIC S ESS;EXP BE 2010 AGT MSFT EXCH WIN SVR BDL CU LIC S ESS;EXP BE 2010 AGT MSFT EXCH WIN SVR BDL CU LIC S ESS;EXP BE 2010 AGT MSFT EXCH WIN SVR BDL CU LIC S ESS;;;;79;;
1;3;2094;1;576,8208;468,96;REW BE 2010 AGT MSFT EXCH WIN SVR BDL CU LIC B BAS;20090758;;REW BE 2010 AGT MSFT EXCH WIN SVR BDL CU LIC B BAS;REW BE 2010 AGT MSFT EXCH WIN SVR BDL CU LIC B BAS;REW BE 2010 AGT MSFT EXCH WIN SVR BDL CU LIC B BAS;REW BE 2010 AGT MSFT EXCH WIN SVR BDL CU LIC B BAS;;;;79;;
1;3;2094;1;519,9456;422,72;REW BE 2010 AGT MSFT EXCH WIN SVR BDL CU LIC D BAS;20090759;;REW BE 2010 AGT MSFT EXCH WIN SVR BDL CU LIC D BAS;REW BE 2010 AGT MSFT EXCH WIN SVR BDL CU LIC D BAS;REW BE 2010 AGT MSFT EXCH WIN SVR BDL CU LIC D BAS;REW BE 2010 AGT MSFT EXCH WIN SVR BDL CU LIC D BAS;;;;79;;
1;3;2094;1;552,4422;449,14;REW BE 2010 AGT MSFT EXCH WIN SVR BDL VU LIC C BAS;20090760;;REW BE 2010 AGT MSFT EXCH WIN SVR BDL VU LIC C BAS;REW BE 2010 AGT MSFT EXCH WIN SVR BDL VU LIC C BAS;REW BE 2010 AGT MSFT EXCH WIN SVR BDL VU LIC C BAS;REW BE 2010 AGT MSFT EXCH WIN SVR BDL VU LIC C BAS;;;;79;;
1;3;2094;1;654,6429;532,23;EXP BE 2010 AGT MSFT EXCH WIN SVR BDL VU LIC S ESS;20090761;;EXP BE 2010 AGT MSFT EXCH WIN SVR BDL VU LIC S ESS;EXP BE 2010 AGT MSFT EXCH WIN SVR BDL VU LIC S ESS;EXP BE 2010 AGT MSFT EXCH WIN SVR BDL VU LIC S ESS;EXP BE 2010 AGT MSFT EXCH WIN SVR BDL VU LIC S ESS;;;;79;;
1;3;2094;1;601,1994;488,78;REW BE 2010 AGT MSFT EXCH WIN SVR BDL VU LIC A BAS;20090764;;REW BE 2010 AGT MSFT EXCH WIN SVR BDL VU LIC A BAS;REW BE 2010 AGT MSFT EXCH WIN SVR BDL VU LIC A BAS;REW BE 2010 AGT MSFT EXCH WIN SVR BDL VU LIC A BAS;REW BE 2010 AGT MSFT EXCH WIN SVR BDL VU LIC A BAS;;;;79;;
1;3;2094;1;637,4106;518,22;REW BE 2010 AGT MSFT EXCH WIN SVR BDL CU LIC A ESS;20090765;;REW BE 2010 AGT MSFT EXCH WIN SVR BDL CU LIC A ESS;REW BE 2010 AGT MSFT EXCH WIN SVR BDL CU LIC A ESS;REW BE 2010 AGT MSFT EXCH WIN SVR BDL CU LIC A ESS;REW BE 2010 AGT MSFT EXCH WIN SVR BDL CU LIC A ESS;;;;79;;
1;3;2094;1;611,5929;497,23;REW BE 2010 AGT MSFT EXCH WIN SVR BDL CU LIC B ESS;20090766;;REW BE 2010 AGT MSFT EXCH WIN SVR BDL CU LIC B ESS;REW BE 2010 AGT MSFT EXCH WIN SVR BDL CU LIC B ESS;REW BE 2010 AGT MSFT EXCH WIN SVR BDL CU LIC B ESS;REW BE 2010 AGT MSFT EXCH WIN SVR BDL CU LIC B ESS;;;;79;;
1;3;2094;1;585,726;476,2;REW BE 2010 AGT MSFT EXCH WIN SVR BDL CU LIC C ESS;20090767;;REW BE 2010 AGT MSFT EXCH WIN SVR BDL CU LIC C ESS;REW BE 2010 AGT MSFT EXCH WIN SVR BDL CU LIC C ESS;REW BE 2010 AGT MSFT EXCH WIN SVR BDL CU LIC C ESS;REW BE 2010 AGT MSFT EXCH WIN SVR BDL CU LIC C ESS;;;;79;;
1;3;2094;1;551,2737;448,19;AE BE 2010 AGT MSFT EXCH WIN SVR BDL CU LIC S ESS;20090768;;AE BE 2010 AGT MSFT EXCH WIN SVR BDL CU LIC S ESS;AE BE 2010 AGT MSFT EXCH WIN SVR BDL CU LIC S ESS;AE BE 2010 AGT MSFT EXCH WIN SVR BDL CU LIC S ESS;AE BE 2010 AGT MSFT EXCH WIN SVR BDL CU LIC S ESS;;;;79;;
1;3;2094;1;519,9456;422,72;GOV BE 2010 AGT MSFT EXCH WIN SVR BDL CU LIC S BAS;20090769;;GOV BE 2010 AGT MSFT EXCH WIN SVR BDL CU LIC S BAS;GOV BE 2010 AGT MSFT EXCH WIN SVR BDL CU LIC S BAS;GOV BE 2010 AGT MSFT EXCH WIN SVR BDL CU LIC S BAS;GOV BE 2010 AGT MSFT EXCH WIN SVR BDL CU LIC S BAS;;;;79;;
1;3;2094;1;611,5929;497,23;REW BE 2010 AGT MSFT EXCH WIN SVR BDL VU LIC B ESS;20090770;;REW BE 2010 AGT MSFT EXCH WIN SVR BDL VU LIC B ESS;REW BE 2010 AGT MSFT EXCH WIN SVR BDL VU LIC B ESS;REW BE 2010 AGT MSFT EXCH WIN SVR BDL VU LIC B ESS;REW BE 2010 AGT MSFT EXCH WIN SVR BDL VU LIC B ESS;;;;79;;
1;3;2094;1;637,4106;518,22;REW BE 2010 AGT MSFT EXCH WIN SVR BDL VU LIC A ESS;20090772;;REW BE 2010 AGT MSFT EXCH WIN SVR BDL VU LIC A ESS;REW BE 2010 AGT MSFT EXCH WIN SVR BDL VU LIC A ESS;REW BE 2010 AGT MSFT EXCH WIN SVR BDL VU LIC A ESS;REW BE 2010 AGT MSFT EXCH WIN SVR BDL VU LIC A ESS;;;;79;;
1;3;2094;1;519,9456;422,72;REW BE 2010 AGT MSFT EXCH WIN SVR BDL CU LIC E BAS;20090776;;REW BE 2010 AGT MSFT EXCH WIN SVR BDL CU LIC E BAS;REW BE 2010 AGT MSFT EXCH WIN SVR BDL CU LIC E BAS;REW BE 2010 AGT MSFT EXCH WIN SVR BDL CU LIC E BAS;REW BE 2010 AGT MSFT EXCH WIN SVR BDL CU LIC E BAS;;;;79;;
1;3;2094;1;551,2737;448,19;REW BE 2010 AGT MSFT EXCH WIN SVR BDL VU LIC E ESS;20090777;;REW BE 2010 AGT MSFT EXCH WIN SVR BDL VU LIC E ESS;REW BE 2010 AGT MSFT EXCH WIN SVR BDL VU LIC E ESS;REW BE 2010 AGT MSFT EXCH WIN SVR BDL VU LIC E ESS;REW BE 2010 AGT MSFT EXCH WIN SVR BDL VU LIC E ESS;;;;79;;
1;3;2094;1;519,9456;422,72;REW BE 2010 AGT MSFT EXCH WIN SVR BDL VU LIC E BAS;20090778;;REW BE 2010 AGT MSFT EXCH WIN SVR BDL VU LIC E BAS;REW BE 2010 AGT MSFT EXCH WIN SVR BDL VU LIC E BAS;REW BE 2010 AGT MSFT EXCH WIN SVR BDL VU LIC E BAS;REW BE 2010 AGT MSFT EXCH WIN SVR BDL VU LIC E BAS;;;;79;;
1;3;2094;1;601,1994;488,78;REW BE 2010 AGT MSFT EXCH WIN SVR BDL CU LIC A BAS;20090779;;REW BE 2010 AGT MSFT EXCH WIN SVR BDL CU LIC A BAS;REW BE 2010 AGT MSFT EXCH WIN SVR BDL CU LIC A BAS;REW BE 2010 AGT MSFT EXCH WIN SVR BDL CU LIC A BAS;REW BE 2010 AGT MSFT EXCH WIN SVR BDL CU LIC A BAS;;;;79;;
1;3;2094;1;617,4477;501,99;EXP BE 2010 AGT MSFT EXCH WIN SVR BDL CU LIC S BAS;20090780;;EXP BE 2010 AGT MSFT EXCH WIN SVR BDL CU LIC S BAS;EXP BE 2010 AGT MSFT EXCH WIN SVR BDL CU LIC S BAS;EXP BE 2010 AGT MSFT EXCH WIN SVR BDL CU LIC S BAS;EXP BE 2010 AGT MSFT EXCH WIN SVR BDL CU LIC S BAS;;;;79;;
1;3;2094;1;519,9456;422,72;AE BE 2010 AGT MSFT EXCH WIN SVR BDL CU LIC S BAS;20090781;;AE BE 2010 AGT MSFT EXCH WIN SVR BDL CU LIC S BAS;AE BE 2010 AGT MSFT EXCH WIN SVR BDL CU LIC S BAS;AE BE 2010 AGT MSFT EXCH WIN SVR BDL CU LIC S BAS;AE BE 2010 AGT MSFT EXCH WIN SVR BDL CU LIC S BAS;;;;79;;
1;3;2094;1;551,2737;448,19;AE BE 2010 AGT LTS DMNO WIN SVR BDL CU LIC S ESS;20090816;;AE BE 2010 AGT LTS DMNO WIN SVR BDL CU LIC S ESS;AE BE 2010 AGT LTS DMNO WIN SVR BDL CU LIC S ESS;AE BE 2010 AGT LTS DMNO WIN SVR BDL CU LIC S ESS;AE BE 2010 AGT LTS DMNO WIN SVR BDL CU LIC S ESS;;;;79;;
1;3;2094;1;519,9456;422,72;GOV BE 2010 AGT LTS DMNO WIN SVR BDL VU LIC S BAS;20090817;;GOV BE 2010 AGT LTS DMNO WIN SVR BDL VU LIC S BAS;GOV BE 2010 AGT LTS DMNO WIN SVR BDL VU LIC S BAS;GOV BE 2010 AGT LTS DMNO WIN SVR BDL VU LIC S BAS;GOV BE 2010 AGT LTS DMNO WIN SVR BDL VU LIC S BAS;;;;79;;
1;3;2094;1;601,1994;488,78;REW BE 2010 AGT LTS DMNO WIN SVR BDL CU LIC A BAS;20090818;;REW BE 2010 AGT LTS DMNO WIN SVR BDL CU LIC A BAS;REW BE 2010 AGT LTS DMNO WIN SVR BDL CU LIC A BAS;REW BE 2010 AGT LTS DMNO WIN SVR BDL CU LIC A BAS;REW BE 2010 AGT LTS DMNO WIN SVR BDL CU LIC A BAS;;;;79;;
1;3;2094;1;611,5929;497,23;REW BE 2010 AGT LTS DMNO WIN SVR BDL CU LIC B ESS;20090819;;REW BE 2010 AGT LTS DMNO WIN SVR BDL CU LIC B ESS;REW BE 2010 AGT LTS DMNO WIN SVR BDL CU LIC B ESS;REW BE 2010 AGT LTS DMNO WIN SVR BDL CU LIC B ESS;REW BE 2010 AGT LTS DMNO WIN SVR BDL CU LIC B ESS;;;;79;;
1;3;2094;1;551,2737;448,19;REW BE 2010 AGT LTS DMNO WIN SVR BDL CU LIC E ESS;20090820;;REW BE 2010 AGT LTS DMNO WIN SVR BDL CU LIC E ESS;REW BE 2010 AGT LTS DMNO WIN SVR BDL CU LIC E ESS;REW BE 2010 AGT LTS DMNO WIN SVR BDL CU LIC E ESS;REW BE 2010 AGT LTS DMNO WIN SVR BDL CU LIC E ESS;;;;79;;
1;3;2094;1;637,4106;518,22;REW BE 2010 AGT LTS DMNO WIN SVR BDL VU LIC A ESS;20090821;;REW BE 2010 AGT LTS DMNO WIN SVR BDL VU LIC A ESS;REW BE 2010 AGT LTS DMNO WIN SVR BDL VU LIC A ESS;REW BE 2010 AGT LTS DMNO WIN SVR BDL VU LIC A ESS;REW BE 2010 AGT LTS DMNO WIN SVR BDL VU LIC A ESS;;;;79;;
1;3;2094;1;551,2737;448,19;REW BE 2010 AGT LTS DMNO WIN SVR BDL VU LIC E ESS;20090822;;REW BE 2010 AGT LTS DMNO WIN SVR BDL VU LIC E ESS;REW BE 2010 AGT LTS DMNO WIN SVR BDL VU LIC E ESS;REW BE 2010 AGT LTS DMNO WIN SVR BDL VU LIC E ESS;REW BE 2010 AGT LTS DMNO WIN SVR BDL VU LIC E ESS;;;;79;;
1;3;2094;1;654,6429;532,23;EXP BE 2010 AGT LTS DMNO WIN SVR BDL VU LIC S ESS;20090824;;EXP BE 2010 AGT LTS DMNO WIN SVR BDL VU LIC S ESS;EXP BE 2010 AGT LTS DMNO WIN SVR BDL VU LIC S ESS;EXP BE 2010 AGT LTS DMNO WIN SVR BDL VU LIC S ESS;EXP BE 2010 AGT LTS DMNO WIN SVR BDL VU LIC S ESS;;;;79;;
1;3;2094;1;617,4477;501,99;EXP BE 2010 AGT LTS DMNO WIN SVR BDL VU LIC S BAS;20090826;;EXP BE 2010 AGT LTS DMNO WIN SVR BDL VU LIC S BAS;EXP BE 2010 AGT LTS DMNO WIN SVR BDL VU LIC S BAS;EXP BE 2010 AGT LTS DMNO WIN SVR BDL VU LIC S BAS;EXP BE 2010 AGT LTS DMNO WIN SVR BDL VU LIC S BAS;;;;79;;
1;3;2094;1;617,4477;501,99;EXP BE 2010 AGT LTS DMNO WIN SVR BDL CU LIC S BAS;20090827;;EXP BE 2010 AGT LTS DMNO WIN SVR BDL CU LIC S BAS;EXP BE 2010 AGT LTS DMNO WIN SVR BDL CU LIC S BAS;EXP BE 2010 AGT LTS DMNO WIN SVR BDL CU LIC S BAS;EXP BE 2010 AGT LTS DMNO WIN SVR BDL CU LIC S BAS;;;;79;;
1;3;2094;1;611,5929;497,23;REW BE 2010 AGT LTS DMNO WIN SVR BDL VU LIC B ESS;20090828;;REW BE 2010 AGT LTS DMNO WIN SVR BDL VU LIC B ESS;REW BE 2010 AGT LTS DMNO WIN SVR BDL VU LIC B ESS;REW BE 2010 AGT LTS DMNO WIN SVR BDL VU LIC B ESS;REW BE 2010 AGT LTS DMNO WIN SVR BDL VU LIC B ESS;;;;79;;
1;3;2094;1;551,2737;448,19;AE BE 2010 AGT LTS DMNO WIN SVR BDL VU LIC S ESS;20090829;;AE BE 2010 AGT LTS DMNO WIN SVR BDL VU LIC S ESS;AE BE 2010 AGT LTS DMNO WIN SVR BDL VU LIC S ESS;AE BE 2010 AGT LTS DMNO WIN SVR BDL VU LIC S ESS;AE BE 2010 AGT LTS DMNO WIN SVR BDL VU LIC S ESS;;;;79;;
1;3;2094;1;576,8208;468,96;REW BE 2010 AGT LTS DMNO WIN SVR BDL VU LIC B BAS;20090830;;REW BE 2010 AGT LTS DMNO WIN SVR BDL VU LIC B BAS;REW BE 2010 AGT LTS DMNO WIN SVR BDL VU LIC B BAS;REW BE 2010 AGT LTS DMNO WIN SVR BDL VU LIC B BAS;REW BE 2010 AGT LTS DMNO WIN SVR BDL VU LIC B BAS;;;;79;;
1;3;2094;1;519,9456;422,72;AE BE 2010 AGT LTS DMNO WIN SVR BDL VU LIC S BAS;20090831;;AE BE 2010 AGT LTS DMNO WIN SVR BDL VU LIC S BAS;AE BE 2010 AGT LTS DMNO WIN SVR BDL VU LIC S BAS;AE BE 2010 AGT LTS DMNO WIN SVR BDL VU LIC S BAS;AE BE 2010 AGT LTS DMNO WIN SVR BDL VU LIC S BAS;;;;79;;
1;3;2094;1;519,9456;422,72;REW BE 2010 AGT LTS DMNO WIN SVR BDL CU LIC E BAS;20090832;;REW BE 2010 AGT LTS DMNO WIN SVR BDL CU LIC E BAS;REW BE 2010 AGT LTS DMNO WIN SVR BDL CU LIC E BAS;REW BE 2010 AGT LTS DMNO WIN SVR BDL CU LIC E BAS;REW BE 2010 AGT LTS DMNO WIN SVR BDL CU LIC E BAS;;;;79;;
1;3;2094;1;654,6429;532,23;EXP BE 2010 AGT LTS DMNO WIN SVR BDL CU LIC S ESS;20090834;;EXP BE 2010 AGT LTS DMNO WIN SVR BDL CU LIC S ESS;EXP BE 2010 AGT LTS DMNO WIN SVR BDL CU LIC S ESS;EXP BE 2010 AGT LTS DMNO WIN SVR BDL CU LIC S ESS;EXP BE 2010 AGT LTS DMNO WIN SVR BDL CU LIC S ESS;;;;79;;
1;3;2094;1;601,1994;488,78;REW BE 2010 AGT LTS DMNO WIN SVR BDL VU LIC A BAS;20090835;;REW BE 2010 AGT LTS DMNO WIN SVR BDL VU LIC A BAS;REW BE 2010 AGT LTS DMNO WIN SVR BDL VU LIC A BAS;REW BE 2010 AGT LTS DMNO WIN SVR BDL VU LIC A BAS;REW BE 2010 AGT LTS DMNO WIN SVR BDL VU LIC A BAS;;;;79;;
1;3;2094;1;519,9456;422,72;REW BE 2010 AGT LTS DMNO WIN SVR BDL VU LIC D BAS;20090836;;REW BE 2010 AGT LTS DMNO WIN SVR BDL VU LIC D BAS;REW BE 2010 AGT LTS DMNO WIN SVR BDL VU LIC D BAS;REW BE 2010 AGT LTS DMNO WIN SVR BDL VU LIC D BAS;REW BE 2010 AGT LTS DMNO WIN SVR BDL VU LIC D BAS;;;;79;;
1;3;2094;1;552,4422;449,14;REW BE 2010 AGT LTS DMNO WIN SVR BDL CU LIC C BAS;20090837;;REW BE 2010 AGT LTS DMNO WIN SVR BDL CU LIC C BAS;REW BE 2010 AGT LTS DMNO WIN SVR BDL CU LIC C BAS;REW BE 2010 AGT LTS DMNO WIN SVR BDL CU LIC C BAS;REW BE 2010 AGT LTS DMNO WIN SVR BDL CU LIC C BAS;;;;79;;
1;3;2094;1;519,9456;422,72;REW BE 2010 AGT LTS DMNO WIN SVR BDL CU LIC D BAS;20090838;;REW BE 2010 AGT LTS DMNO WIN SVR BDL CU LIC D BAS;REW BE 2010 AGT LTS DMNO WIN SVR BDL CU LIC D BAS;REW BE 2010 AGT LTS DMNO WIN SVR BDL CU LIC D BAS;REW BE 2010 AGT LTS DMNO WIN SVR BDL CU LIC D BAS;;;;79;;
1;3;2094;1;585,726;476,2;REW BE 2010 AGT LTS DMNO WIN SVR BDL CU LIC C ESS;20090839;;REW BE 2010 AGT LTS DMNO WIN SVR BDL CU LIC C ESS;REW BE 2010 AGT LTS DMNO WIN SVR BDL CU LIC C ESS;REW BE 2010 AGT LTS DMNO WIN SVR BDL CU LIC C ESS;REW BE 2010 AGT LTS DMNO WIN SVR BDL CU LIC C ESS;;;;79;;
1;3;2094;1;551,2737;448,19;REW BE 2010 AGT LTS DMNO WIN SVR BDL CU LIC D ESS;20090840;;REW BE 2010 AGT LTS DMNO WIN SVR BDL CU LIC D ESS;REW BE 2010 AGT LTS DMNO WIN SVR BDL CU LIC D ESS;REW BE 2010 AGT LTS DMNO WIN SVR BDL CU LIC D ESS;REW BE 2010 AGT LTS DMNO WIN SVR BDL CU LIC D ESS;;;;79;;
1;3;2094;1;551,2737;448,19;GOV BE 2010 AGT LTS DMNO WIN SVR BDL CU LIC S ESS;20090841;;GOV BE 2010 AGT LTS DMNO WIN SVR BDL CU LIC S ESS;GOV BE 2010 AGT LTS DMNO WIN SVR BDL CU LIC S ESS;GOV BE 2010 AGT LTS DMNO WIN SVR BDL CU LIC S ESS;GOV BE 2010 AGT LTS DMNO WIN SVR BDL CU LIC S ESS;;;;79;;
1;3;2094;1;585,726;476,2;REW BE 2010 AGT LTS DMNO WIN SVR BDL VU LIC C ESS;20090842;;REW BE 2010 AGT LTS DMNO WIN SVR BDL VU LIC C ESS;REW BE 2010 AGT LTS DMNO WIN SVR BDL VU LIC C ESS;REW BE 2010 AGT LTS DMNO WIN SVR BDL VU LIC C ESS;REW BE 2010 AGT LTS DMNO WIN SVR BDL VU LIC C ESS;;;;79;;
1;3;2094;1;551,2737;448,19;REW BE 2010 AGT LTS DMNO WIN SVR BDL VU LIC D ESS;20090843;;REW BE 2010 AGT LTS DMNO WIN SVR BDL VU LIC D ESS;REW BE 2010 AGT LTS DMNO WIN SVR BDL VU LIC D ESS;REW BE 2010 AGT LTS DMNO WIN SVR BDL VU LIC D ESS;REW BE 2010 AGT LTS DMNO WIN SVR BDL VU LIC D ESS;;;;79;;
1;3;2094;1;519,9456;422,72;REW BE 2010 AGT LTS DMNO WIN SVR BDL VU LIC E BAS;20090844;;REW BE 2010 AGT LTS DMNO WIN SVR BDL VU LIC E BAS;REW BE 2010 AGT LTS DMNO WIN SVR BDL VU LIC E BAS;REW BE 2010 AGT LTS DMNO WIN SVR BDL VU LIC E BAS;REW BE 2010 AGT LTS DMNO WIN SVR BDL VU LIC E BAS;;;;79;;
1;3;2094;1;576,8208;468,96;REW BE 2010 AGT LTS DMNO WIN SVR BDL CU LIC B BAS;20090845;;REW BE 2010 AGT LTS DMNO WIN SVR BDL CU LIC B BAS;REW BE 2010 AGT LTS DMNO WIN SVR BDL CU LIC B BAS;REW BE 2010 AGT LTS DMNO WIN SVR BDL CU LIC B BAS;REW BE 2010 AGT LTS DMNO WIN SVR BDL CU LIC B BAS;;;;79;;
1;3;2094;1;519,9456;422,72;AE BE 2010 AGT LTS DMNO WIN SVR BDL CU LIC S BAS;20090846;;AE BE 2010 AGT LTS DMNO WIN SVR BDL CU LIC S BAS;AE BE 2010 AGT LTS DMNO WIN SVR BDL CU LIC S BAS;AE BE 2010 AGT LTS DMNO WIN SVR BDL CU LIC S BAS;AE BE 2010 AGT LTS DMNO WIN SVR BDL CU LIC S BAS;;;;79;;
1;3;2094;1;637,4106;518,22;REW BE 2010 AGT LTS DMNO WIN SVR BDL CU LIC A ESS;20090847;;REW BE 2010 AGT LTS DMNO WIN SVR BDL CU LIC A ESS;REW BE 2010 AGT LTS DMNO WIN SVR BDL CU LIC A ESS;REW BE 2010 AGT LTS DMNO WIN SVR BDL CU LIC A ESS;REW BE 2010 AGT LTS DMNO WIN SVR BDL CU LIC A ESS;;;;79;;
1;3;2094;1;551,2737;448,19;GOV BE 2010 AGT LTS DMNO WIN SVR BDL VU LIC S ESS;20090848;;GOV BE 2010 AGT LTS DMNO WIN SVR BDL VU LIC S ESS;GOV BE 2010 AGT LTS DMNO WIN SVR BDL VU LIC S ESS;GOV BE 2010 AGT LTS DMNO WIN SVR BDL VU LIC S ESS;GOV BE 2010 AGT LTS DMNO WIN SVR BDL VU LIC S ESS;;;;79;;
1;3;2094;1;552,4422;449,14;REW BE 2010 AGT LTS DMNO WIN SVR BDL VU LIC C BAS;20090849;;REW BE 2010 AGT LTS DMNO WIN SVR BDL VU LIC C BAS;REW BE 2010 AGT LTS DMNO WIN SVR BDL VU LIC C BAS;REW BE 2010 AGT LTS DMNO WIN SVR BDL VU LIC C BAS;REW BE 2010 AGT LTS DMNO WIN SVR BDL VU LIC C BAS;;;;79;;
1;3;2094;1;519,9456;422,72;GOV BE 2010 AGT LTS DMNO WIN SVR BDL CU LIC S BAS;20090851;;GOV BE 2010 AGT LTS DMNO WIN SVR BDL CU LIC S BAS;GOV BE 2010 AGT LTS DMNO WIN SVR BDL CU LIC S BAS;GOV BE 2010 AGT LTS DMNO WIN SVR BDL CU LIC S BAS;GOV BE 2010 AGT LTS DMNO WIN SVR BDL CU LIC S BAS;;;;79;;
1;3;2094;1;1042,5111;847,57;AE BE 2010 OPT NDMP WIN P SVR BDL CU LIC S BAS;20090867;;AE BE 2010 OPT NDMP WIN P SVR BDL CU LIC S BAS;AE BE 2010 OPT NDMP WIN P SVR BDL CU LIC S BAS;AE BE 2010 OPT NDMP WIN P SVR BDL CU LIC S BAS;AE BE 2010 OPT NDMP WIN P SVR BDL CU LIC S BAS;;;;79;;
1;3;2094;1;1174,404;954,8;REW BE 2010 OPT NDMP WIN PER SVR BDL VU LIC C ESS;20090868;;REW BE 2010 OPT NDMP WIN PER SVR BDL VU LIC C ESS;REW BE 2010 OPT NDMP WIN PER SVR BDL VU LIC C ESS;REW BE 2010 OPT NDMP WIN PER SVR BDL VU LIC C ESS;REW BE 2010 OPT NDMP WIN PER SVR BDL VU LIC C ESS;;;;79;;
1;3;2094;1;1105,3149;898,63;GOV BE 2010 OPT NDMP WIN P SVR BDL VU LIC S ESS;20090869;;GOV BE 2010 OPT NDMP WIN P SVR BDL VU LIC S ESS;GOV BE 2010 OPT NDMP WIN P SVR BDL VU LIC S ESS;GOV BE 2010 OPT NDMP WIN P SVR BDL VU LIC S ESS;GOV BE 2010 OPT NDMP WIN P SVR BDL VU LIC S ESS;;;;79;;
1;3;2094;1;1312,5822;1067,14;EXP BE 2010 OPT NDMP WIN P SVR BDL VU LIC S ESS;20090870;;EXP BE 2010 OPT NDMP WIN P SVR BDL VU LIC S ESS;EXP BE 2010 OPT NDMP WIN P SVR BDL VU LIC S ESS;EXP BE 2010 OPT NDMP WIN P SVR BDL VU LIC S ESS;EXP BE 2010 OPT NDMP WIN P SVR BDL VU LIC S ESS;;;;79;;
1;3;2094;1;1105,3149;898,63;REW BE 2010 OPT NDMP WIN PER SVR BDL CU LIC D ESS;20090871;;REW BE 2010 OPT NDMP WIN PER SVR BDL CU LIC D ESS;REW BE 2010 OPT NDMP WIN PER SVR BDL CU LIC D ESS;REW BE 2010 OPT NDMP WIN PER SVR BDL CU LIC D ESS;REW BE 2010 OPT NDMP WIN PER SVR BDL CU LIC D ESS;;;;79;;
1;3;2094;1;1205,4;980;REW BE 2010 OPT NDMP WIN PER SVR BDL CU LIC A BAS;20090872;;REW BE 2010 OPT NDMP WIN PER SVR BDL CU LIC A BAS;REW BE 2010 OPT NDMP WIN PER SVR BDL CU LIC A BAS;REW BE 2010 OPT NDMP WIN PER SVR BDL CU LIC A BAS;REW BE 2010 OPT NDMP WIN PER SVR BDL CU LIC A BAS;;;;79;;
1;3;2094;1;1042,5111;847,57;REW BE 2010 OPT NDMP WIN PER SVR BDL CU LIC E BAS;20090873;;REW BE 2010 OPT NDMP WIN PER SVR BDL CU LIC E BAS;REW BE 2010 OPT NDMP WIN PER SVR BDL CU LIC E BAS;REW BE 2010 OPT NDMP WIN PER SVR BDL CU LIC E BAS;REW BE 2010 OPT NDMP WIN PER SVR BDL CU LIC E BAS;;;;79;;
1;3;2094;1;1042,5111;847,57;REW BE 2010 OPT NDMP WIN PER SVR BDL VU LIC D BAS;20090874;;REW BE 2010 OPT NDMP WIN PER SVR BDL VU LIC D BAS;REW BE 2010 OPT NDMP WIN PER SVR BDL VU LIC D BAS;REW BE 2010 OPT NDMP WIN PER SVR BDL VU LIC D BAS;REW BE 2010 OPT NDMP WIN PER SVR BDL VU LIC D BAS;;;;79;;
1;3;2094;1;1156,5444;940,28;REW BE 2010 OPT NDMP WIN PER SVR BDL CU LIC B BAS;20090876;;REW BE 2010 OPT NDMP WIN PER SVR BDL CU LIC B BAS;REW BE 2010 OPT NDMP WIN PER SVR BDL CU LIC B BAS;REW BE 2010 OPT NDMP WIN PER SVR BDL CU LIC B BAS;REW BE 2010 OPT NDMP WIN PER SVR BDL CU LIC B BAS;;;;79;;
1;3;2094;1;1107,6765;900,55;REW BE 2010 OPT NDMP WIN PER SVR BDL VU LIC C BAS;20090877;;REW BE 2010 OPT NDMP WIN PER SVR BDL VU LIC C BAS;REW BE 2010 OPT NDMP WIN PER SVR BDL VU LIC C BAS;REW BE 2010 OPT NDMP WIN PER SVR BDL VU LIC C BAS;REW BE 2010 OPT NDMP WIN PER SVR BDL VU LIC C BAS;;;;79;;
1;3;2094;1;1226,2239;996,93;REW BE 2010 OPT NDMP WIN PER SVR BDL CU LIC B ESS;20090879;;REW BE 2010 OPT NDMP WIN PER SVR BDL CU LIC B ESS;REW BE 2010 OPT NDMP WIN PER SVR BDL CU LIC B ESS;REW BE 2010 OPT NDMP WIN PER SVR BDL CU LIC B ESS;REW BE 2010 OPT NDMP WIN PER SVR BDL CU LIC B ESS;;;;79;;
1;3;2094;1;1174,404;954,8;REW BE 2010 OPT NDMP WIN PER SVR BDL CU LIC C ESS;20090880;;REW BE 2010 OPT NDMP WIN PER SVR BDL CU LIC C ESS;REW BE 2010 OPT NDMP WIN PER SVR BDL CU LIC C ESS;REW BE 2010 OPT NDMP WIN PER SVR BDL CU LIC C ESS;REW BE 2010 OPT NDMP WIN PER SVR BDL CU LIC C ESS;;;;79;;
1;3;2094;1;1105,3149;898,63;AE BE 2010 OPT NDMP WIN P SVR BDL CU LIC S ESS;20090881;;AE BE 2010 OPT NDMP WIN P SVR BDL CU LIC S ESS;AE BE 2010 OPT NDMP WIN P SVR BDL CU LIC S ESS;AE BE 2010 OPT NDMP WIN P SVR BDL CU LIC S ESS;AE BE 2010 OPT NDMP WIN P SVR BDL CU LIC S ESS;;;;79;;
1;3;2094;1;1237,995;1006,5;EXP BE 2010 OPT NDMP WIN P SVR BDL VU LIC S BAS;20090882;;EXP BE 2010 OPT NDMP WIN P SVR BDL VU LIC S BAS;EXP BE 2010 OPT NDMP WIN P SVR BDL VU LIC S BAS;EXP BE 2010 OPT NDMP WIN P SVR BDL VU LIC S BAS;EXP BE 2010 OPT NDMP WIN P SVR BDL VU LIC S BAS;;;;79;;
1;3;2094;1;1042,5111;847,57;AE BE 2010 OPT NDMP WIN P SVR BDL VU LIC S BAS;20090883;;AE BE 2010 OPT NDMP WIN P SVR BDL VU LIC S BAS;AE BE 2010 OPT NDMP WIN P SVR BDL VU LIC S BAS;AE BE 2010 OPT NDMP WIN P SVR BDL VU LIC S BAS;AE BE 2010 OPT NDMP WIN P SVR BDL VU LIC S BAS;;;;79;;
1;3;2094;1;1226,2239;996,93;REW BE 2010 OPT NDMP WIN PER SVR BDL VU LIC B ESS;20090884;;REW BE 2010 OPT NDMP WIN PER SVR BDL VU LIC B ESS;REW BE 2010 OPT NDMP WIN PER SVR BDL VU LIC B ESS;REW BE 2010 OPT NDMP WIN PER SVR BDL VU LIC B ESS;REW BE 2010 OPT NDMP WIN PER SVR BDL VU LIC B ESS;;;;79;;
1;3;2094;1;1278,0192;1039,04;REW BE 2010 OPT NDMP WIN PER SVR BDL CU LIC A ESS;20090892;;REW BE 2010 OPT NDMP WIN PER SVR BDL CU LIC A ESS;REW BE 2010 OPT NDMP WIN PER SVR BDL CU LIC A ESS;REW BE 2010 OPT NDMP WIN PER SVR BDL CU LIC A ESS;REW BE 2010 OPT NDMP WIN PER SVR BDL CU LIC A ESS;;;;79;;
1;3;2094;1;1237,995;1006,5;EXP BE 2010 OPT NDMP WIN P SVR BDL CU LIC S BAS;20090893;;EXP BE 2010 OPT NDMP WIN P SVR BDL CU LIC S BAS;EXP BE 2010 OPT NDMP WIN P SVR BDL CU LIC S BAS;EXP BE 2010 OPT NDMP WIN P SVR BDL CU LIC S BAS;EXP BE 2010 OPT NDMP WIN P SVR BDL CU LIC S BAS;;;;79;;
1;3;2094;1;1278,0192;1039,04;REW BE 2010 OPT NDMP WIN PER SVR BDL VU LIC A ESS;20090894;;REW BE 2010 OPT NDMP WIN PER SVR BDL VU LIC A ESS;REW BE 2010 OPT NDMP WIN PER SVR BDL VU LIC A ESS;REW BE 2010 OPT NDMP WIN PER SVR BDL VU LIC A ESS;REW BE 2010 OPT NDMP WIN PER SVR BDL VU LIC A ESS;;;;79;;
1;3;2094;1;1105,3149;898,63;REW BE 2010 OPT NDMP WIN PER SVR BDL CU LIC E ESS;20090896;;REW BE 2010 OPT NDMP WIN PER SVR BDL CU LIC E ESS;REW BE 2010 OPT NDMP WIN PER SVR BDL CU LIC E ESS;REW BE 2010 OPT NDMP WIN PER SVR BDL CU LIC E ESS;REW BE 2010 OPT NDMP WIN PER SVR BDL CU LIC E ESS;;;;79;;
1;3;2094;1;1312,5822;1067,14;EXP BE 2010 OPT NDMP WIN P SVR BDL CU LIC S ESS;20090897;;EXP BE 2010 OPT NDMP WIN P SVR BDL CU LIC S ESS;EXP BE 2010 OPT NDMP WIN P SVR BDL CU LIC S ESS;EXP BE 2010 OPT NDMP WIN P SVR BDL CU LIC S ESS;EXP BE 2010 OPT NDMP WIN P SVR BDL CU LIC S ESS;;;;79;;
1;3;2094;1;1205,4;980;REW BE 2010 OPT NDMP WIN PER SVR BDL VU LIC A BAS;20090898;;REW BE 2010 OPT NDMP WIN PER SVR BDL VU LIC A BAS;REW BE 2010 OPT NDMP WIN PER SVR BDL VU LIC A BAS;REW BE 2010 OPT NDMP WIN PER SVR BDL VU LIC A BAS;REW BE 2010 OPT NDMP WIN PER SVR BDL VU LIC A BAS;;;;79;;
1;3;2094;1;1042,5111;847,57;REW BE 2010 OPT NDMP WIN PER SVR BDL VU LIC E BAS;20090899;;REW BE 2010 OPT NDMP WIN PER SVR BDL VU LIC E BAS;REW BE 2010 OPT NDMP WIN PER SVR BDL VU LIC E BAS;REW BE 2010 OPT NDMP WIN PER SVR BDL VU LIC E BAS;REW BE 2010 OPT NDMP WIN PER SVR BDL VU LIC E BAS;;;;79;;
1;3;2094;1;1042,5111;847,57;GOV BE 2010 OPT NDMP WIN P SVR BDL VU LIC S BAS;20090900;;GOV BE 2010 OPT NDMP WIN P SVR BDL VU LIC S BAS;GOV BE 2010 OPT NDMP WIN P SVR BDL VU LIC S BAS;GOV BE 2010 OPT NDMP WIN P SVR BDL VU LIC S BAS;GOV BE 2010 OPT NDMP WIN P SVR BDL VU LIC S BAS;;;;79;;
1;3;2094;1;1105,3149;898,63;REW BE 2010 OPT NDMP WIN PER SVR BDL VU LIC D ESS;20090901;;REW BE 2010 OPT NDMP WIN PER SVR BDL VU LIC D ESS;REW BE 2010 OPT NDMP WIN PER SVR BDL VU LIC D ESS;REW BE 2010 OPT NDMP WIN PER SVR BDL VU LIC D ESS;REW BE 2010 OPT NDMP WIN PER SVR BDL VU LIC D ESS;;;;79;;
1;3;2094;1;1105,3149;898,63;REW BE 2010 OPT NDMP WIN PER SVR BDL VU LIC E ESS;20090902;;REW BE 2010 OPT NDMP WIN PER SVR BDL VU LIC E ESS;REW BE 2010 OPT NDMP WIN PER SVR BDL VU LIC E ESS;REW BE 2010 OPT NDMP WIN PER SVR BDL VU LIC E ESS;REW BE 2010 OPT NDMP WIN PER SVR BDL VU LIC E ESS;;;;79;;
1;3;2094;1;1105,3149;898,63;GOV BE 2010 OPT NDMP WIN P SVR BDL CU LIC S ESS;20090903;;GOV BE 2010 OPT NDMP WIN P SVR BDL CU LIC S ESS;GOV BE 2010 OPT NDMP WIN P SVR BDL CU LIC S ESS;GOV BE 2010 OPT NDMP WIN P SVR BDL CU LIC S ESS;GOV BE 2010 OPT NDMP WIN P SVR BDL CU LIC S ESS;;;;79;;
1;3;2094;1;1042,5111;847,57;REW BE 2010 OPT NDMP WIN PER SVR BDL CU LIC D BAS;20090904;;REW BE 2010 OPT NDMP WIN PER SVR BDL CU LIC D BAS;REW BE 2010 OPT NDMP WIN PER SVR BDL CU LIC D BAS;REW BE 2010 OPT NDMP WIN PER SVR BDL CU LIC D BAS;REW BE 2010 OPT NDMP WIN PER SVR BDL CU LIC D BAS;;;;79;;
1;3;2094;1;1042,5111;847,57;GOV BE 2010 OPT NDMP WIN P SVR BDL CU LIC S BAS;20090905;;GOV BE 2010 OPT NDMP WIN P SVR BDL CU LIC S BAS;GOV BE 2010 OPT NDMP WIN P SVR BDL CU LIC S BAS;GOV BE 2010 OPT NDMP WIN P SVR BDL CU LIC S BAS;GOV BE 2010 OPT NDMP WIN P SVR BDL CU LIC S BAS;;;;79;;
1;3;2094;1;1156,5444;940,28;REW BE 2010 OPT NDMP WIN PER SVR BDL VU LIC B BAS;20090906;;REW BE 2010 OPT NDMP WIN PER SVR BDL VU LIC B BAS;REW BE 2010 OPT NDMP WIN PER SVR BDL VU LIC B BAS;REW BE 2010 OPT NDMP WIN PER SVR BDL VU LIC B BAS;REW BE 2010 OPT NDMP WIN PER SVR BDL VU LIC B BAS;;;;79;;
1;3;2094;1;1105,3149;898,63;AE BE 2010 OPT NDMP WIN P SVR BDL VU LIC S ESS;20090907;;AE BE 2010 OPT NDMP WIN P SVR BDL VU LIC S ESS;AE BE 2010 OPT NDMP WIN P SVR BDL VU LIC S ESS;AE BE 2010 OPT NDMP WIN P SVR BDL VU LIC S ESS;AE BE 2010 OPT NDMP WIN P SVR BDL VU LIC S ESS;;;;79;;
1;3;2094;1;1107,6765;900,55;REW BE 2010 OPT NDMP WIN PER SVR BDL CU LIC C BAS;20090908;;REW BE 2010 OPT NDMP WIN PER SVR BDL CU LIC C BAS;REW BE 2010 OPT NDMP WIN PER SVR BDL CU LIC C BAS;REW BE 2010 OPT NDMP WIN PER SVR BDL CU LIC C BAS;REW BE 2010 OPT NDMP WIN PER SVR BDL CU LIC C BAS;;;;79;;
1;3;2094;1;750,7428;610,36;REW BE 2010 AGT ORC WIN PER SVR BDL CU LIC B BAS;20090915;;REW BE 2010 AGT ORC WIN PER SVR BDL CU LIC B BAS;REW BE 2010 AGT ORC WIN PER SVR BDL CU LIC B BAS;REW BE 2010 AGT ORC WIN PER SVR BDL CU LIC B BAS;REW BE 2010 AGT ORC WIN PER SVR BDL CU LIC B BAS;;;;79;;
1;3;2094;1;782,4645;636,15;REW BE 2010 AGT ORC WIN PER SVR BDL VU LIC A BAS;20090916;;REW BE 2010 AGT ORC WIN PER SVR BDL VU LIC A BAS;REW BE 2010 AGT ORC WIN PER SVR BDL VU LIC A BAS;REW BE 2010 AGT ORC WIN PER SVR BDL VU LIC A BAS;REW BE 2010 AGT ORC WIN PER SVR BDL VU LIC A BAS;;;;79;;
1;3;2094;1;676,7214;550,18;GOV BE 2010 AGT ORCL WIN P SVR BDL VU LIC S BAS;20090917;;GOV BE 2010 AGT ORCL WIN P SVR BDL VU LIC S BAS;GOV BE 2010 AGT ORCL WIN P SVR BDL VU LIC S BAS;GOV BE 2010 AGT ORCL WIN P SVR BDL VU LIC S BAS;GOV BE 2010 AGT ORCL WIN P SVR BDL VU LIC S BAS;;;;79;;
1;3;2094;1;676,7214;550,18;AE BE 2010 AGT ORCL WIN SVR BDL VU LIC S BAS;20090918;;AE BE 2010 AGT ORCL WIN SVR BDL VU LIC S BAS;AE BE 2010 AGT ORCL WIN SVR BDL VU LIC S BAS;AE BE 2010 AGT ORCL WIN SVR BDL VU LIC S BAS;AE BE 2010 AGT ORCL WIN SVR BDL VU LIC S BAS;;;;79;;
1;3;2094;1;717,4836;583,32;GOV BE 2010 AGT ORCL WIN P SVR BDL VU LIC S ESS;20090919;;GOV BE 2010 AGT ORCL WIN P SVR BDL VU LIC S ESS;GOV BE 2010 AGT ORCL WIN P SVR BDL VU LIC S ESS;GOV BE 2010 AGT ORCL WIN P SVR BDL VU LIC S ESS;GOV BE 2010 AGT ORCL WIN P SVR BDL VU LIC S ESS;;;;79;;
1;3;2094;1;762,3294;619,78;REW BE 2010 AGT ORC WIN PER SVR BDL VU LIC C ESS;20090921;;REW BE 2010 AGT ORC WIN PER SVR BDL VU LIC C ESS;REW BE 2010 AGT ORC WIN PER SVR BDL VU LIC C ESS;REW BE 2010 AGT ORC WIN PER SVR BDL VU LIC C ESS;REW BE 2010 AGT ORC WIN PER SVR BDL VU LIC C ESS;;;;79;;
1;3;2094;1;676,7214;550,18;REW BE 2010 AGT ORC WIN PER SVR BDL CU LIC E BAS;20090923;;REW BE 2010 AGT ORC WIN PER SVR BDL CU LIC E BAS;REW BE 2010 AGT ORC WIN PER SVR BDL CU LIC E BAS;REW BE 2010 AGT ORC WIN PER SVR BDL CU LIC E BAS;REW BE 2010 AGT ORC WIN PER SVR BDL CU LIC E BAS;;;;79;;
1;3;2094;1;717,4836;583,32;REW BE 2010 AGT ORC WIN PER SVR BDL VU LIC D ESS;20090924;;REW BE 2010 AGT ORC WIN PER SVR BDL VU LIC D ESS;REW BE 2010 AGT ORC WIN PER SVR BDL VU LIC D ESS;REW BE 2010 AGT ORC WIN PER SVR BDL VU LIC D ESS;REW BE 2010 AGT ORC WIN PER SVR BDL VU LIC D ESS;;;;79;;
1;3;2094;1;717,4836;583,32;REW BE 2010 AGT ORC WIN PER SVR BDL VU LIC E ESS;20090925;;REW BE 2010 AGT ORC WIN PER SVR BDL VU LIC E ESS;REW BE 2010 AGT ORC WIN PER SVR BDL VU LIC E ESS;REW BE 2010 AGT ORC WIN PER SVR BDL VU LIC E ESS;REW BE 2010 AGT ORC WIN PER SVR BDL VU LIC E ESS;;;;79;;
1;3;2094;1;717,4836;583,32;REW BE 2010 AGT ORC WIN PER SVR BDL CU LIC E ESS;20090926;;REW BE 2010 AGT ORC WIN PER SVR BDL CU LIC E ESS;REW BE 2010 AGT ORC WIN PER SVR BDL CU LIC E ESS;REW BE 2010 AGT ORC WIN PER SVR BDL CU LIC E ESS;REW BE 2010 AGT ORC WIN PER SVR BDL CU LIC E ESS;;;;79;;
1;3;2094;1;717,4836;583,32;AE BE 2010 AGT ORCL WIN SVR BDL CU LIC S ESS;20090927;;AE BE 2010 AGT ORCL WIN SVR BDL CU LIC S ESS;AE BE 2010 AGT ORCL WIN SVR BDL CU LIC S ESS;AE BE 2010 AGT ORCL WIN SVR BDL CU LIC S ESS;AE BE 2010 AGT ORCL WIN SVR BDL CU LIC S ESS;;;;79;;
1;3;2094;1;782,4645;636,15;REW BE 2010 AGT ORC WIN PER SVR BDL CU LIC A BAS;20090928;;REW BE 2010 AGT ORC WIN PER SVR BDL CU LIC A BAS;REW BE 2010 AGT ORC WIN PER SVR BDL CU LIC A BAS;REW BE 2010 AGT ORC WIN PER SVR BDL CU LIC A BAS;REW BE 2010 AGT ORC WIN PER SVR BDL CU LIC A BAS;;;;79;;
1;3;2094;1;719,0088;584,56;REW BE 2010 AGT ORC WIN PER SVR BDL CU LIC C BAS;20090929;;REW BE 2010 AGT ORC WIN PER SVR BDL CU LIC C BAS;REW BE 2010 AGT ORC WIN PER SVR BDL CU LIC C BAS;REW BE 2010 AGT ORC WIN PER SVR BDL CU LIC C BAS;REW BE 2010 AGT ORC WIN PER SVR BDL CU LIC C BAS;;;;79;;
1;3;2094;1;676,7214;550,18;GOV BE 2010 AGT ORCL WIN P SVR BDL CU LIC S BAS;20090949;;GOV BE 2010 AGT ORCL WIN P SVR BDL CU LIC S BAS;GOV BE 2010 AGT ORCL WIN P SVR BDL CU LIC S BAS;GOV BE 2010 AGT ORCL WIN P SVR BDL CU LIC S BAS;GOV BE 2010 AGT ORCL WIN P SVR BDL CU LIC S BAS;;;;79;;
1;3;2094;1;803,6205;653,35;EXP BE 2010 AGT ORCL WIN P SVR BDL CU LIC S BAS;20090950;;EXP BE 2010 AGT ORCL WIN P SVR BDL CU LIC S BAS;EXP BE 2010 AGT ORCL WIN P SVR BDL CU LIC S BAS;EXP BE 2010 AGT ORCL WIN P SVR BDL CU LIC S BAS;EXP BE 2010 AGT ORCL WIN P SVR BDL CU LIC S BAS;;;;79;;
1;3;2094;1;717,4836;583,32;AE BE 2010 AGT ORCL WIN SVR BDL VU LIC S ESS;20090952;;AE BE 2010 AGT ORCL WIN SVR BDL VU LIC S ESS;AE BE 2010 AGT ORCL WIN SVR BDL VU LIC S ESS;AE BE 2010 AGT ORCL WIN SVR BDL VU LIC S ESS;AE BE 2010 AGT ORCL WIN SVR BDL VU LIC S ESS;;;;79;;
1;3;2094;1;676,7214;550,18;AE BE 2010 AGT ORCL WIN SVR BDL CU LIC S BAS;20090953;;AE BE 2010 AGT ORCL WIN SVR BDL CU LIC S BAS;AE BE 2010 AGT ORCL WIN SVR BDL CU LIC S BAS;AE BE 2010 AGT ORCL WIN SVR BDL CU LIC S BAS;AE BE 2010 AGT ORCL WIN SVR BDL CU LIC S BAS;;;;79;;
1;3;2094;1;719,0088;584,56;REW BE 2010 AGT ORC WIN PER SVR BDL VU LIC C BAS;20090954;;REW BE 2010 AGT ORC WIN PER SVR BDL VU LIC C BAS;REW BE 2010 AGT ORC WIN PER SVR BDL VU LIC C BAS;REW BE 2010 AGT ORC WIN PER SVR BDL VU LIC C BAS;REW BE 2010 AGT ORC WIN PER SVR BDL VU LIC C BAS;;;;79;;
1;3;2094;1;676,7214;550,18;REW BE 2010 AGT ORC WIN PER SVR BDL VU LIC D BAS;20090955;;REW BE 2010 AGT ORC WIN PER SVR BDL VU LIC D BAS;REW BE 2010 AGT ORC WIN PER SVR BDL VU LIC D BAS;REW BE 2010 AGT ORC WIN PER SVR BDL VU LIC D BAS;REW BE 2010 AGT ORC WIN PER SVR BDL VU LIC D BAS;;;;79;;
1;3;2094;1;803,6205;653,35;EXP BE 2010 AGT ORCL WIN P SVR BDL VU LIC S BAS;20090956;;EXP BE 2010 AGT ORCL WIN P SVR BDL VU LIC S BAS;EXP BE 2010 AGT ORCL WIN P SVR BDL VU LIC S BAS;EXP BE 2010 AGT ORCL WIN P SVR BDL VU LIC S BAS;EXP BE 2010 AGT ORCL WIN P SVR BDL VU LIC S BAS;;;;79;;
1;3;2094;1;717,4836;583,32;GOV BE 2010 AGT ORCL WIN P SVR BDL CU LIC S ESS;20090957;;GOV BE 2010 AGT ORCL WIN P SVR BDL CU LIC S ESS;GOV BE 2010 AGT ORCL WIN P SVR BDL CU LIC S ESS;GOV BE 2010 AGT ORCL WIN P SVR BDL CU LIC S ESS;GOV BE 2010 AGT ORCL WIN P SVR BDL CU LIC S ESS;;;;79;;
1;3;2094;1;852,021;692,7;EXP BE 2010 AGT ORCL WIN P SVR BDL CU LIC S ESS;20090958;;EXP BE 2010 AGT ORCL WIN P SVR BDL CU LIC S ESS;EXP BE 2010 AGT ORCL WIN P SVR BDL CU LIC S ESS;EXP BE 2010 AGT ORCL WIN P SVR BDL CU LIC S ESS;EXP BE 2010 AGT ORCL WIN P SVR BDL CU LIC S ESS;;;;79;;
1;3;2094;1;676,7214;550,18;REW BE 2010 AGT ORC WIN PER SVR BDL CU LIC D BAS;20090959;;REW BE 2010 AGT ORC WIN PER SVR BDL CU LIC D BAS;REW BE 2010 AGT ORC WIN PER SVR BDL CU LIC D BAS;REW BE 2010 AGT ORC WIN PER SVR BDL CU LIC D BAS;REW BE 2010 AGT ORC WIN PER SVR BDL CU LIC D BAS;;;;79;;
1;3;2094;1;829,5981;674,47;REW BE 2010 AGT ORC WIN PER SVR BDL VU LIC A ESS;20090960;;REW BE 2010 AGT ORC WIN PER SVR BDL VU LIC A ESS;REW BE 2010 AGT ORC WIN PER SVR BDL VU LIC A ESS;REW BE 2010 AGT ORC WIN PER SVR BDL VU LIC A ESS;REW BE 2010 AGT ORC WIN PER SVR BDL VU LIC A ESS;;;;79;;
1;3;2094;1;852,021;692,7;EXP BE 2010 AGT ORCL WIN P SVR BDL VU LIC S ESS;20090961;;EXP BE 2010 AGT ORCL WIN P SVR BDL VU LIC S ESS;EXP BE 2010 AGT ORCL WIN P SVR BDL VU LIC S ESS;EXP BE 2010 AGT ORCL WIN P SVR BDL VU LIC S ESS;EXP BE 2010 AGT ORCL WIN P SVR BDL VU LIC S ESS;;;;79;;
1;3;2094;1;829,5981;674,47;REW BE 2010 AGT ORC WIN PER SVR BDL CU LIC A ESS;20090962;;REW BE 2010 AGT ORC WIN PER SVR BDL CU LIC A ESS;REW BE 2010 AGT ORC WIN PER SVR BDL CU LIC A ESS;REW BE 2010 AGT ORC WIN PER SVR BDL CU LIC A ESS;REW BE 2010 AGT ORC WIN PER SVR BDL CU LIC A ESS;;;;79;;
1;3;2094;1;717,4836;583,32;REW BE 2010 AGT ORC WIN PER SVR BDL CU LIC D ESS;20090963;;REW BE 2010 AGT ORC WIN PER SVR BDL CU LIC D ESS;REW BE 2010 AGT ORC WIN PER SVR BDL CU LIC D ESS;REW BE 2010 AGT ORC WIN PER SVR BDL CU LIC D ESS;REW BE 2010 AGT ORC WIN PER SVR BDL CU LIC D ESS;;;;79;;
1;3;2094;1;750,7428;610,36;REW BE 2010 AGT ORC WIN PER SVR BDL VU LIC B BAS;20090964;;REW BE 2010 AGT ORC WIN PER SVR BDL VU LIC B BAS;REW BE 2010 AGT ORC WIN PER SVR BDL VU LIC B BAS;REW BE 2010 AGT ORC WIN PER SVR BDL VU LIC B BAS;REW BE 2010 AGT ORC WIN PER SVR BDL VU LIC B BAS;;;;79;;
1;3;2094;1;676,7214;550,18;REW BE 2010 AGT ORC WIN PER SVR BDL VU LIC E BAS;20090965;;REW BE 2010 AGT ORC WIN PER SVR BDL VU LIC E BAS;REW BE 2010 AGT ORC WIN PER SVR BDL VU LIC E BAS;REW BE 2010 AGT ORC WIN PER SVR BDL VU LIC E BAS;REW BE 2010 AGT ORC WIN PER SVR BDL VU LIC E BAS;;;;79;;
1;3;2094;1;795,9699;647,13;REW BE 2010 AGT ORC WIN PER SVR BDL VU LIC B ESS;20090966;;REW BE 2010 AGT ORC WIN PER SVR BDL VU LIC B ESS;REW BE 2010 AGT ORC WIN PER SVR BDL VU LIC B ESS;REW BE 2010 AGT ORC WIN PER SVR BDL VU LIC B ESS;REW BE 2010 AGT ORC WIN PER SVR BDL VU LIC B ESS;;;;79;;
1;3;2094;1;795,9699;647,13;REW BE 2010 AGT ORC WIN PER SVR BDL CU LIC B ESS;20090967;;REW BE 2010 AGT ORC WIN PER SVR BDL CU LIC B ESS;REW BE 2010 AGT ORC WIN PER SVR BDL CU LIC B ESS;REW BE 2010 AGT ORC WIN PER SVR BDL CU LIC B ESS;REW BE 2010 AGT ORC WIN PER SVR BDL CU LIC B ESS;;;;79;;
1;3;2094;1;762,3294;619,78;REW BE 2010 AGT ORC WIN PER SVR BDL CU LIC C ESS;20090968;;REW BE 2010 AGT ORC WIN PER SVR BDL CU LIC C ESS;REW BE 2010 AGT ORC WIN PER SVR BDL CU LIC C ESS;REW BE 2010 AGT ORC WIN PER SVR BDL CU LIC C ESS;REW BE 2010 AGT ORC WIN PER SVR BDL CU LIC C ESS;;;;79;;
1;3;2094;1;363,1821;295,27;REW BE 2010 OPT OPEN NTWR PER SVR BDL VU LIC D BAS;20090969;;REW BE 2010 OPT OPEN NTWR PER SVR BDL VU LIC D BAS;REW BE 2010 OPT OPEN NTWR PER SVR BDL VU LIC D BAS;REW BE 2010 OPT OPEN NTWR PER SVR BDL VU LIC D BAS;REW BE 2010 OPT OPEN NTWR PER SVR BDL VU LIC D BAS;;;;79;;
1;3;2094;1;409,1226;332,62;REW BE 2010 OPT OPEN NTWR PER SVR BDL VU LIC C ESS;20090970;;REW BE 2010 OPT OPEN NTWR PER SVR BDL VU LIC C ESS;REW BE 2010 OPT OPEN NTWR PER SVR BDL VU LIC C ESS;REW BE 2010 OPT OPEN NTWR PER SVR BDL VU LIC C ESS;REW BE 2010 OPT OPEN NTWR PER SVR BDL VU LIC C ESS;;;;79;;
1;3;2094;1;457,2648;371,76;EXP BE 2010 OPT OPEN NTWR SVR BDL VU LIC S ESS;20090971;;EXP BE 2010 OPT OPEN NTWR SVR BDL VU LIC S ESS;EXP BE 2010 OPT OPEN NTWR SVR BDL VU LIC S ESS;EXP BE 2010 OPT OPEN NTWR SVR BDL VU LIC S ESS;EXP BE 2010 OPT OPEN NTWR SVR BDL VU LIC S ESS;;;;79;;
1;3;2094;1;385,0638;313,06;REW BE 2010 OPT OPEN NTWR PER SVR BDL CU LIC E ESS;20090972;;REW BE 2010 OPT OPEN NTWR PER SVR BDL CU LIC E ESS;REW BE 2010 OPT OPEN NTWR PER SVR BDL CU LIC E ESS;REW BE 2010 OPT OPEN NTWR PER SVR BDL CU LIC E ESS;REW BE 2010 OPT OPEN NTWR PER SVR BDL CU LIC E ESS;;;;79;;
1;3;2094;1;385,0638;313,06;AE BE 2010 OPT OPEN NTWR P SVR BDL CU LIC S ESS;20090973;;AE BE 2010 OPT OPEN NTWR P SVR BDL CU LIC S ESS;AE BE 2010 OPT OPEN NTWR P SVR BDL CU LIC S ESS;AE BE 2010 OPT OPEN NTWR P SVR BDL CU LIC S ESS;AE BE 2010 OPT OPEN NTWR P SVR BDL CU LIC S ESS;;;;79;;
1;3;2094;1;419,922;341,4;REW BE 2010 OPT OPEN NTWR PER SVR BDL VU LIC A BAS;20090974;;REW BE 2010 OPT OPEN NTWR PER SVR BDL VU LIC A BAS;REW BE 2010 OPT OPEN NTWR PER SVR BDL VU LIC A BAS;REW BE 2010 OPT OPEN NTWR PER SVR BDL VU LIC A BAS;REW BE 2010 OPT OPEN NTWR PER SVR BDL VU LIC A BAS;;;;79;;
1;3;2094;1;385,8879;313,73;REW BE 2010 OPT OPEN NTWR PER SVR BDL VU LIC C BAS;20090975;;REW BE 2010 OPT OPEN NTWR PER SVR BDL VU LIC C BAS;REW BE 2010 OPT OPEN NTWR PER SVR BDL VU LIC C BAS;REW BE 2010 OPT OPEN NTWR PER SVR BDL VU LIC C BAS;REW BE 2010 OPT OPEN NTWR PER SVR BDL VU LIC C BAS;;;;79;;
1;3;2094;1;363,1821;295,27;GOV BE 2010 OPT OPEN NTWR P SVR BDL VU LIC S BAS;20090976;;GOV BE 2010 OPT OPEN NTWR P SVR BDL VU LIC S BAS;GOV BE 2010 OPT OPEN NTWR P SVR BDL VU LIC S BAS;GOV BE 2010 OPT OPEN NTWR P SVR BDL VU LIC S BAS;GOV BE 2010 OPT OPEN NTWR P SVR BDL VU LIC S BAS;;;;79;;
1;3;2094;1;431,2872;350,64;EXP BE 2010 OPT OPEN NTWR SVR BDL VU LIC S BAS;20090977;;EXP BE 2010 OPT OPEN NTWR SVR BDL VU LIC S BAS;EXP BE 2010 OPT OPEN NTWR SVR BDL VU LIC S BAS;EXP BE 2010 OPT OPEN NTWR SVR BDL VU LIC S BAS;EXP BE 2010 OPT OPEN NTWR SVR BDL VU LIC S BAS;;;;79;;
1;3;2094;1;385,0638;313,06;AE BE 2010 OPT OPEN NTWR P SVR BDL VU LIC S ESS;20090978;;AE BE 2010 OPT OPEN NTWR P SVR BDL VU LIC S ESS;AE BE 2010 OPT OPEN NTWR P SVR BDL VU LIC S ESS;AE BE 2010 OPT OPEN NTWR P SVR BDL VU LIC S ESS;AE BE 2010 OPT OPEN NTWR P SVR BDL VU LIC S ESS;;;;79;;
1;3;2094;1;385,0638;313,06;REW BE 2010 OPT OPEN NTWR PER SVR BDL CU LIC D ESS;20090979;;REW BE 2010 OPT OPEN NTWR PER SVR BDL CU LIC D ESS;REW BE 2010 OPT OPEN NTWR PER SVR BDL CU LIC D ESS;REW BE 2010 OPT OPEN NTWR PER SVR BDL CU LIC D ESS;REW BE 2010 OPT OPEN NTWR PER SVR BDL CU LIC D ESS;;;;79;;
1;3;2094;1;457,2648;371,76;EXP BE 2010 OPT OPEN NTWR SVR BDL CU LIC S ESS;20090980;;EXP BE 2010 OPT OPEN NTWR SVR BDL CU LIC S ESS;EXP BE 2010 OPT OPEN NTWR SVR BDL CU LIC S ESS;EXP BE 2010 OPT OPEN NTWR SVR BDL CU LIC S ESS;EXP BE 2010 OPT OPEN NTWR SVR BDL CU LIC S ESS;;;;79;;
1;3;2094;1;363,1821;295,27;REW BE 2010 OPT OPEN NTWR PER SVR BDL CU LIC E BAS;20090981;;REW BE 2010 OPT OPEN NTWR PER SVR BDL CU LIC E BAS;REW BE 2010 OPT OPEN NTWR PER SVR BDL CU LIC E BAS;REW BE 2010 OPT OPEN NTWR PER SVR BDL CU LIC E BAS;REW BE 2010 OPT OPEN NTWR PER SVR BDL CU LIC E BAS;;;;79;;
1;3;2094;1;431,2872;350,64;EXP BE 2010 OPT OPEN NTWR SVR BDL CU LIC S BAS;20090982;;EXP BE 2010 OPT OPEN NTWR SVR BDL CU LIC S BAS;EXP BE 2010 OPT OPEN NTWR SVR BDL CU LIC S BAS;EXP BE 2010 OPT OPEN NTWR SVR BDL CU LIC S BAS;EXP BE 2010 OPT OPEN NTWR SVR BDL CU LIC S BAS;;;;79;;
1;3;2094;1;427,179;347,3;REW BE 2010 OPT OPEN NTWR PER SVR BDL VU LIC B ESS;20090983;;REW BE 2010 OPT OPEN NTWR PER SVR BDL VU LIC B ESS;REW BE 2010 OPT OPEN NTWR PER SVR BDL VU LIC B ESS;REW BE 2010 OPT OPEN NTWR PER SVR BDL VU LIC B ESS;REW BE 2010 OPT OPEN NTWR PER SVR BDL VU LIC B ESS;;;;79;;
1;3;2094;1;363,1821;295,27;AE BE 2010 OPT OPEN NTWR P SVR BDL VU LIC S BAS;20090984;;AE BE 2010 OPT OPEN NTWR P SVR BDL VU LIC S BAS;AE BE 2010 OPT OPEN NTWR P SVR BDL VU LIC S BAS;AE BE 2010 OPT OPEN NTWR P SVR BDL VU LIC S BAS;AE BE 2010 OPT OPEN NTWR P SVR BDL VU LIC S BAS;;;;79;;
1;3;2094;1;409,1226;332,62;REW BE 2010 OPT OPEN NTWR PER SVR BDL CU LIC C ESS;20091003;;REW BE 2010 OPT OPEN NTWR PER SVR BDL CU LIC C ESS;REW BE 2010 OPT OPEN NTWR PER SVR BDL CU LIC C ESS;REW BE 2010 OPT OPEN NTWR PER SVR BDL CU LIC C ESS;REW BE 2010 OPT OPEN NTWR PER SVR BDL CU LIC C ESS;;;;79;;
1;3;2094;1;419,922;341,4;REW BE 2010 OPT OPEN NTWR PER SVR BDL CU LIC A BAS;20091004;;REW BE 2010 OPT OPEN NTWR PER SVR BDL CU LIC A BAS;REW BE 2010 OPT OPEN NTWR PER SVR BDL CU LIC A BAS;REW BE 2010 OPT OPEN NTWR PER SVR BDL CU LIC A BAS;REW BE 2010 OPT OPEN NTWR PER SVR BDL CU LIC A BAS;;;;79;;
1;3;2094;1;363,1821;295,27;AE BE 2010 OPT OPEN NTWR P SVR BDL CU LIC S BAS;20091006;;AE BE 2010 OPT OPEN NTWR P SVR BDL CU LIC S BAS;AE BE 2010 OPT OPEN NTWR P SVR BDL CU LIC S BAS;AE BE 2010 OPT OPEN NTWR P SVR BDL CU LIC S BAS;AE BE 2010 OPT OPEN NTWR P SVR BDL CU LIC S BAS;;;;79;;
1;3;2094;1;445,2354;361,98;REW BE 2010 OPT OPEN NTWR PER SVR BDL VU LIC A ESS;20091007;;REW BE 2010 OPT OPEN NTWR PER SVR BDL VU LIC A ESS;REW BE 2010 OPT OPEN NTWR PER SVR BDL VU LIC A ESS;REW BE 2010 OPT OPEN NTWR PER SVR BDL VU LIC A ESS;REW BE 2010 OPT OPEN NTWR PER SVR BDL VU LIC A ESS;;;;79;;
1;3;2094;1;385,0638;313,06;REW BE 2010 OPT OPEN NTWR PER SVR BDL VU LIC D ESS;20091008;;REW BE 2010 OPT OPEN NTWR PER SVR BDL VU LIC D ESS;REW BE 2010 OPT OPEN NTWR PER SVR BDL VU LIC D ESS;REW BE 2010 OPT OPEN NTWR PER SVR BDL VU LIC D ESS;REW BE 2010 OPT OPEN NTWR PER SVR BDL VU LIC D ESS;;;;79;;
1;3;2094;1;385,0638;313,06;REW BE 2010 OPT OPEN NTWR PER SVR BDL VU LIC E ESS;20091009;;REW BE 2010 OPT OPEN NTWR PER SVR BDL VU LIC E ESS;REW BE 2010 OPT OPEN NTWR PER SVR BDL VU LIC E ESS;REW BE 2010 OPT OPEN NTWR PER SVR BDL VU LIC E ESS;REW BE 2010 OPT OPEN NTWR PER SVR BDL VU LIC E ESS;;;;79;;
1;3;2094;1;385,0638;313,06;GOV BE 2010 OPT OPEN NTWR P SVR BDL CU LIC S ESS;20091010;;GOV BE 2010 OPT OPEN NTWR P SVR BDL CU LIC S ESS;GOV BE 2010 OPT OPEN NTWR P SVR BDL CU LIC S ESS;GOV BE 2010 OPT OPEN NTWR P SVR BDL CU LIC S ESS;GOV BE 2010 OPT OPEN NTWR P SVR BDL CU LIC S ESS;;;;79;;
1;3;2094;1;363,1821;295,27;REW BE 2010 OPT OPEN NTWR PER SVR BDL VU LIC E BAS;20091011;;REW BE 2010 OPT OPEN NTWR PER SVR BDL VU LIC E BAS;REW BE 2010 OPT OPEN NTWR PER SVR BDL VU LIC E BAS;REW BE 2010 OPT OPEN NTWR PER SVR BDL VU LIC E BAS;REW BE 2010 OPT OPEN NTWR PER SVR BDL VU LIC E BAS;;;;79;;
1;3;2094;1;445,2354;361,98;REW BE 2010 OPT OPEN NTWR PER SVR BDL CU LIC A ESS;20091012;;REW BE 2010 OPT OPEN NTWR PER SVR BDL CU LIC A ESS;REW BE 2010 OPT OPEN NTWR PER SVR BDL CU LIC A ESS;REW BE 2010 OPT OPEN NTWR PER SVR BDL CU LIC A ESS;REW BE 2010 OPT OPEN NTWR PER SVR BDL CU LIC A ESS;;;;79;;
1;3;2094;1;402,9111;327,57;REW BE 2010 OPT OPEN NTWR PER SVR BDL CU LIC B BAS;20091013;;REW BE 2010 OPT OPEN NTWR PER SVR BDL CU LIC B BAS;REW BE 2010 OPT OPEN NTWR PER SVR BDL CU LIC B BAS;REW BE 2010 OPT OPEN NTWR PER SVR BDL CU LIC B BAS;REW BE 2010 OPT OPEN NTWR PER SVR BDL CU LIC B BAS;;;;79;;
1;3;2094;1;385,0638;313,06;GOV BE 2010 OPT OPEN NTWR P SVR BDL VU LIC S ESS;20091016;;GOV BE 2010 OPT OPEN NTWR P SVR BDL VU LIC S ESS;GOV BE 2010 OPT OPEN NTWR P SVR BDL VU LIC S ESS;GOV BE 2010 OPT OPEN NTWR P SVR BDL VU LIC S ESS;GOV BE 2010 OPT OPEN NTWR P SVR BDL VU LIC S ESS;;;;79;;
1;3;2094;1;427,179;347,3;REW BE 2010 OPT OPEN NTWR PER SVR BDL CU LIC B ESS;20091017;;REW BE 2010 OPT OPEN NTWR PER SVR BDL CU LIC B ESS;REW BE 2010 OPT OPEN NTWR PER SVR BDL CU LIC B ESS;REW BE 2010 OPT OPEN NTWR PER SVR BDL CU LIC B ESS;REW BE 2010 OPT OPEN NTWR PER SVR BDL CU LIC B ESS;;;;79;;
1;3;2094;1;402,9111;327,57;REW BE 2010 OPT OPEN NTWR PER SVR BDL VU LIC B BAS;20091019;;REW BE 2010 OPT OPEN NTWR PER SVR BDL VU LIC B BAS;REW BE 2010 OPT OPEN NTWR PER SVR BDL VU LIC B BAS;REW BE 2010 OPT OPEN NTWR PER SVR BDL VU LIC B BAS;REW BE 2010 OPT OPEN NTWR PER SVR BDL VU LIC B BAS;;;;79;;
1;3;2094;1;385,8879;313,73;REW BE 2010 OPT OPEN NTWR PER SVR BDL CU LIC C BAS;20091020;;REW BE 2010 OPT OPEN NTWR PER SVR BDL CU LIC C BAS;REW BE 2010 OPT OPEN NTWR PER SVR BDL CU LIC C BAS;REW BE 2010 OPT OPEN NTWR PER SVR BDL CU LIC C BAS;REW BE 2010 OPT OPEN NTWR PER SVR BDL CU LIC C BAS;;;;79;;
1;3;2094;1;363,1821;295,27;REW BE 2010 OPT OPEN NTWR PER SVR BDL CU LIC D BAS;20091021;;REW BE 2010 OPT OPEN NTWR PER SVR BDL CU LIC D BAS;REW BE 2010 OPT OPEN NTWR PER SVR BDL CU LIC D BAS;REW BE 2010 OPT OPEN NTWR PER SVR BDL CU LIC D BAS;REW BE 2010 OPT OPEN NTWR PER SVR BDL CU LIC D BAS;;;;79;;
1;3;2094;1;363,1821;295,27;GOV BE 2010 OPT OPEN NTWR P SVR BDL CU LIC S BAS;20091022;;GOV BE 2010 OPT OPEN NTWR P SVR BDL CU LIC S BAS;GOV BE 2010 OPT OPEN NTWR P SVR BDL CU LIC S BAS;GOV BE 2010 OPT OPEN NTWR P SVR BDL CU LIC S BAS;GOV BE 2010 OPT OPEN NTWR P SVR BDL CU LIC S BAS;;;;79;;
1;3;2094;1;163,7868;133,16;REW BE 2010 AGT REM FOR NTWR SVR BDL CU LIC C BAS;20091035;;REW BE 2010 AGT REM FOR NTWR SVR BDL CU LIC C BAS;REW BE 2010 AGT REM FOR NTWR SVR BDL CU LIC C BAS;REW BE 2010 AGT REM FOR NTWR SVR BDL CU LIC C BAS;REW BE 2010 AGT REM FOR NTWR SVR BDL CU LIC C BAS;;;;79;;
1;3;2094;1;154,1436;125,32;AE BE2010AGT REM NTWR SVR NTWR SVR BDL CU LIC S BAS;20091036;;AE BE2010AGT REM NTWR SVR NTWR SVR BDL CU LIC S BAS;AE BE2010AGT REM NTWR SVR NTWR SVR BDL CU LIC S BAS;AE BE2010AGT REM NTWR SVR NTWR SVR BDL CU LIC S BAS;AE BE2010AGT REM NTWR SVR NTWR SVR BDL CU LIC S BAS;;;;79;;
1;3;2094;1;194,0817;157,79;EXP BE 2010 AGT REM NTWR SVR NTWR SVR CU LIC S ESS;20091037;;EXP BE 2010 AGT REM NTWR SVR NTWR SVR CU LIC S ESS;EXP BE 2010 AGT REM NTWR SVR NTWR SVR CU LIC S ESS;EXP BE 2010 AGT REM NTWR SVR NTWR SVR CU LIC S ESS;EXP BE 2010 AGT REM NTWR SVR NTWR SVR CU LIC S ESS;;;;79;;
1;3;2094;1;163,7868;133,16;REW BE 2010 AGT REM FOR NTWR SVR BDL VU LIC C BAS;20091038;;REW BE 2010 AGT REM FOR NTWR SVR BDL VU LIC C BAS;REW BE 2010 AGT REM FOR NTWR SVR BDL VU LIC C BAS;REW BE 2010 AGT REM FOR NTWR SVR BDL VU LIC C BAS;REW BE 2010 AGT REM FOR NTWR SVR BDL VU LIC C BAS;;;;79;;
1;3;2094;1;163,4424;132,88;GOV BE 2010 AGT REM NTWR SVR NTWR SVR VU LIC S ESS;20091040;;GOV BE 2010 AGT REM NTWR SVR NTWR SVR VU LIC S ESS;GOV BE 2010 AGT REM NTWR SVR NTWR SVR VU LIC S ESS;GOV BE 2010 AGT REM NTWR SVR NTWR SVR VU LIC S ESS;GOV BE 2010 AGT REM NTWR SVR NTWR SVR VU LIC S ESS;;;;79;;
1;3;2094;1;171,0315;139,05;REW BE 2010 AGT REM FOR NTWR SVR BDL CU LIC B BAS;20091041;;REW BE 2010 AGT REM FOR NTWR SVR BDL CU LIC B BAS;REW BE 2010 AGT REM FOR NTWR SVR BDL CU LIC B BAS;REW BE 2010 AGT REM FOR NTWR SVR BDL CU LIC B BAS;REW BE 2010 AGT REM FOR NTWR SVR BDL CU LIC B BAS;;;;79;;
1;3;2094;1;154,1436;125,32;GOV BE 2010 AGT REM NTWR SVR NTWR SVR CU LIC S BAS;20091042;;GOV BE 2010 AGT REM NTWR SVR NTWR SVR CU LIC S BAS;GOV BE 2010 AGT REM NTWR SVR NTWR SVR CU LIC S BAS;GOV BE 2010 AGT REM NTWR SVR NTWR SVR CU LIC S BAS;GOV BE 2010 AGT REM NTWR SVR NTWR SVR CU LIC S BAS;;;;79;;
1;3;2094;1;188,9772;153,64;REW BE 2010 AGT REM FOR NTWR SVR BDL CU LIC A ESS;20091043;;REW BE 2010 AGT REM FOR NTWR SVR BDL CU LIC A ESS;REW BE 2010 AGT REM FOR NTWR SVR BDL CU LIC A ESS;REW BE 2010 AGT REM FOR NTWR SVR BDL CU LIC A ESS;REW BE 2010 AGT REM FOR NTWR SVR BDL CU LIC A ESS;;;;79;;
1;3;2094;1;163,4424;132,88;REW BE 2010 AGT REM FOR NTWR SVR BDL CU LIC E ESS;20091044;;REW BE 2010 AGT REM FOR NTWR SVR BDL CU LIC E ESS;REW BE 2010 AGT REM FOR NTWR SVR BDL CU LIC E ESS;REW BE 2010 AGT REM FOR NTWR SVR BDL CU LIC E ESS;REW BE 2010 AGT REM FOR NTWR SVR BDL CU LIC E ESS;;;;79;;
1;3;2094;1;163,4424;132,88;AE BE2010AGT REM NTWR SVR NTWR SVR BDL CU LIC S ESS;20091045;;AE BE2010AGT REM NTWR SVR NTWR SVR BDL CU LIC S ESS;AE BE2010AGT REM NTWR SVR NTWR SVR BDL CU LIC S ESS;AE BE2010AGT REM NTWR SVR NTWR SVR BDL CU LIC S ESS;AE BE2010AGT REM NTWR SVR NTWR SVR BDL CU LIC S ESS;;;;79;;
1;3;2094;1;173,6514;141,18;REW BE 2010 AGT REM FOR NTWR SVR BDL VU LIC C ESS;20091046;;REW BE 2010 AGT REM FOR NTWR SVR BDL VU LIC C ESS;REW BE 2010 AGT REM FOR NTWR SVR BDL VU LIC C ESS;REW BE 2010 AGT REM FOR NTWR SVR BDL VU LIC C ESS;REW BE 2010 AGT REM FOR NTWR SVR BDL VU LIC C ESS;;;;79;;
1;3;2094;1;163,4424;132,88;REW BE 2010 AGT REM FOR NTWR SVR BDL VU LIC E ESS;20091047;;REW BE 2010 AGT REM FOR NTWR SVR BDL VU LIC E ESS;REW BE 2010 AGT REM FOR NTWR SVR BDL VU LIC E ESS;REW BE 2010 AGT REM FOR NTWR SVR BDL VU LIC E ESS;REW BE 2010 AGT REM FOR NTWR SVR BDL VU LIC E ESS;;;;79;;
1;3;2094;1;194,0817;157,79;EXP BE 2010 AGT REM NTWR SVR NTWR SVR VU LIC S ESS;20091048;;EXP BE 2010 AGT REM NTWR SVR NTWR SVR VU LIC S ESS;EXP BE 2010 AGT REM NTWR SVR NTWR SVR VU LIC S ESS;EXP BE 2010 AGT REM NTWR SVR NTWR SVR VU LIC S ESS;EXP BE 2010 AGT REM NTWR SVR NTWR SVR VU LIC S ESS;;;;79;;
1;3;2094;1;163,4424;132,88;AE BE2010AGT REM NTWR SVR NTWR SVR BDL VU LIC S ESS;20091049;;AE BE2010AGT REM NTWR SVR NTWR SVR BDL VU LIC S ESS;AE BE2010AGT REM NTWR SVR NTWR SVR BDL VU LIC S ESS;AE BE2010AGT REM NTWR SVR NTWR SVR BDL VU LIC S ESS;AE BE2010AGT REM NTWR SVR NTWR SVR BDL VU LIC S ESS;;;;79;;
1;3;2094;1;163,4424;132,88;REW BE 2010 AGT REM FOR NTWR SVR BDL CU LIC D ESS;20091050;;REW BE 2010 AGT REM FOR NTWR SVR BDL CU LIC D ESS;REW BE 2010 AGT REM FOR NTWR SVR BDL CU LIC D ESS;REW BE 2010 AGT REM FOR NTWR SVR BDL CU LIC D ESS;REW BE 2010 AGT REM FOR NTWR SVR BDL CU LIC D ESS;;;;79;;
1;3;2094;1;154,1436;125,32;REW BE 2010 AGT REM FOR NTWR SVR BDL VU LIC D BAS;20091051;;REW BE 2010 AGT REM FOR NTWR SVR BDL VU LIC D BAS;REW BE 2010 AGT REM FOR NTWR SVR BDL VU LIC D BAS;REW BE 2010 AGT REM FOR NTWR SVR BDL VU LIC D BAS;REW BE 2010 AGT REM FOR NTWR SVR BDL VU LIC D BAS;;;;79;;
1;3;2094;1;154,1436;125,32;REW BE 2010 AGT REM FOR NTWR SVR BDL VU LIC E BAS;20091052;;REW BE 2010 AGT REM FOR NTWR SVR BDL VU LIC E BAS;REW BE 2010 AGT REM FOR NTWR SVR BDL VU LIC E BAS;REW BE 2010 AGT REM FOR NTWR SVR BDL VU LIC E BAS;REW BE 2010 AGT REM FOR NTWR SVR BDL VU LIC E BAS;;;;79;;
1;3;2094;1;154,1436;125,32;AE BE2010AGT REM NTWR SVR NTWR SVR BDL VU LIC S BAS;20091053;;AE BE2010AGT REM NTWR SVR NTWR SVR BDL VU LIC S BAS;AE BE2010AGT REM NTWR SVR NTWR SVR BDL VU LIC S BAS;AE BE2010AGT REM NTWR SVR NTWR SVR BDL VU LIC S BAS;AE BE2010AGT REM NTWR SVR NTWR SVR BDL VU LIC S BAS;;;;79;;
1;3;2094;1;181,3266;147,42;REW BE 2010 AGT REM FOR NTWR SVR BDL CU LIC B ESS;20091055;;REW BE 2010 AGT REM FOR NTWR SVR BDL CU LIC B ESS;REW BE 2010 AGT REM FOR NTWR SVR BDL CU LIC B ESS;REW BE 2010 AGT REM FOR NTWR SVR BDL CU LIC B ESS;REW BE 2010 AGT REM FOR NTWR SVR BDL CU LIC B ESS;;;;79;;
1;3;2094;1;154,1436;125,32;REW BE 2010 AGT REM FOR NTWR SVR BDL CU LIC E BAS;20091057;;REW BE 2010 AGT REM FOR NTWR SVR BDL CU LIC E BAS;REW BE 2010 AGT REM FOR NTWR SVR BDL CU LIC E BAS;REW BE 2010 AGT REM FOR NTWR SVR BDL CU LIC E BAS;REW BE 2010 AGT REM FOR NTWR SVR BDL CU LIC E BAS;;;;79;;
1;3;2094;1;163,4424;132,88;GOV BE 2010 AGT REM NTWR SVR NTWR SVR CU LIC S ESS;20091058;;GOV BE 2010 AGT REM NTWR SVR NTWR SVR CU LIC S ESS;GOV BE 2010 AGT REM NTWR SVR NTWR SVR CU LIC S ESS;GOV BE 2010 AGT REM NTWR SVR NTWR SVR CU LIC S ESS;GOV BE 2010 AGT REM NTWR SVR NTWR SVR CU LIC S ESS;;;;79;;
1;3;2094;1;171,0315;139,05;REW BE 2010 AGT REM FOR NTWR SVR BDL VU LIC B BAS;20091059;;REW BE 2010 AGT REM FOR NTWR SVR BDL VU LIC B BAS;REW BE 2010 AGT REM FOR NTWR SVR BDL VU LIC B BAS;REW BE 2010 AGT REM FOR NTWR SVR BDL VU LIC B BAS;REW BE 2010 AGT REM FOR NTWR SVR BDL VU LIC B BAS;;;;79;;
1;3;2094;1;173,6514;141,18;REW BE 2010 AGT REM FOR NTWR SVR BDL CU LIC C ESS;20091060;;REW BE 2010 AGT REM FOR NTWR SVR BDL CU LIC C ESS;REW BE 2010 AGT REM FOR NTWR SVR BDL CU LIC C ESS;REW BE 2010 AGT REM FOR NTWR SVR BDL CU LIC C ESS;REW BE 2010 AGT REM FOR NTWR SVR BDL CU LIC C ESS;;;;79;;
1;3;2094;1;183,0732;148,84;EXP BE 2010 AGT REM NTWR SVR NTWR SVR VU LIC S BAS;20091061;;EXP BE 2010 AGT REM NTWR SVR NTWR SVR VU LIC S BAS;EXP BE 2010 AGT REM NTWR SVR NTWR SVR VU LIC S BAS;EXP BE 2010 AGT REM NTWR SVR NTWR SVR VU LIC S BAS;EXP BE 2010 AGT REM NTWR SVR NTWR SVR VU LIC S BAS;;;;79;;
1;3;2094;1;188,9772;153,64;REW BE 2010 AGT REM FOR NTWR SVR BDL VU LIC A ESS;20091062;;REW BE 2010 AGT REM FOR NTWR SVR BDL VU LIC A ESS;REW BE 2010 AGT REM FOR NTWR SVR BDL VU LIC A ESS;REW BE 2010 AGT REM FOR NTWR SVR BDL VU LIC A ESS;REW BE 2010 AGT REM FOR NTWR SVR BDL VU LIC A ESS;;;;79;;
1;3;2094;1;181,3266;147,42;REW BE 2010 AGT REM FOR NTWR SVR BDL VU LIC B ESS;20091063;;REW BE 2010 AGT REM FOR NTWR SVR BDL VU LIC B ESS;REW BE 2010 AGT REM FOR NTWR SVR BDL VU LIC B ESS;REW BE 2010 AGT REM FOR NTWR SVR BDL VU LIC B ESS;REW BE 2010 AGT REM FOR NTWR SVR BDL VU LIC B ESS;;;;79;;
1;3;2094;1;163,4424;132,88;REW BE 2010 AGT REM FOR NTWR SVR BDL VU LIC D ESS;20091064;;REW BE 2010 AGT REM FOR NTWR SVR BDL VU LIC D ESS;REW BE 2010 AGT REM FOR NTWR SVR BDL VU LIC D ESS;REW BE 2010 AGT REM FOR NTWR SVR BDL VU LIC D ESS;REW BE 2010 AGT REM FOR NTWR SVR BDL VU LIC D ESS;;;;79;;
1;3;2094;1;178,2516;144,92;REW BE 2010 AGT REM FOR NTWR SVR BDL CU LIC A BAS;20091065;;REW BE 2010 AGT REM FOR NTWR SVR BDL CU LIC A BAS;REW BE 2010 AGT REM FOR NTWR SVR BDL CU LIC A BAS;REW BE 2010 AGT REM FOR NTWR SVR BDL CU LIC A BAS;REW BE 2010 AGT REM FOR NTWR SVR BDL CU LIC A BAS;;;;79;;
1;3;2094;1;154,1436;125,32;REW BE 2010 AGT REM FOR NTWR SVR BDL CU LIC D BAS;20091067;;REW BE 2010 AGT REM FOR NTWR SVR BDL CU LIC D BAS;REW BE 2010 AGT REM FOR NTWR SVR BDL CU LIC D BAS;REW BE 2010 AGT REM FOR NTWR SVR BDL CU LIC D BAS;REW BE 2010 AGT REM FOR NTWR SVR BDL CU LIC D BAS;;;;79;;
1;3;2094;1;183,0732;148,84;EXP BE 2010 AGT REM NTWR SVR NTWR SVR CU LIC S BAS;20091068;;EXP BE 2010 AGT REM NTWR SVR NTWR SVR CU LIC S BAS;EXP BE 2010 AGT REM NTWR SVR NTWR SVR CU LIC S BAS;EXP BE 2010 AGT REM NTWR SVR NTWR SVR CU LIC S BAS;EXP BE 2010 AGT REM NTWR SVR NTWR SVR CU LIC S BAS;;;;79;;
1;3;2094;1;178,2516;144,92;REW BE 2010 AGT REM FOR NTWR SVR BDL VU LIC A BAS;20091069;;REW BE 2010 AGT REM FOR NTWR SVR BDL VU LIC A BAS;REW BE 2010 AGT REM FOR NTWR SVR BDL VU LIC A BAS;REW BE 2010 AGT REM FOR NTWR SVR BDL VU LIC A BAS;REW BE 2010 AGT REM FOR NTWR SVR BDL VU LIC A BAS;;;;79;;
1;3;2094;1;154,1436;125,32;GOV BE 2010 AGT REM NTWR SVR NTWR SVR VU LIC S BAS;20091070;;GOV BE 2010 AGT REM NTWR SVR NTWR SVR VU LIC S BAS;GOV BE 2010 AGT REM NTWR SVR NTWR SVR VU LIC S BAS;GOV BE 2010 AGT REM NTWR SVR NTWR SVR VU LIC S BAS;GOV BE 2010 AGT REM NTWR SVR NTWR SVR VU LIC S BAS;;;;79;;
1;3;2094;1;232,5192;189,04;REW BE2010OPT DT LPTP WIN 1-10DT LPTP CU LIC C ESS;20091088;;REW BE2010OPT DT LPTP WIN 1-10DT LPTP CU LIC C ESS;REW BE2010OPT DT LPTP WIN 1-10DT LPTP CU LIC C ESS;REW BE2010OPT DT LPTP WIN 1-10DT LPTP CU LIC C ESS;REW BE2010OPT DT LPTP WIN 1-10DT LPTP CU LIC C ESS;;;;79;;
1;3;2094;1;218,8416;177,92;REW BE2010OPT DT LPTP WIN 1-10DT LPTP CU LIC D ESS;20091089;;REW BE2010OPT DT LPTP WIN 1-10DT LPTP CU LIC D ESS;REW BE2010OPT DT LPTP WIN 1-10DT LPTP CU LIC D ESS;REW BE2010OPT DT LPTP WIN 1-10DT LPTP CU LIC D ESS;REW BE2010OPT DT LPTP WIN 1-10DT LPTP CU LIC D ESS;;;;79;;
1;3;2094;1;206,4063;167,81;REW BE2010OPT DT LPTP WIN 1-10DT LPTP CU LIC E BAS;20091090;;REW BE2010OPT DT LPTP WIN 1-10DT LPTP CU LIC E BAS;REW BE2010OPT DT LPTP WIN 1-10DT LPTP CU LIC E BAS;REW BE2010OPT DT LPTP WIN 1-10DT LPTP CU LIC E BAS;REW BE2010OPT DT LPTP WIN 1-10DT LPTP CU LIC E BAS;;;;79;;
1;3;2094;1;206,4063;167,81;AE BE2010 OPT DT LPTP WIN 1-10DT LPTP CU LIC S BAS;20091091;;AE BE2010 OPT DT LPTP WIN 1-10DT LPTP CU LIC S BAS;AE BE2010 OPT DT LPTP WIN 1-10DT LPTP CU LIC S BAS;AE BE2010 OPT DT LPTP WIN 1-10DT LPTP CU LIC S BAS;AE BE2010 OPT DT LPTP WIN 1-10DT LPTP CU LIC S BAS;;;;79;;
1;3;2094;1;238,6569;194,03;REW BE2010OPT DT LPTP WIN 1-10DT LPTP VU LIC A BAS;20091092;;REW BE2010OPT DT LPTP WIN 1-10DT LPTP VU LIC A BAS;REW BE2010OPT DT LPTP WIN 1-10DT LPTP VU LIC A BAS;REW BE2010OPT DT LPTP WIN 1-10DT LPTP VU LIC A BAS;REW BE2010OPT DT LPTP WIN 1-10DT LPTP VU LIC A BAS;;;;79;;
1;3;2094;1;228,9891;186,17;REW BE2010OPT DT LPTP WIN 1-10DT LPTP VU LIC B BAS;20091093;;REW BE2010OPT DT LPTP WIN 1-10DT LPTP VU LIC B BAS;REW BE2010OPT DT LPTP WIN 1-10DT LPTP VU LIC B BAS;REW BE2010OPT DT LPTP WIN 1-10DT LPTP VU LIC B BAS;REW BE2010OPT DT LPTP WIN 1-10DT LPTP VU LIC B BAS;;;;79;;
1;3;2094;1;259,8744;211,28;EXP BE2010OPT DT LPTP WIN 1-10 DT LPTP VU LIC S ESS;20091094;;EXP BE2010OPT DT LPTP WIN 1-10 DT LPTP VU LIC S ESS;EXP BE2010OPT DT LPTP WIN 1-10 DT LPTP VU LIC S ESS;EXP BE2010OPT DT LPTP WIN 1-10 DT LPTP VU LIC S ESS;EXP BE2010OPT DT LPTP WIN 1-10 DT LPTP VU LIC S ESS;;;;79;;
1;3;2094;1;218,8416;177,92;AE BE2010 OPT DT LPTP WIN 1-10DT LPTP CU LIC S ESS;20091095;;AE BE2010 OPT DT LPTP WIN 1-10DT LPTP CU LIC S ESS;AE BE2010 OPT DT LPTP WIN 1-10DT LPTP CU LIC S ESS;AE BE2010 OPT DT LPTP WIN 1-10DT LPTP CU LIC S ESS;AE BE2010 OPT DT LPTP WIN 1-10DT LPTP CU LIC S ESS;;;;79;;
1;3;2094;1;218,8416;177,92;GOV BE2010OPT DT LPTP WIN 1-10 DT LPTP CU LIC S ESS;20091096;;GOV BE2010OPT DT LPTP WIN 1-10 DT LPTP CU LIC S ESS;GOV BE2010OPT DT LPTP WIN 1-10 DT LPTP CU LIC S ESS;GOV BE2010OPT DT LPTP WIN 1-10 DT LPTP CU LIC S ESS;GOV BE2010OPT DT LPTP WIN 1-10 DT LPTP CU LIC S ESS;;;;79;;
1;3;2094;1;245,1144;199,28;EXP BE2010OPT DT LPTP WIN 1-10 DT LPTP CU LIC S BAS;20091097;;EXP BE2010OPT DT LPTP WIN 1-10 DT LPTP CU LIC S BAS;EXP BE2010OPT DT LPTP WIN 1-10 DT LPTP CU LIC S BAS;EXP BE2010OPT DT LPTP WIN 1-10 DT LPTP CU LIC S BAS;EXP BE2010OPT DT LPTP WIN 1-10 DT LPTP CU LIC S BAS;;;;79;;
1;3;2094;1;242,7897;197,39;REW BE2010OPT DT LPTP WIN 1-10DT LPTP VU LIC B ESS;20091098;;REW BE2010OPT DT LPTP WIN 1-10DT LPTP VU LIC B ESS;REW BE2010OPT DT LPTP WIN 1-10DT LPTP VU LIC B ESS;REW BE2010OPT DT LPTP WIN 1-10DT LPTP VU LIC B ESS;REW BE2010OPT DT LPTP WIN 1-10DT LPTP VU LIC B ESS;;;;79;;
1;3;2094;1;218,8416;177,92;REW BE2010OPT DT LPTP WIN 1-10DT LPTP CU LIC E ESS;20091099;;REW BE2010OPT DT LPTP WIN 1-10DT LPTP CU LIC E ESS;REW BE2010OPT DT LPTP WIN 1-10DT LPTP CU LIC E ESS;REW BE2010OPT DT LPTP WIN 1-10DT LPTP CU LIC E ESS;REW BE2010OPT DT LPTP WIN 1-10DT LPTP CU LIC E ESS;;;;79;;
1;3;2094;1;206,4063;167,81;REW BE2010OPT DT LPTP WIN 1-10DT LPTP CU LIC D BAS;20091100;;REW BE2010OPT DT LPTP WIN 1-10DT LPTP CU LIC D BAS;REW BE2010OPT DT LPTP WIN 1-10DT LPTP CU LIC D BAS;REW BE2010OPT DT LPTP WIN 1-10DT LPTP CU LIC D BAS;REW BE2010OPT DT LPTP WIN 1-10DT LPTP CU LIC D BAS;;;;79;;
1;3;2094;1;206,4063;167,81;REW BE2010OPT DT LPTP WIN 1-10DT LPTP VU LIC D BAS;20091102;;REW BE2010OPT DT LPTP WIN 1-10DT LPTP VU LIC D BAS;REW BE2010OPT DT LPTP WIN 1-10DT LPTP VU LIC D BAS;REW BE2010OPT DT LPTP WIN 1-10DT LPTP VU LIC D BAS;REW BE2010OPT DT LPTP WIN 1-10DT LPTP VU LIC D BAS;;;;79;;
1;3;2094;1;206,4063;167,81;REW BE2010OPT DT LPTP WIN 1-10DT LPTP VU LIC E BAS;20091104;;REW BE2010OPT DT LPTP WIN 1-10DT LPTP VU LIC E BAS;REW BE2010OPT DT LPTP WIN 1-10DT LPTP VU LIC E BAS;REW BE2010OPT DT LPTP WIN 1-10DT LPTP VU LIC E BAS;REW BE2010OPT DT LPTP WIN 1-10DT LPTP VU LIC E BAS;;;;79;;
1;3;2094;1;206,4063;167,81;AE BE2010 OPT DT LPTP WIN 1-10DT LPTP VU LIC S BAS;20091105;;AE BE2010 OPT DT LPTP WIN 1-10DT LPTP VU LIC S BAS;AE BE2010 OPT DT LPTP WIN 1-10DT LPTP VU LIC S BAS;AE BE2010 OPT DT LPTP WIN 1-10DT LPTP VU LIC S BAS;AE BE2010 OPT DT LPTP WIN 1-10DT LPTP VU LIC S BAS;;;;79;;
1;3;2094;1;206,4063;167,81;GOV BE2010OPT DT LPTP WIN 1-10 DT LPTP VU LIC S BAS;20091106;;GOV BE2010OPT DT LPTP WIN 1-10 DT LPTP VU LIC S BAS;GOV BE2010OPT DT LPTP WIN 1-10 DT LPTP VU LIC S BAS;GOV BE2010OPT DT LPTP WIN 1-10 DT LPTP VU LIC S BAS;GOV BE2010OPT DT LPTP WIN 1-10 DT LPTP VU LIC S BAS;;;;79;;
1;3;2094;1;245,1144;199,28;EXP BE2010OPT DT LPTP WIN 1-10 DT LPTP VU LIC S BAS;20091107;;EXP BE2010OPT DT LPTP WIN 1-10 DT LPTP VU LIC S BAS;EXP BE2010OPT DT LPTP WIN 1-10 DT LPTP VU LIC S BAS;EXP BE2010OPT DT LPTP WIN 1-10 DT LPTP VU LIC S BAS;EXP BE2010OPT DT LPTP WIN 1-10 DT LPTP VU LIC S BAS;;;;79;;
1;3;2094;1;218,8416;177,92;REW BE2010OPT DT LPTP WIN 1-10DT LPTP VU LIC D ESS;20091108;;REW BE2010OPT DT LPTP WIN 1-10DT LPTP VU LIC D ESS;REW BE2010OPT DT LPTP WIN 1-10DT LPTP VU LIC D ESS;REW BE2010OPT DT LPTP WIN 1-10DT LPTP VU LIC D ESS;REW BE2010OPT DT LPTP WIN 1-10DT LPTP VU LIC D ESS;;;;79;;
1;3;2094;1;253,0479;205,73;REW BE2010OPT DT LPTP WIN 1-10DT LPTP CU LIC A ESS;20091109;;REW BE2010OPT DT LPTP WIN 1-10DT LPTP CU LIC A ESS;REW BE2010OPT DT LPTP WIN 1-10DT LPTP CU LIC A ESS;REW BE2010OPT DT LPTP WIN 1-10DT LPTP CU LIC A ESS;REW BE2010OPT DT LPTP WIN 1-10DT LPTP CU LIC A ESS;;;;79;;
1;3;2094;1;259,8744;211,28;EXP BE2010OPT DT LPTP WIN 1-10 DT LPTP CU LIC S ESS;20091112;;EXP BE2010OPT DT LPTP WIN 1-10 DT LPTP CU LIC S ESS;EXP BE2010OPT DT LPTP WIN 1-10 DT LPTP CU LIC S ESS;EXP BE2010OPT DT LPTP WIN 1-10 DT LPTP CU LIC S ESS;EXP BE2010OPT DT LPTP WIN 1-10 DT LPTP CU LIC S ESS;;;;79;;
1;3;2094;1;219,3213;178,31;REW BE2010OPT DT LPTP WIN 1-10DT LPTP VU LIC C BAS;20091113;;REW BE2010OPT DT LPTP WIN 1-10DT LPTP VU LIC C BAS;REW BE2010OPT DT LPTP WIN 1-10DT LPTP VU LIC C BAS;REW BE2010OPT DT LPTP WIN 1-10DT LPTP VU LIC C BAS;REW BE2010OPT DT LPTP WIN 1-10DT LPTP VU LIC C BAS;;;;79;;
1;3;2094;1;232,5192;189,04;REW BE2010OPT DT LPTP WIN 1-10DT LPTP VU LIC C ESS;20091114;;REW BE2010OPT DT LPTP WIN 1-10DT LPTP VU LIC C ESS;REW BE2010OPT DT LPTP WIN 1-10DT LPTP VU LIC C ESS;REW BE2010OPT DT LPTP WIN 1-10DT LPTP VU LIC C ESS;REW BE2010OPT DT LPTP WIN 1-10DT LPTP VU LIC C ESS;;;;79;;
1;3;2094;1;218,8416;177,92;GOV BE2010OPT DT LPTP WIN 1-10 DT LPTP VU LIC S ESS;20091115;;GOV BE2010OPT DT LPTP WIN 1-10 DT LPTP VU LIC S ESS;GOV BE2010OPT DT LPTP WIN 1-10 DT LPTP VU LIC S ESS;GOV BE2010OPT DT LPTP WIN 1-10 DT LPTP VU LIC S ESS;GOV BE2010OPT DT LPTP WIN 1-10 DT LPTP VU LIC S ESS;;;;79;;
1;3;2094;1;242,7897;197,39;REW BE2010OPT DT LPTP WIN 1-10DT LPTP CU LIC B ESS;20091116;;REW BE2010OPT DT LPTP WIN 1-10DT LPTP CU LIC B ESS;REW BE2010OPT DT LPTP WIN 1-10DT LPTP CU LIC B ESS;REW BE2010OPT DT LPTP WIN 1-10DT LPTP CU LIC B ESS;REW BE2010OPT DT LPTP WIN 1-10DT LPTP CU LIC B ESS;;;;79;;
1;3;2094;1;238,6569;194,03;REW BE2010OPT DT LPTP WIN 1-10DT LPTP CU LIC A BAS;20091117;;REW BE2010OPT DT LPTP WIN 1-10DT LPTP CU LIC A BAS;REW BE2010OPT DT LPTP WIN 1-10DT LPTP CU LIC A BAS;REW BE2010OPT DT LPTP WIN 1-10DT LPTP CU LIC A BAS;REW BE2010OPT DT LPTP WIN 1-10DT LPTP CU LIC A BAS;;;;79;;
1;3;2094;1;228,9891;186,17;REW BE2010OPT DT LPTP WIN 1-10DT LPTP CU LIC B BAS;20091118;;REW BE2010OPT DT LPTP WIN 1-10DT LPTP CU LIC B BAS;REW BE2010OPT DT LPTP WIN 1-10DT LPTP CU LIC B BAS;REW BE2010OPT DT LPTP WIN 1-10DT LPTP CU LIC B BAS;REW BE2010OPT DT LPTP WIN 1-10DT LPTP CU LIC B BAS;;;;79;;
1;3;2094;1;219,3213;178,31;REW BE2010OPT DT LPTP WIN 1-10DT LPTP CU LIC C BAS;20091119;;REW BE2010OPT DT LPTP WIN 1-10DT LPTP CU LIC C BAS;REW BE2010OPT DT LPTP WIN 1-10DT LPTP CU LIC C BAS;REW BE2010OPT DT LPTP WIN 1-10DT LPTP CU LIC C BAS;REW BE2010OPT DT LPTP WIN 1-10DT LPTP CU LIC C BAS;;;;79;;
1;3;2094;1;206,4063;167,81;GOV BE2010OPT DT LPTP WIN 1-10 DT LPTP CU LIC S BAS;20091120;;GOV BE2010OPT DT LPTP WIN 1-10 DT LPTP CU LIC S BAS;GOV BE2010OPT DT LPTP WIN 1-10 DT LPTP CU LIC S BAS;GOV BE2010OPT DT LPTP WIN 1-10 DT LPTP CU LIC S BAS;GOV BE2010OPT DT LPTP WIN 1-10 DT LPTP CU LIC S BAS;;;;79;;
1;3;2094;1;218,8416;177,92;AE BE2010 OPT DT LPTP WIN 1-10DT LPTP VU LIC S ESS;20091121;;AE BE2010 OPT DT LPTP WIN 1-10DT LPTP VU LIC S ESS;AE BE2010 OPT DT LPTP WIN 1-10DT LPTP VU LIC S ESS;AE BE2010 OPT DT LPTP WIN 1-10DT LPTP VU LIC S ESS;AE BE2010 OPT DT LPTP WIN 1-10DT LPTP VU LIC S ESS;;;;79;;
1;3;2094;1;253,0479;205,73;REW BE2010OPT DT LPTP WIN 1-10DT LPTP VU LIC A ESS;20091122;;REW BE2010OPT DT LPTP WIN 1-10DT LPTP VU LIC A ESS;REW BE2010OPT DT LPTP WIN 1-10DT LPTP VU LIC A ESS;REW BE2010OPT DT LPTP WIN 1-10DT LPTP VU LIC A ESS;REW BE2010OPT DT LPTP WIN 1-10DT LPTP VU LIC A ESS;;;;79;;
1;3;2094;1;218,8416;177,92;REW BE2010OPT DT LPTP WIN 1-10DT LPTP VU LIC E ESS;20091124;;REW BE2010OPT DT LPTP WIN 1-10DT LPTP VU LIC E ESS;REW BE2010OPT DT LPTP WIN 1-10DT LPTP VU LIC E ESS;REW BE2010OPT DT LPTP WIN 1-10DT LPTP VU LIC E ESS;REW BE2010OPT DT LPTP WIN 1-10DT LPTP VU LIC E ESS;;;;79;;
1;3;2094;1;551,2737;448,19;REW BE 2010 OPT LIBRARY EXP WIN DEV CU LIC D ESS;20091137;;REW BE 2010 OPT LIBRARY EXP WIN DEV CU LIC D ESS;REW BE 2010 OPT LIBRARY EXP WIN DEV CU LIC D ESS;REW BE 2010 OPT LIBRARY EXP WIN DEV CU LIC D ESS;REW BE 2010 OPT LIBRARY EXP WIN DEV CU LIC D ESS;;;;79;;
1;3;2094;1;637,4106;518,22;REW BE 2010 OPT LIBRARY EXP WIN DEV CU LIC A ESS;20091138;;REW BE 2010 OPT LIBRARY EXP WIN DEV CU LIC A ESS;REW BE 2010 OPT LIBRARY EXP WIN DEV CU LIC A ESS;REW BE 2010 OPT LIBRARY EXP WIN DEV CU LIC A ESS;REW BE 2010 OPT LIBRARY EXP WIN DEV CU LIC A ESS;;;;79;;
1;3;2094;1;601,1994;488,78;REW BE 2010 OPT LIBRARY EXP WIN DEV CU LIC A BAS;20091139;;REW BE 2010 OPT LIBRARY EXP WIN DEV CU LIC A BAS;REW BE 2010 OPT LIBRARY EXP WIN DEV CU LIC A BAS;REW BE 2010 OPT LIBRARY EXP WIN DEV CU LIC A BAS;REW BE 2010 OPT LIBRARY EXP WIN DEV CU LIC A BAS;;;;79;;
1;3;2094;1;519,9456;422,72;REW BE 2010 OPT LIBRARY EXP WIN DEV CU LIC E BAS;20091140;;REW BE 2010 OPT LIBRARY EXP WIN DEV CU LIC E BAS;REW BE 2010 OPT LIBRARY EXP WIN DEV CU LIC E BAS;REW BE 2010 OPT LIBRARY EXP WIN DEV CU LIC E BAS;REW BE 2010 OPT LIBRARY EXP WIN DEV CU LIC E BAS;;;;79;;
1;3;2094;1;617,4477;501,99;EXP BE 2010 LIBRARY EXPAN WIN DEV DBL CU LIC S BAS;20091141;;EXP BE 2010 LIBRARY EXPAN WIN DEV DBL CU LIC S BAS;EXP BE 2010 LIBRARY EXPAN WIN DEV DBL CU LIC S BAS;EXP BE 2010 LIBRARY EXPAN WIN DEV DBL CU LIC S BAS;EXP BE 2010 LIBRARY EXPAN WIN DEV DBL CU LIC S BAS;;;;79;;
1;3;2094;1;611,5929;497,23;REW BE 2010 OPT LIBRARY EXP WIN DEV VU LIC B ESS;20091142;;REW BE 2010 OPT LIBRARY EXP WIN DEV VU LIC B ESS;REW BE 2010 OPT LIBRARY EXP WIN DEV VU LIC B ESS;REW BE 2010 OPT LIBRARY EXP WIN DEV VU LIC B ESS;REW BE 2010 OPT LIBRARY EXP WIN DEV VU LIC B ESS;;;;79;;
1;3;2094;1;551,2737;448,19;REW BE 2010 OPT LIBRARY EXP WIN DEV VU LIC D ESS;20091143;;REW BE 2010 OPT LIBRARY EXP WIN DEV VU LIC D ESS;REW BE 2010 OPT LIBRARY EXP WIN DEV VU LIC D ESS;REW BE 2010 OPT LIBRARY EXP WIN DEV VU LIC D ESS;REW BE 2010 OPT LIBRARY EXP WIN DEV VU LIC D ESS;;;;79;;
1;3;2094;1;551,2737;448,19;AE BE 2010 LIBRARY EXPAN WIN DEV BDL VU LIC S ESS;20091144;;AE BE 2010 LIBRARY EXPAN WIN DEV BDL VU LIC S ESS;AE BE 2010 LIBRARY EXPAN WIN DEV BDL VU LIC S ESS;AE BE 2010 LIBRARY EXPAN WIN DEV BDL VU LIC S ESS;AE BE 2010 LIBRARY EXPAN WIN DEV BDL VU LIC S ESS;;;;79;;
1;3;2094;1;519,9456;422,72;REW BE 2010 OPT LIBRARY EXP WIN DEV VU LIC D BAS;20091145;;REW BE 2010 OPT LIBRARY EXP WIN DEV VU LIC D BAS;REW BE 2010 OPT LIBRARY EXP WIN DEV VU LIC D BAS;REW BE 2010 OPT LIBRARY EXP WIN DEV VU LIC D BAS;REW BE 2010 OPT LIBRARY EXP WIN DEV VU LIC D BAS;;;;79;;
1;3;2094;1;519,9456;422,72;REW BE 2010 OPT LIBRARY EXP WIN DEV VU LIC E BAS;20091146;;REW BE 2010 OPT LIBRARY EXP WIN DEV VU LIC E BAS;REW BE 2010 OPT LIBRARY EXP WIN DEV VU LIC E BAS;REW BE 2010 OPT LIBRARY EXP WIN DEV VU LIC E BAS;REW BE 2010 OPT LIBRARY EXP WIN DEV VU LIC E BAS;;;;79;;
1;3;2094;1;611,5929;497,23;REW BE 2010 OPT LIBRARY EXP WIN DEV CU LIC B ESS;20091147;;REW BE 2010 OPT LIBRARY EXP WIN DEV CU LIC B ESS;REW BE 2010 OPT LIBRARY EXP WIN DEV CU LIC B ESS;REW BE 2010 OPT LIBRARY EXP WIN DEV CU LIC B ESS;REW BE 2010 OPT LIBRARY EXP WIN DEV CU LIC B ESS;;;;79;;
1;3;2094;1;551,2737;448,19;GOV BE 2010 OPT LIBRARY EXPAN WIN CU LIC S ESS;20091148;;GOV BE 2010 OPT LIBRARY EXPAN WIN CU LIC S ESS;GOV BE 2010 OPT LIBRARY EXPAN WIN CU LIC S ESS;GOV BE 2010 OPT LIBRARY EXPAN WIN CU LIC S ESS;GOV BE 2010 OPT LIBRARY EXPAN WIN CU LIC S ESS;;;;79;;
1;3;2094;1;519,9456;422,72;AE BE 2010 LIBRARY EXPAN WIN DEV BDL CU LIC S BAS;20091149;;AE BE 2010 LIBRARY EXPAN WIN DEV BDL CU LIC S BAS;AE BE 2010 LIBRARY EXPAN WIN DEV BDL CU LIC S BAS;AE BE 2010 LIBRARY EXPAN WIN DEV BDL CU LIC S BAS;AE BE 2010 LIBRARY EXPAN WIN DEV BDL CU LIC S BAS;;;;79;;
1;3;2094;1;551,2737;448,19;GOV BE 2010 OPT LIBRARY EXPAN WIN VU LIC S ESS;20091150;;GOV BE 2010 OPT LIBRARY EXPAN WIN VU LIC S ESS;GOV BE 2010 OPT LIBRARY EXPAN WIN VU LIC S ESS;GOV BE 2010 OPT LIBRARY EXPAN WIN VU LIC S ESS;GOV BE 2010 OPT LIBRARY EXPAN WIN VU LIC S ESS;;;;79;;
1;3;2094;1;519,9456;422,72;AE BE 2010 LIBRARY EXPAN WIN DEV BDL VU LIC S BAS;20091151;;AE BE 2010 LIBRARY EXPAN WIN DEV BDL VU LIC S BAS;AE BE 2010 LIBRARY EXPAN WIN DEV BDL VU LIC S BAS;AE BE 2010 LIBRARY EXPAN WIN DEV BDL VU LIC S BAS;AE BE 2010 LIBRARY EXPAN WIN DEV BDL VU LIC S BAS;;;;79;;
1;3;2094;1;585,726;476,2;REW BE 2010 OPT LIBRARY EXP WIN DEV CU LIC C ESS;20091152;;REW BE 2010 OPT LIBRARY EXP WIN DEV CU LIC C ESS;REW BE 2010 OPT LIBRARY EXP WIN DEV CU LIC C ESS;REW BE 2010 OPT LIBRARY EXP WIN DEV CU LIC C ESS;REW BE 2010 OPT LIBRARY EXP WIN DEV CU LIC C ESS;;;;79;;
1;3;2094;1;552,4422;449,14;REW BE 2010 OPT LIBRARY EXP WIN DEV CU LIC C BAS;20091153;;REW BE 2010 OPT LIBRARY EXP WIN DEV CU LIC C BAS;REW BE 2010 OPT LIBRARY EXP WIN DEV CU LIC C BAS;REW BE 2010 OPT LIBRARY EXP WIN DEV CU LIC C BAS;REW BE 2010 OPT LIBRARY EXP WIN DEV CU LIC C BAS;;;;79;;
1;3;2094;1;576,8208;468,96;REW BE 2010 OPT LIBRARY EXP WIN DEV CU LIC B BAS;20091156;;REW BE 2010 OPT LIBRARY EXP WIN DEV CU LIC B BAS;REW BE 2010 OPT LIBRARY EXP WIN DEV CU LIC B BAS;REW BE 2010 OPT LIBRARY EXP WIN DEV CU LIC B BAS;REW BE 2010 OPT LIBRARY EXP WIN DEV CU LIC B BAS;;;;79;;
1;3;2094;1;637,4106;518,22;REW BE 2010 OPT LIBRARY EXP WIN DEV VU LIC A ESS;20091157;;REW BE 2010 OPT LIBRARY EXP WIN DEV VU LIC A ESS;REW BE 2010 OPT LIBRARY EXP WIN DEV VU LIC A ESS;REW BE 2010 OPT LIBRARY EXP WIN DEV VU LIC A ESS;REW BE 2010 OPT LIBRARY EXP WIN DEV VU LIC A ESS;;;;79;;
1;3;2094;1;601,1994;488,78;REW BE 2010 OPT LIBRARY EXP WIN DEV VU LIC A BAS;20091158;;REW BE 2010 OPT LIBRARY EXP WIN DEV VU LIC A BAS;REW BE 2010 OPT LIBRARY EXP WIN DEV VU LIC A BAS;REW BE 2010 OPT LIBRARY EXP WIN DEV VU LIC A BAS;REW BE 2010 OPT LIBRARY EXP WIN DEV VU LIC A BAS;;;;79;;
1;3;2094;1;576,8208;468,96;REW BE 2010 OPT LIBRARY EXP WIN DEV VU LIC B BAS;20091159;;REW BE 2010 OPT LIBRARY EXP WIN DEV VU LIC B BAS;REW BE 2010 OPT LIBRARY EXP WIN DEV VU LIC B BAS;REW BE 2010 OPT LIBRARY EXP WIN DEV VU LIC B BAS;REW BE 2010 OPT LIBRARY EXP WIN DEV VU LIC B BAS;;;;79;;
1;3;2094;1;552,4422;449,14;REW BE 2010 OPT LIBRARY EXP WIN DEV VU LIC C BAS;20091160;;REW BE 2010 OPT LIBRARY EXP WIN DEV VU LIC C BAS;REW BE 2010 OPT LIBRARY EXP WIN DEV VU LIC C BAS;REW BE 2010 OPT LIBRARY EXP WIN DEV VU LIC C BAS;REW BE 2010 OPT LIBRARY EXP WIN DEV VU LIC C BAS;;;;79;;
1;3;2094;1;519,9456;422,72;GOV BE 2010 OPT LIBRARY EXPAN WIN VU LIC S BAS;20091161;;GOV BE 2010 OPT LIBRARY EXPAN WIN VU LIC S BAS;GOV BE 2010 OPT LIBRARY EXPAN WIN VU LIC S BAS;GOV BE 2010 OPT LIBRARY EXPAN WIN VU LIC S BAS;GOV BE 2010 OPT LIBRARY EXPAN WIN VU LIC S BAS;;;;79;;
1;3;2094;1;654,6429;532,23;EXP BE 2010 LIBRARY EXPAN WIN DEV BDL CU LIC S ESS;20091163;;EXP BE 2010 LIBRARY EXPAN WIN DEV BDL CU LIC S ESS;EXP BE 2010 LIBRARY EXPAN WIN DEV BDL CU LIC S ESS;EXP BE 2010 LIBRARY EXPAN WIN DEV BDL CU LIC S ESS;EXP BE 2010 LIBRARY EXPAN WIN DEV BDL CU LIC S ESS;;;;79;;
1;3;2094;1;519,9456;422,72;GOV BE 2010 OPT LIBRARY EXPAN WIN CU LIC S BAS;20091164;;GOV BE 2010 OPT LIBRARY EXPAN WIN CU LIC S BAS;GOV BE 2010 OPT LIBRARY EXPAN WIN CU LIC S BAS;GOV BE 2010 OPT LIBRARY EXPAN WIN CU LIC S BAS;GOV BE 2010 OPT LIBRARY EXPAN WIN CU LIC S BAS;;;;79;;
1;3;2094;1;585,726;476,2;REW BE 2010 OPT LIBRARY EXP WIN DEV VU LIC C ESS;20091165;;REW BE 2010 OPT LIBRARY EXP WIN DEV VU LIC C ESS;REW BE 2010 OPT LIBRARY EXP WIN DEV VU LIC C ESS;REW BE 2010 OPT LIBRARY EXP WIN DEV VU LIC C ESS;REW BE 2010 OPT LIBRARY EXP WIN DEV VU LIC C ESS;;;;79;;
1;3;2094;1;551,2737;448,19;REW BE 2010 OPT LIBRARY EXP WIN DEV VU LIC E ESS;20091166;;REW BE 2010 OPT LIBRARY EXP WIN DEV VU LIC E ESS;REW BE 2010 OPT LIBRARY EXP WIN DEV VU LIC E ESS;REW BE 2010 OPT LIBRARY EXP WIN DEV VU LIC E ESS;REW BE 2010 OPT LIBRARY EXP WIN DEV VU LIC E ESS;;;;79;;
1;3;2094;1;654,6429;532,23;EXP BE 2010 LIBRARY EXPAN WIN DEV BDL VU LIC S ESS;20091167;;EXP BE 2010 LIBRARY EXPAN WIN DEV BDL VU LIC S ESS;EXP BE 2010 LIBRARY EXPAN WIN DEV BDL VU LIC S ESS;EXP BE 2010 LIBRARY EXPAN WIN DEV BDL VU LIC S ESS;EXP BE 2010 LIBRARY EXPAN WIN DEV BDL VU LIC S ESS;;;;79;;
1;3;2094;1;551,2737;448,19;REW BE 2010 OPT LIBRARY EXP WIN DEV CU LIC E ESS;20091168;;REW BE 2010 OPT LIBRARY EXP WIN DEV CU LIC E ESS;REW BE 2010 OPT LIBRARY EXP WIN DEV CU LIC E ESS;REW BE 2010 OPT LIBRARY EXP WIN DEV CU LIC E ESS;REW BE 2010 OPT LIBRARY EXP WIN DEV CU LIC E ESS;;;;79;;
1;3;2094;1;551,2737;448,19;AE BE 2010 LIBRARY EXPAN WIN DEV BDL CU LIC S ESS;20091169;;AE BE 2010 LIBRARY EXPAN WIN DEV BDL CU LIC S ESS;AE BE 2010 LIBRARY EXPAN WIN DEV BDL CU LIC S ESS;AE BE 2010 LIBRARY EXPAN WIN DEV BDL CU LIC S ESS;AE BE 2010 LIBRARY EXPAN WIN DEV BDL CU LIC S ESS;;;;79;;
1;3;2094;1;519,9456;422,72;REW BE 2010 OPT LIBRARY EXP WIN DEV CU LIC D BAS;20091170;;REW BE 2010 OPT LIBRARY EXP WIN DEV CU LIC D BAS;REW BE 2010 OPT LIBRARY EXP WIN DEV CU LIC D BAS;REW BE 2010 OPT LIBRARY EXP WIN DEV CU LIC D BAS;REW BE 2010 OPT LIBRARY EXP WIN DEV CU LIC D BAS;;;;79;;
1;3;2094;1;617,4477;501,99;EXP BE 2010 LIBRARY EXPAN WIN DEV BDL VU LIC S BAS;20091172;;EXP BE 2010 LIBRARY EXPAN WIN DEV BDL VU LIC S BAS;EXP BE 2010 LIBRARY EXPAN WIN DEV BDL VU LIC S BAS;EXP BE 2010 LIBRARY EXPAN WIN DEV BDL VU LIC S BAS;EXP BE 2010 LIBRARY EXPAN WIN DEV BDL VU LIC S BAS;;;;79;;
1;3;2094;1;1669,602;1357,4;REW BE 2010 AGT SAP WIN PER SVR BDL CU LIC D BAS;20091190;;REW BE 2010 AGT SAP WIN PER SVR BDL CU LIC D BAS;REW BE 2010 AGT SAP WIN PER SVR BDL CU LIC D BAS;REW BE 2010 AGT SAP WIN PER SVR BDL CU LIC D BAS;REW BE 2010 AGT SAP WIN PER SVR BDL CU LIC D BAS;;;;79;;
1;3;2094;1;2046,7692;1664,04;REW BE 2010 AGT SAP WIN PER SVR BDL VU LIC A ESS;20091191;;REW BE 2010 AGT SAP WIN PER SVR BDL VU LIC A ESS;REW BE 2010 AGT SAP WIN PER SVR BDL VU LIC A ESS;REW BE 2010 AGT SAP WIN PER SVR BDL VU LIC A ESS;REW BE 2010 AGT SAP WIN PER SVR BDL VU LIC A ESS;;;;79;;
1;3;2094;1;1963,8057;1596,59;REW BE 2010 AGT SAP WIN PER SVR BDL VU LIC B ESS;20091192;;REW BE 2010 AGT SAP WIN PER SVR BDL VU LIC B ESS;REW BE 2010 AGT SAP WIN PER SVR BDL VU LIC B ESS;REW BE 2010 AGT SAP WIN PER SVR BDL VU LIC B ESS;REW BE 2010 AGT SAP WIN PER SVR BDL VU LIC B ESS;;;;79;;
1;3;2094;1;1770,1668;1439,16;REW BE 2010 AGT SAP WIN PER SVR BDL VU LIC E ESS;20091193;;REW BE 2010 AGT SAP WIN PER SVR BDL VU LIC E ESS;REW BE 2010 AGT SAP WIN PER SVR BDL VU LIC E ESS;REW BE 2010 AGT SAP WIN PER SVR BDL VU LIC E ESS;REW BE 2010 AGT SAP WIN PER SVR BDL VU LIC E ESS;;;;79;;
1;3;2094;1;1770,1668;1439,16;REW BE 2010 AGT SAP WIN PER SVR BDL CU LIC D ESS;20091195;;REW BE 2010 AGT SAP WIN PER SVR BDL CU LIC D ESS;REW BE 2010 AGT SAP WIN PER SVR BDL CU LIC D ESS;REW BE 2010 AGT SAP WIN PER SVR BDL CU LIC D ESS;REW BE 2010 AGT SAP WIN PER SVR BDL CU LIC D ESS;;;;79;;
1;3;2094;1;1982,637;1611,9;EXP BE 2010 AGT SAP WIN P SVR BDL CU LIC S BAS;20091197;;EXP BE 2010 AGT SAP WIN P SVR BDL CU LIC S BAS;EXP BE 2010 AGT SAP WIN P SVR BDL CU LIC S BAS;EXP BE 2010 AGT SAP WIN P SVR BDL CU LIC S BAS;EXP BE 2010 AGT SAP WIN P SVR BDL CU LIC S BAS;;;;79;;
1;3;2094;1;1669,602;1357,4;AE BE 2010 AGT SAP WIN SVR BDL CU LIC S BAS;20091198;;AE BE 2010 AGT SAP WIN SVR BDL CU LIC S BAS;AE BE 2010 AGT SAP WIN SVR BDL CU LIC S BAS;AE BE 2010 AGT SAP WIN SVR BDL CU LIC S BAS;AE BE 2010 AGT SAP WIN SVR BDL CU LIC S BAS;;;;79;;
1;3;2094;1;1930,485;1569,5;REW BE 2010 AGT SAP WIN PER SVR BDL VU LIC A BAS;20091200;;REW BE 2010 AGT SAP WIN PER SVR BDL VU LIC A BAS;REW BE 2010 AGT SAP WIN PER SVR BDL VU LIC A BAS;REW BE 2010 AGT SAP WIN PER SVR BDL VU LIC A BAS;REW BE 2010 AGT SAP WIN PER SVR BDL VU LIC A BAS;;;;79;;
1;3;2094;1;1773,9552;1442,24;REW BE 2010 AGT SAP WIN PER SVR BDL VU LIC C BAS;20091201;;REW BE 2010 AGT SAP WIN PER SVR BDL VU LIC C BAS;REW BE 2010 AGT SAP WIN PER SVR BDL VU LIC C BAS;REW BE 2010 AGT SAP WIN PER SVR BDL VU LIC C BAS;REW BE 2010 AGT SAP WIN PER SVR BDL VU LIC C BAS;;;;79;;
1;3;2094;1;2102,0823;1709,01;EXP BE 2010 AGT SAP WIN P SVR BDL CU LIC S ESS;20091202;;EXP BE 2010 AGT SAP WIN P SVR BDL CU LIC S ESS;EXP BE 2010 AGT SAP WIN P SVR BDL CU LIC S ESS;EXP BE 2010 AGT SAP WIN P SVR BDL CU LIC S ESS;EXP BE 2010 AGT SAP WIN P SVR BDL CU LIC S ESS;;;;79;;
1;3;2094;1;1852,2201;1505,87;REW BE 2010 AGT SAP WIN PER SVR BDL CU LIC B BAS;20091203;;REW BE 2010 AGT SAP WIN PER SVR BDL CU LIC B BAS;REW BE 2010 AGT SAP WIN PER SVR BDL CU LIC B BAS;REW BE 2010 AGT SAP WIN PER SVR BDL CU LIC B BAS;REW BE 2010 AGT SAP WIN PER SVR BDL CU LIC B BAS;;;;79;;
1;3;2094;1;1770,1668;1439,16;REW BE 2010 AGT SAP WIN PER SVR BDL VU LIC D ESS;20091204;;REW BE 2010 AGT SAP WIN PER SVR BDL VU LIC D ESS;REW BE 2010 AGT SAP WIN PER SVR BDL VU LIC D ESS;REW BE 2010 AGT SAP WIN PER SVR BDL VU LIC D ESS;REW BE 2010 AGT SAP WIN PER SVR BDL VU LIC D ESS;;;;79;;
1;3;2094;1;2046,7692;1664,04;REW BE 2010 AGT SAP WIN PER SVR BDL CU LIC A ESS;20091205;;REW BE 2010 AGT SAP WIN PER SVR BDL CU LIC A ESS;REW BE 2010 AGT SAP WIN PER SVR BDL CU LIC A ESS;REW BE 2010 AGT SAP WIN PER SVR BDL CU LIC A ESS;REW BE 2010 AGT SAP WIN PER SVR BDL CU LIC A ESS;;;;79;;
1;3;2094;1;1963,8057;1596,59;REW BE 2010 AGT SAP WIN PER SVR BDL CU LIC B ESS;20091206;;REW BE 2010 AGT SAP WIN PER SVR BDL CU LIC B ESS;REW BE 2010 AGT SAP WIN PER SVR BDL CU LIC B ESS;REW BE 2010 AGT SAP WIN PER SVR BDL CU LIC B ESS;REW BE 2010 AGT SAP WIN PER SVR BDL CU LIC B ESS;;;;79;;
1;3;2094;1;1880,8053;1529,11;REW BE 2010 AGT SAP WIN PER SVR BDL CU LIC C ESS;20091207;;REW BE 2010 AGT SAP WIN PER SVR BDL CU LIC C ESS;REW BE 2010 AGT SAP WIN PER SVR BDL CU LIC C ESS;REW BE 2010 AGT SAP WIN PER SVR BDL CU LIC C ESS;REW BE 2010 AGT SAP WIN PER SVR BDL CU LIC C ESS;;;;79;;
1;3;2094;1;1770,1668;1439,16;REW BE 2010 AGT SAP WIN PER SVR BDL CU LIC E ESS;20091208;;REW BE 2010 AGT SAP WIN PER SVR BDL CU LIC E ESS;REW BE 2010 AGT SAP WIN PER SVR BDL CU LIC E ESS;REW BE 2010 AGT SAP WIN PER SVR BDL CU LIC E ESS;REW BE 2010 AGT SAP WIN PER SVR BDL CU LIC E ESS;;;;79;;
1;3;2094;1;1930,485;1569,5;REW BE 2010 AGT SAP WIN PER SVR BDL CU LIC A BAS;20091209;;REW BE 2010 AGT SAP WIN PER SVR BDL CU LIC A BAS;REW BE 2010 AGT SAP WIN PER SVR BDL CU LIC A BAS;REW BE 2010 AGT SAP WIN PER SVR BDL CU LIC A BAS;REW BE 2010 AGT SAP WIN PER SVR BDL CU LIC A BAS;;;;79;;
1;3;2094;1;1669,602;1357,4;AE BE 2010 AGT SAP WIN SVR BDL VU LIC S BAS;20091210;;AE BE 2010 AGT SAP WIN SVR BDL VU LIC S BAS;AE BE 2010 AGT SAP WIN SVR BDL VU LIC S BAS;AE BE 2010 AGT SAP WIN SVR BDL VU LIC S BAS;AE BE 2010 AGT SAP WIN SVR BDL VU LIC S BAS;;;;79;;
1;3;2094;1;1770,1668;1439,16;AE BE 2010 AGT SAP WIN SVR BDL CU LIC S ESS;20091211;;AE BE 2010 AGT SAP WIN SVR BDL CU LIC S ESS;AE BE 2010 AGT SAP WIN SVR BDL CU LIC S ESS;AE BE 2010 AGT SAP WIN SVR BDL CU LIC S ESS;AE BE 2010 AGT SAP WIN SVR BDL CU LIC S ESS;;;;79;;
1;3;2094;1;1880,8053;1529,11;REW BE 2010 AGT SAP WIN PER SVR BDL VU LIC C ESS;20091212;;REW BE 2010 AGT SAP WIN PER SVR BDL VU LIC C ESS;REW BE 2010 AGT SAP WIN PER SVR BDL VU LIC C ESS;REW BE 2010 AGT SAP WIN PER SVR BDL VU LIC C ESS;REW BE 2010 AGT SAP WIN PER SVR BDL VU LIC C ESS;;;;79;;
1;3;2094;1;1770,1668;1439,16;GOV BE 2010 AGT SAP WIN P SVR BDL VU LIC S ESS;20091213;;GOV BE 2010 AGT SAP WIN P SVR BDL VU LIC S ESS;GOV BE 2010 AGT SAP WIN P SVR BDL VU LIC S ESS;GOV BE 2010 AGT SAP WIN P SVR BDL VU LIC S ESS;GOV BE 2010 AGT SAP WIN P SVR BDL VU LIC S ESS;;;;79;;
1;3;2094;1;2102,0823;1709,01;EXP BE 2010 AGT SAP WIN P SVR BDL VU LIC S ESS;20091214;;EXP BE 2010 AGT SAP WIN P SVR BDL VU LIC S ESS;EXP BE 2010 AGT SAP WIN P SVR BDL VU LIC S ESS;EXP BE 2010 AGT SAP WIN P SVR BDL VU LIC S ESS;EXP BE 2010 AGT SAP WIN P SVR BDL VU LIC S ESS;;;;79;;
1;3;2094;1;1669,602;1357,4;GOV BE 2010 AGT SAP WIN P SVR BDL VU LIC S BAS;20091215;;GOV BE 2010 AGT SAP WIN P SVR BDL VU LIC S BAS;GOV BE 2010 AGT SAP WIN P SVR BDL VU LIC S BAS;GOV BE 2010 AGT SAP WIN P SVR BDL VU LIC S BAS;GOV BE 2010 AGT SAP WIN P SVR BDL VU LIC S BAS;;;;79;;
1;3;2094;1;1982,637;1611,9;EXP BE 2010 AGT SAP WIN P SVR BDL VU LIC S BAS;20091216;;EXP BE 2010 AGT SAP WIN P SVR BDL VU LIC S BAS;EXP BE 2010 AGT SAP WIN P SVR BDL VU LIC S BAS;EXP BE 2010 AGT SAP WIN P SVR BDL VU LIC S BAS;EXP BE 2010 AGT SAP WIN P SVR BDL VU LIC S BAS;;;;79;;
1;3;2094;1;1770,1668;1439,16;GOV BE 2010 AGT SAP WIN P SVR BDL CU LIC S ESS;20091217;;GOV BE 2010 AGT SAP WIN P SVR BDL CU LIC S ESS;GOV BE 2010 AGT SAP WIN P SVR BDL CU LIC S ESS;GOV BE 2010 AGT SAP WIN P SVR BDL CU LIC S ESS;GOV BE 2010 AGT SAP WIN P SVR BDL CU LIC S ESS;;;;79;;
1;3;2094;1;1669,602;1357,4;REW BE 2010 AGT SAP WIN PER SVR BDL CU LIC E BAS;20091218;;REW BE 2010 AGT SAP WIN PER SVR BDL CU LIC E BAS;REW BE 2010 AGT SAP WIN PER SVR BDL CU LIC E BAS;REW BE 2010 AGT SAP WIN PER SVR BDL CU LIC E BAS;REW BE 2010 AGT SAP WIN PER SVR BDL CU LIC E BAS;;;;79;;
1;3;2094;1;1669,602;1357,4;REW BE 2010 AGT SAP WIN PER SVR BDL VU LIC D BAS;20091219;;REW BE 2010 AGT SAP WIN PER SVR BDL VU LIC D BAS;REW BE 2010 AGT SAP WIN PER SVR BDL VU LIC D BAS;REW BE 2010 AGT SAP WIN PER SVR BDL VU LIC D BAS;REW BE 2010 AGT SAP WIN PER SVR BDL VU LIC D BAS;;;;79;;
1;3;2094;1;1773,9552;1442,24;REW BE 2010 AGT SAP WIN PER SVR BDL CU LIC C BAS;20091220;;REW BE 2010 AGT SAP WIN PER SVR BDL CU LIC C BAS;REW BE 2010 AGT SAP WIN PER SVR BDL CU LIC C BAS;REW BE 2010 AGT SAP WIN PER SVR BDL CU LIC C BAS;REW BE 2010 AGT SAP WIN PER SVR BDL CU LIC C BAS;;;;79;;
1;3;2094;1;1669,602;1357,4;GOV BE 2010 AGT SAP WIN P SVR BDL CU LIC S BAS;20091221;;GOV BE 2010 AGT SAP WIN P SVR BDL CU LIC S BAS;GOV BE 2010 AGT SAP WIN P SVR BDL CU LIC S BAS;GOV BE 2010 AGT SAP WIN P SVR BDL CU LIC S BAS;GOV BE 2010 AGT SAP WIN P SVR BDL CU LIC S BAS;;;;79;;
1;3;2094;1;1852,2201;1505,87;REW BE 2010 AGT SAP WIN PER SVR BDL VU LIC B BAS;20091225;;REW BE 2010 AGT SAP WIN PER SVR BDL VU LIC B BAS;REW BE 2010 AGT SAP WIN PER SVR BDL VU LIC B BAS;REW BE 2010 AGT SAP WIN PER SVR BDL VU LIC B BAS;REW BE 2010 AGT SAP WIN PER SVR BDL VU LIC B BAS;;;;79;;
1;3;2094;1;1669,602;1357,4;REW BE 2010 AGT SAP WIN PER SVR BDL VU LIC E BAS;20091226;;REW BE 2010 AGT SAP WIN PER SVR BDL VU LIC E BAS;REW BE 2010 AGT SAP WIN PER SVR BDL VU LIC E BAS;REW BE 2010 AGT SAP WIN PER SVR BDL VU LIC E BAS;REW BE 2010 AGT SAP WIN PER SVR BDL VU LIC E BAS;;;;79;;
1;3;2094;1;1770,1668;1439,16;AE BE 2010 AGT SAP WIN SVR BDL VU LIC S ESS;20091228;;AE BE 2010 AGT SAP WIN SVR BDL VU LIC S ESS;AE BE 2010 AGT SAP WIN SVR BDL VU LIC S ESS;AE BE 2010 AGT SAP WIN SVR BDL VU LIC S ESS;AE BE 2010 AGT SAP WIN SVR BDL VU LIC S ESS;;;;79;;
1;3;2094;1;576,8208;468,96;REW BE2010 AGT MSFT SHRPT WIN SVR BDL CU LIC B BAS;20091451;;REW BE2010 AGT MSFT SHRPT WIN SVR BDL CU LIC B BAS;REW BE2010 AGT MSFT SHRPT WIN SVR BDL CU LIC B BAS;REW BE2010 AGT MSFT SHRPT WIN SVR BDL CU LIC B BAS;REW BE2010 AGT MSFT SHRPT WIN SVR BDL CU LIC B BAS;;;;79;;
1;3;2094;1;551,2737;448,19;AE BE2010AGT MSFT SHAREPT WIN SVR BDL CU LIC S ESS;20091452;;AE BE2010AGT MSFT SHAREPT WIN SVR BDL CU LIC S ESS;AE BE2010AGT MSFT SHAREPT WIN SVR BDL CU LIC S ESS;AE BE2010AGT MSFT SHAREPT WIN SVR BDL CU LIC S ESS;AE BE2010AGT MSFT SHAREPT WIN SVR BDL CU LIC S ESS;;;;79;;
1;3;2094;1;519,9456;422,72;AE BE2010AGT MSFT SHAREPT WIN SVR BDL VU LIC S BAS;20091453;;AE BE2010AGT MSFT SHAREPT WIN SVR BDL VU LIC S BAS;AE BE2010AGT MSFT SHAREPT WIN SVR BDL VU LIC S BAS;AE BE2010AGT MSFT SHAREPT WIN SVR BDL VU LIC S BAS;AE BE2010AGT MSFT SHAREPT WIN SVR BDL VU LIC S BAS;;;;79;;
1;3;2094;1;551,2737;448,19;REW BE2010 AGT MSFT SHRPT WIN SVR BDL VU LIC E ESS;20091454;;REW BE2010 AGT MSFT SHRPT WIN SVR BDL VU LIC E ESS;REW BE2010 AGT MSFT SHRPT WIN SVR BDL VU LIC E ESS;REW BE2010 AGT MSFT SHRPT WIN SVR BDL VU LIC E ESS;REW BE2010 AGT MSFT SHRPT WIN SVR BDL VU LIC E ESS;;;;79;;
1;3;2094;1;654,6429;532,23;EXP BE 2010 AGT MSFT SHAREPT WIN VU LIC S ESS;20091456;;EXP BE 2010 AGT MSFT SHAREPT WIN VU LIC S ESS;EXP BE 2010 AGT MSFT SHAREPT WIN VU LIC S ESS;EXP BE 2010 AGT MSFT SHAREPT WIN VU LIC S ESS;EXP BE 2010 AGT MSFT SHAREPT WIN VU LIC S ESS;;;;79;;
1;3;2094;1;551,2737;448,19;AE BE2010AGT MSFT SHAREPT WIN SVR BDL VU LIC S ESS;20091457;;AE BE2010AGT MSFT SHAREPT WIN SVR BDL VU LIC S ESS;AE BE2010AGT MSFT SHAREPT WIN SVR BDL VU LIC S ESS;AE BE2010AGT MSFT SHAREPT WIN SVR BDL VU LIC S ESS;AE BE2010AGT MSFT SHAREPT WIN SVR BDL VU LIC S ESS;;;;79;;
1;3;2094;1;519,9456;422,72;GOV BE 2010 MSFT SHAREPT WIN SVR BDL CU LIC S BAS;20091458;;GOV BE 2010 MSFT SHAREPT WIN SVR BDL CU LIC S BAS;GOV BE 2010 MSFT SHAREPT WIN SVR BDL CU LIC S BAS;GOV BE 2010 MSFT SHAREPT WIN SVR BDL CU LIC S BAS;GOV BE 2010 MSFT SHAREPT WIN SVR BDL CU LIC S BAS;;;;79;;
1;3;2094;1;551,2737;448,19;GOV BE 2010 MSFT SHAREPT WIN SVR BDL CU LIC S ESS;20091459;;GOV BE 2010 MSFT SHAREPT WIN SVR BDL CU LIC S ESS;GOV BE 2010 MSFT SHAREPT WIN SVR BDL CU LIC S ESS;GOV BE 2010 MSFT SHAREPT WIN SVR BDL CU LIC S ESS;GOV BE 2010 MSFT SHAREPT WIN SVR BDL CU LIC S ESS;;;;79;;
1;3;2094;1;637,4106;518,22;REW BE2010 AGT MSFT SHRPT WIN SVR BDL CU LIC A ESS;20091461;;REW BE2010 AGT MSFT SHRPT WIN SVR BDL CU LIC A ESS;REW BE2010 AGT MSFT SHRPT WIN SVR BDL CU LIC A ESS;REW BE2010 AGT MSFT SHRPT WIN SVR BDL CU LIC A ESS;REW BE2010 AGT MSFT SHRPT WIN SVR BDL CU LIC A ESS;;;;79;;
1;3;2094;1;551,2737;448,19;REW BE2010 AGT MSFT SHRPT WIN SVR BDL CU LIC D ESS;20091462;;REW BE2010 AGT MSFT SHRPT WIN SVR BDL CU LIC D ESS;REW BE2010 AGT MSFT SHRPT WIN SVR BDL CU LIC D ESS;REW BE2010 AGT MSFT SHRPT WIN SVR BDL CU LIC D ESS;REW BE2010 AGT MSFT SHRPT WIN SVR BDL CU LIC D ESS;;;;79;;
1;3;2094;1;551,2737;448,19;REW BE2010 AGT MSFT SHRPT WIN SVR BDL CU LIC E ESS;20091463;;REW BE2010 AGT MSFT SHRPT WIN SVR BDL CU LIC E ESS;REW BE2010 AGT MSFT SHRPT WIN SVR BDL CU LIC E ESS;REW BE2010 AGT MSFT SHRPT WIN SVR BDL CU LIC E ESS;REW BE2010 AGT MSFT SHRPT WIN SVR BDL CU LIC E ESS;;;;79;;
1;3;2094;1;576,8208;468,96;REW BE2010 AGT MSFT SHRPT WIN SVR BDL VU LIC B BAS;20091464;;REW BE2010 AGT MSFT SHRPT WIN SVR BDL VU LIC B BAS;REW BE2010 AGT MSFT SHRPT WIN SVR BDL VU LIC B BAS;REW BE2010 AGT MSFT SHRPT WIN SVR BDL VU LIC B BAS;REW BE2010 AGT MSFT SHRPT WIN SVR BDL VU LIC B BAS;;;;79;;
1;3;2094;1;519,9456;422,72;GOV BE 2010 MSFT SHAREPT WIN SVR BDL VU LIC S BAS;20091465;;GOV BE 2010 MSFT SHAREPT WIN SVR BDL VU LIC S BAS;GOV BE 2010 MSFT SHAREPT WIN SVR BDL VU LIC S BAS;GOV BE 2010 MSFT SHAREPT WIN SVR BDL VU LIC S BAS;GOV BE 2010 MSFT SHAREPT WIN SVR BDL VU LIC S BAS;;;;79;;
1;3;2094;1;519,9456;422,72;REW BE2010 AGT MSFT SHRPT WIN SVR BDL CU LIC D BAS;20091466;;REW BE2010 AGT MSFT SHRPT WIN SVR BDL CU LIC D BAS;REW BE2010 AGT MSFT SHRPT WIN SVR BDL CU LIC D BAS;REW BE2010 AGT MSFT SHRPT WIN SVR BDL CU LIC D BAS;REW BE2010 AGT MSFT SHRPT WIN SVR BDL CU LIC D BAS;;;;79;;
1;3;2094;1;617,4477;501,99;EXP BE 2010 AGT MSFT SHAREPT WIN CU LIC S BAS;20091468;;EXP BE 2010 AGT MSFT SHAREPT WIN CU LIC S BAS;EXP BE 2010 AGT MSFT SHAREPT WIN CU LIC S BAS;EXP BE 2010 AGT MSFT SHAREPT WIN CU LIC S BAS;EXP BE 2010 AGT MSFT SHAREPT WIN CU LIC S BAS;;;;79;;
1;3;2094;1;519,9456;422,72;AE BE2010AGT MSFT SHAREPT WIN SVR BDL CU LIC S BAS;20091469;;AE BE2010AGT MSFT SHAREPT WIN SVR BDL CU LIC S BAS;AE BE2010AGT MSFT SHAREPT WIN SVR BDL CU LIC S BAS;AE BE2010AGT MSFT SHAREPT WIN SVR BDL CU LIC S BAS;AE BE2010AGT MSFT SHAREPT WIN SVR BDL CU LIC S BAS;;;;79;;
1;3;2094;1;519,9456;422,72;REW BE2010 AGT MSFT SHRPT WIN SVR BDL VU LIC E BAS;20091470;;REW BE2010 AGT MSFT SHRPT WIN SVR BDL VU LIC E BAS;REW BE2010 AGT MSFT SHRPT WIN SVR BDL VU LIC E BAS;REW BE2010 AGT MSFT SHRPT WIN SVR BDL VU LIC E BAS;REW BE2010 AGT MSFT SHRPT WIN SVR BDL VU LIC E BAS;;;;79;;
1;3;2094;1;617,4477;501,99;EXP BE 2010 AGT MSFT SHAREPT WIN VU LIC S BAS;20091471;;EXP BE 2010 AGT MSFT SHAREPT WIN VU LIC S BAS;EXP BE 2010 AGT MSFT SHAREPT WIN VU LIC S BAS;EXP BE 2010 AGT MSFT SHAREPT WIN VU LIC S BAS;EXP BE 2010 AGT MSFT SHAREPT WIN VU LIC S BAS;;;;79;;
1;3;2094;1;585,726;476,2;REW BE2010 AGT MSFT SHRPT WIN SVR BDL VU LIC C ESS;20091472;;REW BE2010 AGT MSFT SHRPT WIN SVR BDL VU LIC C ESS;REW BE2010 AGT MSFT SHRPT WIN SVR BDL VU LIC C ESS;REW BE2010 AGT MSFT SHRPT WIN SVR BDL VU LIC C ESS;REW BE2010 AGT MSFT SHRPT WIN SVR BDL VU LIC C ESS;;;;79;;
1;3;2094;1;601,1994;488,78;REW BE2010 AGT MSFT SHRPT WIN SVR BDL CU LIC A BAS;20091473;;REW BE2010 AGT MSFT SHRPT WIN SVR BDL CU LIC A BAS;REW BE2010 AGT MSFT SHRPT WIN SVR BDL CU LIC A BAS;REW BE2010 AGT MSFT SHRPT WIN SVR BDL CU LIC A BAS;REW BE2010 AGT MSFT SHRPT WIN SVR BDL CU LIC A BAS;;;;79;;
1;3;2094;1;519,9456;422,72;REW BE2010 AGT MSFT SHRPT WIN SVR BDL CU LIC E BAS;20091474;;REW BE2010 AGT MSFT SHRPT WIN SVR BDL CU LIC E BAS;REW BE2010 AGT MSFT SHRPT WIN SVR BDL CU LIC E BAS;REW BE2010 AGT MSFT SHRPT WIN SVR BDL CU LIC E BAS;REW BE2010 AGT MSFT SHRPT WIN SVR BDL CU LIC E BAS;;;;79;;
1;3;2094;1;611,5929;497,23;REW BE2010 AGT MSFT SHRPT WIN SVR BDL CU LIC B ESS;20091475;;REW BE2010 AGT MSFT SHRPT WIN SVR BDL CU LIC B ESS;REW BE2010 AGT MSFT SHRPT WIN SVR BDL CU LIC B ESS;REW BE2010 AGT MSFT SHRPT WIN SVR BDL CU LIC B ESS;REW BE2010 AGT MSFT SHRPT WIN SVR BDL CU LIC B ESS;;;;79;;
1;3;2094;1;585,726;476,2;REW BE2010 AGT MSFT SHRPT WIN SVR BDL CU LIC C ESS;20091476;;REW BE2010 AGT MSFT SHRPT WIN SVR BDL CU LIC C ESS;REW BE2010 AGT MSFT SHRPT WIN SVR BDL CU LIC C ESS;REW BE2010 AGT MSFT SHRPT WIN SVR BDL CU LIC C ESS;REW BE2010 AGT MSFT SHRPT WIN SVR BDL CU LIC C ESS;;;;79;;
1;3;2094;1;601,1994;488,78;REW BE2010 AGT MSFT SHRPT WIN SVR BDL VU LIC A BAS;20091477;;REW BE2010 AGT MSFT SHRPT WIN SVR BDL VU LIC A BAS;REW BE2010 AGT MSFT SHRPT WIN SVR BDL VU LIC A BAS;REW BE2010 AGT MSFT SHRPT WIN SVR BDL VU LIC A BAS;REW BE2010 AGT MSFT SHRPT WIN SVR BDL VU LIC A BAS;;;;79;;
1;3;2094;1;637,4106;518,22;REW BE2010 AGT MSFT SHRPT WIN SVR BDL VU LIC A ESS;20091478;;REW BE2010 AGT MSFT SHRPT WIN SVR BDL VU LIC A ESS;REW BE2010 AGT MSFT SHRPT WIN SVR BDL VU LIC A ESS;REW BE2010 AGT MSFT SHRPT WIN SVR BDL VU LIC A ESS;REW BE2010 AGT MSFT SHRPT WIN SVR BDL VU LIC A ESS;;;;79;;
1;3;2094;1;551,2737;448,19;GOV BE 2010 MSFT SHAREPT WIN SVR BDL VU LIC S ESS;20091479;;GOV BE 2010 MSFT SHAREPT WIN SVR BDL VU LIC S ESS;GOV BE 2010 MSFT SHAREPT WIN SVR BDL VU LIC S ESS;GOV BE 2010 MSFT SHAREPT WIN SVR BDL VU LIC S ESS;GOV BE 2010 MSFT SHAREPT WIN SVR BDL VU LIC S ESS;;;;79;;
1;3;2094;1;552,4422;449,14;REW BE2010 AGT MSFT SHRPT WIN SVR BDL CU LIC C BAS;20091480;;REW BE2010 AGT MSFT SHRPT WIN SVR BDL CU LIC C BAS;REW BE2010 AGT MSFT SHRPT WIN SVR BDL CU LIC C BAS;REW BE2010 AGT MSFT SHRPT WIN SVR BDL CU LIC C BAS;REW BE2010 AGT MSFT SHRPT WIN SVR BDL CU LIC C BAS;;;;79;;
1;3;2094;1;654,6429;532,23;EXP BE 2010 AGT MSFT SHAREPT WIN CU LIC S ESS;20091482;;EXP BE 2010 AGT MSFT SHAREPT WIN CU LIC S ESS;EXP BE 2010 AGT MSFT SHAREPT WIN CU LIC S ESS;EXP BE 2010 AGT MSFT SHAREPT WIN CU LIC S ESS;EXP BE 2010 AGT MSFT SHAREPT WIN CU LIC S ESS;;;;79;;
1;3;2094;1;552,4422;449,14;REW BE2010 AGT MSFT SHRPT WIN SVR BDL VU LIC C BAS;20091483;;REW BE2010 AGT MSFT SHRPT WIN SVR BDL VU LIC C BAS;REW BE2010 AGT MSFT SHRPT WIN SVR BDL VU LIC C BAS;REW BE2010 AGT MSFT SHRPT WIN SVR BDL VU LIC C BAS;REW BE2010 AGT MSFT SHRPT WIN SVR BDL VU LIC C BAS;;;;79;;
1;3;2094;1;519,9456;422,72;REW BE2010 AGT MSFT SHRPT WIN SVR BDL VU LIC D BAS;20091484;;REW BE2010 AGT MSFT SHRPT WIN SVR BDL VU LIC D BAS;REW BE2010 AGT MSFT SHRPT WIN SVR BDL VU LIC D BAS;REW BE2010 AGT MSFT SHRPT WIN SVR BDL VU LIC D BAS;REW BE2010 AGT MSFT SHRPT WIN SVR BDL VU LIC D BAS;;;;79;;
1;3;2094;1;611,5929;497,23;REW BE2010 AGT MSFT SHRPT WIN SVR BDL VU LIC B ESS;20091485;;REW BE2010 AGT MSFT SHRPT WIN SVR BDL VU LIC B ESS;REW BE2010 AGT MSFT SHRPT WIN SVR BDL VU LIC B ESS;REW BE2010 AGT MSFT SHRPT WIN SVR BDL VU LIC B ESS;REW BE2010 AGT MSFT SHRPT WIN SVR BDL VU LIC B ESS;;;;79;;
1;3;2094;1;551,2737;448,19;REW BE2010 AGT MSFT SHRPT WIN SVR BDL VU LIC D ESS;20091486;;REW BE2010 AGT MSFT SHRPT WIN SVR BDL VU LIC D ESS;REW BE2010 AGT MSFT SHRPT WIN SVR BDL VU LIC D ESS;REW BE2010 AGT MSFT SHRPT WIN SVR BDL VU LIC D ESS;REW BE2010 AGT MSFT SHRPT WIN SVR BDL VU LIC D ESS;;;;79;;
1;3;2094;1;611,5929;497,23;REW BE 2010 AGT MSFT SQL WIN SVR BDL CU LIC B ESS;20091674;;REW BE 2010 AGT MSFT SQL WIN SVR BDL CU LIC B ESS;REW BE 2010 AGT MSFT SQL WIN SVR BDL CU LIC B ESS;REW BE 2010 AGT MSFT SQL WIN SVR BDL CU LIC B ESS;REW BE 2010 AGT MSFT SQL WIN SVR BDL CU LIC B ESS;;;;79;;
1;3;2094;1;601,1994;488,78;REW BE 2010 AGT MSFT SQL WIN SVR BDL CU LIC A BAS;20091675;;REW BE 2010 AGT MSFT SQL WIN SVR BDL CU LIC A BAS;REW BE 2010 AGT MSFT SQL WIN SVR BDL CU LIC A BAS;REW BE 2010 AGT MSFT SQL WIN SVR BDL CU LIC A BAS;REW BE 2010 AGT MSFT SQL WIN SVR BDL CU LIC A BAS;;;;79;;
1;3;2094;1;551,2737;448,19;REW BE 2010 AGT MSFT SQL WIN SVR BDL CU LIC D ESS;20091677;;REW BE 2010 AGT MSFT SQL WIN SVR BDL CU LIC D ESS;REW BE 2010 AGT MSFT SQL WIN SVR BDL CU LIC D ESS;REW BE 2010 AGT MSFT SQL WIN SVR BDL CU LIC D ESS;REW BE 2010 AGT MSFT SQL WIN SVR BDL CU LIC D ESS;;;;79;;
1;3;2094;1;654,6429;532,23;EXP BE 2010 AGT MSFT SQL WIN SVR BDL CU LIC S ESS;20091678;;EXP BE 2010 AGT MSFT SQL WIN SVR BDL CU LIC S ESS;EXP BE 2010 AGT MSFT SQL WIN SVR BDL CU LIC S ESS;EXP BE 2010 AGT MSFT SQL WIN SVR BDL CU LIC S ESS;EXP BE 2010 AGT MSFT SQL WIN SVR BDL CU LIC S ESS;;;;79;;
1;3;2094;1;551,2737;448,19;AE BE 2010 AGT MSFT SQL WIN SVR BDL CU LIC S ESS;20091679;;AE BE 2010 AGT MSFT SQL WIN SVR BDL CU LIC S ESS;AE BE 2010 AGT MSFT SQL WIN SVR BDL CU LIC S ESS;AE BE 2010 AGT MSFT SQL WIN SVR BDL CU LIC S ESS;AE BE 2010 AGT MSFT SQL WIN SVR BDL CU LIC S ESS;;;;79;;
1;3;2094;1;601,1994;488,78;REW BE 2010 AGT MSFT SQL WIN SVR BDL VU LIC A BAS;20091680;;REW BE 2010 AGT MSFT SQL WIN SVR BDL VU LIC A BAS;REW BE 2010 AGT MSFT SQL WIN SVR BDL VU LIC A BAS;REW BE 2010 AGT MSFT SQL WIN SVR BDL VU LIC A BAS;REW BE 2010 AGT MSFT SQL WIN SVR BDL VU LIC A BAS;;;;79;;
1;3;2094;1;551,2737;448,19;GOV BE 2010 AGT MSFT SQL WIN SVR BDL CU LIC S ESS;20091681;;GOV BE 2010 AGT MSFT SQL WIN SVR BDL CU LIC S ESS;GOV BE 2010 AGT MSFT SQL WIN SVR BDL CU LIC S ESS;GOV BE 2010 AGT MSFT SQL WIN SVR BDL CU LIC S ESS;GOV BE 2010 AGT MSFT SQL WIN SVR BDL CU LIC S ESS;;;;79;;
1;3;2094;1;519,9456;422,72;REW BE 2010 AGT MSFT SQL WIN SVR BDL CU LIC E BAS;20091682;;REW BE 2010 AGT MSFT SQL WIN SVR BDL CU LIC E BAS;REW BE 2010 AGT MSFT SQL WIN SVR BDL CU LIC E BAS;REW BE 2010 AGT MSFT SQL WIN SVR BDL CU LIC E BAS;REW BE 2010 AGT MSFT SQL WIN SVR BDL CU LIC E BAS;;;;79;;
1;3;2094;1;576,8208;468,96;REW BE 2010 AGT MSFT SQL WIN SVR BDL VU LIC B BAS;20091684;;REW BE 2010 AGT MSFT SQL WIN SVR BDL VU LIC B BAS;REW BE 2010 AGT MSFT SQL WIN SVR BDL VU LIC B BAS;REW BE 2010 AGT MSFT SQL WIN SVR BDL VU LIC B BAS;REW BE 2010 AGT MSFT SQL WIN SVR BDL VU LIC B BAS;;;;79;;
1;3;2094;1;552,4422;449,14;REW BE 2010 AGT MSFT SQL WIN SVR BDL VU LIC C BAS;20091685;;REW BE 2010 AGT MSFT SQL WIN SVR BDL VU LIC C BAS;REW BE 2010 AGT MSFT SQL WIN SVR BDL VU LIC C BAS;REW BE 2010 AGT MSFT SQL WIN SVR BDL VU LIC C BAS;REW BE 2010 AGT MSFT SQL WIN SVR BDL VU LIC C BAS;;;;79;;
1;3;2094;1;519,9456;422,72;REW BE 2010 AGT MSFT SQL WIN SVR BDL VU LIC E BAS;20091686;;REW BE 2010 AGT MSFT SQL WIN SVR BDL VU LIC E BAS;REW BE 2010 AGT MSFT SQL WIN SVR BDL VU LIC E BAS;REW BE 2010 AGT MSFT SQL WIN SVR BDL VU LIC E BAS;REW BE 2010 AGT MSFT SQL WIN SVR BDL VU LIC E BAS;;;;79;;
1;3;2094;1;617,4477;501,99;EXP BE 2010 AGT MSFT SQL WIN SVR BDL VU LIC S BAS;20091687;;EXP BE 2010 AGT MSFT SQL WIN SVR BDL VU LIC S BAS;EXP BE 2010 AGT MSFT SQL WIN SVR BDL VU LIC S BAS;EXP BE 2010 AGT MSFT SQL WIN SVR BDL VU LIC S BAS;EXP BE 2010 AGT MSFT SQL WIN SVR BDL VU LIC S BAS;;;;79;;
1;3;2094;1;519,9456;422,72;AE BE 2010 AGT MSFT SQL WIN SVR BDL VU LIC S BAS;20091688;;AE BE 2010 AGT MSFT SQL WIN SVR BDL VU LIC S BAS;AE BE 2010 AGT MSFT SQL WIN SVR BDL VU LIC S BAS;AE BE 2010 AGT MSFT SQL WIN SVR BDL VU LIC S BAS;AE BE 2010 AGT MSFT SQL WIN SVR BDL VU LIC S BAS;;;;79;;
1;3;2094;1;611,5929;497,23;REW BE 2010 AGT MSFT SQL WIN SVR BDL VU LIC B ESS;20091689;;REW BE 2010 AGT MSFT SQL WIN SVR BDL VU LIC B ESS;REW BE 2010 AGT MSFT SQL WIN SVR BDL VU LIC B ESS;REW BE 2010 AGT MSFT SQL WIN SVR BDL VU LIC B ESS;REW BE 2010 AGT MSFT SQL WIN SVR BDL VU LIC B ESS;;;;79;;
1;3;2094;1;551,2737;448,19;REW BE 2010 AGT MSFT SQL WIN SVR BDL VU LIC D ESS;20091690;;REW BE 2010 AGT MSFT SQL WIN SVR BDL VU LIC D ESS;REW BE 2010 AGT MSFT SQL WIN SVR BDL VU LIC D ESS;REW BE 2010 AGT MSFT SQL WIN SVR BDL VU LIC D ESS;REW BE 2010 AGT MSFT SQL WIN SVR BDL VU LIC D ESS;;;;79;;
1;3;2094;1;637,4106;518,22;REW BE 2010 AGT MSFT SQL WIN SVR BDL CU LIC A ESS;20091691;;REW BE 2010 AGT MSFT SQL WIN SVR BDL CU LIC A ESS;REW BE 2010 AGT MSFT SQL WIN SVR BDL CU LIC A ESS;REW BE 2010 AGT MSFT SQL WIN SVR BDL CU LIC A ESS;REW BE 2010 AGT MSFT SQL WIN SVR BDL CU LIC A ESS;;;;79;;
1;3;2094;1;585,726;476,2;REW BE 2010 AGT MSFT SQL WIN SVR BDL CU LIC C ESS;20091692;;REW BE 2010 AGT MSFT SQL WIN SVR BDL CU LIC C ESS;REW BE 2010 AGT MSFT SQL WIN SVR BDL CU LIC C ESS;REW BE 2010 AGT MSFT SQL WIN SVR BDL CU LIC C ESS;REW BE 2010 AGT MSFT SQL WIN SVR BDL CU LIC C ESS;;;;79;;
1;3;2094;1;519,9456;422,72;GOV BE 2010 AGT MSFT SQL WIN SVR BDL VU LIC S BAS;20091694;;GOV BE 2010 AGT MSFT SQL WIN SVR BDL VU LIC S BAS;GOV BE 2010 AGT MSFT SQL WIN SVR BDL VU LIC S BAS;GOV BE 2010 AGT MSFT SQL WIN SVR BDL VU LIC S BAS;GOV BE 2010 AGT MSFT SQL WIN SVR BDL VU LIC S BAS;;;;79;;
1;3;2094;1;551,2737;448,19;REW BE 2010 AGT MSFT SQL WIN SVR BDL VU LIC E ESS;20091695;;REW BE 2010 AGT MSFT SQL WIN SVR BDL VU LIC E ESS;REW BE 2010 AGT MSFT SQL WIN SVR BDL VU LIC E ESS;REW BE 2010 AGT MSFT SQL WIN SVR BDL VU LIC E ESS;REW BE 2010 AGT MSFT SQL WIN SVR BDL VU LIC E ESS;;;;79;;
1;3;2094;1;551,2737;448,19;GOV BE 2010 AGT MSFT SQL WIN SVR BDL VU LIC S ESS;20091697;;GOV BE 2010 AGT MSFT SQL WIN SVR BDL VU LIC S ESS;GOV BE 2010 AGT MSFT SQL WIN SVR BDL VU LIC S ESS;GOV BE 2010 AGT MSFT SQL WIN SVR BDL VU LIC S ESS;GOV BE 2010 AGT MSFT SQL WIN SVR BDL VU LIC S ESS;;;;79;;
1;3;2094;1;552,4422;449,14;REW BE 2010 AGT MSFT SQL WIN SVR BDL CU LIC C BAS;20091698;;REW BE 2010 AGT MSFT SQL WIN SVR BDL CU LIC C BAS;REW BE 2010 AGT MSFT SQL WIN SVR BDL CU LIC C BAS;REW BE 2010 AGT MSFT SQL WIN SVR BDL CU LIC C BAS;REW BE 2010 AGT MSFT SQL WIN SVR BDL CU LIC C BAS;;;;79;;
1;3;2094;1;519,9456;422,72;REW BE 2010 AGT MSFT SQL WIN SVR BDL CU LIC D BAS;20091699;;REW BE 2010 AGT MSFT SQL WIN SVR BDL CU LIC D BAS;REW BE 2010 AGT MSFT SQL WIN SVR BDL CU LIC D BAS;REW BE 2010 AGT MSFT SQL WIN SVR BDL CU LIC D BAS;REW BE 2010 AGT MSFT SQL WIN SVR BDL CU LIC D BAS;;;;79;;
1;3;2094;1;519,9456;422,72;REW BE 2010 AGT MSFT SQL WIN SVR BDL VU LIC D BAS;20091700;;REW BE 2010 AGT MSFT SQL WIN SVR BDL VU LIC D BAS;REW BE 2010 AGT MSFT SQL WIN SVR BDL VU LIC D BAS;REW BE 2010 AGT MSFT SQL WIN SVR BDL VU LIC D BAS;REW BE 2010 AGT MSFT SQL WIN SVR BDL VU LIC D BAS;;;;79;;
1;3;2094;1;585,726;476,2;REW BE 2010 AGT MSFT SQL WIN SVR BDL VU LIC C ESS;20091701;;REW BE 2010 AGT MSFT SQL WIN SVR BDL VU LIC C ESS;REW BE 2010 AGT MSFT SQL WIN SVR BDL VU LIC C ESS;REW BE 2010 AGT MSFT SQL WIN SVR BDL VU LIC C ESS;REW BE 2010 AGT MSFT SQL WIN SVR BDL VU LIC C ESS;;;;79;;
1;3;2094;1;551,2737;448,19;AE BE 2010 AGT MSFT SQL WIN SVR BDL VU LIC S ESS;20091702;;AE BE 2010 AGT MSFT SQL WIN SVR BDL VU LIC S ESS;AE BE 2010 AGT MSFT SQL WIN SVR BDL VU LIC S ESS;AE BE 2010 AGT MSFT SQL WIN SVR BDL VU LIC S ESS;AE BE 2010 AGT MSFT SQL WIN SVR BDL VU LIC S ESS;;;;79;;
1;3;2094;1;551,2737;448,19;REW BE 2010 AGT MSFT SQL WIN SVR BDL CU LIC E ESS;20091703;;REW BE 2010 AGT MSFT SQL WIN SVR BDL CU LIC E ESS;REW BE 2010 AGT MSFT SQL WIN SVR BDL CU LIC E ESS;REW BE 2010 AGT MSFT SQL WIN SVR BDL CU LIC E ESS;REW BE 2010 AGT MSFT SQL WIN SVR BDL CU LIC E ESS;;;;79;;
1;3;2094;1;519,9456;422,72;GOV BE 2010 AGT MSFT SQL WIN SVR BDL CU LIC S BAS;20091704;;GOV BE 2010 AGT MSFT SQL WIN SVR BDL CU LIC S BAS;GOV BE 2010 AGT MSFT SQL WIN SVR BDL CU LIC S BAS;GOV BE 2010 AGT MSFT SQL WIN SVR BDL CU LIC S BAS;GOV BE 2010 AGT MSFT SQL WIN SVR BDL CU LIC S BAS;;;;79;;
1;3;2094;1;617,4477;501,99;EXP BE 2010 AGT MSFT SQL WIN SVR BDL CU LIC S BAS;20091705;;EXP BE 2010 AGT MSFT SQL WIN SVR BDL CU LIC S BAS;EXP BE 2010 AGT MSFT SQL WIN SVR BDL CU LIC S BAS;EXP BE 2010 AGT MSFT SQL WIN SVR BDL CU LIC S BAS;EXP BE 2010 AGT MSFT SQL WIN SVR BDL CU LIC S BAS;;;;79;;
1;3;2094;1;637,4106;518,22;REW BE 2010 AGT MSFT SQL WIN SVR BDL VU LIC A ESS;20091706;;REW BE 2010 AGT MSFT SQL WIN SVR BDL VU LIC A ESS;REW BE 2010 AGT MSFT SQL WIN SVR BDL VU LIC A ESS;REW BE 2010 AGT MSFT SQL WIN SVR BDL VU LIC A ESS;REW BE 2010 AGT MSFT SQL WIN SVR BDL VU LIC A ESS;;;;79;;
1;3;2094;1;576,8208;468,96;REW BE 2010 AGT MSFT SQL WIN SVR BDL CU LIC B BAS;20091707;;REW BE 2010 AGT MSFT SQL WIN SVR BDL CU LIC B BAS;REW BE 2010 AGT MSFT SQL WIN SVR BDL CU LIC B BAS;REW BE 2010 AGT MSFT SQL WIN SVR BDL CU LIC B BAS;REW BE 2010 AGT MSFT SQL WIN SVR BDL CU LIC B BAS;;;;79;;
1;3;2094;1;519,9456;422,72;AE BE 2010 AGT MSFT SQL WIN SVR BDL CU LIC S BAS;20091708;;AE BE 2010 AGT MSFT SQL WIN SVR BDL CU LIC S BAS;AE BE 2010 AGT MSFT SQL WIN SVR BDL CU LIC S BAS;AE BE 2010 AGT MSFT SQL WIN SVR BDL CU LIC S BAS;AE BE 2010 AGT MSFT SQL WIN SVR BDL CU LIC S BAS;;;;79;;
1;3;2094;1;654,6429;532,23;EXP BE 2010 AGT MSFT SQL WIN SVR BDL VU LIC S ESS;20091709;;EXP BE 2010 AGT MSFT SQL WIN SVR BDL VU LIC S ESS;EXP BE 2010 AGT MSFT SQL WIN SVR BDL VU LIC S ESS;EXP BE 2010 AGT MSFT SQL WIN SVR BDL VU LIC S ESS;EXP BE 2010 AGT MSFT SQL WIN SVR BDL VU LIC S ESS;;;;79;;
1;3;2094;1;253,0479;205,73;REW BE2010 AGT REM LNX OR UNX SVR BDL CU LIC A ESS;20091789;;REW BE2010 AGT REM LNX OR UNX SVR BDL CU LIC A ESS;REW BE2010 AGT REM LNX OR UNX SVR BDL CU LIC A ESS;REW BE2010 AGT REM LNX OR UNX SVR BDL CU LIC A ESS;REW BE2010 AGT REM LNX OR UNX SVR BDL CU LIC A ESS;;;;79;;
1;3;2094;1;238,6569;194,03;REW BE2010 AGT REM LNX OR UNX SVR BDL VU LIC A BAS;20091790;;REW BE2010 AGT REM LNX OR UNX SVR BDL VU LIC A BAS;REW BE2010 AGT REM LNX OR UNX SVR BDL VU LIC A BAS;REW BE2010 AGT REM LNX OR UNX SVR BDL VU LIC A BAS;REW BE2010 AGT REM LNX OR UNX SVR BDL VU LIC A BAS;;;;79;;
1;3;2094;1;228,9891;186,17;REW BE2010 AGT REM LNX OR UNX SVR BDL VU LIC B BAS;20091791;;REW BE2010 AGT REM LNX OR UNX SVR BDL VU LIC B BAS;REW BE2010 AGT REM LNX OR UNX SVR BDL VU LIC B BAS;REW BE2010 AGT REM LNX OR UNX SVR BDL VU LIC B BAS;REW BE2010 AGT REM LNX OR UNX SVR BDL VU LIC B BAS;;;;79;;
1;3;2094;1;242,7897;197,39;REW BE2010 AGT REM LNX OR UNX SVR BDL VU LIC B ESS;20091792;;REW BE2010 AGT REM LNX OR UNX SVR BDL VU LIC B ESS;REW BE2010 AGT REM LNX OR UNX SVR BDL VU LIC B ESS;REW BE2010 AGT REM LNX OR UNX SVR BDL VU LIC B ESS;REW BE2010 AGT REM LNX OR UNX SVR BDL VU LIC B ESS;;;;79;;
1;3;2094;1;218,8416;177,92;REW BE2010 AGT REM LNX OR UNX SVR BDL VU LIC E ESS;20091793;;REW BE2010 AGT REM LNX OR UNX SVR BDL VU LIC E ESS;REW BE2010 AGT REM LNX OR UNX SVR BDL VU LIC E ESS;REW BE2010 AGT REM LNX OR UNX SVR BDL VU LIC E ESS;REW BE2010 AGT REM LNX OR UNX SVR BDL VU LIC E ESS;;;;79;;
1;3;2094;1;219,3213;178,31;REW BE2010 AGT REM LNX OR UNX SVR BDL CU LIC C BAS;20091795;;REW BE2010 AGT REM LNX OR UNX SVR BDL CU LIC C BAS;REW BE2010 AGT REM LNX OR UNX SVR BDL CU LIC C BAS;REW BE2010 AGT REM LNX OR UNX SVR BDL CU LIC C BAS;REW BE2010 AGT REM LNX OR UNX SVR BDL CU LIC C BAS;;;;79;;
1;3;2094;1;206,4063;167,81;REW BE2010 AGT REM LNX OR UNX SVR BDL CU LIC D BAS;20091796;;REW BE2010 AGT REM LNX OR UNX SVR BDL CU LIC D BAS;REW BE2010 AGT REM LNX OR UNX SVR BDL CU LIC D BAS;REW BE2010 AGT REM LNX OR UNX SVR BDL CU LIC D BAS;REW BE2010 AGT REM LNX OR UNX SVR BDL CU LIC D BAS;;;;79;;
1;3;2094;1;259,8744;211,28;EXP BE 2010 AGT REM LNX/ UNX SVR BDL VU LIC S ESS;20091798;;EXP BE 2010 AGT REM LNX/ UNX SVR BDL VU LIC S ESS;EXP BE 2010 AGT REM LNX/ UNX SVR BDL VU LIC S ESS;EXP BE 2010 AGT REM LNX/ UNX SVR BDL VU LIC S ESS;EXP BE 2010 AGT REM LNX/ UNX SVR BDL VU LIC S ESS;;;;79;;
1;3;2094;1;218,8416;177,92;GOV BE 2010 AGT REM LNX/ UNX SVR BDL CU LIC S ESS;20091799;;GOV BE 2010 AGT REM LNX/ UNX SVR BDL CU LIC S ESS;GOV BE 2010 AGT REM LNX/ UNX SVR BDL CU LIC S ESS;GOV BE 2010 AGT REM LNX/ UNX SVR BDL CU LIC S ESS;GOV BE 2010 AGT REM LNX/ UNX SVR BDL CU LIC S ESS;;;;79;;
1;3;2094;1;206,4063;167,81;GOV BE 2010 AGT REM LNX/ UNX SVR BDL CU LIC S BAS;20091800;;GOV BE 2010 AGT REM LNX/ UNX SVR BDL CU LIC S BAS;GOV BE 2010 AGT REM LNX/ UNX SVR BDL CU LIC S BAS;GOV BE 2010 AGT REM LNX/ UNX SVR BDL CU LIC S BAS;GOV BE 2010 AGT REM LNX/ UNX SVR BDL CU LIC S BAS;;;;79;;
1;3;2094;1;232,5192;189,04;REW BE2010 AGT REM LNX OR UNX SVR BDL VU LIC C ESS;20091801;;REW BE2010 AGT REM LNX OR UNX SVR BDL VU LIC C ESS;REW BE2010 AGT REM LNX OR UNX SVR BDL VU LIC C ESS;REW BE2010 AGT REM LNX OR UNX SVR BDL VU LIC C ESS;REW BE2010 AGT REM LNX OR UNX SVR BDL VU LIC C ESS;;;;79;;
1;3;2094;1;218,8416;177,92;REW BE2010 AGT REM LNX OR UNX SVR BDL CU LIC D ESS;20091802;;REW BE2010 AGT REM LNX OR UNX SVR BDL CU LIC D ESS;REW BE2010 AGT REM LNX OR UNX SVR BDL CU LIC D ESS;REW BE2010 AGT REM LNX OR UNX SVR BDL CU LIC D ESS;REW BE2010 AGT REM LNX OR UNX SVR BDL CU LIC D ESS;;;;79;;
1;3;2094;1;228,9891;186,17;REW BE2010 AGT REM LNX OR UNX SVR BDL CU LIC B BAS;20091803;;REW BE2010 AGT REM LNX OR UNX SVR BDL CU LIC B BAS;REW BE2010 AGT REM LNX OR UNX SVR BDL CU LIC B BAS;REW BE2010 AGT REM LNX OR UNX SVR BDL CU LIC B BAS;REW BE2010 AGT REM LNX OR UNX SVR BDL CU LIC B BAS;;;;79;;
1;3;2094;1;245,1144;199,28;EXP BE 2010 AGT REM LNX/ UNX SVR BDL CU LIC S BAS;20091804;;EXP BE 2010 AGT REM LNX/ UNX SVR BDL CU LIC S BAS;EXP BE 2010 AGT REM LNX/ UNX SVR BDL CU LIC S BAS;EXP BE 2010 AGT REM LNX/ UNX SVR BDL CU LIC S BAS;EXP BE 2010 AGT REM LNX/ UNX SVR BDL CU LIC S BAS;;;;79;;
1;3;2094;1;206,4063;167,81;AE BE2010 AGT REM LNX/UNX SVR BDL CU LIC S BAS;20091805;;AE BE2010 AGT REM LNX/UNX SVR BDL CU LIC S BAS;AE BE2010 AGT REM LNX/UNX SVR BDL CU LIC S BAS;AE BE2010 AGT REM LNX/UNX SVR BDL CU LIC S BAS;AE BE2010 AGT REM LNX/UNX SVR BDL CU LIC S BAS;;;;79;;
1;3;2094;1;206,4063;167,81;REW BE2010 AGT REM LNX OR UNX SVR BDL VU LIC D BAS;20091806;;REW BE2010 AGT REM LNX OR UNX SVR BDL VU LIC D BAS;REW BE2010 AGT REM LNX OR UNX SVR BDL VU LIC D BAS;REW BE2010 AGT REM LNX OR UNX SVR BDL VU LIC D BAS;REW BE2010 AGT REM LNX OR UNX SVR BDL VU LIC D BAS;;;;79;;
1;3;2094;1;206,4063;167,81;REW BE2010 AGT REM LNX OR UNX SVR BDL VU LIC E BAS;20091807;;REW BE2010 AGT REM LNX OR UNX SVR BDL VU LIC E BAS;REW BE2010 AGT REM LNX OR UNX SVR BDL VU LIC E BAS;REW BE2010 AGT REM LNX OR UNX SVR BDL VU LIC E BAS;REW BE2010 AGT REM LNX OR UNX SVR BDL VU LIC E BAS;;;;79;;
1;3;2094;1;253,0479;205,73;REW BE2010 AGT REM LNX OR UNX SVR BDL VU LIC A ESS;20091808;;REW BE2010 AGT REM LNX OR UNX SVR BDL VU LIC A ESS;REW BE2010 AGT REM LNX OR UNX SVR BDL VU LIC A ESS;REW BE2010 AGT REM LNX OR UNX SVR BDL VU LIC A ESS;REW BE2010 AGT REM LNX OR UNX SVR BDL VU LIC A ESS;;;;79;;
1;3;2094;1;232,5192;189,04;REW BE2010 AGT REM LNX OR UNX SVR BDL CU LIC C ESS;20091809;;REW BE2010 AGT REM LNX OR UNX SVR BDL CU LIC C ESS;REW BE2010 AGT REM LNX OR UNX SVR BDL CU LIC C ESS;REW BE2010 AGT REM LNX OR UNX SVR BDL CU LIC C ESS;REW BE2010 AGT REM LNX OR UNX SVR BDL CU LIC C ESS;;;;79;;
1;3;2094;1;218,8416;177,92;AE BE2010 AGT REM LNX/UNX SVR BDL CU LIC S ESS;20091810;;AE BE2010 AGT REM LNX/UNX SVR BDL CU LIC S ESS;AE BE2010 AGT REM LNX/UNX SVR BDL CU LIC S ESS;AE BE2010 AGT REM LNX/UNX SVR BDL CU LIC S ESS;AE BE2010 AGT REM LNX/UNX SVR BDL CU LIC S ESS;;;;79;;
1;3;2094;1;218,8416;177,92;GOV BE 2010 AGT REM LNX/ UNX SVR BDL VU LIC S ESS;20091813;;GOV BE 2010 AGT REM LNX/ UNX SVR BDL VU LIC S ESS;GOV BE 2010 AGT REM LNX/ UNX SVR BDL VU LIC S ESS;GOV BE 2010 AGT REM LNX/ UNX SVR BDL VU LIC S ESS;GOV BE 2010 AGT REM LNX/ UNX SVR BDL VU LIC S ESS;;;;79;;
1;3;2094;1;218,8416;177,92;AE BE2010 AGT REM LNX/UNX SVR BDL VU LIC S ESS;20091814;;AE BE2010 AGT REM LNX/UNX SVR BDL VU LIC S ESS;AE BE2010 AGT REM LNX/UNX SVR BDL VU LIC S ESS;AE BE2010 AGT REM LNX/UNX SVR BDL VU LIC S ESS;AE BE2010 AGT REM LNX/UNX SVR BDL VU LIC S ESS;;;;79;;
1;3;2094;1;218,8416;177,92;REW BE2010 AGT REM LNX OR UNX SVR BDL CU LIC E ESS;20091815;;REW BE2010 AGT REM LNX OR UNX SVR BDL CU LIC E ESS;REW BE2010 AGT REM LNX OR UNX SVR BDL CU LIC E ESS;REW BE2010 AGT REM LNX OR UNX SVR BDL CU LIC E ESS;REW BE2010 AGT REM LNX OR UNX SVR BDL CU LIC E ESS;;;;79;;
1;3;2094;1;259,8744;211,28;EXP BE 2010 AGT REM LNX/ UNX SVR BDL CU LIC S ESS;20091816;;EXP BE 2010 AGT REM LNX/ UNX SVR BDL CU LIC S ESS;EXP BE 2010 AGT REM LNX/ UNX SVR BDL CU LIC S ESS;EXP BE 2010 AGT REM LNX/ UNX SVR BDL CU LIC S ESS;EXP BE 2010 AGT REM LNX/ UNX SVR BDL CU LIC S ESS;;;;79;;
1;3;2094;1;218,8416;177,92;REW BE2010 AGT REM LNX OR UNX SVR BDL VU LIC D ESS;20091817;;REW BE2010 AGT REM LNX OR UNX SVR BDL VU LIC D ESS;REW BE2010 AGT REM LNX OR UNX SVR BDL VU LIC D ESS;REW BE2010 AGT REM LNX OR UNX SVR BDL VU LIC D ESS;REW BE2010 AGT REM LNX OR UNX SVR BDL VU LIC D ESS;;;;79;;
1;3;2094;1;242,7897;197,39;REW BE2010 AGT REM LNX OR UNX SVR BDL CU LIC B ESS;20091818;;REW BE2010 AGT REM LNX OR UNX SVR BDL CU LIC B ESS;REW BE2010 AGT REM LNX OR UNX SVR BDL CU LIC B ESS;REW BE2010 AGT REM LNX OR UNX SVR BDL CU LIC B ESS;REW BE2010 AGT REM LNX OR UNX SVR BDL CU LIC B ESS;;;;79;;
1;3;2094;1;206,4063;167,81;REW BE2010 AGT REM LNX OR UNX SVR BDL CU LIC E BAS;20091819;;REW BE2010 AGT REM LNX OR UNX SVR BDL CU LIC E BAS;REW BE2010 AGT REM LNX OR UNX SVR BDL CU LIC E BAS;REW BE2010 AGT REM LNX OR UNX SVR BDL CU LIC E BAS;REW BE2010 AGT REM LNX OR UNX SVR BDL CU LIC E BAS;;;;79;;
1;3;2094;1;219,3213;178,31;REW BE2010 AGT REM LNX OR UNX SVR BDL VU LIC C BAS;20091820;;REW BE2010 AGT REM LNX OR UNX SVR BDL VU LIC C BAS;REW BE2010 AGT REM LNX OR UNX SVR BDL VU LIC C BAS;REW BE2010 AGT REM LNX OR UNX SVR BDL VU LIC C BAS;REW BE2010 AGT REM LNX OR UNX SVR BDL VU LIC C BAS;;;;79;;
1;3;2094;1;206,4063;167,81;GOV BE 2010 AGT REM LNX/ UNX SVR BDL VU LIC S BAS;20091821;;GOV BE 2010 AGT REM LNX/ UNX SVR BDL VU LIC S BAS;GOV BE 2010 AGT REM LNX/ UNX SVR BDL VU LIC S BAS;GOV BE 2010 AGT REM LNX/ UNX SVR BDL VU LIC S BAS;GOV BE 2010 AGT REM LNX/ UNX SVR BDL VU LIC S BAS;;;;79;;
1;3;2094;1;238,6569;194,03;REW BE2010 AGT REM LNX OR UNX SVR BDL CU LIC A BAS;20091822;;REW BE2010 AGT REM LNX OR UNX SVR BDL CU LIC A BAS;REW BE2010 AGT REM LNX OR UNX SVR BDL CU LIC A BAS;REW BE2010 AGT REM LNX OR UNX SVR BDL CU LIC A BAS;REW BE2010 AGT REM LNX OR UNX SVR BDL CU LIC A BAS;;;;79;;
1;3;2094;1;245,1144;199,28;EXP BE 2010 AGT REM LNX/ UNX SVR BDL VU LIC S BAS;20091823;;EXP BE 2010 AGT REM LNX/ UNX SVR BDL VU LIC S BAS;EXP BE 2010 AGT REM LNX/ UNX SVR BDL VU LIC S BAS;EXP BE 2010 AGT REM LNX/ UNX SVR BDL VU LIC S BAS;EXP BE 2010 AGT REM LNX/ UNX SVR BDL VU LIC S BAS;;;;79;;
1;3;2094;1;206,4063;167,81;AE BE2010 AGT REM LNX/UNX SVR BDL VU LIC S BAS;20091824;;AE BE2010 AGT REM LNX/UNX SVR BDL VU LIC S BAS;AE BE2010 AGT REM LNX/UNX SVR BDL VU LIC S BAS;AE BE2010 AGT REM LNX/UNX SVR BDL VU LIC S BAS;AE BE2010 AGT REM LNX/UNX SVR BDL VU LIC S BAS;;;;79;;
1;3;2094;1;218,8416;177,92;REW BE2010AGT REM MAC SYS MAC SVR BDL VU LIC E ESS;20092318;;REW BE2010AGT REM MAC SYS MAC SVR BDL VU LIC E ESS;REW BE2010AGT REM MAC SYS MAC SVR BDL VU LIC E ESS;REW BE2010AGT REM MAC SYS MAC SVR BDL VU LIC E ESS;REW BE2010AGT REM MAC SYS MAC SVR BDL VU LIC E ESS;;;;79;;
1;3;2094;1;253,0479;205,73;REW BE2010AGT REM MAC SYS MAC SVR BDL CU LIC A ESS;20092319;;REW BE2010AGT REM MAC SYS MAC SVR BDL CU LIC A ESS;REW BE2010AGT REM MAC SYS MAC SVR BDL CU LIC A ESS;REW BE2010AGT REM MAC SYS MAC SVR BDL CU LIC A ESS;REW BE2010AGT REM MAC SYS MAC SVR BDL CU LIC A ESS;;;;79;;
1;3;2094;1;206,4063;167,81;AE BE2010 AGT REM MAC SYS MAC SVR BDL CU LIC S BAS;20092320;;AE BE2010 AGT REM MAC SYS MAC SVR BDL CU LIC S BAS;AE BE2010 AGT REM MAC SYS MAC SVR BDL CU LIC S BAS;AE BE2010 AGT REM MAC SYS MAC SVR BDL CU LIC S BAS;AE BE2010 AGT REM MAC SYS MAC SVR BDL CU LIC S BAS;;;;79;;
1;3;2094;1;218,8416;177,92;GOV BE2010AGT REM MAC SYS MAC SVR BDL VU LIC S ESS;20092322;;GOV BE2010AGT REM MAC SYS MAC SVR BDL VU LIC S ESS;GOV BE2010AGT REM MAC SYS MAC SVR BDL VU LIC S ESS;GOV BE2010AGT REM MAC SYS MAC SVR BDL VU LIC S ESS;GOV BE2010AGT REM MAC SYS MAC SVR BDL VU LIC S ESS;;;;79;;
1;3;2094;1;242,7897;197,39;REW BE2010AGT REM MAC SYS MAC SVR BDL CU LIC B ESS;20092323;;REW BE2010AGT REM MAC SYS MAC SVR BDL CU LIC B ESS;REW BE2010AGT REM MAC SYS MAC SVR BDL CU LIC B ESS;REW BE2010AGT REM MAC SYS MAC SVR BDL CU LIC B ESS;REW BE2010AGT REM MAC SYS MAC SVR BDL CU LIC B ESS;;;;79;;
1;3;2094;1;218,8416;177,92;REW BE2010AGT REM MAC SYS MAC SVR BDL CU LIC E ESS;20092324;;REW BE2010AGT REM MAC SYS MAC SVR BDL CU LIC E ESS;REW BE2010AGT REM MAC SYS MAC SVR BDL CU LIC E ESS;REW BE2010AGT REM MAC SYS MAC SVR BDL CU LIC E ESS;REW BE2010AGT REM MAC SYS MAC SVR BDL CU LIC E ESS;;;;79;;
1;3;2094;1;218,8416;177,92;GOV BE2010AGT REM MAC SYS MAC SVR BDL CU LIC S ESS;20092326;;GOV BE2010AGT REM MAC SYS MAC SVR BDL CU LIC S ESS;GOV BE2010AGT REM MAC SYS MAC SVR BDL CU LIC S ESS;GOV BE2010AGT REM MAC SYS MAC SVR BDL CU LIC S ESS;GOV BE2010AGT REM MAC SYS MAC SVR BDL CU LIC S ESS;;;;79;;
1;3;2094;1;238,6569;194,03;REW BE2010AGT REM MAC SYS MAC SVR BDL CU LIC A BAS;20092327;;REW BE2010AGT REM MAC SYS MAC SVR BDL CU LIC A BAS;REW BE2010AGT REM MAC SYS MAC SVR BDL CU LIC A BAS;REW BE2010AGT REM MAC SYS MAC SVR BDL CU LIC A BAS;REW BE2010AGT REM MAC SYS MAC SVR BDL CU LIC A BAS;;;;79;;
1;3;2094;1;206,4063;167,81;REW BE2010AGT REM MAC SYS MAC SVR BDL VU LIC D BAS;20092328;;REW BE2010AGT REM MAC SYS MAC SVR BDL VU LIC D BAS;REW BE2010AGT REM MAC SYS MAC SVR BDL VU LIC D BAS;REW BE2010AGT REM MAC SYS MAC SVR BDL VU LIC D BAS;REW BE2010AGT REM MAC SYS MAC SVR BDL VU LIC D BAS;;;;79;;
1;3;2094;1;245,1144;199,28;EXP BE 2010 AGT REM MAC SYS MAC SVR VU LIC S BAS;20092329;;EXP BE 2010 AGT REM MAC SYS MAC SVR VU LIC S BAS;EXP BE 2010 AGT REM MAC SYS MAC SVR VU LIC S BAS;EXP BE 2010 AGT REM MAC SYS MAC SVR VU LIC S BAS;EXP BE 2010 AGT REM MAC SYS MAC SVR VU LIC S BAS;;;;79;;
1;3;2094;1;242,7897;197,39;REW BE2010AGT REM MAC SYS MAC SVR BDL VU LIC B ESS;20092330;;REW BE2010AGT REM MAC SYS MAC SVR BDL VU LIC B ESS;REW BE2010AGT REM MAC SYS MAC SVR BDL VU LIC B ESS;REW BE2010AGT REM MAC SYS MAC SVR BDL VU LIC B ESS;REW BE2010AGT REM MAC SYS MAC SVR BDL VU LIC B ESS;;;;79;;
1;3;2094;1;259,8744;211,28;EXP BE 2010 AGT REM MAC SYS MAC SVR CU LIC S ESS;20092331;;EXP BE 2010 AGT REM MAC SYS MAC SVR CU LIC S ESS;EXP BE 2010 AGT REM MAC SYS MAC SVR CU LIC S ESS;EXP BE 2010 AGT REM MAC SYS MAC SVR CU LIC S ESS;EXP BE 2010 AGT REM MAC SYS MAC SVR CU LIC S ESS;;;;79;;
1;3;2094;1;206,4063;167,81;REW BE2010AGT REM MAC SYS MAC SVR BDL VU LIC E BAS;20092333;;REW BE2010AGT REM MAC SYS MAC SVR BDL VU LIC E BAS;REW BE2010AGT REM MAC SYS MAC SVR BDL VU LIC E BAS;REW BE2010AGT REM MAC SYS MAC SVR BDL VU LIC E BAS;REW BE2010AGT REM MAC SYS MAC SVR BDL VU LIC E BAS;;;;79;;
1;3;2094;1;206,4063;167,81;REW BE2010AGT REM MAC SYS MAC SVR BDL CU LIC D BAS;20092334;;REW BE2010AGT REM MAC SYS MAC SVR BDL CU LIC D BAS;REW BE2010AGT REM MAC SYS MAC SVR BDL CU LIC D BAS;REW BE2010AGT REM MAC SYS MAC SVR BDL CU LIC D BAS;REW BE2010AGT REM MAC SYS MAC SVR BDL CU LIC D BAS;;;;79;;
1;3;2094;1;232,5192;189,04;REW BE2010AGT REM MAC SYS MAC SVR BDL CU LIC C ESS;20092335;;REW BE2010AGT REM MAC SYS MAC SVR BDL CU LIC C ESS;REW BE2010AGT REM MAC SYS MAC SVR BDL CU LIC C ESS;REW BE2010AGT REM MAC SYS MAC SVR BDL CU LIC C ESS;REW BE2010AGT REM MAC SYS MAC SVR BDL CU LIC C ESS;;;;79;;
1;3;2094;1;218,8416;177,92;REW BE2010AGT REM MAC SYS MAC SVR BDL CU LIC D ESS;20092336;;REW BE2010AGT REM MAC SYS MAC SVR BDL CU LIC D ESS;REW BE2010AGT REM MAC SYS MAC SVR BDL CU LIC D ESS;REW BE2010AGT REM MAC SYS MAC SVR BDL CU LIC D ESS;REW BE2010AGT REM MAC SYS MAC SVR BDL CU LIC D ESS;;;;79;;
1;3;2094;1;245,1144;199,28;EXP BE 2010 AGT REM MAC SYS MAC SVR CU LIC S BAS;20092337;;EXP BE 2010 AGT REM MAC SYS MAC SVR CU LIC S BAS;EXP BE 2010 AGT REM MAC SYS MAC SVR CU LIC S BAS;EXP BE 2010 AGT REM MAC SYS MAC SVR CU LIC S BAS;EXP BE 2010 AGT REM MAC SYS MAC SVR CU LIC S BAS;;;;79;;
1;3;2094;1;238,6569;194,03;REW BE2010AGT REM MAC SYS MAC SVR BDL VU LIC A BAS;20092338;;REW BE2010AGT REM MAC SYS MAC SVR BDL VU LIC A BAS;REW BE2010AGT REM MAC SYS MAC SVR BDL VU LIC A BAS;REW BE2010AGT REM MAC SYS MAC SVR BDL VU LIC A BAS;REW BE2010AGT REM MAC SYS MAC SVR BDL VU LIC A BAS;;;;79;;
1;3;2094;1;218,8416;177,92;AE BE2010 AGT REM MAC SYS MAC SVR BDL VU LIC S ESS;20092339;;AE BE2010 AGT REM MAC SYS MAC SVR BDL VU LIC S ESS;AE BE2010 AGT REM MAC SYS MAC SVR BDL VU LIC S ESS;AE BE2010 AGT REM MAC SYS MAC SVR BDL VU LIC S ESS;AE BE2010 AGT REM MAC SYS MAC SVR BDL VU LIC S ESS;;;;79;;
1;3;2094;1;218,8416;177,92;AE BE2010 AGT REM MAC SYS MAC SVR BDL CU LIC S ESS;20092340;;AE BE2010 AGT REM MAC SYS MAC SVR BDL CU LIC S ESS;AE BE2010 AGT REM MAC SYS MAC SVR BDL CU LIC S ESS;AE BE2010 AGT REM MAC SYS MAC SVR BDL CU LIC S ESS;AE BE2010 AGT REM MAC SYS MAC SVR BDL CU LIC S ESS;;;;79;;
1;3;2094;1;219,3213;178,31;REW BE2010AGT REM MAC SYS MAC SVR BDL CU LIC C BAS;20092341;;REW BE2010AGT REM MAC SYS MAC SVR BDL CU LIC C BAS;REW BE2010AGT REM MAC SYS MAC SVR BDL CU LIC C BAS;REW BE2010AGT REM MAC SYS MAC SVR BDL CU LIC C BAS;REW BE2010AGT REM MAC SYS MAC SVR BDL CU LIC C BAS;;;;79;;
1;3;2094;1;206,4063;167,81;REW BE2010AGT REM MAC SYS MAC SVR BDL CU LIC E BAS;20092342;;REW BE2010AGT REM MAC SYS MAC SVR BDL CU LIC E BAS;REW BE2010AGT REM MAC SYS MAC SVR BDL CU LIC E BAS;REW BE2010AGT REM MAC SYS MAC SVR BDL CU LIC E BAS;REW BE2010AGT REM MAC SYS MAC SVR BDL CU LIC E BAS;;;;79;;
1;3;2094;1;206,4063;167,81;GOV BE2010AGT REM MAC SYS MAC SVR BDL VU LIC S BAS;20092343;;GOV BE2010AGT REM MAC SYS MAC SVR BDL VU LIC S BAS;GOV BE2010AGT REM MAC SYS MAC SVR BDL VU LIC S BAS;GOV BE2010AGT REM MAC SYS MAC SVR BDL VU LIC S BAS;GOV BE2010AGT REM MAC SYS MAC SVR BDL VU LIC S BAS;;;;79;;
1;3;2094;1;206,4063;167,81;GOV BE2010AGT REM MAC SYS MAC SVR BDL CU LIC S BAS;20092344;;GOV BE2010AGT REM MAC SYS MAC SVR BDL CU LIC S BAS;GOV BE2010AGT REM MAC SYS MAC SVR BDL CU LIC S BAS;GOV BE2010AGT REM MAC SYS MAC SVR BDL CU LIC S BAS;GOV BE2010AGT REM MAC SYS MAC SVR BDL CU LIC S BAS;;;;79;;
1;3;2094;1;219,3213;178,31;REW BE2010AGT REM MAC SYS MAC SVR BDL VU LIC C BAS;20092345;;REW BE2010AGT REM MAC SYS MAC SVR BDL VU LIC C BAS;REW BE2010AGT REM MAC SYS MAC SVR BDL VU LIC C BAS;REW BE2010AGT REM MAC SYS MAC SVR BDL VU LIC C BAS;REW BE2010AGT REM MAC SYS MAC SVR BDL VU LIC C BAS;;;;79;;
1;3;2094;1;228,9891;186,17;REW BE2010AGT REM MAC SYS MAC SVR BDL CU LIC B BAS;20092346;;REW BE2010AGT REM MAC SYS MAC SVR BDL CU LIC B BAS;REW BE2010AGT REM MAC SYS MAC SVR BDL CU LIC B BAS;REW BE2010AGT REM MAC SYS MAC SVR BDL CU LIC B BAS;REW BE2010AGT REM MAC SYS MAC SVR BDL CU LIC B BAS;;;;79;;
1;3;2094;1;253,0479;205,73;REW BE2010AGT REM MAC SYS MAC SVR BDL VU LIC A ESS;20092347;;REW BE2010AGT REM MAC SYS MAC SVR BDL VU LIC A ESS;REW BE2010AGT REM MAC SYS MAC SVR BDL VU LIC A ESS;REW BE2010AGT REM MAC SYS MAC SVR BDL VU LIC A ESS;REW BE2010AGT REM MAC SYS MAC SVR BDL VU LIC A ESS;;;;79;;
1;3;2094;1;218,8416;177,92;REW BE2010AGT REM MAC SYS MAC SVR BDL VU LIC D ESS;20092348;;REW BE2010AGT REM MAC SYS MAC SVR BDL VU LIC D ESS;REW BE2010AGT REM MAC SYS MAC SVR BDL VU LIC D ESS;REW BE2010AGT REM MAC SYS MAC SVR BDL VU LIC D ESS;REW BE2010AGT REM MAC SYS MAC SVR BDL VU LIC D ESS;;;;79;;
1;3;2094;1;259,8744;211,28;EXP BE 2010 AGT REM MAC SYS MAC SVR VU LIC S ESS;20092350;;EXP BE 2010 AGT REM MAC SYS MAC SVR VU LIC S ESS;EXP BE 2010 AGT REM MAC SYS MAC SVR VU LIC S ESS;EXP BE 2010 AGT REM MAC SYS MAC SVR VU LIC S ESS;EXP BE 2010 AGT REM MAC SYS MAC SVR VU LIC S ESS;;;;79;;
1;3;2094;1;228,9891;186,17;REW BE2010AGT REM MAC SYS MAC SVR BDL VU LIC B BAS;20092369;;REW BE2010AGT REM MAC SYS MAC SVR BDL VU LIC B BAS;REW BE2010AGT REM MAC SYS MAC SVR BDL VU LIC B BAS;REW BE2010AGT REM MAC SYS MAC SVR BDL VU LIC B BAS;REW BE2010AGT REM MAC SYS MAC SVR BDL VU LIC B BAS;;;;79;;
1;3;2094;1;206,4063;167,81;AE BE2010 AGT REM MAC SYS MAC SVR BDL VU LIC S BAS;20092370;;AE BE2010 AGT REM MAC SYS MAC SVR BDL VU LIC S BAS;AE BE2010 AGT REM MAC SYS MAC SVR BDL VU LIC S BAS;AE BE2010 AGT REM MAC SYS MAC SVR BDL VU LIC S BAS;AE BE2010 AGT REM MAC SYS MAC SVR BDL VU LIC S BAS;;;;79;;
1;3;2094;1;232,5192;189,04;REW BE2010AGT REM MAC SYS MAC SVR BDL VU LIC C ESS;20092371;;REW BE2010AGT REM MAC SYS MAC SVR BDL VU LIC C ESS;REW BE2010AGT REM MAC SYS MAC SVR BDL VU LIC C ESS;REW BE2010AGT REM MAC SYS MAC SVR BDL VU LIC C ESS;REW BE2010AGT REM MAC SYS MAC SVR BDL VU LIC C ESS;;;;79;;
1;3;2094;1;611,5929;497,23;REW BE2010 OPT SAN SHARED STOR WIN SVR CU LIC B ESS;20092378;;REW BE2010 OPT SAN SHARED STOR WIN SVR CU LIC B ESS;REW BE2010 OPT SAN SHARED STOR WIN SVR CU LIC B ESS;REW BE2010 OPT SAN SHARED STOR WIN SVR CU LIC B ESS;REW BE2010 OPT SAN SHARED STOR WIN SVR CU LIC B ESS;;;;79;;
1;3;2094;1;576,8208;468,96;REW BE2010 OPT SAN SHARED STOR WIN SVR CU LIC B BAS;20092379;;REW BE2010 OPT SAN SHARED STOR WIN SVR CU LIC B BAS;REW BE2010 OPT SAN SHARED STOR WIN SVR CU LIC B BAS;REW BE2010 OPT SAN SHARED STOR WIN SVR CU LIC B BAS;REW BE2010 OPT SAN SHARED STOR WIN SVR CU LIC B BAS;;;;79;;
1;3;2094;1;637,4106;518,22;REW BE2010 OPT SAN SHARED STOR WIN SVR VU LIC A ESS;20092380;;REW BE2010 OPT SAN SHARED STOR WIN SVR VU LIC A ESS;REW BE2010 OPT SAN SHARED STOR WIN SVR VU LIC A ESS;REW BE2010 OPT SAN SHARED STOR WIN SVR VU LIC A ESS;REW BE2010 OPT SAN SHARED STOR WIN SVR VU LIC A ESS;;;;79;;
1;3;2094;1;551,2737;448,19;REW BE2010 OPT SAN SHARED STOR WIN SVR VU LIC D ESS;20092381;;REW BE2010 OPT SAN SHARED STOR WIN SVR VU LIC D ESS;REW BE2010 OPT SAN SHARED STOR WIN SVR VU LIC D ESS;REW BE2010 OPT SAN SHARED STOR WIN SVR VU LIC D ESS;REW BE2010 OPT SAN SHARED STOR WIN SVR VU LIC D ESS;;;;79;;
1;3;2094;1;637,4106;518,22;REW BE2010 OPT SAN SHARED STOR WIN SVR CU LIC A ESS;20092382;;REW BE2010 OPT SAN SHARED STOR WIN SVR CU LIC A ESS;REW BE2010 OPT SAN SHARED STOR WIN SVR CU LIC A ESS;REW BE2010 OPT SAN SHARED STOR WIN SVR CU LIC A ESS;REW BE2010 OPT SAN SHARED STOR WIN SVR CU LIC A ESS;;;;79;;
1;3;2094;1;551,2737;448,19;REW BE2010 OPT SAN SHARED STOR WIN SVR CU LIC D ESS;20092383;;REW BE2010 OPT SAN SHARED STOR WIN SVR CU LIC D ESS;REW BE2010 OPT SAN SHARED STOR WIN SVR CU LIC D ESS;REW BE2010 OPT SAN SHARED STOR WIN SVR CU LIC D ESS;REW BE2010 OPT SAN SHARED STOR WIN SVR CU LIC D ESS;;;;79;;
1;3;2094;1;654,6429;532,23;EXP BE2010 OPT SAN SHARED STOR WIN SVR CU LIC S ESS;20092385;;EXP BE2010 OPT SAN SHARED STOR WIN SVR CU LIC S ESS;EXP BE2010 OPT SAN SHARED STOR WIN SVR CU LIC S ESS;EXP BE2010 OPT SAN SHARED STOR WIN SVR CU LIC S ESS;EXP BE2010 OPT SAN SHARED STOR WIN SVR CU LIC S ESS;;;;79;;
1;3;2094;1;551,2737;448,19;AE BE 2010 OPT SAN SHARED STOR WIN SVR CU LIC S ESS;20092386;;AE BE 2010 OPT SAN SHARED STOR WIN SVR CU LIC S ESS;AE BE 2010 OPT SAN SHARED STOR WIN SVR CU LIC S ESS;AE BE 2010 OPT SAN SHARED STOR WIN SVR CU LIC S ESS;AE BE 2010 OPT SAN SHARED STOR WIN SVR CU LIC S ESS;;;;79;;
1;3;2094;1;519,9456;422,72;GOV BE2010 OPT SAN SHARED STOR WIN SVR CU LIC S BAS;20092387;;GOV BE2010 OPT SAN SHARED STOR WIN SVR CU LIC S BAS;GOV BE2010 OPT SAN SHARED STOR WIN SVR CU LIC S BAS;GOV BE2010 OPT SAN SHARED STOR WIN SVR CU LIC S BAS;GOV BE2010 OPT SAN SHARED STOR WIN SVR CU LIC S BAS;;;;79;;
1;3;2094;1;551,2737;448,19;GOV BE2010 OPT SAN SHARED STOR WIN SVR CU LIC S ESS;20092389;;GOV BE2010 OPT SAN SHARED STOR WIN SVR CU LIC S ESS;GOV BE2010 OPT SAN SHARED STOR WIN SVR CU LIC S ESS;GOV BE2010 OPT SAN SHARED STOR WIN SVR CU LIC S ESS;GOV BE2010 OPT SAN SHARED STOR WIN SVR CU LIC S ESS;;;;79;;
1;3;2094;1;519,9456;422,72;REW BE2010 OPT SAN SHARED STOR WIN SVR CU LIC D BAS;20092390;;REW BE2010 OPT SAN SHARED STOR WIN SVR CU LIC D BAS;REW BE2010 OPT SAN SHARED STOR WIN SVR CU LIC D BAS;REW BE2010 OPT SAN SHARED STOR WIN SVR CU LIC D BAS;REW BE2010 OPT SAN SHARED STOR WIN SVR CU LIC D BAS;;;;79;;
1;3;2094;1;617,4477;501,99;EXP BE2010 OPT SAN SHARED STOR WIN SVR CU LIC S BAS;20092391;;EXP BE2010 OPT SAN SHARED STOR WIN SVR CU LIC S BAS;EXP BE2010 OPT SAN SHARED STOR WIN SVR CU LIC S BAS;EXP BE2010 OPT SAN SHARED STOR WIN SVR CU LIC S BAS;EXP BE2010 OPT SAN SHARED STOR WIN SVR CU LIC S BAS;;;;79;;
1;3;2094;1;585,726;476,2;REW BE2010 OPT SAN SHARED STOR WIN SVR VU LIC C ESS;20092392;;REW BE2010 OPT SAN SHARED STOR WIN SVR VU LIC C ESS;REW BE2010 OPT SAN SHARED STOR WIN SVR VU LIC C ESS;REW BE2010 OPT SAN SHARED STOR WIN SVR VU LIC C ESS;REW BE2010 OPT SAN SHARED STOR WIN SVR VU LIC C ESS;;;;79;;
1;3;2094;1;585,726;476,2;REW BE2010 OPT SAN SHARED STOR WIN SVR CU LIC C ESS;20092393;;REW BE2010 OPT SAN SHARED STOR WIN SVR CU LIC C ESS;REW BE2010 OPT SAN SHARED STOR WIN SVR CU LIC C ESS;REW BE2010 OPT SAN SHARED STOR WIN SVR CU LIC C ESS;REW BE2010 OPT SAN SHARED STOR WIN SVR CU LIC C ESS;;;;79;;
1;3;2094;1;551,2737;448,19;REW BE2010 OPT SAN SHARED STOR WIN SVR CU LIC E ESS;20092394;;REW BE2010 OPT SAN SHARED STOR WIN SVR CU LIC E ESS;REW BE2010 OPT SAN SHARED STOR WIN SVR CU LIC E ESS;REW BE2010 OPT SAN SHARED STOR WIN SVR CU LIC E ESS;REW BE2010 OPT SAN SHARED STOR WIN SVR CU LIC E ESS;;;;79;;
1;3;2094;1;519,9456;422,72;REW BE2010 OPT SAN SHARED STOR WIN SVR CU LIC E BAS;20092395;;REW BE2010 OPT SAN SHARED STOR WIN SVR CU LIC E BAS;REW BE2010 OPT SAN SHARED STOR WIN SVR CU LIC E BAS;REW BE2010 OPT SAN SHARED STOR WIN SVR CU LIC E BAS;REW BE2010 OPT SAN SHARED STOR WIN SVR CU LIC E BAS;;;;79;;
1;3;2094;1;519,9456;422,72;AE BE 2010 OPT SAN SHARED STOR WIN SVR CU LIC S BAS;20092397;;AE BE 2010 OPT SAN SHARED STOR WIN SVR CU LIC S BAS;AE BE 2010 OPT SAN SHARED STOR WIN SVR CU LIC S BAS;AE BE 2010 OPT SAN SHARED STOR WIN SVR CU LIC S BAS;AE BE 2010 OPT SAN SHARED STOR WIN SVR CU LIC S BAS;;;;79;;
1;3;2094;1;654,6429;532,23;EXP BE2010 OPT SAN SHARED STOR WIN SVR VU LIC S ESS;20092400;;EXP BE2010 OPT SAN SHARED STOR WIN SVR VU LIC S ESS;EXP BE2010 OPT SAN SHARED STOR WIN SVR VU LIC S ESS;EXP BE2010 OPT SAN SHARED STOR WIN SVR VU LIC S ESS;EXP BE2010 OPT SAN SHARED STOR WIN SVR VU LIC S ESS;;;;79;;
1;3;2094;1;551,2737;448,19;AE BE 2010 OPT SAN SHARED STOR WIN SVR VU LIC S ESS;20092401;;AE BE 2010 OPT SAN SHARED STOR WIN SVR VU LIC S ESS;AE BE 2010 OPT SAN SHARED STOR WIN SVR VU LIC S ESS;AE BE 2010 OPT SAN SHARED STOR WIN SVR VU LIC S ESS;AE BE 2010 OPT SAN SHARED STOR WIN SVR VU LIC S ESS;;;;79;;
1;3;2094;1;601,1994;488,78;REW BE2010 OPT SAN SHARED STOR WIN SVR VU LIC A BAS;20092402;;REW BE2010 OPT SAN SHARED STOR WIN SVR VU LIC A BAS;REW BE2010 OPT SAN SHARED STOR WIN SVR VU LIC A BAS;REW BE2010 OPT SAN SHARED STOR WIN SVR VU LIC A BAS;REW BE2010 OPT SAN SHARED STOR WIN SVR VU LIC A BAS;;;;79;;
1;3;2094;1;601,1994;488,78;REW BE2010 OPT SAN SHARED STOR WIN SVR CU LIC A BAS;20092403;;REW BE2010 OPT SAN SHARED STOR WIN SVR CU LIC A BAS;REW BE2010 OPT SAN SHARED STOR WIN SVR CU LIC A BAS;REW BE2010 OPT SAN SHARED STOR WIN SVR CU LIC A BAS;REW BE2010 OPT SAN SHARED STOR WIN SVR CU LIC A BAS;;;;79;;
1;3;2094;1;552,4422;449,14;REW BE2010 OPT SAN SHARED STOR WIN SVR CU LIC C BAS;20092404;;REW BE2010 OPT SAN SHARED STOR WIN SVR CU LIC C BAS;REW BE2010 OPT SAN SHARED STOR WIN SVR CU LIC C BAS;REW BE2010 OPT SAN SHARED STOR WIN SVR CU LIC C BAS;REW BE2010 OPT SAN SHARED STOR WIN SVR CU LIC C BAS;;;;79;;
1;3;2094;1;611,5929;497,23;REW BE2010 OPT SAN SHARED STOR WIN SVR VU LIC B ESS;20092405;;REW BE2010 OPT SAN SHARED STOR WIN SVR VU LIC B ESS;REW BE2010 OPT SAN SHARED STOR WIN SVR VU LIC B ESS;REW BE2010 OPT SAN SHARED STOR WIN SVR VU LIC B ESS;REW BE2010 OPT SAN SHARED STOR WIN SVR VU LIC B ESS;;;;79;;
1;3;2094;1;551,2737;448,19;GOV BE2010 OPT SAN SHARED STOR WIN SVR VU LIC S ESS;20092407;;GOV BE2010 OPT SAN SHARED STOR WIN SVR VU LIC S ESS;GOV BE2010 OPT SAN SHARED STOR WIN SVR VU LIC S ESS;GOV BE2010 OPT SAN SHARED STOR WIN SVR VU LIC S ESS;GOV BE2010 OPT SAN SHARED STOR WIN SVR VU LIC S ESS;;;;79;;
1;3;2094;1;519,9456;422,72;AE BE 2010 OPT SAN SHARED STOR WIN SVR VU LIC S BAS;20092408;;AE BE 2010 OPT SAN SHARED STOR WIN SVR VU LIC S BAS;AE BE 2010 OPT SAN SHARED STOR WIN SVR VU LIC S BAS;AE BE 2010 OPT SAN SHARED STOR WIN SVR VU LIC S BAS;AE BE 2010 OPT SAN SHARED STOR WIN SVR VU LIC S BAS;;;;79;;
1;3;2094;1;519,9456;422,72;REW BE2010 OPT SAN SHARED STOR WIN SVR VU LIC D BAS;20092409;;REW BE2010 OPT SAN SHARED STOR WIN SVR VU LIC D BAS;REW BE2010 OPT SAN SHARED STOR WIN SVR VU LIC D BAS;REW BE2010 OPT SAN SHARED STOR WIN SVR VU LIC D BAS;REW BE2010 OPT SAN SHARED STOR WIN SVR VU LIC D BAS;;;;79;;
1;3;2094;1;519,9456;422,72;REW BE2010 OPT SAN SHARED STOR WIN SVR VU LIC E BAS;20092410;;REW BE2010 OPT SAN SHARED STOR WIN SVR VU LIC E BAS;REW BE2010 OPT SAN SHARED STOR WIN SVR VU LIC E BAS;REW BE2010 OPT SAN SHARED STOR WIN SVR VU LIC E BAS;REW BE2010 OPT SAN SHARED STOR WIN SVR VU LIC E BAS;;;;79;;
1;3;2094;1;617,4477;501,99;EXP BE2010 OPT SAN SHARED STOR WIN SVR VU LIC S BAS;20092411;;EXP BE2010 OPT SAN SHARED STOR WIN SVR VU LIC S BAS;EXP BE2010 OPT SAN SHARED STOR WIN SVR VU LIC S BAS;EXP BE2010 OPT SAN SHARED STOR WIN SVR VU LIC S BAS;EXP BE2010 OPT SAN SHARED STOR WIN SVR VU LIC S BAS;;;;79;;
1;3;2094;1;552,4422;449,14;REW BE2010 OPT SAN SHARED STOR WIN SVR VU LIC C BAS;20092412;;REW BE2010 OPT SAN SHARED STOR WIN SVR VU LIC C BAS;REW BE2010 OPT SAN SHARED STOR WIN SVR VU LIC C BAS;REW BE2010 OPT SAN SHARED STOR WIN SVR VU LIC C BAS;REW BE2010 OPT SAN SHARED STOR WIN SVR VU LIC C BAS;;;;79;;
1;3;2094;1;551,2737;448,19;REW BE2010 OPT SAN SHARED STOR WIN SVR VU LIC E ESS;20092415;;REW BE2010 OPT SAN SHARED STOR WIN SVR VU LIC E ESS;REW BE2010 OPT SAN SHARED STOR WIN SVR VU LIC E ESS;REW BE2010 OPT SAN SHARED STOR WIN SVR VU LIC E ESS;REW BE2010 OPT SAN SHARED STOR WIN SVR VU LIC E ESS;;;;79;;
1;3;2094;1;576,8208;468,96;REW BE2010 OPT SAN SHARED STOR WIN SVR VU LIC B BAS;20092416;;REW BE2010 OPT SAN SHARED STOR WIN SVR VU LIC B BAS;REW BE2010 OPT SAN SHARED STOR WIN SVR VU LIC B BAS;REW BE2010 OPT SAN SHARED STOR WIN SVR VU LIC B BAS;REW BE2010 OPT SAN SHARED STOR WIN SVR VU LIC B BAS;;;;79;;
1;3;2094;1;519,9456;422,72;GOV BE2010 OPT SAN SHARED STOR WIN SVR VU LIC S BAS;20092418;;GOV BE2010 OPT SAN SHARED STOR WIN SVR VU LIC S BAS;GOV BE2010 OPT SAN SHARED STOR WIN SVR VU LIC S BAS;GOV BE2010 OPT SAN SHARED STOR WIN SVR VU LIC S BAS;GOV BE2010 OPT SAN SHARED STOR WIN SVR VU LIC S BAS;;;;79;;
1;3;2094;1;883,6935;718,45;REW BE2010AGT MSFT HYPERV WIN HOST SVR CU LIC D ESS;20093056;;REW BE2010AGT MSFT HYPERV WIN HOST SVR CU LIC D ESS;REW BE2010AGT MSFT HYPERV WIN HOST SVR CU LIC D ESS;REW BE2010AGT MSFT HYPERV WIN HOST SVR CU LIC D ESS;REW BE2010AGT MSFT HYPERV WIN HOST SVR CU LIC D ESS;;;;79;;
1;3;2094;1;883,6935;718,45;REW BE2010AGT MSFT HYPERV WIN HOST SVR VU LIC E ESS;20093057;;REW BE2010AGT MSFT HYPERV WIN HOST SVR VU LIC E ESS;REW BE2010AGT MSFT HYPERV WIN HOST SVR VU LIC E ESS;REW BE2010AGT MSFT HYPERV WIN HOST SVR VU LIC E ESS;REW BE2010AGT MSFT HYPERV WIN HOST SVR VU LIC E ESS;;;;79;;
1;3;2094;1;938,9328;763,36;REW BE2010AGT MSFT HYPERV WIN HOST SVR CU LIC C ESS;20093058;;REW BE2010AGT MSFT HYPERV WIN HOST SVR CU LIC C ESS;REW BE2010AGT MSFT HYPERV WIN HOST SVR CU LIC C ESS;REW BE2010AGT MSFT HYPERV WIN HOST SVR CU LIC C ESS;REW BE2010AGT MSFT HYPERV WIN HOST SVR CU LIC C ESS;;;;79;;
1;3;2094;1;989,781;804,7;EXP BE 2010 MSFT HYPER-V WIN HOST SVR CU LIC S BAS;20093060;;EXP BE 2010 MSFT HYPER-V WIN HOST SVR CU LIC S BAS;EXP BE 2010 MSFT HYPER-V WIN HOST SVR CU LIC S BAS;EXP BE 2010 MSFT HYPER-V WIN HOST SVR CU LIC S BAS;EXP BE 2010 MSFT HYPER-V WIN HOST SVR CU LIC S BAS;;;;79;;
1;3;2094;1;963,7296;783,52;REW BE2010AGT MSFT HYPERV WIN HOST SVR VU LIC A BAS;20093061;;REW BE2010AGT MSFT HYPERV WIN HOST SVR VU LIC A BAS;REW BE2010AGT MSFT HYPERV WIN HOST SVR VU LIC A BAS;REW BE2010AGT MSFT HYPERV WIN HOST SVR VU LIC A BAS;REW BE2010AGT MSFT HYPERV WIN HOST SVR VU LIC A BAS;;;;79;;
1;3;2094;1;833,4972;677,64;REW BE2010AGT MSFT HYPERV WIN HOST SVR VU LIC D BAS;20093062;;REW BE2010AGT MSFT HYPERV WIN HOST SVR VU LIC D BAS;REW BE2010AGT MSFT HYPERV WIN HOST SVR VU LIC D BAS;REW BE2010AGT MSFT HYPERV WIN HOST SVR VU LIC D BAS;REW BE2010AGT MSFT HYPERV WIN HOST SVR VU LIC D BAS;;;;79;;
1;3;2094;1;883,6935;718,45;REW BE2010AGT MSFT HYPERV WIN HOST SVR VU LIC D ESS;20093063;;REW BE2010AGT MSFT HYPERV WIN HOST SVR VU LIC D ESS;REW BE2010AGT MSFT HYPERV WIN HOST SVR VU LIC D ESS;REW BE2010AGT MSFT HYPERV WIN HOST SVR VU LIC D ESS;REW BE2010AGT MSFT HYPERV WIN HOST SVR VU LIC D ESS;;;;79;;
1;3;2094;1;924,6648;751,76;REW BE2010AGT MSFT HYPERV WIN HOST SVR CU LIC B BAS;20093066;;REW BE2010AGT MSFT HYPERV WIN HOST SVR CU LIC B BAS;REW BE2010AGT MSFT HYPERV WIN HOST SVR CU LIC B BAS;REW BE2010AGT MSFT HYPERV WIN HOST SVR CU LIC B BAS;REW BE2010AGT MSFT HYPERV WIN HOST SVR CU LIC B BAS;;;;79;;
1;3;2094;1;885,5877;719,99;REW BE2010AGT MSFT HYPERV WIN HOST SVR CU LIC C BAS;20093067;;REW BE2010AGT MSFT HYPERV WIN HOST SVR CU LIC C BAS;REW BE2010AGT MSFT HYPERV WIN HOST SVR CU LIC C BAS;REW BE2010AGT MSFT HYPERV WIN HOST SVR CU LIC C BAS;REW BE2010AGT MSFT HYPERV WIN HOST SVR CU LIC C BAS;;;;79;;
1;3;2094;1;833,4972;677,64;GOV BE 2010 MFST HYPER-V WIN HOST SVR CU LIC S BAS;20093068;;GOV BE 2010 MFST HYPER-V WIN HOST SVR CU LIC S BAS;GOV BE 2010 MFST HYPER-V WIN HOST SVR CU LIC S BAS;GOV BE 2010 MFST HYPER-V WIN HOST SVR CU LIC S BAS;GOV BE 2010 MFST HYPER-V WIN HOST SVR CU LIC S BAS;;;;79;;
1;3;2094;1;833,4972;677,64;REW BE2010AGT MSFT HYPERV WIN HOST SVR VU LIC E BAS;20093069;;REW BE2010AGT MSFT HYPERV WIN HOST SVR VU LIC E BAS;REW BE2010AGT MSFT HYPERV WIN HOST SVR VU LIC E BAS;REW BE2010AGT MSFT HYPERV WIN HOST SVR VU LIC E BAS;REW BE2010AGT MSFT HYPERV WIN HOST SVR VU LIC E BAS;;;;79;;
1;3;2094;1;833,4972;677,64;AE BE2010AGT MSFT HYPER-V WIN HOST SVR VU LIC S BAS;20093070;;AE BE2010AGT MSFT HYPER-V WIN HOST SVR VU LIC S BAS;AE BE2010AGT MSFT HYPER-V WIN HOST SVR VU LIC S BAS;AE BE2010AGT MSFT HYPER-V WIN HOST SVR VU LIC S BAS;AE BE2010AGT MSFT HYPER-V WIN HOST SVR VU LIC S BAS;;;;79;;
1;3;2094;1;833,4972;677,64;REW BE2010AGT MSFT HYPERV WIN HOST SVR CU LIC D BAS;20093071;;REW BE2010AGT MSFT HYPERV WIN HOST SVR CU LIC D BAS;REW BE2010AGT MSFT HYPERV WIN HOST SVR CU LIC D BAS;REW BE2010AGT MSFT HYPERV WIN HOST SVR CU LIC D BAS;REW BE2010AGT MSFT HYPERV WIN HOST SVR CU LIC D BAS;;;;79;;
1;3;2094;1;924,6648;751,76;REW BE2010AGT MSFT HYPERV WIN HOST SVR VU LIC B BAS;20093072;;REW BE2010AGT MSFT HYPERV WIN HOST SVR VU LIC B BAS;REW BE2010AGT MSFT HYPERV WIN HOST SVR VU LIC B BAS;REW BE2010AGT MSFT HYPERV WIN HOST SVR VU LIC B BAS;REW BE2010AGT MSFT HYPERV WIN HOST SVR VU LIC B BAS;;;;79;;
1;3;2094;1;833,4972;677,64;GOV BE 2010 MFST HYPER-V WIN HOST SVR VU LIC S BAS;20093074;;GOV BE 2010 MFST HYPER-V WIN HOST SVR VU LIC S BAS;GOV BE 2010 MFST HYPER-V WIN HOST SVR VU LIC S BAS;GOV BE 2010 MFST HYPER-V WIN HOST SVR VU LIC S BAS;GOV BE 2010 MFST HYPER-V WIN HOST SVR VU LIC S BAS;;;;79;;
1;3;2094;1;1021,7733;830,71;REW BE2010AGT MSFT HYPERV WIN HOST SVR VU LIC A ESS;20093075;;REW BE2010AGT MSFT HYPERV WIN HOST SVR VU LIC A ESS;REW BE2010AGT MSFT HYPERV WIN HOST SVR VU LIC A ESS;REW BE2010AGT MSFT HYPERV WIN HOST SVR VU LIC A ESS;REW BE2010AGT MSFT HYPERV WIN HOST SVR VU LIC A ESS;;;;79;;
1;3;2094;1;938,9328;763,36;REW BE2010AGT MSFT HYPERV WIN HOST SVR VU LIC C ESS;20093076;;REW BE2010AGT MSFT HYPERV WIN HOST SVR VU LIC C ESS;REW BE2010AGT MSFT HYPERV WIN HOST SVR VU LIC C ESS;REW BE2010AGT MSFT HYPERV WIN HOST SVR VU LIC C ESS;REW BE2010AGT MSFT HYPERV WIN HOST SVR VU LIC C ESS;;;;79;;
1;3;2094;1;883,6935;718,45;GOV BE 2010 MFST HYPER-V WIN HOST SVR VU LIC S ESS;20093077;;GOV BE 2010 MFST HYPER-V WIN HOST SVR VU LIC S ESS;GOV BE 2010 MFST HYPER-V WIN HOST SVR VU LIC S ESS;GOV BE 2010 MFST HYPER-V WIN HOST SVR VU LIC S ESS;GOV BE 2010 MFST HYPER-V WIN HOST SVR VU LIC S ESS;;;;79;;
1;3;2094;1;1021,7733;830,71;REW BE2010AGT MSFT HYPERV WIN HOST SVR CU LIC A ESS;20093078;;REW BE2010AGT MSFT HYPERV WIN HOST SVR CU LIC A ESS;REW BE2010AGT MSFT HYPERV WIN HOST SVR CU LIC A ESS;REW BE2010AGT MSFT HYPERV WIN HOST SVR CU LIC A ESS;REW BE2010AGT MSFT HYPERV WIN HOST SVR CU LIC A ESS;;;;79;;
1;3;2094;1;883,6935;718,45;REW BE2010AGT MSFT HYPERV WIN HOST SVR CU LIC E ESS;20093079;;REW BE2010AGT MSFT HYPERV WIN HOST SVR CU LIC E ESS;REW BE2010AGT MSFT HYPERV WIN HOST SVR CU LIC E ESS;REW BE2010AGT MSFT HYPERV WIN HOST SVR CU LIC E ESS;REW BE2010AGT MSFT HYPERV WIN HOST SVR CU LIC E ESS;;;;79;;
1;3;2094;1;883,6935;718,45;GOV BE 2010 MFST HYPER-V WIN HOST SVR CU LIC S ESS;20093080;;GOV BE 2010 MFST HYPER-V WIN HOST SVR CU LIC S ESS;GOV BE 2010 MFST HYPER-V WIN HOST SVR CU LIC S ESS;GOV BE 2010 MFST HYPER-V WIN HOST SVR CU LIC S ESS;GOV BE 2010 MFST HYPER-V WIN HOST SVR CU LIC S ESS;;;;79;;
1;3;2094;1;989,781;804,7;EXP BE 2010 MSFT HYPER-V WIN HOST SVR VU LIC S BAS;20093081;;EXP BE 2010 MSFT HYPER-V WIN HOST SVR VU LIC S BAS;EXP BE 2010 MSFT HYPER-V WIN HOST SVR VU LIC S BAS;EXP BE 2010 MSFT HYPER-V WIN HOST SVR VU LIC S BAS;EXP BE 2010 MSFT HYPER-V WIN HOST SVR VU LIC S BAS;;;;79;;
1;3;2094;1;1049,3991;853,17;EXP BE 2010 MSFT HYPER-V WIN HOST SVR VU LIC S ESS;20093082;;EXP BE 2010 MSFT HYPER-V WIN HOST SVR VU LIC S ESS;EXP BE 2010 MSFT HYPER-V WIN HOST SVR VU LIC S ESS;EXP BE 2010 MSFT HYPER-V WIN HOST SVR VU LIC S ESS;EXP BE 2010 MSFT HYPER-V WIN HOST SVR VU LIC S ESS;;;;79;;
1;3;2094;1;885,5877;719,99;REW BE2010AGT MSFT HYPERV WIN HOST SVR VU LIC C BAS;20093083;;REW BE2010AGT MSFT HYPERV WIN HOST SVR VU LIC C BAS;REW BE2010AGT MSFT HYPERV WIN HOST SVR VU LIC C BAS;REW BE2010AGT MSFT HYPERV WIN HOST SVR VU LIC C BAS;REW BE2010AGT MSFT HYPERV WIN HOST SVR VU LIC C BAS;;;;79;;
1;3;2094;1;980,3715;797,05;REW BE2010AGT MSFT HYPERV WIN HOST SVR CU LIC B ESS;20093084;;REW BE2010AGT MSFT HYPERV WIN HOST SVR CU LIC B ESS;REW BE2010AGT MSFT HYPERV WIN HOST SVR CU LIC B ESS;REW BE2010AGT MSFT HYPERV WIN HOST SVR CU LIC B ESS;REW BE2010AGT MSFT HYPERV WIN HOST SVR CU LIC B ESS;;;;79;;
1;3;2094;1;883,6935;718,45;AE BE2010AGT MSFT HYPER-V WIN HOST SVR CU LIC S ESS;20093085;;AE BE2010AGT MSFT HYPER-V WIN HOST SVR CU LIC S ESS;AE BE2010AGT MSFT HYPER-V WIN HOST SVR CU LIC S ESS;AE BE2010AGT MSFT HYPER-V WIN HOST SVR CU LIC S ESS;AE BE2010AGT MSFT HYPER-V WIN HOST SVR CU LIC S ESS;;;;79;;
1;3;2094;1;980,3715;797,05;REW BE2010AGT MSFT HYPERV WIN HOST SVR VU LIC B ESS;20093086;;REW BE2010AGT MSFT HYPERV WIN HOST SVR VU LIC B ESS;REW BE2010AGT MSFT HYPERV WIN HOST SVR VU LIC B ESS;REW BE2010AGT MSFT HYPERV WIN HOST SVR VU LIC B ESS;REW BE2010AGT MSFT HYPERV WIN HOST SVR VU LIC B ESS;;;;79;;
1;3;2094;1;883,6935;718,45;AE BE2010AGT MSFT HYPER-V WIN HOST SVR VU LIC S ESS;20093087;;AE BE2010AGT MSFT HYPER-V WIN HOST SVR VU LIC S ESS;AE BE2010AGT MSFT HYPER-V WIN HOST SVR VU LIC S ESS;AE BE2010AGT MSFT HYPER-V WIN HOST SVR VU LIC S ESS;AE BE2010AGT MSFT HYPER-V WIN HOST SVR VU LIC S ESS;;;;79;;
1;3;2094;1;1049,3991;853,17;EXP BE 2010 MSFT HYPER-V WIN HOST SVR CU LIC S ESS;20093088;;EXP BE 2010 MSFT HYPER-V WIN HOST SVR CU LIC S ESS;EXP BE 2010 MSFT HYPER-V WIN HOST SVR CU LIC S ESS;EXP BE 2010 MSFT HYPER-V WIN HOST SVR CU LIC S ESS;EXP BE 2010 MSFT HYPER-V WIN HOST SVR CU LIC S ESS;;;;79;;
1;3;2094;1;963,7296;783,52;REW BE2010AGT MSFT HYPERV WIN HOST SVR CU LIC A BAS;20093089;;REW BE2010AGT MSFT HYPERV WIN HOST SVR CU LIC A BAS;REW BE2010AGT MSFT HYPERV WIN HOST SVR CU LIC A BAS;REW BE2010AGT MSFT HYPERV WIN HOST SVR CU LIC A BAS;REW BE2010AGT MSFT HYPERV WIN HOST SVR CU LIC A BAS;;;;79;;
1;3;2094;1;833,4972;677,64;REW BE2010AGT MSFT HYPERV WIN HOST SVR CU LIC E BAS;20093090;;REW BE2010AGT MSFT HYPERV WIN HOST SVR CU LIC E BAS;REW BE2010AGT MSFT HYPERV WIN HOST SVR CU LIC E BAS;REW BE2010AGT MSFT HYPERV WIN HOST SVR CU LIC E BAS;REW BE2010AGT MSFT HYPERV WIN HOST SVR CU LIC E BAS;;;;79;;
1;3;2094;1;833,4972;677,64;AE BE2010AGT MSFT HYPER-V WIN HOST SVR CU LIC S BAS;20093091;;AE BE2010AGT MSFT HYPER-V WIN HOST SVR CU LIC S BAS;AE BE2010AGT MSFT HYPER-V WIN HOST SVR CU LIC S BAS;AE BE2010AGT MSFT HYPER-V WIN HOST SVR CU LIC S BAS;AE BE2010AGT MSFT HYPER-V WIN HOST SVR CU LIC S BAS;;;;79;;
1;3;2094;1;550,1052;447,24;REW BE 2010 WIN SBS WIN PER SVR BDL CU LIC B ESS;20093111;;REW BE 2010 WIN SBS WIN PER SVR BDL CU LIC B ESS;REW BE 2010 WIN SBS WIN PER SVR BDL CU LIC B ESS;REW BE 2010 WIN SBS WIN PER SVR BDL CU LIC B ESS;REW BE 2010 WIN SBS WIN PER SVR BDL CU LIC B ESS;;;;79;;
1;3;2094;1;467,6952;380,24;REW BE 2010 WIN SBS WIN P SVR BDL XG LIC BEQS E BAS;20093112;;REW BE 2010 WIN SBS WIN P SVR BDL XG LIC BEQS E BAS;REW BE 2010 WIN SBS WIN P SVR BDL XG LIC BEQS E BAS;REW BE 2010 WIN SBS WIN P SVR BDL XG LIC BEQS E BAS;REW BE 2010 WIN SBS WIN P SVR BDL XG LIC BEQS E BAS;;;;79;;
1;3;2094;1;495,8622;403,14;GOV BE 2010 WIN SBS WIN P SVR BDL XG LIC BEQS S ESS;20093113;;GOV BE 2010 WIN SBS WIN P SVR BDL XG LIC BEQS S ESS;GOV BE 2010 WIN SBS WIN P SVR BDL XG LIC BEQS S ESS;GOV BE 2010 WIN SBS WIN P SVR BDL XG LIC BEQS S ESS;GOV BE 2010 WIN SBS WIN P SVR BDL XG LIC BEQS S ESS;;;;79;;
1;3;2094;1;550,1052;447,24;REW BE 2010 WIN SBS WIN PER SVR BDL VU LIC B ESS;20093114;;REW BE 2010 WIN SBS WIN PER SVR BDL VU LIC B ESS;REW BE 2010 WIN SBS WIN PER SVR BDL VU LIC B ESS;REW BE 2010 WIN SBS WIN PER SVR BDL VU LIC B ESS;REW BE 2010 WIN SBS WIN PER SVR BDL VU LIC B ESS;;;;79;;
1;3;2094;1;467,6952;380,24;REW BE 2010 WIN SBS WIN PER SVR BDL CU LIC E BAS;20093115;;REW BE 2010 WIN SBS WIN PER SVR BDL CU LIC E BAS;REW BE 2010 WIN SBS WIN PER SVR BDL CU LIC E BAS;REW BE 2010 WIN SBS WIN PER SVR BDL CU LIC E BAS;REW BE 2010 WIN SBS WIN PER SVR BDL CU LIC E BAS;;;;79;;
1;3;2094;1;573,3399;466,13;REW BE 2010 WIN SBS WIN PER SVR BDL CU LIC A ESS;20093116;;REW BE 2010 WIN SBS WIN PER SVR BDL CU LIC A ESS;REW BE 2010 WIN SBS WIN PER SVR BDL CU LIC A ESS;REW BE 2010 WIN SBS WIN PER SVR BDL CU LIC A ESS;REW BE 2010 WIN SBS WIN PER SVR BDL CU LIC A ESS;;;;79;;
1;3;2094;1;467,6952;380,24;AE BE 2010 WIN SBS WIN P SVR BDL XG LIC BEQS S BAS;20093118;;AE BE 2010 WIN SBS WIN P SVR BDL XG LIC BEQS S BAS;AE BE 2010 WIN SBS WIN P SVR BDL XG LIC BEQS S BAS;AE BE 2010 WIN SBS WIN P SVR BDL XG LIC BEQS S BAS;AE BE 2010 WIN SBS WIN P SVR BDL XG LIC BEQS S BAS;;;;79;;
1;3;2094;1;573,3399;466,13;REW BE 2010 WIN SBS WIN P SVR BDL XG LIC BEQS A ESS;20093119;;REW BE 2010 WIN SBS WIN P SVR BDL XG LIC BEQS A ESS;REW BE 2010 WIN SBS WIN P SVR BDL XG LIC BEQS A ESS;REW BE 2010 WIN SBS WIN P SVR BDL XG LIC BEQS A ESS;REW BE 2010 WIN SBS WIN P SVR BDL XG LIC BEQS A ESS;;;;79;;
1;3;2094;1;496,9323;404,01;REW BE 2010 WIN SBS WIN PER SVR BDL VU LIC C BAS;20093120;;REW BE 2010 WIN SBS WIN PER SVR BDL VU LIC C BAS;REW BE 2010 WIN SBS WIN PER SVR BDL VU LIC C BAS;REW BE 2010 WIN SBS WIN PER SVR BDL VU LIC C BAS;REW BE 2010 WIN SBS WIN PER SVR BDL VU LIC C BAS;;;;79;;
1;3;2094;1;467,6952;380,24;REW BE 2010 WIN SBS WIN PER SVR BDL VU LIC E BAS;20093121;;REW BE 2010 WIN SBS WIN PER SVR BDL VU LIC E BAS;REW BE 2010 WIN SBS WIN PER SVR BDL VU LIC E BAS;REW BE 2010 WIN SBS WIN PER SVR BDL VU LIC E BAS;REW BE 2010 WIN SBS WIN PER SVR BDL VU LIC E BAS;;;;79;;
1;3;2094;1;555,3942;451,54;EXP BE 2010 WIN SBS WIN P SVR BDL CU LIC S BAS;20093122;;EXP BE 2010 WIN SBS WIN P SVR BDL CU LIC S BAS;EXP BE 2010 WIN SBS WIN P SVR BDL CU LIC S BAS;EXP BE 2010 WIN SBS WIN P SVR BDL CU LIC S BAS;EXP BE 2010 WIN SBS WIN P SVR BDL CU LIC S BAS;;;;79;;
1;3;2094;1;495,8622;403,14;REW BE 2010 WIN SBS WIN PER SVR BDL CU LIC D ESS;20093123;;REW BE 2010 WIN SBS WIN PER SVR BDL CU LIC D ESS;REW BE 2010 WIN SBS WIN PER SVR BDL CU LIC D ESS;REW BE 2010 WIN SBS WIN PER SVR BDL CU LIC D ESS;REW BE 2010 WIN SBS WIN PER SVR BDL CU LIC D ESS;;;;79;;
1;3;2094;1;495,8622;403,14;AE BE 2010 WIN SBS WIN P SVR BDL CU LIC S ESS;20093124;;AE BE 2010 WIN SBS WIN P SVR BDL CU LIC S ESS;AE BE 2010 WIN SBS WIN P SVR BDL CU LIC S ESS;AE BE 2010 WIN SBS WIN P SVR BDL CU LIC S ESS;AE BE 2010 WIN SBS WIN P SVR BDL CU LIC S ESS;;;;79;;
1;3;2094;1;526,8582;428,34;REW BE 2010 WIN SBS WIN P SVR BDL XG LIC BEQS C ESS;20093125;;REW BE 2010 WIN SBS WIN P SVR BDL XG LIC BEQS C ESS;REW BE 2010 WIN SBS WIN P SVR BDL XG LIC BEQS C ESS;REW BE 2010 WIN SBS WIN P SVR BDL XG LIC BEQS C ESS;REW BE 2010 WIN SBS WIN P SVR BDL XG LIC BEQS C ESS;;;;79;;
1;3;2094;1;495,8622;403,14;AE BE 2010 WIN SBS WIN P SVR BDL VU LIC S ESS;20093126;;AE BE 2010 WIN SBS WIN P SVR BDL VU LIC S ESS;AE BE 2010 WIN SBS WIN P SVR BDL VU LIC S ESS;AE BE 2010 WIN SBS WIN P SVR BDL VU LIC S ESS;AE BE 2010 WIN SBS WIN P SVR BDL VU LIC S ESS;;;;79;;
1;3;2094;1;540,7941;439,67;REW BE 2010 WIN SBS WIN PER SVR BDL CU LIC A BAS;20093127;;REW BE 2010 WIN SBS WIN PER SVR BDL CU LIC A BAS;REW BE 2010 WIN SBS WIN PER SVR BDL CU LIC A BAS;REW BE 2010 WIN SBS WIN PER SVR BDL CU LIC A BAS;REW BE 2010 WIN SBS WIN PER SVR BDL CU LIC A BAS;;;;79;;
1;3;2094;1;518,8509;421,83;REW BE 2010 WIN SBS WIN PER SVR BDL CU LIC B BAS;20093128;;REW BE 2010 WIN SBS WIN PER SVR BDL CU LIC B BAS;REW BE 2010 WIN SBS WIN PER SVR BDL CU LIC B BAS;REW BE 2010 WIN SBS WIN PER SVR BDL CU LIC B BAS;REW BE 2010 WIN SBS WIN PER SVR BDL CU LIC B BAS;;;;79;;
1;3;2094;1;495,8622;403,14;GOV BE 2010 WIN SBS WIN P SVR BDL CU LIC S ESS;20093129;;GOV BE 2010 WIN SBS WIN P SVR BDL CU LIC S ESS;GOV BE 2010 WIN SBS WIN P SVR BDL CU LIC S ESS;GOV BE 2010 WIN SBS WIN P SVR BDL CU LIC S ESS;GOV BE 2010 WIN SBS WIN P SVR BDL CU LIC S ESS;;;;79;;
1;3;2094;1;588,8379;478,73;EXP BE 2010 WIN SBS WIN P SVR BDL CU LIC S ESS;20093135;;EXP BE 2010 WIN SBS WIN P SVR BDL CU LIC S ESS;EXP BE 2010 WIN SBS WIN P SVR BDL CU LIC S ESS;EXP BE 2010 WIN SBS WIN P SVR BDL CU LIC S ESS;EXP BE 2010 WIN SBS WIN P SVR BDL CU LIC S ESS;;;;79;;
1;3;2094;1;495,8622;403,14;REW BE 2010 WIN SBS WIN P SVR BDL XG LIC BEQS D ESS;20093136;;REW BE 2010 WIN SBS WIN P SVR BDL XG LIC BEQS D ESS;REW BE 2010 WIN SBS WIN P SVR BDL XG LIC BEQS D ESS;REW BE 2010 WIN SBS WIN P SVR BDL XG LIC BEQS D ESS;REW BE 2010 WIN SBS WIN P SVR BDL XG LIC BEQS D ESS;;;;79;;
1;3;2094;1;467,6952;380,24;GOV BE 2010 WIN SBS WIN P SVR BDL VU LIC S BAS;20093137;;GOV BE 2010 WIN SBS WIN P SVR BDL VU LIC S BAS;GOV BE 2010 WIN SBS WIN P SVR BDL VU LIC S BAS;GOV BE 2010 WIN SBS WIN P SVR BDL VU LIC S BAS;GOV BE 2010 WIN SBS WIN P SVR BDL VU LIC S BAS;;;;79;;
1;3;2094;1;467,6952;380,24;AE BE 2010 WIN SBS WIN P SVR BDL CU LIC S BAS;20093161;;AE BE 2010 WIN SBS WIN P SVR BDL CU LIC S BAS;AE BE 2010 WIN SBS WIN P SVR BDL CU LIC S BAS;AE BE 2010 WIN SBS WIN P SVR BDL CU LIC S BAS;AE BE 2010 WIN SBS WIN P SVR BDL CU LIC S BAS;;;;79;;
1;3;2094;1;540,7941;439,67;REW BE 2010 WIN SBS WIN P SVR BDL XG LIC BEQS A BAS;20093162;;REW BE 2010 WIN SBS WIN P SVR BDL XG LIC BEQS A BAS;REW BE 2010 WIN SBS WIN P SVR BDL XG LIC BEQS A BAS;REW BE 2010 WIN SBS WIN P SVR BDL XG LIC BEQS A BAS;REW BE 2010 WIN SBS WIN P SVR BDL XG LIC BEQS A BAS;;;;79;;
1;3;2094;1;550,1052;447,24;REW BE 2010 WIN SBS WIN P SVR BDL XG LIC BEQS B ESS;20093163;;REW BE 2010 WIN SBS WIN P SVR BDL XG LIC BEQS B ESS;REW BE 2010 WIN SBS WIN P SVR BDL XG LIC BEQS B ESS;REW BE 2010 WIN SBS WIN P SVR BDL XG LIC BEQS B ESS;REW BE 2010 WIN SBS WIN P SVR BDL XG LIC BEQS B ESS;;;;79;;
1;3;2094;1;495,8622;403,14;AE BE 2010 WIN SBS WIN P SVR BDL XG LIC BEQS S ESS;20093164;;AE BE 2010 WIN SBS WIN P SVR BDL XG LIC BEQS S ESS;AE BE 2010 WIN SBS WIN P SVR BDL XG LIC BEQS S ESS;AE BE 2010 WIN SBS WIN P SVR BDL XG LIC BEQS S ESS;AE BE 2010 WIN SBS WIN P SVR BDL XG LIC BEQS S ESS;;;;79;;
1;3;2094;1;518,8509;421,83;REW BE 2010 WIN SBS WIN PER SVR BDL VU LIC B BAS;20093165;;REW BE 2010 WIN SBS WIN PER SVR BDL VU LIC B BAS;REW BE 2010 WIN SBS WIN PER SVR BDL VU LIC B BAS;REW BE 2010 WIN SBS WIN PER SVR BDL VU LIC B BAS;REW BE 2010 WIN SBS WIN PER SVR BDL VU LIC B BAS;;;;79;;
1;3;2094;1;495,8622;403,14;REW BE 2010 WIN SBS WIN PER SVR BDL VU LIC D ESS;20093166;;REW BE 2010 WIN SBS WIN PER SVR BDL VU LIC D ESS;REW BE 2010 WIN SBS WIN PER SVR BDL VU LIC D ESS;REW BE 2010 WIN SBS WIN PER SVR BDL VU LIC D ESS;REW BE 2010 WIN SBS WIN PER SVR BDL VU LIC D ESS;;;;79;;
1;3;2094;1;495,8622;403,14;REW BE 2010 WIN SBS WIN PER SVR BDL VU LIC E ESS;20093167;;REW BE 2010 WIN SBS WIN PER SVR BDL VU LIC E ESS;REW BE 2010 WIN SBS WIN PER SVR BDL VU LIC E ESS;REW BE 2010 WIN SBS WIN PER SVR BDL VU LIC E ESS;REW BE 2010 WIN SBS WIN PER SVR BDL VU LIC E ESS;;;;79;;
1;3;2094;1;495,8622;403,14;GOV BE 2010 WIN SBS WIN P SVR BDL VU LIC S ESS;20093168;;GOV BE 2010 WIN SBS WIN P SVR BDL VU LIC S ESS;GOV BE 2010 WIN SBS WIN P SVR BDL VU LIC S ESS;GOV BE 2010 WIN SBS WIN P SVR BDL VU LIC S ESS;GOV BE 2010 WIN SBS WIN P SVR BDL VU LIC S ESS;;;;79;;
1;3;2094;1;588,8379;478,73;EXP BE 2010 WIN SBS WIN P SVR BDL VU LIC S ESS;20093169;;EXP BE 2010 WIN SBS WIN P SVR BDL VU LIC S ESS;EXP BE 2010 WIN SBS WIN P SVR BDL VU LIC S ESS;EXP BE 2010 WIN SBS WIN P SVR BDL VU LIC S ESS;EXP BE 2010 WIN SBS WIN P SVR BDL VU LIC S ESS;;;;79;;
1;3;2094;1;496,9323;404,01;REW BE 2010 WIN SBS WIN PER SVR BDL CU LIC C BAS;20093170;;REW BE 2010 WIN SBS WIN PER SVR BDL CU LIC C BAS;REW BE 2010 WIN SBS WIN PER SVR BDL CU LIC C BAS;REW BE 2010 WIN SBS WIN PER SVR BDL CU LIC C BAS;REW BE 2010 WIN SBS WIN PER SVR BDL CU LIC C BAS;;;;79;;
1;3;2094;1;496,9323;404,01;REW BE 2010 WIN SBS WIN P SVR BDL XG LIC BEQS C BAS;20093172;;REW BE 2010 WIN SBS WIN P SVR BDL XG LIC BEQS C BAS;REW BE 2010 WIN SBS WIN P SVR BDL XG LIC BEQS C BAS;REW BE 2010 WIN SBS WIN P SVR BDL XG LIC BEQS C BAS;REW BE 2010 WIN SBS WIN P SVR BDL XG LIC BEQS C BAS;;;;79;;
1;3;2094;1;467,6952;380,24;REW BE 2010 WIN SBS WIN P SVR BDL XG LIC BEQS D BAS;20093173;;REW BE 2010 WIN SBS WIN P SVR BDL XG LIC BEQS D BAS;REW BE 2010 WIN SBS WIN P SVR BDL XG LIC BEQS D BAS;REW BE 2010 WIN SBS WIN P SVR BDL XG LIC BEQS D BAS;REW BE 2010 WIN SBS WIN P SVR BDL XG LIC BEQS D BAS;;;;79;;
1;3;2094;1;467,6952;380,24;GOV BE 2010 WIN SBS WIN P SVR BDL XG LIC BEQS S BAS;20093174;;GOV BE 2010 WIN SBS WIN P SVR BDL XG LIC BEQS S BAS;GOV BE 2010 WIN SBS WIN P SVR BDL XG LIC BEQS S BAS;GOV BE 2010 WIN SBS WIN P SVR BDL XG LIC BEQS S BAS;GOV BE 2010 WIN SBS WIN P SVR BDL XG LIC BEQS S BAS;;;;79;;
1;3;2094;1;555,3942;451,54;EXP BE 2010 WIN SBS WIN P SVR BDL VU LIC S BAS;20093177;;EXP BE 2010 WIN SBS WIN P SVR BDL VU LIC S BAS;EXP BE 2010 WIN SBS WIN P SVR BDL VU LIC S BAS;EXP BE 2010 WIN SBS WIN P SVR BDL VU LIC S BAS;EXP BE 2010 WIN SBS WIN P SVR BDL VU LIC S BAS;;;;79;;
1;3;2094;1;526,8582;428,34;REW BE 2010 WIN SBS WIN PER SVR BDL VU LIC C ESS;20093178;;REW BE 2010 WIN SBS WIN PER SVR BDL VU LIC C ESS;REW BE 2010 WIN SBS WIN PER SVR BDL VU LIC C ESS;REW BE 2010 WIN SBS WIN PER SVR BDL VU LIC C ESS;REW BE 2010 WIN SBS WIN PER SVR BDL VU LIC C ESS;;;;79;;
1;3;2094;1;526,8582;428,34;REW BE 2010 WIN SBS WIN PER SVR BDL CU LIC C ESS;20093179;;REW BE 2010 WIN SBS WIN PER SVR BDL CU LIC C ESS;REW BE 2010 WIN SBS WIN PER SVR BDL CU LIC C ESS;REW BE 2010 WIN SBS WIN PER SVR BDL CU LIC C ESS;REW BE 2010 WIN SBS WIN PER SVR BDL CU LIC C ESS;;;;79;;
1;3;2094;1;495,8622;403,14;REW BE 2010 WIN SBS WIN PER SVR BDL CU LIC E ESS;20093180;;REW BE 2010 WIN SBS WIN PER SVR BDL CU LIC E ESS;REW BE 2010 WIN SBS WIN PER SVR BDL CU LIC E ESS;REW BE 2010 WIN SBS WIN PER SVR BDL CU LIC E ESS;REW BE 2010 WIN SBS WIN PER SVR BDL CU LIC E ESS;;;;79;;
1;3;2094;1;518,8509;421,83;REW BE 2010 WIN SBS WIN P SVR BDL XG LIC BEQS B BAS;20093181;;REW BE 2010 WIN SBS WIN P SVR BDL XG LIC BEQS B BAS;REW BE 2010 WIN SBS WIN P SVR BDL XG LIC BEQS B BAS;REW BE 2010 WIN SBS WIN P SVR BDL XG LIC BEQS B BAS;REW BE 2010 WIN SBS WIN P SVR BDL XG LIC BEQS B BAS;;;;79;;
1;3;2094;1;555,3942;451,54;EXP BE 2010 WIN SBS WIN P SVR BDL XG LIC BEQS S BAS;20093182;;EXP BE 2010 WIN SBS WIN P SVR BDL XG LIC BEQS S BAS;EXP BE 2010 WIN SBS WIN P SVR BDL XG LIC BEQS S BAS;EXP BE 2010 WIN SBS WIN P SVR BDL XG LIC BEQS S BAS;EXP BE 2010 WIN SBS WIN P SVR BDL XG LIC BEQS S BAS;;;;79;;
1;3;2094;1;467,6952;380,24;AE BE 2010 WIN SBS WIN P SVR BDL VU LIC S BAS;20093183;;AE BE 2010 WIN SBS WIN P SVR BDL VU LIC S BAS;AE BE 2010 WIN SBS WIN P SVR BDL VU LIC S BAS;AE BE 2010 WIN SBS WIN P SVR BDL VU LIC S BAS;AE BE 2010 WIN SBS WIN P SVR BDL VU LIC S BAS;;;;79;;
1;3;2094;1;573,3399;466,13;REW BE 2010 WIN SBS WIN PER SVR BDL VU LIC A ESS;20093184;;REW BE 2010 WIN SBS WIN PER SVR BDL VU LIC A ESS;REW BE 2010 WIN SBS WIN PER SVR BDL VU LIC A ESS;REW BE 2010 WIN SBS WIN PER SVR BDL VU LIC A ESS;REW BE 2010 WIN SBS WIN PER SVR BDL VU LIC A ESS;;;;79;;
1;3;2094;1;495,8622;403,14;REW BE 2010 WIN SBS WIN P SVR BDL XG LIC BEQS E ESS;20093186;;REW BE 2010 WIN SBS WIN P SVR BDL XG LIC BEQS E ESS;REW BE 2010 WIN SBS WIN P SVR BDL XG LIC BEQS E ESS;REW BE 2010 WIN SBS WIN P SVR BDL XG LIC BEQS E ESS;REW BE 2010 WIN SBS WIN P SVR BDL XG LIC BEQS E ESS;;;;79;;
1;3;2094;1;588,8379;478,73;EXP BE 2010 WIN SBS WIN P SVR BDL XG LIC BEQS S ESS;20093187;;EXP BE 2010 WIN SBS WIN P SVR BDL XG LIC BEQS S ESS;EXP BE 2010 WIN SBS WIN P SVR BDL XG LIC BEQS S ESS;EXP BE 2010 WIN SBS WIN P SVR BDL XG LIC BEQS S ESS;EXP BE 2010 WIN SBS WIN P SVR BDL XG LIC BEQS S ESS;;;;79;;
1;3;2094;1;540,7941;439,67;REW BE 2010 WIN SBS WIN PER SVR BDL VU LIC A BAS;20093188;;REW BE 2010 WIN SBS WIN PER SVR BDL VU LIC A BAS;REW BE 2010 WIN SBS WIN PER SVR BDL VU LIC A BAS;REW BE 2010 WIN SBS WIN PER SVR BDL VU LIC A BAS;REW BE 2010 WIN SBS WIN PER SVR BDL VU LIC A BAS;;;;79;;
1;3;2094;1;467,6952;380,24;REW BE 2010 WIN SBS WIN PER SVR BDL VU LIC D BAS;20093189;;REW BE 2010 WIN SBS WIN PER SVR BDL VU LIC D BAS;REW BE 2010 WIN SBS WIN PER SVR BDL VU LIC D BAS;REW BE 2010 WIN SBS WIN PER SVR BDL VU LIC D BAS;REW BE 2010 WIN SBS WIN PER SVR BDL VU LIC D BAS;;;;79;;
1;3;2094;1;467,6952;380,24;REW BE 2010 WIN SBS WIN PER SVR BDL CU LIC D BAS;20093190;;REW BE 2010 WIN SBS WIN PER SVR BDL CU LIC D BAS;REW BE 2010 WIN SBS WIN PER SVR BDL CU LIC D BAS;REW BE 2010 WIN SBS WIN PER SVR BDL CU LIC D BAS;REW BE 2010 WIN SBS WIN PER SVR BDL CU LIC D BAS;;;;79;;
1;3;2094;1;467,6952;380,24;GOV BE 2010 WIN SBS WIN P SVR BDL CU LIC S BAS;20093191;;GOV BE 2010 WIN SBS WIN P SVR BDL CU LIC S BAS;GOV BE 2010 WIN SBS WIN P SVR BDL CU LIC S BAS;GOV BE 2010 WIN SBS WIN P SVR BDL CU LIC S BAS;GOV BE 2010 WIN SBS WIN P SVR BDL CU LIC S BAS;;;;79;;
1;3;2094;1;440,463;358,1;REW BE2010 OPT SYS ARCHIV WIN SVR BDL CU LIC E ESS;20093248;;REW BE2010 OPT SYS ARCHIV WIN SVR BDL CU LIC E ESS;REW BE2010 OPT SYS ARCHIV WIN SVR BDL CU LIC E ESS;REW BE2010 OPT SYS ARCHIV WIN SVR BDL CU LIC E ESS;REW BE2010 OPT SYS ARCHIV WIN SVR BDL CU LIC E ESS;;;;79;;
1;3;2094;1;440,463;358,1;GOV BE2010 OPT SYS ARCHIV WIN SVR BDL CU LIC S ESS;20093249;;GOV BE2010 OPT SYS ARCHIV WIN SVR BDL CU LIC S ESS;GOV BE2010 OPT SYS ARCHIV WIN SVR BDL CU LIC S ESS;GOV BE2010 OPT SYS ARCHIV WIN SVR BDL CU LIC S ESS;GOV BE2010 OPT SYS ARCHIV WIN SVR BDL CU LIC S ESS;;;;79;;
1;3;2094;1;460,881;374,7;REW BE2010 OPT SYS ARCHIV WIN SVR BDL CU LIC B BAS;20093253;;REW BE2010 OPT SYS ARCHIV WIN SVR BDL CU LIC B BAS;REW BE2010 OPT SYS ARCHIV WIN SVR BDL CU LIC B BAS;REW BE2010 OPT SYS ARCHIV WIN SVR BDL CU LIC B BAS;REW BE2010 OPT SYS ARCHIV WIN SVR BDL CU LIC B BAS;;;;79;;
1;3;2094;1;440,463;358,1;AE BE 2010 SYS ARCHIVING WIN SVR BDL CU LIC S ESS;20093254;;AE BE 2010 SYS ARCHIVING WIN SVR BDL CU LIC S ESS;AE BE 2010 SYS ARCHIVING WIN SVR BDL CU LIC S ESS;AE BE 2010 SYS ARCHIVING WIN SVR BDL CU LIC S ESS;AE BE 2010 SYS ARCHIVING WIN SVR BDL CU LIC S ESS;;;;79;;
1;3;2094;1;509,2938;414,06;REW BE2010 OPT SYS ARCHIV WIN SVR BDL CU LIC A ESS;20093269;;REW BE2010 OPT SYS ARCHIV WIN SVR BDL CU LIC A ESS;REW BE2010 OPT SYS ARCHIV WIN SVR BDL CU LIC A ESS;REW BE2010 OPT SYS ARCHIV WIN SVR BDL CU LIC A ESS;REW BE2010 OPT SYS ARCHIV WIN SVR BDL CU LIC A ESS;;;;79;;
1;3;2094;1;480,3519;390,53;REW BE2010 OPT SYS ARCHIV WIN SVR BDL CU LIC A BAS;20093273;;REW BE2010 OPT SYS ARCHIV WIN SVR BDL CU LIC A BAS;REW BE2010 OPT SYS ARCHIV WIN SVR BDL CU LIC A BAS;REW BE2010 OPT SYS ARCHIV WIN SVR BDL CU LIC A BAS;REW BE2010 OPT SYS ARCHIV WIN SVR BDL CU LIC A BAS;;;;79;;
1;3;2094;1;523,0575;425,25;EXP BE 2010 SYS ARCHIVING WIN SVR BDL CU LIC S ESS;20093274;;EXP BE 2010 SYS ARCHIVING WIN SVR BDL CU LIC S ESS;EXP BE 2010 SYS ARCHIVING WIN SVR BDL CU LIC S ESS;EXP BE 2010 SYS ARCHIVING WIN SVR BDL CU LIC S ESS;EXP BE 2010 SYS ARCHIVING WIN SVR BDL CU LIC S ESS;;;;79;;
1;3;2094;1;441,3978;358,86;REW BE2010 OPT SYS ARCHIV WIN SVR BDL CU LIC C BAS;20093275;;REW BE2010 OPT SYS ARCHIV WIN SVR BDL CU LIC C BAS;REW BE2010 OPT SYS ARCHIV WIN SVR BDL CU LIC C BAS;REW BE2010 OPT SYS ARCHIV WIN SVR BDL CU LIC C BAS;REW BE2010 OPT SYS ARCHIV WIN SVR BDL CU LIC C BAS;;;;79;;
1;3;2094;1;415,4448;337,76;REW BE2010 OPT SYS ARCHIV WIN SVR BDL CU LIC E BAS;20093279;;REW BE2010 OPT SYS ARCHIV WIN SVR BDL CU LIC E BAS;REW BE2010 OPT SYS ARCHIV WIN SVR BDL CU LIC E BAS;REW BE2010 OPT SYS ARCHIV WIN SVR BDL CU LIC E BAS;REW BE2010 OPT SYS ARCHIV WIN SVR BDL CU LIC E BAS;;;;79;;
1;3;2094;1;415,4448;337,76;AE BE 2010 SYS ARCHIVING WIN SVR BDL CU LIC S BAS;20093283;;AE BE 2010 SYS ARCHIVING WIN SVR BDL CU LIC S BAS;AE BE 2010 SYS ARCHIVING WIN SVR BDL CU LIC S BAS;AE BE 2010 SYS ARCHIVING WIN SVR BDL CU LIC S BAS;AE BE 2010 SYS ARCHIVING WIN SVR BDL CU LIC S BAS;;;;79;;
1;3;2094;1;415,4448;337,76;REW BE2010 OPT SYS ARCHIV WIN SVR BDL CU LIC D BAS;20093284;;REW BE2010 OPT SYS ARCHIV WIN SVR BDL CU LIC D BAS;REW BE2010 OPT SYS ARCHIV WIN SVR BDL CU LIC D BAS;REW BE2010 OPT SYS ARCHIV WIN SVR BDL CU LIC D BAS;REW BE2010 OPT SYS ARCHIV WIN SVR BDL CU LIC D BAS;;;;79;;
1;3;2094;1;415,4448;337,76;GOV BE2010 OPT SYS ARCHIV WIN SVR BDL CU LIC S BAS;20093289;;GOV BE2010 OPT SYS ARCHIV WIN SVR BDL CU LIC S BAS;GOV BE2010 OPT SYS ARCHIV WIN SVR BDL CU LIC S BAS;GOV BE2010 OPT SYS ARCHIV WIN SVR BDL CU LIC S BAS;GOV BE2010 OPT SYS ARCHIV WIN SVR BDL CU LIC S BAS;;;;79;;
1;3;2094;1;488,6544;397,28;REW BE2010 OPT SYS ARCHIV WIN SVR BDL CU LIC B ESS;20093290;;REW BE2010 OPT SYS ARCHIV WIN SVR BDL CU LIC B ESS;REW BE2010 OPT SYS ARCHIV WIN SVR BDL CU LIC B ESS;REW BE2010 OPT SYS ARCHIV WIN SVR BDL CU LIC B ESS;REW BE2010 OPT SYS ARCHIV WIN SVR BDL CU LIC B ESS;;;;79;;
1;3;2094;1;493,3407;401,09;EXP BE 2010 SYS ARCHIVING WIN SVR BDL CU LIC S BAS;20093294;;EXP BE 2010 SYS ARCHIVING WIN SVR BDL CU LIC S BAS;EXP BE 2010 SYS ARCHIVING WIN SVR BDL CU LIC S BAS;EXP BE 2010 SYS ARCHIVING WIN SVR BDL CU LIC S BAS;EXP BE 2010 SYS ARCHIVING WIN SVR BDL CU LIC S BAS;;;;79;;
1;3;2094;1;467,9904;380,48;REW BE2010 OPT SYS ARCHIV WIN SVR BDL CU LIC C ESS;20093295;;REW BE2010 OPT SYS ARCHIV WIN SVR BDL CU LIC C ESS;REW BE2010 OPT SYS ARCHIV WIN SVR BDL CU LIC C ESS;REW BE2010 OPT SYS ARCHIV WIN SVR BDL CU LIC C ESS;REW BE2010 OPT SYS ARCHIV WIN SVR BDL CU LIC C ESS;;;;79;;
1;3;2094;1;440,463;358,1;REW BE2010 OPT SYS ARCHIV WIN SVR BDL CU LIC D ESS;20093296;;REW BE2010 OPT SYS ARCHIV WIN SVR BDL CU LIC D ESS;REW BE2010 OPT SYS ARCHIV WIN SVR BDL CU LIC D ESS;REW BE2010 OPT SYS ARCHIV WIN SVR BDL CU LIC D ESS;REW BE2010 OPT SYS ARCHIV WIN SVR BDL CU LIC D ESS;;;;79;;
1;3;2094;1;108,2646;88,02;REW BE 2010 OPT EXCH MBOX ARCHV WIN1-10CU LIC C BAS;20093495;;REW BE 2010 OPT EXCH MBOX ARCHV WIN1-10CU LIC C BAS;REW BE 2010 OPT EXCH MBOX ARCHV WIN1-10CU LIC C BAS;REW BE 2010 OPT EXCH MBOX ARCHV WIN1-10CU LIC C BAS;REW BE 2010 OPT EXCH MBOX ARCHV WIN1-10CU LIC C BAS;;;;79;;
1;3;2094;1;108,0432;87,84;GOV BE 2010 OPT EXCH MBOX ARCHV WIN1-10CU LIC S ESS;20093497;;GOV BE 2010 OPT EXCH MBOX ARCHV WIN1-10CU LIC S ESS;GOV BE 2010 OPT EXCH MBOX ARCHV WIN1-10CU LIC S ESS;GOV BE 2010 OPT EXCH MBOX ARCHV WIN1-10CU LIC S ESS;GOV BE 2010 OPT EXCH MBOX ARCHV WIN1-10CU LIC S ESS;;;;79;;
1;3;2094;1;1080,3951;878,37;REW BE 2010 OPT EXCH MBOX ARCH WIN1-100CU LIC D ESS;20093503;;REW BE 2010 OPT EXCH MBOX ARCH WIN1-100CU LIC D ESS;REW BE 2010 OPT EXCH MBOX ARCH WIN1-100CU LIC D ESS;REW BE 2010 OPT EXCH MBOX ARCH WIN1-100CU LIC D ESS;REW BE 2010 OPT EXCH MBOX ARCH WIN1-100CU LIC D ESS;;;;79;;
1;3;2094;1;1080,3951;878,37;REW BE 2010 OPT EXCH MBOX ARCH WIN1-100CU LIC E ESS;20093504;;REW BE 2010 OPT EXCH MBOX ARCH WIN1-100CU LIC E ESS;REW BE 2010 OPT EXCH MBOX ARCH WIN1-100CU LIC E ESS;REW BE 2010 OPT EXCH MBOX ARCH WIN1-100CU LIC E ESS;REW BE 2010 OPT EXCH MBOX ARCH WIN1-100CU LIC E ESS;;;;79;;
1;3;2094;1;117,8217;95,79;REW BE 2010 OPT EXCH MBOX ARCHV WIN1-10CU LIC A BAS;20093509;;REW BE 2010 OPT EXCH MBOX ARCHV WIN1-10CU LIC A BAS;REW BE 2010 OPT EXCH MBOX ARCHV WIN1-10CU LIC A BAS;REW BE 2010 OPT EXCH MBOX ARCHV WIN1-10CU LIC A BAS;REW BE 2010 OPT EXCH MBOX ARCHV WIN1-10CU LIC A BAS;;;;79;;
1;3;2094;1;1082,6952;880,24;REW BE 2010 OPT EXCH MBOX ARCH WIN1-100CU LIC C BAS;20093532;;REW BE 2010 OPT EXCH MBOX ARCH WIN1-100CU LIC C BAS;REW BE 2010 OPT EXCH MBOX ARCH WIN1-100CU LIC C BAS;REW BE 2010 OPT EXCH MBOX ARCH WIN1-100CU LIC C BAS;REW BE 2010 OPT EXCH MBOX ARCH WIN1-100CU LIC C BAS;;;;79;;
1;3;2094;1;1210,074;983,8;EXP BE2010EXCH MBOX ARCHV WIN1-100MBOX CU LIC S BAS;20093533;;EXP BE2010EXCH MBOX ARCHV WIN1-100MBOX CU LIC S BAS;EXP BE2010EXCH MBOX ARCHV WIN1-100MBOX CU LIC S BAS;EXP BE2010EXCH MBOX ARCHV WIN1-100MBOX CU LIC S BAS;EXP BE2010EXCH MBOX ARCHV WIN1-100MBOX CU LIC S BAS;;;;79;;
1;3;2094;1;1249,2126;1015,62;REW BE 2010 OPT EXCH MBOX ARCH WIN1-100CU LIC A ESS;20093534;;REW BE 2010 OPT EXCH MBOX ARCH WIN1-100CU LIC A ESS;REW BE 2010 OPT EXCH MBOX ARCH WIN1-100CU LIC A ESS;REW BE 2010 OPT EXCH MBOX ARCH WIN1-100CU LIC A ESS;REW BE 2010 OPT EXCH MBOX ARCH WIN1-100CU LIC A ESS;;;;79;;
1;3;2094;1;1282,9638;1043,06;EXP BE2010EXCH MBOX ARCHV WIN1-100MBOX CU LIC S ESS;20093535;;EXP BE2010EXCH MBOX ARCHV WIN1-100MBOX CU LIC S ESS;EXP BE2010EXCH MBOX ARCHV WIN1-100MBOX CU LIC S ESS;EXP BE2010EXCH MBOX ARCHV WIN1-100MBOX CU LIC S ESS;EXP BE2010EXCH MBOX ARCHV WIN1-100MBOX CU LIC S ESS;;;;79;;
1;3;2094;1;1147,9221;933,27;REW BE 2010 OPT EXCH MBOX ARCH WIN1-100CU LIC C ESS;20093541;;REW BE 2010 OPT EXCH MBOX ARCH WIN1-100CU LIC C ESS;REW BE 2010 OPT EXCH MBOX ARCH WIN1-100CU LIC C ESS;REW BE 2010 OPT EXCH MBOX ARCH WIN1-100CU LIC C ESS;REW BE 2010 OPT EXCH MBOX ARCH WIN1-100CU LIC C ESS;;;;79;;
1;3;2094;1;1080,3951;878,37;GOV BE 2010 OPT EXCH MBOX ARCHV WIN1-100CU LIC S ES;20093544;;GOV BE 2010 OPT EXCH MBOX ARCHV WIN1-100CU LIC S ES;GOV BE 2010 OPT EXCH MBOX ARCHV WIN1-100CU LIC S ES;GOV BE 2010 OPT EXCH MBOX ARCHV WIN1-100CU LIC S ES;GOV BE 2010 OPT EXCH MBOX ARCHV WIN1-100CU LIC S ES;;;;79;;
1;3;2094;1;113,037;91,9;REW BE 2010 OPT EXCH MBOX ARCHV WIN1-10CU LIC B BAS;20093548;;REW BE 2010 OPT EXCH MBOX ARCHV WIN1-10CU LIC B BAS;REW BE 2010 OPT EXCH MBOX ARCHV WIN1-10CU LIC B BAS;REW BE 2010 OPT EXCH MBOX ARCHV WIN1-10CU LIC B BAS;REW BE 2010 OPT EXCH MBOX ARCHV WIN1-10CU LIC B BAS;;;;79;;
1;3;2094;1;101,8932;82,84;REW BE 2010 OPT EXCH MBOX ARCHV WIN1-10CU LIC D BAS;20093549;;REW BE 2010 OPT EXCH MBOX ARCHV WIN1-10CU LIC D BAS;REW BE 2010 OPT EXCH MBOX ARCHV WIN1-10CU LIC D BAS;REW BE 2010 OPT EXCH MBOX ARCHV WIN1-10CU LIC D BAS;REW BE 2010 OPT EXCH MBOX ARCHV WIN1-10CU LIC D BAS;;;;79;;
1;3;2094;1;101,8932;82,84;GOV BE 2010 OPT EXCH MBOX ARCHV WIN1-10CU LIC S BAS;20093550;;GOV BE 2010 OPT EXCH MBOX ARCHV WIN1-10CU LIC S BAS;GOV BE 2010 OPT EXCH MBOX ARCHV WIN1-10CU LIC S BAS;GOV BE 2010 OPT EXCH MBOX ARCHV WIN1-10CU LIC S BAS;GOV BE 2010 OPT EXCH MBOX ARCHV WIN1-10CU LIC S BAS;;;;79;;
1;3;2094;1;121,0197;98,39;EXP BE2010EXCH MBOX ARCHV WIN 1-10MBOX CU LIC S BAS;20093551;;EXP BE2010EXCH MBOX ARCHV WIN 1-10MBOX CU LIC S BAS;EXP BE2010EXCH MBOX ARCHV WIN 1-10MBOX CU LIC S BAS;EXP BE2010EXCH MBOX ARCHV WIN 1-10MBOX CU LIC S BAS;EXP BE2010EXCH MBOX ARCHV WIN 1-10MBOX CU LIC S BAS;;;;79;;
1;3;2094;1;1019,0058;828,46;REW BE 2010 OPT EXCH MBOX ARCH WIN1-100CU LIC E BAS;20093556;;REW BE 2010 OPT EXCH MBOX ARCH WIN1-100CU LIC E BAS;REW BE 2010 OPT EXCH MBOX ARCH WIN1-100CU LIC E BAS;REW BE 2010 OPT EXCH MBOX ARCH WIN1-100CU LIC E BAS;REW BE 2010 OPT EXCH MBOX ARCH WIN1-100CU LIC E BAS;;;;79;;
1;3;2094;1;108,0432;87,84;AE BE2010EXCH MBOX ARCHIV WIN 1-10MBOX CU LIC S ESS;20093565;;AE BE2010EXCH MBOX ARCHIV WIN 1-10MBOX CU LIC S ESS;AE BE2010EXCH MBOX ARCHIV WIN 1-10MBOX CU LIC S ESS;AE BE2010EXCH MBOX ARCHIV WIN 1-10MBOX CU LIC S ESS;AE BE2010EXCH MBOX ARCHIV WIN 1-10MBOX CU LIC S ESS;;;;79;;
1;3;2094;1;1019,0058;828,46;AE BE2010EXCH MBOX ARCHIV WIN1-100MBOX CU LIC S BAS;20093567;;AE BE2010EXCH MBOX ARCHIV WIN1-100MBOX CU LIC S BAS;AE BE2010EXCH MBOX ARCHIV WIN1-100MBOX CU LIC S BAS;AE BE2010EXCH MBOX ARCHIV WIN1-100MBOX CU LIC S BAS;AE BE2010EXCH MBOX ARCHIV WIN1-100MBOX CU LIC S BAS;;;;79;;
1;3;2094;1;124,9188;101,56;REW BE 2010 OPT EXCH MBOX ARCHV WIN1-10CU LIC A ESS;20093574;;REW BE 2010 OPT EXCH MBOX ARCHV WIN1-10CU LIC A ESS;REW BE 2010 OPT EXCH MBOX ARCHV WIN1-10CU LIC A ESS;REW BE 2010 OPT EXCH MBOX ARCHV WIN1-10CU LIC A ESS;REW BE 2010 OPT EXCH MBOX ARCHV WIN1-10CU LIC A ESS;;;;79;;
1;3;2094;1;114,7836;93,32;REW BE 2010 OPT EXCH MBOX ARCHV WIN1-10CU LIC C ESS;20093575;;REW BE 2010 OPT EXCH MBOX ARCHV WIN1-10CU LIC C ESS;REW BE 2010 OPT EXCH MBOX ARCHV WIN1-10CU LIC C ESS;REW BE 2010 OPT EXCH MBOX ARCHV WIN1-10CU LIC C ESS;REW BE 2010 OPT EXCH MBOX ARCHV WIN1-10CU LIC C ESS;;;;79;;
1;3;2094;1;1080,3951;878,37;AE BE2010EXCH MBOX ARCHIV WIN1-100MBOX CU LIC S ESS;20093576;;AE BE2010EXCH MBOX ARCHIV WIN1-100MBOX CU LIC S ESS;AE BE2010EXCH MBOX ARCHIV WIN1-100MBOX CU LIC S ESS;AE BE2010EXCH MBOX ARCHIV WIN1-100MBOX CU LIC S ESS;AE BE2010EXCH MBOX ARCHIV WIN1-100MBOX CU LIC S ESS;;;;79;;
1;3;2094;1;108,0432;87,84;REW BE 2010 OPT EXCH MBOX ARCHV WIN1-10CU LIC E ESS;20093577;;REW BE 2010 OPT EXCH MBOX ARCHV WIN1-10CU LIC E ESS;REW BE 2010 OPT EXCH MBOX ARCHV WIN1-10CU LIC E ESS;REW BE 2010 OPT EXCH MBOX ARCHV WIN1-10CU LIC E ESS;REW BE 2010 OPT EXCH MBOX ARCHV WIN1-10CU LIC E ESS;;;;79;;
1;3;2094;1;1019,0058;828,46;GOV BE 2010 OPT EXCH MBOX ARCHV WIN1-100CU LIC S BA;20093581;;GOV BE 2010 OPT EXCH MBOX ARCHV WIN1-100CU LIC S BA;GOV BE 2010 OPT EXCH MBOX ARCHV WIN1-100CU LIC S BA;GOV BE 2010 OPT EXCH MBOX ARCHV WIN1-100CU LIC S BA;GOV BE 2010 OPT EXCH MBOX ARCHV WIN1-100CU LIC S BA;;;;79;;
1;3;2094;1;1198,5612;974,44;REW BE 2010 OPT EXCH MBOX ARCH WIN1-100CU LIC B ESS;20093582;;REW BE 2010 OPT EXCH MBOX ARCH WIN1-100CU LIC B ESS;REW BE 2010 OPT EXCH MBOX ARCH WIN1-100CU LIC B ESS;REW BE 2010 OPT EXCH MBOX ARCH WIN1-100CU LIC B ESS;REW BE 2010 OPT EXCH MBOX ARCH WIN1-100CU LIC B ESS;;;;79;;
1;3;2094;1;101,8932;82,84;REW BE 2010 OPT EXCH MBOX ARCHV WIN1-10CU LIC E BAS;20093583;;REW BE 2010 OPT EXCH MBOX ARCHV WIN1-10CU LIC E BAS;REW BE 2010 OPT EXCH MBOX ARCHV WIN1-10CU LIC E BAS;REW BE 2010 OPT EXCH MBOX ARCHV WIN1-10CU LIC E BAS;REW BE 2010 OPT EXCH MBOX ARCHV WIN1-10CU LIC E BAS;;;;79;;
1;3;2094;1;128,3013;104,31;EXP BE2010EXCH MBOX ARCHV WIN 1-10MBOX CU LIC S ESS;20093584;;EXP BE2010EXCH MBOX ARCHV WIN 1-10MBOX CU LIC S ESS;EXP BE2010EXCH MBOX ARCHV WIN 1-10MBOX CU LIC S ESS;EXP BE2010EXCH MBOX ARCHV WIN 1-10MBOX CU LIC S ESS;EXP BE2010EXCH MBOX ARCHV WIN 1-10MBOX CU LIC S ESS;;;;79;;
1;3;2094;1;1178,2293;957,91;REW BE 2010 OPT EXCH MBOX ARCH WIN1-100CU LIC A BAS;20093587;;REW BE 2010 OPT EXCH MBOX ARCH WIN1-100CU LIC A BAS;REW BE 2010 OPT EXCH MBOX ARCH WIN1-100CU LIC A BAS;REW BE 2010 OPT EXCH MBOX ARCH WIN1-100CU LIC A BAS;REW BE 2010 OPT EXCH MBOX ARCH WIN1-100CU LIC A BAS;;;;79;;
1;3;2094;1;1130,4561;919,07;REW BE 2010 OPT EXCH MBOX ARCH WIN1-100CU LIC B BAS;20093588;;REW BE 2010 OPT EXCH MBOX ARCH WIN1-100CU LIC B BAS;REW BE 2010 OPT EXCH MBOX ARCH WIN1-100CU LIC B BAS;REW BE 2010 OPT EXCH MBOX ARCH WIN1-100CU LIC B BAS;REW BE 2010 OPT EXCH MBOX ARCH WIN1-100CU LIC B BAS;;;;79;;
1;3;2094;1;101,8932;82,84;AE BE2010EXCH MBOX ARCHIV WIN 1-10MBOX CU LIC S BAS;20093595;;AE BE2010EXCH MBOX ARCHIV WIN 1-10MBOX CU LIC S BAS;AE BE2010EXCH MBOX ARCHIV WIN 1-10MBOX CU LIC S BAS;AE BE2010EXCH MBOX ARCHIV WIN 1-10MBOX CU LIC S BAS;AE BE2010EXCH MBOX ARCHIV WIN 1-10MBOX CU LIC S BAS;;;;79;;
1;3;2094;1;119,8758;97,46;REW BE 2010 OPT EXCH MBOX ARCHV WIN1-10CU LIC B ESS;20093596;;REW BE 2010 OPT EXCH MBOX ARCHV WIN1-10CU LIC B ESS;REW BE 2010 OPT EXCH MBOX ARCHV WIN1-10CU LIC B ESS;REW BE 2010 OPT EXCH MBOX ARCHV WIN1-10CU LIC B ESS;REW BE 2010 OPT EXCH MBOX ARCHV WIN1-10CU LIC B ESS;;;;79;;
1;3;2094;1;108,0432;87,84;REW BE 2010 OPT EXCH MBOX ARCHV WIN1-10CU LIC D ESS;20093597;;REW BE 2010 OPT EXCH MBOX ARCHV WIN1-10CU LIC D ESS;REW BE 2010 OPT EXCH MBOX ARCHV WIN1-10CU LIC D ESS;REW BE 2010 OPT EXCH MBOX ARCHV WIN1-10CU LIC D ESS;REW BE 2010 OPT EXCH MBOX ARCHV WIN1-10CU LIC D ESS;;;;79;;
1;3;2094;1;1019,0058;828,46;REW BE 2010 OPT EXCH MBOX ARCH WIN1-100CU LIC D BAS;20093601;;REW BE 2010 OPT EXCH MBOX ARCH WIN1-100CU LIC D BAS;REW BE 2010 OPT EXCH MBOX ARCH WIN1-100CU LIC D BAS;REW BE 2010 OPT EXCH MBOX ARCH WIN1-100CU LIC D BAS;REW BE 2010 OPT EXCH MBOX ARCH WIN1-100CU LIC D BAS;;;;79;;
1;3;2094;1;1105,3149;898,63;REW BE2010 OPT DEDUPLICAT WIN SVR BDL CU LIC D ESS;20093602;;REW BE2010 OPT DEDUPLICAT WIN SVR BDL CU LIC D ESS;REW BE2010 OPT DEDUPLICAT WIN SVR BDL CU LIC D ESS;REW BE2010 OPT DEDUPLICAT WIN SVR BDL CU LIC D ESS;REW BE2010 OPT DEDUPLICAT WIN SVR BDL CU LIC D ESS;;;;79;;
1;3;2094;1;1042,5111;847,57;REW BE2010 OPT DEDUPLICAT WIN SVR BDL CU LIC E BAS;20093624;;REW BE2010 OPT DEDUPLICAT WIN SVR BDL CU LIC E BAS;REW BE2010 OPT DEDUPLICAT WIN SVR BDL CU LIC E BAS;REW BE2010 OPT DEDUPLICAT WIN SVR BDL CU LIC E BAS;REW BE2010 OPT DEDUPLICAT WIN SVR BDL CU LIC E BAS;;;;79;;
1;3;2094;1;1105,3149;898,63;REW BE2010 OPT DEDUPLICAT WIN SVR BDL CU LIC E ESS;20093626;;REW BE2010 OPT DEDUPLICAT WIN SVR BDL CU LIC E ESS;REW BE2010 OPT DEDUPLICAT WIN SVR BDL CU LIC E ESS;REW BE2010 OPT DEDUPLICAT WIN SVR BDL CU LIC E ESS;REW BE2010 OPT DEDUPLICAT WIN SVR BDL CU LIC E ESS;;;;79;;
1;3;2094;1;1107,6765;900,55;REW BE2010 OPT DEDUPLICAT WIN SVR BDL CU LIC C BAS;20093631;;REW BE2010 OPT DEDUPLICAT WIN SVR BDL CU LIC C BAS;REW BE2010 OPT DEDUPLICAT WIN SVR BDL CU LIC C BAS;REW BE2010 OPT DEDUPLICAT WIN SVR BDL CU LIC C BAS;REW BE2010 OPT DEDUPLICAT WIN SVR BDL CU LIC C BAS;;;;79;;
1;3;2094;1;1105,3149;898,63;GOV BE 2010 DEDUPLICATION WIN SVR BDL CU LIC S ESS;20093632;;GOV BE 2010 DEDUPLICATION WIN SVR BDL CU LIC S ESS;GOV BE 2010 DEDUPLICATION WIN SVR BDL CU LIC S ESS;GOV BE 2010 DEDUPLICATION WIN SVR BDL CU LIC S ESS;GOV BE 2010 DEDUPLICATION WIN SVR BDL CU LIC S ESS;;;;79;;
1;3;2094;1;1205,4;980;REW BE2010 OPT DEDUPLICAT WIN SVR BDL CU LIC A BAS;20093635;;REW BE2010 OPT DEDUPLICAT WIN SVR BDL CU LIC A BAS;REW BE2010 OPT DEDUPLICAT WIN SVR BDL CU LIC A BAS;REW BE2010 OPT DEDUPLICAT WIN SVR BDL CU LIC A BAS;REW BE2010 OPT DEDUPLICAT WIN SVR BDL CU LIC A BAS;;;;79;;
1;3;2094;1;1156,5444;940,28;REW BE2010 OPT DEDUPLICAT WIN SVR BDL CU LIC B BAS;20093636;;REW BE2010 OPT DEDUPLICAT WIN SVR BDL CU LIC B BAS;REW BE2010 OPT DEDUPLICAT WIN SVR BDL CU LIC B BAS;REW BE2010 OPT DEDUPLICAT WIN SVR BDL CU LIC B BAS;REW BE2010 OPT DEDUPLICAT WIN SVR BDL CU LIC B BAS;;;;79;;
1;3;2094;1;1237,995;1006,5;EXP BE 2010 DEDUPLICATION WIN SVR BDL CU LIC S BAS;20093637;;EXP BE 2010 DEDUPLICATION WIN SVR BDL CU LIC S BAS;EXP BE 2010 DEDUPLICATION WIN SVR BDL CU LIC S BAS;EXP BE 2010 DEDUPLICATION WIN SVR BDL CU LIC S BAS;EXP BE 2010 DEDUPLICATION WIN SVR BDL CU LIC S BAS;;;;79;;
1;3;2094;1;1042,5111;847,57;REW BE2010 OPT DEDUPLICAT WIN SVR BDL CU LIC D BAS;20093640;;REW BE2010 OPT DEDUPLICAT WIN SVR BDL CU LIC D BAS;REW BE2010 OPT DEDUPLICAT WIN SVR BDL CU LIC D BAS;REW BE2010 OPT DEDUPLICAT WIN SVR BDL CU LIC D BAS;REW BE2010 OPT DEDUPLICAT WIN SVR BDL CU LIC D BAS;;;;79;;
1;3;2094;1;1042,5111;847,57;AE BE 2010 DEDUPLICATION WIN SVR BDL CU LIC S BAS;20093641;;AE BE 2010 DEDUPLICATION WIN SVR BDL CU LIC S BAS;AE BE 2010 DEDUPLICATION WIN SVR BDL CU LIC S BAS;AE BE 2010 DEDUPLICATION WIN SVR BDL CU LIC S BAS;AE BE 2010 DEDUPLICATION WIN SVR BDL CU LIC S BAS;;;;79;;
1;3;2094;1;1278,0192;1039,04;REW BE2010 OPT DEDUPLICAT WIN SVR BDL CU LIC A ESS;20093642;;REW BE2010 OPT DEDUPLICAT WIN SVR BDL CU LIC A ESS;REW BE2010 OPT DEDUPLICAT WIN SVR BDL CU LIC A ESS;REW BE2010 OPT DEDUPLICAT WIN SVR BDL CU LIC A ESS;REW BE2010 OPT DEDUPLICAT WIN SVR BDL CU LIC A ESS;;;;79;;
1;3;2094;1;1105,3149;898,63;AE BE 2010 DEDUPLICATION WIN SVR BDL CU LIC S ESS;20093644;;AE BE 2010 DEDUPLICATION WIN SVR BDL CU LIC S ESS;AE BE 2010 DEDUPLICATION WIN SVR BDL CU LIC S ESS;AE BE 2010 DEDUPLICATION WIN SVR BDL CU LIC S ESS;AE BE 2010 DEDUPLICATION WIN SVR BDL CU LIC S ESS;;;;79;;
1;3;2094;1;1312,5822;1067,14;EXP BE 2010 DEDUPLICATION WIN SVR BDL CU LIC S ESS;20093648;;EXP BE 2010 DEDUPLICATION WIN SVR BDL CU LIC S ESS;EXP BE 2010 DEDUPLICATION WIN SVR BDL CU LIC S ESS;EXP BE 2010 DEDUPLICATION WIN SVR BDL CU LIC S ESS;EXP BE 2010 DEDUPLICATION WIN SVR BDL CU LIC S ESS;;;;79;;
1;3;2094;1;1174,404;954,8;REW BE2010 OPT DEDUPLICAT WIN SVR BDL CU LIC C ESS;20093649;;REW BE2010 OPT DEDUPLICAT WIN SVR BDL CU LIC C ESS;REW BE2010 OPT DEDUPLICAT WIN SVR BDL CU LIC C ESS;REW BE2010 OPT DEDUPLICAT WIN SVR BDL CU LIC C ESS;REW BE2010 OPT DEDUPLICAT WIN SVR BDL CU LIC C ESS;;;;79;;
1;3;2094;1;1042,5111;847,57;GOV BE 2010 DEDUPLICATION WIN SVR BDL CU LIC S BAS;20093651;;GOV BE 2010 DEDUPLICATION WIN SVR BDL CU LIC S BAS;GOV BE 2010 DEDUPLICATION WIN SVR BDL CU LIC S BAS;GOV BE 2010 DEDUPLICATION WIN SVR BDL CU LIC S BAS;GOV BE 2010 DEDUPLICATION WIN SVR BDL CU LIC S BAS;;;;79;;
1;3;2094;1;1226,2239;996,93;REW BE2010 OPT DEDUPLICAT WIN SVR BDL CU LIC B ESS;20093652;;REW BE2010 OPT DEDUPLICAT WIN SVR BDL CU LIC B ESS;REW BE2010 OPT DEDUPLICAT WIN SVR BDL CU LIC B ESS;REW BE2010 OPT DEDUPLICAT WIN SVR BDL CU LIC B ESS;REW BE2010 OPT DEDUPLICAT WIN SVR BDL CU LIC B ESS;;;;79;;
1;3;2094;1;1773,9552;1442,24;REW BE2010 OPT VTL U/L DR WIN SVR BDL CU LIC C BAS;20093659;;REW BE2010 OPT VTL U/L DR WIN SVR BDL CU LIC C BAS;REW BE2010 OPT VTL U/L DR WIN SVR BDL CU LIC C BAS;REW BE2010 OPT VTL U/L DR WIN SVR BDL CU LIC C BAS;REW BE2010 OPT VTL U/L DR WIN SVR BDL CU LIC C BAS;;;;79;;
1;3;2094;1;1669,602;1357,4;GOV BE2010 OPT VTL U/L DR WIN SVR BDL CU LIC S BAS;20093660;;GOV BE2010 OPT VTL U/L DR WIN SVR BDL CU LIC S BAS;GOV BE2010 OPT VTL U/L DR WIN SVR BDL CU LIC S BAS;GOV BE2010 OPT VTL U/L DR WIN SVR BDL CU LIC S BAS;GOV BE2010 OPT VTL U/L DR WIN SVR BDL CU LIC S BAS;;;;79;;
1;3;2094;1;2046,7692;1664,04;REW BE2010 OPT VTL U/L DR WIN SVR BDL CU LIC A ESS;20093661;;REW BE2010 OPT VTL U/L DR WIN SVR BDL CU LIC A ESS;REW BE2010 OPT VTL U/L DR WIN SVR BDL CU LIC A ESS;REW BE2010 OPT VTL U/L DR WIN SVR BDL CU LIC A ESS;REW BE2010 OPT VTL U/L DR WIN SVR BDL CU LIC A ESS;;;;79;;
1;3;2094;1;1770,1668;1439,16;REW BE2010 OPT VTL U/L DR WIN SVR BDL CU LIC E ESS;20093662;;REW BE2010 OPT VTL U/L DR WIN SVR BDL CU LIC E ESS;REW BE2010 OPT VTL U/L DR WIN SVR BDL CU LIC E ESS;REW BE2010 OPT VTL U/L DR WIN SVR BDL CU LIC E ESS;REW BE2010 OPT VTL U/L DR WIN SVR BDL CU LIC E ESS;;;;79;;
1;3;2094;1;1669,602;1357,4;REW BE2010 OPT VTL U/L DR WIN SVR BDL CU LIC D BAS;20093665;;REW BE2010 OPT VTL U/L DR WIN SVR BDL CU LIC D BAS;REW BE2010 OPT VTL U/L DR WIN SVR BDL CU LIC D BAS;REW BE2010 OPT VTL U/L DR WIN SVR BDL CU LIC D BAS;REW BE2010 OPT VTL U/L DR WIN SVR BDL CU LIC D BAS;;;;79;;
1;3;2094;1;1770,1668;1439,16;GOV BE2010 OPT VTL U/L DR WIN SVR BDL CU LIC S ESS;20093666;;GOV BE2010 OPT VTL U/L DR WIN SVR BDL CU LIC S ESS;GOV BE2010 OPT VTL U/L DR WIN SVR BDL CU LIC S ESS;GOV BE2010 OPT VTL U/L DR WIN SVR BDL CU LIC S ESS;GOV BE2010 OPT VTL U/L DR WIN SVR BDL CU LIC S ESS;;;;79;;
1;3;2094;1;1982,637;1611,9;EXP BE2010 OPT VTL U/L DR WIN SVR BDL CU LIC S BAS;20093673;;EXP BE2010 OPT VTL U/L DR WIN SVR BDL CU LIC S BAS;EXP BE2010 OPT VTL U/L DR WIN SVR BDL CU LIC S BAS;EXP BE2010 OPT VTL U/L DR WIN SVR BDL CU LIC S BAS;EXP BE2010 OPT VTL U/L DR WIN SVR BDL CU LIC S BAS;;;;79;;
1;3;2094;1;1669,602;1357,4;AE BE 2010 OPT VTL U/L DR WIN SVR BDL CU LIC S BAS;20093693;;AE BE 2010 OPT VTL U/L DR WIN SVR BDL CU LIC S BAS;AE BE 2010 OPT VTL U/L DR WIN SVR BDL CU LIC S BAS;AE BE 2010 OPT VTL U/L DR WIN SVR BDL CU LIC S BAS;AE BE 2010 OPT VTL U/L DR WIN SVR BDL CU LIC S BAS;;;;79;;
1;3;2094;1;1770,1668;1439,16;REW BE2010 OPT VTL U/L DR WIN SVR BDL CU LIC D ESS;20093694;;REW BE2010 OPT VTL U/L DR WIN SVR BDL CU LIC D ESS;REW BE2010 OPT VTL U/L DR WIN SVR BDL CU LIC D ESS;REW BE2010 OPT VTL U/L DR WIN SVR BDL CU LIC D ESS;REW BE2010 OPT VTL U/L DR WIN SVR BDL CU LIC D ESS;;;;79;;
1;3;2094;1;1852,2201;1505,87;REW BE2010 OPT VTL U/L DR WIN SVR BDL CU LIC B BAS;20093698;;REW BE2010 OPT VTL U/L DR WIN SVR BDL CU LIC B BAS;REW BE2010 OPT VTL U/L DR WIN SVR BDL CU LIC B BAS;REW BE2010 OPT VTL U/L DR WIN SVR BDL CU LIC B BAS;REW BE2010 OPT VTL U/L DR WIN SVR BDL CU LIC B BAS;;;;79;;
1;3;2094;1;1669,602;1357,4;REW BE2010 OPT VTL U/L DR WIN SVR BDL CU LIC E BAS;20093700;;REW BE2010 OPT VTL U/L DR WIN SVR BDL CU LIC E BAS;REW BE2010 OPT VTL U/L DR WIN SVR BDL CU LIC E BAS;REW BE2010 OPT VTL U/L DR WIN SVR BDL CU LIC E BAS;REW BE2010 OPT VTL U/L DR WIN SVR BDL CU LIC E BAS;;;;79;;
1;3;2094;1;1880,8053;1529,11;REW BE2010 OPT VTL U/L DR WIN SVR BDL CU LIC C ESS;20093701;;REW BE2010 OPT VTL U/L DR WIN SVR BDL CU LIC C ESS;REW BE2010 OPT VTL U/L DR WIN SVR BDL CU LIC C ESS;REW BE2010 OPT VTL U/L DR WIN SVR BDL CU LIC C ESS;REW BE2010 OPT VTL U/L DR WIN SVR BDL CU LIC C ESS;;;;79;;
1;3;2094;1;1930,485;1569,5;REW BE2010 OPT VTL U/L DR WIN SVR BDL CU LIC A BAS;20093703;;REW BE2010 OPT VTL U/L DR WIN SVR BDL CU LIC A BAS;REW BE2010 OPT VTL U/L DR WIN SVR BDL CU LIC A BAS;REW BE2010 OPT VTL U/L DR WIN SVR BDL CU LIC A BAS;REW BE2010 OPT VTL U/L DR WIN SVR BDL CU LIC A BAS;;;;79;;
1;3;2094;1;1963,8057;1596,59;REW BE2010 OPT VTL U/L DR WIN SVR BDL CU LIC B ESS;20093704;;REW BE2010 OPT VTL U/L DR WIN SVR BDL CU LIC B ESS;REW BE2010 OPT VTL U/L DR WIN SVR BDL CU LIC B ESS;REW BE2010 OPT VTL U/L DR WIN SVR BDL CU LIC B ESS;REW BE2010 OPT VTL U/L DR WIN SVR BDL CU LIC B ESS;;;;79;;
1;3;2094;1;2102,0823;1709,01;EXP BE2010 OPT VTL U/L DR WIN SVR BDL CU LIC S ESS;20093705;;EXP BE2010 OPT VTL U/L DR WIN SVR BDL CU LIC S ESS;EXP BE2010 OPT VTL U/L DR WIN SVR BDL CU LIC S ESS;EXP BE2010 OPT VTL U/L DR WIN SVR BDL CU LIC S ESS;EXP BE2010 OPT VTL U/L DR WIN SVR BDL CU LIC S ESS;;;;79;;
1;3;2094;1;1770,1668;1439,16;AE BE 2010 OPT VTL U/L DR WIN SVR BDL CU LIC S ESS;20093706;;AE BE 2010 OPT VTL U/L DR WIN SVR BDL CU LIC S ESS;AE BE 2010 OPT VTL U/L DR WIN SVR BDL CU LIC S ESS;AE BE 2010 OPT VTL U/L DR WIN SVR BDL CU LIC S ESS;AE BE 2010 OPT VTL U/L DR WIN SVR BDL CU LIC S ESS;;;;79;;
1;3;2094;1;86,9364;70,68;REW SF BAS5.1 UNX UP 4VOL 2CPU SVR BDL LIC A BAS;20094457;;REW SF BAS5.1 UNX UP 4VOL 2CPU SVR BDL LIC A BAS;REW SF BAS5.1 UNX UP 4VOL 2CPU SVR BDL LIC A BAS;REW SF BAS5.1 UNX UP 4VOL 2CPU SVR BDL LIC A BAS;REW SF BAS5.1 UNX UP 4VOL 2CPU SVR BDL LIC A BAS;;;;79;;
1;3;2094;1;86,9364;70,68;REW SF BAS5.1 UNX UP 4VOL 2CPU SVR BDL LIC B BAS;20094458;;REW SF BAS5.1 UNX UP 4VOL 2CPU SVR BDL LIC B BAS;REW SF BAS5.1 UNX UP 4VOL 2CPU SVR BDL LIC B BAS;REW SF BAS5.1 UNX UP 4VOL 2CPU SVR BDL LIC B BAS;REW SF BAS5.1 UNX UP 4VOL 2CPU SVR BDL LIC B BAS;;;;79;;
1;3;2094;1;82,5945;67,15;REW SF BAS5.1 UNX UP 4VOL 2CPU SVR BDL LIC C BAS;20094459;;REW SF BAS5.1 UNX UP 4VOL 2CPU SVR BDL LIC C BAS;REW SF BAS5.1 UNX UP 4VOL 2CPU SVR BDL LIC C BAS;REW SF BAS5.1 UNX UP 4VOL 2CPU SVR BDL LIC C BAS;REW SF BAS5.1 UNX UP 4VOL 2CPU SVR BDL LIC C BAS;;;;79;;
1;3;2094;1;105,3495;85,65;REW SF BAS5.1 S64LNX 4VOL 2CPU SVR BDL LIC C ESS;20094460;;REW SF BAS5.1 S64LNX 4VOL 2CPU SVR BDL LIC C ESS;REW SF BAS5.1 S64LNX 4VOL 2CPU SVR BDL LIC C ESS;REW SF BAS5.1 S64LNX 4VOL 2CPU SVR BDL LIC C ESS;REW SF BAS5.1 S64LNX 4VOL 2CPU SVR BDL LIC C ESS;;;;79;;
1;3;2094;1;110,8968;90,16;GOV SF BAS5.1 S64LNX 4VOL 2CPU SVR BDL LIC S ESS;20094461;;GOV SF BAS5.1 S64LNX 4VOL 2CPU SVR BDL LIC S ESS;GOV SF BAS5.1 S64LNX 4VOL 2CPU SVR BDL LIC S ESS;GOV SF BAS5.1 S64LNX 4VOL 2CPU SVR BDL LIC S ESS;GOV SF BAS5.1 S64LNX 4VOL 2CPU SVR BDL LIC S ESS;;;;79;;
1;3;2094;1;105,3495;85,65;REW SF BAS5.1 UNX UP 4VOL 2CPU SVR BDL LIC D ESS;20094462;;REW SF BAS5.1 UNX UP 4VOL 2CPU SVR BDL LIC D ESS;REW SF BAS5.1 UNX UP 4VOL 2CPU SVR BDL LIC D ESS;REW SF BAS5.1 UNX UP 4VOL 2CPU SVR BDL LIC D ESS;REW SF BAS5.1 UNX UP 4VOL 2CPU SVR BDL LIC D ESS;;;;79;;
1;3;2094;1;86,9364;70,68;GOV SF BAS5.1 S64LNX 4VOL 2CPU SVR BDL LIC S BAS;20094463;;GOV SF BAS5.1 S64LNX 4VOL 2CPU SVR BDL LIC S BAS;GOV SF BAS5.1 S64LNX 4VOL 2CPU SVR BDL LIC S BAS;GOV SF BAS5.1 S64LNX 4VOL 2CPU SVR BDL LIC S BAS;GOV SF BAS5.1 S64LNX 4VOL 2CPU SVR BDL LIC S BAS;;;;79;;
1;3;2094;1;80,4174;65,38;REW SF BAS5.1 UNX UP 4VOL 2CPU SVR BDL LIC E BAS;20094464;;REW SF BAS5.1 UNX UP 4VOL 2CPU SVR BDL LIC E BAS;REW SF BAS5.1 UNX UP 4VOL 2CPU SVR BDL LIC E BAS;REW SF BAS5.1 UNX UP 4VOL 2CPU SVR BDL LIC E BAS;REW SF BAS5.1 UNX UP 4VOL 2CPU SVR BDL LIC E BAS;;;;79;;
1;3;2094;1;110,8968;90,16;REW SF BAS5.1 UNX UP 4VOL 2CPU SVR BDL LIC A ESS;20094466;;REW SF BAS5.1 UNX UP 4VOL 2CPU SVR BDL LIC A ESS;REW SF BAS5.1 UNX UP 4VOL 2CPU SVR BDL LIC A ESS;REW SF BAS5.1 UNX UP 4VOL 2CPU SVR BDL LIC A ESS;REW SF BAS5.1 UNX UP 4VOL 2CPU SVR BDL LIC A ESS;;;;79;;
1;3;2094;1;82,5945;67,15;REW SF BAS5.1 S64LNX 4VOL 2CPU SVR BDL LIC D BAS;20094467;;REW SF BAS5.1 S64LNX 4VOL 2CPU SVR BDL LIC D BAS;REW SF BAS5.1 S64LNX 4VOL 2CPU SVR BDL LIC D BAS;REW SF BAS5.1 S64LNX 4VOL 2CPU SVR BDL LIC D BAS;REW SF BAS5.1 S64LNX 4VOL 2CPU SVR BDL LIC D BAS;;;;79;;
1;3;2094;1;86,9364;70,68;EXP SF BAS 5.1 S64LNX UP 4VOL+2CPU SVR LIC S BAS;20094468;;EXP SF BAS 5.1 S64LNX UP 4VOL+2CPU SVR LIC S BAS;EXP SF BAS 5.1 S64LNX UP 4VOL+2CPU SVR LIC S BAS;EXP SF BAS 5.1 S64LNX UP 4VOL+2CPU SVR LIC S BAS;EXP SF BAS 5.1 S64LNX UP 4VOL+2CPU SVR LIC S BAS;;;;79;;
1;3;2094;1;110,8968;90,16;AE SF BAS 5.1 S64LNX 4VOL 2CPU SVR BDL LIC S ESS;20094469;;AE SF BAS 5.1 S64LNX 4VOL 2CPU SVR BDL LIC S ESS;AE SF BAS 5.1 S64LNX 4VOL 2CPU SVR BDL LIC S ESS;AE SF BAS 5.1 S64LNX 4VOL 2CPU SVR BDL LIC S ESS;AE SF BAS 5.1 S64LNX 4VOL 2CPU SVR BDL LIC S ESS;;;;79;;
1;3;2094;1;82,5945;67,15;REW SF BAS5.1 S64LNX 4VOL 2CPU SVR BDL LIC C BAS;20094470;;REW SF BAS5.1 S64LNX 4VOL 2CPU SVR BDL LIC C BAS;REW SF BAS5.1 S64LNX 4VOL 2CPU SVR BDL LIC C BAS;REW SF BAS5.1 S64LNX 4VOL 2CPU SVR BDL LIC C BAS;REW SF BAS5.1 S64LNX 4VOL 2CPU SVR BDL LIC C BAS;;;;79;;
1;3;2094;1;86,9364;70,68;AE SF BAS 5.1 S64LNX 4VOL 2CPU SVR BDL LIC S BAS;20094472;;AE SF BAS 5.1 S64LNX 4VOL 2CPU SVR BDL LIC S BAS;AE SF BAS 5.1 S64LNX 4VOL 2CPU SVR BDL LIC S BAS;AE SF BAS 5.1 S64LNX 4VOL 2CPU SVR BDL LIC S BAS;AE SF BAS 5.1 S64LNX 4VOL 2CPU SVR BDL LIC S BAS;;;;79;;
1;3;2094;1;86,9364;70,68;AE SF BAS 5.1 UNX UP 4VOL 2CPU SVR BDL LIC S BAS;20094473;;AE SF BAS 5.1 UNX UP 4VOL 2CPU SVR BDL LIC S BAS;AE SF BAS 5.1 UNX UP 4VOL 2CPU SVR BDL LIC S BAS;AE SF BAS 5.1 UNX UP 4VOL 2CPU SVR BDL LIC S BAS;AE SF BAS 5.1 UNX UP 4VOL 2CPU SVR BDL LIC S BAS;;;;79;;
1;3;2094;1;102,5943;83,41;REW SF BAS5.1 UNX UP 4VOL 2CPU SVR BDL LIC E ESS;20094475;;REW SF BAS5.1 UNX UP 4VOL 2CPU SVR BDL LIC E ESS;REW SF BAS5.1 UNX UP 4VOL 2CPU SVR BDL LIC E ESS;REW SF BAS5.1 UNX UP 4VOL 2CPU SVR BDL LIC E ESS;REW SF BAS5.1 UNX UP 4VOL 2CPU SVR BDL LIC E ESS;;;;79;;
1;3;2094;1;110,8968;90,16;EXP SF BAS5.1 UNX UP 4VOL 2CPU SVR BDL LIC S ESS;20094477;;EXP SF BAS5.1 UNX UP 4VOL 2CPU SVR BDL LIC S ESS;EXP SF BAS5.1 UNX UP 4VOL 2CPU SVR BDL LIC S ESS;EXP SF BAS5.1 UNX UP 4VOL 2CPU SVR BDL LIC S ESS;EXP SF BAS5.1 UNX UP 4VOL 2CPU SVR BDL LIC S ESS;;;;79;;
1;3;2094;1;86,9364;70,68;REW SF BAS5.1 S64LNX 4VOL 2CPU SVR BDL LIC B BAS;20094478;;REW SF BAS5.1 S64LNX 4VOL 2CPU SVR BDL LIC B BAS;REW SF BAS5.1 S64LNX 4VOL 2CPU SVR BDL LIC B BAS;REW SF BAS5.1 S64LNX 4VOL 2CPU SVR BDL LIC B BAS;REW SF BAS5.1 S64LNX 4VOL 2CPU SVR BDL LIC B BAS;;;;79;;
1;3;2094;1;86,9364;70,68;GOV SF BAS 5.1 UNX 4VOL 2CPU SVR BDL LIC S BAS;20094479;;GOV SF BAS 5.1 UNX 4VOL 2CPU SVR BDL LIC S BAS;GOV SF BAS 5.1 UNX 4VOL 2CPU SVR BDL LIC S BAS;GOV SF BAS 5.1 UNX 4VOL 2CPU SVR BDL LIC S BAS;GOV SF BAS 5.1 UNX 4VOL 2CPU SVR BDL LIC S BAS;;;;79;;
1;3;2094;1;86,9364;70,68;EXP SF BAS5.1 UNX UP 4VOL 2CPU SVR BDL LIC S BAS;20094480;;EXP SF BAS5.1 UNX UP 4VOL 2CPU SVR BDL LIC S BAS;EXP SF BAS5.1 UNX UP 4VOL 2CPU SVR BDL LIC S BAS;EXP SF BAS5.1 UNX UP 4VOL 2CPU SVR BDL LIC S BAS;EXP SF BAS5.1 UNX UP 4VOL 2CPU SVR BDL LIC S BAS;;;;79;;
1;3;2094;1;82,5945;67,15;REW SF BAS5.1 UNX UP 4VOL 2CPU SVR BDL LIC D BAS;20094481;;REW SF BAS5.1 UNX UP 4VOL 2CPU SVR BDL LIC D BAS;REW SF BAS5.1 UNX UP 4VOL 2CPU SVR BDL LIC D BAS;REW SF BAS5.1 UNX UP 4VOL 2CPU SVR BDL LIC D BAS;REW SF BAS5.1 UNX UP 4VOL 2CPU SVR BDL LIC D BAS;;;;79;;
1;3;2094;1;105,3495;85,65;REW SF BAS5.1 S64LNX 4VOL 2CPU SVR BDL LIC D ESS;20094482;;REW SF BAS5.1 S64LNX 4VOL 2CPU SVR BDL LIC D ESS;REW SF BAS5.1 S64LNX 4VOL 2CPU SVR BDL LIC D ESS;REW SF BAS5.1 S64LNX 4VOL 2CPU SVR BDL LIC D ESS;REW SF BAS5.1 S64LNX 4VOL 2CPU SVR BDL LIC D ESS;;;;79;;
1;3;2094;1;110,8968;90,16;EXP SF BAS 5.1 S64LNX UP 4VOL+2CPU SVR LIC S ESS;20094483;;EXP SF BAS 5.1 S64LNX UP 4VOL+2CPU SVR LIC S ESS;EXP SF BAS 5.1 S64LNX UP 4VOL+2CPU SVR LIC S ESS;EXP SF BAS 5.1 S64LNX UP 4VOL+2CPU SVR LIC S ESS;EXP SF BAS 5.1 S64LNX UP 4VOL+2CPU SVR LIC S ESS;;;;79;;
1;3;2094;1;110,8968;90,16;REW SF BAS5.1 UNX UP 4VOL 2CPU SVR BDL LIC B ESS;20094484;;REW SF BAS5.1 UNX UP 4VOL 2CPU SVR BDL LIC B ESS;REW SF BAS5.1 UNX UP 4VOL 2CPU SVR BDL LIC B ESS;REW SF BAS5.1 UNX UP 4VOL 2CPU SVR BDL LIC B ESS;REW SF BAS5.1 UNX UP 4VOL 2CPU SVR BDL LIC B ESS;;;;79;;
1;3;2094;1;110,8968;90,16;GOV SF BAS 5.1 UNX 4VOL 2CPU SVR BDL LIC S ESS;20094485;;GOV SF BAS 5.1 UNX 4VOL 2CPU SVR BDL LIC S ESS;GOV SF BAS 5.1 UNX 4VOL 2CPU SVR BDL LIC S ESS;GOV SF BAS 5.1 UNX 4VOL 2CPU SVR BDL LIC S ESS;GOV SF BAS 5.1 UNX 4VOL 2CPU SVR BDL LIC S ESS;;;;79;;
1;3;2094;1;110,8968;90,16;AE SF BAS 5.1 UNX UP 4VOL 2CPU SVR BDL LIC S ESS;20094486;;AE SF BAS 5.1 UNX UP 4VOL 2CPU SVR BDL LIC S ESS;AE SF BAS 5.1 UNX UP 4VOL 2CPU SVR BDL LIC S ESS;AE SF BAS 5.1 UNX UP 4VOL 2CPU SVR BDL LIC S ESS;AE SF BAS 5.1 UNX UP 4VOL 2CPU SVR BDL LIC S ESS;;;;79;;
1;3;2094;1;86,9364;70,68;REW SF BAS5.1 S64LNX 4VOL 2CPU SVR BDL LIC A BAS;20094487;;REW SF BAS5.1 S64LNX 4VOL 2CPU SVR BDL LIC A BAS;REW SF BAS5.1 S64LNX 4VOL 2CPU SVR BDL LIC A BAS;REW SF BAS5.1 S64LNX 4VOL 2CPU SVR BDL LIC A BAS;REW SF BAS5.1 S64LNX 4VOL 2CPU SVR BDL LIC A BAS;;;;79;;
1;3;2094;1;80,4174;65,38;REW SF BAS5.1 S64LNX 4VOL 2CPU SVR BDL LIC E BAS;20094488;;REW SF BAS5.1 S64LNX 4VOL 2CPU SVR BDL LIC E BAS;REW SF BAS5.1 S64LNX 4VOL 2CPU SVR BDL LIC E BAS;REW SF BAS5.1 S64LNX 4VOL 2CPU SVR BDL LIC E BAS;REW SF BAS5.1 S64LNX 4VOL 2CPU SVR BDL LIC E BAS;;;;79;;
1;3;2094;1;110,8968;90,16;REW SF BAS5.1 S64LNX 4VOL 2CPU SVR BDL LIC A ESS;20094489;;REW SF BAS5.1 S64LNX 4VOL 2CPU SVR BDL LIC A ESS;REW SF BAS5.1 S64LNX 4VOL 2CPU SVR BDL LIC A ESS;REW SF BAS5.1 S64LNX 4VOL 2CPU SVR BDL LIC A ESS;REW SF BAS5.1 S64LNX 4VOL 2CPU SVR BDL LIC A ESS;;;;79;;
1;3;2094;1;110,8968;90,16;REW SF BAS5.1 S64LNX 4VOL 2CPU SVR BDL LIC B ESS;20094490;;REW SF BAS5.1 S64LNX 4VOL 2CPU SVR BDL LIC B ESS;REW SF BAS5.1 S64LNX 4VOL 2CPU SVR BDL LIC B ESS;REW SF BAS5.1 S64LNX 4VOL 2CPU SVR BDL LIC B ESS;REW SF BAS5.1 S64LNX 4VOL 2CPU SVR BDL LIC B ESS;;;;79;;
1;3;2094;1;102,5943;83,41;REW SF BAS5.1 S64LNX 4VOL 2CPU SVR BDL LIC E ESS;20094491;;REW SF BAS5.1 S64LNX 4VOL 2CPU SVR BDL LIC E ESS;REW SF BAS5.1 S64LNX 4VOL 2CPU SVR BDL LIC E ESS;REW SF BAS5.1 S64LNX 4VOL 2CPU SVR BDL LIC E ESS;REW SF BAS5.1 S64LNX 4VOL 2CPU SVR BDL LIC E ESS;;;;79;;
1;3;2094;1;105,3495;85,65;REW SF BAS5.1 UNX UP 4VOL 2CPU SVR BDL LIC C ESS;20094492;;REW SF BAS5.1 UNX UP 4VOL 2CPU SVR BDL LIC C ESS;REW SF BAS5.1 UNX UP 4VOL 2CPU SVR BDL LIC C ESS;REW SF BAS5.1 UNX UP 4VOL 2CPU SVR BDL LIC C ESS;REW SF BAS5.1 UNX UP 4VOL 2CPU SVR BDL LIC C ESS;;;;79;;
1;3;2094;1;551,2737;448,19;REW BE 2010 SVR WIN BDL XG LIC SBE WIN SBS E ESS;20095882;;REW BE 2010 SVR WIN BDL XG LIC SBE WIN SBS E ESS;REW BE 2010 SVR WIN BDL XG LIC SBE WIN SBS E ESS;REW BE 2010 SVR WIN BDL XG LIC SBE WIN SBS E ESS;REW BE 2010 SVR WIN BDL XG LIC SBE WIN SBS E ESS;;;;79;;
1;3;2094;1;551,2737;448,19;GOV BE 2010 SVR WIN SVR XG LIC SBE WIN SBS S ESS;20095883;;GOV BE 2010 SVR WIN SVR XG LIC SBE WIN SBS S ESS;GOV BE 2010 SVR WIN SVR XG LIC SBE WIN SBS S ESS;GOV BE 2010 SVR WIN SVR XG LIC SBE WIN SBS S ESS;GOV BE 2010 SVR WIN SVR XG LIC SBE WIN SBS S ESS;;;;79;;
1;3;2094;1;654,6429;532,23;EXP BE 2010 SVR WIN SVR XG LIC SBE WIN SBS S ESS;20095884;;EXP BE 2010 SVR WIN SVR XG LIC SBE WIN SBS S ESS;EXP BE 2010 SVR WIN SVR XG LIC SBE WIN SBS S ESS;EXP BE 2010 SVR WIN SVR XG LIC SBE WIN SBS S ESS;EXP BE 2010 SVR WIN SVR XG LIC SBE WIN SBS S ESS;;;;79;;
1;3;2094;1;519,9456;422,72;AE BE 2010 SVR WIN SVR BDL XG LIC BEQS S BAS;20095885;;AE BE 2010 SVR WIN SVR BDL XG LIC BEQS S BAS;AE BE 2010 SVR WIN SVR BDL XG LIC BEQS S BAS;AE BE 2010 SVR WIN SVR BDL XG LIC BEQS S BAS;AE BE 2010 SVR WIN SVR BDL XG LIC BEQS S BAS;;;;79;;
1;3;2094;1;551,2737;448,19;REW BE 2010 SVR WIN PER SVR BDL XG LIC BEQS E ESS;20095886;;REW BE 2010 SVR WIN PER SVR BDL XG LIC BEQS E ESS;REW BE 2010 SVR WIN PER SVR BDL XG LIC BEQS E ESS;REW BE 2010 SVR WIN PER SVR BDL XG LIC BEQS E ESS;REW BE 2010 SVR WIN PER SVR BDL XG LIC BEQS E ESS;;;;79;;
1;3;2094;1;576,8208;468,96;REW BE 2010 SVR WIN BDL XG LIC SBE WIN SBS B BAS;20095891;;REW BE 2010 SVR WIN BDL XG LIC SBE WIN SBS B BAS;REW BE 2010 SVR WIN BDL XG LIC SBE WIN SBS B BAS;REW BE 2010 SVR WIN BDL XG LIC SBE WIN SBS B BAS;REW BE 2010 SVR WIN BDL XG LIC SBE WIN SBS B BAS;;;;79;;
1;3;2094;1;637,4106;518,22;REW BE 2010 SVR WIN BDL XG LIC SBE WIN SBS A ESS;20095893;;REW BE 2010 SVR WIN BDL XG LIC SBE WIN SBS A ESS;REW BE 2010 SVR WIN BDL XG LIC SBE WIN SBS A ESS;REW BE 2010 SVR WIN BDL XG LIC SBE WIN SBS A ESS;REW BE 2010 SVR WIN BDL XG LIC SBE WIN SBS A ESS;;;;79;;
1;3;2094;1;519,9456;422,72;GOV BE 2010 SVR WIN SVR BDL XG LIC BEQS S BAS;20095894;;GOV BE 2010 SVR WIN SVR BDL XG LIC BEQS S BAS;GOV BE 2010 SVR WIN SVR BDL XG LIC BEQS S BAS;GOV BE 2010 SVR WIN SVR BDL XG LIC BEQS S BAS;GOV BE 2010 SVR WIN SVR BDL XG LIC BEQS S BAS;;;;79;;
1;3;2094;1;519,9456;422,72;REW BE 2010 SVR WIN BDL XG LIC SBE WIN SBS D BAS;20095895;;REW BE 2010 SVR WIN BDL XG LIC SBE WIN SBS D BAS;REW BE 2010 SVR WIN BDL XG LIC SBE WIN SBS D BAS;REW BE 2010 SVR WIN BDL XG LIC SBE WIN SBS D BAS;REW BE 2010 SVR WIN BDL XG LIC SBE WIN SBS D BAS;;;;79;;
1;3;2094;1;601,1994;488,78;REW BE 2010 SVR WIN BDL XG LIC SBE WIN SBS A BAS;20095896;;REW BE 2010 SVR WIN BDL XG LIC SBE WIN SBS A BAS;REW BE 2010 SVR WIN BDL XG LIC SBE WIN SBS A BAS;REW BE 2010 SVR WIN BDL XG LIC SBE WIN SBS A BAS;REW BE 2010 SVR WIN BDL XG LIC SBE WIN SBS A BAS;;;;79;;
1;3;2094;1;519,9456;422,72;GOV BE 2010 SVR WIN SVR XG LIC SBE WIN SBS S BAS;20095899;;GOV BE 2010 SVR WIN SVR XG LIC SBE WIN SBS S BAS;GOV BE 2010 SVR WIN SVR XG LIC SBE WIN SBS S BAS;GOV BE 2010 SVR WIN SVR XG LIC SBE WIN SBS S BAS;GOV BE 2010 SVR WIN SVR XG LIC SBE WIN SBS S BAS;;;;79;;
1;3;2094;1;576,8208;468,96;REW BE 2010 SVR WIN PER SVR BDL XG LIC BEQS B BAS;20095901;;REW BE 2010 SVR WIN PER SVR BDL XG LIC BEQS B BAS;REW BE 2010 SVR WIN PER SVR BDL XG LIC BEQS B BAS;REW BE 2010 SVR WIN PER SVR BDL XG LIC BEQS B BAS;REW BE 2010 SVR WIN PER SVR BDL XG LIC BEQS B BAS;;;;79;;
1;3;2094;1;552,4422;449,14;REW BE 2010 SVR WIN PER SVR BDL XG LIC BEQS C BAS;20095902;;REW BE 2010 SVR WIN PER SVR BDL XG LIC BEQS C BAS;REW BE 2010 SVR WIN PER SVR BDL XG LIC BEQS C BAS;REW BE 2010 SVR WIN PER SVR BDL XG LIC BEQS C BAS;REW BE 2010 SVR WIN PER SVR BDL XG LIC BEQS C BAS;;;;79;;
1;3;2094;1;519,9456;422,72;REW BE 2010 SVR WIN PER SVR BDL XG LIC BEQS D BAS;20095903;;REW BE 2010 SVR WIN PER SVR BDL XG LIC BEQS D BAS;REW BE 2010 SVR WIN PER SVR BDL XG LIC BEQS D BAS;REW BE 2010 SVR WIN PER SVR BDL XG LIC BEQS D BAS;REW BE 2010 SVR WIN PER SVR BDL XG LIC BEQS D BAS;;;;79;;
1;3;2094;1;552,4422;449,14;REW BE 2010 SVR WIN BDL XG LIC SBE WIN SBS C BAS;20095904;;REW BE 2010 SVR WIN BDL XG LIC SBE WIN SBS C BAS;REW BE 2010 SVR WIN BDL XG LIC SBE WIN SBS C BAS;REW BE 2010 SVR WIN BDL XG LIC SBE WIN SBS C BAS;REW BE 2010 SVR WIN BDL XG LIC SBE WIN SBS C BAS;;;;79;;
1;3;2094;1;611,5929;497,23;REW BE 2010 SVR WIN BDL XG LIC SBE WIN SBS B ESS;20095905;;REW BE 2010 SVR WIN BDL XG LIC SBE WIN SBS B ESS;REW BE 2010 SVR WIN BDL XG LIC SBE WIN SBS B ESS;REW BE 2010 SVR WIN BDL XG LIC SBE WIN SBS B ESS;REW BE 2010 SVR WIN BDL XG LIC SBE WIN SBS B ESS;;;;79;;
1;3;2094;1;519,9456;422,72;REW BE 2010 SVR WIN PER SVR BDL XG LIC BEQS E BAS;20095907;;REW BE 2010 SVR WIN PER SVR BDL XG LIC BEQS E BAS;REW BE 2010 SVR WIN PER SVR BDL XG LIC BEQS E BAS;REW BE 2010 SVR WIN PER SVR BDL XG LIC BEQS E BAS;REW BE 2010 SVR WIN PER SVR BDL XG LIC BEQS E BAS;;;;79;;
1;3;2094;1;617,4477;501,99;EXP BE 2010 SVR WIN SVR XG LIC SBE WIN SBS S BAS;20095908;;EXP BE 2010 SVR WIN SVR XG LIC SBE WIN SBS S BAS;EXP BE 2010 SVR WIN SVR XG LIC SBE WIN SBS S BAS;EXP BE 2010 SVR WIN SVR XG LIC SBE WIN SBS S BAS;EXP BE 2010 SVR WIN SVR XG LIC SBE WIN SBS S BAS;;;;79;;
1;3;2094;1;611,5929;497,23;REW BE 2010 SVR WIN PER SVR BDL XG LIC BEQS B ESS;20095921;;REW BE 2010 SVR WIN PER SVR BDL XG LIC BEQS B ESS;REW BE 2010 SVR WIN PER SVR BDL XG LIC BEQS B ESS;REW BE 2010 SVR WIN PER SVR BDL XG LIC BEQS B ESS;REW BE 2010 SVR WIN PER SVR BDL XG LIC BEQS B ESS;;;;79;;
1;3;2094;1;551,2737;448,19;REW BE 2010 SVR WIN PER SVR BDL XG LIC BEQS D ESS;20095922;;REW BE 2010 SVR WIN PER SVR BDL XG LIC BEQS D ESS;REW BE 2010 SVR WIN PER SVR BDL XG LIC BEQS D ESS;REW BE 2010 SVR WIN PER SVR BDL XG LIC BEQS D ESS;REW BE 2010 SVR WIN PER SVR BDL XG LIC BEQS D ESS;;;;79;;
1;3;2094;1;585,726;476,2;REW BE 2010 SVR WIN BDL XG LIC SBE WIN SBS C ESS;20095924;;REW BE 2010 SVR WIN BDL XG LIC SBE WIN SBS C ESS;REW BE 2010 SVR WIN BDL XG LIC SBE WIN SBS C ESS;REW BE 2010 SVR WIN BDL XG LIC SBE WIN SBS C ESS;REW BE 2010 SVR WIN BDL XG LIC SBE WIN SBS C ESS;;;;79;;
1;3;2094;1;551,2737;448,19;REW BE 2010 SVR WIN BDL XG LIC SBE WIN SBS D ESS;20095925;;REW BE 2010 SVR WIN BDL XG LIC SBE WIN SBS D ESS;REW BE 2010 SVR WIN BDL XG LIC SBE WIN SBS D ESS;REW BE 2010 SVR WIN BDL XG LIC SBE WIN SBS D ESS;REW BE 2010 SVR WIN BDL XG LIC SBE WIN SBS D ESS;;;;79;;
1;3;2094;1;551,2737;448,19;AE BE2010 SVR WIN SVR BDL XG LIC SBE WIN SBS S ESS;20095926;;AE BE2010 SVR WIN SVR BDL XG LIC SBE WIN SBS S ESS;AE BE2010 SVR WIN SVR BDL XG LIC SBE WIN SBS S ESS;AE BE2010 SVR WIN SVR BDL XG LIC SBE WIN SBS S ESS;AE BE2010 SVR WIN SVR BDL XG LIC SBE WIN SBS S ESS;;;;79;;
1;3;2094;1;601,1994;488,78;REW BE 2010 SVR WIN PER SVR BDL XG LIC BEQS A BAS;20095927;;REW BE 2010 SVR WIN PER SVR BDL XG LIC BEQS A BAS;REW BE 2010 SVR WIN PER SVR BDL XG LIC BEQS A BAS;REW BE 2010 SVR WIN PER SVR BDL XG LIC BEQS A BAS;REW BE 2010 SVR WIN PER SVR BDL XG LIC BEQS A BAS;;;;79;;
1;3;2094;1;551,2737;448,19;GOV BE 2010 SVR WIN SVR BDL XG LIC BEQS S ESS;20095928;;GOV BE 2010 SVR WIN SVR BDL XG LIC BEQS S ESS;GOV BE 2010 SVR WIN SVR BDL XG LIC BEQS S ESS;GOV BE 2010 SVR WIN SVR BDL XG LIC BEQS S ESS;GOV BE 2010 SVR WIN SVR BDL XG LIC BEQS S ESS;;;;79;;
1;3;2094;1;519,9456;422,72;REW BE 2010 SVR WIN BDL XG LIC SBE WIN SBS E BAS;20095929;;REW BE 2010 SVR WIN BDL XG LIC SBE WIN SBS E BAS;REW BE 2010 SVR WIN BDL XG LIC SBE WIN SBS E BAS;REW BE 2010 SVR WIN BDL XG LIC SBE WIN SBS E BAS;REW BE 2010 SVR WIN BDL XG LIC SBE WIN SBS E BAS;;;;79;;
1;3;2094;1;654,6429;532,23;EXP BE 2010 SVR WIN SVR BDL XG LIC BEQS S ESS;20095930;;EXP BE 2010 SVR WIN SVR BDL XG LIC BEQS S ESS;EXP BE 2010 SVR WIN SVR BDL XG LIC BEQS S ESS;EXP BE 2010 SVR WIN SVR BDL XG LIC BEQS S ESS;EXP BE 2010 SVR WIN SVR BDL XG LIC BEQS S ESS;;;;79;;
1;3;2094;1;551,2737;448,19;AE BE 2010 SVR WIN SVR BDL XG LIC BEQS S ESS;20095931;;AE BE 2010 SVR WIN SVR BDL XG LIC BEQS S ESS;AE BE 2010 SVR WIN SVR BDL XG LIC BEQS S ESS;AE BE 2010 SVR WIN SVR BDL XG LIC BEQS S ESS;AE BE 2010 SVR WIN SVR BDL XG LIC BEQS S ESS;;;;79;;
1;3;2094;1;519,9456;422,72;AE BE2010 SVR WIN SVR BDL XG LIC SBE WIN SBS S BAS;20095932;;AE BE2010 SVR WIN SVR BDL XG LIC SBE WIN SBS S BAS;AE BE2010 SVR WIN SVR BDL XG LIC SBE WIN SBS S BAS;AE BE2010 SVR WIN SVR BDL XG LIC SBE WIN SBS S BAS;AE BE2010 SVR WIN SVR BDL XG LIC SBE WIN SBS S BAS;;;;79;;
1;3;2094;1;617,4477;501,99;EXP BE 2010 SVR WIN SVR BDL XG LIC BEQS S BAS;20095933;;EXP BE 2010 SVR WIN SVR BDL XG LIC BEQS S BAS;EXP BE 2010 SVR WIN SVR BDL XG LIC BEQS S BAS;EXP BE 2010 SVR WIN SVR BDL XG LIC BEQS S BAS;EXP BE 2010 SVR WIN SVR BDL XG LIC BEQS S BAS;;;;79;;
1;3;2094;1;637,4106;518,22;REW BE 2010 SVR WIN PER SVR BDL XG LIC BEQS A ESS;20095934;;REW BE 2010 SVR WIN PER SVR BDL XG LIC BEQS A ESS;REW BE 2010 SVR WIN PER SVR BDL XG LIC BEQS A ESS;REW BE 2010 SVR WIN PER SVR BDL XG LIC BEQS A ESS;REW BE 2010 SVR WIN PER SVR BDL XG LIC BEQS A ESS;;;;79;;
1;3;2094;1;585,726;476,2;REW BE 2010 SVR WIN PER SVR BDL XG LIC BEQS C ESS;20095935;;REW BE 2010 SVR WIN PER SVR BDL XG LIC BEQS C ESS;REW BE 2010 SVR WIN PER SVR BDL XG LIC BEQS C ESS;REW BE 2010 SVR WIN PER SVR BDL XG LIC BEQS C ESS;REW BE 2010 SVR WIN PER SVR BDL XG LIC BEQS C ESS;;;;79;;
1;3;2094;1;398,4462;323,94;BACKUP EXEC 2010 QUICKSTART WIN ML DVD 1 PACK SYSTEM BUILDER;20096406;;BACKUP EXEC 2010 QUICKSTART WIN ML DVD 1 PACK SYSTEM BUILDER;BACKUP EXEC 2010 QUICKSTART WIN ML DVD 1 PACK SYSTEM BUILDER;BACKUP EXEC 2010 QUICKSTART WIN ML DVD 1 PACK SYSTEM BUILDER;BACKUP EXEC 2010 QUICKSTART WIN ML DVD 1 PACK SYSTEM BUILDER;;;;79;;
1;3;2094;1;716,5611;582,57;BACKUP EXEC 2010 SBS WIN ML DVD 1PK SYST BUILDER ESSENTIAL 12MO;20096407;;BACKUP EXEC 2010 SBS WIN ML DVD 1PK SYST BUILDER ESSENTIAL 12MO;BACKUP EXEC 2010 SBS WIN ML DVD 1PK SYST BUILDER ESSENTIAL 12MO;BACKUP EXEC 2010 SBS WIN ML DVD 1PK SYST BUILDER ESSENTIAL 12MO;BACKUP EXEC 2010 SBS WIN ML DVD 1PK SYST BUILDER ESSENTIAL 12MO;;;;79;;
1;3;2094;1;60,2085;48,95;NOBU 2.0 25GB EN 1U CLAMSHELL;20097532;;NOBU 2.0 25GB EN 1U CLAMSHELL;NOBU 2.0 25GB EN 1U CLAMSHELL;NOBU 2.0 25GB EN 1U CLAMSHELL;NOBU 2.0 25GB EN 1U CLAMSHELL;;;;79;;
1;3;2094;1;60,2085;48,95;NOBU 2.0 25GB EN 1U CARD MM;20097538;;NOBU 2.0 25GB EN 1U CARD MM;NOBU 2.0 25GB EN 1U CARD MM;NOBU 2.0 25GB EN 1U CARD MM;NOBU 2.0 25GB EN 1U CARD MM;;;;79;;
1;3;2094;1;36,1251;29,37;NOBU 2.0 5GB EN 1U CARD MM;20097548;;NOBU 2.0 5GB EN 1U CARD MM;NOBU 2.0 5GB EN 1U CARD MM;NOBU 2.0 5GB EN 1U CARD MM;NOBU 2.0 5GB EN 1U CARD MM;;;;79;;
1;3;2094;1;36,1251;29,37;NOBU 2.0 5GB EN 1U CLAMSHELL;20097580;;NOBU 2.0 5GB EN 1U CLAMSHELL;NOBU 2.0 5GB EN 1U CLAMSHELL;NOBU 2.0 5GB EN 1U CLAMSHELL;NOBU 2.0 5GB EN 1U CLAMSHELL;;;;79;;
1;3;2094;1;82,7298;67,26;NORTON GHOST 15.0 EN 1 USER RET;20097637;;NORTON GHOST 15.0 EN 1 USER RET;NORTON GHOST 15.0 EN 1 USER RET;NORTON GHOST 15.0 EN 1 USER RET;NORTON GHOST 15.0 EN 1 USER RET;;;;79;;
1;3;2094;1;82,7298;67,26;NORTON GHOST 15.0 MM 1U SMALL BOX;20097684;;NORTON GHOST 15.0 MM 1U SMALL BOX;NORTON GHOST 15.0 MM 1U SMALL BOX;NORTON GHOST 15.0 MM 1U SMALL BOX;NORTON GHOST 15.0 MM 1U SMALL BOX;;;;79;;
1;3;2094;1;72859,3083;59235,21;SYMANTEC BUSINESS CRITICAL SERVICES DATA LOSS PREVENTION FAMILY REMOTE PRODUCT SPECIALIST;20099318;;SYMANTEC BUSINESS CRITICAL SERVICES DATA LOSS PREVENTION FAMILY REMOTE PRODUCT SPECIALIST;SYMANTEC BUSINESS CRITICAL SERVICES DATA LOSS PREVENTION FAMILY REMOTE PRODUCT SPECIALIST;SYMANTEC BUSINESS CRITICAL SERVICES DATA LOSS PREVENTION FAMILY REMOTE PRODUCT SPECIALIST;SYMANTEC BUSINESS CRITICAL SERVICES DATA LOSS PREVENTION FAMILY REMOTE PRODUCT SPECIALIST;;;;79;;
1;3;2094;1;11671,6299;9489,13;BCS DLP FML CONTACT REMT PRDCT SPCLST;20099319;;BCS DLP FML CONTACT REMT PRDCT SPCLST;BCS DLP FML CONTACT REMT PRDCT SPCLST;BCS DLP FML CONTACT REMT PRDCT SPCLST;BCS DLP FML CONTACT REMT PRDCT SPCLST;;;;79;;
1;3;2094;1;364296,5169;296176,03;BCS DLP FML DEDICATED REMT PRDCT SPCLST;20099320;;BCS DLP FML DEDICATED REMT PRDCT SPCLST;BCS DLP FML DEDICATED REMT PRDCT SPCLST;BCS DLP FML DEDICATED REMT PRDCT SPCLST;BCS DLP FML DEDICATED REMT PRDCT SPCLST;;;;79;;
1;3;2094;1;18,8067;15,29;VRTS STORAGE FOUNDATBAND A ESSENTIAL 1MO;20099417;;VRTS STORAGE FOUNDATBAND A ESSENTIAL 1MO;VRTS STORAGE FOUNDATBAND A ESSENTIAL 1MO;VRTS STORAGE FOUNDATBAND A ESSENTIAL 1MO;VRTS STORAGE FOUNDATBAND A ESSENTIAL 1MO;;;;79;;
1;3;2094;1;18,8067;15,29;VRTS STORAGE FOUNDATBAND B ESSENTIAL 1MO;20099418;;VRTS STORAGE FOUNDATBAND B ESSENTIAL 1MO;VRTS STORAGE FOUNDATBAND B ESSENTIAL 1MO;VRTS STORAGE FOUNDATBAND B ESSENTIAL 1MO;VRTS STORAGE FOUNDATBAND B ESSENTIAL 1MO;;;;79;;
1;3;2094;1;17,3922;14,14;VRTS STORAGE FOUNDATBAND E ESSENTIAL 1MO;20099426;;VRTS STORAGE FOUNDATBAND E ESSENTIAL 1MO;VRTS STORAGE FOUNDATBAND E ESSENTIAL 1MO;VRTS STORAGE FOUNDATBAND E ESSENTIAL 1MO;VRTS STORAGE FOUNDATBAND E ESSENTIAL 1MO;;;;79;;
1;3;2094;1;105,6447;85,89;VRTS STORAGE FOUNDATBAND A ESSENTIAL 1MO;20099430;;VRTS STORAGE FOUNDATBAND A ESSENTIAL 1MO;VRTS STORAGE FOUNDATBAND A ESSENTIAL 1MO;VRTS STORAGE FOUNDATBAND A ESSENTIAL 1MO;VRTS STORAGE FOUNDATBAND A ESSENTIAL 1MO;;;;79;;
1;3;2094;1;105,6447;85,89;VRTS STORAGE FOUNDATBAND B ESSENTIAL 1MO;20099433;;VRTS STORAGE FOUNDATBAND B ESSENTIAL 1MO;VRTS STORAGE FOUNDATBAND B ESSENTIAL 1MO;VRTS STORAGE FOUNDATBAND B ESSENTIAL 1MO;VRTS STORAGE FOUNDATBAND B ESSENTIAL 1MO;;;;79;;
1;3;2094;1;17,8596;14,52;VRTS STORAGE FOUNDATBAND C ESSENTIAL 1MO;20099439;;VRTS STORAGE FOUNDATBAND C ESSENTIAL 1MO;VRTS STORAGE FOUNDATBAND C ESSENTIAL 1MO;VRTS STORAGE FOUNDATBAND C ESSENTIAL 1MO;VRTS STORAGE FOUNDATBAND C ESSENTIAL 1MO;;;;79;;
1;3;2094;1;17,8596;14,52;VRTS STORAGE FOUNDATBAND D ESSENTIAL 1MO;20099440;;VRTS STORAGE FOUNDATBAND D ESSENTIAL 1MO;VRTS STORAGE FOUNDATBAND D ESSENTIAL 1MO;VRTS STORAGE FOUNDATBAND D ESSENTIAL 1MO;VRTS STORAGE FOUNDATBAND D ESSENTIAL 1MO;;;;79;;
1;3;2094;1;100,3557;81,59;VRTS STORAGE FOUNDATBAND C ESSENTIAL 1MO;20099445;;VRTS STORAGE FOUNDATBAND C ESSENTIAL 1MO;VRTS STORAGE FOUNDATBAND C ESSENTIAL 1MO;VRTS STORAGE FOUNDATBAND C ESSENTIAL 1MO;VRTS STORAGE FOUNDATBAND C ESSENTIAL 1MO;;;;79;;
1;3;2094;1;100,3557;81,59;VRTS STORAGE FOUNDATBAND D ESSENTIAL 1MO;20099446;;VRTS STORAGE FOUNDATBAND D ESSENTIAL 1MO;VRTS STORAGE FOUNDATBAND D ESSENTIAL 1MO;VRTS STORAGE FOUNDATBAND D ESSENTIAL 1MO;VRTS STORAGE FOUNDATBAND D ESSENTIAL 1MO;;;;79;;
1;3;2094;1;97,7112;79,44;VRTS STORAGE FOUNDATBAND E ESSENTIAL 1MO;20099449;;VRTS STORAGE FOUNDATBAND E ESSENTIAL 1MO;VRTS STORAGE FOUNDATBAND E ESSENTIAL 1MO;VRTS STORAGE FOUNDATBAND E ESSENTIAL 1MO;VRTS STORAGE FOUNDATBAND E ESSENTIAL 1MO;;;;79;;
1;3;2094;1;2464,0221;2003,27;BESR 2010 ADMIN 3 DAY TRAINING;20099968;;BESR 2010 ADMIN 3 DAY TRAINING;BESR 2010 ADMIN 3 DAY TRAINING;BESR 2010 ADMIN 3 DAY TRAINING;BESR 2010 ADMIN 3 DAY TRAINING;;;;79;;
1;3;2094;1;4106,6994;3338,78;BE 2010 ADMIN 5 DAY TRAINING;20100207;;BE 2010 ADMIN 5 DAY TRAINING;BE 2010 ADMIN 5 DAY TRAINING;BE 2010 ADMIN 5 DAY TRAINING;BE 2010 ADMIN 5 DAY TRAINING;;;;79;;
1;3;2094;1;6,9003;5,61;EXP WORKSPACE VIRT 6.1 WIN N RNWL ESS S;20100851;;EXP WORKSPACE VIRT 6.1 WIN N RNWL ESS S;EXP WORKSPACE VIRT 6.1 WIN N RNWL ESS S;EXP WORKSPACE VIRT 6.1 WIN N RNWL ESS S;EXP WORKSPACE VIRT 6.1 WIN N RNWL ESS S;;;;79;;
1;3;2094;1;3,6162;2,94;REW WORKSPACE VIRT 6.1 WIN PER N BDL BAS E;20100854;;REW WORKSPACE VIRT 6.1 WIN PER N BDL BAS E;REW WORKSPACE VIRT 6.1 WIN PER N BDL BAS E;REW WORKSPACE VIRT 6.1 WIN PER N BDL BAS E;REW WORKSPACE VIRT 6.1 WIN PER N BDL BAS E;;;;79;;
1;3;2094;1;30,6393;24,91;REW WORKSPACE VIRT6.1 WIN PER N BDL STD LIC B ESS;20100862;;REW WORKSPACE VIRT6.1 WIN PER N BDL STD LIC B ESS;REW WORKSPACE VIRT6.1 WIN PER N BDL STD LIC B ESS;REW WORKSPACE VIRT6.1 WIN PER N BDL STD LIC B ESS;REW WORKSPACE VIRT6.1 WIN PER N BDL STD LIC B ESS;;;;79;;
1;3;2094;1;36,9123;30,01;EXP WORKSPACE VIRT 6.1 WIN N BDL STD LIC S ESS;20100863;;EXP WORKSPACE VIRT 6.1 WIN N BDL STD LIC S ESS;EXP WORKSPACE VIRT 6.1 WIN N BDL STD LIC S ESS;EXP WORKSPACE VIRT 6.1 WIN N BDL STD LIC S ESS;EXP WORKSPACE VIRT 6.1 WIN N BDL STD LIC S ESS;;;;79;;
1;3;2094;1;24,7968;20,16;REW WORKSPACE VIRT6.1 WIN PER N BDL STD LIC D BAS;20100865;;REW WORKSPACE VIRT6.1 WIN PER N BDL STD LIC D BAS;REW WORKSPACE VIRT6.1 WIN PER N BDL STD LIC D BAS;REW WORKSPACE VIRT6.1 WIN PER N BDL STD LIC D BAS;REW WORKSPACE VIRT6.1 WIN PER N BDL STD LIC D BAS;;;;79;;
1;3;2094;1;23,7267;19,29;REW WORKSPACE VIRT6.1 WIN PER N BDL STD LIC E BAS;20100866;;REW WORKSPACE VIRT6.1 WIN PER N BDL STD LIC E BAS;REW WORKSPACE VIRT6.1 WIN PER N BDL STD LIC E BAS;REW WORKSPACE VIRT6.1 WIN PER N BDL STD LIC E BAS;REW WORKSPACE VIRT6.1 WIN PER N BDL STD LIC E BAS;;;;79;;
1;3;2094;1;26,9124;21,88;REW WORKSPACE VIRT6.1 WIN PER N BDL STD LIC C BAS;20100868;;REW WORKSPACE VIRT6.1 WIN PER N BDL STD LIC C BAS;REW WORKSPACE VIRT6.1 WIN PER N BDL STD LIC C BAS;REW WORKSPACE VIRT6.1 WIN PER N BDL STD LIC C BAS;REW WORKSPACE VIRT6.1 WIN PER N BDL STD LIC C BAS;;;;79;;
1;3;2094;1;25,83;21;REW WORKSPACE VIRT6.1 WIN PER N BDL STD LIC D ESS;20100870;;REW WORKSPACE VIRT6.1 WIN PER N BDL STD LIC D ESS;REW WORKSPACE VIRT6.1 WIN PER N BDL STD LIC D ESS;REW WORKSPACE VIRT6.1 WIN PER N BDL STD LIC D ESS;REW WORKSPACE VIRT6.1 WIN PER N BDL STD LIC D ESS;;;;79;;
1;3;2094;1;28,0563;22,81;REW WORKSPACE VIRT6.1 WIN PER N BDL STD LIC C ESS;20100875;;REW WORKSPACE VIRT6.1 WIN PER N BDL STD LIC C ESS;REW WORKSPACE VIRT6.1 WIN PER N BDL STD LIC C ESS;REW WORKSPACE VIRT6.1 WIN PER N BDL STD LIC C ESS;REW WORKSPACE VIRT6.1 WIN PER N BDL STD LIC C ESS;;;;79;;
1;3;2094;1;32,5827;26,49;REW WORKSPACE VIRT6.1 WIN PER N BDL STD LIC A BAS;20100877;;REW WORKSPACE VIRT6.1 WIN PER N BDL STD LIC A BAS;REW WORKSPACE VIRT6.1 WIN PER N BDL STD LIC A BAS;REW WORKSPACE VIRT6.1 WIN PER N BDL STD LIC A BAS;REW WORKSPACE VIRT6.1 WIN PER N BDL STD LIC A BAS;;;;79;;
1;3;2094;1;29,3847;23,89;REW WORKSPACE VIRT6.1 WIN PER N BDL STD LIC B BAS;20100878;;REW WORKSPACE VIRT6.1 WIN PER N BDL STD LIC B BAS;REW WORKSPACE VIRT6.1 WIN PER N BDL STD LIC B BAS;REW WORKSPACE VIRT6.1 WIN PER N BDL STD LIC B BAS;REW WORKSPACE VIRT6.1 WIN PER N BDL STD LIC B BAS;;;;79;;
1;3;2094;1;24,7476;20,12;REW WORKSPACE VIRT6.1 WIN PER N BDL STD LIC E ESS;20100880;;REW WORKSPACE VIRT6.1 WIN PER N BDL STD LIC E ESS;REW WORKSPACE VIRT6.1 WIN PER N BDL STD LIC E ESS;REW WORKSPACE VIRT6.1 WIN PER N BDL STD LIC E ESS;REW WORKSPACE VIRT6.1 WIN PER N BDL STD LIC E ESS;;;;79;;
1;3;2094;1;15,4119;12,53;EXP WORKSPACE VIRT 6.1 WIN N SUB LIC S BAS;20100888;;EXP WORKSPACE VIRT 6.1 WIN N SUB LIC S BAS;EXP WORKSPACE VIRT 6.1 WIN N SUB LIC S BAS;EXP WORKSPACE VIRT 6.1 WIN N SUB LIC S BAS;EXP WORKSPACE VIRT 6.1 WIN N SUB LIC S BAS;;;;79;;
1;3;2094;1;14,1819;11,53;REW WORKSPACE VIRT 6.1 WIN PER N SUB LIC A BAS;20100896;;REW WORKSPACE VIRT 6.1 WIN PER N SUB LIC A BAS;REW WORKSPACE VIRT 6.1 WIN PER N SUB LIC A BAS;REW WORKSPACE VIRT 6.1 WIN PER N SUB LIC A BAS;REW WORKSPACE VIRT 6.1 WIN PER N SUB LIC A BAS;;;;79;;
1;3;2094;1;11,7096;9,52;REW WORKSPACE VIRT 6.1 WIN PER N SUB LIC C BAS;20100899;;REW WORKSPACE VIRT 6.1 WIN PER N SUB LIC C BAS;REW WORKSPACE VIRT 6.1 WIN PER N SUB LIC C BAS;REW WORKSPACE VIRT 6.1 WIN PER N SUB LIC C BAS;REW WORKSPACE VIRT 6.1 WIN PER N SUB LIC C BAS;;;;79;;
1;3;2094;1;10,332;8,4;REW WORKSPACE VIRT 6.1 WIN PER N SUB LIC E BAS;20100905;;REW WORKSPACE VIRT 6.1 WIN PER N SUB LIC E BAS;REW WORKSPACE VIRT 6.1 WIN PER N SUB LIC E BAS;REW WORKSPACE VIRT 6.1 WIN PER N SUB LIC E BAS;REW WORKSPACE VIRT 6.1 WIN PER N SUB LIC E BAS;;;;79;;
1;3;2094;1;10,7871;8,77;REW WORKSPACE VIRT 6.1 WIN PER N SUB LIC D BAS;20100908;;REW WORKSPACE VIRT 6.1 WIN PER N SUB LIC D BAS;REW WORKSPACE VIRT 6.1 WIN PER N SUB LIC D BAS;REW WORKSPACE VIRT 6.1 WIN PER N SUB LIC D BAS;REW WORKSPACE VIRT 6.1 WIN PER N SUB LIC D BAS;;;;79;;
1;3;2094;1;5,3997;4,39;EXP WORKSPACE VIRT 6.1 WIN N BDL BAS S;20100917;;EXP WORKSPACE VIRT 6.1 WIN N BDL BAS S;EXP WORKSPACE VIRT 6.1 WIN N BDL BAS S;EXP WORKSPACE VIRT 6.1 WIN N BDL BAS S;EXP WORKSPACE VIRT 6.1 WIN N BDL BAS S;;;;79;;
1;3;2094;1;5,7318;4,66;REW WORKSPACE VIRT 6.1 WIN PER N BDL ESS B;20100918;;REW WORKSPACE VIRT 6.1 WIN PER N BDL ESS B;REW WORKSPACE VIRT 6.1 WIN PER N BDL ESS B;REW WORKSPACE VIRT 6.1 WIN PER N BDL ESS B;REW WORKSPACE VIRT 6.1 WIN PER N BDL ESS B;;;;79;;
1;3;2094;1;4,6248;3,76;REW WORKSPACE VIRT 6.1 WIN PER N BDL ESS E;20100919;;REW WORKSPACE VIRT 6.1 WIN PER N BDL ESS E;REW WORKSPACE VIRT 6.1 WIN PER N BDL ESS E;REW WORKSPACE VIRT 6.1 WIN PER N BDL ESS E;REW WORKSPACE VIRT 6.1 WIN PER N BDL ESS E;;;;79;;
1;3;2094;1;14,0466;11,42;REW WORKSPACE VIRT 6.1 WIN PER N SUB LIC B ESS;20100920;;REW WORKSPACE VIRT 6.1 WIN PER N SUB LIC B ESS;REW WORKSPACE VIRT 6.1 WIN PER N SUB LIC B ESS;REW WORKSPACE VIRT 6.1 WIN PER N SUB LIC B ESS;REW WORKSPACE VIRT 6.1 WIN PER N SUB LIC B ESS;;;;79;;
1;3;2094;1;16,8879;13,73;EXP WORKSPACE VIRT 6.1 WIN N SUB LIC S ESS;20100928;;EXP WORKSPACE VIRT 6.1 WIN N SUB LIC S ESS;EXP WORKSPACE VIRT 6.1 WIN N SUB LIC S ESS;EXP WORKSPACE VIRT 6.1 WIN N SUB LIC S ESS;EXP WORKSPACE VIRT 6.1 WIN N SUB LIC S ESS;;;;79;;
1;3;2094;1;4,5018;3,66;REW WORKSPACE VIRT 6.1 WIN PER N BDL BAS B;20100934;;REW WORKSPACE VIRT 6.1 WIN PER N BDL BAS B;REW WORKSPACE VIRT 6.1 WIN PER N BDL BAS B;REW WORKSPACE VIRT 6.1 WIN PER N BDL BAS B;REW WORKSPACE VIRT 6.1 WIN PER N BDL BAS B;;;;79;;
1;3;2094;1;3,7761;3,07;REW WORKSPACE VIRT 6.1 WIN PER N RNWL BAS D;20100936;;REW WORKSPACE VIRT 6.1 WIN PER N RNWL BAS D;REW WORKSPACE VIRT 6.1 WIN PER N RNWL BAS D;REW WORKSPACE VIRT 6.1 WIN PER N RNWL BAS D;REW WORKSPACE VIRT 6.1 WIN PER N RNWL BAS D;;;;79;;
1;3;2094;1;3,6162;2,94;REW WORKSPACE VIRT 6.1 WIN PER N RNWL BAS E;20100937;;REW WORKSPACE VIRT 6.1 WIN PER N RNWL BAS E;REW WORKSPACE VIRT 6.1 WIN PER N RNWL BAS E;REW WORKSPACE VIRT 6.1 WIN PER N RNWL BAS E;REW WORKSPACE VIRT 6.1 WIN PER N RNWL BAS E;;;;79;;
1;3;2094;1;4,9569;4,03;REW WORKSPACE VIRT 6.1 WIN PER N BDL BAS A;20100940;;REW WORKSPACE VIRT 6.1 WIN PER N BDL BAS A;REW WORKSPACE VIRT 6.1 WIN PER N BDL BAS A;REW WORKSPACE VIRT 6.1 WIN PER N BDL BAS A;REW WORKSPACE VIRT 6.1 WIN PER N BDL BAS A;;;;79;;
1;3;2094;1;5,2521;4,27;REW WORKSPACE VIRT 6.1 WIN PER N BDL ESS C;20100942;;REW WORKSPACE VIRT 6.1 WIN PER N BDL ESS C;REW WORKSPACE VIRT 6.1 WIN PER N BDL ESS C;REW WORKSPACE VIRT 6.1 WIN PER N BDL ESS C;REW WORKSPACE VIRT 6.1 WIN PER N BDL ESS C;;;;79;;
1;3;2094;1;4,8339;3,93;REW WORKSPACE VIRT 6.1 WIN PER N BDL ESS D;20100946;;REW WORKSPACE VIRT 6.1 WIN PER N BDL ESS D;REW WORKSPACE VIRT 6.1 WIN PER N BDL ESS D;REW WORKSPACE VIRT 6.1 WIN PER N BDL ESS D;REW WORKSPACE VIRT 6.1 WIN PER N BDL ESS D;;;;79;;
1;3;2094;1;6,9003;5,61;EXP WORKSPACE VIRT 6.1 WIN N BDL ESS S;20100949;;EXP WORKSPACE VIRT 6.1 WIN N BDL ESS S;EXP WORKSPACE VIRT 6.1 WIN N BDL ESS S;EXP WORKSPACE VIRT 6.1 WIN N BDL ESS S;EXP WORKSPACE VIRT 6.1 WIN N BDL ESS S;;;;79;;
1;3;2094;1;15,5472;12,64;REW WORKSPACE VIRT 6.1 WIN PER N SUB LIC A ESS;20100950;;REW WORKSPACE VIRT 6.1 WIN PER N SUB LIC A ESS;REW WORKSPACE VIRT 6.1 WIN PER N SUB LIC A ESS;REW WORKSPACE VIRT 6.1 WIN PER N SUB LIC A ESS;REW WORKSPACE VIRT 6.1 WIN PER N SUB LIC A ESS;;;;79;;
1;3;2094;1;12,8535;10,45;REW WORKSPACE VIRT 6.1 WIN PER N SUB LIC C ESS;20100953;;REW WORKSPACE VIRT 6.1 WIN PER N SUB LIC C ESS;REW WORKSPACE VIRT 6.1 WIN PER N SUB LIC C ESS;REW WORKSPACE VIRT 6.1 WIN PER N SUB LIC C ESS;REW WORKSPACE VIRT 6.1 WIN PER N SUB LIC C ESS;;;;79;;
1;3;2094;1;4,1082;3,34;REW WORKSPACE VIRT 6.1 WIN PER N RNWL BAS C;20100959;;REW WORKSPACE VIRT 6.1 WIN PER N RNWL BAS C;REW WORKSPACE VIRT 6.1 WIN PER N RNWL BAS C;REW WORKSPACE VIRT 6.1 WIN PER N RNWL BAS C;REW WORKSPACE VIRT 6.1 WIN PER N RNWL BAS C;;;;79;;
1;3;2094;1;5,2521;4,27;REW WORKSPACE VIRT 6.1 WIN PER N RNWL ESS C;20100962;;REW WORKSPACE VIRT 6.1 WIN PER N RNWL ESS C;REW WORKSPACE VIRT 6.1 WIN PER N RNWL ESS C;REW WORKSPACE VIRT 6.1 WIN PER N RNWL ESS C;REW WORKSPACE VIRT 6.1 WIN PER N RNWL ESS C;;;;79;;
1;3;2094;1;3,7761;3,07;REW WORKSPACE VIRT 6.1 WIN PER N BDL BAS D;20100963;;REW WORKSPACE VIRT 6.1 WIN PER N BDL BAS D;REW WORKSPACE VIRT 6.1 WIN PER N BDL BAS D;REW WORKSPACE VIRT 6.1 WIN PER N BDL BAS D;REW WORKSPACE VIRT 6.1 WIN PER N BDL BAS D;;;;79;;
1;3;2094;1;11,316;9,2;REW WORKSPACE VIRT 6.1 WIN PER N SUB LIC E ESS;20100965;;REW WORKSPACE VIRT 6.1 WIN PER N SUB LIC E ESS;REW WORKSPACE VIRT 6.1 WIN PER N SUB LIC E ESS;REW WORKSPACE VIRT 6.1 WIN PER N SUB LIC E ESS;REW WORKSPACE VIRT 6.1 WIN PER N SUB LIC E ESS;;;;79;;
1;3;2094;1;4,9569;4,03;REW WORKSPACE VIRT 6.1 WIN PER N RNWL BAS A;20100968;;REW WORKSPACE VIRT 6.1 WIN PER N RNWL BAS A;REW WORKSPACE VIRT 6.1 WIN PER N RNWL BAS A;REW WORKSPACE VIRT 6.1 WIN PER N RNWL BAS A;REW WORKSPACE VIRT 6.1 WIN PER N RNWL BAS A;;;;79;;
1;3;2094;1;5,7318;4,66;REW WORKSPACE VIRT 6.1 WIN PER N RNWL ESS B;20100970;;REW WORKSPACE VIRT 6.1 WIN PER N RNWL ESS B;REW WORKSPACE VIRT 6.1 WIN PER N RNWL ESS B;REW WORKSPACE VIRT 6.1 WIN PER N RNWL ESS B;REW WORKSPACE VIRT 6.1 WIN PER N RNWL ESS B;;;;79;;
1;3;2094;1;11,8326;9,62;REW WORKSPACE VIRT 6.1 WIN PER N SUB LIC D ESS;20100971;;REW WORKSPACE VIRT 6.1 WIN PER N SUB LIC D ESS;REW WORKSPACE VIRT 6.1 WIN PER N SUB LIC D ESS;REW WORKSPACE VIRT 6.1 WIN PER N SUB LIC D ESS;REW WORKSPACE VIRT 6.1 WIN PER N SUB LIC D ESS;;;;79;;
1;3;2094;1;6,3591;5,17;REW WORKSPACE VIRT 6.1 WIN PER N RNWL ESS A;20100981;;REW WORKSPACE VIRT 6.1 WIN PER N RNWL ESS A;REW WORKSPACE VIRT 6.1 WIN PER N RNWL ESS A;REW WORKSPACE VIRT 6.1 WIN PER N RNWL ESS A;REW WORKSPACE VIRT 6.1 WIN PER N RNWL ESS A;;;;79;;
1;3;2094;1;4,6248;3,76;REW WORKSPACE VIRT 6.1 WIN PER N RNWL ESS E;20100982;;REW WORKSPACE VIRT 6.1 WIN PER N RNWL ESS E;REW WORKSPACE VIRT 6.1 WIN PER N RNWL ESS E;REW WORKSPACE VIRT 6.1 WIN PER N RNWL ESS E;REW WORKSPACE VIRT 6.1 WIN PER N RNWL ESS E;;;;79;;
1;3;2094;1;4,1082;3,34;REW WORKSPACE VIRT 6.1 WIN PER N BDL BAS C;20100983;;REW WORKSPACE VIRT 6.1 WIN PER N BDL BAS C;REW WORKSPACE VIRT 6.1 WIN PER N BDL BAS C;REW WORKSPACE VIRT 6.1 WIN PER N BDL BAS C;REW WORKSPACE VIRT 6.1 WIN PER N BDL BAS C;;;;79;;
1;3;2094;1;12,8043;10,41;REW WORKSPACE VIRT 6.1 WIN PER N SUB LIC B BAS;20100986;;REW WORKSPACE VIRT 6.1 WIN PER N SUB LIC B BAS;REW WORKSPACE VIRT 6.1 WIN PER N SUB LIC B BAS;REW WORKSPACE VIRT 6.1 WIN PER N SUB LIC B BAS;REW WORKSPACE VIRT 6.1 WIN PER N SUB LIC B BAS;;;;79;;
1;3;2094;1;6,3591;5,17;REW WORKSPACE VIRT 6.1 WIN PER N BDL ESS A;20100988;;REW WORKSPACE VIRT 6.1 WIN PER N BDL ESS A;REW WORKSPACE VIRT 6.1 WIN PER N BDL ESS A;REW WORKSPACE VIRT 6.1 WIN PER N BDL ESS A;REW WORKSPACE VIRT 6.1 WIN PER N BDL ESS A;;;;79;;
1;3;2094;1;4,5018;3,66;REW WORKSPACE VIRT 6.1 WIN PER N RNWL BAS B;20100990;;REW WORKSPACE VIRT 6.1 WIN PER N RNWL BAS B;REW WORKSPACE VIRT 6.1 WIN PER N RNWL BAS B;REW WORKSPACE VIRT 6.1 WIN PER N RNWL BAS B;REW WORKSPACE VIRT 6.1 WIN PER N RNWL BAS B;;;;79;;
1;3;2094;1;5,3997;4,39;EXP WORKSPACE VIRT 6.1 WIN N RNWL BAS S;20100999;;EXP WORKSPACE VIRT 6.1 WIN N RNWL BAS S;EXP WORKSPACE VIRT 6.1 WIN N RNWL BAS S;EXP WORKSPACE VIRT 6.1 WIN N RNWL BAS S;EXP WORKSPACE VIRT 6.1 WIN N RNWL BAS S;;;;79;;
1;3;2094;1;4,8339;3,93;REW WORKSPACE VIRT 6.1 WIN PER N RNWL ESS D;20101000;;REW WORKSPACE VIRT 6.1 WIN PER N RNWL ESS D;REW WORKSPACE VIRT 6.1 WIN PER N RNWL ESS D;REW WORKSPACE VIRT 6.1 WIN PER N RNWL ESS D;REW WORKSPACE VIRT 6.1 WIN PER N RNWL ESS D;;;;79;;
1;3;2094;1;35,424;28,8;EXP WORKSPACE VIRT 6.1 WIN N BDL STD LIC S BAS;20101002;;EXP WORKSPACE VIRT 6.1 WIN N BDL STD LIC S BAS;EXP WORKSPACE VIRT 6.1 WIN N BDL STD LIC S BAS;EXP WORKSPACE VIRT 6.1 WIN N BDL STD LIC S BAS;EXP WORKSPACE VIRT 6.1 WIN N BDL STD LIC S BAS;;;;79;;
1;3;2094;1;33,9726;27,62;REW WORKSPACE VIRT6.1 WIN PER N BDL STD LIC A ESS;20101003;;REW WORKSPACE VIRT6.1 WIN PER N BDL STD LIC A ESS;REW WORKSPACE VIRT6.1 WIN PER N BDL STD LIC A ESS;REW WORKSPACE VIRT6.1 WIN PER N BDL STD LIC A ESS;REW WORKSPACE VIRT6.1 WIN PER N BDL STD LIC A ESS;;;;79;;
1;3;2094;1;14,4525;11,75;AE WORKSPACE VIRT 6.1 WIN PER N SECDRY SUB E ESS;20101006;;AE WORKSPACE VIRT 6.1 WIN PER N SECDRY SUB E ESS;AE WORKSPACE VIRT 6.1 WIN PER N SECDRY SUB E ESS;AE WORKSPACE VIRT 6.1 WIN PER N SECDRY SUB E ESS;AE WORKSPACE VIRT 6.1 WIN PER N SECDRY SUB E ESS;;;;79;;
1;3;2094;1;17,0109;13,83;AE WORKSPACE VIRT 6.1 WIN PER N SECDRY SUB B ESS;20101007;;AE WORKSPACE VIRT 6.1 WIN PER N SECDRY SUB B ESS;AE WORKSPACE VIRT 6.1 WIN PER N SECDRY SUB B ESS;AE WORKSPACE VIRT 6.1 WIN PER N SECDRY SUB B ESS;AE WORKSPACE VIRT 6.1 WIN PER N SECDRY SUB B ESS;;;;79;;
1;3;2094;1;15,3012;12,44;AE WORKSPACE VIRT 6.1 WIN PER N SECDRY SUB D ESS;20101008;;AE WORKSPACE VIRT 6.1 WIN PER N SECDRY SUB D ESS;AE WORKSPACE VIRT 6.1 WIN PER N SECDRY SUB D ESS;AE WORKSPACE VIRT 6.1 WIN PER N SECDRY SUB D ESS;AE WORKSPACE VIRT 6.1 WIN PER N SECDRY SUB D ESS;;;;79;;
1;3;2094;1;17,0109;13,83;AE WORKSPACE VIRT 6.1 WIN PER N SECDRY SUB A ESS;20101009;;AE WORKSPACE VIRT 6.1 WIN PER N SECDRY SUB A ESS;AE WORKSPACE VIRT 6.1 WIN PER N SECDRY SUB A ESS;AE WORKSPACE VIRT 6.1 WIN PER N SECDRY SUB A ESS;AE WORKSPACE VIRT 6.1 WIN PER N SECDRY SUB A ESS;;;;79;;
1;3;2094;1;16,1499;13,13;AE WORKSPACE VIRT 6.1 WIN PER N SECDRY SUB C ESS;20101010;;AE WORKSPACE VIRT 6.1 WIN PER N SECDRY SUB C ESS;AE WORKSPACE VIRT 6.1 WIN PER N SECDRY SUB C ESS;AE WORKSPACE VIRT 6.1 WIN PER N SECDRY SUB C ESS;AE WORKSPACE VIRT 6.1 WIN PER N SECDRY SUB C ESS;;;;79;;
1;3;2094;1;7,5153;6,11;REW WORKSPACE STREAMING 6.1 WIN PER N RNWL ESS D;20101012;;REW WORKSPACE STREAMING 6.1 WIN PER N RNWL ESS D;REW WORKSPACE STREAMING 6.1 WIN PER N RNWL ESS D;REW WORKSPACE STREAMING 6.1 WIN PER N RNWL ESS D;REW WORKSPACE STREAMING 6.1 WIN PER N RNWL ESS D;;;;79;;
1;3;2094;1;7,1955;5,85;REW WORKSPACE STREAMING 6.1 WIN PER N RNWL ESS E;20101013;;REW WORKSPACE STREAMING 6.1 WIN PER N RNWL ESS E;REW WORKSPACE STREAMING 6.1 WIN PER N RNWL ESS E;REW WORKSPACE STREAMING 6.1 WIN PER N RNWL ESS E;REW WORKSPACE STREAMING 6.1 WIN PER N RNWL ESS E;;;;79;;
1;3;2094;1;8,1549;6,63;REW WORKSPACE STREAMING 6.1 WIN PER N BDL ESS C;20101014;;REW WORKSPACE STREAMING 6.1 WIN PER N BDL ESS C;REW WORKSPACE STREAMING 6.1 WIN PER N BDL ESS C;REW WORKSPACE STREAMING 6.1 WIN PER N BDL ESS C;REW WORKSPACE STREAMING 6.1 WIN PER N BDL ESS C;;;;79;;
1;3;2094;1;7,5153;6,11;REW WORKSPACE STREAMING 6.1 WIN PER N BDL ESS D;20101015;;REW WORKSPACE STREAMING 6.1 WIN PER N BDL ESS D;REW WORKSPACE STREAMING 6.1 WIN PER N BDL ESS D;REW WORKSPACE STREAMING 6.1 WIN PER N BDL ESS D;REW WORKSPACE STREAMING 6.1 WIN PER N BDL ESS D;;;;79;;
1;3;2094;1;7,1955;5,85;REW WORKSPACE STREAMING 6.1 WIN PER N BDL ESS E;20101016;;REW WORKSPACE STREAMING 6.1 WIN PER N BDL ESS E;REW WORKSPACE STREAMING 6.1 WIN PER N BDL ESS E;REW WORKSPACE STREAMING 6.1 WIN PER N BDL ESS E;REW WORKSPACE STREAMING 6.1 WIN PER N BDL ESS E;;;;79;;
1;3;2094;1;10,7256;8,72;EXP WORKSPACE STREAMING 6.1 WIN PER N BDL ESS S;20101018;;EXP WORKSPACE STREAMING 6.1 WIN PER N BDL ESS S;EXP WORKSPACE STREAMING 6.1 WIN PER N BDL ESS S;EXP WORKSPACE STREAMING 6.1 WIN PER N BDL ESS S;EXP WORKSPACE STREAMING 6.1 WIN PER N BDL ESS S;;;;79;;
1;3;2094;1;6,3837;5,19;REW WORKSPACE STREAMING 6.1 WIN PER N BDL BAS C;20101019;;REW WORKSPACE STREAMING 6.1 WIN PER N BDL BAS C;REW WORKSPACE STREAMING 6.1 WIN PER N BDL BAS C;REW WORKSPACE STREAMING 6.1 WIN PER N BDL BAS C;REW WORKSPACE STREAMING 6.1 WIN PER N BDL BAS C;;;;79;;
1;3;2094;1;8,4009;6,83;EXP WORKSPACE STREAMING 6.1 WIN PER N BDL BAS S;20101020;;EXP WORKSPACE STREAMING 6.1 WIN PER N BDL BAS S;EXP WORKSPACE STREAMING 6.1 WIN PER N BDL BAS S;EXP WORKSPACE STREAMING 6.1 WIN PER N BDL BAS S;EXP WORKSPACE STREAMING 6.1 WIN PER N BDL BAS S;;;;79;;
1;3;2094;1;21,8202;17,74;REW WORKSPACE STREAMING 6.1 WIN P N SUB LIC B ESS;20101021;;REW WORKSPACE STREAMING 6.1 WIN P N SUB LIC B ESS;REW WORKSPACE STREAMING 6.1 WIN P N SUB LIC B ESS;REW WORKSPACE STREAMING 6.1 WIN P N SUB LIC B ESS;REW WORKSPACE STREAMING 6.1 WIN P N SUB LIC B ESS;;;;79;;
1;3;2094;1;7,7244;6,28;REW WORKSPACE STREAMING 6.1 WIN PER N RNWL BAS A;20101029;;REW WORKSPACE STREAMING 6.1 WIN PER N RNWL BAS A;REW WORKSPACE STREAMING 6.1 WIN PER N RNWL BAS A;REW WORKSPACE STREAMING 6.1 WIN PER N RNWL BAS A;REW WORKSPACE STREAMING 6.1 WIN PER N RNWL BAS A;;;;79;;
1;3;2094;1;8,1549;6,63;REW WORKSPACE STREAMING 6.1 WIN PER N RNWL ESS C;20101033;;REW WORKSPACE STREAMING 6.1 WIN PER N RNWL ESS C;REW WORKSPACE STREAMING 6.1 WIN PER N RNWL ESS C;REW WORKSPACE STREAMING 6.1 WIN PER N RNWL ESS C;REW WORKSPACE STREAMING 6.1 WIN PER N RNWL ESS C;;;;79;;
1;3;2094;1;9,8769;8,03;REW WORKSPACE STREAMING 6.1 WIN PER N BDL ESS A;20101034;;REW WORKSPACE STREAMING 6.1 WIN PER N BDL ESS A;REW WORKSPACE STREAMING 6.1 WIN PER N BDL ESS A;REW WORKSPACE STREAMING 6.1 WIN PER N BDL ESS A;REW WORKSPACE STREAMING 6.1 WIN PER N BDL ESS A;;;;79;;
1;3;2094;1;18,4008;14,96;REW WORKSPACE STREAMING 6.1 WIN P N SUB LIC D ESS;20101037;;REW WORKSPACE STREAMING 6.1 WIN P N SUB LIC D ESS;REW WORKSPACE STREAMING 6.1 WIN P N SUB LIC D ESS;REW WORKSPACE STREAMING 6.1 WIN P N SUB LIC D ESS;REW WORKSPACE STREAMING 6.1 WIN P N SUB LIC D ESS;;;;79;;
1;3;2094;1;5,8794;4,78;REW WORKSPACE STREAMING 6.1 WIN PER N RNWL BAS D;20101040;;REW WORKSPACE STREAMING 6.1 WIN PER N RNWL BAS D;REW WORKSPACE STREAMING 6.1 WIN PER N RNWL BAS D;REW WORKSPACE STREAMING 6.1 WIN PER N RNWL BAS D;REW WORKSPACE STREAMING 6.1 WIN PER N RNWL BAS D;;;;79;;
1;3;2094;1;8,4009;6,83;EXP WORKSPACE STREAMING 6.1 WIN PER N RNWL BAS S;20101041;;EXP WORKSPACE STREAMING 6.1 WIN PER N RNWL BAS S;EXP WORKSPACE STREAMING 6.1 WIN PER N RNWL BAS S;EXP WORKSPACE STREAMING 6.1 WIN PER N RNWL BAS S;EXP WORKSPACE STREAMING 6.1 WIN PER N RNWL BAS S;;;;79;;
1;3;2094;1;17,6259;14,33;REW WORKSPACE STREAMING 6.1 WIN P N SUB LIC E ESS;20101046;;REW WORKSPACE STREAMING 6.1 WIN P N SUB LIC E ESS;REW WORKSPACE STREAMING 6.1 WIN P N SUB LIC E ESS;REW WORKSPACE STREAMING 6.1 WIN P N SUB LIC E ESS;REW WORKSPACE STREAMING 6.1 WIN P N SUB LIC E ESS;;;;79;;
1;3;2094;1;41,8569;34,03;REW WORKSPACE STREAM 6.1 WIN P N BDL STD LIC C BAS;20101049;;REW WORKSPACE STREAM 6.1 WIN P N BDL STD LIC C BAS;REW WORKSPACE STREAM 6.1 WIN P N BDL STD LIC C BAS;REW WORKSPACE STREAM 6.1 WIN P N BDL STD LIC C BAS;REW WORKSPACE STREAM 6.1 WIN P N BDL STD LIC C BAS;;;;79;;
1;3;2094;1;52,8285;42,95;REW WORKSPACE STREAM 6.1 WIN P N BDL STD LIC A ESS;20101051;;REW WORKSPACE STREAM 6.1 WIN P N BDL STD LIC A ESS;REW WORKSPACE STREAM 6.1 WIN P N BDL STD LIC A ESS;REW WORKSPACE STREAM 6.1 WIN P N BDL STD LIC A ESS;REW WORKSPACE STREAM 6.1 WIN P N BDL STD LIC A ESS;;;;79;;
1;3;2094;1;43,6404;35,48;REW WORKSPACE STREAM 6.1 WIN P N BDL STD LIC C ESS;20101053;;REW WORKSPACE STREAM 6.1 WIN P N BDL STD LIC C ESS;REW WORKSPACE STREAM 6.1 WIN P N BDL STD LIC C ESS;REW WORKSPACE STREAM 6.1 WIN P N BDL STD LIC C ESS;REW WORKSPACE STREAM 6.1 WIN P N BDL STD LIC C ESS;;;;79;;
1;3;2094;1;38,5605;31,35;REW WORKSPACE STREAM 6.1 WIN P N BDL STD LIC D BAS;20101057;;REW WORKSPACE STREAM 6.1 WIN P N BDL STD LIC D BAS;REW WORKSPACE STREAM 6.1 WIN P N BDL STD LIC D BAS;REW WORKSPACE STREAM 6.1 WIN P N BDL STD LIC D BAS;REW WORKSPACE STREAM 6.1 WIN P N BDL STD LIC D BAS;;;;79;;
1;3;2094;1;36,9123;30,01;REW WORKSPACE STREAM 6.1 WIN P N BDL STD LIC E BAS;20101061;;REW WORKSPACE STREAM 6.1 WIN P N BDL STD LIC E BAS;REW WORKSPACE STREAM 6.1 WIN P N BDL STD LIC E BAS;REW WORKSPACE STREAM 6.1 WIN P N BDL STD LIC E BAS;REW WORKSPACE STREAM 6.1 WIN P N BDL STD LIC E BAS;;;;79;;
1;3;2094;1;50,676;41,2;REW WORKSPACE STREAM 6.1 WIN P N BDL STD LIC A BAS;20101063;;REW WORKSPACE STREAM 6.1 WIN P N BDL STD LIC A BAS;REW WORKSPACE STREAM 6.1 WIN P N BDL STD LIC A BAS;REW WORKSPACE STREAM 6.1 WIN P N BDL STD LIC A BAS;REW WORKSPACE STREAM 6.1 WIN P N BDL STD LIC A BAS;;;;79;;
1;3;2094;1;40,1964;32,68;REW WORKSPACE STREAM 6.1 WIN P N BDL STD LIC D ESS;20101065;;REW WORKSPACE STREAM 6.1 WIN P N BDL STD LIC D ESS;REW WORKSPACE STREAM 6.1 WIN P N BDL STD LIC D ESS;REW WORKSPACE STREAM 6.1 WIN P N BDL STD LIC D ESS;REW WORKSPACE STREAM 6.1 WIN P N BDL STD LIC D ESS;;;;79;;
1;3;2094;1;45,7314;37,18;REW WORKSPACE STREAM 6.1 WIN P N BDL STD LIC B BAS;20101066;;REW WORKSPACE STREAM 6.1 WIN P N BDL STD LIC B BAS;REW WORKSPACE STREAM 6.1 WIN P N BDL STD LIC B BAS;REW WORKSPACE STREAM 6.1 WIN P N BDL STD LIC B BAS;REW WORKSPACE STREAM 6.1 WIN P N BDL STD LIC B BAS;;;;79;;
1;3;2094;1;55,0917;44,79;EXP WORKSPACE STREAMING 6.1 WIN P N STD LIC S BAS;20101067;;EXP WORKSPACE STREAMING 6.1 WIN P N STD LIC S BAS;EXP WORKSPACE STREAMING 6.1 WIN P N STD LIC S BAS;EXP WORKSPACE STREAMING 6.1 WIN P N STD LIC S BAS;EXP WORKSPACE STREAMING 6.1 WIN P N STD LIC S BAS;;;;79;;
1;3;2094;1;57,4287;46,69;EXP WORKSPACE STREAMING 6.1 WIN P N STD LIC S ESS;20101069;;EXP WORKSPACE STREAMING 6.1 WIN P N STD LIC S ESS;EXP WORKSPACE STREAMING 6.1 WIN P N STD LIC S ESS;EXP WORKSPACE STREAMING 6.1 WIN P N STD LIC S ESS;EXP WORKSPACE STREAMING 6.1 WIN P N STD LIC S ESS;;;;79;;
1;3;2094;1;47,6625;38,75;REW WORKSPACE STREAM 6.1 WIN P N BDL STD LIC B ESS;20101070;;REW WORKSPACE STREAM 6.1 WIN P N BDL STD LIC B ESS;REW WORKSPACE STREAM 6.1 WIN P N BDL STD LIC B ESS;REW WORKSPACE STREAM 6.1 WIN P N BDL STD LIC B ESS;REW WORKSPACE STREAM 6.1 WIN P N BDL STD LIC B ESS;;;;79;;
1;3;2094;1;38,4867;31,29;REW WORKSPACE STREAM 6.1 WIN P N BDL STD LIC E ESS;20101071;;REW WORKSPACE STREAM 6.1 WIN P N BDL STD LIC E ESS;REW WORKSPACE STREAM 6.1 WIN P N BDL STD LIC E ESS;REW WORKSPACE STREAM 6.1 WIN P N BDL STD LIC E ESS;REW WORKSPACE STREAM 6.1 WIN P N BDL STD LIC E ESS;;;;79;;
1;3;2094;1;19,8891;16,17;REW WORKSPACE STREAMING 6.1 WIN P N SUB LIC B BAS;20101075;;REW WORKSPACE STREAMING 6.1 WIN P N SUB LIC B BAS;REW WORKSPACE STREAMING 6.1 WIN P N SUB LIC B BAS;REW WORKSPACE STREAMING 6.1 WIN P N SUB LIC B BAS;REW WORKSPACE STREAMING 6.1 WIN P N SUB LIC B BAS;;;;79;;
1;3;2094;1;6,9741;5,67;REW WORKSPACE STREAMING 6.1 WIN PER N RNWL BAS B;20101077;;REW WORKSPACE STREAMING 6.1 WIN PER N RNWL BAS B;REW WORKSPACE STREAMING 6.1 WIN PER N RNWL BAS B;REW WORKSPACE STREAMING 6.1 WIN PER N RNWL BAS B;REW WORKSPACE STREAMING 6.1 WIN PER N RNWL BAS B;;;;79;;
1;3;2094;1;7,7244;6,28;REW WORKSPACE STREAMING 6.1 WIN PER N BDL BAS A;20101080;;REW WORKSPACE STREAMING 6.1 WIN PER N BDL BAS A;REW WORKSPACE STREAMING 6.1 WIN PER N BDL BAS A;REW WORKSPACE STREAMING 6.1 WIN PER N BDL BAS A;REW WORKSPACE STREAMING 6.1 WIN PER N BDL BAS A;;;;79;;
1;3;2094;1;19,9752;16,24;REW WORKSPACE STREAMING 6.1 WIN P N SUB LIC C ESS;20101081;;REW WORKSPACE STREAMING 6.1 WIN P N SUB LIC C ESS;REW WORKSPACE STREAMING 6.1 WIN P N SUB LIC C ESS;REW WORKSPACE STREAMING 6.1 WIN P N SUB LIC C ESS;REW WORKSPACE STREAMING 6.1 WIN P N SUB LIC C ESS;;;;79;;
1;3;2094;1;6,3837;5,19;REW WORKSPACE STREAMING 6.1 WIN PER N RNWL BAS C;20101086;;REW WORKSPACE STREAMING 6.1 WIN PER N RNWL BAS C;REW WORKSPACE STREAMING 6.1 WIN PER N RNWL BAS C;REW WORKSPACE STREAMING 6.1 WIN PER N RNWL BAS C;REW WORKSPACE STREAMING 6.1 WIN PER N RNWL BAS C;;;;79;;
1;3;2094;1;8,9175;7,25;REW WORKSPACE STREAMING 6.1 WIN PER N RNWL ESS B;20101089;;REW WORKSPACE STREAMING 6.1 WIN PER N RNWL ESS B;REW WORKSPACE STREAMING 6.1 WIN PER N RNWL ESS B;REW WORKSPACE STREAMING 6.1 WIN PER N RNWL ESS B;REW WORKSPACE STREAMING 6.1 WIN PER N RNWL ESS B;;;;79;;
1;3;2094;1;10,7256;8,72;EXP WORKSPACE STREAMING 6.1 WIN PER N RNWL ESS S;20101091;;EXP WORKSPACE STREAMING 6.1 WIN PER N RNWL ESS S;EXP WORKSPACE STREAMING 6.1 WIN PER N RNWL ESS S;EXP WORKSPACE STREAMING 6.1 WIN PER N RNWL ESS S;EXP WORKSPACE STREAMING 6.1 WIN PER N RNWL ESS S;;;;79;;
1;3;2094;1;23,9604;19,48;EXP WORKSPACE STREAMING 6.1 WIN P N SUB LIC S BAS;20101096;;EXP WORKSPACE STREAMING 6.1 WIN P N SUB LIC S BAS;EXP WORKSPACE STREAMING 6.1 WIN P N SUB LIC S BAS;EXP WORKSPACE STREAMING 6.1 WIN P N SUB LIC S BAS;EXP WORKSPACE STREAMING 6.1 WIN P N SUB LIC S BAS;;;;79;;
1;3;2094;1;8,9175;7,25;REW WORKSPACE STREAMING 6.1 WIN PER N BDL ESS B;20101100;;REW WORKSPACE STREAMING 6.1 WIN PER N BDL ESS B;REW WORKSPACE STREAMING 6.1 WIN PER N BDL ESS B;REW WORKSPACE STREAMING 6.1 WIN PER N BDL ESS B;REW WORKSPACE STREAMING 6.1 WIN PER N BDL ESS B;;;;79;;
1;3;2094;1;6,9741;5,67;REW WORKSPACE STREAMING 6.1 WIN PER N BDL BAS B;20101101;;REW WORKSPACE STREAMING 6.1 WIN PER N BDL BAS B;REW WORKSPACE STREAMING 6.1 WIN PER N BDL BAS B;REW WORKSPACE STREAMING 6.1 WIN PER N BDL BAS B;REW WORKSPACE STREAMING 6.1 WIN PER N BDL BAS B;;;;79;;
1;3;2094;1;24,2064;19,68;REW WORKSPACE STREAMING 6.1 WIN P N SUB LIC A ESS;20101102;;REW WORKSPACE STREAMING 6.1 WIN P N SUB LIC A ESS;REW WORKSPACE STREAMING 6.1 WIN P N SUB LIC A ESS;REW WORKSPACE STREAMING 6.1 WIN P N SUB LIC A ESS;REW WORKSPACE STREAMING 6.1 WIN P N SUB LIC A ESS;;;;79;;
1;3;2094;1;26,2974;21,38;EXP WORKSPACE STREAMING 6.1 WIN P N SUB LIC S ESS;20101122;;EXP WORKSPACE STREAMING 6.1 WIN P N SUB LIC S ESS;EXP WORKSPACE STREAMING 6.1 WIN P N SUB LIC S ESS;EXP WORKSPACE STREAMING 6.1 WIN P N SUB LIC S ESS;EXP WORKSPACE STREAMING 6.1 WIN P N SUB LIC S ESS;;;;79;;
1;3;2094;1;16,7772;13,64;REW WORKSPACE STREAMING 6.1 WIN P N SUB LIC D BAS;20101127;;REW WORKSPACE STREAMING 6.1 WIN P N SUB LIC D BAS;REW WORKSPACE STREAMING 6.1 WIN P N SUB LIC D BAS;REW WORKSPACE STREAMING 6.1 WIN P N SUB LIC D BAS;REW WORKSPACE STREAMING 6.1 WIN P N SUB LIC D BAS;;;;79;;
1;3;2094;1;5,8794;4,78;REW WORKSPACE STREAMING 6.1 WIN PER N BDL BAS D;20101130;;REW WORKSPACE STREAMING 6.1 WIN PER N BDL BAS D;REW WORKSPACE STREAMING 6.1 WIN PER N BDL BAS D;REW WORKSPACE STREAMING 6.1 WIN PER N BDL BAS D;REW WORKSPACE STREAMING 6.1 WIN PER N BDL BAS D;;;;79;;
1;3;2094;1;16,0515;13,05;REW WORKSPACE STREAMING 6.1 WIN P N SUB LIC E BAS;20101137;;REW WORKSPACE STREAMING 6.1 WIN P N SUB LIC E BAS;REW WORKSPACE STREAMING 6.1 WIN P N SUB LIC E BAS;REW WORKSPACE STREAMING 6.1 WIN P N SUB LIC E BAS;REW WORKSPACE STREAMING 6.1 WIN P N SUB LIC E BAS;;;;79;;
1;3;2094;1;5,6211;4,57;REW WORKSPACE STREAMING 6.1 WIN PER N RNWL BAS E;20101140;;REW WORKSPACE STREAMING 6.1 WIN PER N RNWL BAS E;REW WORKSPACE STREAMING 6.1 WIN PER N RNWL BAS E;REW WORKSPACE STREAMING 6.1 WIN PER N RNWL BAS E;REW WORKSPACE STREAMING 6.1 WIN PER N RNWL BAS E;;;;79;;
1;3;2094;1;18,2163;14,81;REW WORKSPACE STREAMING 6.1 WIN P N SUB LIC C BAS;20101145;;REW WORKSPACE STREAMING 6.1 WIN P N SUB LIC C BAS;REW WORKSPACE STREAMING 6.1 WIN P N SUB LIC C BAS;REW WORKSPACE STREAMING 6.1 WIN P N SUB LIC C BAS;REW WORKSPACE STREAMING 6.1 WIN P N SUB LIC C BAS;;;;79;;
1;3;2094;1;22,0539;17,93;REW WORKSPACE STREAMING 6.1 WIN P N SUB LIC A BAS;20101148;;REW WORKSPACE STREAMING 6.1 WIN P N SUB LIC A BAS;REW WORKSPACE STREAMING 6.1 WIN P N SUB LIC A BAS;REW WORKSPACE STREAMING 6.1 WIN P N SUB LIC A BAS;REW WORKSPACE STREAMING 6.1 WIN P N SUB LIC A BAS;;;;79;;
1;3;2094;1;9,8769;8,03;REW WORKSPACE STREAMING 6.1 WIN PER N RNWL ESS A;20101152;;REW WORKSPACE STREAMING 6.1 WIN PER N RNWL ESS A;REW WORKSPACE STREAMING 6.1 WIN PER N RNWL ESS A;REW WORKSPACE STREAMING 6.1 WIN PER N RNWL ESS A;REW WORKSPACE STREAMING 6.1 WIN PER N RNWL ESS A;;;;79;;
1;3;2094;1;5,6211;4,57;REW WORKSPACE STREAMING 6.1 WIN PER N BDL BAS E;20101156;;REW WORKSPACE STREAMING 6.1 WIN PER N BDL BAS E;REW WORKSPACE STREAMING 6.1 WIN PER N BDL BAS E;REW WORKSPACE STREAMING 6.1 WIN PER N BDL BAS E;REW WORKSPACE STREAMING 6.1 WIN PER N BDL BAS E;;;;79;;
1;3;2094;1;1705,0137;1386,19;AE BE 2010 DEDUPLICATION STE WIN SVR BDL LIC S BAS;20101242;;AE BE 2010 DEDUPLICATION STE WIN SVR BDL LIC S BAS;AE BE 2010 DEDUPLICATION STE WIN SVR BDL LIC S BAS;AE BE 2010 DEDUPLICATION STE WIN SVR BDL LIC S BAS;AE BE 2010 DEDUPLICATION STE WIN SVR BDL LIC S BAS;;;;79;;
1;3;2094;1;2024,7153;1646,11;EXP BE 2010 DEDUPLICATION STE WIN SVR BDL LIC S BAS;20101243;;EXP BE 2010 DEDUPLICATION STE WIN SVR BDL LIC S BAS;EXP BE 2010 DEDUPLICATION STE WIN SVR BDL LIC S BAS;EXP BE 2010 DEDUPLICATION STE WIN SVR BDL LIC S BAS;EXP BE 2010 DEDUPLICATION STE WIN SVR BDL LIC S BAS;;;;79;;
1;3;2094;1;1705,0137;1386,19;GOV BE 2010 DEDUPLICATION STE WIN SVR STD LIC S BAS;20101244;;GOV BE 2010 DEDUPLICATION STE WIN SVR STD LIC S BAS;GOV BE 2010 DEDUPLICATION STE WIN SVR STD LIC S BAS;GOV BE 2010 DEDUPLICATION STE WIN SVR STD LIC S BAS;GOV BE 2010 DEDUPLICATION STE WIN SVR STD LIC S BAS;;;;79;;
1;3;2094;1;1971,4194;1602,78;REW BE 2010 DEDUPLICATION STE WIN SVR STD LIC A BAS;20101245;;REW BE 2010 DEDUPLICATION STE WIN SVR STD LIC A BAS;REW BE 2010 DEDUPLICATION STE WIN SVR STD LIC A BAS;REW BE 2010 DEDUPLICATION STE WIN SVR STD LIC A BAS;REW BE 2010 DEDUPLICATION STE WIN SVR STD LIC A BAS;;;;79;;
1;3;2094;1;1891,494;1537,8;REW BE 2010 DEDUPLICATION STE WIN SVR STD LIC B BAS;20101246;;REW BE 2010 DEDUPLICATION STE WIN SVR STD LIC B BAS;REW BE 2010 DEDUPLICATION STE WIN SVR STD LIC B BAS;REW BE 2010 DEDUPLICATION STE WIN SVR STD LIC B BAS;REW BE 2010 DEDUPLICATION STE WIN SVR STD LIC B BAS;;;;79;;
1;3;2094;1;1811,5932;1472,84;REW BE 2010 DEDUPLICATION STE WIN SVR STD LIC C BAS;20101247;;REW BE 2010 DEDUPLICATION STE WIN SVR STD LIC C BAS;REW BE 2010 DEDUPLICATION STE WIN SVR STD LIC C BAS;REW BE 2010 DEDUPLICATION STE WIN SVR STD LIC C BAS;REW BE 2010 DEDUPLICATION STE WIN SVR STD LIC C BAS;;;;79;;
1;3;2094;1;1705,0137;1386,19;REW BE 2010 DEDUPLICATION STE WIN SVR STD LIC D BAS;20101248;;REW BE 2010 DEDUPLICATION STE WIN SVR STD LIC D BAS;REW BE 2010 DEDUPLICATION STE WIN SVR STD LIC D BAS;REW BE 2010 DEDUPLICATION STE WIN SVR STD LIC D BAS;REW BE 2010 DEDUPLICATION STE WIN SVR STD LIC D BAS;;;;79;;
1;3;2094;1;1705,0137;1386,19;REW BE 2010 DEDUPLICATION STE WIN SVR STD LIC E BAS;20101249;;REW BE 2010 DEDUPLICATION STE WIN SVR STD LIC E BAS;REW BE 2010 DEDUPLICATION STE WIN SVR STD LIC E BAS;REW BE 2010 DEDUPLICATION STE WIN SVR STD LIC E BAS;REW BE 2010 DEDUPLICATION STE WIN SVR STD LIC E BAS;;;;79;;
1;3;2094;1;2447,9337;1990,19;AE BE 2010 DEDUPLICATION ARCHIV STE WIN LIC S BAS;20101251;;AE BE 2010 DEDUPLICATION ARCHIV STE WIN LIC S BAS;AE BE 2010 DEDUPLICATION ARCHIV STE WIN LIC S BAS;AE BE 2010 DEDUPLICATION ARCHIV STE WIN LIC S BAS;AE BE 2010 DEDUPLICATION ARCHIV STE WIN LIC S BAS;;;;79;;
1;3;2094;1;1721,8524;1399,88;REW BE 2010 DEDUPLICATION ARCHIV WIN CU LIC E BAS;20101252;;REW BE 2010 DEDUPLICATION ARCHIV WIN CU LIC E BAS;REW BE 2010 DEDUPLICATION ARCHIV WIN CU LIC E BAS;REW BE 2010 DEDUPLICATION ARCHIV WIN CU LIC E BAS;REW BE 2010 DEDUPLICATION ARCHIV WIN CU LIC E BAS;;;;79;;
1;3;2094;1;1271,5371;1033,77;AE BE 2010 DEDUPLICATION STE WIN SVR CU LIC S ESS;20101254;;AE BE 2010 DEDUPLICATION STE WIN SVR CU LIC S ESS;AE BE 2010 DEDUPLICATION STE WIN SVR CU LIC S ESS;AE BE 2010 DEDUPLICATION STE WIN SVR CU LIC S ESS;AE BE 2010 DEDUPLICATION STE WIN SVR CU LIC S ESS;;;;79;;
1;3;2094;1;2711,1537;2204,19;REW BE 2010 DEDUPLICATION ARCHIV STE WIN LIC C ESS;20101255;;REW BE 2010 DEDUPLICATION ARCHIV STE WIN LIC C ESS;REW BE 2010 DEDUPLICATION ARCHIV STE WIN LIC C ESS;REW BE 2010 DEDUPLICATION ARCHIV STE WIN LIC C ESS;REW BE 2010 DEDUPLICATION ARCHIV STE WIN LIC C ESS;;;;79;;
1;3;2094;1;2551,6596;2074,52;REW BE 2010 DEDUPLICATION ARCHIV STE WIN LIC D ESS;20101256;;REW BE 2010 DEDUPLICATION ARCHIV STE WIN LIC D ESS;REW BE 2010 DEDUPLICATION ARCHIV STE WIN LIC D ESS;REW BE 2010 DEDUPLICATION ARCHIV STE WIN LIC D ESS;REW BE 2010 DEDUPLICATION ARCHIV STE WIN LIC D ESS;;;;79;;
1;3;2094;1;2551,6596;2074,52;REW BE 2010 DEDUPLICATION ARCHIV STE WIN LIC E ESS;20101257;;REW BE 2010 DEDUPLICATION ARCHIV STE WIN LIC E ESS;REW BE 2010 DEDUPLICATION ARCHIV STE WIN LIC E ESS;REW BE 2010 DEDUPLICATION ARCHIV STE WIN LIC E ESS;REW BE 2010 DEDUPLICATION ARCHIV STE WIN LIC E ESS;;;;79;;
1;3;2094;1;1199,0778;974,86;AE BE 2010 DEDUPLICATION STE WIN SVR CU LIC S BAS;20101259;;AE BE 2010 DEDUPLICATION STE WIN SVR CU LIC S BAS;AE BE 2010 DEDUPLICATION STE WIN SVR CU LIC S BAS;AE BE 2010 DEDUPLICATION STE WIN SVR CU LIC S BAS;AE BE 2010 DEDUPLICATION STE WIN SVR CU LIC S BAS;;;;79;;
1;3;2094;1;1423,8972;1157,64;EXP BE 2010 DEDUPLICATION STE WIN SVR CU LIC S BAS;20101260;;EXP BE 2010 DEDUPLICATION STE WIN SVR CU LIC S BAS;EXP BE 2010 DEDUPLICATION STE WIN SVR CU LIC S BAS;EXP BE 2010 DEDUPLICATION STE WIN SVR CU LIC S BAS;EXP BE 2010 DEDUPLICATION STE WIN SVR CU LIC S BAS;;;;79;;
1;3;2094;1;1199,0778;974,86;GOV BE 2010 DEDUPLICATION STE WIN SVR CU LIC S BAS;20101261;;GOV BE 2010 DEDUPLICATION STE WIN SVR CU LIC S BAS;GOV BE 2010 DEDUPLICATION STE WIN SVR CU LIC S BAS;GOV BE 2010 DEDUPLICATION STE WIN SVR CU LIC S BAS;GOV BE 2010 DEDUPLICATION STE WIN SVR CU LIC S BAS;;;;79;;
1;3;2094;1;1386,4191;1127,17;REW BE 2010 DEDUPLICATION STE WIN SVR CU LIC A BAS;20101262;;REW BE 2010 DEDUPLICATION STE WIN SVR CU LIC A BAS;REW BE 2010 DEDUPLICATION STE WIN SVR CU LIC A BAS;REW BE 2010 DEDUPLICATION STE WIN SVR CU LIC A BAS;REW BE 2010 DEDUPLICATION STE WIN SVR CU LIC A BAS;;;;79;;
1;3;2094;1;1330,2081;1081,47;REW BE 2010 DEDUPLICATION STE WIN SVR CU LIC B BAS;20101263;;REW BE 2010 DEDUPLICATION STE WIN SVR CU LIC B BAS;REW BE 2010 DEDUPLICATION STE WIN SVR CU LIC B BAS;REW BE 2010 DEDUPLICATION STE WIN SVR CU LIC B BAS;REW BE 2010 DEDUPLICATION STE WIN SVR CU LIC B BAS;;;;79;;
1;3;2094;1;1274,0217;1035,79;REW BE 2010 DEDUPLICATION STE WIN SVR CU LIC C BAS;20101264;;REW BE 2010 DEDUPLICATION STE WIN SVR CU LIC C BAS;REW BE 2010 DEDUPLICATION STE WIN SVR CU LIC C BAS;REW BE 2010 DEDUPLICATION STE WIN SVR CU LIC C BAS;REW BE 2010 DEDUPLICATION STE WIN SVR CU LIC C BAS;;;;79;;
1;3;2094;1;1199,0778;974,86;REW BE 2010 DEDUPLICATION STE WIN SVR CU LIC D BAS;20101265;;REW BE 2010 DEDUPLICATION STE WIN SVR CU LIC D BAS;REW BE 2010 DEDUPLICATION STE WIN SVR CU LIC D BAS;REW BE 2010 DEDUPLICATION STE WIN SVR CU LIC D BAS;REW BE 2010 DEDUPLICATION STE WIN SVR CU LIC D BAS;;;;79;;
1;3;2094;1;1199,0778;974,86;REW BE 2010 DEDUPLICATION STE WIN SVR CU LIC E BAS;20101266;;REW BE 2010 DEDUPLICATION STE WIN SVR CU LIC E BAS;REW BE 2010 DEDUPLICATION STE WIN SVR CU LIC E BAS;REW BE 2010 DEDUPLICATION STE WIN SVR CU LIC E BAS;REW BE 2010 DEDUPLICATION STE WIN SVR CU LIC E BAS;;;;79;;
1;3;2094;1;1721,8524;1399,88;AE BE 2010 DEDUPLICATION ARCHIV WIN CU LIC S BAS;20101268;;AE BE 2010 DEDUPLICATION ARCHIV WIN CU LIC S BAS;AE BE 2010 DEDUPLICATION ARCHIV WIN CU LIC S BAS;AE BE 2010 DEDUPLICATION ARCHIV WIN CU LIC S BAS;AE BE 2010 DEDUPLICATION ARCHIV WIN CU LIC S BAS;;;;79;;
1;3;2094;1;2044,7151;1662,37;EXP BE 2010 DEDUPLICATION ARCHIV WIN CU LIC S BAS;20101269;;EXP BE 2010 DEDUPLICATION ARCHIV WIN CU LIC S BAS;EXP BE 2010 DEDUPLICATION ARCHIV WIN CU LIC S BAS;EXP BE 2010 DEDUPLICATION ARCHIV WIN CU LIC S BAS;EXP BE 2010 DEDUPLICATION ARCHIV WIN CU LIC S BAS;;;;79;;
1;3;2094;1;1721,8524;1399,88;GOV BE 2010 DEDUPLICATION ARCHIV WIN CU LIC S BAS;20101270;;GOV BE 2010 DEDUPLICATION ARCHIV WIN CU LIC S BAS;GOV BE 2010 DEDUPLICATION ARCHIV WIN CU LIC S BAS;GOV BE 2010 DEDUPLICATION ARCHIV WIN CU LIC S BAS;GOV BE 2010 DEDUPLICATION ARCHIV WIN CU LIC S BAS;;;;79;;
1;3;2094;1;1990,9026;1618,62;REW BE 2010 DEDUPLICATION ARCHIV WIN CU LIC A BAS;20101271;;REW BE 2010 DEDUPLICATION ARCHIV WIN CU LIC A BAS;REW BE 2010 DEDUPLICATION ARCHIV WIN CU LIC A BAS;REW BE 2010 DEDUPLICATION ARCHIV WIN CU LIC A BAS;REW BE 2010 DEDUPLICATION ARCHIV WIN CU LIC A BAS;;;;79;;
1;3;2094;1;1910,19;1553;REW BE 2010 DEDUPLICATION ARCHIV WIN CU LIC B BAS;20101272;;REW BE 2010 DEDUPLICATION ARCHIV WIN CU LIC B BAS;REW BE 2010 DEDUPLICATION ARCHIV WIN CU LIC B BAS;REW BE 2010 DEDUPLICATION ARCHIV WIN CU LIC B BAS;REW BE 2010 DEDUPLICATION ARCHIV WIN CU LIC B BAS;;;;79;;
1;3;2094;1;1829,4774;1487,38;REW BE 2010 DEDUPLICATION ARCHIV WIN CU LIC C BAS;20101273;;REW BE 2010 DEDUPLICATION ARCHIV WIN CU LIC C BAS;REW BE 2010 DEDUPLICATION ARCHIV WIN CU LIC C BAS;REW BE 2010 DEDUPLICATION ARCHIV WIN CU LIC C BAS;REW BE 2010 DEDUPLICATION ARCHIV WIN CU LIC C BAS;;;;79;;
1;3;2094;1;1721,8524;1399,88;REW BE 2010 DEDUPLICATION ARCHIV WIN CU LIC D BAS;20101274;;REW BE 2010 DEDUPLICATION ARCHIV WIN CU LIC D BAS;REW BE 2010 DEDUPLICATION ARCHIV WIN CU LIC D BAS;REW BE 2010 DEDUPLICATION ARCHIV WIN CU LIC D BAS;REW BE 2010 DEDUPLICATION ARCHIV WIN CU LIC D BAS;;;;79;;
1;3;2094;1;2551,6596;2074,52;GOV BE 2010 DEDUPLICATION ARCHIV STE WIN LIC S ESS;20101275;;GOV BE 2010 DEDUPLICATION ARCHIV STE WIN LIC S ESS;GOV BE 2010 DEDUPLICATION ARCHIV STE WIN LIC S ESS;GOV BE 2010 DEDUPLICATION ARCHIV STE WIN LIC S ESS;GOV BE 2010 DEDUPLICATION ARCHIV STE WIN LIC S ESS;;;;79;;
1;3;2094;1;2950,3764;2398,68;REW BE 2010 DEDUPLICATION ARCHIV STE WIN LIC A ESS;20101276;;REW BE 2010 DEDUPLICATION ARCHIV STE WIN LIC A ESS;REW BE 2010 DEDUPLICATION ARCHIV STE WIN LIC A ESS;REW BE 2010 DEDUPLICATION ARCHIV STE WIN LIC A ESS;REW BE 2010 DEDUPLICATION ARCHIV STE WIN LIC A ESS;;;;79;;
1;3;2094;1;2830,7589;2301,43;REW BE 2010 DEDUPLICATION ARCHIV STE WIN LIC B ESS;20101277;;REW BE 2010 DEDUPLICATION ARCHIV STE WIN LIC B ESS;REW BE 2010 DEDUPLICATION ARCHIV STE WIN LIC B ESS;REW BE 2010 DEDUPLICATION ARCHIV STE WIN LIC B ESS;REW BE 2010 DEDUPLICATION ARCHIV STE WIN LIC B ESS;;;;79;;
1;3;2094;1;2906,9451;2363,37;EXP BE 2010 DEDUPLICATION ARCHIV STE WIN LIC S BAS;20101278;;EXP BE 2010 DEDUPLICATION ARCHIV STE WIN LIC S BAS;EXP BE 2010 DEDUPLICATION ARCHIV STE WIN LIC S BAS;EXP BE 2010 DEDUPLICATION ARCHIV STE WIN LIC S BAS;EXP BE 2010 DEDUPLICATION ARCHIV STE WIN LIC S BAS;;;;79;;
1;3;2094;1;2447,9337;1990,19;GOV BE 2010 DEDUPLICATION ARCHIV STE WIN LIC S BAS;20101279;;GOV BE 2010 DEDUPLICATION ARCHIV STE WIN LIC S BAS;GOV BE 2010 DEDUPLICATION ARCHIV STE WIN LIC S BAS;GOV BE 2010 DEDUPLICATION ARCHIV STE WIN LIC S BAS;GOV BE 2010 DEDUPLICATION ARCHIV STE WIN LIC S BAS;;;;79;;
1;3;2094;1;2830,4268;2301,16;REW BE 2010 DEDUPLICATION ARCHIV STE WIN LIC A BAS;20101280;;REW BE 2010 DEDUPLICATION ARCHIV STE WIN LIC A BAS;REW BE 2010 DEDUPLICATION ARCHIV STE WIN LIC A BAS;REW BE 2010 DEDUPLICATION ARCHIV STE WIN LIC A BAS;REW BE 2010 DEDUPLICATION ARCHIV STE WIN LIC A BAS;;;;79;;
1;3;2094;1;2715,6801;2207,87;REW BE 2010 DEDUPLICATION ARCHIV STE WIN LIC B BAS;20101281;;REW BE 2010 DEDUPLICATION ARCHIV STE WIN LIC B BAS;REW BE 2010 DEDUPLICATION ARCHIV STE WIN LIC B BAS;REW BE 2010 DEDUPLICATION ARCHIV STE WIN LIC B BAS;REW BE 2010 DEDUPLICATION ARCHIV STE WIN LIC B BAS;;;;79;;
1;3;2094;1;2600,9334;2114,58;REW BE 2010 DEDUPLICATION ARCHIV STE WIN LIC C BAS;20101282;;REW BE 2010 DEDUPLICATION ARCHIV STE WIN LIC C BAS;REW BE 2010 DEDUPLICATION ARCHIV STE WIN LIC C BAS;REW BE 2010 DEDUPLICATION ARCHIV STE WIN LIC C BAS;REW BE 2010 DEDUPLICATION ARCHIV STE WIN LIC C BAS;;;;79;;
1;3;2094;1;2447,9337;1990,19;REW BE 2010 DEDUPLICATION ARCHIV STE WIN LIC D BAS;20101283;;REW BE 2010 DEDUPLICATION ARCHIV STE WIN LIC D BAS;REW BE 2010 DEDUPLICATION ARCHIV STE WIN LIC D BAS;REW BE 2010 DEDUPLICATION ARCHIV STE WIN LIC D BAS;REW BE 2010 DEDUPLICATION ARCHIV STE WIN LIC D BAS;;;;79;;
1;3;2094;1;2447,9337;1990,19;REW BE 2010 DEDUPLICATION ARCHIV STE WIN LIC E BAS;20101284;;REW BE 2010 DEDUPLICATION ARCHIV STE WIN LIC E BAS;REW BE 2010 DEDUPLICATION ARCHIV STE WIN LIC E BAS;REW BE 2010 DEDUPLICATION ARCHIV STE WIN LIC E BAS;REW BE 2010 DEDUPLICATION ARCHIV STE WIN LIC E BAS;;;;79;;
1;3;2094;1;1777,2516;1444,92;AE BE 2010 DEDUPLICATION STE WIN SVR BDL LIC S ESS;20101286;;AE BE 2010 DEDUPLICATION STE WIN SVR BDL LIC S ESS;AE BE 2010 DEDUPLICATION STE WIN SVR BDL LIC S ESS;AE BE 2010 DEDUPLICATION STE WIN SVR BDL LIC S ESS;AE BE 2010 DEDUPLICATION STE WIN SVR BDL LIC S ESS;;;;79;;
1;3;2094;1;2110,5078;1715,86;EXP BE 2010 DEDUPLICATION STE WIN SVR BDL LIC S ESS;20101287;;EXP BE 2010 DEDUPLICATION STE WIN SVR BDL LIC S ESS;EXP BE 2010 DEDUPLICATION STE WIN SVR BDL LIC S ESS;EXP BE 2010 DEDUPLICATION STE WIN SVR BDL LIC S ESS;EXP BE 2010 DEDUPLICATION STE WIN SVR BDL LIC S ESS;;;;79;;
1;3;2094;1;1777,2516;1444,92;GOV BE 2010 DEDUPLICATION STE WIN SVR STD LIC S ESS;20101288;;GOV BE 2010 DEDUPLICATION STE WIN SVR STD LIC S ESS;GOV BE 2010 DEDUPLICATION STE WIN SVR STD LIC S ESS;GOV BE 2010 DEDUPLICATION STE WIN SVR STD LIC S ESS;GOV BE 2010 DEDUPLICATION STE WIN SVR STD LIC S ESS;;;;79;;
1;3;2094;1;2054,961;1670,7;REW BE 2010 DEDUPLICATION STE WIN SVR STD LIC A ESS;20101289;;REW BE 2010 DEDUPLICATION STE WIN SVR STD LIC A ESS;REW BE 2010 DEDUPLICATION STE WIN SVR STD LIC A ESS;REW BE 2010 DEDUPLICATION STE WIN SVR STD LIC A ESS;REW BE 2010 DEDUPLICATION STE WIN SVR STD LIC A ESS;;;;79;;
1;3;2094;1;1971,6408;1602,96;REW BE 2010 DEDUPLICATION STE WIN SVR STD LIC B ESS;20101290;;REW BE 2010 DEDUPLICATION STE WIN SVR STD LIC B ESS;REW BE 2010 DEDUPLICATION STE WIN SVR STD LIC B ESS;REW BE 2010 DEDUPLICATION STE WIN SVR STD LIC B ESS;REW BE 2010 DEDUPLICATION STE WIN SVR STD LIC B ESS;;;;79;;
1;3;2094;1;1888,3452;1535,24;REW BE 2010 DEDUPLICATION STE WIN SVR STD LIC C ESS;20101291;;REW BE 2010 DEDUPLICATION STE WIN SVR STD LIC C ESS;REW BE 2010 DEDUPLICATION STE WIN SVR STD LIC C ESS;REW BE 2010 DEDUPLICATION STE WIN SVR STD LIC C ESS;REW BE 2010 DEDUPLICATION STE WIN SVR STD LIC C ESS;;;;79;;
1;3;2094;1;1777,2516;1444,92;REW BE 2010 DEDUPLICATION STE WIN SVR STD LIC D ESS;20101292;;REW BE 2010 DEDUPLICATION STE WIN SVR STD LIC D ESS;REW BE 2010 DEDUPLICATION STE WIN SVR STD LIC D ESS;REW BE 2010 DEDUPLICATION STE WIN SVR STD LIC D ESS;REW BE 2010 DEDUPLICATION STE WIN SVR STD LIC D ESS;;;;79;;
1;3;2094;1;1777,2516;1444,92;REW BE 2010 DEDUPLICATION STE WIN SVR STD LIC E ESS;20101293;;REW BE 2010 DEDUPLICATION STE WIN SVR STD LIC E ESS;REW BE 2010 DEDUPLICATION STE WIN SVR STD LIC E ESS;REW BE 2010 DEDUPLICATION STE WIN SVR STD LIC E ESS;REW BE 2010 DEDUPLICATION STE WIN SVR STD LIC E ESS;;;;79;;
1;3;2094;1;2551,6596;2074,52;AE BE 2010 DEDUPLICATION ARCHIV STE WIN LIC S ESS;20101295;;AE BE 2010 DEDUPLICATION ARCHIV STE WIN LIC S ESS;AE BE 2010 DEDUPLICATION ARCHIV STE WIN LIC S ESS;AE BE 2010 DEDUPLICATION ARCHIV STE WIN LIC S ESS;AE BE 2010 DEDUPLICATION ARCHIV STE WIN LIC S ESS;;;;79;;
1;3;2094;1;3030,1173;2463,51;EXP BE 2010 DEDUPLICATION ARCHIV STE WIN LIC S ESS;20101296;;EXP BE 2010 DEDUPLICATION ARCHIV STE WIN LIC S ESS;EXP BE 2010 DEDUPLICATION ARCHIV STE WIN LIC S ESS;EXP BE 2010 DEDUPLICATION ARCHIV STE WIN LIC S ESS;EXP BE 2010 DEDUPLICATION ARCHIV STE WIN LIC S ESS;;;;79;;
1;3;2094;1;1509,948;1227,6;EXP BE 2010 DEDUPLICATION STE WIN SVR CU LIC S ESS;20101297;;EXP BE 2010 DEDUPLICATION STE WIN SVR CU LIC S ESS;EXP BE 2010 DEDUPLICATION STE WIN SVR CU LIC S ESS;EXP BE 2010 DEDUPLICATION STE WIN SVR CU LIC S ESS;EXP BE 2010 DEDUPLICATION STE WIN SVR CU LIC S ESS;;;;79;;
1;3;2094;1;1271,5371;1033,77;GOV BE 2010 DEDUPLICATION STE WIN SVR CU LIC S ESS;20101298;;GOV BE 2010 DEDUPLICATION STE WIN SVR CU LIC S ESS;GOV BE 2010 DEDUPLICATION STE WIN SVR CU LIC S ESS;GOV BE 2010 DEDUPLICATION STE WIN SVR CU LIC S ESS;GOV BE 2010 DEDUPLICATION STE WIN SVR CU LIC S ESS;;;;79;;
1;3;2094;1;1470,219;1195,3;REW BE 2010 DEDUPLICATION STE WIN SVR CU LIC A ESS;20101299;;REW BE 2010 DEDUPLICATION STE WIN SVR CU LIC A ESS;REW BE 2010 DEDUPLICATION STE WIN SVR CU LIC A ESS;REW BE 2010 DEDUPLICATION STE WIN SVR CU LIC A ESS;REW BE 2010 DEDUPLICATION STE WIN SVR CU LIC A ESS;;;;79;;
1;3;2094;1;1410,6132;1146,84;REW BE 2010 DEDUPLICATION STE WIN SVR CU LIC B ESS;20101300;;REW BE 2010 DEDUPLICATION STE WIN SVR CU LIC B ESS;REW BE 2010 DEDUPLICATION STE WIN SVR CU LIC B ESS;REW BE 2010 DEDUPLICATION STE WIN SVR CU LIC B ESS;REW BE 2010 DEDUPLICATION STE WIN SVR CU LIC B ESS;;;;79;;
1;3;2094;1;1351,0074;1098,38;REW BE 2010 DEDUPLICATION STE WIN SVR CU LIC C ESS;20101301;;REW BE 2010 DEDUPLICATION STE WIN SVR CU LIC C ESS;REW BE 2010 DEDUPLICATION STE WIN SVR CU LIC C ESS;REW BE 2010 DEDUPLICATION STE WIN SVR CU LIC C ESS;REW BE 2010 DEDUPLICATION STE WIN SVR CU LIC C ESS;;;;79;;
1;3;2094;1;1271,5371;1033,77;REW BE 2010 DEDUPLICATION STE WIN SVR CU LIC D ESS;20101302;;REW BE 2010 DEDUPLICATION STE WIN SVR CU LIC D ESS;REW BE 2010 DEDUPLICATION STE WIN SVR CU LIC D ESS;REW BE 2010 DEDUPLICATION STE WIN SVR CU LIC D ESS;REW BE 2010 DEDUPLICATION STE WIN SVR CU LIC D ESS;;;;79;;
1;3;2094;1;1271,5371;1033,77;REW BE 2010 DEDUPLICATION STE WIN SVR CU LIC E ESS;20101303;;REW BE 2010 DEDUPLICATION STE WIN SVR CU LIC E ESS;REW BE 2010 DEDUPLICATION STE WIN SVR CU LIC E ESS;REW BE 2010 DEDUPLICATION STE WIN SVR CU LIC E ESS;REW BE 2010 DEDUPLICATION STE WIN SVR CU LIC E ESS;;;;79;;
1;3;2094;1;1825,5783;1484,21;AE BE 2010 DEDUPLICATION ARCHIV WIN CU LIC S ESS;20101305;;AE BE 2010 DEDUPLICATION ARCHIV WIN CU LIC S ESS;AE BE 2010 DEDUPLICATION ARCHIV WIN CU LIC S ESS;AE BE 2010 DEDUPLICATION ARCHIV WIN CU LIC S ESS;AE BE 2010 DEDUPLICATION ARCHIV WIN CU LIC S ESS;;;;79;;
1;3;2094;1;2167,875;1762,5;EXP BE 2010 DEDUPLICATION ARCHIV WIN CU LIC S ESS;20101306;;EXP BE 2010 DEDUPLICATION ARCHIV WIN CU LIC S ESS;EXP BE 2010 DEDUPLICATION ARCHIV WIN CU LIC S ESS;EXP BE 2010 DEDUPLICATION ARCHIV WIN CU LIC S ESS;EXP BE 2010 DEDUPLICATION ARCHIV WIN CU LIC S ESS;;;;79;;
1;3;2094;1;1825,5783;1484,21;GOV BE 2010 DEDUPLICATION ARCHIV WIN CU LIC S ESS;20101307;;GOV BE 2010 DEDUPLICATION ARCHIV WIN CU LIC S ESS;GOV BE 2010 DEDUPLICATION ARCHIV WIN CU LIC S ESS;GOV BE 2010 DEDUPLICATION ARCHIV WIN CU LIC S ESS;GOV BE 2010 DEDUPLICATION ARCHIV WIN CU LIC S ESS;;;;79;;
1;3;2094;1;2110,8276;1716,12;REW BE 2010 DEDUPLICATION ARCHIV WIN CU LIC A ESS;20101308;;REW BE 2010 DEDUPLICATION ARCHIV WIN CU LIC A ESS;REW BE 2010 DEDUPLICATION ARCHIV WIN CU LIC A ESS;REW BE 2010 DEDUPLICATION ARCHIV WIN CU LIC A ESS;REW BE 2010 DEDUPLICATION ARCHIV WIN CU LIC A ESS;;;;79;;
1;3;2094;1;2025,2565;1646,55;REW BE 2010 DEDUPLICATION ARCHIV WIN CU LIC B ESS;20101309;;REW BE 2010 DEDUPLICATION ARCHIV WIN CU LIC B ESS;REW BE 2010 DEDUPLICATION ARCHIV WIN CU LIC B ESS;REW BE 2010 DEDUPLICATION ARCHIV WIN CU LIC B ESS;REW BE 2010 DEDUPLICATION ARCHIV WIN CU LIC B ESS;;;;79;;
1;3;2094;1;1939,6731;1576,97;REW BE 2010 DEDUPLICATION ARCHIV WIN CU LIC C ESS;20101310;;REW BE 2010 DEDUPLICATION ARCHIV WIN CU LIC C ESS;REW BE 2010 DEDUPLICATION ARCHIV WIN CU LIC C ESS;REW BE 2010 DEDUPLICATION ARCHIV WIN CU LIC C ESS;REW BE 2010 DEDUPLICATION ARCHIV WIN CU LIC C ESS;;;;79;;
1;3;2094;1;1825,5783;1484,21;REW BE 2010 DEDUPLICATION ARCHIV WIN CU LIC D ESS;20101311;;REW BE 2010 DEDUPLICATION ARCHIV WIN CU LIC D ESS;REW BE 2010 DEDUPLICATION ARCHIV WIN CU LIC D ESS;REW BE 2010 DEDUPLICATION ARCHIV WIN CU LIC D ESS;REW BE 2010 DEDUPLICATION ARCHIV WIN CU LIC D ESS;;;;79;;
1;3;2094;1;1825,5783;1484,21;REW BE 2010 DEDUPLICATION ARCHIV WIN CU LIC E ESS;20101312;;REW BE 2010 DEDUPLICATION ARCHIV WIN CU LIC E ESS;REW BE 2010 DEDUPLICATION ARCHIV WIN CU LIC E ESS;REW BE 2010 DEDUPLICATION ARCHIV WIN CU LIC E ESS;REW BE 2010 DEDUPLICATION ARCHIV WIN CU LIC E ESS;;;;79;;
1;3;2094;1;34,3785;27,95;REW WORKSPACE CORP 6.2 WIN PER N RNWL ESS B;20101318;;REW WORKSPACE CORP 6.2 WIN PER N RNWL ESS B;REW WORKSPACE CORP 6.2 WIN PER N RNWL ESS B;REW WORKSPACE CORP 6.2 WIN PER N RNWL ESS B;REW WORKSPACE CORP 6.2 WIN PER N RNWL ESS B;;;;79;;
1;3;2094;1;20,9715;17,05;REW WORKSPACE CORP 6.2 WIN PER U RNWL ESS C;20101340;;REW WORKSPACE CORP 6.2 WIN PER U RNWL ESS C;REW WORKSPACE CORP 6.2 WIN PER U RNWL ESS C;REW WORKSPACE CORP 6.2 WIN PER U RNWL ESS C;REW WORKSPACE CORP 6.2 WIN PER U RNWL ESS C;;;;79;;
1;3;2094;1;19,8645;16,15;REW WORKSPACE CORP 6.2 WIN PER U BDL BAS A;20101342;;REW WORKSPACE CORP 6.2 WIN PER U BDL BAS A;REW WORKSPACE CORP 6.2 WIN PER U BDL BAS A;REW WORKSPACE CORP 6.2 WIN PER U BDL BAS A;REW WORKSPACE CORP 6.2 WIN PER U BDL BAS A;;;;79;;
1;3;2094;1;130,3185;105,95;REW WORKSPACE CORP6.2 WIN PER U BDL STD LIC A BAS;20101357;;REW WORKSPACE CORP6.2 WIN PER U BDL STD LIC A BAS;REW WORKSPACE CORP6.2 WIN PER U BDL STD LIC A BAS;REW WORKSPACE CORP6.2 WIN PER U BDL STD LIC A BAS;REW WORKSPACE CORP6.2 WIN PER U BDL STD LIC A BAS;;;;79;;
1;3;2094;1;107,6619;87,53;REW WORKSPACE CORP6.2 WIN PER U BDL STD LIC C BAS;20101358;;REW WORKSPACE CORP6.2 WIN PER U BDL STD LIC C BAS;REW WORKSPACE CORP6.2 WIN PER U BDL STD LIC C BAS;REW WORKSPACE CORP6.2 WIN PER U BDL STD LIC C BAS;REW WORKSPACE CORP6.2 WIN PER U BDL STD LIC C BAS;;;;79;;
1;3;2094;1;112,2252;91,24;REW WORKSPACE CORP6.2 WIN PER U BDL STD LIC C ESS;20101359;;REW WORKSPACE CORP6.2 WIN PER U BDL STD LIC C ESS;REW WORKSPACE CORP6.2 WIN PER U BDL STD LIC C ESS;REW WORKSPACE CORP6.2 WIN PER U BDL STD LIC C ESS;REW WORKSPACE CORP6.2 WIN PER U BDL STD LIC C ESS;;;;79;;
1;3;2094;1;161,499;131,3;REW WORKSPACE CORP6.2 WIN PER N BDL STD LIC C BAS;20101361;;REW WORKSPACE CORP6.2 WIN PER N BDL STD LIC C BAS;REW WORKSPACE CORP6.2 WIN PER N BDL STD LIC C BAS;REW WORKSPACE CORP6.2 WIN PER N BDL STD LIC C BAS;REW WORKSPACE CORP6.2 WIN PER N BDL STD LIC C BAS;;;;79;;
1;3;2094;1;148,7439;120,93;REW WORKSPACE CORP6.2 WIN PER N BDL STD LIC D BAS;20101362;;REW WORKSPACE CORP6.2 WIN PER N BDL STD LIC D BAS;REW WORKSPACE CORP6.2 WIN PER N BDL STD LIC D BAS;REW WORKSPACE CORP6.2 WIN PER N BDL STD LIC D BAS;REW WORKSPACE CORP6.2 WIN PER N BDL STD LIC D BAS;;;;79;;
1;3;2094;1;45,3009;36,83;REW WORKSPACE CORP 6.2 WIN PER U SUB LIC E ESS;20101364;;REW WORKSPACE CORP 6.2 WIN PER U SUB LIC E ESS;REW WORKSPACE CORP 6.2 WIN PER U SUB LIC E ESS;REW WORKSPACE CORP 6.2 WIN PER U SUB LIC E ESS;REW WORKSPACE CORP 6.2 WIN PER U SUB LIC E ESS;;;;79;;
1;3;2094;1;16,4205;13,35;REW WORKSPACE CORP 6.2 WIN PER U BDL BAS C;20101368;;REW WORKSPACE CORP 6.2 WIN PER U BDL BAS C;REW WORKSPACE CORP 6.2 WIN PER U BDL BAS C;REW WORKSPACE CORP 6.2 WIN PER U BDL BAS C;REW WORKSPACE CORP 6.2 WIN PER U BDL BAS C;;;;79;;
1;3;2094;1;19,8645;16,15;REW WORKSPACE CORP 6.2 WIN PER U RNWL BAS A;20101380;;REW WORKSPACE CORP 6.2 WIN PER U RNWL BAS A;REW WORKSPACE CORP 6.2 WIN PER U RNWL BAS A;REW WORKSPACE CORP 6.2 WIN PER U RNWL BAS A;REW WORKSPACE CORP 6.2 WIN PER U RNWL BAS A;;;;79;;
1;3;2094;1;27,6012;22,44;EXP WORKSPACE CORP 6.2 WIN U RNWL ESS S;20101381;;EXP WORKSPACE CORP 6.2 WIN U RNWL ESS S;EXP WORKSPACE CORP 6.2 WIN U RNWL ESS S;EXP WORKSPACE CORP 6.2 WIN U RNWL ESS S;EXP WORKSPACE CORP 6.2 WIN U RNWL ESS S;;;;79;;
1;3;2094;1;62,2257;50,59;REW WORKSPACE CORP 6.2 WIN PER U SUB LIC A ESS;20101385;;REW WORKSPACE CORP 6.2 WIN PER U SUB LIC A ESS;REW WORKSPACE CORP 6.2 WIN PER U SUB LIC A ESS;REW WORKSPACE CORP 6.2 WIN PER U SUB LIC A ESS;REW WORKSPACE CORP 6.2 WIN PER U SUB LIC A ESS;;;;79;;
1;3;2094;1;92,4345;75,15;EXP WORKSPACE CORP 6.2 WIN N SUB LIC S BAS;20101405;;EXP WORKSPACE CORP 6.2 WIN N SUB LIC S BAS;EXP WORKSPACE CORP 6.2 WIN N SUB LIC S BAS;EXP WORKSPACE CORP 6.2 WIN N SUB LIC S BAS;EXP WORKSPACE CORP 6.2 WIN N SUB LIC S BAS;;;;79;;
1;3;2094;1;29,8029;24,23;REW WORKSPACE CORP 6.2 WIN PER N RNWL BAS A;20101408;;REW WORKSPACE CORP 6.2 WIN PER N RNWL BAS A;REW WORKSPACE CORP 6.2 WIN PER N RNWL BAS A;REW WORKSPACE CORP 6.2 WIN PER N RNWL BAS A;REW WORKSPACE CORP 6.2 WIN PER N RNWL BAS A;;;;79;;
1;3;2094;1;84,2058;68,46;REW WORKSPACE CORP 6.2 WIN PER N SUB LIC B ESS;20101412;;REW WORKSPACE CORP 6.2 WIN PER N SUB LIC B ESS;REW WORKSPACE CORP 6.2 WIN PER N SUB LIC B ESS;REW WORKSPACE CORP 6.2 WIN PER N SUB LIC B ESS;REW WORKSPACE CORP 6.2 WIN PER N SUB LIC B ESS;;;;79;;
1;3;2094;1;77,0964;62,68;REW WORKSPACE CORP 6.2 WIN PER N SUB LIC C ESS;20101415;;REW WORKSPACE CORP 6.2 WIN PER N SUB LIC C ESS;REW WORKSPACE CORP 6.2 WIN PER N SUB LIC C ESS;REW WORKSPACE CORP 6.2 WIN PER N SUB LIC C ESS;REW WORKSPACE CORP 6.2 WIN PER N SUB LIC C ESS;;;;79;;
1;3;2094;1;85,0422;69,14;REW WORKSPACE CORP 6.2 WIN PER N SUB LIC A BAS;20101419;;REW WORKSPACE CORP 6.2 WIN PER N SUB LIC A BAS;REW WORKSPACE CORP 6.2 WIN PER N SUB LIC A BAS;REW WORKSPACE CORP 6.2 WIN PER N SUB LIC A BAS;REW WORKSPACE CORP 6.2 WIN PER N SUB LIC A BAS;;;;79;;
1;3;2094;1;64,7103;52,61;REW WORKSPACE CORP 6.2 WIN PER N SUB LIC D BAS;20101422;;REW WORKSPACE CORP 6.2 WIN PER N SUB LIC D BAS;REW WORKSPACE CORP 6.2 WIN PER N SUB LIC D BAS;REW WORKSPACE CORP 6.2 WIN PER N SUB LIC D BAS;REW WORKSPACE CORP 6.2 WIN PER N SUB LIC D BAS;;;;79;;
1;3;2094;1;61,9428;50,36;REW WORKSPACE CORP 6.2 WIN PER N SUB LIC E BAS;20101427;;REW WORKSPACE CORP 6.2 WIN PER N SUB LIC E BAS;REW WORKSPACE CORP 6.2 WIN PER N SUB LIC E BAS;REW WORKSPACE CORP 6.2 WIN PER N SUB LIC E BAS;REW WORKSPACE CORP 6.2 WIN PER N SUB LIC E BAS;;;;79;;
1;3;2094;1;26,9001;21,87;REW WORKSPACE CORP 6.2 WIN PER N RNWL BAS B;20101428;;REW WORKSPACE CORP 6.2 WIN PER N RNWL BAS B;REW WORKSPACE CORP 6.2 WIN PER N RNWL BAS B;REW WORKSPACE CORP 6.2 WIN PER N RNWL BAS B;REW WORKSPACE CORP 6.2 WIN PER N RNWL BAS B;;;;79;;
1;3;2094;1;195,4962;158,94;REW WORKSPACE CORP6.2 WIN PER N BDL STD LIC A BAS;20101431;;REW WORKSPACE CORP6.2 WIN PER N BDL STD LIC A BAS;REW WORKSPACE CORP6.2 WIN PER N BDL STD LIC A BAS;REW WORKSPACE CORP6.2 WIN PER N BDL STD LIC A BAS;REW WORKSPACE CORP6.2 WIN PER N BDL STD LIC A BAS;;;;79;;
1;3;2094;1;142,3725;115,75;REW WORKSPACE CORP6.2 WIN PER N BDL STD LIC E BAS;20101432;;REW WORKSPACE CORP6.2 WIN PER N BDL STD LIC E BAS;REW WORKSPACE CORP6.2 WIN PER N BDL STD LIC E BAS;REW WORKSPACE CORP6.2 WIN PER N BDL STD LIC E BAS;REW WORKSPACE CORP6.2 WIN PER N BDL STD LIC E BAS;;;;79;;
1;3;2094;1;221,5107;180,09;EXP WORKSPACE CORP 6.2 WIN N BDL STD LIC S ESS;20101435;;EXP WORKSPACE CORP 6.2 WIN N BDL STD LIC S ESS;EXP WORKSPACE CORP 6.2 WIN N BDL STD LIC S ESS;EXP WORKSPACE CORP 6.2 WIN N BDL STD LIC S ESS;EXP WORKSPACE CORP 6.2 WIN N BDL STD LIC S ESS;;;;79;;
1;3;2094;1;94,9191;77,17;REW WORKSPACE CORP6.2 WIN PER U BDL STD LIC E BAS;20101439;;REW WORKSPACE CORP6.2 WIN PER U BDL STD LIC E BAS;REW WORKSPACE CORP6.2 WIN PER U BDL STD LIC E BAS;REW WORKSPACE CORP6.2 WIN PER U BDL STD LIC E BAS;REW WORKSPACE CORP6.2 WIN PER U BDL STD LIC E BAS;;;;79;;
1;3;2094;1;122,5572;99,64;REW WORKSPACE CORP6.2 WIN PER U BDL STD LIC B ESS;20101441;;REW WORKSPACE CORP6.2 WIN PER U BDL STD LIC B ESS;REW WORKSPACE CORP6.2 WIN PER U BDL STD LIC B ESS;REW WORKSPACE CORP6.2 WIN PER U BDL STD LIC B ESS;REW WORKSPACE CORP6.2 WIN PER U BDL STD LIC B ESS;;;;79;;
1;3;2094;1;38,1054;30,98;REW WORKSPACE CORP 6.2 WIN PER N RNWL ESS A;20101444;;REW WORKSPACE CORP 6.2 WIN PER N RNWL ESS A;REW WORKSPACE CORP 6.2 WIN PER N RNWL ESS A;REW WORKSPACE CORP 6.2 WIN PER N RNWL ESS A;REW WORKSPACE CORP 6.2 WIN PER N RNWL ESS A;;;;79;;
1;3;2094;1;31,4634;25,58;REW WORKSPACE CORP 6.2 WIN PER N RNWL ESS C;20101445;;REW WORKSPACE CORP 6.2 WIN PER N RNWL ESS C;REW WORKSPACE CORP 6.2 WIN PER N RNWL ESS C;REW WORKSPACE CORP 6.2 WIN PER N RNWL ESS C;REW WORKSPACE CORP 6.2 WIN PER N RNWL ESS C;;;;79;;
1;3;2094;1;28,9911;23,57;REW WORKSPACE CORP 6.2 WIN PER N BDL ESS D;20101447;;REW WORKSPACE CORP 6.2 WIN PER N BDL ESS D;REW WORKSPACE CORP 6.2 WIN PER N BDL ESS D;REW WORKSPACE CORP 6.2 WIN PER N BDL ESS D;REW WORKSPACE CORP 6.2 WIN PER N BDL ESS D;;;;79;;
1;3;2094;1;27,7488;22,56;REW WORKSPACE CORP 6.2 WIN PER N BDL ESS E;20101448;;REW WORKSPACE CORP 6.2 WIN PER N BDL ESS E;REW WORKSPACE CORP 6.2 WIN PER N BDL ESS E;REW WORKSPACE CORP 6.2 WIN PER N BDL ESS E;REW WORKSPACE CORP 6.2 WIN PER N BDL ESS E;;;;79;;
1;3;2094;1;29,8029;24,23;REW WORKSPACE CORP 6.2 WIN PER N BDL BAS A;20101450;;REW WORKSPACE CORP 6.2 WIN PER N BDL BAS A;REW WORKSPACE CORP 6.2 WIN PER N BDL BAS A;REW WORKSPACE CORP 6.2 WIN PER N BDL BAS A;REW WORKSPACE CORP 6.2 WIN PER N BDL BAS A;;;;79;;
1;3;2094;1;24,6246;20,02;REW WORKSPACE CORP 6.2 WIN PER N BDL BAS C;20101451;;REW WORKSPACE CORP 6.2 WIN PER N BDL BAS C;REW WORKSPACE CORP 6.2 WIN PER N BDL BAS C;REW WORKSPACE CORP 6.2 WIN PER N BDL BAS C;REW WORKSPACE CORP 6.2 WIN PER N BDL BAS C;;;;79;;
1;3;2094;1;183,8358;149,46;REW WORKSPACE CORP6.2 WIN PER N BDL STD LIC B ESS;20101457;;REW WORKSPACE CORP6.2 WIN PER N BDL STD LIC B ESS;REW WORKSPACE CORP6.2 WIN PER N BDL STD LIC B ESS;REW WORKSPACE CORP6.2 WIN PER N BDL STD LIC B ESS;REW WORKSPACE CORP6.2 WIN PER N BDL STD LIC B ESS;;;;79;;
1;3;2094;1;176,382;143,4;REW WORKSPACE CORP6.2 WIN PER N BDL STD LIC B BAS;20101463;;REW WORKSPACE CORP6.2 WIN PER N BDL STD LIC B BAS;REW WORKSPACE CORP6.2 WIN PER N BDL STD LIC B BAS;REW WORKSPACE CORP6.2 WIN PER N BDL STD LIC B BAS;REW WORKSPACE CORP6.2 WIN PER N BDL STD LIC B BAS;;;;79;;
1;3;2094;1;155,0538;126,06;REW WORKSPACE CORP6.2 WIN PER N BDL STD LIC D ESS;20101464;;REW WORKSPACE CORP6.2 WIN PER N BDL STD LIC D ESS;REW WORKSPACE CORP6.2 WIN PER N BDL STD LIC D ESS;REW WORKSPACE CORP6.2 WIN PER N BDL STD LIC D ESS;REW WORKSPACE CORP6.2 WIN PER N BDL STD LIC D ESS;;;;79;;
1;3;2094;1;93,3201;75,87;REW WORKSPACE CORP 6.2 WIN PER N SUB LIC A ESS;20101472;;REW WORKSPACE CORP 6.2 WIN PER N SUB LIC A ESS;REW WORKSPACE CORP 6.2 WIN PER N SUB LIC A ESS;REW WORKSPACE CORP 6.2 WIN PER N SUB LIC A ESS;REW WORKSPACE CORP 6.2 WIN PER N SUB LIC A ESS;;;;79;;
1;3;2094;1;71,0079;57,73;REW WORKSPACE CORP 6.2 WIN PER N SUB LIC D ESS;20101475;;REW WORKSPACE CORP 6.2 WIN PER N SUB LIC D ESS;REW WORKSPACE CORP 6.2 WIN PER N SUB LIC D ESS;REW WORKSPACE CORP 6.2 WIN PER N SUB LIC D ESS;REW WORKSPACE CORP 6.2 WIN PER N SUB LIC D ESS;;;;79;;
1;3;2094;1;67,9698;55,26;REW WORKSPACE CORP 6.2 WIN PER N SUB LIC E ESS;20101478;;REW WORKSPACE CORP 6.2 WIN PER N SUB LIC E ESS;REW WORKSPACE CORP 6.2 WIN PER N SUB LIC E ESS;REW WORKSPACE CORP 6.2 WIN PER N SUB LIC E ESS;REW WORKSPACE CORP 6.2 WIN PER N SUB LIC E ESS;;;;79;;
1;3;2094;1;141,6591;115,17;EXP WORKSPACE CORP 6.2 WIN U BDL STD LIC S BAS;20101484;;EXP WORKSPACE CORP 6.2 WIN U BDL STD LIC S BAS;EXP WORKSPACE CORP 6.2 WIN U BDL STD LIC S BAS;EXP WORKSPACE CORP 6.2 WIN U BDL STD LIC S BAS;EXP WORKSPACE CORP 6.2 WIN U BDL STD LIC S BAS;;;;79;;
1;3;2094;1;103,3692;84,04;REW WORKSPACE CORP6.2 WIN PER U BDL STD LIC D ESS;20101486;;REW WORKSPACE CORP6.2 WIN PER U BDL STD LIC D ESS;REW WORKSPACE CORP6.2 WIN PER U BDL STD LIC D ESS;REW WORKSPACE CORP6.2 WIN PER U BDL STD LIC D ESS;REW WORKSPACE CORP6.2 WIN PER U BDL STD LIC D ESS;;;;79;;
1;3;2094;1;147,6615;120,05;EXP WORKSPACE CORP 6.2 WIN U BDL STD LIC S ESS;20101487;;EXP WORKSPACE CORP 6.2 WIN U BDL STD LIC S ESS;EXP WORKSPACE CORP 6.2 WIN U BDL STD LIC S ESS;EXP WORKSPACE CORP 6.2 WIN U BDL STD LIC S ESS;EXP WORKSPACE CORP 6.2 WIN U BDL STD LIC S ESS;;;;79;;
1;3;2094;1;168,3501;136,87;REW WORKSPACE CORP6.2 WIN PER N BDL STD LIC C ESS;20101489;;REW WORKSPACE CORP6.2 WIN PER N BDL STD LIC C ESS;REW WORKSPACE CORP6.2 WIN PER N BDL STD LIC C ESS;REW WORKSPACE CORP6.2 WIN PER N BDL STD LIC C ESS;REW WORKSPACE CORP6.2 WIN PER N BDL STD LIC C ESS;;;;79;;
1;3;2094;1;117,5757;95,59;REW WORKSPACE CORP6.2 WIN PER U BDL STD LIC B BAS;20101493;;REW WORKSPACE CORP6.2 WIN PER U BDL STD LIC B BAS;REW WORKSPACE CORP6.2 WIN PER U BDL STD LIC B BAS;REW WORKSPACE CORP6.2 WIN PER U BDL STD LIC B BAS;REW WORKSPACE CORP6.2 WIN PER U BDL STD LIC B BAS;;;;79;;
1;3;2094;1;41,2911;33,57;REW WORKSPACE CORP 6.2 WIN PER U SUB LIC E BAS;20101498;;REW WORKSPACE CORP 6.2 WIN PER U SUB LIC E BAS;REW WORKSPACE CORP 6.2 WIN PER U SUB LIC E BAS;REW WORKSPACE CORP 6.2 WIN PER U SUB LIC E BAS;REW WORKSPACE CORP 6.2 WIN PER U SUB LIC E BAS;;;;79;;
1;3;2094;1;18,4992;15,04;REW WORKSPACE CORP 6.2 WIN PER U RNWL ESS E;20101502;;REW WORKSPACE CORP 6.2 WIN PER U RNWL ESS E;REW WORKSPACE CORP 6.2 WIN PER U RNWL ESS E;REW WORKSPACE CORP 6.2 WIN PER U RNWL ESS E;REW WORKSPACE CORP 6.2 WIN PER U RNWL ESS E;;;;79;;
1;3;2094;1;203,7741;165,67;REW WORKSPACE CORP6.2 WIN PER N BDL STD LIC A ESS;20101519;;REW WORKSPACE CORP6.2 WIN PER N BDL STD LIC A ESS;REW WORKSPACE CORP6.2 WIN PER N BDL STD LIC A ESS;REW WORKSPACE CORP6.2 WIN PER N BDL STD LIC A ESS;REW WORKSPACE CORP6.2 WIN PER N BDL STD LIC A ESS;;;;79;;
1;3;2094;1;148,3995;120,65;REW WORKSPACE CORP6.2 WIN PER N BDL STD LIC E ESS;20101520;;REW WORKSPACE CORP6.2 WIN PER N BDL STD LIC E ESS;REW WORKSPACE CORP6.2 WIN PER N BDL STD LIC E ESS;REW WORKSPACE CORP6.2 WIN PER N BDL STD LIC E ESS;REW WORKSPACE CORP6.2 WIN PER N BDL STD LIC E ESS;;;;79;;
1;3;2094;1;135,8412;110,44;REW WORKSPACE CORP6.2 WIN PER U BDL STD LIC A ESS;20101524;;REW WORKSPACE CORP6.2 WIN PER U BDL STD LIC A ESS;REW WORKSPACE CORP6.2 WIN PER U BDL STD LIC A ESS;REW WORKSPACE CORP6.2 WIN PER U BDL STD LIC A ESS;REW WORKSPACE CORP6.2 WIN PER U BDL STD LIC A ESS;;;;79;;
1;3;2094;1;14,4648;11,76;REW WORKSPACE CORP 6.2 WIN PER U BDL BAS E;20101527;;REW WORKSPACE CORP 6.2 WIN PER U BDL BAS E;REW WORKSPACE CORP 6.2 WIN PER U BDL BAS E;REW WORKSPACE CORP 6.2 WIN PER U BDL BAS E;REW WORKSPACE CORP 6.2 WIN PER U BDL BAS E;;;;79;;
1;3;2094;1;41,4141;33,67;EXP WORKSPACE CORP 6.2 WIN N RNWL ESS S;20101535;;EXP WORKSPACE CORP 6.2 WIN N RNWL ESS S;EXP WORKSPACE CORP 6.2 WIN N RNWL ESS S;EXP WORKSPACE CORP 6.2 WIN N RNWL ESS S;EXP WORKSPACE CORP 6.2 WIN N RNWL ESS S;;;;79;;
1;3;2094;1;32,4228;26,36;EXP WORKSPACE CORP 6.2 WIN N BDL BAS S;20101536;;EXP WORKSPACE CORP 6.2 WIN N BDL BAS S;EXP WORKSPACE CORP 6.2 WIN N BDL BAS S;EXP WORKSPACE CORP 6.2 WIN N BDL BAS S;EXP WORKSPACE CORP 6.2 WIN N BDL BAS S;;;;79;;
1;3;2094;1;25,3995;20,65;REW WORKSPACE CORP 6.2 WIN PER U RNWL ESS A;20101548;;REW WORKSPACE CORP 6.2 WIN PER U RNWL ESS A;REW WORKSPACE CORP 6.2 WIN PER U RNWL ESS A;REW WORKSPACE CORP 6.2 WIN PER U RNWL ESS A;REW WORKSPACE CORP 6.2 WIN PER U RNWL ESS A;;;;79;;
1;3;2094;1;99,1626;80,62;REW WORKSPACE CORP6.2 WIN PER U BDL STD LIC D BAS;20101552;;REW WORKSPACE CORP6.2 WIN PER U BDL STD LIC D BAS;REW WORKSPACE CORP6.2 WIN PER U BDL STD LIC D BAS;REW WORKSPACE CORP6.2 WIN PER U BDL STD LIC D BAS;REW WORKSPACE CORP6.2 WIN PER U BDL STD LIC D BAS;;;;79;;
1;3;2094;1;98,9289;80,43;REW WORKSPACE CORP6.2 WIN PER U BDL STD LIC E ESS;20101554;;REW WORKSPACE CORP6.2 WIN PER U BDL STD LIC E ESS;REW WORKSPACE CORP6.2 WIN PER U BDL STD LIC E ESS;REW WORKSPACE CORP6.2 WIN PER U BDL STD LIC E ESS;REW WORKSPACE CORP6.2 WIN PER U BDL STD LIC E ESS;;;;79;;
1;3;2094;1;19,3356;15,72;REW WORKSPACE CORP 6.2 WIN PER U BDL ESS D;20101568;;REW WORKSPACE CORP 6.2 WIN PER U BDL ESS D;REW WORKSPACE CORP 6.2 WIN PER U BDL ESS D;REW WORKSPACE CORP 6.2 WIN PER U BDL ESS D;REW WORKSPACE CORP 6.2 WIN PER U BDL ESS D;;;;79;;
1;3;2094;1;18,4992;15,04;REW WORKSPACE CORP 6.2 WIN PER U BDL ESS E;20101569;;REW WORKSPACE CORP 6.2 WIN PER U BDL ESS E;REW WORKSPACE CORP 6.2 WIN PER U BDL ESS E;REW WORKSPACE CORP 6.2 WIN PER U BDL ESS E;REW WORKSPACE CORP 6.2 WIN PER U BDL ESS E;;;;79;;
1;3;2094;1;51,3894;41,78;REW WORKSPACE CORP 6.2 WIN PER U SUB LIC C ESS;20101570;;REW WORKSPACE CORP 6.2 WIN PER U SUB LIC C ESS;REW WORKSPACE CORP 6.2 WIN PER U SUB LIC C ESS;REW WORKSPACE CORP 6.2 WIN PER U SUB LIC C ESS;REW WORKSPACE CORP 6.2 WIN PER U SUB LIC C ESS;;;;79;;
1;3;2094;1;34,3785;27,95;REW WORKSPACE CORP 6.2 WIN PER N BDL ESS B;20101594;;REW WORKSPACE CORP 6.2 WIN PER N BDL ESS B;REW WORKSPACE CORP 6.2 WIN PER N BDL ESS B;REW WORKSPACE CORP 6.2 WIN PER N BDL ESS B;REW WORKSPACE CORP 6.2 WIN PER N BDL ESS B;;;;79;;
1;3;2094;1;22,6812;18,44;REW WORKSPACE CORP 6.2 WIN PER N BDL BAS D;20101596;;REW WORKSPACE CORP 6.2 WIN PER N BDL BAS D;REW WORKSPACE CORP 6.2 WIN PER N BDL BAS D;REW WORKSPACE CORP 6.2 WIN PER N BDL BAS D;REW WORKSPACE CORP 6.2 WIN PER N BDL BAS D;;;;79;;
1;3;2094;1;21,5988;17,56;EXP WORKSPACE CORP 6.2 WIN U RNWL BAS S;20101602;;EXP WORKSPACE CORP 6.2 WIN U RNWL BAS S;EXP WORKSPACE CORP 6.2 WIN U RNWL BAS S;EXP WORKSPACE CORP 6.2 WIN U RNWL BAS S;EXP WORKSPACE CORP 6.2 WIN U RNWL BAS S;;;;79;;
1;3;2094;1;25,3995;20,65;REW WORKSPACE CORP 6.2 WIN PER U BDL ESS A;20101604;;REW WORKSPACE CORP 6.2 WIN PER U BDL ESS A;REW WORKSPACE CORP 6.2 WIN PER U BDL ESS A;REW WORKSPACE CORP 6.2 WIN PER U BDL ESS A;REW WORKSPACE CORP 6.2 WIN PER U BDL ESS A;;;;79;;
1;3;2094;1;27,6012;22,44;EXP WORKSPACE CORP 6.2 WIN U BDL ESS S;20101607;;EXP WORKSPACE CORP 6.2 WIN U BDL ESS S;EXP WORKSPACE CORP 6.2 WIN U BDL ESS S;EXP WORKSPACE CORP 6.2 WIN U BDL ESS S;EXP WORKSPACE CORP 6.2 WIN U BDL ESS S;;;;79;;
1;3;2094;1;56,1249;45,63;REW WORKSPACE CORP 6.2 WIN PER U SUB LIC B ESS;20101626;;REW WORKSPACE CORP 6.2 WIN PER U SUB LIC B ESS;REW WORKSPACE CORP 6.2 WIN PER U SUB LIC B ESS;REW WORKSPACE CORP 6.2 WIN PER U SUB LIC B ESS;REW WORKSPACE CORP 6.2 WIN PER U SUB LIC B ESS;;;;79;;
1;3;2094;1;56,703;46,1;REW WORKSPACE CORP 6.2 WIN PER U SUB LIC A BAS;20101630;;REW WORKSPACE CORP 6.2 WIN PER U SUB LIC A BAS;REW WORKSPACE CORP 6.2 WIN PER U SUB LIC A BAS;REW WORKSPACE CORP 6.2 WIN PER U SUB LIC A BAS;REW WORKSPACE CORP 6.2 WIN PER U SUB LIC A BAS;;;;79;;
1;3;2094;1;76,7274;62,38;REW WORKSPACE CORP 6.2 WIN PER N SUB LIC B BAS;20101631;;REW WORKSPACE CORP 6.2 WIN PER N SUB LIC B BAS;REW WORKSPACE CORP 6.2 WIN PER N SUB LIC B BAS;REW WORKSPACE CORP 6.2 WIN PER N SUB LIC B BAS;REW WORKSPACE CORP 6.2 WIN PER N SUB LIC B BAS;;;;79;;
1;3;2094;1;32,4228;26,36;EXP WORKSPACE CORP 6.2 WIN N RNWL BAS S;20101632;;EXP WORKSPACE CORP 6.2 WIN N RNWL BAS S;EXP WORKSPACE CORP 6.2 WIN N RNWL BAS S;EXP WORKSPACE CORP 6.2 WIN N RNWL BAS S;EXP WORKSPACE CORP 6.2 WIN N RNWL BAS S;;;;79;;
1;3;2094;1;46,8507;38,09;REW WORKSPACE CORP 6.2 WIN PER U SUB LIC C BAS;20101642;;REW WORKSPACE CORP 6.2 WIN PER U SUB LIC C BAS;REW WORKSPACE CORP 6.2 WIN PER U SUB LIC C BAS;REW WORKSPACE CORP 6.2 WIN PER U SUB LIC C BAS;REW WORKSPACE CORP 6.2 WIN PER U SUB LIC C BAS;;;;79;;
1;3;2094;1;26,9001;21,87;REW WORKSPACE CORP 6.2 WIN PER N BDL BAS B;20101644;;REW WORKSPACE CORP 6.2 WIN PER N BDL BAS B;REW WORKSPACE CORP 6.2 WIN PER N BDL BAS B;REW WORKSPACE CORP 6.2 WIN PER N BDL BAS B;REW WORKSPACE CORP 6.2 WIN PER N BDL BAS B;;;;79;;
1;3;2094;1;31,4634;25,58;REW WORKSPACE CORP 6.2 WIN PER N BDL ESS C;20101646;;REW WORKSPACE CORP 6.2 WIN PER N BDL ESS C;REW WORKSPACE CORP 6.2 WIN PER N BDL ESS C;REW WORKSPACE CORP 6.2 WIN PER N BDL ESS C;REW WORKSPACE CORP 6.2 WIN PER N BDL ESS C;;;;79;;
1;3;2094;1;70,2576;57,12;REW WORKSPACE CORP 6.2 WIN PER N SUB LIC C BAS;20101648;;REW WORKSPACE CORP 6.2 WIN PER N SUB LIC C BAS;REW WORKSPACE CORP 6.2 WIN PER N SUB LIC C BAS;REW WORKSPACE CORP 6.2 WIN PER N SUB LIC C BAS;REW WORKSPACE CORP 6.2 WIN PER N SUB LIC C BAS;;;;79;;
1;3;2094;1;14,4648;11,76;REW WORKSPACE CORP 6.2 WIN PER U RNWL BAS E;20101655;;REW WORKSPACE CORP 6.2 WIN PER U RNWL BAS E;REW WORKSPACE CORP 6.2 WIN PER U RNWL BAS E;REW WORKSPACE CORP 6.2 WIN PER U RNWL BAS E;REW WORKSPACE CORP 6.2 WIN PER U RNWL BAS E;;;;79;;
1;3;2094;1;17,9211;14,57;REW WORKSPACE CORP 6.2 WIN PER U BDL BAS B;20101660;;REW WORKSPACE CORP 6.2 WIN PER U BDL BAS B;REW WORKSPACE CORP 6.2 WIN PER U BDL BAS B;REW WORKSPACE CORP 6.2 WIN PER U BDL BAS B;REW WORKSPACE CORP 6.2 WIN PER U BDL BAS B;;;;79;;
1;3;2094;1;15,1167;12,29;REW WORKSPACE CORP 6.2 WIN PER U BDL BAS D;20101661;;REW WORKSPACE CORP 6.2 WIN PER U BDL BAS D;REW WORKSPACE CORP 6.2 WIN PER U BDL BAS D;REW WORKSPACE CORP 6.2 WIN PER U BDL BAS D;REW WORKSPACE CORP 6.2 WIN PER U BDL BAS D;;;;79;;
1;3;2094;1;47,3427;38,49;REW WORKSPACE CORP 6.2 WIN PER U SUB LIC D ESS;20101677;;REW WORKSPACE CORP 6.2 WIN PER U SUB LIC D ESS;REW WORKSPACE CORP 6.2 WIN PER U SUB LIC D ESS;REW WORKSPACE CORP 6.2 WIN PER U SUB LIC D ESS;REW WORKSPACE CORP 6.2 WIN PER U SUB LIC D ESS;;;;79;;
1;3;2094;1;67,6254;54,98;EXP WORKSPACE CORP 6.2 WIN U SUB LIC S ESS;20101680;;EXP WORKSPACE CORP 6.2 WIN U SUB LIC S ESS;EXP WORKSPACE CORP 6.2 WIN U SUB LIC S ESS;EXP WORKSPACE CORP 6.2 WIN U SUB LIC S ESS;EXP WORKSPACE CORP 6.2 WIN U SUB LIC S ESS;;;;79;;
1;3;2094;1;27,7488;22,56;REW WORKSPACE CORP 6.2 WIN PER N RNWL ESS E;20101683;;REW WORKSPACE CORP 6.2 WIN PER N RNWL ESS E;REW WORKSPACE CORP 6.2 WIN PER N RNWL ESS E;REW WORKSPACE CORP 6.2 WIN PER N RNWL ESS E;REW WORKSPACE CORP 6.2 WIN PER N RNWL ESS E;;;;79;;
1;3;2094;1;38,1054;30,98;REW WORKSPACE CORP 6.2 WIN PER N BDL ESS A;20101684;;REW WORKSPACE CORP 6.2 WIN PER N BDL ESS A;REW WORKSPACE CORP 6.2 WIN PER N BDL ESS A;REW WORKSPACE CORP 6.2 WIN PER N BDL ESS A;REW WORKSPACE CORP 6.2 WIN PER N BDL ESS A;;;;79;;
1;3;2094;1;21,7095;17,65;REW WORKSPACE CORP 6.2 WIN PER N BDL BAS E;20101686;;REW WORKSPACE CORP 6.2 WIN PER N BDL BAS E;REW WORKSPACE CORP 6.2 WIN PER N BDL BAS E;REW WORKSPACE CORP 6.2 WIN PER N BDL BAS E;REW WORKSPACE CORP 6.2 WIN PER N BDL BAS E;;;;79;;
1;3;2094;1;17,9211;14,57;REW WORKSPACE CORP 6.2 WIN PER U RNWL BAS B;20101687;;REW WORKSPACE CORP 6.2 WIN PER U RNWL BAS B;REW WORKSPACE CORP 6.2 WIN PER U RNWL BAS B;REW WORKSPACE CORP 6.2 WIN PER U RNWL BAS B;REW WORKSPACE CORP 6.2 WIN PER U RNWL BAS B;;;;79;;
1;3;2094;1;15,1167;12,29;REW WORKSPACE CORP 6.2 WIN PER U RNWL BAS D;20101688;;REW WORKSPACE CORP 6.2 WIN PER U RNWL BAS D;REW WORKSPACE CORP 6.2 WIN PER U RNWL BAS D;REW WORKSPACE CORP 6.2 WIN PER U RNWL BAS D;REW WORKSPACE CORP 6.2 WIN PER U RNWL BAS D;;;;79;;
1;3;2094;1;22,9272;18,64;REW WORKSPACE CORP 6.2 WIN PER U RNWL ESS B;20101689;;REW WORKSPACE CORP 6.2 WIN PER U RNWL ESS B;REW WORKSPACE CORP 6.2 WIN PER U RNWL ESS B;REW WORKSPACE CORP 6.2 WIN PER U RNWL ESS B;REW WORKSPACE CORP 6.2 WIN PER U RNWL ESS B;;;;79;;
1;3;2094;1;22,9272;18,64;REW WORKSPACE CORP 6.2 WIN PER U BDL ESS B;20101692;;REW WORKSPACE CORP 6.2 WIN PER U BDL ESS B;REW WORKSPACE CORP 6.2 WIN PER U BDL ESS B;REW WORKSPACE CORP 6.2 WIN PER U BDL ESS B;REW WORKSPACE CORP 6.2 WIN PER U BDL ESS B;;;;79;;
1;3;2094;1;51,1557;41,59;REW WORKSPACE CORP 6.2 WIN PER U SUB LIC B BAS;20101709;;REW WORKSPACE CORP 6.2 WIN PER U SUB LIC B BAS;REW WORKSPACE CORP 6.2 WIN PER U SUB LIC B BAS;REW WORKSPACE CORP 6.2 WIN PER U SUB LIC B BAS;REW WORKSPACE CORP 6.2 WIN PER U SUB LIC B BAS;;;;79;;
1;3;2094;1;24,6246;20,02;REW WORKSPACE CORP 6.2 WIN PER N RNWL BAS C;20101715;;REW WORKSPACE CORP 6.2 WIN PER N RNWL BAS C;REW WORKSPACE CORP 6.2 WIN PER N RNWL BAS C;REW WORKSPACE CORP 6.2 WIN PER N RNWL BAS C;REW WORKSPACE CORP 6.2 WIN PER N RNWL BAS C;;;;79;;
1;3;2094;1;22,6812;18,44;REW WORKSPACE CORP 6.2 WIN PER N RNWL BAS D;20101716;;REW WORKSPACE CORP 6.2 WIN PER N RNWL BAS D;REW WORKSPACE CORP 6.2 WIN PER N RNWL BAS D;REW WORKSPACE CORP 6.2 WIN PER N RNWL BAS D;REW WORKSPACE CORP 6.2 WIN PER N RNWL BAS D;;;;79;;
1;3;2094;1;21,7095;17,65;REW WORKSPACE CORP 6.2 WIN PER N RNWL BAS E;20101717;;REW WORKSPACE CORP 6.2 WIN PER N RNWL BAS E;REW WORKSPACE CORP 6.2 WIN PER N RNWL BAS E;REW WORKSPACE CORP 6.2 WIN PER N RNWL BAS E;REW WORKSPACE CORP 6.2 WIN PER N RNWL BAS E;;;;79;;
1;3;2094;1;28,9911;23,57;REW WORKSPACE CORP 6.2 WIN PER N RNWL ESS D;20101719;;REW WORKSPACE CORP 6.2 WIN PER N RNWL ESS D;REW WORKSPACE CORP 6.2 WIN PER N RNWL ESS D;REW WORKSPACE CORP 6.2 WIN PER N RNWL ESS D;REW WORKSPACE CORP 6.2 WIN PER N RNWL ESS D;;;;79;;
1;3;2094;1;16,4205;13,35;REW WORKSPACE CORP 6.2 WIN PER U RNWL BAS C;20101731;;REW WORKSPACE CORP 6.2 WIN PER U RNWL BAS C;REW WORKSPACE CORP 6.2 WIN PER U RNWL BAS C;REW WORKSPACE CORP 6.2 WIN PER U RNWL BAS C;REW WORKSPACE CORP 6.2 WIN PER U RNWL BAS C;;;;79;;
1;3;2094;1;41,4141;33,67;EXP WORKSPACE CORP 6.2 WIN N BDL ESS S;20101754;;EXP WORKSPACE CORP 6.2 WIN N BDL ESS S;EXP WORKSPACE CORP 6.2 WIN N BDL ESS S;EXP WORKSPACE CORP 6.2 WIN N BDL ESS S;EXP WORKSPACE CORP 6.2 WIN N BDL ESS S;;;;79;;
1;3;2094;1;101,4627;82,49;EXP WORKSPACE CORP 6.2 WIN N SUB LIC S ESS;20101757;;EXP WORKSPACE CORP 6.2 WIN N SUB LIC S ESS;EXP WORKSPACE CORP 6.2 WIN N SUB LIC S ESS;EXP WORKSPACE CORP 6.2 WIN N SUB LIC S ESS;EXP WORKSPACE CORP 6.2 WIN N SUB LIC S ESS;;;;79;;
1;3;2094;1;19,3356;15,72;REW WORKSPACE CORP 6.2 WIN PER U RNWL ESS D;20101766;;REW WORKSPACE CORP 6.2 WIN PER U RNWL ESS D;REW WORKSPACE CORP 6.2 WIN PER U RNWL ESS D;REW WORKSPACE CORP 6.2 WIN PER U RNWL ESS D;REW WORKSPACE CORP 6.2 WIN PER U RNWL ESS D;;;;79;;
1;3;2094;1;20,9715;17,05;REW WORKSPACE CORP 6.2 WIN PER U BDL ESS C;20101767;;REW WORKSPACE CORP 6.2 WIN PER U BDL ESS C;REW WORKSPACE CORP 6.2 WIN PER U BDL ESS C;REW WORKSPACE CORP 6.2 WIN PER U BDL ESS C;REW WORKSPACE CORP 6.2 WIN PER U BDL ESS C;;;;79;;
1;3;2094;1;21,5988;17,56;EXP WORKSPACE CORP 6.2 WIN U BDL BAS S;20101770;;EXP WORKSPACE CORP 6.2 WIN U BDL BAS S;EXP WORKSPACE CORP 6.2 WIN U BDL BAS S;EXP WORKSPACE CORP 6.2 WIN U BDL BAS S;EXP WORKSPACE CORP 6.2 WIN U BDL BAS S;;;;79;;
1;3;2094;1;212,4825;172,75;EXP WORKSPACE CORP 6.2 WIN N BDL STD LIC S BAS;20101773;;EXP WORKSPACE CORP 6.2 WIN N BDL STD LIC S BAS;EXP WORKSPACE CORP 6.2 WIN N BDL STD LIC S BAS;EXP WORKSPACE CORP 6.2 WIN N BDL STD LIC S BAS;EXP WORKSPACE CORP 6.2 WIN N BDL STD LIC S BAS;;;;79;;
1;3;2094;1;43,1484;35,08;REW WORKSPACE CORP 6.2 WIN PER U SUB LIC D BAS;20101782;;REW WORKSPACE CORP 6.2 WIN PER U SUB LIC D BAS;REW WORKSPACE CORP 6.2 WIN PER U SUB LIC D BAS;REW WORKSPACE CORP 6.2 WIN PER U SUB LIC D BAS;REW WORKSPACE CORP 6.2 WIN PER U SUB LIC D BAS;;;;79;;
1;3;2094;1;61,6353;50,11;EXP WORKSPACE CORP 6.2 WIN U SUB LIC S BAS;20101785;;EXP WORKSPACE CORP 6.2 WIN U SUB LIC S BAS;EXP WORKSPACE CORP 6.2 WIN U SUB LIC S BAS;EXP WORKSPACE CORP 6.2 WIN U SUB LIC S BAS;EXP WORKSPACE CORP 6.2 WIN U SUB LIC S BAS;;;;79;;
1;3;2094;1;61,6599;50,13;AE WORKSPACE CORP 6.2 WIN PER U SECDRY SUB E ESS;20101792;;AE WORKSPACE CORP 6.2 WIN PER U SECDRY SUB E ESS;AE WORKSPACE CORP 6.2 WIN PER U SECDRY SUB E ESS;AE WORKSPACE CORP 6.2 WIN PER U SECDRY SUB E ESS;AE WORKSPACE CORP 6.2 WIN PER U SECDRY SUB E ESS;;;;79;;
1;3;2094;1;92,496;75,2;AE WORKSPACE CORP 6.2 WIN PER N SECDRY SUB E ESS;20101794;;AE WORKSPACE CORP 6.2 WIN PER N SECDRY SUB E ESS;AE WORKSPACE CORP 6.2 WIN PER N SECDRY SUB E ESS;AE WORKSPACE CORP 6.2 WIN PER N SECDRY SUB E ESS;AE WORKSPACE CORP 6.2 WIN PER N SECDRY SUB E ESS;;;;79;;
1;3;2094;1;77,0841;62,67;AE WORKSPACE CORP 6.2 WIN PER U SECDRY SUB A ESS;20101795;;AE WORKSPACE CORP 6.2 WIN PER U SECDRY SUB A ESS;AE WORKSPACE CORP 6.2 WIN PER U SECDRY SUB A ESS;AE WORKSPACE CORP 6.2 WIN PER U SECDRY SUB A ESS;AE WORKSPACE CORP 6.2 WIN PER U SECDRY SUB A ESS;;;;79;;
1;3;2094;1;98,2647;79,89;AE WORKSPACE CORP 6.2 WIN PER N SECDRY SUB D ESS;20101796;;AE WORKSPACE CORP 6.2 WIN PER N SECDRY SUB D ESS;AE WORKSPACE CORP 6.2 WIN PER N SECDRY SUB D ESS;AE WORKSPACE CORP 6.2 WIN PER N SECDRY SUB D ESS;AE WORKSPACE CORP 6.2 WIN PER N SECDRY SUB D ESS;;;;79;;
1;3;2094;1;69,372;56,4;AE WORKSPACE CORP 6.2 WIN PER U SECDRY SUB C ESS;20101797;;AE WORKSPACE CORP 6.2 WIN PER U SECDRY SUB C ESS;AE WORKSPACE CORP 6.2 WIN PER U SECDRY SUB C ESS;AE WORKSPACE CORP 6.2 WIN PER U SECDRY SUB C ESS;AE WORKSPACE CORP 6.2 WIN PER U SECDRY SUB C ESS;;;;79;;
1;3;2094;1;65,5098;53,26;AE WORKSPACE CORP 6.2 WIN PER U SECDRY SUB D ESS;20101798;;AE WORKSPACE CORP 6.2 WIN PER U SECDRY SUB D ESS;AE WORKSPACE CORP 6.2 WIN PER U SECDRY SUB D ESS;AE WORKSPACE CORP 6.2 WIN PER U SECDRY SUB D ESS;AE WORKSPACE CORP 6.2 WIN PER U SECDRY SUB D ESS;;;;79;;
1;3;2094;1;115,6077;93,99;AE WORKSPACE CORP 6.2 WIN PER N SECDRY SUB A ESS;20101799;;AE WORKSPACE CORP 6.2 WIN PER N SECDRY SUB A ESS;AE WORKSPACE CORP 6.2 WIN PER N SECDRY SUB A ESS;AE WORKSPACE CORP 6.2 WIN PER N SECDRY SUB A ESS;AE WORKSPACE CORP 6.2 WIN PER N SECDRY SUB A ESS;;;;79;;
1;3;2094;1;73,2219;59,53;AE WORKSPACE CORP 6.2 WIN PER U SECDRY SUB B ESS;20101800;;AE WORKSPACE CORP 6.2 WIN PER U SECDRY SUB B ESS;AE WORKSPACE CORP 6.2 WIN PER U SECDRY SUB B ESS;AE WORKSPACE CORP 6.2 WIN PER U SECDRY SUB B ESS;AE WORKSPACE CORP 6.2 WIN PER U SECDRY SUB B ESS;;;;79;;
1;3;2094;1;109,839;89,3;AE WORKSPACE CORP 6.2 WIN PER N SECDRY SUB B ESS;20101803;;AE WORKSPACE CORP 6.2 WIN PER N SECDRY SUB B ESS;AE WORKSPACE CORP 6.2 WIN PER N SECDRY SUB B ESS;AE WORKSPACE CORP 6.2 WIN PER N SECDRY SUB B ESS;AE WORKSPACE CORP 6.2 WIN PER N SECDRY SUB B ESS;;;;79;;
1;3;2094;1;104,058;84,6;AE WORKSPACE CORP 6.2 WIN PER N SECDRY SUB C ESS;20101804;;AE WORKSPACE CORP 6.2 WIN PER N SECDRY SUB C ESS;AE WORKSPACE CORP 6.2 WIN PER N SECDRY SUB C ESS;AE WORKSPACE CORP 6.2 WIN PER N SECDRY SUB C ESS;AE WORKSPACE CORP 6.2 WIN PER N SECDRY SUB C ESS;;;;79;;
1;3;2094;1;23,8005;19,35;AE WORKSPACE STREAM 6.1 WIN P N SECDRY SUB C ESS;20101806;;AE WORKSPACE STREAM 6.1 WIN P N SECDRY SUB C ESS;AE WORKSPACE STREAM 6.1 WIN P N SECDRY SUB C ESS;AE WORKSPACE STREAM 6.1 WIN P N SECDRY SUB C ESS;AE WORKSPACE STREAM 6.1 WIN P N SECDRY SUB C ESS;;;;79;;
1;3;2094;1;22,4721;18,27;AE WORKSPACE STREAM 6.1 WIN P N SECDRY SUB D ESS;20101807;;AE WORKSPACE STREAM 6.1 WIN P N SECDRY SUB D ESS;AE WORKSPACE STREAM 6.1 WIN P N SECDRY SUB D ESS;AE WORKSPACE STREAM 6.1 WIN P N SECDRY SUB D ESS;AE WORKSPACE STREAM 6.1 WIN P N SECDRY SUB D ESS;;;;79;;
1;3;2094;1;26,4204;21,48;AE WORKSPACE STREAM 6.1 WIN P N SECDRY SUB A ESS;20101808;;AE WORKSPACE STREAM 6.1 WIN P N SECDRY SUB A ESS;AE WORKSPACE STREAM 6.1 WIN P N SECDRY SUB A ESS;AE WORKSPACE STREAM 6.1 WIN P N SECDRY SUB A ESS;AE WORKSPACE STREAM 6.1 WIN P N SECDRY SUB A ESS;;;;79;;
1;3;2094;1;25,1043;20,41;AE WORKSPACE STREAM 6.1 WIN P N SECDRY SUB B ESS;20101809;;AE WORKSPACE STREAM 6.1 WIN P N SECDRY SUB B ESS;AE WORKSPACE STREAM 6.1 WIN P N SECDRY SUB B ESS;AE WORKSPACE STREAM 6.1 WIN P N SECDRY SUB B ESS;AE WORKSPACE STREAM 6.1 WIN P N SECDRY SUB B ESS;;;;79;;
1;3;2094;1;21,156;17,2;AE WORKSPACE STREAM 6.1 WIN P N SECDRY SUB E ESS;20101810;;AE WORKSPACE STREAM 6.1 WIN P N SECDRY SUB E ESS;AE WORKSPACE STREAM 6.1 WIN P N SECDRY SUB E ESS;AE WORKSPACE STREAM 6.1 WIN P N SECDRY SUB E ESS;AE WORKSPACE STREAM 6.1 WIN P N SECDRY SUB E ESS;;;;79;;
1;3;2094;1;35,8545;29,15;REW WORKSPACE CORP WEB CLT6.2 WIN P U RNWL BAS B;20101849;;REW WORKSPACE CORP WEB CLT6.2 WIN P U RNWL BAS B;REW WORKSPACE CORP WEB CLT6.2 WIN P U RNWL BAS B;REW WORKSPACE CORP WEB CLT6.2 WIN P U RNWL BAS B;REW WORKSPACE CORP WEB CLT6.2 WIN P U RNWL BAS B;;;;79;;
1;3;2094;1;41,9799;34,13;REW WORKSPACE CORP WEB CLT6.2 WIN P U BDL ESS C;20101851;;REW WORKSPACE CORP WEB CLT6.2 WIN P U BDL ESS C;REW WORKSPACE CORP WEB CLT6.2 WIN P U BDL ESS C;REW WORKSPACE CORP WEB CLT6.2 WIN P U BDL ESS C;REW WORKSPACE CORP WEB CLT6.2 WIN P U BDL ESS C;;;;79;;
1;3;2094;1;39,7536;32,32;REW WORKSPACE CORP WEB CLT6.2 WIN P U BDL BAS A;20101869;;REW WORKSPACE CORP WEB CLT6.2 WIN P U BDL BAS A;REW WORKSPACE CORP WEB CLT6.2 WIN P U BDL BAS A;REW WORKSPACE CORP WEB CLT6.2 WIN P U BDL BAS A;REW WORKSPACE CORP WEB CLT6.2 WIN P U BDL BAS A;;;;79;;
1;3;2094;1;35,8545;29,15;REW WORKSPACE CORP WEB CLT6.2 WIN P U BDL BAS B;20101870;;REW WORKSPACE CORP WEB CLT6.2 WIN P U BDL BAS B;REW WORKSPACE CORP WEB CLT6.2 WIN P U BDL BAS B;REW WORKSPACE CORP WEB CLT6.2 WIN P U BDL BAS B;REW WORKSPACE CORP WEB CLT6.2 WIN P U BDL BAS B;;;;79;;
1;3;2094;1;32,841;26,7;REW WORKSPACE CORP WEB CLT6.2 WIN P U BDL BAS C;20101871;;REW WORKSPACE CORP WEB CLT6.2 WIN P U BDL BAS C;REW WORKSPACE CORP WEB CLT6.2 WIN P U BDL BAS C;REW WORKSPACE CORP WEB CLT6.2 WIN P U BDL BAS C;REW WORKSPACE CORP WEB CLT6.2 WIN P U BDL BAS C;;;;79;;
1;3;2094;1;30,2457;24,59;REW WORKSPACE CORP WEB CLT6.2 WIN P U BDL BAS D;20101872;;REW WORKSPACE CORP WEB CLT6.2 WIN P U BDL BAS D;REW WORKSPACE CORP WEB CLT6.2 WIN P U BDL BAS D;REW WORKSPACE CORP WEB CLT6.2 WIN P U BDL BAS D;REW WORKSPACE CORP WEB CLT6.2 WIN P U BDL BAS D;;;;79;;
1;3;2094;1;112,2621;91,27;REW WORKSPACE CORP WEB CLT6.2 WIN SUB LIC B ESS;20101873;;REW WORKSPACE CORP WEB CLT6.2 WIN SUB LIC B ESS;REW WORKSPACE CORP WEB CLT6.2 WIN SUB LIC B ESS;REW WORKSPACE CORP WEB CLT6.2 WIN SUB LIC B ESS;REW WORKSPACE CORP WEB CLT6.2 WIN SUB LIC B ESS;;;;79;;
1;3;2094;1;43,2222;35,14;EXP WORKSPACE CORP WEB CLT 6.2 WIN RNWL BAS S;20101919;;EXP WORKSPACE CORP WEB CLT 6.2 WIN RNWL BAS S;EXP WORKSPACE CORP WEB CLT 6.2 WIN RNWL BAS S;EXP WORKSPACE CORP WEB CLT 6.2 WIN RNWL BAS S;EXP WORKSPACE CORP WEB CLT 6.2 WIN RNWL BAS S;;;;79;;
1;3;2094;1;124,4268;101,16;REW WORKSPACE CORP WEB CLT6.2 WIN SUB LIC A ESS;20101922;;REW WORKSPACE CORP WEB CLT6.2 WIN SUB LIC A ESS;REW WORKSPACE CORP WEB CLT6.2 WIN SUB LIC A ESS;REW WORKSPACE CORP WEB CLT6.2 WIN SUB LIC A ESS;REW WORKSPACE CORP WEB CLT6.2 WIN SUB LIC A ESS;;;;79;;
1;3;2094;1;90,6141;73,67;REW WORKSPACE CORP WEB CLT6.2 WIN SUB LIC E ESS;20101937;;REW WORKSPACE CORP WEB CLT6.2 WIN SUB LIC E ESS;REW WORKSPACE CORP WEB CLT6.2 WIN SUB LIC E ESS;REW WORKSPACE CORP WEB CLT6.2 WIN SUB LIC E ESS;REW WORKSPACE CORP WEB CLT6.2 WIN SUB LIC E ESS;;;;79;;
1;3;2094;1;135,2385;109,95;EXP WORKSPACE CORP WEB CLT 6.2 WIN LIC S ESS;20101943;;EXP WORKSPACE CORP WEB CLT 6.2 WIN LIC S ESS;EXP WORKSPACE CORP WEB CLT 6.2 WIN LIC S ESS;EXP WORKSPACE CORP WEB CLT 6.2 WIN LIC S ESS;EXP WORKSPACE CORP WEB CLT 6.2 WIN LIC S ESS;;;;79;;
1;3;2094;1;32,841;26,7;REW WORKSPACE CORP WEB CLT6.2 WIN P U RNWL BAS C;20101958;;REW WORKSPACE CORP WEB CLT6.2 WIN P U RNWL BAS C;REW WORKSPACE CORP WEB CLT6.2 WIN P U RNWL BAS C;REW WORKSPACE CORP WEB CLT6.2 WIN P U RNWL BAS C;REW WORKSPACE CORP WEB CLT6.2 WIN P U RNWL BAS C;;;;79;;
1;3;2094;1;30,2457;24,59;REW WORKSPACE CORP WEB CLT6.2 WIN P U RNWL BAS D;20101970;;REW WORKSPACE CORP WEB CLT6.2 WIN P U RNWL BAS D;REW WORKSPACE CORP WEB CLT6.2 WIN P U RNWL BAS D;REW WORKSPACE CORP WEB CLT6.2 WIN P U RNWL BAS D;REW WORKSPACE CORP WEB CLT6.2 WIN P U RNWL BAS D;;;;79;;
1;3;2094;1;45,8298;37,26;REW WORKSPACE CORP WEB CLT6.2 WIN P U RNWL ESS B;20101973;;REW WORKSPACE CORP WEB CLT6.2 WIN P U RNWL ESS B;REW WORKSPACE CORP WEB CLT6.2 WIN P U RNWL ESS B;REW WORKSPACE CORP WEB CLT6.2 WIN P U RNWL ESS B;REW WORKSPACE CORP WEB CLT6.2 WIN P U RNWL ESS B;;;;79;;
1;3;2094;1;38,6466;31,42;REW WORKSPACE CORP WEB CLT6.2 WIN P U BDL ESS D;20101974;;REW WORKSPACE CORP WEB CLT6.2 WIN P U BDL ESS D;REW WORKSPACE CORP WEB CLT6.2 WIN P U BDL ESS D;REW WORKSPACE CORP WEB CLT6.2 WIN P U BDL ESS D;REW WORKSPACE CORP WEB CLT6.2 WIN P U BDL ESS D;;;;79;;
1;3;2094;1;55,2147;44,89;EXP WORKSPACE CORP WEB CLT 6.2 WIN BDL ESS S;20101975;;EXP WORKSPACE CORP WEB CLT 6.2 WIN BDL ESS S;EXP WORKSPACE CORP WEB CLT 6.2 WIN BDL ESS S;EXP WORKSPACE CORP WEB CLT 6.2 WIN BDL ESS S;EXP WORKSPACE CORP WEB CLT 6.2 WIN BDL ESS S;;;;79;;
1;3;2094;1;113,3937;92,19;REW WORKSPACE CORP WEB CLT6.2 WIN SUB LIC A BAS;20101988;;REW WORKSPACE CORP WEB CLT6.2 WIN SUB LIC A BAS;REW WORKSPACE CORP WEB CLT6.2 WIN SUB LIC A BAS;REW WORKSPACE CORP WEB CLT6.2 WIN SUB LIC A BAS;REW WORKSPACE CORP WEB CLT6.2 WIN SUB LIC A BAS;;;;79;;
1;3;2094;1;41,9799;34,13;REW WORKSPACE CORP WEB CLT6.2 WIN P U RNWL ESS C;20102028;;REW WORKSPACE CORP WEB CLT6.2 WIN P U RNWL ESS C;REW WORKSPACE CORP WEB CLT6.2 WIN P U RNWL ESS C;REW WORKSPACE CORP WEB CLT6.2 WIN P U RNWL ESS C;REW WORKSPACE CORP WEB CLT6.2 WIN P U RNWL ESS C;;;;79;;
1;3;2094;1;55,2147;44,89;EXP WORKSPACE CORP WEB CLT 6.2 WIN RNWL ESS S;20102029;;EXP WORKSPACE CORP WEB CLT 6.2 WIN RNWL ESS S;EXP WORKSPACE CORP WEB CLT 6.2 WIN RNWL ESS S;EXP WORKSPACE CORP WEB CLT 6.2 WIN RNWL ESS S;EXP WORKSPACE CORP WEB CLT 6.2 WIN RNWL ESS S;;;;79;;
1;3;2094;1;28,9542;23,54;REW WORKSPACE CORP WEB CLT6.2 WIN P U RNWL BAS E;20102055;;REW WORKSPACE CORP WEB CLT6.2 WIN P U RNWL BAS E;REW WORKSPACE CORP WEB CLT6.2 WIN P U RNWL BAS E;REW WORKSPACE CORP WEB CLT6.2 WIN P U RNWL BAS E;REW WORKSPACE CORP WEB CLT6.2 WIN P U RNWL BAS E;;;;79;;
1;3;2094;1;36,9984;30,08;REW WORKSPACE CORP WEB CLT6.2 WIN P U RNWL ESS E;20102056;;REW WORKSPACE CORP WEB CLT6.2 WIN P U RNWL ESS E;REW WORKSPACE CORP WEB CLT6.2 WIN P U RNWL ESS E;REW WORKSPACE CORP WEB CLT6.2 WIN P U RNWL ESS E;REW WORKSPACE CORP WEB CLT6.2 WIN P U RNWL ESS E;;;;79;;
1;3;2094;1;50,7867;41,29;REW WORKSPACE CORP WEB CLT6.2 WIN P U BDL ESS A;20102057;;REW WORKSPACE CORP WEB CLT6.2 WIN P U BDL ESS A;REW WORKSPACE CORP WEB CLT6.2 WIN P U BDL ESS A;REW WORKSPACE CORP WEB CLT6.2 WIN P U BDL ESS A;REW WORKSPACE CORP WEB CLT6.2 WIN P U BDL ESS A;;;;79;;
1;3;2094;1;36,9984;30,08;REW WORKSPACE CORP WEB CLT6.2 WIN P U BDL ESS E;20102058;;REW WORKSPACE CORP WEB CLT6.2 WIN P U BDL ESS E;REW WORKSPACE CORP WEB CLT6.2 WIN P U BDL ESS E;REW WORKSPACE CORP WEB CLT6.2 WIN P U BDL ESS E;REW WORKSPACE CORP WEB CLT6.2 WIN P U BDL ESS E;;;;79;;
1;3;2094;1;28,9542;23,54;REW WORKSPACE CORP WEB CLT6.2 WIN P U BDL BAS E;20102059;;REW WORKSPACE CORP WEB CLT6.2 WIN P U BDL BAS E;REW WORKSPACE CORP WEB CLT6.2 WIN P U BDL BAS E;REW WORKSPACE CORP WEB CLT6.2 WIN P U BDL BAS E;REW WORKSPACE CORP WEB CLT6.2 WIN P U BDL BAS E;;;;79;;
1;3;2094;1;102,8034;83,58;REW WORKSPACE CORP WEB CLT6.2 WIN SUB LIC C ESS;20102061;;REW WORKSPACE CORP WEB CLT6.2 WIN SUB LIC C ESS;REW WORKSPACE CORP WEB CLT6.2 WIN SUB LIC C ESS;REW WORKSPACE CORP WEB CLT6.2 WIN SUB LIC C ESS;REW WORKSPACE CORP WEB CLT6.2 WIN SUB LIC C ESS;;;;79;;
1;3;2094;1;82,5822;67,14;REW WORKSPACE CORP WEB CLT6.2 WIN SUB LIC E BAS;20102071;;REW WORKSPACE CORP WEB CLT6.2 WIN SUB LIC E BAS;REW WORKSPACE CORP WEB CLT6.2 WIN SUB LIC E BAS;REW WORKSPACE CORP WEB CLT6.2 WIN SUB LIC E BAS;REW WORKSPACE CORP WEB CLT6.2 WIN SUB LIC E BAS;;;;79;;
1;3;2094;1;102,2991;83,17;REW WORKSPACE CORP WEB CLT6.2 WIN SUB LIC B BAS;20102081;;REW WORKSPACE CORP WEB CLT6.2 WIN SUB LIC B BAS;REW WORKSPACE CORP WEB CLT6.2 WIN SUB LIC B BAS;REW WORKSPACE CORP WEB CLT6.2 WIN SUB LIC B BAS;REW WORKSPACE CORP WEB CLT6.2 WIN SUB LIC B BAS;;;;79;;
1;3;2094;1;39,7536;32,32;REW WORKSPACE CORP WEB CLT6.2 WIN P U RNWL BAS A;20102090;;REW WORKSPACE CORP WEB CLT6.2 WIN P U RNWL BAS A;REW WORKSPACE CORP WEB CLT6.2 WIN P U RNWL BAS A;REW WORKSPACE CORP WEB CLT6.2 WIN P U RNWL BAS A;REW WORKSPACE CORP WEB CLT6.2 WIN P U RNWL BAS A;;;;79;;
1;3;2094;1;50,7867;41,29;REW WORKSPACE CORP WEB CLT6.2 WIN P U RNWL ESS A;20102093;;REW WORKSPACE CORP WEB CLT6.2 WIN P U RNWL ESS A;REW WORKSPACE CORP WEB CLT6.2 WIN P U RNWL ESS A;REW WORKSPACE CORP WEB CLT6.2 WIN P U RNWL ESS A;REW WORKSPACE CORP WEB CLT6.2 WIN P U RNWL ESS A;;;;79;;
1;3;2094;1;38,6466;31,42;REW WORKSPACE CORP WEB CLT6.2 WIN P U RNWL ESS D;20102094;;REW WORKSPACE CORP WEB CLT6.2 WIN P U RNWL ESS D;REW WORKSPACE CORP WEB CLT6.2 WIN P U RNWL ESS D;REW WORKSPACE CORP WEB CLT6.2 WIN P U RNWL ESS D;REW WORKSPACE CORP WEB CLT6.2 WIN P U RNWL ESS D;;;;79;;
1;3;2094;1;45,8298;37,26;REW WORKSPACE CORP WEB CLT6.2 WIN P U BDL ESS B;20102095;;REW WORKSPACE CORP WEB CLT6.2 WIN P U BDL ESS B;REW WORKSPACE CORP WEB CLT6.2 WIN P U BDL ESS B;REW WORKSPACE CORP WEB CLT6.2 WIN P U BDL ESS B;REW WORKSPACE CORP WEB CLT6.2 WIN P U BDL ESS B;;;;79;;
1;3;2094;1;43,2222;35,14;EXP WORKSPACE CORP WEB CLT 6.2 WIN BDL BAS S;20102131;;EXP WORKSPACE CORP WEB CLT 6.2 WIN BDL BAS S;EXP WORKSPACE CORP WEB CLT 6.2 WIN BDL BAS S;EXP WORKSPACE CORP WEB CLT 6.2 WIN BDL BAS S;EXP WORKSPACE CORP WEB CLT 6.2 WIN BDL BAS S;;;;79;;
1;3;2094;1;206,7261;168,07;REW WORKSPACE CORP WEB CLT 6.2 WIN STD LIC D ESS;20102158;;REW WORKSPACE CORP WEB CLT 6.2 WIN STD LIC D ESS;REW WORKSPACE CORP WEB CLT 6.2 WIN STD LIC D ESS;REW WORKSPACE CORP WEB CLT 6.2 WIN STD LIC D ESS;REW WORKSPACE CORP WEB CLT 6.2 WIN STD LIC D ESS;;;;79;;
1;3;2094;1;189,8259;154,33;REW WORKSPACE CORP WEB CLT 6.2 WIN STD LIC E BAS;20102164;;REW WORKSPACE CORP WEB CLT 6.2 WIN STD LIC E BAS;REW WORKSPACE CORP WEB CLT 6.2 WIN STD LIC E BAS;REW WORKSPACE CORP WEB CLT 6.2 WIN STD LIC E BAS;REW WORKSPACE CORP WEB CLT 6.2 WIN STD LIC E BAS;;;;79;;
1;3;2094;1;283,3182;230,34;EXP WORKSPACE CORP WEB CLT 6.2 WIN LIC S BAS;20102166;;EXP WORKSPACE CORP WEB CLT 6.2 WIN LIC S BAS;EXP WORKSPACE CORP WEB CLT 6.2 WIN LIC S BAS;EXP WORKSPACE CORP WEB CLT 6.2 WIN LIC S BAS;EXP WORKSPACE CORP WEB CLT 6.2 WIN LIC S BAS;;;;79;;
1;3;2094;1;295,3353;240,11;EXP WORKSPACE CORP WEB CLT 6.2 WIN LIC S ESS;20102167;;EXP WORKSPACE CORP WEB CLT 6.2 WIN LIC S ESS;EXP WORKSPACE CORP WEB CLT 6.2 WIN LIC S ESS;EXP WORKSPACE CORP WEB CLT 6.2 WIN LIC S ESS;EXP WORKSPACE CORP WEB CLT 6.2 WIN LIC S ESS;;;;79;;
1;3;2094;1;224,4504;182,48;REW WORKSPACE CORP WEB CLT 6.2 WIN STD LIC C ESS;20102185;;REW WORKSPACE CORP WEB CLT 6.2 WIN STD LIC C ESS;REW WORKSPACE CORP WEB CLT 6.2 WIN STD LIC C ESS;REW WORKSPACE CORP WEB CLT 6.2 WIN STD LIC C ESS;REW WORKSPACE CORP WEB CLT 6.2 WIN STD LIC C ESS;;;;79;;
1;3;2094;1;260,6493;211,91;REW WORKSPACE CORP WEB CLT 6.2 WIN STD LIC A BAS;20102195;;REW WORKSPACE CORP WEB CLT 6.2 WIN STD LIC A BAS;REW WORKSPACE CORP WEB CLT 6.2 WIN STD LIC A BAS;REW WORKSPACE CORP WEB CLT 6.2 WIN STD LIC A BAS;REW WORKSPACE CORP WEB CLT 6.2 WIN STD LIC A BAS;;;;79;;
1;3;2094;1;235,1514;191,18;REW WORKSPACE CORP WEB CLT 6.2 WIN STD LIC B BAS;20102196;;REW WORKSPACE CORP WEB CLT 6.2 WIN STD LIC B BAS;REW WORKSPACE CORP WEB CLT 6.2 WIN STD LIC B BAS;REW WORKSPACE CORP WEB CLT 6.2 WIN STD LIC B BAS;REW WORKSPACE CORP WEB CLT 6.2 WIN STD LIC B BAS;;;;79;;
1;3;2094;1;198,3252;161,24;REW WORKSPACE CORP WEB CLT 6.2 WIN STD LIC D BAS;20102197;;REW WORKSPACE CORP WEB CLT 6.2 WIN STD LIC D BAS;REW WORKSPACE CORP WEB CLT 6.2 WIN STD LIC D BAS;REW WORKSPACE CORP WEB CLT 6.2 WIN STD LIC D BAS;REW WORKSPACE CORP WEB CLT 6.2 WIN STD LIC D BAS;;;;79;;
1;3;2094;1;215,3238;175,06;REW WORKSPACE CORP WEB CLT 6.2 WIN STD LIC C BAS;20102207;;REW WORKSPACE CORP WEB CLT 6.2 WIN STD LIC C BAS;REW WORKSPACE CORP WEB CLT 6.2 WIN STD LIC C BAS;REW WORKSPACE CORP WEB CLT 6.2 WIN STD LIC C BAS;REW WORKSPACE CORP WEB CLT 6.2 WIN STD LIC C BAS;;;;79;;
1;3;2094;1;271,707;220,9;REW WORKSPACE CORP WEB CLT 6.2 WIN STD LIC A ESS;20102209;;REW WORKSPACE CORP WEB CLT 6.2 WIN STD LIC A ESS;REW WORKSPACE CORP WEB CLT 6.2 WIN STD LIC A ESS;REW WORKSPACE CORP WEB CLT 6.2 WIN STD LIC A ESS;REW WORKSPACE CORP WEB CLT 6.2 WIN STD LIC A ESS;;;;79;;
1;3;2094;1;245,1267;199,29;REW WORKSPACE CORP WEB CLT 6.2 WIN STD LIC B ESS;20102210;;REW WORKSPACE CORP WEB CLT 6.2 WIN STD LIC B ESS;REW WORKSPACE CORP WEB CLT 6.2 WIN STD LIC B ESS;REW WORKSPACE CORP WEB CLT 6.2 WIN STD LIC B ESS;REW WORKSPACE CORP WEB CLT 6.2 WIN STD LIC B ESS;;;;79;;
1;3;2094;1;197,8824;160,88;REW WORKSPACE CORP WEB CLT 6.2 WIN STD LIC E ESS;20102211;;REW WORKSPACE CORP WEB CLT 6.2 WIN STD LIC E ESS;REW WORKSPACE CORP WEB CLT 6.2 WIN STD LIC E ESS;REW WORKSPACE CORP WEB CLT 6.2 WIN STD LIC E ESS;REW WORKSPACE CORP WEB CLT 6.2 WIN STD LIC E ESS;;;;79;;
1;3;2094;1;93,6768;76,16;REW WORKSPACE CORP WEB CLT6.2 WIN SUB LIC C BAS;20102234;;REW WORKSPACE CORP WEB CLT6.2 WIN SUB LIC C BAS;REW WORKSPACE CORP WEB CLT6.2 WIN SUB LIC C BAS;REW WORKSPACE CORP WEB CLT6.2 WIN SUB LIC C BAS;REW WORKSPACE CORP WEB CLT6.2 WIN SUB LIC C BAS;;;;79;;
1;3;2094;1;86,2722;70,14;REW WORKSPACE CORP WEB CLT6.2 WIN SUB LIC D BAS;20102255;;REW WORKSPACE CORP WEB CLT6.2 WIN SUB LIC D BAS;REW WORKSPACE CORP WEB CLT6.2 WIN SUB LIC D BAS;REW WORKSPACE CORP WEB CLT6.2 WIN SUB LIC D BAS;REW WORKSPACE CORP WEB CLT6.2 WIN SUB LIC D BAS;;;;79;;
1;3;2094;1;94,6854;76,98;REW WORKSPACE CORP WEB CLT6.2 WIN SUB LIC D ESS;20102266;;REW WORKSPACE CORP WEB CLT6.2 WIN SUB LIC D ESS;REW WORKSPACE CORP WEB CLT6.2 WIN SUB LIC D ESS;REW WORKSPACE CORP WEB CLT6.2 WIN SUB LIC D ESS;REW WORKSPACE CORP WEB CLT6.2 WIN SUB LIC D ESS;;;;79;;
1;3;2094;1;123,246;100,2;EXP WORKSPACE CORP WEB CLT 6.2 WIN LIC S BAS;20102275;;EXP WORKSPACE CORP WEB CLT 6.2 WIN LIC S BAS;EXP WORKSPACE CORP WEB CLT 6.2 WIN LIC S BAS;EXP WORKSPACE CORP WEB CLT 6.2 WIN LIC S BAS;EXP WORKSPACE CORP WEB CLT 6.2 WIN LIC S BAS;;;;79;;
1;3;2094;1;31,4634;25,58;REW WORKSPACE REM 6.2 WIN PER N BDL ESS C;20102287;;REW WORKSPACE REM 6.2 WIN PER N BDL ESS C;REW WORKSPACE REM 6.2 WIN PER N BDL ESS C;REW WORKSPACE REM 6.2 WIN PER N BDL ESS C;REW WORKSPACE REM 6.2 WIN PER N BDL ESS C;;;;79;;
1;3;2094;1;27,7488;22,56;REW WORKSPACE REM 6.2 WIN PER N BDL ESS E;20102288;;REW WORKSPACE REM 6.2 WIN PER N BDL ESS E;REW WORKSPACE REM 6.2 WIN PER N BDL ESS E;REW WORKSPACE REM 6.2 WIN PER N BDL ESS E;REW WORKSPACE REM 6.2 WIN PER N BDL ESS E;;;;79;;
1;3;2094;1;29,8029;24,23;REW WORKSPACE REM 6.2 WIN PER N BDL BAS A;20102292;;REW WORKSPACE REM 6.2 WIN PER N BDL BAS A;REW WORKSPACE REM 6.2 WIN PER N BDL BAS A;REW WORKSPACE REM 6.2 WIN PER N BDL BAS A;REW WORKSPACE REM 6.2 WIN PER N BDL BAS A;;;;79;;
1;3;2094;1;101,4627;82,49;EXP WORKSPACE REM 6.2 WIN PER N SUB LIC S ESS;20102298;;EXP WORKSPACE REM 6.2 WIN PER N SUB LIC S ESS;EXP WORKSPACE REM 6.2 WIN PER N SUB LIC S ESS;EXP WORKSPACE REM 6.2 WIN PER N SUB LIC S ESS;EXP WORKSPACE REM 6.2 WIN PER N SUB LIC S ESS;;;;79;;
1;3;2094;1;92,4345;75,15;EXP WORKSPACE REM 6.2 WIN PER N SUB LIC S BAS;20102304;;EXP WORKSPACE REM 6.2 WIN PER N SUB LIC S BAS;EXP WORKSPACE REM 6.2 WIN PER N SUB LIC S BAS;EXP WORKSPACE REM 6.2 WIN PER N SUB LIC S BAS;EXP WORKSPACE REM 6.2 WIN PER N SUB LIC S BAS;;;;79;;
1;3;2094;1;32,4228;26,36;EXP WORKSPACE REM 6.2 WIN PER N RNWL BAS S;20102306;;EXP WORKSPACE REM 6.2 WIN PER N RNWL BAS S;EXP WORKSPACE REM 6.2 WIN PER N RNWL BAS S;EXP WORKSPACE REM 6.2 WIN PER N RNWL BAS S;EXP WORKSPACE REM 6.2 WIN PER N RNWL BAS S;;;;79;;
1;3;2094;1;34,3785;27,95;REW WORKSPACE REM 6.2 WIN PER N BDL ESS B;20102308;;REW WORKSPACE REM 6.2 WIN PER N BDL ESS B;REW WORKSPACE REM 6.2 WIN PER N BDL ESS B;REW WORKSPACE REM 6.2 WIN PER N BDL ESS B;REW WORKSPACE REM 6.2 WIN PER N BDL ESS B;;;;79;;
1;3;2094;1;24,6246;20,02;REW WORKSPACE REM 6.2 WIN PER N BDL BAS C;20102310;;REW WORKSPACE REM 6.2 WIN PER N BDL BAS C;REW WORKSPACE REM 6.2 WIN PER N BDL BAS C;REW WORKSPACE REM 6.2 WIN PER N BDL BAS C;REW WORKSPACE REM 6.2 WIN PER N BDL BAS C;;;;79;;
1;3;2094;1;19,3356;15,72;REW WORKSPACE REM 6.2 WIN PER U RNWL ESS D;20102321;;REW WORKSPACE REM 6.2 WIN PER U RNWL ESS D;REW WORKSPACE REM 6.2 WIN PER U RNWL ESS D;REW WORKSPACE REM 6.2 WIN PER U RNWL ESS D;REW WORKSPACE REM 6.2 WIN PER U RNWL ESS D;;;;79;;
1;3;2094;1;27,6012;22,44;EXP WORKSPACE REM 6.2 WIN PER U BDL ESS S;20102322;;EXP WORKSPACE REM 6.2 WIN PER U BDL ESS S;EXP WORKSPACE REM 6.2 WIN PER U BDL ESS S;EXP WORKSPACE REM 6.2 WIN PER U BDL ESS S;EXP WORKSPACE REM 6.2 WIN PER U BDL ESS S;;;;79;;
1;3;2094;1;16,4205;13,35;REW WORKSPACE REM 6.2 WIN PER U BDL BAS C;20102323;;REW WORKSPACE REM 6.2 WIN PER U BDL BAS C;REW WORKSPACE REM 6.2 WIN PER U BDL BAS C;REW WORKSPACE REM 6.2 WIN PER U BDL BAS C;REW WORKSPACE REM 6.2 WIN PER U BDL BAS C;;;;79;;
1;3;2094;1;15,1167;12,29;REW WORKSPACE REM 6.2 WIN PER U BDL BAS D;20102324;;REW WORKSPACE REM 6.2 WIN PER U BDL BAS D;REW WORKSPACE REM 6.2 WIN PER U BDL BAS D;REW WORKSPACE REM 6.2 WIN PER U BDL BAS D;REW WORKSPACE REM 6.2 WIN PER U BDL BAS D;;;;79;;
1;3;2094;1;21,5988;17,56;EXP WORKSPACE REM 6.2 WIN PER U BDL BAS S;20102326;;EXP WORKSPACE REM 6.2 WIN PER U BDL BAS S;EXP WORKSPACE REM 6.2 WIN PER U BDL BAS S;EXP WORKSPACE REM 6.2 WIN PER U BDL BAS S;EXP WORKSPACE REM 6.2 WIN PER U BDL BAS S;;;;79;;
1;3;2094;1;26,9001;21,87;REW WORKSPACE REM 6.2 WIN PER N RNWL BAS B;20102330;;REW WORKSPACE REM 6.2 WIN PER N RNWL BAS B;REW WORKSPACE REM 6.2 WIN PER N RNWL BAS B;REW WORKSPACE REM 6.2 WIN PER N RNWL BAS B;REW WORKSPACE REM 6.2 WIN PER N RNWL BAS B;;;;79;;
1;3;2094;1;19,8645;16,15;REW WORKSPACE REM 6.2 WIN PER U RNWL BAS A;20102336;;REW WORKSPACE REM 6.2 WIN PER U RNWL BAS A;REW WORKSPACE REM 6.2 WIN PER U RNWL BAS A;REW WORKSPACE REM 6.2 WIN PER U RNWL BAS A;REW WORKSPACE REM 6.2 WIN PER U RNWL BAS A;;;;79;;
1;3;2094;1;20,9715;17,05;REW WORKSPACE REM 6.2 WIN PER U RNWL ESS C;20102337;;REW WORKSPACE REM 6.2 WIN PER U RNWL ESS C;REW WORKSPACE REM 6.2 WIN PER U RNWL ESS C;REW WORKSPACE REM 6.2 WIN PER U RNWL ESS C;REW WORKSPACE REM 6.2 WIN PER U RNWL ESS C;;;;79;;
1;3;2094;1;18,4992;15,04;REW WORKSPACE REM 6.2 WIN PER U RNWL ESS E;20102338;;REW WORKSPACE REM 6.2 WIN PER U RNWL ESS E;REW WORKSPACE REM 6.2 WIN PER U RNWL ESS E;REW WORKSPACE REM 6.2 WIN PER U RNWL ESS E;REW WORKSPACE REM 6.2 WIN PER U RNWL ESS E;;;;79;;
1;3;2094;1;27,6012;22,44;EXP WORKSPACE REM 6.2 WIN PER U RNWL ESS S;20102339;;EXP WORKSPACE REM 6.2 WIN PER U RNWL ESS S;EXP WORKSPACE REM 6.2 WIN PER U RNWL ESS S;EXP WORKSPACE REM 6.2 WIN PER U RNWL ESS S;EXP WORKSPACE REM 6.2 WIN PER U RNWL ESS S;;;;79;;
1;3;2094;1;56,1249;45,63;REW WORKSPACE REM 6.2 WIN PER U SUB LIC B ESS;20102340;;REW WORKSPACE REM 6.2 WIN PER U SUB LIC B ESS;REW WORKSPACE REM 6.2 WIN PER U SUB LIC B ESS;REW WORKSPACE REM 6.2 WIN PER U SUB LIC B ESS;REW WORKSPACE REM 6.2 WIN PER U SUB LIC B ESS;;;;79;;
1;3;2094;1;147,6615;120,05;EXP WORKSPACE REM 6.2 WIN PER U BDL STD LIC S ESS;20102347;;EXP WORKSPACE REM 6.2 WIN PER U BDL STD LIC S ESS;EXP WORKSPACE REM 6.2 WIN PER U BDL STD LIC S ESS;EXP WORKSPACE REM 6.2 WIN PER U BDL STD LIC S ESS;EXP WORKSPACE REM 6.2 WIN PER U BDL STD LIC S ESS;;;;79;;
1;3;2094;1;161,499;131,3;REW WORKSPACE REM 6.2 WIN PER N BDL STD LIC C BAS;20102348;;REW WORKSPACE REM 6.2 WIN PER N BDL STD LIC C BAS;REW WORKSPACE REM 6.2 WIN PER N BDL STD LIC C BAS;REW WORKSPACE REM 6.2 WIN PER N BDL STD LIC C BAS;REW WORKSPACE REM 6.2 WIN PER N BDL STD LIC C BAS;;;;79;;
1;3;2094;1;148,7439;120,93;REW WORKSPACE REM 6.2 WIN PER N BDL STD LIC D BAS;20102359;;REW WORKSPACE REM 6.2 WIN PER N BDL STD LIC D BAS;REW WORKSPACE REM 6.2 WIN PER N BDL STD LIC D BAS;REW WORKSPACE REM 6.2 WIN PER N BDL STD LIC D BAS;REW WORKSPACE REM 6.2 WIN PER N BDL STD LIC D BAS;;;;79;;
1;3;2094;1;155,0538;126,06;REW WORKSPACE REM 6.2 WIN PER N BDL STD LIC D ESS;20102362;;REW WORKSPACE REM 6.2 WIN PER N BDL STD LIC D ESS;REW WORKSPACE REM 6.2 WIN PER N BDL STD LIC D ESS;REW WORKSPACE REM 6.2 WIN PER N BDL STD LIC D ESS;REW WORKSPACE REM 6.2 WIN PER N BDL STD LIC D ESS;;;;79;;
1;3;2094;1;130,3185;105,95;REW WORKSPACE REM 6.2 WIN PER U BDL STD LIC A BAS;20102365;;REW WORKSPACE REM 6.2 WIN PER U BDL STD LIC A BAS;REW WORKSPACE REM 6.2 WIN PER U BDL STD LIC A BAS;REW WORKSPACE REM 6.2 WIN PER U BDL STD LIC A BAS;REW WORKSPACE REM 6.2 WIN PER U BDL STD LIC A BAS;;;;79;;
1;3;2094;1;117,5757;95,59;REW WORKSPACE REM 6.2 WIN PER U BDL STD LIC B BAS;20102366;;REW WORKSPACE REM 6.2 WIN PER U BDL STD LIC B BAS;REW WORKSPACE REM 6.2 WIN PER U BDL STD LIC B BAS;REW WORKSPACE REM 6.2 WIN PER U BDL STD LIC B BAS;REW WORKSPACE REM 6.2 WIN PER U BDL STD LIC B BAS;;;;79;;
1;3;2094;1;107,6619;87,53;REW WORKSPACE REM 6.2 WIN PER U BDL STD LIC C BAS;20102367;;REW WORKSPACE REM 6.2 WIN PER U BDL STD LIC C BAS;REW WORKSPACE REM 6.2 WIN PER U BDL STD LIC C BAS;REW WORKSPACE REM 6.2 WIN PER U BDL STD LIC C BAS;REW WORKSPACE REM 6.2 WIN PER U BDL STD LIC C BAS;;;;79;;
1;3;2094;1;17,9211;14,57;REW WORKSPACE REM 6.2 WIN PER U RNWL BAS B;20102393;;REW WORKSPACE REM 6.2 WIN PER U RNWL BAS B;REW WORKSPACE REM 6.2 WIN PER U RNWL BAS B;REW WORKSPACE REM 6.2 WIN PER U RNWL BAS B;REW WORKSPACE REM 6.2 WIN PER U RNWL BAS B;;;;79;;
1;3;2094;1;21,5988;17,56;EXP WORKSPACE REM 6.2 WIN PER U RNWL BAS S;20102398;;EXP WORKSPACE REM 6.2 WIN PER U RNWL BAS S;EXP WORKSPACE REM 6.2 WIN PER U RNWL BAS S;EXP WORKSPACE REM 6.2 WIN PER U RNWL BAS S;EXP WORKSPACE REM 6.2 WIN PER U RNWL BAS S;;;;79;;
1;3;2094;1;25,3995;20,65;REW WORKSPACE REM 6.2 WIN PER U RNWL ESS A;20102399;;REW WORKSPACE REM 6.2 WIN PER U RNWL ESS A;REW WORKSPACE REM 6.2 WIN PER U RNWL ESS A;REW WORKSPACE REM 6.2 WIN PER U RNWL ESS A;REW WORKSPACE REM 6.2 WIN PER U RNWL ESS A;;;;79;;
1;3;2094;1;22,9272;18,64;REW WORKSPACE REM 6.2 WIN PER U BDL ESS B;20102401;;REW WORKSPACE REM 6.2 WIN PER U BDL ESS B;REW WORKSPACE REM 6.2 WIN PER U BDL ESS B;REW WORKSPACE REM 6.2 WIN PER U BDL ESS B;REW WORKSPACE REM 6.2 WIN PER U BDL ESS B;;;;79;;
1;3;2094;1;19,8645;16,15;REW WORKSPACE REM 6.2 WIN PER U BDL BAS A;20102406;;REW WORKSPACE REM 6.2 WIN PER U BDL BAS A;REW WORKSPACE REM 6.2 WIN PER U BDL BAS A;REW WORKSPACE REM 6.2 WIN PER U BDL BAS A;REW WORKSPACE REM 6.2 WIN PER U BDL BAS A;;;;79;;
1;3;2094;1;47,3427;38,49;REW WORKSPACE REM 6.2 WIN PER U SUB LIC D ESS;20102407;;REW WORKSPACE REM 6.2 WIN PER U SUB LIC D ESS;REW WORKSPACE REM 6.2 WIN PER U SUB LIC D ESS;REW WORKSPACE REM 6.2 WIN PER U SUB LIC D ESS;REW WORKSPACE REM 6.2 WIN PER U SUB LIC D ESS;;;;79;;
1;3;2094;1;41,2911;33,57;REW WORKSPACE REM 6.2 WIN PER U SUB LIC E BAS;20102412;;REW WORKSPACE REM 6.2 WIN PER U SUB LIC E BAS;REW WORKSPACE REM 6.2 WIN PER U SUB LIC E BAS;REW WORKSPACE REM 6.2 WIN PER U SUB LIC E BAS;REW WORKSPACE REM 6.2 WIN PER U SUB LIC E BAS;;;;79;;
1;3;2094;1;29,8029;24,23;REW WORKSPACE REM 6.2 WIN PER N RNWL BAS A;20102416;;REW WORKSPACE REM 6.2 WIN PER N RNWL BAS A;REW WORKSPACE REM 6.2 WIN PER N RNWL BAS A;REW WORKSPACE REM 6.2 WIN PER N RNWL BAS A;REW WORKSPACE REM 6.2 WIN PER N RNWL BAS A;;;;79;;
1;3;2094;1;45,3009;36,83;REW WORKSPACE REM 6.2 WIN PER U SUB LIC E ESS;20102420;;REW WORKSPACE REM 6.2 WIN PER U SUB LIC E ESS;REW WORKSPACE REM 6.2 WIN PER U SUB LIC E ESS;REW WORKSPACE REM 6.2 WIN PER U SUB LIC E ESS;REW WORKSPACE REM 6.2 WIN PER U SUB LIC E ESS;;;;79;;
1;3;2094;1;51,1557;41,59;REW WORKSPACE REM 6.2 WIN PER U SUB LIC B BAS;20102427;;REW WORKSPACE REM 6.2 WIN PER U SUB LIC B BAS;REW WORKSPACE REM 6.2 WIN PER U SUB LIC B BAS;REW WORKSPACE REM 6.2 WIN PER U SUB LIC B BAS;REW WORKSPACE REM 6.2 WIN PER U SUB LIC B BAS;;;;79;;
1;3;2094;1;28,9911;23,57;REW WORKSPACE REM 6.2 WIN PER N RNWL ESS D;20102435;;REW WORKSPACE REM 6.2 WIN PER N RNWL ESS D;REW WORKSPACE REM 6.2 WIN PER N RNWL ESS D;REW WORKSPACE REM 6.2 WIN PER N RNWL ESS D;REW WORKSPACE REM 6.2 WIN PER N RNWL ESS D;;;;79;;
1;3;2094;1;41,4141;33,67;EXP WORKSPACE REM 6.2 WIN PER N BDL ESS S;20102439;;EXP WORKSPACE REM 6.2 WIN PER N BDL ESS S;EXP WORKSPACE REM 6.2 WIN PER N BDL ESS S;EXP WORKSPACE REM 6.2 WIN PER N BDL ESS S;EXP WORKSPACE REM 6.2 WIN PER N BDL ESS S;;;;79;;
1;3;2094;1;21,7095;17,65;REW WORKSPACE REM 6.2 WIN PER N BDL BAS E;20102440;;REW WORKSPACE REM 6.2 WIN PER N BDL BAS E;REW WORKSPACE REM 6.2 WIN PER N BDL BAS E;REW WORKSPACE REM 6.2 WIN PER N BDL BAS E;REW WORKSPACE REM 6.2 WIN PER N BDL BAS E;;;;79;;
1;3;2094;1;24,6246;20,02;REW WORKSPACE REM 6.2 WIN PER N RNWL BAS C;20102441;;REW WORKSPACE REM 6.2 WIN PER N RNWL BAS C;REW WORKSPACE REM 6.2 WIN PER N RNWL BAS C;REW WORKSPACE REM 6.2 WIN PER N RNWL BAS C;REW WORKSPACE REM 6.2 WIN PER N RNWL BAS C;;;;79;;
1;3;2094;1;22,6812;18,44;REW WORKSPACE REM 6.2 WIN PER N BDL BAS D;20102444;;REW WORKSPACE REM 6.2 WIN PER N BDL BAS D;REW WORKSPACE REM 6.2 WIN PER N BDL BAS D;REW WORKSPACE REM 6.2 WIN PER N BDL BAS D;REW WORKSPACE REM 6.2 WIN PER N BDL BAS D;;;;79;;
1;3;2094;1;84,2058;68,46;REW WORKSPACE REM 6.2 WIN PER N SUB LIC B ESS;20102446;;REW WORKSPACE REM 6.2 WIN PER N SUB LIC B ESS;REW WORKSPACE REM 6.2 WIN PER N SUB LIC B ESS;REW WORKSPACE REM 6.2 WIN PER N SUB LIC B ESS;REW WORKSPACE REM 6.2 WIN PER N SUB LIC B ESS;;;;79;;
1;3;2094;1;71,0079;57,73;REW WORKSPACE REM 6.2 WIN PER N SUB LIC D ESS;20102453;;REW WORKSPACE REM 6.2 WIN PER N SUB LIC D ESS;REW WORKSPACE REM 6.2 WIN PER N SUB LIC D ESS;REW WORKSPACE REM 6.2 WIN PER N SUB LIC D ESS;REW WORKSPACE REM 6.2 WIN PER N SUB LIC D ESS;;;;79;;
1;3;2094;1;22,9272;18,64;REW WORKSPACE REM 6.2 WIN PER U RNWL ESS B;20102466;;REW WORKSPACE REM 6.2 WIN PER U RNWL ESS B;REW WORKSPACE REM 6.2 WIN PER U RNWL ESS B;REW WORKSPACE REM 6.2 WIN PER U RNWL ESS B;REW WORKSPACE REM 6.2 WIN PER U RNWL ESS B;;;;79;;
1;3;2094;1;20,9715;17,05;REW WORKSPACE REM 6.2 WIN PER U BDL ESS C;20102467;;REW WORKSPACE REM 6.2 WIN PER U BDL ESS C;REW WORKSPACE REM 6.2 WIN PER U BDL ESS C;REW WORKSPACE REM 6.2 WIN PER U BDL ESS C;REW WORKSPACE REM 6.2 WIN PER U BDL ESS C;;;;79;;
1;3;2094;1;41,4141;33,67;EXP WORKSPACE REM 6.2 WIN PER N RNWL ESS S;20102472;;EXP WORKSPACE REM 6.2 WIN PER N RNWL ESS S;EXP WORKSPACE REM 6.2 WIN PER N RNWL ESS S;EXP WORKSPACE REM 6.2 WIN PER N RNWL ESS S;EXP WORKSPACE REM 6.2 WIN PER N RNWL ESS S;;;;79;;
1;3;2094;1;64,7103;52,61;REW WORKSPACE REM 6.2 WIN PER N SUB LIC D BAS;20102476;;REW WORKSPACE REM 6.2 WIN PER N SUB LIC D BAS;REW WORKSPACE REM 6.2 WIN PER N SUB LIC D BAS;REW WORKSPACE REM 6.2 WIN PER N SUB LIC D BAS;REW WORKSPACE REM 6.2 WIN PER N SUB LIC D BAS;;;;79;;
1;3;2094;1;62,2257;50,59;REW WORKSPACE REM 6.2 WIN PER U SUB LIC A ESS;20102482;;REW WORKSPACE REM 6.2 WIN PER U SUB LIC A ESS;REW WORKSPACE REM 6.2 WIN PER U SUB LIC A ESS;REW WORKSPACE REM 6.2 WIN PER U SUB LIC A ESS;REW WORKSPACE REM 6.2 WIN PER U SUB LIC A ESS;;;;79;;
1;3;2094;1;51,3894;41,78;REW WORKSPACE REM 6.2 WIN PER U SUB LIC C ESS;20102485;;REW WORKSPACE REM 6.2 WIN PER U SUB LIC C ESS;REW WORKSPACE REM 6.2 WIN PER U SUB LIC C ESS;REW WORKSPACE REM 6.2 WIN PER U SUB LIC C ESS;REW WORKSPACE REM 6.2 WIN PER U SUB LIC C ESS;;;;79;;
1;3;2094;1;67,6254;54,98;EXP WORKSPACE REM 6.2 WIN PER U SUB LIC S ESS;20102488;;EXP WORKSPACE REM 6.2 WIN PER U SUB LIC S ESS;EXP WORKSPACE REM 6.2 WIN PER U SUB LIC S ESS;EXP WORKSPACE REM 6.2 WIN PER U SUB LIC S ESS;EXP WORKSPACE REM 6.2 WIN PER U SUB LIC S ESS;;;;79;;
1;3;2094;1;21,7095;17,65;REW WORKSPACE REM 6.2 WIN PER N RNWL BAS E;20102507;;REW WORKSPACE REM 6.2 WIN PER N RNWL BAS E;REW WORKSPACE REM 6.2 WIN PER N RNWL BAS E;REW WORKSPACE REM 6.2 WIN PER N RNWL BAS E;REW WORKSPACE REM 6.2 WIN PER N RNWL BAS E;;;;79;;
1;3;2094;1;27,7488;22,56;REW WORKSPACE REM 6.2 WIN PER N RNWL ESS E;20102509;;REW WORKSPACE REM 6.2 WIN PER N RNWL ESS E;REW WORKSPACE REM 6.2 WIN PER N RNWL ESS E;REW WORKSPACE REM 6.2 WIN PER N RNWL ESS E;REW WORKSPACE REM 6.2 WIN PER N RNWL ESS E;;;;79;;
1;3;2094;1;28,9911;23,57;REW WORKSPACE REM 6.2 WIN PER N BDL ESS D;20102512;;REW WORKSPACE REM 6.2 WIN PER N BDL ESS D;REW WORKSPACE REM 6.2 WIN PER N BDL ESS D;REW WORKSPACE REM 6.2 WIN PER N BDL ESS D;REW WORKSPACE REM 6.2 WIN PER N BDL ESS D;;;;79;;
1;3;2094;1;26,9001;21,87;REW WORKSPACE REM 6.2 WIN PER N BDL BAS B;20102515;;REW WORKSPACE REM 6.2 WIN PER N BDL BAS B;REW WORKSPACE REM 6.2 WIN PER N BDL BAS B;REW WORKSPACE REM 6.2 WIN PER N BDL BAS B;REW WORKSPACE REM 6.2 WIN PER N BDL BAS B;;;;79;;
1;3;2094;1;93,3201;75,87;REW WORKSPACE REM 6.2 WIN PER N SUB LIC A ESS;20102516;;REW WORKSPACE REM 6.2 WIN PER N SUB LIC A ESS;REW WORKSPACE REM 6.2 WIN PER N SUB LIC A ESS;REW WORKSPACE REM 6.2 WIN PER N SUB LIC A ESS;REW WORKSPACE REM 6.2 WIN PER N SUB LIC A ESS;;;;79;;
1;3;2094;1;77,0964;62,68;REW WORKSPACE REM 6.2 WIN PER N SUB LIC C ESS;20102530;;REW WORKSPACE REM 6.2 WIN PER N SUB LIC C ESS;REW WORKSPACE REM 6.2 WIN PER N SUB LIC C ESS;REW WORKSPACE REM 6.2 WIN PER N SUB LIC C ESS;REW WORKSPACE REM 6.2 WIN PER N SUB LIC C ESS;;;;79;;
1;3;2094;1;56,703;46,1;REW WORKSPACE REM 6.2 WIN PER U SUB LIC A BAS;20102548;;REW WORKSPACE REM 6.2 WIN PER U SUB LIC A BAS;REW WORKSPACE REM 6.2 WIN PER U SUB LIC A BAS;REW WORKSPACE REM 6.2 WIN PER U SUB LIC A BAS;REW WORKSPACE REM 6.2 WIN PER U SUB LIC A BAS;;;;79;;
1;3;2094;1;14,4648;11,76;REW WORKSPACE REM 6.2 WIN PER U RNWL BAS E;20102551;;REW WORKSPACE REM 6.2 WIN PER U RNWL BAS E;REW WORKSPACE REM 6.2 WIN PER U RNWL BAS E;REW WORKSPACE REM 6.2 WIN PER U RNWL BAS E;REW WORKSPACE REM 6.2 WIN PER U RNWL BAS E;;;;79;;
1;3;2094;1;25,3995;20,65;REW WORKSPACE REM 6.2 WIN PER U BDL ESS A;20102553;;REW WORKSPACE REM 6.2 WIN PER U BDL ESS A;REW WORKSPACE REM 6.2 WIN PER U BDL ESS A;REW WORKSPACE REM 6.2 WIN PER U BDL ESS A;REW WORKSPACE REM 6.2 WIN PER U BDL ESS A;;;;79;;
1;3;2094;1;76,7274;62,38;REW WORKSPACE REM 6.2 WIN PER N SUB LIC B BAS;20102577;;REW WORKSPACE REM 6.2 WIN PER N SUB LIC B BAS;REW WORKSPACE REM 6.2 WIN PER N SUB LIC B BAS;REW WORKSPACE REM 6.2 WIN PER N SUB LIC B BAS;REW WORKSPACE REM 6.2 WIN PER N SUB LIC B BAS;;;;79;;
1;3;2094;1;15,1167;12,29;REW WORKSPACE REM 6.2 WIN PER U RNWL BAS D;20102579;;REW WORKSPACE REM 6.2 WIN PER U RNWL BAS D;REW WORKSPACE REM 6.2 WIN PER U RNWL BAS D;REW WORKSPACE REM 6.2 WIN PER U RNWL BAS D;REW WORKSPACE REM 6.2 WIN PER U RNWL BAS D;;;;79;;
1;3;2094;1;18,4992;15,04;REW WORKSPACE REM 6.2 WIN PER U BDL ESS E;20102584;;REW WORKSPACE REM 6.2 WIN PER U BDL ESS E;REW WORKSPACE REM 6.2 WIN PER U BDL ESS E;REW WORKSPACE REM 6.2 WIN PER U BDL ESS E;REW WORKSPACE REM 6.2 WIN PER U BDL ESS E;;;;79;;
1;3;2094;1;16,4205;13,35;REW WORKSPACE REM 6.2 WIN PER U RNWL BAS C;20102597;;REW WORKSPACE REM 6.2 WIN PER U RNWL BAS C;REW WORKSPACE REM 6.2 WIN PER U RNWL BAS C;REW WORKSPACE REM 6.2 WIN PER U RNWL BAS C;REW WORKSPACE REM 6.2 WIN PER U RNWL BAS C;;;;79;;
1;3;2094;1;19,3356;15,72;REW WORKSPACE REM 6.2 WIN PER U BDL ESS D;20102601;;REW WORKSPACE REM 6.2 WIN PER U BDL ESS D;REW WORKSPACE REM 6.2 WIN PER U BDL ESS D;REW WORKSPACE REM 6.2 WIN PER U BDL ESS D;REW WORKSPACE REM 6.2 WIN PER U BDL ESS D;;;;79;;
1;3;2094;1;22,6812;18,44;REW WORKSPACE REM 6.2 WIN PER N RNWL BAS D;20102605;;REW WORKSPACE REM 6.2 WIN PER N RNWL BAS D;REW WORKSPACE REM 6.2 WIN PER N RNWL BAS D;REW WORKSPACE REM 6.2 WIN PER N RNWL BAS D;REW WORKSPACE REM 6.2 WIN PER N RNWL BAS D;;;;79;;
1;3;2094;1;38,1054;30,98;REW WORKSPACE REM 6.2 WIN PER N RNWL ESS A;20102607;;REW WORKSPACE REM 6.2 WIN PER N RNWL ESS A;REW WORKSPACE REM 6.2 WIN PER N RNWL ESS A;REW WORKSPACE REM 6.2 WIN PER N RNWL ESS A;REW WORKSPACE REM 6.2 WIN PER N RNWL ESS A;;;;79;;
1;3;2094;1;17,9211;14,57;REW WORKSPACE REM 6.2 WIN PER U BDL BAS B;20102609;;REW WORKSPACE REM 6.2 WIN PER U BDL BAS B;REW WORKSPACE REM 6.2 WIN PER U BDL BAS B;REW WORKSPACE REM 6.2 WIN PER U BDL BAS B;REW WORKSPACE REM 6.2 WIN PER U BDL BAS B;;;;79;;
1;3;2094;1;14,4648;11,76;REW WORKSPACE REM 6.2 WIN PER U BDL BAS E;20102610;;REW WORKSPACE REM 6.2 WIN PER U BDL BAS E;REW WORKSPACE REM 6.2 WIN PER U BDL BAS E;REW WORKSPACE REM 6.2 WIN PER U BDL BAS E;REW WORKSPACE REM 6.2 WIN PER U BDL BAS E;;;;79;;
1;3;2094;1;176,382;143,4;REW WORKSPACE REM 6.2 WIN PER N BDL STD LIC B BAS;20102612;;REW WORKSPACE REM 6.2 WIN PER N BDL STD LIC B BAS;REW WORKSPACE REM 6.2 WIN PER N BDL STD LIC B BAS;REW WORKSPACE REM 6.2 WIN PER N BDL STD LIC B BAS;REW WORKSPACE REM 6.2 WIN PER N BDL STD LIC B BAS;;;;79;;
1;3;2094;1;168,3501;136,87;REW WORKSPACE REM 6.2 WIN PER N BDL STD LIC C ESS;20102614;;REW WORKSPACE REM 6.2 WIN PER N BDL STD LIC C ESS;REW WORKSPACE REM 6.2 WIN PER N BDL STD LIC C ESS;REW WORKSPACE REM 6.2 WIN PER N BDL STD LIC C ESS;REW WORKSPACE REM 6.2 WIN PER N BDL STD LIC C ESS;;;;79;;
1;3;2094;1;148,3995;120,65;REW WORKSPACE REM 6.2 WIN PER N BDL STD LIC E ESS;20102615;;REW WORKSPACE REM 6.2 WIN PER N BDL STD LIC E ESS;REW WORKSPACE REM 6.2 WIN PER N BDL STD LIC E ESS;REW WORKSPACE REM 6.2 WIN PER N BDL STD LIC E ESS;REW WORKSPACE REM 6.2 WIN PER N BDL STD LIC E ESS;;;;79;;
1;3;2094;1;43,1484;35,08;REW WORKSPACE REM 6.2 WIN PER U SUB LIC D BAS;20102623;;REW WORKSPACE REM 6.2 WIN PER U SUB LIC D BAS;REW WORKSPACE REM 6.2 WIN PER U SUB LIC D BAS;REW WORKSPACE REM 6.2 WIN PER U SUB LIC D BAS;REW WORKSPACE REM 6.2 WIN PER U SUB LIC D BAS;;;;79;;
1;3;2094;1;31,4634;25,58;REW WORKSPACE REM 6.2 WIN PER N RNWL ESS C;20102626;;REW WORKSPACE REM 6.2 WIN PER N RNWL ESS C;REW WORKSPACE REM 6.2 WIN PER N RNWL ESS C;REW WORKSPACE REM 6.2 WIN PER N RNWL ESS C;REW WORKSPACE REM 6.2 WIN PER N RNWL ESS C;;;;79;;
1;3;2094;1;38,1054;30,98;REW WORKSPACE REM 6.2 WIN PER N BDL ESS A;20102628;;REW WORKSPACE REM 6.2 WIN PER N BDL ESS A;REW WORKSPACE REM 6.2 WIN PER N BDL ESS A;REW WORKSPACE REM 6.2 WIN PER N BDL ESS A;REW WORKSPACE REM 6.2 WIN PER N BDL ESS A;;;;79;;
1;3;2094;1;34,3785;27,95;REW WORKSPACE REM 6.2 WIN PER N RNWL ESS B;20102630;;REW WORKSPACE REM 6.2 WIN PER N RNWL ESS B;REW WORKSPACE REM 6.2 WIN PER N RNWL ESS B;REW WORKSPACE REM 6.2 WIN PER N RNWL ESS B;REW WORKSPACE REM 6.2 WIN PER N RNWL ESS B;;;;79;;
1;3;2094;1;32,4228;26,36;EXP WORKSPACE REM 6.2 WIN PER N BDL BAS S;20102631;;EXP WORKSPACE REM 6.2 WIN PER N BDL BAS S;EXP WORKSPACE REM 6.2 WIN PER N BDL BAS S;EXP WORKSPACE REM 6.2 WIN PER N BDL BAS S;EXP WORKSPACE REM 6.2 WIN PER N BDL BAS S;;;;79;;
1;3;2094;1;122,5572;99,64;REW WORKSPACE REM 6.2 WIN PER U BDL STD LIC B ESS;20102645;;REW WORKSPACE REM 6.2 WIN PER U BDL STD LIC B ESS;REW WORKSPACE REM 6.2 WIN PER U BDL STD LIC B ESS;REW WORKSPACE REM 6.2 WIN PER U BDL STD LIC B ESS;REW WORKSPACE REM 6.2 WIN PER U BDL STD LIC B ESS;;;;79;;
1;3;2094;1;195,4962;158,94;REW WORKSPACE REM 6.2 WIN PER N BDL STD LIC A BAS;20102646;;REW WORKSPACE REM 6.2 WIN PER N BDL STD LIC A BAS;REW WORKSPACE REM 6.2 WIN PER N BDL STD LIC A BAS;REW WORKSPACE REM 6.2 WIN PER N BDL STD LIC A BAS;REW WORKSPACE REM 6.2 WIN PER N BDL STD LIC A BAS;;;;79;;
1;3;2094;1;183,8358;149,46;REW WORKSPACE REM 6.2 WIN PER N BDL STD LIC B ESS;20102647;;REW WORKSPACE REM 6.2 WIN PER N BDL STD LIC B ESS;REW WORKSPACE REM 6.2 WIN PER N BDL STD LIC B ESS;REW WORKSPACE REM 6.2 WIN PER N BDL STD LIC B ESS;REW WORKSPACE REM 6.2 WIN PER N BDL STD LIC B ESS;;;;79;;
1;3;2094;1;67,9698;55,26;REW WORKSPACE REM 6.2 WIN PER N SUB LIC E ESS;20102650;;REW WORKSPACE REM 6.2 WIN PER N SUB LIC E ESS;REW WORKSPACE REM 6.2 WIN PER N SUB LIC E ESS;REW WORKSPACE REM 6.2 WIN PER N SUB LIC E ESS;REW WORKSPACE REM 6.2 WIN PER N SUB LIC E ESS;;;;79;;
1;3;2094;1;221,5107;180,09;EXP WORKSPACE REM 6.2 WIN PER N BDL STD LIC S ESS;20102663;;EXP WORKSPACE REM 6.2 WIN PER N BDL STD LIC S ESS;EXP WORKSPACE REM 6.2 WIN PER N BDL STD LIC S ESS;EXP WORKSPACE REM 6.2 WIN PER N BDL STD LIC S ESS;EXP WORKSPACE REM 6.2 WIN PER N BDL STD LIC S ESS;;;;79;;
1;3;2094;1;135,8412;110,44;REW WORKSPACE REM 6.2 WIN PER U BDL STD LIC A ESS;20102666;;REW WORKSPACE REM 6.2 WIN PER U BDL STD LIC A ESS;REW WORKSPACE REM 6.2 WIN PER U BDL STD LIC A ESS;REW WORKSPACE REM 6.2 WIN PER U BDL STD LIC A ESS;REW WORKSPACE REM 6.2 WIN PER U BDL STD LIC A ESS;;;;79;;
1;3;2094;1;99,1626;80,62;REW WORKSPACE REM 6.2 WIN PER U BDL STD LIC D BAS;20102668;;REW WORKSPACE REM 6.2 WIN PER U BDL STD LIC D BAS;REW WORKSPACE REM 6.2 WIN PER U BDL STD LIC D BAS;REW WORKSPACE REM 6.2 WIN PER U BDL STD LIC D BAS;REW WORKSPACE REM 6.2 WIN PER U BDL STD LIC D BAS;;;;79;;
1;3;2094;1;112,2252;91,24;REW WORKSPACE REM 6.2 WIN PER U BDL STD LIC C ESS;20102673;;REW WORKSPACE REM 6.2 WIN PER U BDL STD LIC C ESS;REW WORKSPACE REM 6.2 WIN PER U BDL STD LIC C ESS;REW WORKSPACE REM 6.2 WIN PER U BDL STD LIC C ESS;REW WORKSPACE REM 6.2 WIN PER U BDL STD LIC C ESS;;;;79;;
1;3;2094;1;46,8507;38,09;REW WORKSPACE REM 6.2 WIN PER U SUB LIC C BAS;20102675;;REW WORKSPACE REM 6.2 WIN PER U SUB LIC C BAS;REW WORKSPACE REM 6.2 WIN PER U SUB LIC C BAS;REW WORKSPACE REM 6.2 WIN PER U SUB LIC C BAS;REW WORKSPACE REM 6.2 WIN PER U SUB LIC C BAS;;;;79;;
1;3;2094;1;61,6353;50,11;EXP WORKSPACE REM 6.2 WIN PER U SUB LIC S BAS;20102681;;EXP WORKSPACE REM 6.2 WIN PER U SUB LIC S BAS;EXP WORKSPACE REM 6.2 WIN PER U SUB LIC S BAS;EXP WORKSPACE REM 6.2 WIN PER U SUB LIC S BAS;EXP WORKSPACE REM 6.2 WIN PER U SUB LIC S BAS;;;;79;;
1;3;2094;1;85,0422;69,14;REW WORKSPACE REM 6.2 WIN PER N SUB LIC A BAS;20102690;;REW WORKSPACE REM 6.2 WIN PER N SUB LIC A BAS;REW WORKSPACE REM 6.2 WIN PER N SUB LIC A BAS;REW WORKSPACE REM 6.2 WIN PER N SUB LIC A BAS;REW WORKSPACE REM 6.2 WIN PER N SUB LIC A BAS;;;;79;;
1;3;2094;1;70,2576;57,12;REW WORKSPACE REM 6.2 WIN PER N SUB LIC C BAS;20102698;;REW WORKSPACE REM 6.2 WIN PER N SUB LIC C BAS;REW WORKSPACE REM 6.2 WIN PER N SUB LIC C BAS;REW WORKSPACE REM 6.2 WIN PER N SUB LIC C BAS;REW WORKSPACE REM 6.2 WIN PER N SUB LIC C BAS;;;;79;;
1;3;2094;1;94,9191;77,17;REW WORKSPACE REM 6.2 WIN PER U BDL STD LIC E BAS;20102715;;REW WORKSPACE REM 6.2 WIN PER U BDL STD LIC E BAS;REW WORKSPACE REM 6.2 WIN PER U BDL STD LIC E BAS;REW WORKSPACE REM 6.2 WIN PER U BDL STD LIC E BAS;REW WORKSPACE REM 6.2 WIN PER U BDL STD LIC E BAS;;;;79;;
1;3;2094;1;141,6591;115,17;EXP WORKSPACE REM 6.2 WIN PER U BDL STD LIC S BAS;20102717;;EXP WORKSPACE REM 6.2 WIN PER U BDL STD LIC S BAS;EXP WORKSPACE REM 6.2 WIN PER U BDL STD LIC S BAS;EXP WORKSPACE REM 6.2 WIN PER U BDL STD LIC S BAS;EXP WORKSPACE REM 6.2 WIN PER U BDL STD LIC S BAS;;;;79;;
1;3;2094;1;103,3692;84,04;REW WORKSPACE REM 6.2 WIN PER U BDL STD LIC D ESS;20102718;;REW WORKSPACE REM 6.2 WIN PER U BDL STD LIC D ESS;REW WORKSPACE REM 6.2 WIN PER U BDL STD LIC D ESS;REW WORKSPACE REM 6.2 WIN PER U BDL STD LIC D ESS;REW WORKSPACE REM 6.2 WIN PER U BDL STD LIC D ESS;;;;79;;
1;3;2094;1;142,3725;115,75;REW WORKSPACE REM 6.2 WIN PER N BDL STD LIC E BAS;20102731;;REW WORKSPACE REM 6.2 WIN PER N BDL STD LIC E BAS;REW WORKSPACE REM 6.2 WIN PER N BDL STD LIC E BAS;REW WORKSPACE REM 6.2 WIN PER N BDL STD LIC E BAS;REW WORKSPACE REM 6.2 WIN PER N BDL STD LIC E BAS;;;;79;;
1;3;2094;1;212,4825;172,75;EXP WORKSPACE REM 6.2 WIN PER N BDL STD LIC S BAS;20102734;;EXP WORKSPACE REM 6.2 WIN PER N BDL STD LIC S BAS;EXP WORKSPACE REM 6.2 WIN PER N BDL STD LIC S BAS;EXP WORKSPACE REM 6.2 WIN PER N BDL STD LIC S BAS;EXP WORKSPACE REM 6.2 WIN PER N BDL STD LIC S BAS;;;;79;;
1;3;2094;1;203,7741;165,67;REW WORKSPACE REM 6.2 WIN PER N BDL STD LIC A ESS;20102735;;REW WORKSPACE REM 6.2 WIN PER N BDL STD LIC A ESS;REW WORKSPACE REM 6.2 WIN PER N BDL STD LIC A ESS;REW WORKSPACE REM 6.2 WIN PER N BDL STD LIC A ESS;REW WORKSPACE REM 6.2 WIN PER N BDL STD LIC A ESS;;;;79;;
1;3;2094;1;61,9428;50,36;REW WORKSPACE REM 6.2 WIN PER N SUB LIC E BAS;20102747;;REW WORKSPACE REM 6.2 WIN PER N SUB LIC E BAS;REW WORKSPACE REM 6.2 WIN PER N SUB LIC E BAS;REW WORKSPACE REM 6.2 WIN PER N SUB LIC E BAS;REW WORKSPACE REM 6.2 WIN PER N SUB LIC E BAS;;;;79;;
1;3;2094;1;98,9289;80,43;REW WORKSPACE REM 6.2 WIN PER U BDL STD LIC E ESS;20102757;;REW WORKSPACE REM 6.2 WIN PER U BDL STD LIC E ESS;REW WORKSPACE REM 6.2 WIN PER U BDL STD LIC E ESS;REW WORKSPACE REM 6.2 WIN PER U BDL STD LIC E ESS;REW WORKSPACE REM 6.2 WIN PER U BDL STD LIC E ESS;;;;79;;
1;3;2094;1;373,4034;303,58;AE BE 2010 DEDUPLICATION ARCHIVING STE WIN BAS S;20102838;;AE BE 2010 DEDUPLICATION ARCHIVING STE WIN BAS S;AE BE 2010 DEDUPLICATION ARCHIVING STE WIN BAS S;AE BE 2010 DEDUPLICATION ARCHIVING STE WIN BAS S;AE BE 2010 DEDUPLICATION ARCHIVING STE WIN BAS S;;;;79;;
1;3;2094;1;551,7042;448,54;REW BE 2010 DEDUPLICATION ARCHIVING STE WIN ESS A;20102839;;REW BE 2010 DEDUPLICATION ARCHIVING STE WIN ESS A;REW BE 2010 DEDUPLICATION ARCHIVING STE WIN ESS A;REW BE 2010 DEDUPLICATION ARCHIVING STE WIN ESS A;REW BE 2010 DEDUPLICATION ARCHIVING STE WIN ESS A;;;;79;;
1;3;2094;1;529,3182;430,34;REW BE 2010 DEDUPLICATION ARCHIVING STE WIN ESS B;20102840;;REW BE 2010 DEDUPLICATION ARCHIVING STE WIN ESS B;REW BE 2010 DEDUPLICATION ARCHIVING STE WIN ESS B;REW BE 2010 DEDUPLICATION ARCHIVING STE WIN ESS B;REW BE 2010 DEDUPLICATION ARCHIVING STE WIN ESS B;;;;79;;
1;3;2094;1;394,6455;320,85;EXP BE 2010 DEDUPLICATION STE WIN SVR ESS S;20102846;;EXP BE 2010 DEDUPLICATION STE WIN SVR ESS S;EXP BE 2010 DEDUPLICATION STE WIN SVR ESS S;EXP BE 2010 DEDUPLICATION STE WIN SVR ESS S;EXP BE 2010 DEDUPLICATION STE WIN SVR ESS S;;;;79;;
1;3;2094;1;332,3337;270,19;GOV BE 2010 DEDUPLICATION STE WIN SVR ESS S;20102847;;GOV BE 2010 DEDUPLICATION STE WIN SVR ESS S;GOV BE 2010 DEDUPLICATION STE WIN SVR ESS S;GOV BE 2010 DEDUPLICATION STE WIN SVR ESS S;GOV BE 2010 DEDUPLICATION STE WIN SVR ESS S;;;;79;;
1;3;2094;1;443,4396;360,52;EXP BE 2010 DEDUPLICATION ARCHIVING STE WIN BAS S;20102850;;EXP BE 2010 DEDUPLICATION ARCHIVING STE WIN BAS S;EXP BE 2010 DEDUPLICATION ARCHIVING STE WIN BAS S;EXP BE 2010 DEDUPLICATION ARCHIVING STE WIN BAS S;EXP BE 2010 DEDUPLICATION ARCHIVING STE WIN BAS S;;;;79;;
1;3;2094;1;506,9568;412,16;REW BE 2010 DEDUPLICATION ARCHIVING STE WIN ESS C;20102851;;REW BE 2010 DEDUPLICATION ARCHIVING STE WIN ESS C;REW BE 2010 DEDUPLICATION ARCHIVING STE WIN ESS C;REW BE 2010 DEDUPLICATION ARCHIVING STE WIN ESS C;REW BE 2010 DEDUPLICATION ARCHIVING STE WIN ESS C;;;;79;;
1;3;2094;1;384,252;312,4;REW BE 2010 DEDUPLICATION STE WIN PER SVR ESS A;20102854;;REW BE 2010 DEDUPLICATION STE WIN PER SVR ESS A;REW BE 2010 DEDUPLICATION STE WIN PER SVR ESS A;REW BE 2010 DEDUPLICATION STE WIN PER SVR ESS A;REW BE 2010 DEDUPLICATION STE WIN PER SVR ESS A;;;;79;;
1;3;2094;1;373,4034;303,58;GOV BE 2010 DEDUPLICATION ARCHIV STE WIN SVR BAS S;20102856;;GOV BE 2010 DEDUPLICATION ARCHIV STE WIN SVR BAS S;GOV BE 2010 DEDUPLICATION ARCHIV STE WIN SVR BAS S;GOV BE 2010 DEDUPLICATION ARCHIV STE WIN SVR BAS S;GOV BE 2010 DEDUPLICATION ARCHIV STE WIN SVR BAS S;;;;79;;
1;3;2094;1;431,7546;351,02;REW BE 2010 DEDUPLICATION ARCHIVING STE WIN BAS A;20102857;;REW BE 2010 DEDUPLICATION ARCHIVING STE WIN BAS A;REW BE 2010 DEDUPLICATION ARCHIVING STE WIN BAS A;REW BE 2010 DEDUPLICATION ARCHIVING STE WIN BAS A;REW BE 2010 DEDUPLICATION ARCHIVING STE WIN BAS A;;;;79;;
1;3;2094;1;477,1293;387,91;REW BE 2010 DEDUPLICATION ARCHIVING STE WIN ESS D;20102858;;REW BE 2010 DEDUPLICATION ARCHIVING STE WIN ESS D;REW BE 2010 DEDUPLICATION ARCHIVING STE WIN ESS D;REW BE 2010 DEDUPLICATION ARCHIVING STE WIN ESS D;REW BE 2010 DEDUPLICATION ARCHIVING STE WIN ESS D;;;;79;;
1;3;2094;1;477,1293;387,91;REW BE 2010 DEDUPLICATION ARCHIVING STE WIN ESS E;20102859;;REW BE 2010 DEDUPLICATION ARCHIVING STE WIN ESS E;REW BE 2010 DEDUPLICATION ARCHIVING STE WIN ESS E;REW BE 2010 DEDUPLICATION ARCHIVING STE WIN ESS E;REW BE 2010 DEDUPLICATION ARCHIVING STE WIN ESS E;;;;79;;
1;3;2094;1;308,853;251,1;EXP BE 2010 DEDUPLICATION STE WIN SVR BAS S;20102866;;EXP BE 2010 DEDUPLICATION STE WIN SVR BAS S;EXP BE 2010 DEDUPLICATION STE WIN SVR BAS S;EXP BE 2010 DEDUPLICATION STE WIN SVR BAS S;EXP BE 2010 DEDUPLICATION STE WIN SVR BAS S;;;;79;;
1;3;2094;1;260,0712;211,44;GOV BE 2010 DEDUPLICATION STE WIN SVR BAS S;20102867;;GOV BE 2010 DEDUPLICATION STE WIN SVR BAS S;GOV BE 2010 DEDUPLICATION STE WIN SVR BAS S;GOV BE 2010 DEDUPLICATION STE WIN SVR BAS S;GOV BE 2010 DEDUPLICATION STE WIN SVR BAS S;;;;79;;
1;3;2094;1;300,735;244,5;REW BE 2010 DEDUPLICATION STE WIN PER SVR BAS A;20102868;;REW BE 2010 DEDUPLICATION STE WIN PER SVR BAS A;REW BE 2010 DEDUPLICATION STE WIN PER SVR BAS A;REW BE 2010 DEDUPLICATION STE WIN PER SVR BAS A;REW BE 2010 DEDUPLICATION STE WIN PER SVR BAS A;;;;79;;
1;3;2094;1;332,3337;270,19;REW BE 2010 DEDUPLICATION STE WIN PER SVR ESS E;20102869;;REW BE 2010 DEDUPLICATION STE WIN PER SVR ESS E;REW BE 2010 DEDUPLICATION STE WIN PER SVR ESS E;REW BE 2010 DEDUPLICATION STE WIN PER SVR ESS E;REW BE 2010 DEDUPLICATION STE WIN PER SVR ESS E;;;;79;;
1;3;2094;1;373,4034;303,58;REW BE 2010 DEDUPLICATION ARCHIVING STE WIN BAS E;20102874;;REW BE 2010 DEDUPLICATION ARCHIVING STE WIN BAS E;REW BE 2010 DEDUPLICATION ARCHIVING STE WIN BAS E;REW BE 2010 DEDUPLICATION ARCHIVING STE WIN BAS E;REW BE 2010 DEDUPLICATION ARCHIVING STE WIN BAS E;;;;79;;
1;3;2094;1;288,5334;234,58;REW BE 2010 DEDUPLICATION STE WIN PER SVR BAS B;20102879;;REW BE 2010 DEDUPLICATION STE WIN PER SVR BAS B;REW BE 2010 DEDUPLICATION STE WIN PER SVR BAS B;REW BE 2010 DEDUPLICATION STE WIN PER SVR BAS B;REW BE 2010 DEDUPLICATION STE WIN PER SVR BAS B;;;;79;;
1;3;2094;1;477,1293;387,91;AE BE 2010 DEDUPLICATION ARCHIVING STE WIN ESS S;20102883;;AE BE 2010 DEDUPLICATION ARCHIVING STE WIN ESS S;AE BE 2010 DEDUPLICATION ARCHIVING STE WIN ESS S;AE BE 2010 DEDUPLICATION ARCHIVING STE WIN ESS S;AE BE 2010 DEDUPLICATION ARCHIVING STE WIN ESS S;;;;79;;
1;3;2094;1;276,3564;224,68;REW BE 2010 DEDUPLICATION STE WIN PER SVR BAS C;20102885;;REW BE 2010 DEDUPLICATION STE WIN PER SVR BAS C;REW BE 2010 DEDUPLICATION STE WIN PER SVR BAS C;REW BE 2010 DEDUPLICATION STE WIN PER SVR BAS C;REW BE 2010 DEDUPLICATION STE WIN PER SVR BAS C;;;;79;;
1;3;2094;1;260,0712;211,44;REW BE 2010 DEDUPLICATION STE WIN PER SVR BAS D;20102889;;REW BE 2010 DEDUPLICATION STE WIN PER SVR BAS D;REW BE 2010 DEDUPLICATION STE WIN PER SVR BAS D;REW BE 2010 DEDUPLICATION STE WIN PER SVR BAS D;REW BE 2010 DEDUPLICATION STE WIN PER SVR BAS D;;;;79;;
1;3;2094;1;260,0712;211,44;REW BE 2010 DEDUPLICATION STE WIN PER SVR BAS E;20102890;;REW BE 2010 DEDUPLICATION STE WIN PER SVR BAS E;REW BE 2010 DEDUPLICATION STE WIN PER SVR BAS E;REW BE 2010 DEDUPLICATION STE WIN PER SVR BAS E;REW BE 2010 DEDUPLICATION STE WIN PER SVR BAS E;;;;79;;
1;3;2094;1;566,6118;460,66;EXP BE 2010 DEDUPLICATION ARCHIVING STE WIN ESS S;20102892;;EXP BE 2010 DEDUPLICATION ARCHIVING STE WIN ESS S;EXP BE 2010 DEDUPLICATION ARCHIVING STE WIN ESS S;EXP BE 2010 DEDUPLICATION ARCHIVING STE WIN ESS S;EXP BE 2010 DEDUPLICATION ARCHIVING STE WIN ESS S;;;;79;;
1;3;2094;1;477,1293;387,91;GOV BE 2010 DEDUPLICATION ARCHIV STE WIN SVR ESS S;20102893;;GOV BE 2010 DEDUPLICATION ARCHIV STE WIN SVR ESS S;GOV BE 2010 DEDUPLICATION ARCHIV STE WIN SVR ESS S;GOV BE 2010 DEDUPLICATION ARCHIV STE WIN SVR ESS S;GOV BE 2010 DEDUPLICATION ARCHIV STE WIN SVR ESS S;;;;79;;
1;3;2094;1;332,3337;270,19;AE BE 2010 DEDUPLICATION STE WIN SVR ESS S;20102900;;AE BE 2010 DEDUPLICATION STE WIN SVR ESS S;AE BE 2010 DEDUPLICATION STE WIN SVR ESS S;AE BE 2010 DEDUPLICATION STE WIN SVR ESS S;AE BE 2010 DEDUPLICATION STE WIN SVR ESS S;;;;79;;
1;3;2094;1;368,6925;299,75;REW BE 2010 DEDUPLICATION STE WIN PER SVR ESS B;20102902;;REW BE 2010 DEDUPLICATION STE WIN PER SVR ESS B;REW BE 2010 DEDUPLICATION STE WIN PER SVR ESS B;REW BE 2010 DEDUPLICATION STE WIN PER SVR ESS B;REW BE 2010 DEDUPLICATION STE WIN PER SVR ESS B;;;;79;;
1;3;2094;1;353,1084;287,08;REW BE 2010 DEDUPLICATION STE WIN PER SVR ESS C;20102903;;REW BE 2010 DEDUPLICATION STE WIN PER SVR ESS C;REW BE 2010 DEDUPLICATION STE WIN PER SVR ESS C;REW BE 2010 DEDUPLICATION STE WIN PER SVR ESS C;REW BE 2010 DEDUPLICATION STE WIN PER SVR ESS C;;;;79;;
1;3;2094;1;414,264;336,8;REW BE 2010 DEDUPLICATION ARCHIVING STE WIN BAS B;20102905;;REW BE 2010 DEDUPLICATION ARCHIVING STE WIN BAS B;REW BE 2010 DEDUPLICATION ARCHIVING STE WIN BAS B;REW BE 2010 DEDUPLICATION ARCHIVING STE WIN BAS B;REW BE 2010 DEDUPLICATION ARCHIVING STE WIN BAS B;;;;79;;
1;3;2094;1;260,0712;211,44;AE BE 2010 DEDUPLICATION STE WIN SVR BAS S;20102909;;AE BE 2010 DEDUPLICATION STE WIN SVR BAS S;AE BE 2010 DEDUPLICATION STE WIN SVR BAS S;AE BE 2010 DEDUPLICATION STE WIN SVR BAS S;AE BE 2010 DEDUPLICATION STE WIN SVR BAS S;;;;79;;
1;3;2094;1;332,3337;270,19;REW BE 2010 DEDUPLICATION STE WIN PER SVR ESS D;20102910;;REW BE 2010 DEDUPLICATION STE WIN PER SVR ESS D;REW BE 2010 DEDUPLICATION STE WIN PER SVR ESS D;REW BE 2010 DEDUPLICATION STE WIN PER SVR ESS D;REW BE 2010 DEDUPLICATION STE WIN PER SVR ESS D;;;;79;;
1;3;2094;1;396,7611;322,57;REW BE 2010 DEDUPLICATION ARCHIVING STE WIN BAS C;20102913;;REW BE 2010 DEDUPLICATION ARCHIVING STE WIN BAS C;REW BE 2010 DEDUPLICATION ARCHIVING STE WIN BAS C;REW BE 2010 DEDUPLICATION ARCHIVING STE WIN BAS C;REW BE 2010 DEDUPLICATION ARCHIVING STE WIN BAS C;;;;79;;
1;3;2094;1;373,4034;303,58;REW BE 2010 DEDUPLICATION ARCHIVING STE WIN BAS D;20102915;;REW BE 2010 DEDUPLICATION ARCHIVING STE WIN BAS D;REW BE 2010 DEDUPLICATION ARCHIVING STE WIN BAS D;REW BE 2010 DEDUPLICATION ARCHIVING STE WIN BAS D;REW BE 2010 DEDUPLICATION ARCHIVING STE WIN BAS D;;;;79;;
1;3;2094;1;#ARG!;E-mail;CMDCENTRAL 5.2 XPLAT PER BDL STD LIC XSP ESS 36M;20102924;;CMDCENTRAL 5.2 XPLAT PER BDL STD LIC XSP ESS 36M;CMDCENTRAL 5.2 XPLAT PER BDL STD LIC XSP ESS 36M;CMDCENTRAL 5.2 XPLAT PER BDL STD LIC XSP ESS 36M;CMDCENTRAL 5.2 XPLAT PER BDL STD LIC XSP ESS 36M;;;;79;;
1;3;2094;1;#ARG!;E-mail;CMDCENTRAL STOR CHANG MGR 5.2PT/SWCH LIC XSP ESS36M;20102927;;CMDCENTRAL STOR CHANG MGR 5.2PT/SWCH LIC XSP ESS36M;CMDCENTRAL STOR CHANG MGR 5.2PT/SWCH LIC XSP ESS36M;CMDCENTRAL STOR CHANG MGR 5.2PT/SWCH LIC XSP ESS36M;CMDCENTRAL STOR CHANG MGR 5.2PT/SWCH LIC XSP ESS36M;;;;79;;
1;3;2094;1;#ARG!;E-mail;CMDCENTRAL STOR 5.2 XPLAT PT/SWCH LIC XSP ESS 36M;20102931;;CMDCENTRAL STOR 5.2 XPLAT PT/SWCH LIC XSP ESS 36M;CMDCENTRAL STOR 5.2 XPLAT PT/SWCH LIC XSP ESS 36M;CMDCENTRAL STOR 5.2 XPLAT PT/SWCH LIC XSP ESS 36M;CMDCENTRAL STOR 5.2 XPLAT PT/SWCH LIC XSP ESS 36M;;;;79;;
1;3;2094;1;45,8052;37,24;COMMANDCENTRAL ENT REPORTER 5.2 XPLAT DVD MEDIA;20103350;;COMMANDCENTRAL ENT REPORTER 5.2 XPLAT DVD MEDIA;COMMANDCENTRAL ENT REPORTER 5.2 XPLAT DVD MEDIA;COMMANDCENTRAL ENT REPORTER 5.2 XPLAT DVD MEDIA;COMMANDCENTRAL ENT REPORTER 5.2 XPLAT DVD MEDIA;;;;79;;
1;3;2094;1;45,8052;37,24;MEDIA COMMANDCENTRAL V5.2 XPLAT DVD;20103353;;MEDIA COMMANDCENTRAL V5.2 XPLAT DVD;MEDIA COMMANDCENTRAL V5.2 XPLAT DVD;MEDIA COMMANDCENTRAL V5.2 XPLAT DVD;MEDIA COMMANDCENTRAL V5.2 XPLAT DVD;;;;79;;
1;3;2094;1;14,9568;12,16;REW DEPLOYMENT SOL SVR 7.1 XPLAT PER N BDL BAS D;20103655;;REW DEPLOYMENT SOL SVR 7.1 XPLAT PER N BDL BAS D;REW DEPLOYMENT SOL SVR 7.1 XPLAT PER N BDL BAS D;REW DEPLOYMENT SOL SVR 7.1 XPLAT PER N BDL BAS D;REW DEPLOYMENT SOL SVR 7.1 XPLAT PER N BDL BAS D;;;;79;;
1;3;2094;1;20,7501;16,87;REW DEPLOYMENT SOL SVR 7.1 XPLAT PER N BDL ESS C;20103658;;REW DEPLOYMENT SOL SVR 7.1 XPLAT PER N BDL ESS C;REW DEPLOYMENT SOL SVR 7.1 XPLAT PER N BDL ESS C;REW DEPLOYMENT SOL SVR 7.1 XPLAT PER N BDL ESS C;REW DEPLOYMENT SOL SVR 7.1 XPLAT PER N BDL ESS C;;;;79;;
1;3;2094;1;19,1019;15,53;REW DEPLOYMENT SOL SVR 7.1 XPLAT PER N BDL ESS D;20103659;;REW DEPLOYMENT SOL SVR 7.1 XPLAT PER N BDL ESS D;REW DEPLOYMENT SOL SVR 7.1 XPLAT PER N BDL ESS D;REW DEPLOYMENT SOL SVR 7.1 XPLAT PER N BDL ESS D;REW DEPLOYMENT SOL SVR 7.1 XPLAT PER N BDL ESS D;;;;79;;
1;3;2094;1;18,2901;14,87;REW DEPLOYMENT SOL SVR 7.1 XPLAT PER N BDL ESS E;20103660;;REW DEPLOYMENT SOL SVR 7.1 XPLAT PER N BDL ESS E;REW DEPLOYMENT SOL SVR 7.1 XPLAT PER N BDL ESS E;REW DEPLOYMENT SOL SVR 7.1 XPLAT PER N BDL ESS E;REW DEPLOYMENT SOL SVR 7.1 XPLAT PER N BDL ESS E;;;;79;;
1;3;2094;1;17,7366;14,42;REW DEPLOYMENT SOL SVR 7.1 XPLAT P N RNWL BAS B;20103663;;REW DEPLOYMENT SOL SVR 7.1 XPLAT P N RNWL BAS B;REW DEPLOYMENT SOL SVR 7.1 XPLAT P N RNWL BAS B;REW DEPLOYMENT SOL SVR 7.1 XPLAT P N RNWL BAS B;REW DEPLOYMENT SOL SVR 7.1 XPLAT P N RNWL BAS B;;;;79;;
1;3;2094;1;19,1019;15,53;REW DEPLOYMENT SOL SVR 7.1 XPLAT P N RNWL ESS D;20103668;;REW DEPLOYMENT SOL SVR 7.1 XPLAT P N RNWL ESS D;REW DEPLOYMENT SOL SVR 7.1 XPLAT P N RNWL ESS D;REW DEPLOYMENT SOL SVR 7.1 XPLAT P N RNWL ESS D;REW DEPLOYMENT SOL SVR 7.1 XPLAT P N RNWL ESS D;;;;79;;
1;3;2094;1;14,3049;11,63;REW DEPLOYMENT SOL SVR 7.1 XPLAT PER N BDL BAS E;20103670;;REW DEPLOYMENT SOL SVR 7.1 XPLAT PER N BDL BAS E;REW DEPLOYMENT SOL SVR 7.1 XPLAT PER N BDL BAS E;REW DEPLOYMENT SOL SVR 7.1 XPLAT PER N BDL BAS E;REW DEPLOYMENT SOL SVR 7.1 XPLAT PER N BDL BAS E;;;;79;;
1;3;2094;1;25,1289;20,43;REW DEPLOYMENT SOL SVR 7.1 XPLAT PER N BDL ESS A;20103671;;REW DEPLOYMENT SOL SVR 7.1 XPLAT PER N BDL ESS A;REW DEPLOYMENT SOL SVR 7.1 XPLAT PER N BDL ESS A;REW DEPLOYMENT SOL SVR 7.1 XPLAT PER N BDL ESS A;REW DEPLOYMENT SOL SVR 7.1 XPLAT PER N BDL ESS A;;;;79;;
1;3;2094;1;50,5776;41,12;REW DEPLOYMENT SOL SVR 7.1 XPLAT N SUB LIC B BAS;20103674;;REW DEPLOYMENT SOL SVR 7.1 XPLAT N SUB LIC B BAS;REW DEPLOYMENT SOL SVR 7.1 XPLAT N SUB LIC B BAS;REW DEPLOYMENT SOL SVR 7.1 XPLAT N SUB LIC B BAS;REW DEPLOYMENT SOL SVR 7.1 XPLAT N SUB LIC B BAS;;;;79;;
1;3;2094;1;151,7328;123,36;REW DEPLOYMENT SOL SVR7.1 XPLAT N SUB LIC B BAS 36M;20103675;;REW DEPLOYMENT SOL SVR7.1 XPLAT N SUB LIC B BAS 36M;REW DEPLOYMENT SOL SVR7.1 XPLAT N SUB LIC B BAS 36M;REW DEPLOYMENT SOL SVR7.1 XPLAT N SUB LIC B BAS 36M;REW DEPLOYMENT SOL SVR7.1 XPLAT N SUB LIC B BAS 36M;;;;79;;
1;3;2094;1;21,3651;17,37;EXP DEPLOYMENT SOL SVR 7.1 XPLAT P N RNWL BAS S;20103676;;EXP DEPLOYMENT SOL SVR 7.1 XPLAT P N RNWL BAS S;EXP DEPLOYMENT SOL SVR 7.1 XPLAT P N RNWL BAS S;EXP DEPLOYMENT SOL SVR 7.1 XPLAT P N RNWL BAS S;EXP DEPLOYMENT SOL SVR 7.1 XPLAT P N RNWL BAS S;;;;79;;
1;3;2094;1;55,4976;45,12;REW DEPLOYMENT SOL SVR 7.1 XPLAT N SUB LIC B ESS;20103678;;REW DEPLOYMENT SOL SVR 7.1 XPLAT N SUB LIC B ESS;REW DEPLOYMENT SOL SVR 7.1 XPLAT N SUB LIC B ESS;REW DEPLOYMENT SOL SVR 7.1 XPLAT N SUB LIC B ESS;REW DEPLOYMENT SOL SVR 7.1 XPLAT N SUB LIC B ESS;;;;79;;
1;3;2094;1;166,5297;135,39;REW DEPLOYMENT SOL SVR7.1 XPLAT N SUB LIC B ESS 36M;20103679;;REW DEPLOYMENT SOL SVR7.1 XPLAT N SUB LIC B ESS 36M;REW DEPLOYMENT SOL SVR7.1 XPLAT N SUB LIC B ESS 36M;REW DEPLOYMENT SOL SVR7.1 XPLAT N SUB LIC B ESS 36M;REW DEPLOYMENT SOL SVR7.1 XPLAT N SUB LIC B ESS 36M;;;;79;;
1;3;2094;1;111,0321;90,27;REW DEPLOYMENT SOL SVR7.1 XPLAT N SUB LIC B ESS 24M;20103680;;REW DEPLOYMENT SOL SVR7.1 XPLAT N SUB LIC B ESS 24M;REW DEPLOYMENT SOL SVR7.1 XPLAT N SUB LIC B ESS 24M;REW DEPLOYMENT SOL SVR7.1 XPLAT N SUB LIC B ESS 24M;REW DEPLOYMENT SOL SVR7.1 XPLAT N SUB LIC B ESS 24M;;;;79;;
1;3;2094;1;50,8236;41,32;REW DEPLOYMENT SOL SVR 7.1 XPLAT N SUB LIC C ESS;20103681;;REW DEPLOYMENT SOL SVR 7.1 XPLAT N SUB LIC C ESS;REW DEPLOYMENT SOL SVR 7.1 XPLAT N SUB LIC C ESS;REW DEPLOYMENT SOL SVR 7.1 XPLAT N SUB LIC C ESS;REW DEPLOYMENT SOL SVR 7.1 XPLAT N SUB LIC C ESS;;;;79;;
1;3;2094;1;152,4708;123,96;REW DEPLOYMENT SOL SVR7.1 XPLAT N SUB LIC C ESS 36M;20103682;;REW DEPLOYMENT SOL SVR7.1 XPLAT N SUB LIC C ESS 36M;REW DEPLOYMENT SOL SVR7.1 XPLAT N SUB LIC C ESS 36M;REW DEPLOYMENT SOL SVR7.1 XPLAT N SUB LIC C ESS 36M;REW DEPLOYMENT SOL SVR7.1 XPLAT N SUB LIC C ESS 36M;;;;79;;
1;3;2094;1;101,6472;82,64;REW DEPLOYMENT SOL SVR7.1 XPLAT N SUB LIC C ESS 24M;20103683;;REW DEPLOYMENT SOL SVR7.1 XPLAT N SUB LIC C ESS 24M;REW DEPLOYMENT SOL SVR7.1 XPLAT N SUB LIC C ESS 24M;REW DEPLOYMENT SOL SVR7.1 XPLAT N SUB LIC C ESS 24M;REW DEPLOYMENT SOL SVR7.1 XPLAT N SUB LIC C ESS 24M;;;;79;;
1;3;2094;1;16,236;13,2;REW DEPLOYMENT SOL SVR 7.1 XPLAT PER N BDL BAS C;20103687;;REW DEPLOYMENT SOL SVR 7.1 XPLAT PER N BDL BAS C;REW DEPLOYMENT SOL SVR 7.1 XPLAT PER N BDL BAS C;REW DEPLOYMENT SOL SVR 7.1 XPLAT PER N BDL BAS C;REW DEPLOYMENT SOL SVR 7.1 XPLAT PER N BDL BAS C;;;;79;;
1;3;2094;1;101,1552;82,24;REW DEPLOYMENT SOL SVR7.1 XPLAT N SUB LIC B BAS 24M;20103689;;REW DEPLOYMENT SOL SVR7.1 XPLAT N SUB LIC B BAS 24M;REW DEPLOYMENT SOL SVR7.1 XPLAT N SUB LIC B BAS 24M;REW DEPLOYMENT SOL SVR7.1 XPLAT N SUB LIC B BAS 24M;REW DEPLOYMENT SOL SVR7.1 XPLAT N SUB LIC B BAS 24M;;;;79;;
1;3;2094;1;46,3218;37,66;REW DEPLOYMENT SOL SVR 7.1 XPLAT N SUB LIC C BAS;20103690;;REW DEPLOYMENT SOL SVR 7.1 XPLAT N SUB LIC C BAS;REW DEPLOYMENT SOL SVR 7.1 XPLAT N SUB LIC C BAS;REW DEPLOYMENT SOL SVR 7.1 XPLAT N SUB LIC C BAS;REW DEPLOYMENT SOL SVR 7.1 XPLAT N SUB LIC C BAS;;;;79;;
1;3;2094;1;46,8261;38,07;REW DEPLOYMENT SOL SVR 7.1 XPLAT N SUB LIC D ESS;20103691;;REW DEPLOYMENT SOL SVR 7.1 XPLAT N SUB LIC D ESS;REW DEPLOYMENT SOL SVR 7.1 XPLAT N SUB LIC D ESS;REW DEPLOYMENT SOL SVR 7.1 XPLAT N SUB LIC D ESS;REW DEPLOYMENT SOL SVR 7.1 XPLAT N SUB LIC D ESS;;;;79;;
1;3;2094;1;140,4414;114,18;REW DEPLOYMENT SOL SVR7.1 XPLAT N SUB LIC D ESS 36M;20103692;;REW DEPLOYMENT SOL SVR7.1 XPLAT N SUB LIC D ESS 36M;REW DEPLOYMENT SOL SVR7.1 XPLAT N SUB LIC D ESS 36M;REW DEPLOYMENT SOL SVR7.1 XPLAT N SUB LIC D ESS 36M;REW DEPLOYMENT SOL SVR7.1 XPLAT N SUB LIC D ESS 36M;;;;79;;
1;3;2094;1;93,6153;76,11;REW DEPLOYMENT SOL SVR7.1 XPLAT N SUB LIC D ESS 24M;20103693;;REW DEPLOYMENT SOL SVR7.1 XPLAT N SUB LIC D ESS 24M;REW DEPLOYMENT SOL SVR7.1 XPLAT N SUB LIC D ESS 24M;REW DEPLOYMENT SOL SVR7.1 XPLAT N SUB LIC D ESS 24M;REW DEPLOYMENT SOL SVR7.1 XPLAT N SUB LIC D ESS 24M;;;;79;;
1;3;2094;1;44,8089;36,43;REW DEPLOYMENT SOL SVR 7.1 XPLAT N SUB LIC E ESS;20103694;;REW DEPLOYMENT SOL SVR 7.1 XPLAT N SUB LIC E ESS;REW DEPLOYMENT SOL SVR 7.1 XPLAT N SUB LIC E ESS;REW DEPLOYMENT SOL SVR 7.1 XPLAT N SUB LIC E ESS;REW DEPLOYMENT SOL SVR 7.1 XPLAT N SUB LIC E ESS;;;;79;;
1;3;2094;1;134,4267;109,29;REW DEPLOYMENT SOL SVR7.1 XPLAT N SUB LIC E ESS 36M;20103695;;REW DEPLOYMENT SOL SVR7.1 XPLAT N SUB LIC E ESS 36M;REW DEPLOYMENT SOL SVR7.1 XPLAT N SUB LIC E ESS 36M;REW DEPLOYMENT SOL SVR7.1 XPLAT N SUB LIC E ESS 36M;REW DEPLOYMENT SOL SVR7.1 XPLAT N SUB LIC E ESS 36M;;;;79;;
1;3;2094;1;89,6178;72,86;REW DEPLOYMENT SOL SVR7.1 XPLAT N SUB LIC E ESS 24M;20103696;;REW DEPLOYMENT SOL SVR7.1 XPLAT N SUB LIC E ESS 24M;REW DEPLOYMENT SOL SVR7.1 XPLAT N SUB LIC E ESS 24M;REW DEPLOYMENT SOL SVR7.1 XPLAT N SUB LIC E ESS 24M;REW DEPLOYMENT SOL SVR7.1 XPLAT N SUB LIC E ESS 24M;;;;79;;
1;3;2094;1;19,6431;15,97;REW DEPLOYMENT SOL SVR 7.1 XPLAT PER N BDL BAS A;20103698;;REW DEPLOYMENT SOL SVR 7.1 XPLAT PER N BDL BAS A;REW DEPLOYMENT SOL SVR 7.1 XPLAT PER N BDL BAS A;REW DEPLOYMENT SOL SVR 7.1 XPLAT PER N BDL BAS A;REW DEPLOYMENT SOL SVR 7.1 XPLAT PER N BDL BAS A;;;;79;;
1;3;2094;1;22,6443;18,41;REW DEPLOYMENT SOL SVR 7.1 XPLAT PER N BDL ESS B;20103700;;REW DEPLOYMENT SOL SVR 7.1 XPLAT PER N BDL ESS B;REW DEPLOYMENT SOL SVR 7.1 XPLAT PER N BDL ESS B;REW DEPLOYMENT SOL SVR 7.1 XPLAT PER N BDL ESS B;REW DEPLOYMENT SOL SVR 7.1 XPLAT PER N BDL ESS B;;;;79;;
1;3;2094;1;60,9342;49,54;EXP DEPLOYMENT SOL SVR 7.1 XPLAT N SUB LIC S BAS;20103701;;EXP DEPLOYMENT SOL SVR 7.1 XPLAT N SUB LIC S BAS;EXP DEPLOYMENT SOL SVR 7.1 XPLAT N SUB LIC S BAS;EXP DEPLOYMENT SOL SVR 7.1 XPLAT N SUB LIC S BAS;EXP DEPLOYMENT SOL SVR 7.1 XPLAT N SUB LIC S BAS;;;;79;;
1;3;2094;1;182,8026;148,62;EXP DEPLOYMENT SOL SVR7.1 XPLAT N SUB LIC S BAS 36M;20103702;;EXP DEPLOYMENT SOL SVR7.1 XPLAT N SUB LIC S BAS 36M;EXP DEPLOYMENT SOL SVR7.1 XPLAT N SUB LIC S BAS 36M;EXP DEPLOYMENT SOL SVR7.1 XPLAT N SUB LIC S BAS 36M;EXP DEPLOYMENT SOL SVR7.1 XPLAT N SUB LIC S BAS 36M;;;;79;;
1;3;2094;1;121,8684;99,08;EXP DEPLOYMENT SOL SVR7.1 XPLAT N SUB LIC S BAS 24M;20103703;;EXP DEPLOYMENT SOL SVR7.1 XPLAT N SUB LIC S BAS 24M;EXP DEPLOYMENT SOL SVR7.1 XPLAT N SUB LIC S BAS 24M;EXP DEPLOYMENT SOL SVR7.1 XPLAT N SUB LIC S BAS 24M;EXP DEPLOYMENT SOL SVR7.1 XPLAT N SUB LIC S BAS 24M;;;;79;;
1;3;2094;1;16,236;13,2;REW DEPLOYMENT SOL SVR 7.1 XPLAT P N RNWL BAS C;20103704;;REW DEPLOYMENT SOL SVR 7.1 XPLAT P N RNWL BAS C;REW DEPLOYMENT SOL SVR 7.1 XPLAT P N RNWL BAS C;REW DEPLOYMENT SOL SVR 7.1 XPLAT P N RNWL BAS C;REW DEPLOYMENT SOL SVR 7.1 XPLAT P N RNWL BAS C;;;;79;;
1;3;2094;1;14,3049;11,63;REW DEPLOYMENT SOL SVR 7.1 XPLAT P N RNWL BAS E;20103705;;REW DEPLOYMENT SOL SVR 7.1 XPLAT P N RNWL BAS E;REW DEPLOYMENT SOL SVR 7.1 XPLAT P N RNWL BAS E;REW DEPLOYMENT SOL SVR 7.1 XPLAT P N RNWL BAS E;REW DEPLOYMENT SOL SVR 7.1 XPLAT P N RNWL BAS E;;;;79;;
1;3;2094;1;20,7501;16,87;REW DEPLOYMENT SOL SVR 7.1 XPLAT P N RNWL ESS C;20103706;;REW DEPLOYMENT SOL SVR 7.1 XPLAT P N RNWL ESS C;REW DEPLOYMENT SOL SVR 7.1 XPLAT P N RNWL ESS C;REW DEPLOYMENT SOL SVR 7.1 XPLAT P N RNWL ESS C;REW DEPLOYMENT SOL SVR 7.1 XPLAT P N RNWL ESS C;;;;79;;
1;3;2094;1;66,8751;54,37;EXP DEPLOYMENT SOL SVR 7.1 XPLAT N SUB LIC S ESS;20103707;;EXP DEPLOYMENT SOL SVR 7.1 XPLAT N SUB LIC S ESS;EXP DEPLOYMENT SOL SVR 7.1 XPLAT N SUB LIC S ESS;EXP DEPLOYMENT SOL SVR 7.1 XPLAT N SUB LIC S ESS;EXP DEPLOYMENT SOL SVR 7.1 XPLAT N SUB LIC S ESS;;;;79;;
1;3;2094;1;21,3651;17,37;EXP DEPLOYMENT SOL SVR 7.1 XPLAT PER N BDL BAS S;20103709;;EXP DEPLOYMENT SOL SVR 7.1 XPLAT PER N BDL BAS S;EXP DEPLOYMENT SOL SVR 7.1 XPLAT PER N BDL BAS S;EXP DEPLOYMENT SOL SVR 7.1 XPLAT PER N BDL BAS S;EXP DEPLOYMENT SOL SVR 7.1 XPLAT PER N BDL BAS S;;;;79;;
1;3;2094;1;138,9408;112,96;REW DEPLOYMENT SOL SVR7.1 XPLAT N SUB LIC C BAS 36M;20103712;;REW DEPLOYMENT SOL SVR7.1 XPLAT N SUB LIC C BAS 36M;REW DEPLOYMENT SOL SVR7.1 XPLAT N SUB LIC C BAS 36M;REW DEPLOYMENT SOL SVR7.1 XPLAT N SUB LIC C BAS 36M;REW DEPLOYMENT SOL SVR7.1 XPLAT N SUB LIC C BAS 36M;;;;79;;
1;3;2094;1;92,6313;75,31;REW DEPLOYMENT SOL SVR7.1 XPLAT N SUB LIC C BAS 24M;20103713;;REW DEPLOYMENT SOL SVR7.1 XPLAT N SUB LIC C BAS 24M;REW DEPLOYMENT SOL SVR7.1 XPLAT N SUB LIC C BAS 24M;REW DEPLOYMENT SOL SVR7.1 XPLAT N SUB LIC C BAS 24M;REW DEPLOYMENT SOL SVR7.1 XPLAT N SUB LIC C BAS 24M;;;;79;;
1;3;2094;1;27,306;22,2;EXP DEPLOYMENT SOL SVR 7.1 XPLAT PER N BDL ESS S;20103715;;EXP DEPLOYMENT SOL SVR 7.1 XPLAT PER N BDL ESS S;EXP DEPLOYMENT SOL SVR 7.1 XPLAT PER N BDL ESS S;EXP DEPLOYMENT SOL SVR 7.1 XPLAT PER N BDL ESS S;EXP DEPLOYMENT SOL SVR 7.1 XPLAT PER N BDL ESS S;;;;79;;
1;3;2094;1;200,6376;163,12;EXP DEPLOYMENT SOL SVR7.1 XPLAT N SUB LIC S ESS 36M;20103719;;EXP DEPLOYMENT SOL SVR7.1 XPLAT N SUB LIC S ESS 36M;EXP DEPLOYMENT SOL SVR7.1 XPLAT N SUB LIC S ESS 36M;EXP DEPLOYMENT SOL SVR7.1 XPLAT N SUB LIC S ESS 36M;EXP DEPLOYMENT SOL SVR7.1 XPLAT N SUB LIC S ESS 36M;;;;79;;
1;3;2094;1;133,7625;108,75;EXP DEPLOYMENT SOL SVR7.1 XPLAT N SUB LIC S ESS 24M;20103720;;EXP DEPLOYMENT SOL SVR7.1 XPLAT N SUB LIC S ESS 24M;EXP DEPLOYMENT SOL SVR7.1 XPLAT N SUB LIC S ESS 24M;EXP DEPLOYMENT SOL SVR7.1 XPLAT N SUB LIC S ESS 24M;EXP DEPLOYMENT SOL SVR7.1 XPLAT N SUB LIC S ESS 24M;;;;79;;
1;3;2094;1;17,7366;14,42;REW DEPLOYMENT SOL SVR 7.1 XPLAT PER N BDL BAS B;20103721;;REW DEPLOYMENT SOL SVR 7.1 XPLAT PER N BDL BAS B;REW DEPLOYMENT SOL SVR 7.1 XPLAT PER N BDL BAS B;REW DEPLOYMENT SOL SVR 7.1 XPLAT PER N BDL BAS B;REW DEPLOYMENT SOL SVR 7.1 XPLAT PER N BDL BAS B;;;;79;;
1;3;2094;1;14,9568;12,16;REW DEPLOYMENT SOL SVR 7.1 XPLAT P N RNWL BAS D;20103726;;REW DEPLOYMENT SOL SVR 7.1 XPLAT P N RNWL BAS D;REW DEPLOYMENT SOL SVR 7.1 XPLAT P N RNWL BAS D;REW DEPLOYMENT SOL SVR 7.1 XPLAT P N RNWL BAS D;REW DEPLOYMENT SOL SVR 7.1 XPLAT P N RNWL BAS D;;;;79;;
1;3;2094;1;18,2901;14,87;REW DEPLOYMENT SOL SVR 7.1 XPLAT P N RNWL ESS E;20103727;;REW DEPLOYMENT SOL SVR 7.1 XPLAT P N RNWL ESS E;REW DEPLOYMENT SOL SVR 7.1 XPLAT P N RNWL ESS E;REW DEPLOYMENT SOL SVR 7.1 XPLAT P N RNWL ESS E;REW DEPLOYMENT SOL SVR 7.1 XPLAT P N RNWL ESS E;;;;79;;
1;3;2094;1;27,306;22,2;EXP DEPLOYMENT SOL SVR 7.1 XPLAT P N RNWL ESS S;20103729;;EXP DEPLOYMENT SOL SVR 7.1 XPLAT P N RNWL ESS S;EXP DEPLOYMENT SOL SVR 7.1 XPLAT P N RNWL ESS S;EXP DEPLOYMENT SOL SVR 7.1 XPLAT P N RNWL ESS S;EXP DEPLOYMENT SOL SVR 7.1 XPLAT P N RNWL ESS S;;;;79;;
1;3;2094;1;25,1289;20,43;REW DEPLOYMENT SOL SVR 7.1 XPLAT P N RNWL ESS A;20103731;;REW DEPLOYMENT SOL SVR 7.1 XPLAT P N RNWL ESS A;REW DEPLOYMENT SOL SVR 7.1 XPLAT P N RNWL ESS A;REW DEPLOYMENT SOL SVR 7.1 XPLAT P N RNWL ESS A;REW DEPLOYMENT SOL SVR 7.1 XPLAT P N RNWL ESS A;;;;79;;
1;3;2094;1;42,6564;34,68;REW DEPLOYMENT SOL SVR 7.1 XPLAT N SUB LIC D BAS;20103745;;REW DEPLOYMENT SOL SVR 7.1 XPLAT N SUB LIC D BAS;REW DEPLOYMENT SOL SVR 7.1 XPLAT N SUB LIC D BAS;REW DEPLOYMENT SOL SVR 7.1 XPLAT N SUB LIC D BAS;REW DEPLOYMENT SOL SVR 7.1 XPLAT N SUB LIC D BAS;;;;79;;
1;3;2094;1;127,9569;104,03;REW DEPLOYMENT SOL SVR7.1 XPLAT N SUB LIC D BAS 36M;20103746;;REW DEPLOYMENT SOL SVR7.1 XPLAT N SUB LIC D BAS 36M;REW DEPLOYMENT SOL SVR7.1 XPLAT N SUB LIC D BAS 36M;REW DEPLOYMENT SOL SVR7.1 XPLAT N SUB LIC D BAS 36M;REW DEPLOYMENT SOL SVR7.1 XPLAT N SUB LIC D BAS 36M;;;;79;;
1;3;2094;1;85,3005;69,35;REW DEPLOYMENT SOL SVR7.1 XPLAT N SUB LIC D BAS 24M;20103747;;REW DEPLOYMENT SOL SVR7.1 XPLAT N SUB LIC D BAS 24M;REW DEPLOYMENT SOL SVR7.1 XPLAT N SUB LIC D BAS 24M;REW DEPLOYMENT SOL SVR7.1 XPLAT N SUB LIC D BAS 24M;REW DEPLOYMENT SOL SVR7.1 XPLAT N SUB LIC D BAS 24M;;;;79;;
1;3;2094;1;40,8237;33,19;REW DEPLOYMENT SOL SVR 7.1 XPLAT N SUB LIC E BAS;20103748;;REW DEPLOYMENT SOL SVR 7.1 XPLAT N SUB LIC E BAS;REW DEPLOYMENT SOL SVR 7.1 XPLAT N SUB LIC E BAS;REW DEPLOYMENT SOL SVR 7.1 XPLAT N SUB LIC E BAS;REW DEPLOYMENT SOL SVR 7.1 XPLAT N SUB LIC E BAS;;;;79;;
1;3;2094;1;122,4834;99,58;REW DEPLOYMENT SOL SVR7.1 XPLAT N SUB LIC E BAS 36M;20103749;;REW DEPLOYMENT SOL SVR7.1 XPLAT N SUB LIC E BAS 36M;REW DEPLOYMENT SOL SVR7.1 XPLAT N SUB LIC E BAS 36M;REW DEPLOYMENT SOL SVR7.1 XPLAT N SUB LIC E BAS 36M;REW DEPLOYMENT SOL SVR7.1 XPLAT N SUB LIC E BAS 36M;;;;79;;
1;3;2094;1;81,6597;66,39;REW DEPLOYMENT SOL SVR7.1 XPLAT N SUB LIC E BAS 24M;20103750;;REW DEPLOYMENT SOL SVR7.1 XPLAT N SUB LIC E BAS 24M;REW DEPLOYMENT SOL SVR7.1 XPLAT N SUB LIC E BAS 24M;REW DEPLOYMENT SOL SVR7.1 XPLAT N SUB LIC E BAS 24M;REW DEPLOYMENT SOL SVR7.1 XPLAT N SUB LIC E BAS 24M;;;;79;;
1;3;2094;1;19,6431;15,97;REW DEPLOYMENT SOL SVR 7.1 XPLAT P N RNWL BAS A;20103752;;REW DEPLOYMENT SOL SVR 7.1 XPLAT P N RNWL BAS A;REW DEPLOYMENT SOL SVR 7.1 XPLAT P N RNWL BAS A;REW DEPLOYMENT SOL SVR 7.1 XPLAT P N RNWL BAS A;REW DEPLOYMENT SOL SVR 7.1 XPLAT P N RNWL BAS A;;;;79;;
1;3;2094;1;128,8794;104,78;REW DEPLOYMENT SOL SVR7.1 XPLAT N BDL STD LIC A BAS;20103759;;REW DEPLOYMENT SOL SVR7.1 XPLAT N BDL STD LIC A BAS;REW DEPLOYMENT SOL SVR7.1 XPLAT N BDL STD LIC A BAS;REW DEPLOYMENT SOL SVR7.1 XPLAT N BDL STD LIC A BAS;REW DEPLOYMENT SOL SVR7.1 XPLAT N BDL STD LIC A BAS;;;;79;;
1;3;2094;1;22,6443;18,41;REW DEPLOYMENT SOL SVR 7.1 XPLAT P N RNWL ESS B;20103761;;REW DEPLOYMENT SOL SVR 7.1 XPLAT P N RNWL ESS B;REW DEPLOYMENT SOL SVR 7.1 XPLAT P N RNWL ESS B;REW DEPLOYMENT SOL SVR 7.1 XPLAT P N RNWL ESS B;REW DEPLOYMENT SOL SVR 7.1 XPLAT P N RNWL ESS B;;;;79;;
1;3;2094;1;61,5246;50,02;REW DEPLOYMENT SOL SVR 7.1 XPLAT N SUB LIC A ESS;20103763;;REW DEPLOYMENT SOL SVR 7.1 XPLAT N SUB LIC A ESS;REW DEPLOYMENT SOL SVR 7.1 XPLAT N SUB LIC A ESS;REW DEPLOYMENT SOL SVR 7.1 XPLAT N SUB LIC A ESS;REW DEPLOYMENT SOL SVR 7.1 XPLAT N SUB LIC A ESS;;;;79;;
1;3;2094;1;184,5861;150,07;REW DEPLOYMENT SOL SVR7.1 XPLAT N SUB LIC A ESS 36M;20103764;;REW DEPLOYMENT SOL SVR7.1 XPLAT N SUB LIC A ESS 36M;REW DEPLOYMENT SOL SVR7.1 XPLAT N SUB LIC A ESS 36M;REW DEPLOYMENT SOL SVR7.1 XPLAT N SUB LIC A ESS 36M;REW DEPLOYMENT SOL SVR7.1 XPLAT N SUB LIC A ESS 36M;;;;79;;
1;3;2094;1;123,0615;100,05;REW DEPLOYMENT SOL SVR7.1 XPLAT N SUB LIC A ESS 24M;20103765;;REW DEPLOYMENT SOL SVR7.1 XPLAT N SUB LIC A ESS 24M;REW DEPLOYMENT SOL SVR7.1 XPLAT N SUB LIC A ESS 24M;REW DEPLOYMENT SOL SVR7.1 XPLAT N SUB LIC A ESS 24M;REW DEPLOYMENT SOL SVR7.1 XPLAT N SUB LIC A ESS 24M;;;;79;;
1;3;2094;1;98,0556;79,72;REW DEPLOYMENT SOL SVR7.1 XPLAT N BDL STD LIC D BAS;20103771;;REW DEPLOYMENT SOL SVR7.1 XPLAT N BDL STD LIC D BAS;REW DEPLOYMENT SOL SVR7.1 XPLAT N BDL STD LIC D BAS;REW DEPLOYMENT SOL SVR7.1 XPLAT N BDL STD LIC D BAS;REW DEPLOYMENT SOL SVR7.1 XPLAT N BDL STD LIC D BAS;;;;79;;
1;3;2094;1;121,2042;98,54;REW DEPLOYMENT SOL SVR7.1 XPLAT N BDL STD LIC B ESS;20103774;;REW DEPLOYMENT SOL SVR7.1 XPLAT N BDL STD LIC B ESS;REW DEPLOYMENT SOL SVR7.1 XPLAT N BDL STD LIC B ESS;REW DEPLOYMENT SOL SVR7.1 XPLAT N BDL STD LIC B ESS;REW DEPLOYMENT SOL SVR7.1 XPLAT N BDL STD LIC B ESS;;;;79;;
1;3;2094;1;97,8465;79,55;REW DEPLOYMENT SOL SVR7.1 XPLAT N BDL STD LIC E ESS;20103777;;REW DEPLOYMENT SOL SVR7.1 XPLAT N BDL STD LIC E ESS;REW DEPLOYMENT SOL SVR7.1 XPLAT N BDL STD LIC E ESS;REW DEPLOYMENT SOL SVR7.1 XPLAT N BDL STD LIC E ESS;REW DEPLOYMENT SOL SVR7.1 XPLAT N BDL STD LIC E ESS;;;;79;;
1;3;2094;1;93,8613;76,31;REW DEPLOYMENT SOL SVR7.1 XPLAT N BDL STD LIC E BAS;20103778;;REW DEPLOYMENT SOL SVR7.1 XPLAT N BDL STD LIC E BAS;REW DEPLOYMENT SOL SVR7.1 XPLAT N BDL STD LIC E BAS;REW DEPLOYMENT SOL SVR7.1 XPLAT N BDL STD LIC E BAS;REW DEPLOYMENT SOL SVR7.1 XPLAT N BDL STD LIC E BAS;;;;79;;
1;3;2094;1;134,3529;109,23;REW DEPLOYMENT SOL SVR7.1 XPLAT N BDL STD LIC A ESS;20103781;;REW DEPLOYMENT SOL SVR7.1 XPLAT N BDL STD LIC A ESS;REW DEPLOYMENT SOL SVR7.1 XPLAT N BDL STD LIC A ESS;REW DEPLOYMENT SOL SVR7.1 XPLAT N BDL STD LIC A ESS;REW DEPLOYMENT SOL SVR7.1 XPLAT N BDL STD LIC A ESS;;;;79;;
1;3;2094;1;140,097;113,9;EXP DEPLOYMENT SOL SVR 7.1 XPLAT N STD LIC S BAS;20103783;;EXP DEPLOYMENT SOL SVR 7.1 XPLAT N STD LIC S BAS;EXP DEPLOYMENT SOL SVR 7.1 XPLAT N STD LIC S BAS;EXP DEPLOYMENT SOL SVR 7.1 XPLAT N STD LIC S BAS;EXP DEPLOYMENT SOL SVR 7.1 XPLAT N STD LIC S BAS;;;;79;;
1;3;2094;1;110,9829;90,23;REW DEPLOYMENT SOL SVR7.1 XPLAT N BDL STD LIC C ESS;20103785;;REW DEPLOYMENT SOL SVR7.1 XPLAT N BDL STD LIC C ESS;REW DEPLOYMENT SOL SVR7.1 XPLAT N BDL STD LIC C ESS;REW DEPLOYMENT SOL SVR7.1 XPLAT N BDL STD LIC C ESS;REW DEPLOYMENT SOL SVR7.1 XPLAT N BDL STD LIC C ESS;;;;79;;
1;3;2094;1;102,213;83,1;REW DEPLOYMENT SOL SVR7.1 XPLAT N BDL STD LIC D ESS;20103786;;REW DEPLOYMENT SOL SVR7.1 XPLAT N BDL STD LIC D ESS;REW DEPLOYMENT SOL SVR7.1 XPLAT N BDL STD LIC D ESS;REW DEPLOYMENT SOL SVR7.1 XPLAT N BDL STD LIC D ESS;REW DEPLOYMENT SOL SVR7.1 XPLAT N BDL STD LIC D ESS;;;;79;;
1;3;2094;1;116,2842;94,54;REW DEPLOYMENT SOL SVR7.1 XPLAT N BDL STD LIC B BAS;20103788;;REW DEPLOYMENT SOL SVR7.1 XPLAT N BDL STD LIC B BAS;REW DEPLOYMENT SOL SVR7.1 XPLAT N BDL STD LIC B BAS;REW DEPLOYMENT SOL SVR7.1 XPLAT N BDL STD LIC B BAS;REW DEPLOYMENT SOL SVR7.1 XPLAT N BDL STD LIC B BAS;;;;79;;
1;3;2094;1;146,0256;118,72;EXP DEPLOYMENT SOL SVR 7.1 XPLAT N STD LIC S ESS;20103791;;EXP DEPLOYMENT SOL SVR 7.1 XPLAT N STD LIC S ESS;EXP DEPLOYMENT SOL SVR 7.1 XPLAT N STD LIC S ESS;EXP DEPLOYMENT SOL SVR 7.1 XPLAT N STD LIC S ESS;EXP DEPLOYMENT SOL SVR 7.1 XPLAT N STD LIC S ESS;;;;79;;
1;3;2094;1;106,4565;86,55;REW DEPLOYMENT SOL SVR7.1 XPLAT N BDL STD LIC C BAS;20103793;;REW DEPLOYMENT SOL SVR7.1 XPLAT N BDL STD LIC C BAS;REW DEPLOYMENT SOL SVR7.1 XPLAT N BDL STD LIC C BAS;REW DEPLOYMENT SOL SVR7.1 XPLAT N BDL STD LIC C BAS;REW DEPLOYMENT SOL SVR7.1 XPLAT N BDL STD LIC C BAS;;;;79;;
1;3;2094;1;56,0634;45,58;REW DEPLOYMENT SOL SVR 7.1 XPLAT N SUB LIC A BAS;20103805;;REW DEPLOYMENT SOL SVR 7.1 XPLAT N SUB LIC A BAS;REW DEPLOYMENT SOL SVR 7.1 XPLAT N SUB LIC A BAS;REW DEPLOYMENT SOL SVR 7.1 XPLAT N SUB LIC A BAS;REW DEPLOYMENT SOL SVR 7.1 XPLAT N SUB LIC A BAS;;;;79;;
1;3;2094;1;168,1902;136,74;REW DEPLOYMENT SOL SVR7.1 XPLAT N SUB LIC A BAS 36M;20103806;;REW DEPLOYMENT SOL SVR7.1 XPLAT N SUB LIC A BAS 36M;REW DEPLOYMENT SOL SVR7.1 XPLAT N SUB LIC A BAS 36M;REW DEPLOYMENT SOL SVR7.1 XPLAT N SUB LIC A BAS 36M;REW DEPLOYMENT SOL SVR7.1 XPLAT N SUB LIC A BAS 36M;;;;79;;
1;3;2094;1;112,1268;91,16;REW DEPLOYMENT SOL SVR7.1 XPLAT N SUB LIC A BAS 24M;20103807;;REW DEPLOYMENT SOL SVR7.1 XPLAT N SUB LIC A BAS 24M;REW DEPLOYMENT SOL SVR7.1 XPLAT N SUB LIC A BAS 24M;REW DEPLOYMENT SOL SVR7.1 XPLAT N SUB LIC A BAS 24M;REW DEPLOYMENT SOL SVR7.1 XPLAT N SUB LIC A BAS 24M;;;;79;;
1;3;2094;1;57,1212;46,44;AE DEPLOYMENT SOL CLT 7.1 XPLAT N SECDRY SUB D ESS;20103978;;AE DEPLOYMENT SOL CLT 7.1 XPLAT N SECDRY SUB D ESS;AE DEPLOYMENT SOL CLT 7.1 XPLAT N SECDRY SUB D ESS;AE DEPLOYMENT SOL CLT 7.1 XPLAT N SECDRY SUB D ESS;AE DEPLOYMENT SOL CLT 7.1 XPLAT N SECDRY SUB D ESS;;;;79;;
1;3;2094;1;67,2072;54,64;AE DEPLOYMENT SOL CLT 7.1 XPLAT N SECDRY SUB A ESS;20103979;;AE DEPLOYMENT SOL CLT 7.1 XPLAT N SECDRY SUB A ESS;AE DEPLOYMENT SOL CLT 7.1 XPLAT N SECDRY SUB A ESS;AE DEPLOYMENT SOL CLT 7.1 XPLAT N SECDRY SUB A ESS;AE DEPLOYMENT SOL CLT 7.1 XPLAT N SECDRY SUB A ESS;;;;79;;
1;3;2094;1;53,7633;43,71;AE DEPLOYMENT SOL CLT 7.1 XPLAT N SECDRY SUB E ESS;20103980;;AE DEPLOYMENT SOL CLT 7.1 XPLAT N SECDRY SUB E ESS;AE DEPLOYMENT SOL CLT 7.1 XPLAT N SECDRY SUB E ESS;AE DEPLOYMENT SOL CLT 7.1 XPLAT N SECDRY SUB E ESS;AE DEPLOYMENT SOL CLT 7.1 XPLAT N SECDRY SUB E ESS;;;;79;;
1;3;2094;1;63,837;51,9;AE DEPLOYMENT SOL CLT 7.1 XPLAT N SECDRY SUB B ESS;20103981;;AE DEPLOYMENT SOL CLT 7.1 XPLAT N SECDRY SUB B ESS;AE DEPLOYMENT SOL CLT 7.1 XPLAT N SECDRY SUB B ESS;AE DEPLOYMENT SOL CLT 7.1 XPLAT N SECDRY SUB B ESS;AE DEPLOYMENT SOL CLT 7.1 XPLAT N SECDRY SUB B ESS;;;;79;;
1;3;2094;1;60,4914;49,18;AE DEPLOYMENT SOL CLT 7.1 XPLAT N SECDRY SUB C ESS;20103982;;AE DEPLOYMENT SOL CLT 7.1 XPLAT N SECDRY SUB C ESS;AE DEPLOYMENT SOL CLT 7.1 XPLAT N SECDRY SUB C ESS;AE DEPLOYMENT SOL CLT 7.1 XPLAT N SECDRY SUB C ESS;AE DEPLOYMENT SOL CLT 7.1 XPLAT N SECDRY SUB C ESS;;;;79;;
1;3;2094;1;887,1621;721,27;CMDCENTRAL5.2XPLATPCLIENT STD LIC GOV-S;20104880;;CMDCENTRAL5.2XPLATPCLIENT STD LIC GOV-S;CMDCENTRAL5.2XPLATPCLIENT STD LIC GOV-S;CMDCENTRAL5.2XPLATPCLIENT STD LIC GOV-S;CMDCENTRAL5.2XPLATPCLIENT STD LIC GOV-S;;;;79;;
1;3;2094;1;211,2033;171,71;CMDCENTRAL 5.2 XPLAT P CLIENT BAS REW-B;20104882;;CMDCENTRAL 5.2 XPLAT P CLIENT BAS REW-B;CMDCENTRAL 5.2 XPLAT P CLIENT BAS REW-B;CMDCENTRAL 5.2 XPLAT P CLIENT BAS REW-B;CMDCENTRAL 5.2 XPLAT P CLIENT BAS REW-B;;;;79;;
1;3;2094;1;200,6376;163,12;CMDCENTRAL 5.2 XPLAT P CLIENT BAS REW-C;20104883;;CMDCENTRAL 5.2 XPLAT P CLIENT BAS REW-C;CMDCENTRAL 5.2 XPLAT P CLIENT BAS REW-C;CMDCENTRAL 5.2 XPLAT P CLIENT BAS REW-C;CMDCENTRAL 5.2 XPLAT P CLIENT BAS REW-C;;;;79;;
1;3;2094;1;269,8743;219,41;CMDCENTRAL 5.2 XPLAT P CLIENT ESS ACD-S;20104884;;CMDCENTRAL 5.2 XPLAT P CLIENT ESS ACD-S;CMDCENTRAL 5.2 XPLAT P CLIENT ESS ACD-S;CMDCENTRAL 5.2 XPLAT P CLIENT ESS ACD-S;CMDCENTRAL 5.2 XPLAT P CLIENT ESS ACD-S;;;;79;;
1;3;2094;1;159,6909;129,83;REW TSPP COMM CNTRL 5.2 XPLAT BAS 12M A;20104886;;REW TSPP COMM CNTRL 5.2 XPLAT BAS 12M A;REW TSPP COMM CNTRL 5.2 XPLAT BAS 12M A;REW TSPP COMM CNTRL 5.2 XPLAT BAS 12M A;REW TSPP COMM CNTRL 5.2 XPLAT BAS 12M A;;;;79;;
1;3;2094;1;159,6909;129,83;AE TSPP COMM CNTRL 5.2 XPLAT BAS 12M S;20104887;;AE TSPP COMM CNTRL 5.2 XPLAT BAS 12M S;AE TSPP COMM CNTRL 5.2 XPLAT BAS 12M S;AE TSPP COMM CNTRL 5.2 XPLAT BAS 12M S;AE TSPP COMM CNTRL 5.2 XPLAT BAS 12M S;;;;79;;
1;3;2094;1;204,0447;165,89;EXP TSPP COMM CNTRL 5.2 XPLAT ESS 12M S;20104889;;EXP TSPP COMM CNTRL 5.2 XPLAT ESS 12M S;EXP TSPP COMM CNTRL 5.2 XPLAT ESS 12M S;EXP TSPP COMM CNTRL 5.2 XPLAT ESS 12M S;EXP TSPP COMM CNTRL 5.2 XPLAT ESS 12M S;;;;79;;
1;3;2094;1;63,3696;51,52;GOV CMDCENTRAL 5.2 XPLAT PT/SWCH PT BAS S;20104891;;GOV CMDCENTRAL 5.2 XPLAT PT/SWCH PT BAS S;GOV CMDCENTRAL 5.2 XPLAT PT/SWCH PT BAS S;GOV CMDCENTRAL 5.2 XPLAT PT/SWCH PT BAS S;GOV CMDCENTRAL 5.2 XPLAT PT/SWCH PT BAS S;;;;79;;
1;3;2094;1;47,9085;38,95;REW TSPP COMM CNTRL 5.2 XPLAT PT/SWCH BAS 12M B;20104896;;REW TSPP COMM CNTRL 5.2 XPLAT PT/SWCH BAS 12M B;REW TSPP COMM CNTRL 5.2 XPLAT PT/SWCH BAS 12M B;REW TSPP COMM CNTRL 5.2 XPLAT PT/SWCH BAS 12M B;REW TSPP COMM CNTRL 5.2 XPLAT PT/SWCH BAS 12M B;;;;79;;
1;3;2094;1;45,5223;37,01;REW TSPP COMM CNTRL 5.2 XPLAT PT/SWCH BAS 12M D;20104897;;REW TSPP COMM CNTRL 5.2 XPLAT PT/SWCH BAS 12M D;REW TSPP COMM CNTRL 5.2 XPLAT PT/SWCH BAS 12M D;REW TSPP COMM CNTRL 5.2 XPLAT PT/SWCH BAS 12M D;REW TSPP COMM CNTRL 5.2 XPLAT PT/SWCH BAS 12M D;;;;79;;
1;3;2094;1;149,9247;121,89;REW CMDCENTRAL 5.2 XPLAT PT/SWCH PT SUB LIC A ESS;20104903;;REW CMDCENTRAL 5.2 XPLAT PT/SWCH PT SUB LIC A ESS;REW CMDCENTRAL 5.2 XPLAT PT/SWCH PT SUB LIC A ESS;REW CMDCENTRAL 5.2 XPLAT PT/SWCH PT SUB LIC A ESS;REW CMDCENTRAL 5.2 XPLAT PT/SWCH PT SUB LIC A ESS;;;;79;;
1;3;2094;1;127,4772;103,64;REW CMDCENTRAL 5.2 XPLAT PT/SWCH PT XG LIC STO D;20104906;;REW CMDCENTRAL 5.2 XPLAT PT/SWCH PT XG LIC STO D;REW CMDCENTRAL 5.2 XPLAT PT/SWCH PT XG LIC STO D;REW CMDCENTRAL 5.2 XPLAT PT/SWCH PT XG LIC STO D;REW CMDCENTRAL 5.2 XPLAT PT/SWCH PT XG LIC STO D;;;;79;;
1;3;2094;1;127,4772;103,64;REW CMDCENTRAL 5.2 XPLAT PT/SWCH PT XG LIC MGR C;20104908;;REW CMDCENTRAL 5.2 XPLAT PT/SWCH PT XG LIC MGR C;REW CMDCENTRAL 5.2 XPLAT PT/SWCH PT XG LIC MGR C;REW CMDCENTRAL 5.2 XPLAT PT/SWCH PT XG LIC MGR C;REW CMDCENTRAL 5.2 XPLAT PT/SWCH PT XG LIC MGR C;;;;79;;
1;3;2094;1;127,4772;103,64;REW CMDCENTRAL 5.2 XPLAT PT/SWCH PT XG LIC MGR D;20104909;;REW CMDCENTRAL 5.2 XPLAT PT/SWCH PT XG LIC MGR D;REW CMDCENTRAL 5.2 XPLAT PT/SWCH PT XG LIC MGR D;REW CMDCENTRAL 5.2 XPLAT PT/SWCH PT XG LIC MGR D;REW CMDCENTRAL 5.2 XPLAT PT/SWCH PT XG LIC MGR D;;;;79;;
1;3;2094;1;124,1193;100,91;REW CMDCENTRAL 5.2 XPLAT PT/SWCH PT XG LIC MGR E;20104910;;REW CMDCENTRAL 5.2 XPLAT PT/SWCH PT XG LIC MGR E;REW CMDCENTRAL 5.2 XPLAT PT/SWCH PT XG LIC MGR E;REW CMDCENTRAL 5.2 XPLAT PT/SWCH PT XG LIC MGR E;REW CMDCENTRAL 5.2 XPLAT PT/SWCH PT XG LIC MGR E;;;;79;;
1;3;2094;1;842,796;685,2;CMDCENTRAL5.2XPLATPCLIENT STD LIC REW-D;20104919;;CMDCENTRAL5.2XPLATPCLIENT STD LIC REW-D;CMDCENTRAL5.2XPLATPCLIENT STD LIC REW-D;CMDCENTRAL5.2XPLATPCLIENT STD LIC REW-D;CMDCENTRAL5.2XPLATPCLIENT STD LIC REW-D;;;;79;;
1;3;2094;1;249,6408;202,96;CMDCENTRAL 5.2 XPLAT P CLIENT ESS REW-E;20104920;;CMDCENTRAL 5.2 XPLAT P CLIENT ESS REW-E;CMDCENTRAL 5.2 XPLAT P CLIENT ESS REW-E;CMDCENTRAL 5.2 XPLAT P CLIENT ESS REW-E;CMDCENTRAL 5.2 XPLAT P CLIENT ESS REW-E;;;;79;;
1;3;2094;1;842,796;685,2;CMDCENTRAL5.2XPLATPCLIENT STD LIC REW-C;20104926;;CMDCENTRAL5.2XPLATPCLIENT STD LIC REW-C;CMDCENTRAL5.2XPLATPCLIENT STD LIC REW-C;CMDCENTRAL5.2XPLATPCLIENT STD LIC REW-C;CMDCENTRAL5.2XPLATPCLIENT STD LIC REW-C;;;;79;;
1;3;2094;1;820,6191;667,17;CMDCENTRAL5.2XPLATPCLIENT STD LIC REW-E;20104927;;CMDCENTRAL5.2XPLATPCLIENT STD LIC REW-E;CMDCENTRAL5.2XPLATPCLIENT STD LIC REW-E;CMDCENTRAL5.2XPLATPCLIENT STD LIC REW-E;CMDCENTRAL5.2XPLATPCLIENT STD LIC REW-E;;;;79;;
1;3;2094;1;200,6376;163,12;CMDCENTRAL 5.2 XPLAT P CLIENT BAS REW-D;20104928;;CMDCENTRAL 5.2 XPLAT P CLIENT BAS REW-D;CMDCENTRAL 5.2 XPLAT P CLIENT BAS REW-D;CMDCENTRAL 5.2 XPLAT P CLIENT BAS REW-D;CMDCENTRAL 5.2 XPLAT P CLIENT BAS REW-D;;;;79;;
1;3;2094;1;151,7082;123,34;REW TSPP COMM CNTRL 5.2 XPLAT BAS 12M C;20104931;;REW TSPP COMM CNTRL 5.2 XPLAT BAS 12M C;REW TSPP COMM CNTRL 5.2 XPLAT BAS 12M C;REW TSPP COMM CNTRL 5.2 XPLAT BAS 12M C;REW TSPP COMM CNTRL 5.2 XPLAT BAS 12M C;;;;79;;
1;3;2094;1;147,7107;120,09;REW TSPP COMM CNTRL 5.2 XPLAT BAS 12M E;20104932;;REW TSPP COMM CNTRL 5.2 XPLAT BAS 12M E;REW TSPP COMM CNTRL 5.2 XPLAT BAS 12M E;REW TSPP COMM CNTRL 5.2 XPLAT BAS 12M E;REW TSPP COMM CNTRL 5.2 XPLAT BAS 12M E;;;;79;;
1;3;2094;1;188,7435;153,45;REW TSPP COMM CNTRL 5.2 XPLAT ESS 12M E;20104933;;REW TSPP COMM CNTRL 5.2 XPLAT ESS 12M E;REW TSPP COMM CNTRL 5.2 XPLAT ESS 12M E;REW TSPP COMM CNTRL 5.2 XPLAT ESS 12M E;REW TSPP COMM CNTRL 5.2 XPLAT ESS 12M E;;;;79;;
1;3;2094;1;204,0447;165,89;AE TSPP COMM CNTRL 5.2 XPLAT ESS 12M S;20104934;;AE TSPP COMM CNTRL 5.2 XPLAT ESS 12M S;AE TSPP COMM CNTRL 5.2 XPLAT ESS 12M S;AE TSPP COMM CNTRL 5.2 XPLAT ESS 12M S;AE TSPP COMM CNTRL 5.2 XPLAT ESS 12M S;;;;79;;
1;3;2094;1;499,7613;406,31;REW CMDCENTRAL 5.2 XPLAT SUB LIC B ESS;20104935;;REW CMDCENTRAL 5.2 XPLAT SUB LIC B ESS;REW CMDCENTRAL 5.2 XPLAT SUB LIC B ESS;REW CMDCENTRAL 5.2 XPLAT SUB LIC B ESS;REW CMDCENTRAL 5.2 XPLAT SUB LIC B ESS;;;;79;;
1;3;2094;1;474,7677;385,99;REW CMDCENTRAL 5.2 XPLAT SUB LIC C ESS;20104938;;REW CMDCENTRAL 5.2 XPLAT SUB LIC C ESS;REW CMDCENTRAL 5.2 XPLAT SUB LIC C ESS;REW CMDCENTRAL 5.2 XPLAT SUB LIC C ESS;REW CMDCENTRAL 5.2 XPLAT SUB LIC C ESS;;;;79;;
1;3;2094;1;195,3732;158,84;CMDCENTRAL 5.2 XPLAT P CLIENT BAS REW-E;20104941;;CMDCENTRAL 5.2 XPLAT P CLIENT BAS REW-E;CMDCENTRAL 5.2 XPLAT P CLIENT BAS REW-E;CMDCENTRAL 5.2 XPLAT P CLIENT BAS REW-E;CMDCENTRAL 5.2 XPLAT P CLIENT BAS REW-E;;;;79;;
1;3;2094;1;269,8743;219,41;CMDCENTRAL 5.2 XPLAT P CLIENT ESS REW-A;20104942;;CMDCENTRAL 5.2 XPLAT P CLIENT ESS REW-A;CMDCENTRAL 5.2 XPLAT P CLIENT ESS REW-A;CMDCENTRAL 5.2 XPLAT P CLIENT ESS REW-A;CMDCENTRAL 5.2 XPLAT P CLIENT ESS REW-A;;;;79;;
1;3;2094;1;60,1962;48,94;REW CMDCENTRAL 5.2 XPLAT PT/SWCH PT BAS C;20104943;;REW CMDCENTRAL 5.2 XPLAT PT/SWCH PT BAS C;REW CMDCENTRAL 5.2 XPLAT PT/SWCH PT BAS C;REW CMDCENTRAL 5.2 XPLAT PT/SWCH PT BAS C;REW CMDCENTRAL 5.2 XPLAT PT/SWCH PT BAS C;;;;79;;
1;3;2094;1;80,9586;65,82;AE CMDCENTRAL 5.2 XPLAT PT/SWCH PT ESS S;20104944;;AE CMDCENTRAL 5.2 XPLAT PT/SWCH PT ESS S;AE CMDCENTRAL 5.2 XPLAT PT/SWCH PT ESS S;AE CMDCENTRAL 5.2 XPLAT PT/SWCH PT ESS S;AE CMDCENTRAL 5.2 XPLAT PT/SWCH PT ESS S;;;;79;;
1;3;2094;1;44,3169;36,03;REW TSPP COMM CNTRL 5.2 XPLAT PT/SWCH BAS 12M E;20104947;;REW TSPP COMM CNTRL 5.2 XPLAT PT/SWCH BAS 12M E;REW TSPP COMM CNTRL 5.2 XPLAT PT/SWCH BAS 12M E;REW TSPP COMM CNTRL 5.2 XPLAT PT/SWCH BAS 12M E;REW TSPP COMM CNTRL 5.2 XPLAT PT/SWCH BAS 12M E;;;;79;;
1;3;2094;1;61,2171;49,77;REW TSPP COMM CNTRL 5.2 XPLAT PT/SWCH ESS 12M B;20104948;;REW TSPP COMM CNTRL 5.2 XPLAT PT/SWCH ESS 12M B;REW TSPP COMM CNTRL 5.2 XPLAT PT/SWCH ESS 12M B;REW TSPP COMM CNTRL 5.2 XPLAT PT/SWCH ESS 12M B;REW TSPP COMM CNTRL 5.2 XPLAT PT/SWCH ESS 12M B;;;;79;;
1;3;2094;1;61,2171;49,77;AE TSPP COMM CNTRL 5.2 XPLAT PT/SWCH ESS 12M S;20104949;;AE TSPP COMM CNTRL 5.2 XPLAT PT/SWCH ESS 12M S;AE TSPP COMM CNTRL 5.2 XPLAT PT/SWCH ESS 12M S;AE TSPP COMM CNTRL 5.2 XPLAT PT/SWCH ESS 12M S;AE TSPP COMM CNTRL 5.2 XPLAT PT/SWCH ESS 12M S;;;;79;;
1;3;2094;1;149,9247;121,89;REW CMDCENTRAL 5.2 XPLAT PT/SWCH PT SUB LIC B ESS;20104950;;REW CMDCENTRAL 5.2 XPLAT PT/SWCH PT SUB LIC B ESS;REW CMDCENTRAL 5.2 XPLAT PT/SWCH PT SUB LIC B ESS;REW CMDCENTRAL 5.2 XPLAT PT/SWCH PT SUB LIC B ESS;REW CMDCENTRAL 5.2 XPLAT PT/SWCH PT SUB LIC B ESS;;;;79;;
1;3;2094;1;256,3689;208,43;CMDCENTRAL 5.2 XPLAT P CLIENT ESS REW-C;20104953;;CMDCENTRAL 5.2 XPLAT P CLIENT ESS REW-C;CMDCENTRAL 5.2 XPLAT P CLIENT ESS REW-C;CMDCENTRAL 5.2 XPLAT P CLIENT ESS REW-C;CMDCENTRAL 5.2 XPLAT P CLIENT ESS REW-C;;;;79;;
1;3;2094;1;269,8743;219,41;CMDCENTRAL 5.2 XPLAT P CLIENT ESS GOV-S;20104954;;CMDCENTRAL 5.2 XPLAT P CLIENT ESS GOV-S;CMDCENTRAL 5.2 XPLAT P CLIENT ESS GOV-S;CMDCENTRAL 5.2 XPLAT P CLIENT ESS GOV-S;CMDCENTRAL 5.2 XPLAT P CLIENT ESS GOV-S;;;;79;;
1;3;2094;1;193,848;157,6;REW TSPP COMM CNTRL 5.2 XPLAT ESS 12M C;20104957;;REW TSPP COMM CNTRL 5.2 XPLAT ESS 12M C;REW TSPP COMM CNTRL 5.2 XPLAT ESS 12M C;REW TSPP COMM CNTRL 5.2 XPLAT ESS 12M C;REW TSPP COMM CNTRL 5.2 XPLAT ESS 12M C;;;;79;;
1;3;2094;1;149,9247;121,89;EXP CMDCENTRAL 5.2 XPLAT PT/SWCH PT SUB LIC S ESS;20104961;;EXP CMDCENTRAL 5.2 XPLAT PT/SWCH PT SUB LIC S ESS;EXP CMDCENTRAL 5.2 XPLAT PT/SWCH PT SUB LIC S ESS;EXP CMDCENTRAL 5.2 XPLAT PT/SWCH PT SUB LIC S ESS;EXP CMDCENTRAL 5.2 XPLAT PT/SWCH PT SUB LIC S ESS;;;;79;;
1;3;2094;1;134,193;109,1;GOV CMDCENTRAL 5.2 XPLAT PT/SWCH PT XG LIC STOR S;20104964;;GOV CMDCENTRAL 5.2 XPLAT PT/SWCH PT XG LIC STOR S;GOV CMDCENTRAL 5.2 XPLAT PT/SWCH PT XG LIC STOR S;GOV CMDCENTRAL 5.2 XPLAT PT/SWCH PT XG LIC STOR S;GOV CMDCENTRAL 5.2 XPLAT PT/SWCH PT XG LIC STOR S;;;;79;;
1;3;2094;1;159,6909;129,83;REW TSPP COMM CNTRL 5.2 XPLAT BAS 12M B;20104976;;REW TSPP COMM CNTRL 5.2 XPLAT BAS 12M B;REW TSPP COMM CNTRL 5.2 XPLAT BAS 12M B;REW TSPP COMM CNTRL 5.2 XPLAT BAS 12M B;REW TSPP COMM CNTRL 5.2 XPLAT BAS 12M B;;;;79;;
1;3;2094;1;252,8388;205,56;REW CMDCENTRAL 5.2 XPLAT PT/SWCH PT STD LIC D;20104977;;REW CMDCENTRAL 5.2 XPLAT PT/SWCH PT STD LIC D;REW CMDCENTRAL 5.2 XPLAT PT/SWCH PT STD LIC D;REW CMDCENTRAL 5.2 XPLAT PT/SWCH PT STD LIC D;REW CMDCENTRAL 5.2 XPLAT PT/SWCH PT STD LIC D;;;;79;;
1;3;2094;1;80,9586;65,82;REW CMDCENTRAL 5.2 XPLAT PT/SWCH PT ESS A;20104979;;REW CMDCENTRAL 5.2 XPLAT PT/SWCH PT ESS A;REW CMDCENTRAL 5.2 XPLAT PT/SWCH PT ESS A;REW CMDCENTRAL 5.2 XPLAT PT/SWCH PT ESS A;REW CMDCENTRAL 5.2 XPLAT PT/SWCH PT ESS A;;;;79;;
1;3;2094;1;246,1845;200,15;REW CMDCENTRAL 5.2 XPLAT PT/SWCH PT STD LIC E;20104980;;REW CMDCENTRAL 5.2 XPLAT PT/SWCH PT STD LIC E;REW CMDCENTRAL 5.2 XPLAT PT/SWCH PT STD LIC E;REW CMDCENTRAL 5.2 XPLAT PT/SWCH PT STD LIC E;REW CMDCENTRAL 5.2 XPLAT PT/SWCH PT STD LIC E;;;;79;;
1;3;2094;1;60,1962;48,94;REW CMDCENTRAL 5.2 XPLAT PT/SWCH PT BAS D;20104981;;REW CMDCENTRAL 5.2 XPLAT PT/SWCH PT BAS D;REW CMDCENTRAL 5.2 XPLAT PT/SWCH PT BAS D;REW CMDCENTRAL 5.2 XPLAT PT/SWCH PT BAS D;REW CMDCENTRAL 5.2 XPLAT PT/SWCH PT BAS D;;;;79;;
1;3;2094;1;63,3696;51,52;AE CMDCENTRAL 5.2 XPLAT PT/SWCH PT BAS S;20104982;;AE CMDCENTRAL 5.2 XPLAT PT/SWCH PT BAS S;AE CMDCENTRAL 5.2 XPLAT PT/SWCH PT BAS S;AE CMDCENTRAL 5.2 XPLAT PT/SWCH PT BAS S;AE CMDCENTRAL 5.2 XPLAT PT/SWCH PT BAS S;;;;79;;
1;3;2094;1;80,9586;65,82;REW CMDCENTRAL 5.2 XPLAT PT/SWCH PT ESS B;20104984;;REW CMDCENTRAL 5.2 XPLAT PT/SWCH PT ESS B;REW CMDCENTRAL 5.2 XPLAT PT/SWCH PT ESS B;REW CMDCENTRAL 5.2 XPLAT PT/SWCH PT ESS B;REW CMDCENTRAL 5.2 XPLAT PT/SWCH PT ESS B;;;;79;;
1;3;2094;1;80,9586;65,82;EXP CMDCENTRAL 5.2 XPLAT PT/SWCH PT ESS S;20104985;;EXP CMDCENTRAL 5.2 XPLAT PT/SWCH PT ESS S;EXP CMDCENTRAL 5.2 XPLAT PT/SWCH PT ESS S;EXP CMDCENTRAL 5.2 XPLAT PT/SWCH PT ESS S;EXP CMDCENTRAL 5.2 XPLAT PT/SWCH PT ESS S;;;;79;;
1;3;2094;1;204,0447;165,89;REW TSPP COMM CNTRL 5.2 XPLAT ESS 12M A;20104993;;REW TSPP COMM CNTRL 5.2 XPLAT ESS 12M A;REW TSPP COMM CNTRL 5.2 XPLAT ESS 12M A;REW TSPP COMM CNTRL 5.2 XPLAT ESS 12M A;REW TSPP COMM CNTRL 5.2 XPLAT ESS 12M A;;;;79;;
1;3;2094;1;193,848;157,6;REW TSPP COMM CNTRL 5.2 XPLAT ESS 12M D;20104994;;REW TSPP COMM CNTRL 5.2 XPLAT ESS 12M D;REW TSPP COMM CNTRL 5.2 XPLAT ESS 12M D;REW TSPP COMM CNTRL 5.2 XPLAT ESS 12M D;REW TSPP COMM CNTRL 5.2 XPLAT ESS 12M D;;;;79;;
1;3;2094;1;499,7613;406,31;AE CMDCENTRAL 5.2 XPLAT SUB LIC S ESS;20104995;;AE CMDCENTRAL 5.2 XPLAT SUB LIC S ESS;AE CMDCENTRAL 5.2 XPLAT SUB LIC S ESS;AE CMDCENTRAL 5.2 XPLAT SUB LIC S ESS;AE CMDCENTRAL 5.2 XPLAT SUB LIC S ESS;;;;79;;
1;3;2094;1;45,5223;37,01;REW TSPP COMM CNTRL 5.2 XPLAT PT/SWCH BAS 12M C;20104999;;REW TSPP COMM CNTRL 5.2 XPLAT PT/SWCH BAS 12M C;REW TSPP COMM CNTRL 5.2 XPLAT PT/SWCH BAS 12M C;REW TSPP COMM CNTRL 5.2 XPLAT PT/SWCH BAS 12M C;REW TSPP COMM CNTRL 5.2 XPLAT PT/SWCH BAS 12M C;;;;79;;
1;3;2094;1;47,9085;38,95;GOV TSPP COMM CNTRL 5.2 XPLAT PT/SWCH BAS 12M S;20105000;;GOV TSPP COMM CNTRL 5.2 XPLAT PT/SWCH BAS 12M S;GOV TSPP COMM CNTRL 5.2 XPLAT PT/SWCH BAS 12M S;GOV TSPP COMM CNTRL 5.2 XPLAT PT/SWCH BAS 12M S;GOV TSPP COMM CNTRL 5.2 XPLAT PT/SWCH BAS 12M S;;;;79;;
1;3;2094;1;61,2171;49,77;GOV TSPP COMM CNTRL 5.2 XPLAT PT/SWCH ESS 12M S;20105001;;GOV TSPP COMM CNTRL 5.2 XPLAT PT/SWCH ESS 12M S;GOV TSPP COMM CNTRL 5.2 XPLAT PT/SWCH ESS 12M S;GOV TSPP COMM CNTRL 5.2 XPLAT PT/SWCH ESS 12M S;GOV TSPP COMM CNTRL 5.2 XPLAT PT/SWCH ESS 12M S;;;;79;;
1;3;2094;1;142,434;115,8;REW CMDCENTRAL 5.2 XPLAT PT/SWCH PT SUB LIC D ESS;20105002;;REW CMDCENTRAL 5.2 XPLAT PT/SWCH PT SUB LIC D ESS;REW CMDCENTRAL 5.2 XPLAT PT/SWCH PT SUB LIC D ESS;REW CMDCENTRAL 5.2 XPLAT PT/SWCH PT SUB LIC D ESS;REW CMDCENTRAL 5.2 XPLAT PT/SWCH PT SUB LIC D ESS;;;;79;;
1;3;2094;1;134,193;109,1;REW CMDCENTRAL 5.2 XPLAT PT/SWCH PT XG LIC STO A;20105006;;REW CMDCENTRAL 5.2 XPLAT PT/SWCH PT XG LIC STO A;REW CMDCENTRAL 5.2 XPLAT PT/SWCH PT XG LIC STO A;REW CMDCENTRAL 5.2 XPLAT PT/SWCH PT XG LIC STO A;REW CMDCENTRAL 5.2 XPLAT PT/SWCH PT XG LIC STO A;;;;79;;
1;3;2094;1;149,9247;121,89;GOV CMDCENTRAL 5.2 XPLAT PT/SWCH PT SUB LIC S ESS;20105012;;GOV CMDCENTRAL 5.2 XPLAT PT/SWCH PT SUB LIC S ESS;GOV CMDCENTRAL 5.2 XPLAT PT/SWCH PT SUB LIC S ESS;GOV CMDCENTRAL 5.2 XPLAT PT/SWCH PT SUB LIC S ESS;GOV CMDCENTRAL 5.2 XPLAT PT/SWCH PT SUB LIC S ESS;;;;79;;
1;3;2094;1;149,9247;121,89;AE CMDCENTRAL 5.2 XPLAT PT/SWCH PT SUB LIC S ESS;20105015;;AE CMDCENTRAL 5.2 XPLAT PT/SWCH PT SUB LIC S ESS;AE CMDCENTRAL 5.2 XPLAT PT/SWCH PT SUB LIC S ESS;AE CMDCENTRAL 5.2 XPLAT PT/SWCH PT SUB LIC S ESS;AE CMDCENTRAL 5.2 XPLAT PT/SWCH PT SUB LIC S ESS;;;;79;;
1;3;2094;1;266,1597;216,39;REW CMDCENTRAL 5.2 XPLAT PT/SWCH PT STD LIC B;20105017;;REW CMDCENTRAL 5.2 XPLAT PT/SWCH PT STD LIC B;REW CMDCENTRAL 5.2 XPLAT PT/SWCH PT STD LIC B;REW CMDCENTRAL 5.2 XPLAT PT/SWCH PT STD LIC B;REW CMDCENTRAL 5.2 XPLAT PT/SWCH PT STD LIC B;;;;79;;
1;3;2094;1;252,8388;205,56;REW CMDCENTRAL 5.2 XPLAT PT/SWCH PT STD LIC C;20105018;;REW CMDCENTRAL 5.2 XPLAT PT/SWCH PT STD LIC C;REW CMDCENTRAL 5.2 XPLAT PT/SWCH PT STD LIC C;REW CMDCENTRAL 5.2 XPLAT PT/SWCH PT STD LIC C;REW CMDCENTRAL 5.2 XPLAT PT/SWCH PT STD LIC C;;;;79;;
1;3;2094;1;266,1597;216,39;GOV CMDCENTRAL 5.2 XPLAT PT/SWCH PT STD LIC S;20105019;;GOV CMDCENTRAL 5.2 XPLAT PT/SWCH PT STD LIC S;GOV CMDCENTRAL 5.2 XPLAT PT/SWCH PT STD LIC S;GOV CMDCENTRAL 5.2 XPLAT PT/SWCH PT STD LIC S;GOV CMDCENTRAL 5.2 XPLAT PT/SWCH PT STD LIC S;;;;79;;
1;3;2094;1;47,9085;38,95;REW TSPP COMM CNTRL 5.2 XPLAT PT/SWCH BAS 12M A;20105021;;REW TSPP COMM CNTRL 5.2 XPLAT PT/SWCH BAS 12M A;REW TSPP COMM CNTRL 5.2 XPLAT PT/SWCH BAS 12M A;REW TSPP COMM CNTRL 5.2 XPLAT PT/SWCH BAS 12M A;REW TSPP COMM CNTRL 5.2 XPLAT PT/SWCH BAS 12M A;;;;79;;
1;3;2094;1;61,2171;49,77;REW TSPP COMM CNTRL 5.2 XPLAT PT/SWCH ESS 12M A;20105022;;REW TSPP COMM CNTRL 5.2 XPLAT PT/SWCH ESS 12M A;REW TSPP COMM CNTRL 5.2 XPLAT PT/SWCH ESS 12M A;REW TSPP COMM CNTRL 5.2 XPLAT PT/SWCH ESS 12M A;REW TSPP COMM CNTRL 5.2 XPLAT PT/SWCH ESS 12M A;;;;79;;
1;3;2094;1;56,6169;46,03;REW TSPP COMM CNTRL 5.2 XPLAT PT/SWCH ESS 12M E;20105023;;REW TSPP COMM CNTRL 5.2 XPLAT PT/SWCH ESS 12M E;REW TSPP COMM CNTRL 5.2 XPLAT PT/SWCH ESS 12M E;REW TSPP COMM CNTRL 5.2 XPLAT PT/SWCH ESS 12M E;REW TSPP COMM CNTRL 5.2 XPLAT PT/SWCH ESS 12M E;;;;79;;
1;3;2094;1;134,193;109,1;REW CMDCENTRAL 5.2 XPLAT PT/SWCH PT XG LIC STO B;20105024;;REW CMDCENTRAL 5.2 XPLAT PT/SWCH PT XG LIC STO B;REW CMDCENTRAL 5.2 XPLAT PT/SWCH PT XG LIC STO B;REW CMDCENTRAL 5.2 XPLAT PT/SWCH PT XG LIC STO B;REW CMDCENTRAL 5.2 XPLAT PT/SWCH PT XG LIC STO B;;;;79;;
1;3;2094;1;134,193;109,1;REW CMDCENTRAL 5.2 XPLAT PT/SWCH PT XG LIC MGR B;20105025;;REW CMDCENTRAL 5.2 XPLAT PT/SWCH PT XG LIC MGR B;REW CMDCENTRAL 5.2 XPLAT PT/SWCH PT XG LIC MGR B;REW CMDCENTRAL 5.2 XPLAT PT/SWCH PT XG LIC MGR B;REW CMDCENTRAL 5.2 XPLAT PT/SWCH PT XG LIC MGR B;;;;79;;
1;3;2094;1;134,193;109,1;GOV CMDCENTRAL 5.2 XPLAT PT/SWCH PT XG LIC MGR S;20105026;;GOV CMDCENTRAL 5.2 XPLAT PT/SWCH PT XG LIC MGR S;GOV CMDCENTRAL 5.2 XPLAT PT/SWCH PT XG LIC MGR S;GOV CMDCENTRAL 5.2 XPLAT PT/SWCH PT XG LIC MGR S;GOV CMDCENTRAL 5.2 XPLAT PT/SWCH PT XG LIC MGR S;;;;79;;
1;3;2094;1;887,1621;721,27;CMDCENTRAL5.2XPLATPCLIENT STD LIC ACD-S;20105033;;CMDCENTRAL5.2XPLATPCLIENT STD LIC ACD-S;CMDCENTRAL5.2XPLATPCLIENT STD LIC ACD-S;CMDCENTRAL5.2XPLATPCLIENT STD LIC ACD-S;CMDCENTRAL5.2XPLATPCLIENT STD LIC ACD-S;;;;79;;
1;3;2094;1;211,2033;171,71;EXP CMDCENTRAL 5.2 XPLAT BAS S;20105034;;EXP CMDCENTRAL 5.2 XPLAT BAS S;EXP CMDCENTRAL 5.2 XPLAT BAS S;EXP CMDCENTRAL 5.2 XPLAT BAS S;EXP CMDCENTRAL 5.2 XPLAT BAS S;;;;79;;
1;3;2094;1;269,8743;219,41;CMDCENTRAL 5.2 XPLAT P CLIENT ESS REW-B;20105035;;CMDCENTRAL 5.2 XPLAT P CLIENT ESS REW-B;CMDCENTRAL 5.2 XPLAT P CLIENT ESS REW-B;CMDCENTRAL 5.2 XPLAT P CLIENT ESS REW-B;CMDCENTRAL 5.2 XPLAT P CLIENT ESS REW-B;;;;79;;
1;3;2094;1;256,3689;208,43;CMDCENTRAL 5.2 XPLAT P CLIENT ESS REW-D;20105036;;CMDCENTRAL 5.2 XPLAT P CLIENT ESS REW-D;CMDCENTRAL 5.2 XPLAT P CLIENT ESS REW-D;CMDCENTRAL 5.2 XPLAT P CLIENT ESS REW-D;CMDCENTRAL 5.2 XPLAT P CLIENT ESS REW-D;;;;79;;
1;3;2094;1;134,193;109,1;AE CMDCENTRAL 5.2 XPLAT PT/SWCH PT XG LIC MGR S;20105037;;AE CMDCENTRAL 5.2 XPLAT PT/SWCH PT XG LIC MGR S;AE CMDCENTRAL 5.2 XPLAT PT/SWCH PT XG LIC MGR S;AE CMDCENTRAL 5.2 XPLAT PT/SWCH PT XG LIC MGR S;AE CMDCENTRAL 5.2 XPLAT PT/SWCH PT XG LIC MGR S;;;;79;;
1;3;2094;1;134,193;109,1;EXP CMDCENTRAL 5.2 XPLAT PT/SWCH PT XG LIC MGR S;20105048;;EXP CMDCENTRAL 5.2 XPLAT PT/SWCH PT XG LIC MGR S;EXP CMDCENTRAL 5.2 XPLAT PT/SWCH PT XG LIC MGR S;EXP CMDCENTRAL 5.2 XPLAT PT/SWCH PT XG LIC MGR S;EXP CMDCENTRAL 5.2 XPLAT PT/SWCH PT XG LIC MGR S;;;;79;;
1;3;2094;1;269,8743;219,41;EXP CMDCENTRAL 5.2 XPLAT ESS S;20105049;;EXP CMDCENTRAL 5.2 XPLAT ESS S;EXP CMDCENTRAL 5.2 XPLAT ESS S;EXP CMDCENTRAL 5.2 XPLAT ESS S;EXP CMDCENTRAL 5.2 XPLAT ESS S;;;;79;;
1;3;2094;1;887,1621;721,27;CMDCENTRAL5.2XPLATPCLIENT STD LIC REW-A;20105053;;CMDCENTRAL5.2XPLATPCLIENT STD LIC REW-A;CMDCENTRAL5.2XPLATPCLIENT STD LIC REW-A;CMDCENTRAL5.2XPLATPCLIENT STD LIC REW-A;CMDCENTRAL5.2XPLATPCLIENT STD LIC REW-A;;;;79;;
1;3;2094;1;211,2033;171,71;CMDCENTRAL 5.2 XPLAT P CLIENT BAS GOV-S;20105054;;CMDCENTRAL 5.2 XPLAT P CLIENT BAS GOV-S;CMDCENTRAL 5.2 XPLAT P CLIENT BAS GOV-S;CMDCENTRAL 5.2 XPLAT P CLIENT BAS GOV-S;CMDCENTRAL 5.2 XPLAT P CLIENT BAS GOV-S;;;;79;;
1;3;2094;1;159,6909;129,83;VRTS COM 5.2 XPLAT CLIENT 12M EXP BAND-S;20105058;;VRTS COM 5.2 XPLAT CLIENT 12M EXP BAND-S;VRTS COM 5.2 XPLAT CLIENT 12M EXP BAND-S;VRTS COM 5.2 XPLAT CLIENT 12M EXP BAND-S;VRTS COM 5.2 XPLAT CLIENT 12M EXP BAND-S;;;;79;;
1;3;2094;1;204,0447;165,89;GOV TSPP COMM CNTRL 5.2 XPLAT ESS 12M S;20105060;;GOV TSPP COMM CNTRL 5.2 XPLAT ESS 12M S;GOV TSPP COMM CNTRL 5.2 XPLAT ESS 12M S;GOV TSPP COMM CNTRL 5.2 XPLAT ESS 12M S;GOV TSPP COMM CNTRL 5.2 XPLAT ESS 12M S;;;;79;;
1;3;2094;1;499,7613;406,31;REW CMDCENTRAL 5.2 XPLAT SUB LIC A ESS;20105061;;REW CMDCENTRAL 5.2 XPLAT SUB LIC A ESS;REW CMDCENTRAL 5.2 XPLAT SUB LIC A ESS;REW CMDCENTRAL 5.2 XPLAT SUB LIC A ESS;REW CMDCENTRAL 5.2 XPLAT SUB LIC A ESS;;;;79;;
1;3;2094;1;76,9119;62,53;REW CMDCENTRAL 5.2 XPLAT PT/SWCH PT ESS D;20105064;;REW CMDCENTRAL 5.2 XPLAT PT/SWCH PT ESS D;REW CMDCENTRAL 5.2 XPLAT PT/SWCH PT ESS D;REW CMDCENTRAL 5.2 XPLAT PT/SWCH PT ESS D;REW CMDCENTRAL 5.2 XPLAT PT/SWCH PT ESS D;;;;79;;
1;3;2094;1;124,1193;100,91;REW CMDCENTRAL 5.2 XPLAT PT/SWCH PT XG LIC STO E;20105069;;REW CMDCENTRAL 5.2 XPLAT PT/SWCH PT XG LIC STO E;REW CMDCENTRAL 5.2 XPLAT PT/SWCH PT XG LIC STO E;REW CMDCENTRAL 5.2 XPLAT PT/SWCH PT XG LIC STO E;REW CMDCENTRAL 5.2 XPLAT PT/SWCH PT XG LIC STO E;;;;79;;
1;3;2094;1;151,7082;123,34;REW TSPP COMM CNTRL 5.2 XPLAT BAS 12M D;20105079;;REW TSPP COMM CNTRL 5.2 XPLAT BAS 12M D;REW TSPP COMM CNTRL 5.2 XPLAT BAS 12M D;REW TSPP COMM CNTRL 5.2 XPLAT BAS 12M D;REW TSPP COMM CNTRL 5.2 XPLAT BAS 12M D;;;;79;;
1;3;2094;1;159,6909;129,83;GOV TSPP COMM CNTRL 5.2 XPLAT BAS 12M S;20105080;;GOV TSPP COMM CNTRL 5.2 XPLAT BAS 12M S;GOV TSPP COMM CNTRL 5.2 XPLAT BAS 12M S;GOV TSPP COMM CNTRL 5.2 XPLAT BAS 12M S;GOV TSPP COMM CNTRL 5.2 XPLAT BAS 12M S;;;;79;;
1;3;2094;1;266,1597;216,39;EXP CMDCENTRAL 5.2 XPLAT PT/SWCH PT STD LIC S;20105081;;EXP CMDCENTRAL 5.2 XPLAT PT/SWCH PT STD LIC S;EXP CMDCENTRAL 5.2 XPLAT PT/SWCH PT STD LIC S;EXP CMDCENTRAL 5.2 XPLAT PT/SWCH PT STD LIC S;EXP CMDCENTRAL 5.2 XPLAT PT/SWCH PT STD LIC S;;;;79;;
1;3;2094;1;266,1597;216,39;AE CMDCENTRAL 5.2 XPLAT PT/SWCH PT STD LIC S;20105082;;AE CMDCENTRAL 5.2 XPLAT PT/SWCH PT STD LIC S;AE CMDCENTRAL 5.2 XPLAT PT/SWCH PT STD LIC S;AE CMDCENTRAL 5.2 XPLAT PT/SWCH PT STD LIC S;AE CMDCENTRAL 5.2 XPLAT PT/SWCH PT STD LIC S;;;;79;;
1;3;2094;1;63,3696;51,52;REW CMDCENTRAL 5.2 XPLAT PT/SWCH PT BAS A;20105083;;REW CMDCENTRAL 5.2 XPLAT PT/SWCH PT BAS A;REW CMDCENTRAL 5.2 XPLAT PT/SWCH PT BAS A;REW CMDCENTRAL 5.2 XPLAT PT/SWCH PT BAS A;REW CMDCENTRAL 5.2 XPLAT PT/SWCH PT BAS A;;;;79;;
1;3;2094;1;63,3696;51,52;EXP CMDCENTRAL 5.2 XPLAT PT/SWCH PT BAS S;20105084;;EXP CMDCENTRAL 5.2 XPLAT PT/SWCH PT BAS S;EXP CMDCENTRAL 5.2 XPLAT PT/SWCH PT BAS S;EXP CMDCENTRAL 5.2 XPLAT PT/SWCH PT BAS S;EXP CMDCENTRAL 5.2 XPLAT PT/SWCH PT BAS S;;;;79;;
1;3;2094;1;76,9119;62,53;REW CMDCENTRAL 5.2 XPLAT PT/SWCH PT ESS C;20105085;;REW CMDCENTRAL 5.2 XPLAT PT/SWCH PT ESS C;REW CMDCENTRAL 5.2 XPLAT PT/SWCH PT ESS C;REW CMDCENTRAL 5.2 XPLAT PT/SWCH PT ESS C;REW CMDCENTRAL 5.2 XPLAT PT/SWCH PT ESS C;;;;79;;
1;3;2094;1;74,8947;60,89;REW CMDCENTRAL 5.2 XPLAT PT/SWCH PT ESS E;20105086;;REW CMDCENTRAL 5.2 XPLAT PT/SWCH PT ESS E;REW CMDCENTRAL 5.2 XPLAT PT/SWCH PT ESS E;REW CMDCENTRAL 5.2 XPLAT PT/SWCH PT ESS E;REW CMDCENTRAL 5.2 XPLAT PT/SWCH PT ESS E;;;;79;;
1;3;2094;1;80,9586;65,82;GOV CMDCENTRAL 5.2 XPLAT PT/SWCH PT ESS S;20105087;;GOV CMDCENTRAL 5.2 XPLAT PT/SWCH PT ESS S;GOV CMDCENTRAL 5.2 XPLAT PT/SWCH PT ESS S;GOV CMDCENTRAL 5.2 XPLAT PT/SWCH PT ESS S;GOV CMDCENTRAL 5.2 XPLAT PT/SWCH PT ESS S;;;;79;;
1;3;2094;1;58,1544;47,28;REW TSPP COMM CNTRL 5.2 XPLAT PT/SWCH ESS 12M C;20105090;;REW TSPP COMM CNTRL 5.2 XPLAT PT/SWCH ESS 12M C;REW TSPP COMM CNTRL 5.2 XPLAT PT/SWCH ESS 12M C;REW TSPP COMM CNTRL 5.2 XPLAT PT/SWCH ESS 12M C;REW TSPP COMM CNTRL 5.2 XPLAT PT/SWCH ESS 12M C;;;;79;;
1;3;2094;1;142,434;115,8;REW CMDCENTRAL 5.2 XPLAT PT/SWCH PT SUB LIC C ESS;20105091;;REW CMDCENTRAL 5.2 XPLAT PT/SWCH PT SUB LIC C ESS;REW CMDCENTRAL 5.2 XPLAT PT/SWCH PT SUB LIC C ESS;REW CMDCENTRAL 5.2 XPLAT PT/SWCH PT SUB LIC C ESS;REW CMDCENTRAL 5.2 XPLAT PT/SWCH PT SUB LIC C ESS;;;;79;;
1;3;2094;1;138,6825;112,75;REW CMDCENTRAL 5.2 XPLAT PT/SWCH PT SUB LIC E ESS;20105094;;REW CMDCENTRAL 5.2 XPLAT PT/SWCH PT SUB LIC E ESS;REW CMDCENTRAL 5.2 XPLAT PT/SWCH PT SUB LIC E ESS;REW CMDCENTRAL 5.2 XPLAT PT/SWCH PT SUB LIC E ESS;REW CMDCENTRAL 5.2 XPLAT PT/SWCH PT SUB LIC E ESS;;;;79;;
1;3;2094;1;134,193;109,1;REW CMDCENTRAL 5.2 XPLAT PT/SWCH PT XG LIC MGR A;20105097;;REW CMDCENTRAL 5.2 XPLAT PT/SWCH PT XG LIC MGR A;REW CMDCENTRAL 5.2 XPLAT PT/SWCH PT XG LIC MGR A;REW CMDCENTRAL 5.2 XPLAT PT/SWCH PT XG LIC MGR A;REW CMDCENTRAL 5.2 XPLAT PT/SWCH PT XG LIC MGR A;;;;79;;
1;3;2094;1;887,1621;721,27;EXP CMDCENTRAL 5.2 XPLAT STD LIC S;20105105;;EXP CMDCENTRAL 5.2 XPLAT STD LIC S;EXP CMDCENTRAL 5.2 XPLAT STD LIC S;EXP CMDCENTRAL 5.2 XPLAT STD LIC S;EXP CMDCENTRAL 5.2 XPLAT STD LIC S;;;;79;;
1;3;2094;1;211,2033;171,71;CMDCENTRAL 5.2 XPLAT P CLIENT BAS ACD-S;20105106;;CMDCENTRAL 5.2 XPLAT P CLIENT BAS ACD-S;CMDCENTRAL 5.2 XPLAT P CLIENT BAS ACD-S;CMDCENTRAL 5.2 XPLAT P CLIENT BAS ACD-S;CMDCENTRAL 5.2 XPLAT P CLIENT BAS ACD-S;;;;79;;
1;3;2094;1;127,4772;103,64;REW CMDCENTRAL 5.2 XPLAT PT/SWCH PT XG LIC STO C;20105122;;REW CMDCENTRAL 5.2 XPLAT PT/SWCH PT XG LIC STO C;REW CMDCENTRAL 5.2 XPLAT PT/SWCH PT XG LIC STO C;REW CMDCENTRAL 5.2 XPLAT PT/SWCH PT XG LIC STO C;REW CMDCENTRAL 5.2 XPLAT PT/SWCH PT XG LIC STO C;;;;79;;
1;3;2094;1;134,193;109,1;EXP CMDCENTRAL 5.2 XPLAT PT/SWCH PT XG LIC STOR S;20105123;;EXP CMDCENTRAL 5.2 XPLAT PT/SWCH PT XG LIC STOR S;EXP CMDCENTRAL 5.2 XPLAT PT/SWCH PT XG LIC STOR S;EXP CMDCENTRAL 5.2 XPLAT PT/SWCH PT XG LIC STOR S;EXP CMDCENTRAL 5.2 XPLAT PT/SWCH PT XG LIC STOR S;;;;79;;
1;3;2094;1;887,1621;721,27;CMDCENTRAL5.2XPLATPCLIENT STD LIC REW-B;20105138;;CMDCENTRAL5.2XPLATPCLIENT STD LIC REW-B;CMDCENTRAL5.2XPLATPCLIENT STD LIC REW-B;CMDCENTRAL5.2XPLATPCLIENT STD LIC REW-B;CMDCENTRAL5.2XPLATPCLIENT STD LIC REW-B;;;;79;;
1;3;2094;1;211,2033;171,71;CMDCENTRAL 5.2 XPLAT P CLIENT BAS REW-A;20105139;;CMDCENTRAL 5.2 XPLAT P CLIENT BAS REW-A;CMDCENTRAL 5.2 XPLAT P CLIENT BAS REW-A;CMDCENTRAL 5.2 XPLAT P CLIENT BAS REW-A;CMDCENTRAL 5.2 XPLAT P CLIENT BAS REW-A;;;;79;;
1;3;2094;1;204,0447;165,89;REW TSPP COMM CNTRL 5.2 XPLAT ESS 12M B;20105141;;REW TSPP COMM CNTRL 5.2 XPLAT ESS 12M B;REW TSPP COMM CNTRL 5.2 XPLAT ESS 12M B;REW TSPP COMM CNTRL 5.2 XPLAT ESS 12M B;REW TSPP COMM CNTRL 5.2 XPLAT ESS 12M B;;;;79;;
1;3;2094;1;474,7677;385,99;REW CMDCENTRAL 5.2 XPLAT SUB LIC D ESS;20105142;;REW CMDCENTRAL 5.2 XPLAT SUB LIC D ESS;REW CMDCENTRAL 5.2 XPLAT SUB LIC D ESS;REW CMDCENTRAL 5.2 XPLAT SUB LIC D ESS;REW CMDCENTRAL 5.2 XPLAT SUB LIC D ESS;;;;79;;
1;3;2094;1;462,2709;375,83;REW CMDCENTRAL 5.2 XPLAT SUB LIC E ESS;20105145;;REW CMDCENTRAL 5.2 XPLAT SUB LIC E ESS;REW CMDCENTRAL 5.2 XPLAT SUB LIC E ESS;REW CMDCENTRAL 5.2 XPLAT SUB LIC E ESS;REW CMDCENTRAL 5.2 XPLAT SUB LIC E ESS;;;;79;;
1;3;2094;1;499,7613;406,31;GOV CMDCENTRAL 5.2 XPLAT SUB LIC S ESS;20105148;;GOV CMDCENTRAL 5.2 XPLAT SUB LIC S ESS;GOV CMDCENTRAL 5.2 XPLAT SUB LIC S ESS;GOV CMDCENTRAL 5.2 XPLAT SUB LIC S ESS;GOV CMDCENTRAL 5.2 XPLAT SUB LIC S ESS;;;;79;;
1;3;2094;1;499,7613;406,31;EXP CMDCENTRAL 5.2 XPLAT SUB LIC S ESS;20105151;;EXP CMDCENTRAL 5.2 XPLAT SUB LIC S ESS;EXP CMDCENTRAL 5.2 XPLAT SUB LIC S ESS;EXP CMDCENTRAL 5.2 XPLAT SUB LIC S ESS;EXP CMDCENTRAL 5.2 XPLAT SUB LIC S ESS;;;;79;;
1;3;2094;1;266,1597;216,39;REW CMDCENTRAL 5.2 XPLAT PT/SWCH PT STD LIC A;20105154;;REW CMDCENTRAL 5.2 XPLAT PT/SWCH PT STD LIC A;REW CMDCENTRAL 5.2 XPLAT PT/SWCH PT STD LIC A;REW CMDCENTRAL 5.2 XPLAT PT/SWCH PT STD LIC A;REW CMDCENTRAL 5.2 XPLAT PT/SWCH PT STD LIC A;;;;79;;
1;3;2094;1;63,3696;51,52;REW CMDCENTRAL 5.2 XPLAT PT/SWCH PT BAS B;20105155;;REW CMDCENTRAL 5.2 XPLAT PT/SWCH PT BAS B;REW CMDCENTRAL 5.2 XPLAT PT/SWCH PT BAS B;REW CMDCENTRAL 5.2 XPLAT PT/SWCH PT BAS B;REW CMDCENTRAL 5.2 XPLAT PT/SWCH PT BAS B;;;;79;;
1;3;2094;1;58,6218;47,66;REW CMDCENTRAL 5.2 XPLAT PT/SWCH PT BAS E;20105156;;REW CMDCENTRAL 5.2 XPLAT PT/SWCH PT BAS E;REW CMDCENTRAL 5.2 XPLAT PT/SWCH PT BAS E;REW CMDCENTRAL 5.2 XPLAT PT/SWCH PT BAS E;REW CMDCENTRAL 5.2 XPLAT PT/SWCH PT BAS E;;;;79;;
1;3;2094;1;47,9085;38,95;EXP TSPP COMM CNTRL 5.2 XPLAT PT/SWCH BAS 12M S;20105161;;EXP TSPP COMM CNTRL 5.2 XPLAT PT/SWCH BAS 12M S;EXP TSPP COMM CNTRL 5.2 XPLAT PT/SWCH BAS 12M S;EXP TSPP COMM CNTRL 5.2 XPLAT PT/SWCH BAS 12M S;EXP TSPP COMM CNTRL 5.2 XPLAT PT/SWCH BAS 12M S;;;;79;;
1;3;2094;1;47,9085;38,95;AE TSPP COMM CNTRL 5.2 XPLAT PT/SWCH BAS 12M S;20105162;;AE TSPP COMM CNTRL 5.2 XPLAT PT/SWCH BAS 12M S;AE TSPP COMM CNTRL 5.2 XPLAT PT/SWCH BAS 12M S;AE TSPP COMM CNTRL 5.2 XPLAT PT/SWCH BAS 12M S;AE TSPP COMM CNTRL 5.2 XPLAT PT/SWCH BAS 12M S;;;;79;;
1;3;2094;1;58,1544;47,28;REW TSPP COMM CNTRL 5.2 XPLAT PT/SWCH ESS 12M D;20105163;;REW TSPP COMM CNTRL 5.2 XPLAT PT/SWCH ESS 12M D;REW TSPP COMM CNTRL 5.2 XPLAT PT/SWCH ESS 12M D;REW TSPP COMM CNTRL 5.2 XPLAT PT/SWCH ESS 12M D;REW TSPP COMM CNTRL 5.2 XPLAT PT/SWCH ESS 12M D;;;;79;;
1;3;2094;1;61,2171;49,77;EXP TSPP COMM CNTRL 5.2 XPLAT PT/SWCH ESS 12M S;20105164;;EXP TSPP COMM CNTRL 5.2 XPLAT PT/SWCH ESS 12M S;EXP TSPP COMM CNTRL 5.2 XPLAT PT/SWCH ESS 12M S;EXP TSPP COMM CNTRL 5.2 XPLAT PT/SWCH ESS 12M S;EXP TSPP COMM CNTRL 5.2 XPLAT PT/SWCH ESS 12M S;;;;79;;
1;3;2094;1;134,193;109,1;AE CMDCENTRAL 5.2 XPLAT PT/SWCH PT XG LIC STOR S;20105165;;AE CMDCENTRAL 5.2 XPLAT PT/SWCH PT XG LIC STOR S;AE CMDCENTRAL 5.2 XPLAT PT/SWCH PT XG LIC STOR S;AE CMDCENTRAL 5.2 XPLAT PT/SWCH PT XG LIC STOR S;AE CMDCENTRAL 5.2 XPLAT PT/SWCH PT XG LIC STOR S;;;;79;;
1;3;2094;1;27,9456;22,72;AE TSPP COMM CNTRL STOR 5.2XPLAT PT/SWCH BAS12M S;20105166;;AE TSPP COMM CNTRL STOR 5.2XPLAT PT/SWCH BAS12M S;AE TSPP COMM CNTRL STOR 5.2XPLAT PT/SWCH BAS12M S;AE TSPP COMM CNTRL STOR 5.2XPLAT PT/SWCH BAS12M S;AE TSPP COMM CNTRL STOR 5.2XPLAT PT/SWCH BAS12M S;;;;79;;
1;3;2094;1;47,232;38,4;REW CMDCENTRAL STOR 5.2 XPLAT PT/SWCH PT ESS B;20105167;;REW CMDCENTRAL STOR 5.2 XPLAT PT/SWCH PT ESS B;REW CMDCENTRAL STOR 5.2 XPLAT PT/SWCH PT ESS B;REW CMDCENTRAL STOR 5.2 XPLAT PT/SWCH PT ESS B;REW CMDCENTRAL STOR 5.2 XPLAT PT/SWCH PT ESS B;;;;79;;
1;3;2094;1;44,8704;36,48;REW CMDCENTRAL STOR 5.2 XPLAT PT/SWCH PT ESS D;20105168;;REW CMDCENTRAL STOR 5.2 XPLAT PT/SWCH PT ESS D;REW CMDCENTRAL STOR 5.2 XPLAT PT/SWCH PT ESS D;REW CMDCENTRAL STOR 5.2 XPLAT PT/SWCH PT ESS D;REW CMDCENTRAL STOR 5.2 XPLAT PT/SWCH PT ESS D;;;;79;;
1;3;2094;1;43,6773;35,51;REW CMDCENTRAL STOR 5.2 XPLAT PT/SWCH PT ESS E;20105169;;REW CMDCENTRAL STOR 5.2 XPLAT PT/SWCH PT ESS E;REW CMDCENTRAL STOR 5.2 XPLAT PT/SWCH PT ESS E;REW CMDCENTRAL STOR 5.2 XPLAT PT/SWCH PT ESS E;REW CMDCENTRAL STOR 5.2 XPLAT PT/SWCH PT ESS E;;;;79;;
1;3;2094;1;27,9456;22,72;EXP TSPP COMM CNTRL STOR 5.2 PT/SWCH PT BAS 12M S;20105173;;EXP TSPP COMM CNTRL STOR 5.2 PT/SWCH PT BAS 12M S;EXP TSPP COMM CNTRL STOR 5.2 PT/SWCH PT BAS 12M S;EXP TSPP COMM CNTRL STOR 5.2 PT/SWCH PT BAS 12M S;EXP TSPP COMM CNTRL STOR 5.2 PT/SWCH PT BAS 12M S;;;;79;;
1;3;2094;1;33,9234;27,58;REW TSPP COMM CNTRL STOR 5.2XPLAT PT/SWCH ESS12M D;20105174;;REW TSPP COMM CNTRL STOR 5.2XPLAT PT/SWCH ESS12M D;REW TSPP COMM CNTRL STOR 5.2XPLAT PT/SWCH ESS12M D;REW TSPP COMM CNTRL STOR 5.2XPLAT PT/SWCH ESS12M D;REW TSPP COMM CNTRL STOR 5.2XPLAT PT/SWCH ESS12M D;;;;79;;
1;3;2094;1;35,7192;29,04;GOV TSPP COMM CNTRL STOR 5.2XPLAT PT/SWCH ESS12M S;20105178;;GOV TSPP COMM CNTRL STOR 5.2XPLAT PT/SWCH ESS12M S;GOV TSPP COMM CNTRL STOR 5.2XPLAT PT/SWCH ESS12M S;GOV TSPP COMM CNTRL STOR 5.2XPLAT PT/SWCH ESS12M S;GOV TSPP COMM CNTRL STOR 5.2XPLAT PT/SWCH ESS12M S;;;;79;;
1;3;2094;1;35,7192;29,04;AE TSPP COMM CNTRL STOR 5.2XPLAT PT/SWCH ESS12M S;20105179;;AE TSPP COMM CNTRL STOR 5.2XPLAT PT/SWCH ESS12M S;AE TSPP COMM CNTRL STOR 5.2XPLAT PT/SWCH ESS12M S;AE TSPP COMM CNTRL STOR 5.2XPLAT PT/SWCH ESS12M S;AE TSPP COMM CNTRL STOR 5.2XPLAT PT/SWCH ESS12M S;;;;79;;
1;3;2094;1;87,453;71,1;AE CMDCENTRAL STOR 5.2 XPLAT PT/SWCH LIC S ESS;20105180;;AE CMDCENTRAL STOR 5.2 XPLAT PT/SWCH LIC S ESS;AE CMDCENTRAL STOR 5.2 XPLAT PT/SWCH LIC S ESS;AE CMDCENTRAL STOR 5.2 XPLAT PT/SWCH LIC S ESS;AE CMDCENTRAL STOR 5.2 XPLAT PT/SWCH LIC S ESS;;;;79;;
1;3;2094;1;155,2506;126,22;REW CMDCENTRAL STOR 5.2 XPLAT PT/SWCH STD LIC B;20105190;;REW CMDCENTRAL STOR 5.2 XPLAT PT/SWCH STD LIC B;REW CMDCENTRAL STOR 5.2 XPLAT PT/SWCH STD LIC B;REW CMDCENTRAL STOR 5.2 XPLAT PT/SWCH STD LIC B;REW CMDCENTRAL STOR 5.2 XPLAT PT/SWCH STD LIC B;;;;79;;
1;3;2094;1;147,5016;119,92;REW CMDCENTRAL STOR 5.2 XPLAT PT/SWCH STD LIC C;20105191;;REW CMDCENTRAL STOR 5.2 XPLAT PT/SWCH STD LIC C;REW CMDCENTRAL STOR 5.2 XPLAT PT/SWCH STD LIC C;REW CMDCENTRAL STOR 5.2 XPLAT PT/SWCH STD LIC C;REW CMDCENTRAL STOR 5.2 XPLAT PT/SWCH STD LIC C;;;;79;;
1;3;2094;1;147,5016;119,92;REW CMDCENTRAL STOR 5.2 XPLAT PT/SWCH STD LIC D;20105192;;REW CMDCENTRAL STOR 5.2 XPLAT PT/SWCH STD LIC D;REW CMDCENTRAL STOR 5.2 XPLAT PT/SWCH STD LIC D;REW CMDCENTRAL STOR 5.2 XPLAT PT/SWCH STD LIC D;REW CMDCENTRAL STOR 5.2 XPLAT PT/SWCH STD LIC D;;;;79;;
1;3;2094;1;155,2506;126,22;GOV CMDCENTRAL STOR 5.2 XPLAT PT/SWCH STD LIC S;20105193;;GOV CMDCENTRAL STOR 5.2 XPLAT PT/SWCH STD LIC S;GOV CMDCENTRAL STOR 5.2 XPLAT PT/SWCH STD LIC S;GOV CMDCENTRAL STOR 5.2 XPLAT PT/SWCH STD LIC S;GOV CMDCENTRAL STOR 5.2 XPLAT PT/SWCH STD LIC S;;;;79;;
1;3;2094;1;36,9615;30,05;REW CMDCENTRAL STOR 5.2 XPLAT PT/SWCH PT BAS B;20105194;;REW CMDCENTRAL STOR 5.2 XPLAT PT/SWCH PT BAS B;REW CMDCENTRAL STOR 5.2 XPLAT PT/SWCH PT BAS B;REW CMDCENTRAL STOR 5.2 XPLAT PT/SWCH PT BAS B;REW CMDCENTRAL STOR 5.2 XPLAT PT/SWCH PT BAS B;;;;79;;
1;3;2094;1;35,1165;28,55;REW CMDCENTRAL STOR 5.2 XPLAT PT/SWCH PT BAS D;20105195;;REW CMDCENTRAL STOR 5.2 XPLAT PT/SWCH PT BAS D;REW CMDCENTRAL STOR 5.2 XPLAT PT/SWCH PT BAS D;REW CMDCENTRAL STOR 5.2 XPLAT PT/SWCH PT BAS D;REW CMDCENTRAL STOR 5.2 XPLAT PT/SWCH PT BAS D;;;;79;;
1;3;2094;1;36,9615;30,05;EXP CMDCENTRAL STOR 5.2 XPLAT PT/SWCH PT BAS S;20105196;;EXP CMDCENTRAL STOR 5.2 XPLAT PT/SWCH PT BAS S;EXP CMDCENTRAL STOR 5.2 XPLAT PT/SWCH PT BAS S;EXP CMDCENTRAL STOR 5.2 XPLAT PT/SWCH PT BAS S;EXP CMDCENTRAL STOR 5.2 XPLAT PT/SWCH PT BAS S;;;;79;;
1;3;2094;1;26,568;21,6;REW TSPP COMM CNTRL STOR 5.2XPLAT PT/SWCH BAS12M D;20105200;;REW TSPP COMM CNTRL STOR 5.2XPLAT PT/SWCH BAS12M D;REW TSPP COMM CNTRL STOR 5.2XPLAT PT/SWCH BAS12M D;REW TSPP COMM CNTRL STOR 5.2XPLAT PT/SWCH BAS12M D;REW TSPP COMM CNTRL STOR 5.2XPLAT PT/SWCH BAS12M D;;;;79;;
1;3;2094;1;33,0378;26,86;REW TSPP COMM CNTRL STOR 5.2XPLAT PT/SWCH ESS12M E;20105201;;REW TSPP COMM CNTRL STOR 5.2XPLAT PT/SWCH ESS12M E;REW TSPP COMM CNTRL STOR 5.2XPLAT PT/SWCH ESS12M E;REW TSPP COMM CNTRL STOR 5.2XPLAT PT/SWCH ESS12M E;REW TSPP COMM CNTRL STOR 5.2XPLAT PT/SWCH ESS12M E;;;;79;;
1;3;2094;1;87,453;71,1;REW CMDCENTRAL STOR 5.2 XPLAT PT/SWCH LIC B ESS;20105202;;REW CMDCENTRAL STOR 5.2 XPLAT PT/SWCH LIC B ESS;REW CMDCENTRAL STOR 5.2 XPLAT PT/SWCH LIC B ESS;REW CMDCENTRAL STOR 5.2 XPLAT PT/SWCH LIC B ESS;REW CMDCENTRAL STOR 5.2 XPLAT PT/SWCH LIC B ESS;;;;79;;
1;3;2094;1;155,2506;126,22;EXP CMDCENTRAL STOR 5.2 XPLAT PT/SWCH PT LIC S;20105221;;EXP CMDCENTRAL STOR 5.2 XPLAT PT/SWCH PT LIC S;EXP CMDCENTRAL STOR 5.2 XPLAT PT/SWCH PT LIC S;EXP CMDCENTRAL STOR 5.2 XPLAT PT/SWCH PT LIC S;EXP CMDCENTRAL STOR 5.2 XPLAT PT/SWCH PT LIC S;;;;79;;
1;3;2094;1;36,9615;30,05;GOV CMDCENTRAL STOR 5.2 XPLAT PT/SWCH PT BAS S;20105222;;GOV CMDCENTRAL STOR 5.2 XPLAT PT/SWCH PT BAS S;GOV CMDCENTRAL STOR 5.2 XPLAT PT/SWCH PT BAS S;GOV CMDCENTRAL STOR 5.2 XPLAT PT/SWCH PT BAS S;GOV CMDCENTRAL STOR 5.2 XPLAT PT/SWCH PT BAS S;;;;79;;
1;3;2094;1;47,232;38,4;EXP CMDCENTRAL STOR 5.2 XPLAT PT/SWCH PT ESS S;20105234;;EXP CMDCENTRAL STOR 5.2 XPLAT PT/SWCH PT ESS S;EXP CMDCENTRAL STOR 5.2 XPLAT PT/SWCH PT ESS S;EXP CMDCENTRAL STOR 5.2 XPLAT PT/SWCH PT ESS S;EXP CMDCENTRAL STOR 5.2 XPLAT PT/SWCH PT ESS S;;;;79;;
1;3;2094;1;87,453;71,1;REW CMDCENTRAL STOR 5.2 XPLAT PT/SWCH LIC A ESS;20105237;;REW CMDCENTRAL STOR 5.2 XPLAT PT/SWCH LIC A ESS;REW CMDCENTRAL STOR 5.2 XPLAT PT/SWCH LIC A ESS;REW CMDCENTRAL STOR 5.2 XPLAT PT/SWCH LIC A ESS;REW CMDCENTRAL STOR 5.2 XPLAT PT/SWCH LIC A ESS;;;;79;;
1;3;2094;1;83,0865;67,55;REW CMDCENTRAL STOR 5.2 XPLAT PT/SWCH LIC D ESS;20105240;;REW CMDCENTRAL STOR 5.2 XPLAT PT/SWCH LIC D ESS;REW CMDCENTRAL STOR 5.2 XPLAT PT/SWCH LIC D ESS;REW CMDCENTRAL STOR 5.2 XPLAT PT/SWCH LIC D ESS;REW CMDCENTRAL STOR 5.2 XPLAT PT/SWCH LIC D ESS;;;;79;;
1;3;2094;1;155,2506;126,22;REW CMDCENTRAL STOR 5.2 XPLAT PT/SWCH STD LIC A;20105262;;REW CMDCENTRAL STOR 5.2 XPLAT PT/SWCH STD LIC A;REW CMDCENTRAL STOR 5.2 XPLAT PT/SWCH STD LIC A;REW CMDCENTRAL STOR 5.2 XPLAT PT/SWCH STD LIC A;REW CMDCENTRAL STOR 5.2 XPLAT PT/SWCH STD LIC A;;;;79;;
1;3;2094;1;155,2506;126,22;AE CMDCENTRAL STOR 5.2 XPLAT PT/SWCH STD LIC S;20105263;;AE CMDCENTRAL STOR 5.2 XPLAT PT/SWCH STD LIC S;AE CMDCENTRAL STOR 5.2 XPLAT PT/SWCH STD LIC S;AE CMDCENTRAL STOR 5.2 XPLAT PT/SWCH STD LIC S;AE CMDCENTRAL STOR 5.2 XPLAT PT/SWCH STD LIC S;;;;79;;
1;3;2094;1;36,9615;30,05;REW CMDCENTRAL STOR 5.2 XPLAT PT/SWCH PT BAS A;20105264;;REW CMDCENTRAL STOR 5.2 XPLAT PT/SWCH PT BAS A;REW CMDCENTRAL STOR 5.2 XPLAT PT/SWCH PT BAS A;REW CMDCENTRAL STOR 5.2 XPLAT PT/SWCH PT BAS A;REW CMDCENTRAL STOR 5.2 XPLAT PT/SWCH PT BAS A;;;;79;;
1;3;2094;1;34,1817;27,79;REW CMDCENTRAL STOR 5.2 XPLAT PT/SWCH PT BAS E;20105265;;REW CMDCENTRAL STOR 5.2 XPLAT PT/SWCH PT BAS E;REW CMDCENTRAL STOR 5.2 XPLAT PT/SWCH PT BAS E;REW CMDCENTRAL STOR 5.2 XPLAT PT/SWCH PT BAS E;REW CMDCENTRAL STOR 5.2 XPLAT PT/SWCH PT BAS E;;;;79;;
1;3;2094;1;35,7192;29,04;REW TSPP COMM CNTRL STOR 5.2XPLAT PT/SWCH ESS12M A;20105268;;REW TSPP COMM CNTRL STOR 5.2XPLAT PT/SWCH ESS12M A;REW TSPP COMM CNTRL STOR 5.2XPLAT PT/SWCH ESS12M A;REW TSPP COMM CNTRL STOR 5.2XPLAT PT/SWCH ESS12M A;REW TSPP COMM CNTRL STOR 5.2XPLAT PT/SWCH ESS12M A;;;;79;;
1;3;2094;1;83,0865;67,55;REW CMDCENTRAL STOR 5.2 XPLAT PT/SWCH LIC C ESS;20105269;;REW CMDCENTRAL STOR 5.2 XPLAT PT/SWCH LIC C ESS;REW CMDCENTRAL STOR 5.2 XPLAT PT/SWCH LIC C ESS;REW CMDCENTRAL STOR 5.2 XPLAT PT/SWCH LIC C ESS;REW CMDCENTRAL STOR 5.2 XPLAT PT/SWCH LIC C ESS;;;;79;;
1;3;2094;1;87,453;71,1;GOV CMDCENTRAL STOR 5.2 XPLAT PT/SWCH LIC S ESS;20105272;;GOV CMDCENTRAL STOR 5.2 XPLAT PT/SWCH LIC S ESS;GOV CMDCENTRAL STOR 5.2 XPLAT PT/SWCH LIC S ESS;GOV CMDCENTRAL STOR 5.2 XPLAT PT/SWCH LIC S ESS;GOV CMDCENTRAL STOR 5.2 XPLAT PT/SWCH LIC S ESS;;;;79;;
1;3;2094;1;35,1165;28,55;REW CMDCENTRAL STOR 5.2 XPLAT PT/SWCH PT BAS C;20105287;;REW CMDCENTRAL STOR 5.2 XPLAT PT/SWCH PT BAS C;REW CMDCENTRAL STOR 5.2 XPLAT PT/SWCH PT BAS C;REW CMDCENTRAL STOR 5.2 XPLAT PT/SWCH PT BAS C;REW CMDCENTRAL STOR 5.2 XPLAT PT/SWCH PT BAS C;;;;79;;
1;3;2094;1;27,9456;22,72;REW TSPP COMM CNTRL STOR 5.2XPLAT PT/SWCH BAS12M A;20105292;;REW TSPP COMM CNTRL STOR 5.2XPLAT PT/SWCH BAS12M A;REW TSPP COMM CNTRL STOR 5.2XPLAT PT/SWCH BAS12M A;REW TSPP COMM CNTRL STOR 5.2XPLAT PT/SWCH BAS12M A;REW TSPP COMM CNTRL STOR 5.2XPLAT PT/SWCH BAS12M A;;;;79;;
1;3;2094;1;80,8971;65,77;REW CMDCENTRAL STOR 5.2 XPLAT PT/SWCH LIC E ESS;20105297;;REW CMDCENTRAL STOR 5.2 XPLAT PT/SWCH LIC E ESS;REW CMDCENTRAL STOR 5.2 XPLAT PT/SWCH LIC E ESS;REW CMDCENTRAL STOR 5.2 XPLAT PT/SWCH LIC E ESS;REW CMDCENTRAL STOR 5.2 XPLAT PT/SWCH LIC E ESS;;;;79;;
1;3;2094;1;143,6271;116,77;REW CMDCENTRAL STOR 5.2 XPLAT PT/SWCH STD LIC E;20105307;;REW CMDCENTRAL STOR 5.2 XPLAT PT/SWCH STD LIC E;REW CMDCENTRAL STOR 5.2 XPLAT PT/SWCH STD LIC E;REW CMDCENTRAL STOR 5.2 XPLAT PT/SWCH STD LIC E;REW CMDCENTRAL STOR 5.2 XPLAT PT/SWCH STD LIC E;;;;79;;
1;3;2094;1;47,232;38,4;GOV CMDCENTRAL STOR 5.2 XPLAT PT/SWCH PT ESS S;20105308;;GOV CMDCENTRAL STOR 5.2 XPLAT PT/SWCH PT ESS S;GOV CMDCENTRAL STOR 5.2 XPLAT PT/SWCH PT ESS S;GOV CMDCENTRAL STOR 5.2 XPLAT PT/SWCH PT ESS S;GOV CMDCENTRAL STOR 5.2 XPLAT PT/SWCH PT ESS S;;;;79;;
1;3;2094;1;35,7192;29,04;REW TSPP COMM CNTRL STOR 5.2XPLAT PT/SWCH ESS12M B;20105310;;REW TSPP COMM CNTRL STOR 5.2XPLAT PT/SWCH ESS12M B;REW TSPP COMM CNTRL STOR 5.2XPLAT PT/SWCH ESS12M B;REW TSPP COMM CNTRL STOR 5.2XPLAT PT/SWCH ESS12M B;REW TSPP COMM CNTRL STOR 5.2XPLAT PT/SWCH ESS12M B;;;;79;;
1;3;2094;1;33,9234;27,58;REW TSPP COMM CNTRL STOR 5.2XPLAT PT/SWCH ESS12M C;20105311;;REW TSPP COMM CNTRL STOR 5.2XPLAT PT/SWCH ESS12M C;REW TSPP COMM CNTRL STOR 5.2XPLAT PT/SWCH ESS12M C;REW TSPP COMM CNTRL STOR 5.2XPLAT PT/SWCH ESS12M C;REW TSPP COMM CNTRL STOR 5.2XPLAT PT/SWCH ESS12M C;;;;79;;
1;3;2094;1;44,8704;36,48;REW CMDCENTRAL STOR 5.2 XPLAT PT/SWCH PT ESS C;20105326;;REW CMDCENTRAL STOR 5.2 XPLAT PT/SWCH PT ESS C;REW CMDCENTRAL STOR 5.2 XPLAT PT/SWCH PT ESS C;REW CMDCENTRAL STOR 5.2 XPLAT PT/SWCH PT ESS C;REW CMDCENTRAL STOR 5.2 XPLAT PT/SWCH PT ESS C;;;;79;;
1;3;2094;1;47,232;38,4;AE CMDCENTRAL STOR 5.2 XPLAT PT/SWCH PT ESS S;20105327;;AE CMDCENTRAL STOR 5.2 XPLAT PT/SWCH PT ESS S;AE CMDCENTRAL STOR 5.2 XPLAT PT/SWCH PT ESS S;AE CMDCENTRAL STOR 5.2 XPLAT PT/SWCH PT ESS S;AE CMDCENTRAL STOR 5.2 XPLAT PT/SWCH PT ESS S;;;;79;;
1;3;2094;1;27,9456;22,72;REW TSPP COMM CNTRL STOR 5.2XPLAT PT/SWCH BAS12M B;20105329;;REW TSPP COMM CNTRL STOR 5.2XPLAT PT/SWCH BAS12M B;REW TSPP COMM CNTRL STOR 5.2XPLAT PT/SWCH BAS12M B;REW TSPP COMM CNTRL STOR 5.2XPLAT PT/SWCH BAS12M B;REW TSPP COMM CNTRL STOR 5.2XPLAT PT/SWCH BAS12M B;;;;79;;
1;3;2094;1;27,9456;22,72;GOV TSPP COMM CNTRL STOR 5.2XPLAT PT/SWCH BAS12M S;20105330;;GOV TSPP COMM CNTRL STOR 5.2XPLAT PT/SWCH BAS12M S;GOV TSPP COMM CNTRL STOR 5.2XPLAT PT/SWCH BAS12M S;GOV TSPP COMM CNTRL STOR 5.2XPLAT PT/SWCH BAS12M S;GOV TSPP COMM CNTRL STOR 5.2XPLAT PT/SWCH BAS12M S;;;;79;;
1;3;2094;1;35,7192;29,04;EXP TSPP COMM CNTRL STOR 5.2 PT/SWCH PT ESS 12M S;20105331;;EXP TSPP COMM CNTRL STOR 5.2 PT/SWCH PT ESS 12M S;EXP TSPP COMM CNTRL STOR 5.2 PT/SWCH PT ESS 12M S;EXP TSPP COMM CNTRL STOR 5.2 PT/SWCH PT ESS 12M S;EXP TSPP COMM CNTRL STOR 5.2 PT/SWCH PT ESS 12M S;;;;79;;
1;3;2094;1;87,453;71,1;EXP CMDCENTRAL STOR 5.2 XPLAT PT/SWCH LIC S ESS;20105332;;EXP CMDCENTRAL STOR 5.2 XPLAT PT/SWCH LIC S ESS;EXP CMDCENTRAL STOR 5.2 XPLAT PT/SWCH LIC S ESS;EXP CMDCENTRAL STOR 5.2 XPLAT PT/SWCH LIC S ESS;EXP CMDCENTRAL STOR 5.2 XPLAT PT/SWCH LIC S ESS;;;;79;;
1;3;2094;1;36,9615;30,05;AE CMDCENTRAL STOR 5.2 XPLAT PT/SWCH PT BAS S;20105339;;AE CMDCENTRAL STOR 5.2 XPLAT PT/SWCH PT BAS S;AE CMDCENTRAL STOR 5.2 XPLAT PT/SWCH PT BAS S;AE CMDCENTRAL STOR 5.2 XPLAT PT/SWCH PT BAS S;AE CMDCENTRAL STOR 5.2 XPLAT PT/SWCH PT BAS S;;;;79;;
1;3;2094;1;47,232;38,4;REW CMDCENTRAL STOR 5.2 XPLAT PT/SWCH PT ESS A;20105340;;REW CMDCENTRAL STOR 5.2 XPLAT PT/SWCH PT ESS A;REW CMDCENTRAL STOR 5.2 XPLAT PT/SWCH PT ESS A;REW CMDCENTRAL STOR 5.2 XPLAT PT/SWCH PT ESS A;REW CMDCENTRAL STOR 5.2 XPLAT PT/SWCH PT ESS A;;;;79;;
1;3;2094;1;26,568;21,6;REW TSPP COMM CNTRL STOR 5.2XPLAT PT/SWCH BAS12M C;20105344;;REW TSPP COMM CNTRL STOR 5.2XPLAT PT/SWCH BAS12M C;REW TSPP COMM CNTRL STOR 5.2XPLAT PT/SWCH BAS12M C;REW TSPP COMM CNTRL STOR 5.2XPLAT PT/SWCH BAS12M C;REW TSPP COMM CNTRL STOR 5.2XPLAT PT/SWCH BAS12M C;;;;79;;
1;3;2094;1;25,8546;21,02;REW TSPP COMM CNTRL STOR 5.2XPLAT PT/SWCH BAS12M E;20105345;;REW TSPP COMM CNTRL STOR 5.2XPLAT PT/SWCH BAS12M E;REW TSPP COMM CNTRL STOR 5.2XPLAT PT/SWCH BAS12M E;REW TSPP COMM CNTRL STOR 5.2XPLAT PT/SWCH BAS12M E;REW TSPP COMM CNTRL STOR 5.2XPLAT PT/SWCH BAS12M E;;;;79;;
1;3;2094;1;155,2506;126,22;GOV CMDCENTRAL STOR CHANG MGR5.2XPLAT PT/SWCH LIC S;20105346;;GOV CMDCENTRAL STOR CHANG MGR5.2XPLAT PT/SWCH LIC S;GOV CMDCENTRAL STOR CHANG MGR5.2XPLAT PT/SWCH LIC S;GOV CMDCENTRAL STOR CHANG MGR5.2XPLAT PT/SWCH LIC S;GOV CMDCENTRAL STOR CHANG MGR5.2XPLAT PT/SWCH LIC S;;;;79;;
1;3;2094;1;155,2506;126,22;EXP CMDCENTRAL STOR CHANG MGR5.2XPLAT PT/SWCH LIC S;20105347;;EXP CMDCENTRAL STOR CHANG MGR5.2XPLAT PT/SWCH LIC S;EXP CMDCENTRAL STOR CHANG MGR5.2XPLAT PT/SWCH LIC S;EXP CMDCENTRAL STOR CHANG MGR5.2XPLAT PT/SWCH LIC S;EXP CMDCENTRAL STOR CHANG MGR5.2XPLAT PT/SWCH LIC S;;;;79;;
1;3;2094;1;47,232;38,4;REW CMDCENTRAL STOR CHANG MGR 5.2 PT/SWCH PT ESS B;20105348;;REW CMDCENTRAL STOR CHANG MGR 5.2 PT/SWCH PT ESS B;REW CMDCENTRAL STOR CHANG MGR 5.2 PT/SWCH PT ESS B;REW CMDCENTRAL STOR CHANG MGR 5.2 PT/SWCH PT ESS B;REW CMDCENTRAL STOR CHANG MGR 5.2 PT/SWCH PT ESS B;;;;79;;
1;3;2094;1;80,8971;65,77;REW CMDCENTRAL STOR CHANG MGR 5.2 PT/SWCH LIC E ESS;20105349;;REW CMDCENTRAL STOR CHANG MGR 5.2 PT/SWCH LIC E ESS;REW CMDCENTRAL STOR CHANG MGR 5.2 PT/SWCH LIC E ESS;REW CMDCENTRAL STOR CHANG MGR 5.2 PT/SWCH LIC E ESS;REW CMDCENTRAL STOR CHANG MGR 5.2 PT/SWCH LIC E ESS;;;;79;;
1;3;2094;1;44,8704;36,48;REW CMDCENTRAL STOR CHANG MGR 5.2 PT/SWCH PT ESS C;20105352;;REW CMDCENTRAL STOR CHANG MGR 5.2 PT/SWCH PT ESS C;REW CMDCENTRAL STOR CHANG MGR 5.2 PT/SWCH PT ESS C;REW CMDCENTRAL STOR CHANG MGR 5.2 PT/SWCH PT ESS C;REW CMDCENTRAL STOR CHANG MGR 5.2 PT/SWCH PT ESS C;;;;79;;
1;3;2094;1;47,232;38,4;EXP CMDCENTRAL STOR CHANG MGR5.2XPLAT PT/SWCH ESS S;20105353;;EXP CMDCENTRAL STOR CHANG MGR5.2XPLAT PT/SWCH ESS S;EXP CMDCENTRAL STOR CHANG MGR5.2XPLAT PT/SWCH ESS S;EXP CMDCENTRAL STOR CHANG MGR5.2XPLAT PT/SWCH ESS S;EXP CMDCENTRAL STOR CHANG MGR5.2XPLAT PT/SWCH ESS S;;;;79;;
1;3;2094;1;47,232;38,4;AE CMDCENTRAL STOR CHANGE MGR5.2XPLAT PT/SWCH ESS S;20105354;;AE CMDCENTRAL STOR CHANGE MGR5.2XPLAT PT/SWCH ESS S;AE CMDCENTRAL STOR CHANGE MGR5.2XPLAT PT/SWCH ESS S;AE CMDCENTRAL STOR CHANGE MGR5.2XPLAT PT/SWCH ESS S;AE CMDCENTRAL STOR CHANGE MGR5.2XPLAT PT/SWCH ESS S;;;;79;;
1;3;2094;1;27,9456;22,72;REW TSPP COMM CNTRL STOR CHANGE MGR 5.2 BAS 12M A;20105356;;REW TSPP COMM CNTRL STOR CHANGE MGR 5.2 BAS 12M A;REW TSPP COMM CNTRL STOR CHANGE MGR 5.2 BAS 12M A;REW TSPP COMM CNTRL STOR CHANGE MGR 5.2 BAS 12M A;REW TSPP COMM CNTRL STOR CHANGE MGR 5.2 BAS 12M A;;;;79;;
1;3;2094;1;35,7192;29,04;REW TSPP COMM CNTRL STOR CHANGE MGR 5.2 ESS 12M A;20105357;;REW TSPP COMM CNTRL STOR CHANGE MGR 5.2 ESS 12M A;REW TSPP COMM CNTRL STOR CHANGE MGR 5.2 ESS 12M A;REW TSPP COMM CNTRL STOR CHANGE MGR 5.2 ESS 12M A;REW TSPP COMM CNTRL STOR CHANGE MGR 5.2 ESS 12M A;;;;79;;
1;3;2094;1;27,9456;22,72;AE TSPP COMM CNTRL STOR CHANGE MGR 5.2 BAS 12M S;20105358;;AE TSPP COMM CNTRL STOR CHANGE MGR 5.2 BAS 12M S;AE TSPP COMM CNTRL STOR CHANGE MGR 5.2 BAS 12M S;AE TSPP COMM CNTRL STOR CHANGE MGR 5.2 BAS 12M S;AE TSPP COMM CNTRL STOR CHANGE MGR 5.2 BAS 12M S;;;;79;;
1;3;2094;1;87,453;71,1;REW CMDCENTRAL STOR CHANG MGR 5.2 PT/SWCH LIC A ESS;20105359;;REW CMDCENTRAL STOR CHANG MGR 5.2 PT/SWCH LIC A ESS;REW CMDCENTRAL STOR CHANG MGR 5.2 PT/SWCH LIC A ESS;REW CMDCENTRAL STOR CHANG MGR 5.2 PT/SWCH LIC A ESS;REW CMDCENTRAL STOR CHANG MGR 5.2 PT/SWCH LIC A ESS;;;;79;;
1;3;2094;1;147,5016;119,92;REW CMDCENTRAL STOR CHANG MGR5.2XPLAT PT/SWCH LIC C;20105362;;REW CMDCENTRAL STOR CHANG MGR5.2XPLAT PT/SWCH LIC C;REW CMDCENTRAL STOR CHANG MGR5.2XPLAT PT/SWCH LIC C;REW CMDCENTRAL STOR CHANG MGR5.2XPLAT PT/SWCH LIC C;REW CMDCENTRAL STOR CHANG MGR5.2XPLAT PT/SWCH LIC C;;;;79;;
1;3;2094;1;155,2506;126,22;AE CMDCENTRAL STOR CHANGE MGR5.2XPLAT PT/SWCH LIC S;20105363;;AE CMDCENTRAL STOR CHANGE MGR5.2XPLAT PT/SWCH LIC S;AE CMDCENTRAL STOR CHANGE MGR5.2XPLAT PT/SWCH LIC S;AE CMDCENTRAL STOR CHANGE MGR5.2XPLAT PT/SWCH LIC S;AE CMDCENTRAL STOR CHANGE MGR5.2XPLAT PT/SWCH LIC S;;;;79;;
1;3;2094;1;36,9615;30,05;GOV CMDCENTRAL STOR CHANG MGR5.2XPLAT PT/SWCH BAS S;20105364;;GOV CMDCENTRAL STOR CHANG MGR5.2XPLAT PT/SWCH BAS S;GOV CMDCENTRAL STOR CHANG MGR5.2XPLAT PT/SWCH BAS S;GOV CMDCENTRAL STOR CHANG MGR5.2XPLAT PT/SWCH BAS S;GOV CMDCENTRAL STOR CHANG MGR5.2XPLAT PT/SWCH BAS S;;;;79;;
1;3;2094;1;27,9456;22,72;REW TSPP COMM CNTRL STOR CHANGE MGR 5.2 BAS 12M B;20105366;;REW TSPP COMM CNTRL STOR CHANGE MGR 5.2 BAS 12M B;REW TSPP COMM CNTRL STOR CHANGE MGR 5.2 BAS 12M B;REW TSPP COMM CNTRL STOR CHANGE MGR 5.2 BAS 12M B;REW TSPP COMM CNTRL STOR CHANGE MGR 5.2 BAS 12M B;;;;79;;
1;3;2094;1;27,9456;22,72;GOV TSPP COMM CNTRL STOR CHANGE MGR 5.2 BAS 12M S;20105367;;GOV TSPP COMM CNTRL STOR CHANGE MGR 5.2 BAS 12M S;GOV TSPP COMM CNTRL STOR CHANGE MGR 5.2 BAS 12M S;GOV TSPP COMM CNTRL STOR CHANGE MGR 5.2 BAS 12M S;GOV TSPP COMM CNTRL STOR CHANGE MGR 5.2 BAS 12M S;;;;79;;
1;3;2094;1;35,7192;29,04;EXP TSPP COMM CNTRL STOR CHANGE MGR 5.2 ESS 12M S;20105368;;EXP TSPP COMM CNTRL STOR CHANGE MGR 5.2 ESS 12M S;EXP TSPP COMM CNTRL STOR CHANGE MGR 5.2 ESS 12M S;EXP TSPP COMM CNTRL STOR CHANGE MGR 5.2 ESS 12M S;EXP TSPP COMM CNTRL STOR CHANGE MGR 5.2 ESS 12M S;;;;79;;
1;3;2094;1;155,2506;126,22;REW CMDCENTRAL STOR CHANG MGR5.2XPLAT PT/SWCH LIC A;20105369;;REW CMDCENTRAL STOR CHANG MGR5.2XPLAT PT/SWCH LIC A;REW CMDCENTRAL STOR CHANG MGR5.2XPLAT PT/SWCH LIC A;REW CMDCENTRAL STOR CHANG MGR5.2XPLAT PT/SWCH LIC A;REW CMDCENTRAL STOR CHANG MGR5.2XPLAT PT/SWCH LIC A;;;;79;;
1;3;2094;1;155,2506;126,22;REW CMDCENTRAL STOR CHANG MGR5.2XPLAT PT/SWCH LIC B;20105370;;REW CMDCENTRAL STOR CHANG MGR5.2XPLAT PT/SWCH LIC B;REW CMDCENTRAL STOR CHANG MGR5.2XPLAT PT/SWCH LIC B;REW CMDCENTRAL STOR CHANG MGR5.2XPLAT PT/SWCH LIC B;REW CMDCENTRAL STOR CHANG MGR5.2XPLAT PT/SWCH LIC B;;;;79;;
1;3;2094;1;47,232;38,4;GOV CMDCENTRAL STOR CHANG MGR5.2XPLAT PT/SWCH ESS S;20105371;;GOV CMDCENTRAL STOR CHANG MGR5.2XPLAT PT/SWCH ESS S;GOV CMDCENTRAL STOR CHANG MGR5.2XPLAT PT/SWCH ESS S;GOV CMDCENTRAL STOR CHANG MGR5.2XPLAT PT/SWCH ESS S;GOV CMDCENTRAL STOR CHANG MGR5.2XPLAT PT/SWCH ESS S;;;;79;;
1;3;2094;1;87,453;71,1;REW CMDCENTRAL STOR CHANG MGR 5.2 PT/SWCH LIC B ESS;20105375;;REW CMDCENTRAL STOR CHANG MGR 5.2 PT/SWCH LIC B ESS;REW CMDCENTRAL STOR CHANG MGR 5.2 PT/SWCH LIC B ESS;REW CMDCENTRAL STOR CHANG MGR 5.2 PT/SWCH LIC B ESS;REW CMDCENTRAL STOR CHANG MGR 5.2 PT/SWCH LIC B ESS;;;;79;;
1;3;2094;1;87,453;71,1;GOV CMDCENTRAL STOR CHANG MGR 5.2 PT/SWCH LIC S ESS;20105378;;GOV CMDCENTRAL STOR CHANG MGR 5.2 PT/SWCH LIC S ESS;GOV CMDCENTRAL STOR CHANG MGR 5.2 PT/SWCH LIC S ESS;GOV CMDCENTRAL STOR CHANG MGR 5.2 PT/SWCH LIC S ESS;GOV CMDCENTRAL STOR CHANG MGR 5.2 PT/SWCH LIC S ESS;;;;79;;
1;3;2094;1;87,453;71,1;EXP CMDCENTRAL STOR CHANG MGR 5.2 PT/SWCH LIC S ESS;20105379;;EXP CMDCENTRAL STOR CHANG MGR 5.2 PT/SWCH LIC S ESS;EXP CMDCENTRAL STOR CHANG MGR 5.2 PT/SWCH LIC S ESS;EXP CMDCENTRAL STOR CHANG MGR 5.2 PT/SWCH LIC S ESS;EXP CMDCENTRAL STOR CHANG MGR 5.2 PT/SWCH LIC S ESS;;;;79;;
1;3;2094;1;35,1165;28,55;REW CMDCENTRAL STOR CHANG MGR 5.2 PT/SWCH PT BAS C;20105384;;REW CMDCENTRAL STOR CHANG MGR 5.2 PT/SWCH PT BAS C;REW CMDCENTRAL STOR CHANG MGR 5.2 PT/SWCH PT BAS C;REW CMDCENTRAL STOR CHANG MGR 5.2 PT/SWCH PT BAS C;REW CMDCENTRAL STOR CHANG MGR 5.2 PT/SWCH PT BAS C;;;;79;;
1;3;2094;1;25,8546;21,02;REW TSPP COMM CNTRL STOR CHANGE MGR 5.2 BAS 12M E;20105388;;REW TSPP COMM CNTRL STOR CHANGE MGR 5.2 BAS 12M E;REW TSPP COMM CNTRL STOR CHANGE MGR 5.2 BAS 12M E;REW TSPP COMM CNTRL STOR CHANGE MGR 5.2 BAS 12M E;REW TSPP COMM CNTRL STOR CHANGE MGR 5.2 BAS 12M E;;;;79;;
1;3;2094;1;33,0378;26,86;REW TSPP COMM CNTRL STOR CHANGE MGR 5.2 ESS 12M E;20105389;;REW TSPP COMM CNTRL STOR CHANGE MGR 5.2 ESS 12M E;REW TSPP COMM CNTRL STOR CHANGE MGR 5.2 ESS 12M E;REW TSPP COMM CNTRL STOR CHANGE MGR 5.2 ESS 12M E;REW TSPP COMM CNTRL STOR CHANGE MGR 5.2 ESS 12M E;;;;79;;
1;3;2094;1;34,1817;27,79;REW CMDCENTRAL STOR CHANG MGR 5.2 PT/SWCH PT BAS E;20105390;;REW CMDCENTRAL STOR CHANG MGR 5.2 PT/SWCH PT BAS E;REW CMDCENTRAL STOR CHANG MGR 5.2 PT/SWCH PT BAS E;REW CMDCENTRAL STOR CHANG MGR 5.2 PT/SWCH PT BAS E;REW CMDCENTRAL STOR CHANG MGR 5.2 PT/SWCH PT BAS E;;;;79;;
1;3;2094;1;47,232;38,4;REW CMDCENTRAL STOR CHANG MGR 5.2 PT/SWCH PT ESS A;20105392;;REW CMDCENTRAL STOR CHANG MGR 5.2 PT/SWCH PT ESS A;REW CMDCENTRAL STOR CHANG MGR 5.2 PT/SWCH PT ESS A;REW CMDCENTRAL STOR CHANG MGR 5.2 PT/SWCH PT ESS A;REW CMDCENTRAL STOR CHANG MGR 5.2 PT/SWCH PT ESS A;;;;79;;
1;3;2094;1;44,8704;36,48;REW CMDCENTRAL STOR CHANG MGR 5.2 PT/SWCH PT ESS D;20105393;;REW CMDCENTRAL STOR CHANG MGR 5.2 PT/SWCH PT ESS D;REW CMDCENTRAL STOR CHANG MGR 5.2 PT/SWCH PT ESS D;REW CMDCENTRAL STOR CHANG MGR 5.2 PT/SWCH PT ESS D;REW CMDCENTRAL STOR CHANG MGR 5.2 PT/SWCH PT ESS D;;;;79;;
1;3;2094;1;35,7192;29,04;AE TSPP COMM CNTRL STOR CHANGE MGR 5.2 ESS 12M S;20105397;;AE TSPP COMM CNTRL STOR CHANGE MGR 5.2 ESS 12M S;AE TSPP COMM CNTRL STOR CHANGE MGR 5.2 ESS 12M S;AE TSPP COMM CNTRL STOR CHANGE MGR 5.2 ESS 12M S;AE TSPP COMM CNTRL STOR CHANGE MGR 5.2 ESS 12M S;;;;79;;
1;3;2094;1;83,0865;67,55;REW CMDCENTRAL STOR CHANG MGR 5.2 PT/SWCH LIC C ESS;20105398;;REW CMDCENTRAL STOR CHANG MGR 5.2 PT/SWCH LIC C ESS;REW CMDCENTRAL STOR CHANG MGR 5.2 PT/SWCH LIC C ESS;REW CMDCENTRAL STOR CHANG MGR 5.2 PT/SWCH LIC C ESS;REW CMDCENTRAL STOR CHANG MGR 5.2 PT/SWCH LIC C ESS;;;;79;;
1;3;2094;1;36,9615;30,05;REW CMDCENTRAL STOR CHANG MGR 5.2 PT/SWCH PT BAS B;20105401;;REW CMDCENTRAL STOR CHANG MGR 5.2 PT/SWCH PT BAS B;REW CMDCENTRAL STOR CHANG MGR 5.2 PT/SWCH PT BAS B;REW CMDCENTRAL STOR CHANG MGR 5.2 PT/SWCH PT BAS B;REW CMDCENTRAL STOR CHANG MGR 5.2 PT/SWCH PT BAS B;;;;79;;
1;3;2094;1;36,9615;30,05;EXP CMDCENTRAL STOR CHANG MGR5.2XPLAT PT/SWCH BAS S;20105402;;EXP CMDCENTRAL STOR CHANG MGR5.2XPLAT PT/SWCH BAS S;EXP CMDCENTRAL STOR CHANG MGR5.2XPLAT PT/SWCH BAS S;EXP CMDCENTRAL STOR CHANG MGR5.2XPLAT PT/SWCH BAS S;EXP CMDCENTRAL STOR CHANG MGR5.2XPLAT PT/SWCH BAS S;;;;79;;
1;3;2094;1;36,9615;30,05;AE CMDCENTRAL STOR CHANGE MGR5.2XPLAT PT/SWCH BAS S;20105403;;AE CMDCENTRAL STOR CHANGE MGR5.2XPLAT PT/SWCH BAS S;AE CMDCENTRAL STOR CHANGE MGR5.2XPLAT PT/SWCH BAS S;AE CMDCENTRAL STOR CHANGE MGR5.2XPLAT PT/SWCH BAS S;AE CMDCENTRAL STOR CHANGE MGR5.2XPLAT PT/SWCH BAS S;;;;79;;
1;3;2094;1;147,5016;119,92;REW CMDCENTRAL STOR CHANG MGR5.2XPLAT PT/SWCH LIC D;20105404;;REW CMDCENTRAL STOR CHANG MGR5.2XPLAT PT/SWCH LIC D;REW CMDCENTRAL STOR CHANG MGR5.2XPLAT PT/SWCH LIC D;REW CMDCENTRAL STOR CHANG MGR5.2XPLAT PT/SWCH LIC D;REW CMDCENTRAL STOR CHANG MGR5.2XPLAT PT/SWCH LIC D;;;;79;;
1;3;2094;1;26,568;21,6;REW TSPP COMM CNTRL STOR CHANGE MGR 5.2 BAS 12M C;20105406;;REW TSPP COMM CNTRL STOR CHANGE MGR 5.2 BAS 12M C;REW TSPP COMM CNTRL STOR CHANGE MGR 5.2 BAS 12M C;REW TSPP COMM CNTRL STOR CHANGE MGR 5.2 BAS 12M C;REW TSPP COMM CNTRL STOR CHANGE MGR 5.2 BAS 12M C;;;;79;;
1;3;2094;1;27,9456;22,72;EXP TSPP COMM CNTRL STOR CHANGE MGR 5.2 BAS 12M S;20105407;;EXP TSPP COMM CNTRL STOR CHANGE MGR 5.2 BAS 12M S;EXP TSPP COMM CNTRL STOR CHANGE MGR 5.2 BAS 12M S;EXP TSPP COMM CNTRL STOR CHANGE MGR 5.2 BAS 12M S;EXP TSPP COMM CNTRL STOR CHANGE MGR 5.2 BAS 12M S;;;;79;;
1;3;2094;1;87,453;71,1;AE CMDCENTRAL STOR CHANGE MGR 5.2 PT/SWCH LIC S ESS;20105409;;AE CMDCENTRAL STOR CHANGE MGR 5.2 PT/SWCH LIC S ESS;AE CMDCENTRAL STOR CHANGE MGR 5.2 PT/SWCH LIC S ESS;AE CMDCENTRAL STOR CHANGE MGR 5.2 PT/SWCH LIC S ESS;AE CMDCENTRAL STOR CHANGE MGR 5.2 PT/SWCH LIC S ESS;;;;79;;
1;3;2094;1;36,9615;30,05;REW CMDCENTRAL STOR CHANG MGR 5.2 PT/SWCH PT BAS A;20105412;;REW CMDCENTRAL STOR CHANG MGR 5.2 PT/SWCH PT BAS A;REW CMDCENTRAL STOR CHANG MGR 5.2 PT/SWCH PT BAS A;REW CMDCENTRAL STOR CHANG MGR 5.2 PT/SWCH PT BAS A;REW CMDCENTRAL STOR CHANG MGR 5.2 PT/SWCH PT BAS A;;;;79;;
1;3;2094;1;143,6271;116,77;REW CMDCENTRAL STOR CHANG MGR5.2XPLAT PT/SWCH LIC E;20105415;;REW CMDCENTRAL STOR CHANG MGR5.2XPLAT PT/SWCH LIC E;REW CMDCENTRAL STOR CHANG MGR5.2XPLAT PT/SWCH LIC E;REW CMDCENTRAL STOR CHANG MGR5.2XPLAT PT/SWCH LIC E;REW CMDCENTRAL STOR CHANG MGR5.2XPLAT PT/SWCH LIC E;;;;79;;
1;3;2094;1;26,568;21,6;REW TSPP COMM CNTRL STOR CHANGE MGR 5.2 BAS 12M D;20105417;;REW TSPP COMM CNTRL STOR CHANGE MGR 5.2 BAS 12M D;REW TSPP COMM CNTRL STOR CHANGE MGR 5.2 BAS 12M D;REW TSPP COMM CNTRL STOR CHANGE MGR 5.2 BAS 12M D;REW TSPP COMM CNTRL STOR CHANGE MGR 5.2 BAS 12M D;;;;79;;
1;3;2094;1;83,0865;67,55;REW CMDCENTRAL STOR CHANG MGR 5.2 PT/SWCH LIC D ESS;20105421;;REW CMDCENTRAL STOR CHANG MGR 5.2 PT/SWCH LIC D ESS;REW CMDCENTRAL STOR CHANG MGR 5.2 PT/SWCH LIC D ESS;REW CMDCENTRAL STOR CHANG MGR 5.2 PT/SWCH LIC D ESS;REW CMDCENTRAL STOR CHANG MGR 5.2 PT/SWCH LIC D ESS;;;;79;;
1;3;2094;1;35,1165;28,55;REW CMDCENTRAL STOR CHANG MGR 5.2 PT/SWCH PT BAS D;20105425;;REW CMDCENTRAL STOR CHANG MGR 5.2 PT/SWCH PT BAS D;REW CMDCENTRAL STOR CHANG MGR 5.2 PT/SWCH PT BAS D;REW CMDCENTRAL STOR CHANG MGR 5.2 PT/SWCH PT BAS D;REW CMDCENTRAL STOR CHANG MGR 5.2 PT/SWCH PT BAS D;;;;79;;
1;3;2094;1;43,6773;35,51;REW CMDCENTRAL STOR CHANG MGR 5.2 PT/SWCH PT ESS E;20105426;;REW CMDCENTRAL STOR CHANG MGR 5.2 PT/SWCH PT ESS E;REW CMDCENTRAL STOR CHANG MGR 5.2 PT/SWCH PT ESS E;REW CMDCENTRAL STOR CHANG MGR 5.2 PT/SWCH PT ESS E;REW CMDCENTRAL STOR CHANG MGR 5.2 PT/SWCH PT ESS E;;;;79;;
1;3;2094;1;35,7192;29,04;REW TSPP COMM CNTRL STOR CHANGE MGR 5.2 ESS 12M B;20105431;;REW TSPP COMM CNTRL STOR CHANGE MGR 5.2 ESS 12M B;REW TSPP COMM CNTRL STOR CHANGE MGR 5.2 ESS 12M B;REW TSPP COMM CNTRL STOR CHANGE MGR 5.2 ESS 12M B;REW TSPP COMM CNTRL STOR CHANGE MGR 5.2 ESS 12M B;;;;79;;
1;3;2094;1;33,9234;27,58;REW TSPP COMM CNTRL STOR CHANGE MGR 5.2 ESS 12M C;20105432;;REW TSPP COMM CNTRL STOR CHANGE MGR 5.2 ESS 12M C;REW TSPP COMM CNTRL STOR CHANGE MGR 5.2 ESS 12M C;REW TSPP COMM CNTRL STOR CHANGE MGR 5.2 ESS 12M C;REW TSPP COMM CNTRL STOR CHANGE MGR 5.2 ESS 12M C;;;;79;;
1;3;2094;1;33,9234;27,58;REW TSPP COMM CNTRL STOR CHANGE MGR 5.2 ESS 12M D;20105434;;REW TSPP COMM CNTRL STOR CHANGE MGR 5.2 ESS 12M D;REW TSPP COMM CNTRL STOR CHANGE MGR 5.2 ESS 12M D;REW TSPP COMM CNTRL STOR CHANGE MGR 5.2 ESS 12M D;REW TSPP COMM CNTRL STOR CHANGE MGR 5.2 ESS 12M D;;;;79;;
1;3;2094;1;35,7192;29,04;GOV TSPP COMM CNTRL STOR CHANGE MGR 5.2 ESS 12M S;20105435;;GOV TSPP COMM CNTRL STOR CHANGE MGR 5.2 ESS 12M S;GOV TSPP COMM CNTRL STOR CHANGE MGR 5.2 ESS 12M S;GOV TSPP COMM CNTRL STOR CHANGE MGR 5.2 ESS 12M S;GOV TSPP COMM CNTRL STOR CHANGE MGR 5.2 ESS 12M S;;;;79;;
1;3;2094;1;44,3661;36,07;REW CMDCENTRAL ENT RPTER 5.2 XPLAT PT/SWCH LIC A;20105522;;REW CMDCENTRAL ENT RPTER 5.2 XPLAT PT/SWCH LIC A;REW CMDCENTRAL ENT RPTER 5.2 XPLAT PT/SWCH LIC A;REW CMDCENTRAL ENT RPTER 5.2 XPLAT PT/SWCH LIC A;REW CMDCENTRAL ENT RPTER 5.2 XPLAT PT/SWCH LIC A;;;;79;;
1;3;2094;1;10,0368;8,16;REW CMDCENTRAL ENT RPTER 5.2XPLAT PT/SWCH PT BAS D;20105523;;REW CMDCENTRAL ENT RPTER 5.2XPLAT PT/SWCH PT BAS D;REW CMDCENTRAL ENT RPTER 5.2XPLAT PT/SWCH PT BAS D;REW CMDCENTRAL ENT RPTER 5.2XPLAT PT/SWCH PT BAS D;REW CMDCENTRAL ENT RPTER 5.2XPLAT PT/SWCH PT BAS D;;;;79;;
1;3;2094;1;7,9827;6,49;EXP TSPP COMM CNTRL ENT RPT 5.2 PT/SWCH BAS 12M S;20105526;;EXP TSPP COMM CNTRL ENT RPT 5.2 PT/SWCH BAS 12M S;EXP TSPP COMM CNTRL ENT RPT 5.2 PT/SWCH BAS 12M S;EXP TSPP COMM CNTRL ENT RPT 5.2 PT/SWCH BAS 12M S;EXP TSPP COMM CNTRL ENT RPT 5.2 PT/SWCH BAS 12M S;;;;79;;
1;3;2094;1;9,6924;7,88;REW TSPP COMM CNTRL ENT RPT 5.2 PT/SWCH ESS 12M C;20105528;;REW TSPP COMM CNTRL ENT RPT 5.2 PT/SWCH ESS 12M C;REW TSPP COMM CNTRL ENT RPT 5.2 PT/SWCH ESS 12M C;REW TSPP COMM CNTRL ENT RPT 5.2 PT/SWCH ESS 12M C;REW TSPP COMM CNTRL ENT RPT 5.2 PT/SWCH ESS 12M C;;;;79;;
1;3;2094;1;10,5657;8,59;REW CMDCENTRAL ENT RPTER 5.2XPLAT PT/SWCH PT BAS A;20105529;;REW CMDCENTRAL ENT RPTER 5.2XPLAT PT/SWCH PT BAS A;REW CMDCENTRAL ENT RPTER 5.2XPLAT PT/SWCH PT BAS A;REW CMDCENTRAL ENT RPTER 5.2XPLAT PT/SWCH PT BAS A;REW CMDCENTRAL ENT RPTER 5.2XPLAT PT/SWCH PT BAS A;;;;79;;
1;3;2094;1;9,7662;7,94;REW CMDCENTRAL ENT RPTER 5.2XPLAT PT/SWCH PT BAS E;20105530;;REW CMDCENTRAL ENT RPTER 5.2XPLAT PT/SWCH PT BAS E;REW CMDCENTRAL ENT RPTER 5.2XPLAT PT/SWCH PT BAS E;REW CMDCENTRAL ENT RPTER 5.2XPLAT PT/SWCH PT BAS E;REW CMDCENTRAL ENT RPTER 5.2XPLAT PT/SWCH PT BAS E;;;;79;;
1;3;2094;1;7,9827;6,49;GOV TSPP COMM CNTRL ENT RPT 5.2 PT/SWCH BAS 12M S;20105536;;GOV TSPP COMM CNTRL ENT RPT 5.2 PT/SWCH BAS 12M S;GOV TSPP COMM CNTRL ENT RPT 5.2 PT/SWCH BAS 12M S;GOV TSPP COMM CNTRL ENT RPT 5.2 PT/SWCH BAS 12M S;GOV TSPP COMM CNTRL ENT RPT 5.2 PT/SWCH BAS 12M S;;;;79;;
1;3;2094;1;9,4464;7,68;REW TSPP COMM CNTRL ENT RPT 5.2 PT/SWCH ESS 12M E;20105537;;REW TSPP COMM CNTRL ENT RPT 5.2 PT/SWCH ESS 12M E;REW TSPP COMM CNTRL ENT RPT 5.2 PT/SWCH ESS 12M E;REW TSPP COMM CNTRL ENT RPT 5.2 PT/SWCH ESS 12M E;REW TSPP COMM CNTRL ENT RPT 5.2 PT/SWCH ESS 12M E;;;;79;;
1;3;2094;1;44,3661;36,07;AE CMDCENTRAL ENT RPTER 5.2 XPLAT PT/SWCH LIC S;20105538;;AE CMDCENTRAL ENT RPTER 5.2 XPLAT PT/SWCH LIC S;AE CMDCENTRAL ENT RPTER 5.2 XPLAT PT/SWCH LIC S;AE CMDCENTRAL ENT RPTER 5.2 XPLAT PT/SWCH LIC S;AE CMDCENTRAL ENT RPTER 5.2 XPLAT PT/SWCH LIC S;;;;79;;
1;3;2094;1;12,4722;10,14;REW CMDCENTRAL ENT RPTER 5.2XPLAT PT/SWCH PT ESS E;20105539;;REW CMDCENTRAL ENT RPTER 5.2XPLAT PT/SWCH PT ESS E;REW CMDCENTRAL ENT RPTER 5.2XPLAT PT/SWCH PT ESS E;REW CMDCENTRAL ENT RPTER 5.2XPLAT PT/SWCH PT ESS E;REW CMDCENTRAL ENT RPTER 5.2XPLAT PT/SWCH PT ESS E;;;;79;;
1;3;2094;1;7,9827;6,49;REW TSPP COMM CNTRL ENT RPT 5.2 PT/SWCH BAS 12M A;20105541;;REW TSPP COMM CNTRL ENT RPT 5.2 PT/SWCH BAS 12M A;REW TSPP COMM CNTRL ENT RPT 5.2 PT/SWCH BAS 12M A;REW TSPP COMM CNTRL ENT RPT 5.2 PT/SWCH BAS 12M A;REW TSPP COMM CNTRL ENT RPT 5.2 PT/SWCH BAS 12M A;;;;79;;
1;3;2094;1;7,5891;6,17;REW TSPP COMM CNTRL ENT RPT 5.2 PT/SWCH BAS 12M C;20105542;;REW TSPP COMM CNTRL ENT RPT 5.2 PT/SWCH BAS 12M C;REW TSPP COMM CNTRL ENT RPT 5.2 PT/SWCH BAS 12M C;REW TSPP COMM CNTRL ENT RPT 5.2 PT/SWCH BAS 12M C;REW TSPP COMM CNTRL ENT RPT 5.2 PT/SWCH BAS 12M C;;;;79;;
1;3;2094;1;10,1967;8,29;GOV TSPP COMM CNTRL ENT RPT 5.2 PT/SWCH ESS 12M S;20105543;;GOV TSPP COMM CNTRL ENT RPT 5.2 PT/SWCH ESS 12M S;GOV TSPP COMM CNTRL ENT RPT 5.2 PT/SWCH ESS 12M S;GOV TSPP COMM CNTRL ENT RPT 5.2 PT/SWCH ESS 12M S;GOV TSPP COMM CNTRL ENT RPT 5.2 PT/SWCH ESS 12M S;;;;79;;
1;3;2094;1;44,3661;36,07;REW CMDCENTRAL ENT RPTER 5.2 XPLAT PT/SWCH LIC B;20105544;;REW CMDCENTRAL ENT RPTER 5.2 XPLAT PT/SWCH LIC B;REW CMDCENTRAL ENT RPTER 5.2 XPLAT PT/SWCH LIC B;REW CMDCENTRAL ENT RPTER 5.2 XPLAT PT/SWCH LIC B;REW CMDCENTRAL ENT RPTER 5.2 XPLAT PT/SWCH LIC B;;;;79;;
1;3;2094;1;42,1398;34,26;REW CMDCENTRAL ENT RPTER 5.2 XPLAT PT/SWCH LIC C;20105545;;REW CMDCENTRAL ENT RPTER 5.2 XPLAT PT/SWCH LIC C;REW CMDCENTRAL ENT RPTER 5.2 XPLAT PT/SWCH LIC C;REW CMDCENTRAL ENT RPTER 5.2 XPLAT PT/SWCH LIC C;REW CMDCENTRAL ENT RPTER 5.2 XPLAT PT/SWCH LIC C;;;;79;;
1;3;2094;1;41,0328;33,36;REW CMDCENTRAL ENT RPTER 5.2 XPLAT PT/SWCH LIC E;20105546;;REW CMDCENTRAL ENT RPTER 5.2 XPLAT PT/SWCH LIC E;REW CMDCENTRAL ENT RPTER 5.2 XPLAT PT/SWCH LIC E;REW CMDCENTRAL ENT RPTER 5.2 XPLAT PT/SWCH LIC E;REW CMDCENTRAL ENT RPTER 5.2 XPLAT PT/SWCH LIC E;;;;79;;
1;3;2094;1;10,0368;8,16;REW CMDCENTRAL ENT RPTER 5.2XPLAT PT/SWCH PT BAS C;20105547;;REW CMDCENTRAL ENT RPTER 5.2XPLAT PT/SWCH PT BAS C;REW CMDCENTRAL ENT RPTER 5.2XPLAT PT/SWCH PT BAS C;REW CMDCENTRAL ENT RPTER 5.2XPLAT PT/SWCH PT BAS C;REW CMDCENTRAL ENT RPTER 5.2XPLAT PT/SWCH PT BAS C;;;;79;;
1;3;2094;1;10,5657;8,59;AE CMDCENTRAL ENT RPTER 5.2 XPLAT PT/SWCH BAS S;20105548;;AE CMDCENTRAL ENT RPTER 5.2 XPLAT PT/SWCH BAS S;AE CMDCENTRAL ENT RPTER 5.2 XPLAT PT/SWCH BAS S;AE CMDCENTRAL ENT RPTER 5.2 XPLAT PT/SWCH BAS S;AE CMDCENTRAL ENT RPTER 5.2 XPLAT PT/SWCH BAS S;;;;79;;
1;3;2094;1;13,4931;10,97;EXP CMDCENTRAL ENT RPTER 5.2XPLAT PT/SWCH PT ESS S;20105549;;EXP CMDCENTRAL ENT RPTER 5.2XPLAT PT/SWCH PT ESS S;EXP CMDCENTRAL ENT RPTER 5.2XPLAT PT/SWCH PT ESS S;EXP CMDCENTRAL ENT RPTER 5.2XPLAT PT/SWCH PT ESS S;EXP CMDCENTRAL ENT RPTER 5.2XPLAT PT/SWCH PT ESS S;;;;79;;
1;3;2094;1;13,4931;10,97;AE CMDCENTRAL ENT RPTER 5.2 XPLAT PT/SWCH ESS S;20105550;;AE CMDCENTRAL ENT RPTER 5.2 XPLAT PT/SWCH ESS S;AE CMDCENTRAL ENT RPTER 5.2 XPLAT PT/SWCH ESS S;AE CMDCENTRAL ENT RPTER 5.2 XPLAT PT/SWCH ESS S;AE CMDCENTRAL ENT RPTER 5.2 XPLAT PT/SWCH ESS S;;;;79;;
1;3;2094;1;9,6924;7,88;REW TSPP COMM CNTRL ENT RPT 5.2 PT/SWCH ESS 12M D;20105553;;REW TSPP COMM CNTRL ENT RPT 5.2 PT/SWCH ESS 12M D;REW TSPP COMM CNTRL ENT RPT 5.2 PT/SWCH ESS 12M D;REW TSPP COMM CNTRL ENT RPT 5.2 PT/SWCH ESS 12M D;REW TSPP COMM CNTRL ENT RPT 5.2 PT/SWCH ESS 12M D;;;;79;;
1;3;2094;1;44,3661;36,07;GOV CMDCENTRAL ENT RPTER 5.2 XPLAT PT/SWCH LIC S;20105554;;GOV CMDCENTRAL ENT RPTER 5.2 XPLAT PT/SWCH LIC S;GOV CMDCENTRAL ENT RPTER 5.2 XPLAT PT/SWCH LIC S;GOV CMDCENTRAL ENT RPTER 5.2 XPLAT PT/SWCH LIC S;GOV CMDCENTRAL ENT RPTER 5.2 XPLAT PT/SWCH LIC S;;;;79;;
1;3;2094;1;10,5657;8,59;REW CMDCENTRAL ENT RPTER 5.2XPLAT PT/SWCH PT BAS B;20105555;;REW CMDCENTRAL ENT RPTER 5.2XPLAT PT/SWCH PT BAS B;REW CMDCENTRAL ENT RPTER 5.2XPLAT PT/SWCH PT BAS B;REW CMDCENTRAL ENT RPTER 5.2XPLAT PT/SWCH PT BAS B;REW CMDCENTRAL ENT RPTER 5.2XPLAT PT/SWCH PT BAS B;;;;79;;
1;3;2094;1;13,4931;10,97;REW CMDCENTRAL ENT RPTER 5.2XPLAT PT/SWCH PT ESS A;20105556;;REW CMDCENTRAL ENT RPTER 5.2XPLAT PT/SWCH PT ESS A;REW CMDCENTRAL ENT RPTER 5.2XPLAT PT/SWCH PT ESS A;REW CMDCENTRAL ENT RPTER 5.2XPLAT PT/SWCH PT ESS A;REW CMDCENTRAL ENT RPTER 5.2XPLAT PT/SWCH PT ESS A;;;;79;;
1;3;2094;1;13,4931;10,97;REW CMDCENTRAL ENT RPTER 5.2XPLAT PT/SWCH PT ESS B;20105557;;REW CMDCENTRAL ENT RPTER 5.2XPLAT PT/SWCH PT ESS B;REW CMDCENTRAL ENT RPTER 5.2XPLAT PT/SWCH PT ESS B;REW CMDCENTRAL ENT RPTER 5.2XPLAT PT/SWCH PT ESS B;REW CMDCENTRAL ENT RPTER 5.2XPLAT PT/SWCH PT ESS B;;;;79;;
1;3;2094;1;13,4931;10,97;GOV CMDCENTRAL ENT RPTER 5.2XPLAT PT/SWCH PT ESS S;20105558;;GOV CMDCENTRAL ENT RPTER 5.2XPLAT PT/SWCH PT ESS S;GOV CMDCENTRAL ENT RPTER 5.2XPLAT PT/SWCH PT ESS S;GOV CMDCENTRAL ENT RPTER 5.2XPLAT PT/SWCH PT ESS S;GOV CMDCENTRAL ENT RPTER 5.2XPLAT PT/SWCH PT ESS S;;;;79;;
1;3;2094;1;7,9827;6,49;AE TSPP COMM CNTRL ENT RPT 5.2 PT/SWCH BAS 12M S;20105563;;AE TSPP COMM CNTRL ENT RPT 5.2 PT/SWCH BAS 12M S;AE TSPP COMM CNTRL ENT RPT 5.2 PT/SWCH BAS 12M S;AE TSPP COMM CNTRL ENT RPT 5.2 PT/SWCH BAS 12M S;AE TSPP COMM CNTRL ENT RPT 5.2 PT/SWCH BAS 12M S;;;;79;;
1;3;2094;1;10,1967;8,29;REW TSPP COMM CNTRL ENT RPT 5.2 PT/SWCH ESS 12M B;20105564;;REW TSPP COMM CNTRL ENT RPT 5.2 PT/SWCH ESS 12M B;REW TSPP COMM CNTRL ENT RPT 5.2 PT/SWCH ESS 12M B;REW TSPP COMM CNTRL ENT RPT 5.2 PT/SWCH ESS 12M B;REW TSPP COMM CNTRL ENT RPT 5.2 PT/SWCH ESS 12M B;;;;79;;
1;3;2094;1;42,1398;34,26;REW CMDCENTRAL ENT RPTER 5.2 XPLAT PT/SWCH LIC D;20105565;;REW CMDCENTRAL ENT RPTER 5.2 XPLAT PT/SWCH LIC D;REW CMDCENTRAL ENT RPTER 5.2 XPLAT PT/SWCH LIC D;REW CMDCENTRAL ENT RPTER 5.2 XPLAT PT/SWCH LIC D;REW CMDCENTRAL ENT RPTER 5.2 XPLAT PT/SWCH LIC D;;;;79;;
1;3;2094;1;12,8289;10,43;REW CMDCENTRAL ENT RPTER 5.2XPLAT PT/SWCH PT ESS C;20105566;;REW CMDCENTRAL ENT RPTER 5.2XPLAT PT/SWCH PT ESS C;REW CMDCENTRAL ENT RPTER 5.2XPLAT PT/SWCH PT ESS C;REW CMDCENTRAL ENT RPTER 5.2XPLAT PT/SWCH PT ESS C;REW CMDCENTRAL ENT RPTER 5.2XPLAT PT/SWCH PT ESS C;;;;79;;
1;3;2094;1;7,9827;6,49;REW TSPP COMM CNTRL ENT RPT 5.2 PT/SWCH BAS 12M B;20105567;;REW TSPP COMM CNTRL ENT RPT 5.2 PT/SWCH BAS 12M B;REW TSPP COMM CNTRL ENT RPT 5.2 PT/SWCH BAS 12M B;REW TSPP COMM CNTRL ENT RPT 5.2 PT/SWCH BAS 12M B;REW TSPP COMM CNTRL ENT RPT 5.2 PT/SWCH BAS 12M B;;;;79;;
1;3;2094;1;10,1967;8,29;REW TSPP COMM CNTRL ENT RPT 5.2 PT/SWCH ESS 12M A;20105568;;REW TSPP COMM CNTRL ENT RPT 5.2 PT/SWCH ESS 12M A;REW TSPP COMM CNTRL ENT RPT 5.2 PT/SWCH ESS 12M A;REW TSPP COMM CNTRL ENT RPT 5.2 PT/SWCH ESS 12M A;REW TSPP COMM CNTRL ENT RPT 5.2 PT/SWCH ESS 12M A;;;;79;;
1;3;2094;1;10,1967;8,29;EXP TSPP COMM CNTRL ENT RPT 5.2 PT/SWCH ESS 12M S;20105569;;EXP TSPP COMM CNTRL ENT RPT 5.2 PT/SWCH ESS 12M S;EXP TSPP COMM CNTRL ENT RPT 5.2 PT/SWCH ESS 12M S;EXP TSPP COMM CNTRL ENT RPT 5.2 PT/SWCH ESS 12M S;EXP TSPP COMM CNTRL ENT RPT 5.2 PT/SWCH ESS 12M S;;;;79;;
1;3;2094;1;10,5657;8,59;GOV CMDCENTRAL ENT RPTER 5.2XPLAT PT/SWCH PT BAS S;20105571;;GOV CMDCENTRAL ENT RPTER 5.2XPLAT PT/SWCH PT BAS S;GOV CMDCENTRAL ENT RPTER 5.2XPLAT PT/SWCH PT BAS S;GOV CMDCENTRAL ENT RPTER 5.2XPLAT PT/SWCH PT BAS S;GOV CMDCENTRAL ENT RPTER 5.2XPLAT PT/SWCH PT BAS S;;;;79;;
1;3;2094;1;10,5657;8,59;EXP CMDCENTRAL ENT RPTER 5.2XPLAT PT/SWCH PT BAS S;20105572;;EXP CMDCENTRAL ENT RPTER 5.2XPLAT PT/SWCH PT BAS S;EXP CMDCENTRAL ENT RPTER 5.2XPLAT PT/SWCH PT BAS S;EXP CMDCENTRAL ENT RPTER 5.2XPLAT PT/SWCH PT BAS S;EXP CMDCENTRAL ENT RPTER 5.2XPLAT PT/SWCH PT BAS S;;;;79;;
1;3;2094;1;7,5891;6,17;REW TSPP COMM CNTRL ENT RPT 5.2 PT/SWCH BAS 12M D;20105573;;REW TSPP COMM CNTRL ENT RPT 5.2 PT/SWCH BAS 12M D;REW TSPP COMM CNTRL ENT RPT 5.2 PT/SWCH BAS 12M D;REW TSPP COMM CNTRL ENT RPT 5.2 PT/SWCH BAS 12M D;REW TSPP COMM CNTRL ENT RPT 5.2 PT/SWCH BAS 12M D;;;;79;;
1;3;2094;1;12,8289;10,43;REW CMDCENTRAL ENT RPTER 5.2XPLAT PT/SWCH PT ESS D;20105574;;REW CMDCENTRAL ENT RPTER 5.2XPLAT PT/SWCH PT ESS D;REW CMDCENTRAL ENT RPTER 5.2XPLAT PT/SWCH PT ESS D;REW CMDCENTRAL ENT RPTER 5.2XPLAT PT/SWCH PT ESS D;REW CMDCENTRAL ENT RPTER 5.2XPLAT PT/SWCH PT ESS D;;;;79;;
1;3;2094;1;10,1967;8,29;AE TSPP COMM CNTRL ENT RPT 5.2 PT/SWCH ESS 12M S;20105579;;AE TSPP COMM CNTRL ENT RPT 5.2 PT/SWCH ESS 12M S;AE TSPP COMM CNTRL ENT RPT 5.2 PT/SWCH ESS 12M S;AE TSPP COMM CNTRL ENT RPT 5.2 PT/SWCH ESS 12M S;AE TSPP COMM CNTRL ENT RPT 5.2 PT/SWCH ESS 12M S;;;;79;;
1;3;2094;1;44,3661;36,07;EXP CMDCENTRAL ENT RPTER 5.2XPLAT PT/SWCH PT LIC S;20105580;;EXP CMDCENTRAL ENT RPTER 5.2XPLAT PT/SWCH PT LIC S;EXP CMDCENTRAL ENT RPTER 5.2XPLAT PT/SWCH PT LIC S;EXP CMDCENTRAL ENT RPTER 5.2XPLAT PT/SWCH PT LIC S;EXP CMDCENTRAL ENT RPTER 5.2XPLAT PT/SWCH PT LIC S;;;;79;;
1;3;2094;1;7,38;6;REW TSPP COMM CNTRL ENT RPT 5.2 PT/SWCH BAS 12M E;20105583;;REW TSPP COMM CNTRL ENT RPT 5.2 PT/SWCH BAS 12M E;REW TSPP COMM CNTRL ENT RPT 5.2 PT/SWCH BAS 12M E;REW TSPP COMM CNTRL ENT RPT 5.2 PT/SWCH BAS 12M E;REW TSPP COMM CNTRL ENT RPT 5.2 PT/SWCH BAS 12M E;;;;79;;
1;3;2094;1;#ARG!;E-mail;ALTIRIS DEPLOY SOLUT 7.1 XPLAT LIC XSP ESS +36M;20118029;;ALTIRIS DEPLOY SOLUT 7.1 XPLAT LIC XSP ESS +36M;ALTIRIS DEPLOY SOLUT 7.1 XPLAT LIC XSP ESS +36M;ALTIRIS DEPLOY SOLUT 7.1 XPLAT LIC XSP ESS +36M;ALTIRIS DEPLOY SOLUT 7.1 XPLAT LIC XSP ESS +36M;;;;79;;
1;3;2094;1;2,3985;1,95;ALTIRIS MGMT CLT SVR 7.0 P N I/O SUB XSP A ESS 1MO;20134206;;ALTIRIS MGMT CLT SVR 7.0 P N I/O SUB XSP A ESS 1MO;ALTIRIS MGMT CLT SVR 7.0 P N I/O SUB XSP A ESS 1MO;ALTIRIS MGMT CLT SVR 7.0 P N I/O SUB XSP A ESS 1MO;ALTIRIS MGMT CLT SVR 7.0 P N I/O SUB XSP A ESS 1MO;;;;79;;
1;3;2094;1;313,7607;255,09;REW WISE STUDIO ENT MGMT SVR8.0 WIN P U RNWL BAS C;20280042;;REW WISE STUDIO ENT MGMT SVR8.0 WIN P U RNWL BAS C;REW WISE STUDIO ENT MGMT SVR8.0 WIN P U RNWL BAS C;REW WISE STUDIO ENT MGMT SVR8.0 WIN P U RNWL BAS C;REW WISE STUDIO ENT MGMT SVR8.0 WIN P U RNWL BAS C;;;;79;;
1;3;2094;1;337,635;274,5;REW WISE STUDIO ENT MGMT SVR 8.0 WIN PER U BAS A;20280044;;REW WISE STUDIO ENT MGMT SVR 8.0 WIN PER U BAS A;REW WISE STUDIO ENT MGMT SVR 8.0 WIN PER U BAS A;REW WISE STUDIO ENT MGMT SVR 8.0 WIN PER U BAS A;REW WISE STUDIO ENT MGMT SVR 8.0 WIN PER U BAS A;;;;79;;
1;3;2094;1;341,0421;277,27;EXP WISE STUDIO ENT MGMT 8.0 WIN PER U RNWL BAS S;20280051;;EXP WISE STUDIO ENT MGMT 8.0 WIN PER U RNWL BAS S;EXP WISE STUDIO ENT MGMT 8.0 WIN PER U RNWL BAS S;EXP WISE STUDIO ENT MGMT 8.0 WIN PER U RNWL BAS S;EXP WISE STUDIO ENT MGMT 8.0 WIN PER U RNWL BAS S;;;;79;;
1;3;2094;1;293,2935;238,45;REW WISE STUDIO ENT MGMT SVR 8.0 WIN PER U BAS D;20280053;;REW WISE STUDIO ENT MGMT SVR 8.0 WIN PER U BAS D;REW WISE STUDIO ENT MGMT SVR 8.0 WIN PER U BAS D;REW WISE STUDIO ENT MGMT SVR 8.0 WIN PER U BAS D;REW WISE STUDIO ENT MGMT SVR 8.0 WIN PER U BAS D;;;;79;;
1;3;2094;1;293,2935;238,45;REW WISE STUDIO ENT MGMT SVR8.0 WIN P U RNWL BAS D;20280054;;REW WISE STUDIO ENT MGMT SVR8.0 WIN P U RNWL BAS D;REW WISE STUDIO ENT MGMT SVR8.0 WIN P U RNWL BAS D;REW WISE STUDIO ENT MGMT SVR8.0 WIN P U RNWL BAS D;REW WISE STUDIO ENT MGMT SVR8.0 WIN P U RNWL BAS D;;;;79;;
1;3;2094;1;272,8386;221,82;REW WISE STUDIO ENT MGMT SVR8.0 WIN P U RNWL BAS E;20280055;;REW WISE STUDIO ENT MGMT SVR8.0 WIN P U RNWL BAS E;REW WISE STUDIO ENT MGMT SVR8.0 WIN P U RNWL BAS E;REW WISE STUDIO ENT MGMT SVR8.0 WIN P U RNWL BAS E;REW WISE STUDIO ENT MGMT SVR8.0 WIN P U RNWL BAS E;;;;79;;
1;3;2094;1;330,8085;268,95;REW WISE STUDIO ENT MGMT SVR 8.0 WIN PER U BAS B;20280058;;REW WISE STUDIO ENT MGMT SVR 8.0 WIN PER U BAS B;REW WISE STUDIO ENT MGMT SVR 8.0 WIN PER U BAS B;REW WISE STUDIO ENT MGMT SVR 8.0 WIN PER U BAS B;REW WISE STUDIO ENT MGMT SVR 8.0 WIN PER U BAS B;;;;79;;
1;3;2094;1;313,7607;255,09;REW WISE STUDIO ENT MGMT SVR 8.0 WIN PER U BAS C;20280059;;REW WISE STUDIO ENT MGMT SVR 8.0 WIN PER U BAS C;REW WISE STUDIO ENT MGMT SVR 8.0 WIN PER U BAS C;REW WISE STUDIO ENT MGMT SVR 8.0 WIN PER U BAS C;REW WISE STUDIO ENT MGMT SVR 8.0 WIN PER U BAS C;;;;79;;
1;3;2094;1;341,0421;277,27;EXP WISE STUDIO ENT MGMT 8.0 WIN PER U BAS S;20280061;;EXP WISE STUDIO ENT MGMT 8.0 WIN PER U BAS S;EXP WISE STUDIO ENT MGMT 8.0 WIN PER U BAS S;EXP WISE STUDIO ENT MGMT 8.0 WIN PER U BAS S;EXP WISE STUDIO ENT MGMT 8.0 WIN PER U BAS S;;;;79;;
1;3;2094;1;337,635;274,5;REW WISE STUDIO ENT MGMT SVR8.0 WIN P U RNWL BAS A;20280062;;REW WISE STUDIO ENT MGMT SVR8.0 WIN P U RNWL BAS A;REW WISE STUDIO ENT MGMT SVR8.0 WIN P U RNWL BAS A;REW WISE STUDIO ENT MGMT SVR8.0 WIN P U RNWL BAS A;REW WISE STUDIO ENT MGMT SVR8.0 WIN P U RNWL BAS A;;;;79;;
1;3;2094;1;330,8085;268,95;REW WISE STUDIO ENT MGMT SVR8.0 WIN P U RNWL BAS B;20280063;;REW WISE STUDIO ENT MGMT SVR8.0 WIN P U RNWL BAS B;REW WISE STUDIO ENT MGMT SVR8.0 WIN P U RNWL BAS B;REW WISE STUDIO ENT MGMT SVR8.0 WIN P U RNWL BAS B;REW WISE STUDIO ENT MGMT SVR8.0 WIN P U RNWL BAS B;;;;79;;
1;3;2094;1;272,8386;221,82;REW WISE STUDIO ENT MGMT SVR 8.0 WIN PER U BAS E;20280074;;REW WISE STUDIO ENT MGMT SVR 8.0 WIN PER U BAS E;REW WISE STUDIO ENT MGMT SVR 8.0 WIN PER U BAS E;REW WISE STUDIO ENT MGMT SVR 8.0 WIN PER U BAS E;REW WISE STUDIO ENT MGMT SVR 8.0 WIN PER U BAS E;;;;79;;
1;3;2094;1;523,0452;425,24;REW WISE PK STUDIO PRO ED 8.0 WIN PER U RNWL BAS E;20281025;;REW WISE PK STUDIO PRO ED 8.0 WIN PER U RNWL BAS E;REW WISE PK STUDIO PRO ED 8.0 WIN PER U RNWL BAS E;REW WISE PK STUDIO PRO ED 8.0 WIN PER U RNWL BAS E;REW WISE PK STUDIO PRO ED 8.0 WIN PER U RNWL BAS E;;;;79;;
1;3;2094;1;562,2822;457,14;REW WISE PK STUDIO PRO ED 8.0 WIN PER U BAS D;20281028;;REW WISE PK STUDIO PRO ED 8.0 WIN PER U BAS D;REW WISE PK STUDIO PRO ED 8.0 WIN PER U BAS D;REW WISE PK STUDIO PRO ED 8.0 WIN PER U BAS D;REW WISE PK STUDIO PRO ED 8.0 WIN PER U BAS D;;;;79;;
1;3;2094;1;523,0452;425,24;REW WISE PK STUDIO PRO ED 8.0 WIN PER U BAS E;20281029;;REW WISE PK STUDIO PRO ED 8.0 WIN PER U BAS E;REW WISE PK STUDIO PRO ED 8.0 WIN PER U BAS E;REW WISE PK STUDIO PRO ED 8.0 WIN PER U BAS E;REW WISE PK STUDIO PRO ED 8.0 WIN PER U BAS E;;;;79;;
1;3;2094;1;634,2003;515,61;REW WISE PK STUDIO PRO ED 8.0 WIN PER U RNWL BAS B;20281035;;REW WISE PK STUDIO PRO ED 8.0 WIN PER U RNWL BAS B;REW WISE PK STUDIO PRO ED 8.0 WIN PER U RNWL BAS B;REW WISE PK STUDIO PRO ED 8.0 WIN PER U RNWL BAS B;REW WISE PK STUDIO PRO ED 8.0 WIN PER U RNWL BAS B;;;;79;;
1;3;2094;1;601,5069;489,03;REW WISE PK STUDIO PRO ED 8.0 WIN PER U BAS C;20281041;;REW WISE PK STUDIO PRO ED 8.0 WIN PER U BAS C;REW WISE PK STUDIO PRO ED 8.0 WIN PER U BAS C;REW WISE PK STUDIO PRO ED 8.0 WIN PER U BAS C;REW WISE PK STUDIO PRO ED 8.0 WIN PER U BAS C;;;;79;;
1;3;2094;1;647,2629;526,23;REW WISE PK STUDIO PRO ED 8.0 WIN PER U RNWL BAS A;20281043;;REW WISE PK STUDIO PRO ED 8.0 WIN PER U RNWL BAS A;REW WISE PK STUDIO PRO ED 8.0 WIN PER U RNWL BAS A;REW WISE PK STUDIO PRO ED 8.0 WIN PER U RNWL BAS A;REW WISE PK STUDIO PRO ED 8.0 WIN PER U RNWL BAS A;;;;79;;
1;3;2094;1;601,5069;489,03;REW WISE PK STUDIO PRO ED 8.0 WIN PER U RNWL BAS C;20281044;;REW WISE PK STUDIO PRO ED 8.0 WIN PER U RNWL BAS C;REW WISE PK STUDIO PRO ED 8.0 WIN PER U RNWL BAS C;REW WISE PK STUDIO PRO ED 8.0 WIN PER U RNWL BAS C;REW WISE PK STUDIO PRO ED 8.0 WIN PER U RNWL BAS C;;;;79;;
1;3;2094;1;634,2003;515,61;REW WISE PK STUDIO PRO ED 8.0 WIN PER U BAS B;20281050;;REW WISE PK STUDIO PRO ED 8.0 WIN PER U BAS B;REW WISE PK STUDIO PRO ED 8.0 WIN PER U BAS B;REW WISE PK STUDIO PRO ED 8.0 WIN PER U BAS B;REW WISE PK STUDIO PRO ED 8.0 WIN PER U BAS B;;;;79;;
1;3;2094;1;653,8065;531,55;EXP WISE PK STUDIO PRO 8 WIN PER U RNWL BAS S;20281052;;EXP WISE PK STUDIO PRO 8 WIN PER U RNWL BAS S;EXP WISE PK STUDIO PRO 8 WIN PER U RNWL BAS S;EXP WISE PK STUDIO PRO 8 WIN PER U RNWL BAS S;EXP WISE PK STUDIO PRO 8 WIN PER U RNWL BAS S;;;;79;;
1;3;2094;1;647,2629;526,23;REW WISE PK STUDIO PRO ED 8.0 WIN PER U BAS A;20281055;;REW WISE PK STUDIO PRO ED 8.0 WIN PER U BAS A;REW WISE PK STUDIO PRO ED 8.0 WIN PER U BAS A;REW WISE PK STUDIO PRO ED 8.0 WIN PER U BAS A;REW WISE PK STUDIO PRO ED 8.0 WIN PER U BAS A;;;;79;;
1;3;2094;1;653,8065;531,55;EXP WISE PK STUDIO PRO 8 WIN PER U BAS S;20281056;;EXP WISE PK STUDIO PRO 8 WIN PER U BAS S;EXP WISE PK STUDIO PRO 8 WIN PER U BAS S;EXP WISE PK STUDIO PRO 8 WIN PER U BAS S;EXP WISE PK STUDIO PRO 8 WIN PER U BAS S;;;;79;;
1;3;2094;1;562,2822;457,14;REW WISE PK STUDIO PRO ED 8.0 WIN PER U RNWL BAS D;20281058;;REW WISE PK STUDIO PRO ED 8.0 WIN PER U RNWL BAS D;REW WISE PK STUDIO PRO ED 8.0 WIN PER U RNWL BAS D;REW WISE PK STUDIO PRO ED 8.0 WIN PER U RNWL BAS D;REW WISE PK STUDIO PRO ED 8.0 WIN PER U RNWL BAS D;;;;79;;
1;3;2094;1;354,4368;288,16;REW WISE STUDIO QUALITY ASSUR8.0 WIN U RNWL BAS D;20282021;;REW WISE STUDIO QUALITY ASSUR8.0 WIN U RNWL BAS D;REW WISE STUDIO QUALITY ASSUR8.0 WIN U RNWL BAS D;REW WISE STUDIO QUALITY ASSUR8.0 WIN U RNWL BAS D;REW WISE STUDIO QUALITY ASSUR8.0 WIN U RNWL BAS D;;;;79;;
1;3;2094;1;408,0033;331,71;REW WISE STUDIO QUALITY ASSURANCE 8.0 WIN U BAS A;20282024;;REW WISE STUDIO QUALITY ASSURANCE 8.0 WIN U BAS A;REW WISE STUDIO QUALITY ASSURANCE 8.0 WIN U BAS A;REW WISE STUDIO QUALITY ASSURANCE 8.0 WIN U BAS A;REW WISE STUDIO QUALITY ASSURANCE 8.0 WIN U BAS A;;;;79;;
1;3;2094;1;399,7623;325,01;REW WISE STUDIO QUALITY ASSURANCE 8.0 WIN U BAS B;20282025;;REW WISE STUDIO QUALITY ASSURANCE 8.0 WIN U BAS B;REW WISE STUDIO QUALITY ASSURANCE 8.0 WIN U BAS B;REW WISE STUDIO QUALITY ASSURANCE 8.0 WIN U BAS B;REW WISE STUDIO QUALITY ASSURANCE 8.0 WIN U BAS B;;;;79;;
1;3;2094;1;412,1238;335,06;EXP WISE STUDIO QUALITY ASSURANCE8 WIN RNWL BAS S;20282026;;EXP WISE STUDIO QUALITY ASSURANCE8 WIN RNWL BAS S;EXP WISE STUDIO QUALITY ASSURANCE8 WIN RNWL BAS S;EXP WISE STUDIO QUALITY ASSURANCE8 WIN RNWL BAS S;EXP WISE STUDIO QUALITY ASSURANCE8 WIN RNWL BAS S;;;;79;;
1;3;2094;1;399,7623;325,01;REW WISE STUDIO QUALITY ASSUR8.0 WIN U RNWL BAS B;20282027;;REW WISE STUDIO QUALITY ASSUR8.0 WIN U RNWL BAS B;REW WISE STUDIO QUALITY ASSUR8.0 WIN U RNWL BAS B;REW WISE STUDIO QUALITY ASSUR8.0 WIN U RNWL BAS B;REW WISE STUDIO QUALITY ASSUR8.0 WIN U RNWL BAS B;;;;79;;
1;3;2094;1;379,1721;308,27;REW WISE STUDIO QUALITY ASSURANCE 8.0 WIN U BAS C;20282030;;REW WISE STUDIO QUALITY ASSURANCE 8.0 WIN U BAS C;REW WISE STUDIO QUALITY ASSURANCE 8.0 WIN U BAS C;REW WISE STUDIO QUALITY ASSURANCE 8.0 WIN U BAS C;REW WISE STUDIO QUALITY ASSURANCE 8.0 WIN U BAS C;;;;79;;
1;3;2094;1;408,0033;331,71;REW WISE STUDIO QUALITY ASSUR8.0 WIN U RNWL BAS A;20282031;;REW WISE STUDIO QUALITY ASSUR8.0 WIN U RNWL BAS A;REW WISE STUDIO QUALITY ASSUR8.0 WIN U RNWL BAS A;REW WISE STUDIO QUALITY ASSUR8.0 WIN U RNWL BAS A;REW WISE STUDIO QUALITY ASSUR8.0 WIN U RNWL BAS A;;;;79;;
1;3;2094;1;379,1721;308,27;REW WISE STUDIO QUALITY ASSUR8.0 WIN U RNWL BAS C;20282032;;REW WISE STUDIO QUALITY ASSUR8.0 WIN U RNWL BAS C;REW WISE STUDIO QUALITY ASSUR8.0 WIN U RNWL BAS C;REW WISE STUDIO QUALITY ASSUR8.0 WIN U RNWL BAS C;REW WISE STUDIO QUALITY ASSUR8.0 WIN U RNWL BAS C;;;;79;;
1;3;2094;1;329,7138;268,06;REW WISE STUDIO QUALITY ASSURANCE 8.0 WIN U BAS E;20282045;;REW WISE STUDIO QUALITY ASSURANCE 8.0 WIN U BAS E;REW WISE STUDIO QUALITY ASSURANCE 8.0 WIN U BAS E;REW WISE STUDIO QUALITY ASSURANCE 8.0 WIN U BAS E;REW WISE STUDIO QUALITY ASSURANCE 8.0 WIN U BAS E;;;;79;;
1;3;2094;1;329,7138;268,06;REW WISE STUDIO QUALITY ASSUR8.0 WIN U RNWL BAS E;20282046;;REW WISE STUDIO QUALITY ASSUR8.0 WIN U RNWL BAS E;REW WISE STUDIO QUALITY ASSUR8.0 WIN U RNWL BAS E;REW WISE STUDIO QUALITY ASSUR8.0 WIN U RNWL BAS E;REW WISE STUDIO QUALITY ASSUR8.0 WIN U RNWL BAS E;;;;79;;
1;3;2094;1;412,1238;335,06;EXP WISE STUDIO QUALITY ASSURANCE 8 WIN BAS S;20282050;;EXP WISE STUDIO QUALITY ASSURANCE 8 WIN BAS S;EXP WISE STUDIO QUALITY ASSURANCE 8 WIN BAS S;EXP WISE STUDIO QUALITY ASSURANCE 8 WIN BAS S;EXP WISE STUDIO QUALITY ASSURANCE 8 WIN BAS S;;;;79;;
1;3;2094;1;354,4368;288,16;REW WISE STUDIO QUALITY ASSURANCE 8.0 WIN U BAS D;20282051;;REW WISE STUDIO QUALITY ASSURANCE 8.0 WIN U BAS D;REW WISE STUDIO QUALITY ASSURANCE 8.0 WIN U BAS D;REW WISE STUDIO QUALITY ASSURANCE 8.0 WIN U BAS D;REW WISE STUDIO QUALITY ASSURANCE 8.0 WIN U BAS D;;;;79;;
1;3;2094;1;253,1955;205,85;REW WISE PK STUDIO STD ED 8.0 WIN PER U RNWL BAS A;20283021;;REW WISE PK STUDIO STD ED 8.0 WIN PER U RNWL BAS A;REW WISE PK STUDIO STD ED 8.0 WIN PER U RNWL BAS A;REW WISE PK STUDIO STD ED 8.0 WIN PER U RNWL BAS A;REW WISE PK STUDIO STD ED 8.0 WIN PER U RNWL BAS A;;;;79;;
1;3;2094;1;204,5982;166,34;REW WISE PK STUDIO STD ED 8.0 WIN PER U RNWL BAS E;20283022;;REW WISE PK STUDIO STD ED 8.0 WIN PER U RNWL BAS E;REW WISE PK STUDIO STD ED 8.0 WIN PER U RNWL BAS E;REW WISE PK STUDIO STD ED 8.0 WIN PER U RNWL BAS E;REW WISE PK STUDIO STD ED 8.0 WIN PER U RNWL BAS E;;;;79;;
1;3;2094;1;235,2867;191,29;REW WISE PK STUDIO STD ED 8.0 WIN PER U RNWL BAS C;20283027;;REW WISE PK STUDIO STD ED 8.0 WIN PER U RNWL BAS C;REW WISE PK STUDIO STD ED 8.0 WIN PER U RNWL BAS C;REW WISE PK STUDIO STD ED 8.0 WIN PER U RNWL BAS C;REW WISE PK STUDIO STD ED 8.0 WIN PER U RNWL BAS C;;;;79;;
1;3;2094;1;255,7416;207,92;EXP WISE PK STUDIO STD 8 WIN PER U RNWL BAS S;20283028;;EXP WISE PK STUDIO STD 8 WIN PER U RNWL BAS S;EXP WISE PK STUDIO STD 8 WIN PER U RNWL BAS S;EXP WISE PK STUDIO STD 8 WIN PER U RNWL BAS S;EXP WISE PK STUDIO STD 8 WIN PER U RNWL BAS S;;;;79;;
1;3;2094;1;219,9486;178,82;REW WISE PK STUDIO STD ED 8.0 WIN PER U RNWL BAS D;20283030;;REW WISE PK STUDIO STD ED 8.0 WIN PER U RNWL BAS D;REW WISE PK STUDIO STD ED 8.0 WIN PER U RNWL BAS D;REW WISE PK STUDIO STD ED 8.0 WIN PER U RNWL BAS D;REW WISE PK STUDIO STD ED 8.0 WIN PER U RNWL BAS D;;;;79;;
1;3;2094;1;248,0787;201,69;REW WISE PK STUDIO STD ED 8.0 WIN PER U RNWL BAS B;20283032;;REW WISE PK STUDIO STD ED 8.0 WIN PER U RNWL BAS B;REW WISE PK STUDIO STD ED 8.0 WIN PER U RNWL BAS B;REW WISE PK STUDIO STD ED 8.0 WIN PER U RNWL BAS B;REW WISE PK STUDIO STD ED 8.0 WIN PER U RNWL BAS B;;;;79;;
1;3;2094;1;248,0787;201,69;REW WISE PK STUDIO STD ED 8.0 WIN PER U BAS B;20283035;;REW WISE PK STUDIO STD ED 8.0 WIN PER U BAS B;REW WISE PK STUDIO STD ED 8.0 WIN PER U BAS B;REW WISE PK STUDIO STD ED 8.0 WIN PER U BAS B;REW WISE PK STUDIO STD ED 8.0 WIN PER U BAS B;;;;79;;
1;3;2094;1;235,2867;191,29;REW WISE PK STUDIO STD ED 8.0 WIN PER U BAS C;20283036;;REW WISE PK STUDIO STD ED 8.0 WIN PER U BAS C;REW WISE PK STUDIO STD ED 8.0 WIN PER U BAS C;REW WISE PK STUDIO STD ED 8.0 WIN PER U BAS C;REW WISE PK STUDIO STD ED 8.0 WIN PER U BAS C;;;;79;;
1;3;2094;1;204,5982;166,34;REW WISE PK STUDIO STD ED 8.0 WIN PER U BAS E;20283037;;REW WISE PK STUDIO STD ED 8.0 WIN PER U BAS E;REW WISE PK STUDIO STD ED 8.0 WIN PER U BAS E;REW WISE PK STUDIO STD ED 8.0 WIN PER U BAS E;REW WISE PK STUDIO STD ED 8.0 WIN PER U BAS E;;;;79;;
1;3;2094;1;255,7416;207,92;EXP WISE PK STUDIO STD 8 WIN PER U BAS S;20283046;;EXP WISE PK STUDIO STD 8 WIN PER U BAS S;EXP WISE PK STUDIO STD 8 WIN PER U BAS S;EXP WISE PK STUDIO STD 8 WIN PER U BAS S;EXP WISE PK STUDIO STD 8 WIN PER U BAS S;;;;79;;
1;3;2094;1;253,1955;205,85;REW WISE PK STUDIO STD ED 8.0 WIN PER U BAS A;20283051;;REW WISE PK STUDIO STD ED 8.0 WIN PER U BAS A;REW WISE PK STUDIO STD ED 8.0 WIN PER U BAS A;REW WISE PK STUDIO STD ED 8.0 WIN PER U BAS A;REW WISE PK STUDIO STD ED 8.0 WIN PER U BAS A;;;;79;;
1;3;2094;1;219,9486;178,82;REW WISE PK STUDIO STD ED 8.0 WIN PER U BAS D;20283052;;REW WISE PK STUDIO STD ED 8.0 WIN PER U BAS D;REW WISE PK STUDIO STD ED 8.0 WIN PER U BAS D;REW WISE PK STUDIO STD ED 8.0 WIN PER U BAS D;REW WISE PK STUDIO STD ED 8.0 WIN PER U BAS D;;;;79;;
1;3;2094;1;1137,5901;924,87;REW WISE PK STUDIO STE 8.0 WIN PER U RNWL BAS C;20284022;;REW WISE PK STUDIO STE 8.0 WIN PER U RNWL BAS C;REW WISE PK STUDIO STE 8.0 WIN PER U RNWL BAS C;REW WISE PK STUDIO STE 8.0 WIN PER U RNWL BAS C;REW WISE PK STUDIO STE 8.0 WIN PER U RNWL BAS C;;;;79;;
1;3;2094;1;1236,519;1005,3;EXP WISE PK STUDIO STE 8 WIN PER U RNWL BAS S;20284024;;EXP WISE PK STUDIO STE 8 WIN PER U RNWL BAS S;EXP WISE PK STUDIO STE 8 WIN PER U RNWL BAS S;EXP WISE PK STUDIO STE 8 WIN PER U RNWL BAS S;EXP WISE PK STUDIO STE 8 WIN PER U RNWL BAS S;;;;79;;
1;3;2094;1;1137,5901;924,87;REW WISE PK STUDIO STE 8.0 WIN PER U BAS C;20284026;;REW WISE PK STUDIO STE 8.0 WIN PER U BAS C;REW WISE PK STUDIO STE 8.0 WIN PER U BAS C;REW WISE PK STUDIO STE 8.0 WIN PER U BAS C;REW WISE PK STUDIO STE 8.0 WIN PER U BAS C;;;;79;;
1;3;2094;1;1063,3965;864,55;REW WISE PK STUDIO STE 8.0 WIN PER U BAS D;20284027;;REW WISE PK STUDIO STE 8.0 WIN PER U BAS D;REW WISE PK STUDIO STE 8.0 WIN PER U BAS D;REW WISE PK STUDIO STE 8.0 WIN PER U BAS D;REW WISE PK STUDIO STE 8.0 WIN PER U BAS D;;;;79;;
1;3;2094;1;1199,4222;975,14;REW WISE PK STUDIO STE 8.0 WIN PER U RNWL BAS B;20284029;;REW WISE PK STUDIO STE 8.0 WIN PER U RNWL BAS B;REW WISE PK STUDIO STE 8.0 WIN PER U RNWL BAS B;REW WISE PK STUDIO STE 8.0 WIN PER U RNWL BAS B;REW WISE PK STUDIO STE 8.0 WIN PER U RNWL BAS B;;;;79;;
1;3;2094;1;1236,519;1005,3;EXP WISE PK STUDIO STE 8 WIN PER U BAS S;20284036;;EXP WISE PK STUDIO STE 8 WIN PER U BAS S;EXP WISE PK STUDIO STE 8 WIN PER U BAS S;EXP WISE PK STUDIO STE 8 WIN PER U BAS S;EXP WISE PK STUDIO STE 8 WIN PER U BAS S;;;;79;;
1;3;2094;1;989,2152;804,24;REW WISE PK STUDIO STE 8.0 WIN PER U BAS E;20284043;;REW WISE PK STUDIO STE 8.0 WIN PER U BAS E;REW WISE PK STUDIO STE 8.0 WIN PER U BAS E;REW WISE PK STUDIO STE 8.0 WIN PER U BAS E;REW WISE PK STUDIO STE 8.0 WIN PER U BAS E;;;;79;;
1;3;2094;1;1224,1575;995,25;REW WISE PK STUDIO STE 8.0 WIN PER U RNWL BAS A;20284045;;REW WISE PK STUDIO STE 8.0 WIN PER U RNWL BAS A;REW WISE PK STUDIO STE 8.0 WIN PER U RNWL BAS A;REW WISE PK STUDIO STE 8.0 WIN PER U RNWL BAS A;REW WISE PK STUDIO STE 8.0 WIN PER U RNWL BAS A;;;;79;;
1;3;2094;1;1063,3965;864,55;REW WISE PK STUDIO STE 8.0 WIN PER U RNWL BAS D;20284046;;REW WISE PK STUDIO STE 8.0 WIN PER U RNWL BAS D;REW WISE PK STUDIO STE 8.0 WIN PER U RNWL BAS D;REW WISE PK STUDIO STE 8.0 WIN PER U RNWL BAS D;REW WISE PK STUDIO STE 8.0 WIN PER U RNWL BAS D;;;;79;;
1;3;2094;1;989,2152;804,24;REW WISE PK STUDIO STE 8.0 WIN PER U RNWL BAS E;20284053;;REW WISE PK STUDIO STE 8.0 WIN PER U RNWL BAS E;REW WISE PK STUDIO STE 8.0 WIN PER U RNWL BAS E;REW WISE PK STUDIO STE 8.0 WIN PER U RNWL BAS E;REW WISE PK STUDIO STE 8.0 WIN PER U RNWL BAS E;;;;79;;
1;3;2094;1;1224,1575;995,25;REW WISE PK STUDIO STE 8.0 WIN PER U BAS A;20284056;;REW WISE PK STUDIO STE 8.0 WIN PER U BAS A;REW WISE PK STUDIO STE 8.0 WIN PER U BAS A;REW WISE PK STUDIO STE 8.0 WIN PER U BAS A;REW WISE PK STUDIO STE 8.0 WIN PER U BAS A;;;;79;;
1;3;2094;1;1199,4222;975,14;REW WISE PK STUDIO STE 8.0 WIN PER U BAS B;20284057;;REW WISE PK STUDIO STE 8.0 WIN PER U BAS B;REW WISE PK STUDIO STE 8.0 WIN PER U BAS B;REW WISE PK STUDIO STE 8.0 WIN PER U BAS B;REW WISE PK STUDIO STE 8.0 WIN PER U BAS B;;;;79;;
1;3;2094;1;12,1893;9,91;DEPLOYMENT SOLUTION CFG CENTER F/SVR 7.1 XPLAT PER NODE STD REW BB;20299185;;DEPLOYMENT SOLUTION CFG CENTER F/SVR 7.1 XPLAT PER NODE STD REW BB;DEPLOYMENT SOLUTION CFG CENTER F/SVR 7.1 XPLAT PER NODE STD REW BB;DEPLOYMENT SOLUTION CFG CENTER F/SVR 7.1 XPLAT PER NODE STD REW BB;DEPLOYMENT SOLUTION CFG CENTER F/SVR 7.1 XPLAT PER NODE STD REW BB;;;;79;;
1;3;2094;1;636,9801;517,87;REW MSFT SQL EMBEDDED MNT STD 1.0 WIN STD LIC E;20337020;;REW MSFT SQL EMBEDDED MNT STD 1.0 WIN STD LIC E;REW MSFT SQL EMBEDDED MNT STD 1.0 WIN STD LIC E;REW MSFT SQL EMBEDDED MNT STD 1.0 WIN STD LIC E;REW MSFT SQL EMBEDDED MNT STD 1.0 WIN STD LIC E;;;;79;;
1;3;2094;1;688,6155;559,85;REW MSFT SQL EMBEDDED MNT STD 1.0 WIN STD LIC B;20337021;;REW MSFT SQL EMBEDDED MNT STD 1.0 WIN STD LIC B;REW MSFT SQL EMBEDDED MNT STD 1.0 WIN STD LIC B;REW MSFT SQL EMBEDDED MNT STD 1.0 WIN STD LIC B;REW MSFT SQL EMBEDDED MNT STD 1.0 WIN STD LIC B;;;;79;;
1;3;2094;1;688,6155;559,85;REW MSFT SQL EMBEDDED MNT STD 1.0 WIN STD LIC A;20337022;;REW MSFT SQL EMBEDDED MNT STD 1.0 WIN STD LIC A;REW MSFT SQL EMBEDDED MNT STD 1.0 WIN STD LIC A;REW MSFT SQL EMBEDDED MNT STD 1.0 WIN STD LIC A;REW MSFT SQL EMBEDDED MNT STD 1.0 WIN STD LIC A;;;;79;;
1;3;2094;1;636,9801;517,87;AE MSFT SQL EMBEDDED MNT STD 1.0 WIN STD LIC S;20337023;;AE MSFT SQL EMBEDDED MNT STD 1.0 WIN STD LIC S;AE MSFT SQL EMBEDDED MNT STD 1.0 WIN STD LIC S;AE MSFT SQL EMBEDDED MNT STD 1.0 WIN STD LIC S;AE MSFT SQL EMBEDDED MNT STD 1.0 WIN STD LIC S;;;;79;;
1;3;2094;1;688,6155;559,85;EXP MSFT SQL EMBEDDED MNT STD 1.0 WIN STD LIC S;20337024;;EXP MSFT SQL EMBEDDED MNT STD 1.0 WIN STD LIC S;EXP MSFT SQL EMBEDDED MNT STD 1.0 WIN STD LIC S;EXP MSFT SQL EMBEDDED MNT STD 1.0 WIN STD LIC S;EXP MSFT SQL EMBEDDED MNT STD 1.0 WIN STD LIC S;;;;79;;
1;3;2094;1;654,1878;531,86;REW MSFT SQL EMBEDDED MNT STD 1.0 WIN STD LIC C;20337025;;REW MSFT SQL EMBEDDED MNT STD 1.0 WIN STD LIC C;REW MSFT SQL EMBEDDED MNT STD 1.0 WIN STD LIC C;REW MSFT SQL EMBEDDED MNT STD 1.0 WIN STD LIC C;REW MSFT SQL EMBEDDED MNT STD 1.0 WIN STD LIC C;;;;79;;
1;3;2094;1;654,1878;531,86;REW MSFT SQL EMBEDDED MNT STD 1.0 WIN STD LIC D;20337026;;REW MSFT SQL EMBEDDED MNT STD 1.0 WIN STD LIC D;REW MSFT SQL EMBEDDED MNT STD 1.0 WIN STD LIC D;REW MSFT SQL EMBEDDED MNT STD 1.0 WIN STD LIC D;REW MSFT SQL EMBEDDED MNT STD 1.0 WIN STD LIC D;;;;79;;
1;3;2094;1;674,8641;548,67;GOV MSFT SQL EMBEDDED MNT STD 1.0 WIN STD LIC S;20337028;;GOV MSFT SQL EMBEDDED MNT STD 1.0 WIN STD LIC S;GOV MSFT SQL EMBEDDED MNT STD 1.0 WIN STD LIC S;GOV MSFT SQL EMBEDDED MNT STD 1.0 WIN STD LIC S;GOV MSFT SQL EMBEDDED MNT STD 1.0 WIN STD LIC S;;;;79;;
1;3;2094;1;531,2124;431,88;REW MSFT SQL EMBEDDED MNT WKGP 1.0 WIN STD LIC B;20338020;;REW MSFT SQL EMBEDDED MNT WKGP 1.0 WIN STD LIC B;REW MSFT SQL EMBEDDED MNT WKGP 1.0 WIN STD LIC B;REW MSFT SQL EMBEDDED MNT WKGP 1.0 WIN STD LIC B;REW MSFT SQL EMBEDDED MNT WKGP 1.0 WIN STD LIC B;;;;79;;
1;3;2094;1;491,385;399,5;AE MSFT SQL EMBEDDED MNT WKGP 1.0 WIN STD LIC S;20338021;;AE MSFT SQL EMBEDDED MNT WKGP 1.0 WIN STD LIC S;AE MSFT SQL EMBEDDED MNT WKGP 1.0 WIN STD LIC S;AE MSFT SQL EMBEDDED MNT WKGP 1.0 WIN STD LIC S;AE MSFT SQL EMBEDDED MNT WKGP 1.0 WIN STD LIC S;;;;79;;
1;3;2094;1;520,6098;423,26;GOV MSFT SQL EMBEDDED MNT WKGP 1.0 WIN STD LIC S;20338022;;GOV MSFT SQL EMBEDDED MNT WKGP 1.0 WIN STD LIC S;GOV MSFT SQL EMBEDDED MNT WKGP 1.0 WIN STD LIC S;GOV MSFT SQL EMBEDDED MNT WKGP 1.0 WIN STD LIC S;GOV MSFT SQL EMBEDDED MNT WKGP 1.0 WIN STD LIC S;;;;79;;
1;3;2094;1;504,669;410,3;REW MSFT SQL EMBEDDED MNT WKGP 1.0 WIN STD LIC C;20338023;;REW MSFT SQL EMBEDDED MNT WKGP 1.0 WIN STD LIC C;REW MSFT SQL EMBEDDED MNT WKGP 1.0 WIN STD LIC C;REW MSFT SQL EMBEDDED MNT WKGP 1.0 WIN STD LIC C;REW MSFT SQL EMBEDDED MNT WKGP 1.0 WIN STD LIC C;;;;79;;
1;3;2094;1;491,385;399,5;REW MSFT SQL EMBEDDED MNT WKGP 1.0 WIN STD LIC E;20338024;;REW MSFT SQL EMBEDDED MNT WKGP 1.0 WIN STD LIC E;REW MSFT SQL EMBEDDED MNT WKGP 1.0 WIN STD LIC E;REW MSFT SQL EMBEDDED MNT WKGP 1.0 WIN STD LIC E;REW MSFT SQL EMBEDDED MNT WKGP 1.0 WIN STD LIC E;;;;79;;
1;3;2094;1;531,2124;431,88;REW MSFT SQL EMBEDDED MNT WKGP 1.0 WIN STD LIC A;20338025;;REW MSFT SQL EMBEDDED MNT WKGP 1.0 WIN STD LIC A;REW MSFT SQL EMBEDDED MNT WKGP 1.0 WIN STD LIC A;REW MSFT SQL EMBEDDED MNT WKGP 1.0 WIN STD LIC A;REW MSFT SQL EMBEDDED MNT WKGP 1.0 WIN STD LIC A;;;;79;;
1;3;2094;1;504,669;410,3;REW MSFT SQL EMBEDDED MNT WKGP 1.0 WIN STD LIC D;20338026;;REW MSFT SQL EMBEDDED MNT WKGP 1.0 WIN STD LIC D;REW MSFT SQL EMBEDDED MNT WKGP 1.0 WIN STD LIC D;REW MSFT SQL EMBEDDED MNT WKGP 1.0 WIN STD LIC D;REW MSFT SQL EMBEDDED MNT WKGP 1.0 WIN STD LIC D;;;;79;;
1;3;2094;1;531,2124;431,88;EXP MSFT SQL EMBEDDED MNT WKGP 1.0 WIN STD LIC S;20338027;;EXP MSFT SQL EMBEDDED MNT WKGP 1.0 WIN STD LIC S;EXP MSFT SQL EMBEDDED MNT WKGP 1.0 WIN STD LIC S;EXP MSFT SQL EMBEDDED MNT WKGP 1.0 WIN STD LIC S;EXP MSFT SQL EMBEDDED MNT WKGP 1.0 WIN STD LIC S;;;;79;;
1;3;2094;1;24,9936;20,32;EXP CMDCENTRAL ENT RPTER 5.2 PT/SWCH SUB LIC S ESS;20344020;;EXP CMDCENTRAL ENT RPTER 5.2 PT/SWCH SUB LIC S ESS;EXP CMDCENTRAL ENT RPTER 5.2 PT/SWCH SUB LIC S ESS;EXP CMDCENTRAL ENT RPTER 5.2 PT/SWCH SUB LIC S ESS;EXP CMDCENTRAL ENT RPTER 5.2 PT/SWCH SUB LIC S ESS;;;;79;;
1;3;2094;1;24,9936;20,32;AE CMDCENTRAL ENT RPTER 5.2XPLATPT/SWCH LIC S ESS;20344023;;AE CMDCENTRAL ENT RPTER 5.2XPLATPT/SWCH LIC S ESS;AE CMDCENTRAL ENT RPTER 5.2XPLATPT/SWCH LIC S ESS;AE CMDCENTRAL ENT RPTER 5.2XPLATPT/SWCH LIC S ESS;AE CMDCENTRAL ENT RPTER 5.2XPLATPT/SWCH LIC S ESS;;;;79;;
1;3;2094;1;23,739;19,3;REW CMDCENTRAL ENT RPTER 5.2 PT/SWCH SUB LIC D ESS;20344026;;REW CMDCENTRAL ENT RPTER 5.2 PT/SWCH SUB LIC D ESS;REW CMDCENTRAL ENT RPTER 5.2 PT/SWCH SUB LIC D ESS;REW CMDCENTRAL ENT RPTER 5.2 PT/SWCH SUB LIC D ESS;REW CMDCENTRAL ENT RPTER 5.2 PT/SWCH SUB LIC D ESS;;;;79;;
1;3;2094;1;24,9936;20,32;GOV CMDCENTRAL ENT RPTER 5.2 PT/SWCH SUB LIC S ESS;20344029;;GOV CMDCENTRAL ENT RPTER 5.2 PT/SWCH SUB LIC S ESS;GOV CMDCENTRAL ENT RPTER 5.2 PT/SWCH SUB LIC S ESS;GOV CMDCENTRAL ENT RPTER 5.2 PT/SWCH SUB LIC S ESS;GOV CMDCENTRAL ENT RPTER 5.2 PT/SWCH SUB LIC S ESS;;;;79;;
1;3;2094;1;24,9936;20,32;REW CMDCENTRAL ENT RPTER 5.2 PT/SWCH SUB LIC B ESS;20344032;;REW CMDCENTRAL ENT RPTER 5.2 PT/SWCH SUB LIC B ESS;REW CMDCENTRAL ENT RPTER 5.2 PT/SWCH SUB LIC B ESS;REW CMDCENTRAL ENT RPTER 5.2 PT/SWCH SUB LIC B ESS;REW CMDCENTRAL ENT RPTER 5.2 PT/SWCH SUB LIC B ESS;;;;79;;
1;3;2094;1;23,124;18,8;REW CMDCENTRAL ENT RPTER 5.2 PT/SWCH SUB LIC E ESS;20344035;;REW CMDCENTRAL ENT RPTER 5.2 PT/SWCH SUB LIC E ESS;REW CMDCENTRAL ENT RPTER 5.2 PT/SWCH SUB LIC E ESS;REW CMDCENTRAL ENT RPTER 5.2 PT/SWCH SUB LIC E ESS;REW CMDCENTRAL ENT RPTER 5.2 PT/SWCH SUB LIC E ESS;;;;79;;
1;3;2094;1;24,9936;20,32;REW CMDCENTRAL ENT RPTER 5.2 PT/SWCH SUB LIC A ESS;20344041;;REW CMDCENTRAL ENT RPTER 5.2 PT/SWCH SUB LIC A ESS;REW CMDCENTRAL ENT RPTER 5.2 PT/SWCH SUB LIC A ESS;REW CMDCENTRAL ENT RPTER 5.2 PT/SWCH SUB LIC A ESS;REW CMDCENTRAL ENT RPTER 5.2 PT/SWCH SUB LIC A ESS;;;;79;;
1;3;2094;1;23,739;19,3;REW CMDCENTRAL ENT RPTER 5.2 PT/SWCH SUB LIC C ESS;20344044;;REW CMDCENTRAL ENT RPTER 5.2 PT/SWCH SUB LIC C ESS;REW CMDCENTRAL ENT RPTER 5.2 PT/SWCH SUB LIC C ESS;REW CMDCENTRAL ENT RPTER 5.2 PT/SWCH SUB LIC C ESS;REW CMDCENTRAL ENT RPTER 5.2 PT/SWCH SUB LIC C ESS;;;;79;;
1;3;2094;1;2636,505;2143,5;NBU 6.X FOR ORCLE SOL 3 DAY TRAINING;20351020;;NBU 6.X FOR ORCLE SOL 3 DAY TRAINING;NBU 6.X FOR ORCLE SOL 3 DAY TRAINING;NBU 6.X FOR ORCLE SOL 3 DAY TRAINING;NBU 6.X FOR ORCLE SOL 3 DAY TRAINING;;;;79;;
1;3;2094;1;46,0266;37,42;NETBACKUP REALTIME 7.0 XPLAT EN DVD MEDIA;20363036;;NETBACKUP REALTIME 7.0 XPLAT EN DVD MEDIA;NETBACKUP REALTIME 7.0 XPLAT EN DVD MEDIA;NETBACKUP REALTIME 7.0 XPLAT EN DVD MEDIA;NETBACKUP REALTIME 7.0 XPLAT EN DVD MEDIA;;;;79;;
1;3;2094;1;556,9194;452,78;SYMC FILESTORE N8000 S2000 SATA 1000GB 7.2K RPM HARDDISK UNIT;20392021;;SYMC FILESTORE N8000 S2000 SATA 1000GB 7.2K RPM HARDDISK UNIT;SYMC FILESTORE N8000 S2000 SATA 1000GB 7.2K RPM HARDDISK UNIT;SYMC FILESTORE N8000 S2000 SATA 1000GB 7.2K RPM HARDDISK UNIT;SYMC FILESTORE N8000 S2000 SATA 1000GB 7.2K RPM HARDDISK UNIT;;;;79;;
1;3;2094;1;917,7768;746,16;FILESTORE N8000 AC PWR MOD;20392022;;FILESTORE N8000 AC PWR MOD;FILESTORE N8000 AC PWR MOD;FILESTORE N8000 AC PWR MOD;FILESTORE N8000 AC PWR MOD;;;;79;;
1;3;2094;1;1012,1301;822,87;FILESTORE N8000 DC PWR MOD;20392023;;FILESTORE N8000 DC PWR MOD;FILESTORE N8000 DC PWR MOD;FILESTORE N8000 DC PWR MOD;FILESTORE N8000 DC PWR MOD;;;;79;;
1;3;2094;1;1498,0416;1217,92;SYMC FILESTORE N8000 S5000 450GB 15K RPM 4G FC HARDDISK UNIT;20392026;;SYMC FILESTORE N8000 S5000 450GB 15K RPM 4G FC HARDDISK UNIT;SYMC FILESTORE N8000 S5000 450GB 15K RPM 4G FC HARDDISK UNIT;SYMC FILESTORE N8000 S5000 450GB 15K RPM 4G FC HARDDISK UNIT;SYMC FILESTORE N8000 S5000 450GB 15K RPM 4G FC HARDDISK UNIT;;;;79;;
1;3;2094;1;41961,8559;34115,33;SYMC FILESTORE N8000 S5000 DISK MANAGEMENT ENCLOSURE (220V AC)/WITHOUT HARDDISK/24 SLOT/FC SATA/WITH HS FC IN BOUND MANAGEMENT SOFTWARE;20392027;;SYMC FILESTORE N8000 S5000 DISK MANAGEMENT ENCLOSURE (220V AC)/WITHOUT HARDDISK/24 SLOT/FC SATA/WITH HS FC IN BOUND MANAGEMENT SOFTWARE;SYMC FILESTORE N8000 S5000 DISK MANAGEMENT ENCLOSURE (220V AC)/WITHOUT HARDDISK/24 SLOT/FC SATA/WITH HS FC IN BOUND MANAGEMENT SOFTWARE;SYMC FILESTORE N8000 S5000 DISK MANAGEMENT ENCLOSURE (220V AC)/WITHOUT HARDDISK/24 SLOT/FC SATA/WITH HS FC IN BOUND MANAGEMENT SOFTWARE;SYMC FILESTORE N8000 S5000 DISK MANAGEMENT ENCLOSURE (220V AC)/WITHOUT HARDDISK/24 SLOT/FC SATA/WITH HS FC IN BOUND MANAGEMENT SOFTWARE;;;;79;;
1;3;2094;1;725,2695;589,65;SYMC FILESTORE N8000 S5000 1000GB 7.2K RPM 4G FC-SATA HARDDISK UNIT FOR S5000;20392032;;SYMC FILESTORE N8000 S5000 1000GB 7.2K RPM 4G FC-SATA HARDDISK UNIT FOR S5000;SYMC FILESTORE N8000 S5000 1000GB 7.2K RPM 4G FC-SATA HARDDISK UNIT FOR S5000;SYMC FILESTORE N8000 S5000 1000GB 7.2K RPM 4G FC-SATA HARDDISK UNIT FOR S5000;SYMC FILESTORE N8000 S5000 1000GB 7.2K RPM 4G FC-SATA HARDDISK UNIT FOR S5000;;;;79;;
1;3;2094;1;14,268;11,6;SYMC FILESTORE N8000 AC POWER MODULE;20392034;;SYMC FILESTORE N8000 AC POWER MODULE;SYMC FILESTORE N8000 AC POWER MODULE;SYMC FILESTORE N8000 AC POWER MODULE;SYMC FILESTORE N8000 AC POWER MODULE;;;;79;;
1;3;2094;1;4452,0096;3619,52;SYMC FILESTORE N8000 S2000 DISK MANAGEMENT ENCLOSURE (220V AC)/WITHOUT HARDDISK/24 SLOT/SAS SATA/WITH HS SAS IN BOUND MANAGEMENT SOFTWARE;20392037;;SYMC FILESTORE N8000 S2000 DISK MANAGEMENT ENCLOSURE (220V AC)/WITHOUT HARDDISK/24 SLOT/SAS SATA/WITH HS SAS IN BOUND MANAGEMENT SOFTWARE;SYMC FILESTORE N8000 S2000 DISK MANAGEMENT ENCLOSURE (220V AC)/WITHOUT HARDDISK/24 SLOT/SAS SATA/WITH HS SAS IN BOUND MANAGEMENT SOFTWARE;SYMC FILESTORE N8000 S2000 DISK MANAGEMENT ENCLOSURE (220V AC)/WITHOUT HARDDISK/24 SLOT/SAS SATA/WITH HS SAS IN BOUND MANAGEMENT SOFTWARE;SYMC FILESTORE N8000 S2000 DISK MANAGEMENT ENCLOSURE (220V AC)/WITHOUT HARDDISK/24 SLOT/SAS SATA/WITH HS SAS IN BOUND MANAGEMENT SOFTWARE;;;;79;;
1;3;2094;1;5040,663;4098,1;SYMC FILESTORE N8000 S5000 DISK MANAGEMENT ENCLOSURE (220V AC)/WITHOUT HARDDISK/24 SLOT/FC SATA/WITH HS FC IN BOUND MANAGEMENT SOFTWARE;20392039;;SYMC FILESTORE N8000 S5000 DISK MANAGEMENT ENCLOSURE (220V AC)/WITHOUT HARDDISK/24 SLOT/FC SATA/WITH HS FC IN BOUND MANAGEMENT SOFTWARE;SYMC FILESTORE N8000 S5000 DISK MANAGEMENT ENCLOSURE (220V AC)/WITHOUT HARDDISK/24 SLOT/FC SATA/WITH HS FC IN BOUND MANAGEMENT SOFTWARE;SYMC FILESTORE N8000 S5000 DISK MANAGEMENT ENCLOSURE (220V AC)/WITHOUT HARDDISK/24 SLOT/FC SATA/WITH HS FC IN BOUND MANAGEMENT SOFTWARE;SYMC FILESTORE N8000 S5000 DISK MANAGEMENT ENCLOSURE (220V AC)/WITHOUT HARDDISK/24 SLOT/FC SATA/WITH HS FC IN BOUND MANAGEMENT SOFTWARE;;;;79;;
1;3;2094;1;1436,517;1167,9;SYMC FILESTORE N8000 S2000 SAS 450GB 15K RPM HARDDISK UNIT;20392043;;SYMC FILESTORE N8000 S2000 SAS 450GB 15K RPM HARDDISK UNIT;SYMC FILESTORE N8000 S2000 SAS 450GB 15K RPM HARDDISK UNIT;SYMC FILESTORE N8000 S2000 SAS 450GB 15K RPM HARDDISK UNIT;SYMC FILESTORE N8000 S2000 SAS 450GB 15K RPM HARDDISK UNIT;;;;79;;
1;3;2094;1;3,4932;2,84;REW DEPLOYMENT SOL THIN CLT 6.9 XPLAT N BDL BAS B;20428027;;REW DEPLOYMENT SOL THIN CLT 6.9 XPLAT N BDL BAS B;REW DEPLOYMENT SOL THIN CLT 6.9 XPLAT N BDL BAS B;REW DEPLOYMENT SOL THIN CLT 6.9 XPLAT N BDL BAS B;REW DEPLOYMENT SOL THIN CLT 6.9 XPLAT N BDL BAS B;;;;79;;
1;3;2094;1;2,8167;2,29;REW DEPLOYMENT SOL THIN CLT 6.9 XPLAT N BDL BAS E;20428028;;REW DEPLOYMENT SOL THIN CLT 6.9 XPLAT N BDL BAS E;REW DEPLOYMENT SOL THIN CLT 6.9 XPLAT N BDL BAS E;REW DEPLOYMENT SOL THIN CLT 6.9 XPLAT N BDL BAS E;REW DEPLOYMENT SOL THIN CLT 6.9 XPLAT N BDL BAS E;;;;79;;
1;3;2094;1;4,9323;4,01;REW DEPLOYMENT SOL THIN CLT6.9 XPLAT N RNWL ESS A;20428030;;REW DEPLOYMENT SOL THIN CLT6.9 XPLAT N RNWL ESS A;REW DEPLOYMENT SOL THIN CLT6.9 XPLAT N RNWL ESS A;REW DEPLOYMENT SOL THIN CLT6.9 XPLAT N RNWL ESS A;REW DEPLOYMENT SOL THIN CLT6.9 XPLAT N RNWL ESS A;;;;79;;
1;3;2094;1;4,0836;3,32;REW DEPLOYMENT SOL THIN CLT 6.9 XPLAT N BDL ESS C;20428032;;REW DEPLOYMENT SOL THIN CLT 6.9 XPLAT N BDL ESS C;REW DEPLOYMENT SOL THIN CLT 6.9 XPLAT N BDL ESS C;REW DEPLOYMENT SOL THIN CLT 6.9 XPLAT N BDL ESS C;REW DEPLOYMENT SOL THIN CLT 6.9 XPLAT N BDL ESS C;;;;79;;
1;3;2094;1;5,3628;4,36;EXP DEPLOYMENT SOL THIN CLT6.9 XPLAT N RNWL ESS S;20428034;;EXP DEPLOYMENT SOL THIN CLT6.9 XPLAT N RNWL ESS S;EXP DEPLOYMENT SOL THIN CLT6.9 XPLAT N RNWL ESS S;EXP DEPLOYMENT SOL THIN CLT6.9 XPLAT N RNWL ESS S;EXP DEPLOYMENT SOL THIN CLT6.9 XPLAT N RNWL ESS S;;;;79;;
1;3;2094;1;2,952;2,4;REW DEPLOYMENT SOL THIN CLT 6.9 XPLAT N BDL BAS D;20428035;;REW DEPLOYMENT SOL THIN CLT 6.9 XPLAT N BDL BAS D;REW DEPLOYMENT SOL THIN CLT 6.9 XPLAT N BDL BAS D;REW DEPLOYMENT SOL THIN CLT 6.9 XPLAT N BDL BAS D;REW DEPLOYMENT SOL THIN CLT 6.9 XPLAT N BDL BAS D;;;;79;;
1;3;2094;1;3,5916;2,92;REW DEPLOYMENT SOL THIN CLT 6.9 XPLAT N BDL ESS E;20428037;;REW DEPLOYMENT SOL THIN CLT 6.9 XPLAT N BDL ESS E;REW DEPLOYMENT SOL THIN CLT 6.9 XPLAT N BDL ESS E;REW DEPLOYMENT SOL THIN CLT 6.9 XPLAT N BDL ESS E;REW DEPLOYMENT SOL THIN CLT 6.9 XPLAT N BDL ESS E;;;;79;;
1;3;2094;1;3,7638;3,06;REW DEPLOYMENT SOL THIN CLT6.9 XPLAT N RNWL ESS D;20428040;;REW DEPLOYMENT SOL THIN CLT6.9 XPLAT N RNWL ESS D;REW DEPLOYMENT SOL THIN CLT6.9 XPLAT N RNWL ESS D;REW DEPLOYMENT SOL THIN CLT6.9 XPLAT N RNWL ESS D;REW DEPLOYMENT SOL THIN CLT6.9 XPLAT N RNWL ESS D;;;;79;;
1;3;2094;1;3,7638;3,06;REW DEPLOYMENT SOL THIN CLT 6.9 XPLAT N BDL ESS D;20428044;;REW DEPLOYMENT SOL THIN CLT 6.9 XPLAT N BDL ESS D;REW DEPLOYMENT SOL THIN CLT 6.9 XPLAT N BDL ESS D;REW DEPLOYMENT SOL THIN CLT 6.9 XPLAT N BDL ESS D;REW DEPLOYMENT SOL THIN CLT 6.9 XPLAT N BDL ESS D;;;;79;;
1;3;2094;1;3,8622;3,14;REW DEPLOYMENT SOL THIN CLT6.9 XPLAT N RNWL BAS A;20428045;;REW DEPLOYMENT SOL THIN CLT6.9 XPLAT N RNWL BAS A;REW DEPLOYMENT SOL THIN CLT6.9 XPLAT N RNWL BAS A;REW DEPLOYMENT SOL THIN CLT6.9 XPLAT N RNWL BAS A;REW DEPLOYMENT SOL THIN CLT6.9 XPLAT N RNWL BAS A;;;;79;;
1;3;2094;1;3,4932;2,84;REW DEPLOYMENT SOL THIN CLT6.9 XPLAT N RNWL BAS B;20428046;;REW DEPLOYMENT SOL THIN CLT6.9 XPLAT N RNWL BAS B;REW DEPLOYMENT SOL THIN CLT6.9 XPLAT N RNWL BAS B;REW DEPLOYMENT SOL THIN CLT6.9 XPLAT N RNWL BAS B;REW DEPLOYMENT SOL THIN CLT6.9 XPLAT N RNWL BAS B;;;;79;;
1;3;2094;1;2,952;2,4;REW DEPLOYMENT SOL THIN CLT6.9 XPLAT N RNWL BAS D;20428047;;REW DEPLOYMENT SOL THIN CLT6.9 XPLAT N RNWL BAS D;REW DEPLOYMENT SOL THIN CLT6.9 XPLAT N RNWL BAS D;REW DEPLOYMENT SOL THIN CLT6.9 XPLAT N RNWL BAS D;REW DEPLOYMENT SOL THIN CLT6.9 XPLAT N RNWL BAS D;;;;79;;
1;3;2094;1;4,2066;3,42;EXP DEPLOYMENT SOL THIN CLT 6.9 XPLAT PER N BAS S;20428049;;EXP DEPLOYMENT SOL THIN CLT 6.9 XPLAT PER N BAS S;EXP DEPLOYMENT SOL THIN CLT 6.9 XPLAT PER N BAS S;EXP DEPLOYMENT SOL THIN CLT 6.9 XPLAT PER N BAS S;EXP DEPLOYMENT SOL THIN CLT 6.9 XPLAT PER N BAS S;;;;79;;
1;3;2094;1;4,4403;3,61;REW DEPLOYMENT SOL THIN CLT 6.9 XPLAT N BDL ESS B;20428050;;REW DEPLOYMENT SOL THIN CLT 6.9 XPLAT N BDL ESS B;REW DEPLOYMENT SOL THIN CLT 6.9 XPLAT N BDL ESS B;REW DEPLOYMENT SOL THIN CLT 6.9 XPLAT N BDL ESS B;REW DEPLOYMENT SOL THIN CLT 6.9 XPLAT N BDL ESS B;;;;79;;
1;3;2094;1;5,3628;4,36;EXP DEPLOYMENT SOL THIN CLT 6.9 XPLAT PER N ESS S;20428053;;EXP DEPLOYMENT SOL THIN CLT 6.9 XPLAT PER N ESS S;EXP DEPLOYMENT SOL THIN CLT 6.9 XPLAT PER N ESS S;EXP DEPLOYMENT SOL THIN CLT 6.9 XPLAT PER N ESS S;EXP DEPLOYMENT SOL THIN CLT 6.9 XPLAT PER N ESS S;;;;79;;
1;3;2094;1;3,1857;2,59;REW DEPLOYMENT SOL THIN CLT 6.9 XPLAT N BDL BAS C;20428059;;REW DEPLOYMENT SOL THIN CLT 6.9 XPLAT N BDL BAS C;REW DEPLOYMENT SOL THIN CLT 6.9 XPLAT N BDL BAS C;REW DEPLOYMENT SOL THIN CLT 6.9 XPLAT N BDL BAS C;REW DEPLOYMENT SOL THIN CLT 6.9 XPLAT N BDL BAS C;;;;79;;
1;3;2094;1;4,0836;3,32;REW DEPLOYMENT SOL THIN CLT6.9 XPLAT N RNWL ESS C;20428060;;REW DEPLOYMENT SOL THIN CLT6.9 XPLAT N RNWL ESS C;REW DEPLOYMENT SOL THIN CLT6.9 XPLAT N RNWL ESS C;REW DEPLOYMENT SOL THIN CLT6.9 XPLAT N RNWL ESS C;REW DEPLOYMENT SOL THIN CLT6.9 XPLAT N RNWL ESS C;;;;79;;
1;3;2094;1;3,1857;2,59;REW DEPLOYMENT SOL THIN CLT6.9 XPLAT N RNWL BAS C;20428061;;REW DEPLOYMENT SOL THIN CLT6.9 XPLAT N RNWL BAS C;REW DEPLOYMENT SOL THIN CLT6.9 XPLAT N RNWL BAS C;REW DEPLOYMENT SOL THIN CLT6.9 XPLAT N RNWL BAS C;REW DEPLOYMENT SOL THIN CLT6.9 XPLAT N RNWL BAS C;;;;79;;
1;3;2094;1;3,8622;3,14;REW DEPLOYMENT SOL THIN CLT 6.9 XPLAT N BDL BAS A;20428064;;REW DEPLOYMENT SOL THIN CLT 6.9 XPLAT N BDL BAS A;REW DEPLOYMENT SOL THIN CLT 6.9 XPLAT N BDL BAS A;REW DEPLOYMENT SOL THIN CLT 6.9 XPLAT N BDL BAS A;REW DEPLOYMENT SOL THIN CLT 6.9 XPLAT N BDL BAS A;;;;79;;
1;3;2094;1;4,9323;4,01;REW DEPLOYMENT SOL THIN CLT 6.9 XPLAT N BDL ESS A;20428068;;REW DEPLOYMENT SOL THIN CLT 6.9 XPLAT N BDL ESS A;REW DEPLOYMENT SOL THIN CLT 6.9 XPLAT N BDL ESS A;REW DEPLOYMENT SOL THIN CLT 6.9 XPLAT N BDL ESS A;REW DEPLOYMENT SOL THIN CLT 6.9 XPLAT N BDL ESS A;;;;79;;
1;3;2094;1;3,5916;2,92;REW DEPLOYMENT SOL THIN CLT6.9 XPLAT N RNWL ESS E;20428071;;REW DEPLOYMENT SOL THIN CLT6.9 XPLAT N RNWL ESS E;REW DEPLOYMENT SOL THIN CLT6.9 XPLAT N RNWL ESS E;REW DEPLOYMENT SOL THIN CLT6.9 XPLAT N RNWL ESS E;REW DEPLOYMENT SOL THIN CLT6.9 XPLAT N RNWL ESS E;;;;79;;
1;3;2094;1;4,2066;3,42;EXP DEPLOYMENT SOL THIN CLT6.9 XPLAT N RNWL BAS S;20428074;;EXP DEPLOYMENT SOL THIN CLT6.9 XPLAT N RNWL BAS S;EXP DEPLOYMENT SOL THIN CLT6.9 XPLAT N RNWL BAS S;EXP DEPLOYMENT SOL THIN CLT6.9 XPLAT N RNWL BAS S;EXP DEPLOYMENT SOL THIN CLT6.9 XPLAT N RNWL BAS S;;;;79;;
1;3;2094;1;25,3503;20,61;REW DEPLOY SOL THIN CLT 6.9 XPLAT N STD LIC A BAS;20428076;;REW DEPLOY SOL THIN CLT 6.9 XPLAT N STD LIC A BAS;REW DEPLOY SOL THIN CLT 6.9 XPLAT N STD LIC A BAS;REW DEPLOY SOL THIN CLT 6.9 XPLAT N STD LIC A BAS;REW DEPLOY SOL THIN CLT 6.9 XPLAT N STD LIC A BAS;;;;79;;
1;3;2094;1;20,9346;17,02;REW DEPLOY SOL THIN CLT 6.9 XPLAT N STD LIC C BAS;20428077;;REW DEPLOY SOL THIN CLT 6.9 XPLAT N STD LIC C BAS;REW DEPLOY SOL THIN CLT 6.9 XPLAT N STD LIC C BAS;REW DEPLOY SOL THIN CLT 6.9 XPLAT N STD LIC C BAS;REW DEPLOY SOL THIN CLT 6.9 XPLAT N STD LIC C BAS;;;;79;;
1;3;2094;1;27,5397;22,39;EXP DEPLOYMENT SOL THIN CLT 6.9 XPLAT N LIC S BAS;20428079;;EXP DEPLOYMENT SOL THIN CLT 6.9 XPLAT N LIC S BAS;EXP DEPLOYMENT SOL THIN CLT 6.9 XPLAT N LIC S BAS;EXP DEPLOYMENT SOL THIN CLT 6.9 XPLAT N LIC S BAS;EXP DEPLOYMENT SOL THIN CLT 6.9 XPLAT N LIC S BAS;;;;79;;
1;3;2094;1;21,8202;17,74;REW DEPLOY SOL THIN CLT 6.9 XPLAT N STD LIC C ESS;20428080;;REW DEPLOY SOL THIN CLT 6.9 XPLAT N STD LIC C ESS;REW DEPLOY SOL THIN CLT 6.9 XPLAT N STD LIC C ESS;REW DEPLOY SOL THIN CLT 6.9 XPLAT N STD LIC C ESS;REW DEPLOY SOL THIN CLT 6.9 XPLAT N STD LIC C ESS;;;;79;;
1;3;2094;1;19,2864;15,68;REW DEPLOY SOL THIN CLT 6.9 XPLAT N STD LIC D BAS;20428082;;REW DEPLOY SOL THIN CLT 6.9 XPLAT N STD LIC D BAS;REW DEPLOY SOL THIN CLT 6.9 XPLAT N STD LIC D BAS;REW DEPLOY SOL THIN CLT 6.9 XPLAT N STD LIC D BAS;REW DEPLOY SOL THIN CLT 6.9 XPLAT N STD LIC D BAS;;;;79;;
1;3;2094;1;18,4623;15,01;REW DEPLOY SOL THIN CLT 6.9 XPLAT N STD LIC E BAS;20428083;;REW DEPLOY SOL THIN CLT 6.9 XPLAT N STD LIC E BAS;REW DEPLOY SOL THIN CLT 6.9 XPLAT N STD LIC E BAS;REW DEPLOY SOL THIN CLT 6.9 XPLAT N STD LIC E BAS;REW DEPLOY SOL THIN CLT 6.9 XPLAT N STD LIC E BAS;;;;79;;
1;3;2094;1;28,6959;23,33;EXP DEPLOYMENT SOL THIN CLT 6.9 XPLAT N LIC S ESS;20428085;;EXP DEPLOYMENT SOL THIN CLT 6.9 XPLAT N LIC S ESS;EXP DEPLOYMENT SOL THIN CLT 6.9 XPLAT N LIC S ESS;EXP DEPLOYMENT SOL THIN CLT 6.9 XPLAT N LIC S ESS;EXP DEPLOYMENT SOL THIN CLT 6.9 XPLAT N LIC S ESS;;;;79;;
1;3;2094;1;22,8657;18,59;REW DEPLOY SOL THIN CLT 6.9 XPLAT N STD LIC B BAS;20428088;;REW DEPLOY SOL THIN CLT 6.9 XPLAT N STD LIC B BAS;REW DEPLOY SOL THIN CLT 6.9 XPLAT N STD LIC B BAS;REW DEPLOY SOL THIN CLT 6.9 XPLAT N STD LIC B BAS;REW DEPLOY SOL THIN CLT 6.9 XPLAT N STD LIC B BAS;;;;79;;
1;3;2094;1;19,2249;15,63;REW DEPLOY SOL THIN CLT 6.9 XPLAT N STD LIC E ESS;20428091;;REW DEPLOY SOL THIN CLT 6.9 XPLAT N STD LIC E ESS;REW DEPLOY SOL THIN CLT 6.9 XPLAT N STD LIC E ESS;REW DEPLOY SOL THIN CLT 6.9 XPLAT N STD LIC E ESS;REW DEPLOY SOL THIN CLT 6.9 XPLAT N STD LIC E ESS;;;;79;;
1;3;2094;1;20,1105;16,35;REW DEPLOY SOL THIN CLT 6.9 XPLAT N STD LIC D ESS;20428094;;REW DEPLOY SOL THIN CLT 6.9 XPLAT N STD LIC D ESS;REW DEPLOY SOL THIN CLT 6.9 XPLAT N STD LIC D ESS;REW DEPLOY SOL THIN CLT 6.9 XPLAT N STD LIC D ESS;REW DEPLOY SOL THIN CLT 6.9 XPLAT N STD LIC D ESS;;;;79;;
1;3;2094;1;26,4081;21,47;REW DEPLOY SOL THIN CLT 6.9 XPLAT N STD LIC A ESS;20428098;;REW DEPLOY SOL THIN CLT 6.9 XPLAT N STD LIC A ESS;REW DEPLOY SOL THIN CLT 6.9 XPLAT N STD LIC A ESS;REW DEPLOY SOL THIN CLT 6.9 XPLAT N STD LIC A ESS;REW DEPLOY SOL THIN CLT 6.9 XPLAT N STD LIC A ESS;;;;79;;
1;3;2094;1;23,8251;19,37;REW DEPLOY SOL THIN CLT 6.9 XPLAT N STD LIC B ESS;20428099;;REW DEPLOY SOL THIN CLT 6.9 XPLAT N STD LIC B ESS;REW DEPLOY SOL THIN CLT 6.9 XPLAT N STD LIC B ESS;REW DEPLOY SOL THIN CLT 6.9 XPLAT N STD LIC B ESS;REW DEPLOY SOL THIN CLT 6.9 XPLAT N STD LIC B ESS;;;;79;;
1;3;2094;1;4,4403;3,61;REW DEPLOYMENT SOL THIN CLT6.9 XPLAT N RNWL ESS B;20428102;;REW DEPLOYMENT SOL THIN CLT6.9 XPLAT N RNWL ESS B;REW DEPLOYMENT SOL THIN CLT6.9 XPLAT N RNWL ESS B;REW DEPLOYMENT SOL THIN CLT6.9 XPLAT N RNWL ESS B;REW DEPLOYMENT SOL THIN CLT6.9 XPLAT N RNWL ESS B;;;;79;;
1;3;2094;1;2,8167;2,29;REW DEPLOYMENT SOL THIN CLT6.9 XPLAT N RNWL BAS E;20428103;;REW DEPLOYMENT SOL THIN CLT6.9 XPLAT N RNWL BAS E;REW DEPLOYMENT SOL THIN CLT6.9 XPLAT N RNWL BAS E;REW DEPLOYMENT SOL THIN CLT6.9 XPLAT N RNWL BAS E;REW DEPLOYMENT SOL THIN CLT6.9 XPLAT N RNWL BAS E;;;;79;;
1;3;2094;1;12,546;10,2;AE DEPLOY SOL THIN CLT6.9 XPLAT N SECDRY SUB B ESS;20429020;;AE DEPLOY SOL THIN CLT6.9 XPLAT N SECDRY SUB B ESS;AE DEPLOY SOL THIN CLT6.9 XPLAT N SECDRY SUB B ESS;AE DEPLOY SOL THIN CLT6.9 XPLAT N SECDRY SUB B ESS;AE DEPLOY SOL THIN CLT6.9 XPLAT N SECDRY SUB B ESS;;;;79;;
1;3;2094;1;13,2102;10,74;AE DEPLOY SOL THIN CLT6.9 XPLAT N SECDRY SUB A ESS;20429021;;AE DEPLOY SOL THIN CLT6.9 XPLAT N SECDRY SUB A ESS;AE DEPLOY SOL THIN CLT6.9 XPLAT N SECDRY SUB A ESS;AE DEPLOY SOL THIN CLT6.9 XPLAT N SECDRY SUB A ESS;AE DEPLOY SOL THIN CLT6.9 XPLAT N SECDRY SUB A ESS;;;;79;;
1;3;2094;1;10,578;8,6;AE DEPLOY SOL THIN CLT6.9 XPLAT N SECDRY SUB E ESS;20429022;;AE DEPLOY SOL THIN CLT6.9 XPLAT N SECDRY SUB E ESS;AE DEPLOY SOL THIN CLT6.9 XPLAT N SECDRY SUB E ESS;AE DEPLOY SOL THIN CLT6.9 XPLAT N SECDRY SUB E ESS;AE DEPLOY SOL THIN CLT6.9 XPLAT N SECDRY SUB E ESS;;;;79;;
1;3;2094;1;11,8941;9,67;AE DEPLOY SOL THIN CLT6.9 XPLAT N SECDRY SUB C ESS;20429023;;AE DEPLOY SOL THIN CLT6.9 XPLAT N SECDRY SUB C ESS;AE DEPLOY SOL THIN CLT6.9 XPLAT N SECDRY SUB C ESS;AE DEPLOY SOL THIN CLT6.9 XPLAT N SECDRY SUB C ESS;AE DEPLOY SOL THIN CLT6.9 XPLAT N SECDRY SUB C ESS;;;;79;;
1;3;2094;1;11,2299;9,13;AE DEPLOY SOL THIN CLT6.9 XPLAT N SECDRY SUB D ESS;20429024;;AE DEPLOY SOL THIN CLT6.9 XPLAT N SECDRY SUB D ESS;AE DEPLOY SOL THIN CLT6.9 XPLAT N SECDRY SUB D ESS;AE DEPLOY SOL THIN CLT6.9 XPLAT N SECDRY SUB D ESS;AE DEPLOY SOL THIN CLT6.9 XPLAT N SECDRY SUB D ESS;;;;79;;
1;3;2094;1;26,6295;21,65;REW ESSEN 12MO RNWL TOTAL MANAGEMENT SUITE 6.5 XPLAT /NODE BE;20431029;;REW ESSEN 12MO RNWL TOTAL MANAGEMENT SUITE 6.5 XPLAT /NODE BE;REW ESSEN 12MO RNWL TOTAL MANAGEMENT SUITE 6.5 XPLAT /NODE BE;REW ESSEN 12MO RNWL TOTAL MANAGEMENT SUITE 6.5 XPLAT /NODE BE;REW ESSEN 12MO RNWL TOTAL MANAGEMENT SUITE 6.5 XPLAT /NODE BE;;;;79;;
1;3;2094;1;23,4192;19,04;ALTIRIS TOTAL MANAGEMENT SUITE 6.5 XPLAT PER NODE RENEWAL BASIC 12 MONTHS EXPRESS BAND S;20431066;;ALTIRIS TOTAL MANAGEMENT SUITE 6.5 XPLAT PER NODE RENEWAL BASIC 12 MONTHS EXPRESS BAND S;ALTIRIS TOTAL MANAGEMENT SUITE 6.5 XPLAT PER NODE RENEWAL BASIC 12 MONTHS EXPRESS BAND S;ALTIRIS TOTAL MANAGEMENT SUITE 6.5 XPLAT PER NODE RENEWAL BASIC 12 MONTHS EXPRESS BAND S;ALTIRIS TOTAL MANAGEMENT SUITE 6.5 XPLAT PER NODE RENEWAL BASIC 12 MONTHS EXPRESS BAND S;;;;79;;
1;3;2094;1;3,3825;2,75;DEPLOYMENT SOLUTION CFG CENTER F/CLT 7.1 XPLAT PER NODE STD REW BB;20435022;;DEPLOYMENT SOLUTION CFG CENTER F/CLT 7.1 XPLAT PER NODE STD REW BB;DEPLOYMENT SOLUTION CFG CENTER F/CLT 7.1 XPLAT PER NODE STD REW BB;DEPLOYMENT SOLUTION CFG CENTER F/CLT 7.1 XPLAT PER NODE STD REW BB;DEPLOYMENT SOLUTION CFG CENTER F/CLT 7.1 XPLAT PER NODE STD REW BB;;;;79;;
1;3;2094;1;#ARG!;E-mail;ALTIRIS DEPLOYMENT SOLUT THIN CLT6.9LIC XSP ESS36M;20438022;;ALTIRIS DEPLOYMENT SOLUT THIN CLT6.9LIC XSP ESS36M;ALTIRIS DEPLOYMENT SOLUT THIN CLT6.9LIC XSP ESS36M;ALTIRIS DEPLOYMENT SOLUT THIN CLT6.9LIC XSP ESS36M;ALTIRIS DEPLOYMENT SOLUT THIN CLT6.9LIC XSP ESS36M;;;;79;;
1;3;2094;1;#ARG!;E-mail;ALTIRIS DEPLOYMENT SOLUT THIN CLT6.9 N I/O ESS36MO;20441021;;ALTIRIS DEPLOYMENT SOLUT THIN CLT6.9 N I/O ESS36MO;ALTIRIS DEPLOYMENT SOLUT THIN CLT6.9 N I/O ESS36MO;ALTIRIS DEPLOYMENT SOLUT THIN CLT6.9 N I/O ESS36MO;ALTIRIS DEPLOYMENT SOLUT THIN CLT6.9 N I/O ESS36MO;;;;79;;
1;3;2094;1;8027,2506;6526,22;REW WISE PK STUDIO STE8.0 WIN P U BDL STD LIC A BAS;20528021;;REW WISE PK STUDIO STE8.0 WIN P U BDL STD LIC A BAS;REW WISE PK STUDIO STE8.0 WIN P U BDL STD LIC A BAS;REW WISE PK STUDIO STE8.0 WIN P U BDL STD LIC A BAS;REW WISE PK STUDIO STE8.0 WIN P U BDL STD LIC A BAS;;;;79;;
1;3;2094;1;7865,0751;6394,37;REW WISE PK STUDIO STE8.0 WIN P U BDL STD LIC B BAS;20528022;;REW WISE PK STUDIO STE8.0 WIN P U BDL STD LIC B BAS;REW WISE PK STUDIO STE8.0 WIN P U BDL STD LIC B BAS;REW WISE PK STUDIO STE8.0 WIN P U BDL STD LIC B BAS;REW WISE PK STUDIO STE8.0 WIN P U BDL STD LIC B BAS;;;;79;;
1;3;2094;1;5359,7373;4357,51;EXP WISE PK STUDIO STE 8 WIN P U BDL V/U LIC S BAS;20528025;;EXP WISE PK STUDIO STE 8 WIN P U BDL V/U LIC S BAS;EXP WISE PK STUDIO STE 8 WIN P U BDL V/U LIC S BAS;EXP WISE PK STUDIO STE 8 WIN P U BDL V/U LIC S BAS;EXP WISE PK STUDIO STE 8 WIN P U BDL V/U LIC S BAS;;;;79;;
1;3;2094;1;6486,6633;5273,71;REW WISE PK STUDIO STE8.0 WIN P U BDL STD LIC E BAS;20528026;;REW WISE PK STUDIO STE8.0 WIN P U BDL STD LIC E BAS;REW WISE PK STUDIO STE8.0 WIN P U BDL STD LIC E BAS;REW WISE PK STUDIO STE8.0 WIN P U BDL STD LIC E BAS;REW WISE PK STUDIO STE8.0 WIN P U BDL STD LIC E BAS;;;;79;;
1;3;2094;1;5306,1462;4313,94;REW WISE PK STUDIO STE8.0 WIN P U BDL V/U LIC A BAS;20528029;;REW WISE PK STUDIO STE8.0 WIN P U BDL V/U LIC A BAS;REW WISE PK STUDIO STE8.0 WIN P U BDL V/U LIC A BAS;REW WISE PK STUDIO STE8.0 WIN P U BDL V/U LIC A BAS;REW WISE PK STUDIO STE8.0 WIN P U BDL V/U LIC A BAS;;;;79;;
1;3;2094;1;4930,9593;4008,91;REW WISE PK STUDIO STE8.0 WIN P U BDL V/U LIC C BAS;20528030;;REW WISE PK STUDIO STE8.0 WIN P U BDL V/U LIC C BAS;REW WISE PK STUDIO STE8.0 WIN P U BDL V/U LIC C BAS;REW WISE PK STUDIO STE8.0 WIN P U BDL V/U LIC C BAS;REW WISE PK STUDIO STE8.0 WIN P U BDL V/U LIC C BAS;;;;79;;
1;3;2094;1;4287,7923;3486,01;REW WISE PK STUDIO STE8.0 WIN P U BDL V/U LIC E BAS;20528033;;REW WISE PK STUDIO STE8.0 WIN P U BDL V/U LIC E BAS;REW WISE PK STUDIO STE8.0 WIN P U BDL V/U LIC E BAS;REW WISE PK STUDIO STE8.0 WIN P U BDL V/U LIC E BAS;REW WISE PK STUDIO STE8.0 WIN P U BDL V/U LIC E BAS;;;;79;;
1;3;2094;1;4609,3758;3747,46;REW WISE PK STUDIO STE8.0 WIN P U BDL V/U LIC D BAS;20528036;;REW WISE PK STUDIO STE8.0 WIN P U BDL V/U LIC D BAS;REW WISE PK STUDIO STE8.0 WIN P U BDL V/U LIC D BAS;REW WISE PK STUDIO STE8.0 WIN P U BDL V/U LIC D BAS;REW WISE PK STUDIO STE8.0 WIN P U BDL V/U LIC D BAS;;;;79;;
1;3;2094;1;6973,1652;5669,24;REW WISE PK STUDIO STE8.0 WIN P U BDL STD LIC D BAS;20528040;;REW WISE PK STUDIO STE8.0 WIN P U BDL STD LIC D BAS;REW WISE PK STUDIO STE8.0 WIN P U BDL STD LIC D BAS;REW WISE PK STUDIO STE8.0 WIN P U BDL STD LIC D BAS;REW WISE PK STUDIO STE8.0 WIN P U BDL STD LIC D BAS;;;;79;;
1;3;2094;1;8108,3322;6592,14;EXP WISE PK STUDIO STE 8 WIN P U BDL STD LIC S BAS;20528041;;EXP WISE PK STUDIO STE 8 WIN P U BDL STD LIC S BAS;EXP WISE PK STUDIO STE 8 WIN P U BDL STD LIC S BAS;EXP WISE PK STUDIO STE 8 WIN P U BDL STD LIC S BAS;EXP WISE PK STUDIO STE 8 WIN P U BDL STD LIC S BAS;;;;79;;
1;3;2094;1;7459,6548;6064,76;REW WISE PK STUDIO STE8.0 WIN P U BDL STD LIC C BAS;20528043;;REW WISE PK STUDIO STE8.0 WIN P U BDL STD LIC C BAS;REW WISE PK STUDIO STE8.0 WIN P U BDL STD LIC C BAS;REW WISE PK STUDIO STE8.0 WIN P U BDL STD LIC C BAS;REW WISE PK STUDIO STE8.0 WIN P U BDL STD LIC C BAS;;;;79;;
1;3;2094;1;5198,9517;4226,79;REW WISE PK STUDIO STE8.0 WIN P U BDL V/U LIC B BAS;20528044;;REW WISE PK STUDIO STE8.0 WIN P U BDL V/U LIC B BAS;REW WISE PK STUDIO STE8.0 WIN P U BDL V/U LIC B BAS;REW WISE PK STUDIO STE8.0 WIN P U BDL V/U LIC B BAS;REW WISE PK STUDIO STE8.0 WIN P U BDL V/U LIC B BAS;;;;79;;
1;3;2094;1;23,4069;19,03;EXP WORKSPACE VIRT 6.1 WIN N BDL V/U LIC S BAS;20530020;;EXP WORKSPACE VIRT 6.1 WIN N BDL V/U LIC S BAS;EXP WORKSPACE VIRT 6.1 WIN N BDL V/U LIC S BAS;EXP WORKSPACE VIRT 6.1 WIN N BDL V/U LIC S BAS;EXP WORKSPACE VIRT 6.1 WIN N BDL V/U LIC S BAS;;;;79;;
1;3;2094;1;22,9272;18,64;REW WORKSPACE VIRT6.1 WIN PER N BDL V/U LIC A ESS;20530023;;REW WORKSPACE VIRT6.1 WIN PER N BDL V/U LIC A ESS;REW WORKSPACE VIRT6.1 WIN PER N BDL V/U LIC A ESS;REW WORKSPACE VIRT6.1 WIN PER N BDL V/U LIC A ESS;REW WORKSPACE VIRT6.1 WIN PER N BDL V/U LIC A ESS;;;;79;;
1;3;2094;1;17,4414;14,18;REW WORKSPACE VIRT6.1 WIN PER N BDL V/U LIC D ESS;20530024;;REW WORKSPACE VIRT6.1 WIN PER N BDL V/U LIC D ESS;REW WORKSPACE VIRT6.1 WIN PER N BDL V/U LIC D ESS;REW WORKSPACE VIRT6.1 WIN PER N BDL V/U LIC D ESS;REW WORKSPACE VIRT6.1 WIN PER N BDL V/U LIC D ESS;;;;79;;
1;3;2094;1;24,9075;20,25;EXP WORKSPACE VIRT 6.1 WIN N BDL V/U LIC S ESS;20530027;;EXP WORKSPACE VIRT 6.1 WIN N BDL V/U LIC S ESS;EXP WORKSPACE VIRT 6.1 WIN N BDL V/U LIC S ESS;EXP WORKSPACE VIRT 6.1 WIN N BDL V/U LIC S ESS;EXP WORKSPACE VIRT 6.1 WIN N BDL V/U LIC S ESS;;;;79;;
1;3;2094;1;15,6825;12,75;REW WORKSPACE VIRT6.1 WIN PER N BDL V/U LIC E BAS;20530029;;REW WORKSPACE VIRT6.1 WIN PER N BDL V/U LIC E BAS;REW WORKSPACE VIRT6.1 WIN PER N BDL V/U LIC E BAS;REW WORKSPACE VIRT6.1 WIN PER N BDL V/U LIC E BAS;REW WORKSPACE VIRT6.1 WIN PER N BDL V/U LIC E BAS;;;;79;;
1;3;2094;1;21,5373;17,51;REW WORKSPACE VIRT6.1 WIN PER N BDL V/U LIC A BAS;20530030;;REW WORKSPACE VIRT6.1 WIN PER N BDL V/U LIC A BAS;REW WORKSPACE VIRT6.1 WIN PER N BDL V/U LIC A BAS;REW WORKSPACE VIRT6.1 WIN PER N BDL V/U LIC A BAS;REW WORKSPACE VIRT6.1 WIN PER N BDL V/U LIC A BAS;;;;79;;
1;3;2094;1;17,7981;14,47;REW WORKSPACE VIRT6.1 WIN PER N BDL V/U LIC C BAS;20530031;;REW WORKSPACE VIRT6.1 WIN PER N BDL V/U LIC C BAS;REW WORKSPACE VIRT6.1 WIN PER N BDL V/U LIC C BAS;REW WORKSPACE VIRT6.1 WIN PER N BDL V/U LIC C BAS;REW WORKSPACE VIRT6.1 WIN PER N BDL V/U LIC C BAS;;;;79;;
1;3;2094;1;19,434;15,8;REW WORKSPACE VIRT6.1 WIN PER N BDL V/U LIC B BAS;20530038;;REW WORKSPACE VIRT6.1 WIN PER N BDL V/U LIC B BAS;REW WORKSPACE VIRT6.1 WIN PER N BDL V/U LIC B BAS;REW WORKSPACE VIRT6.1 WIN PER N BDL V/U LIC B BAS;REW WORKSPACE VIRT6.1 WIN PER N BDL V/U LIC B BAS;;;;79;;
1;3;2094;1;16,4082;13,34;REW WORKSPACE VIRT6.1 WIN PER N BDL V/U LIC D BAS;20530039;;REW WORKSPACE VIRT6.1 WIN PER N BDL V/U LIC D BAS;REW WORKSPACE VIRT6.1 WIN PER N BDL V/U LIC D BAS;REW WORKSPACE VIRT6.1 WIN PER N BDL V/U LIC D BAS;REW WORKSPACE VIRT6.1 WIN PER N BDL V/U LIC D BAS;;;;79;;
1;3;2094;1;18,9297;15,39;REW WORKSPACE VIRT6.1 WIN PER N BDL V/U LIC C ESS;20530041;;REW WORKSPACE VIRT6.1 WIN PER N BDL V/U LIC C ESS;REW WORKSPACE VIRT6.1 WIN PER N BDL V/U LIC C ESS;REW WORKSPACE VIRT6.1 WIN PER N BDL V/U LIC C ESS;REW WORKSPACE VIRT6.1 WIN PER N BDL V/U LIC C ESS;;;;79;;
1;3;2094;1;20,6763;16,81;REW WORKSPACE VIRT6.1 WIN PER N BDL V/U LIC B ESS;20530042;;REW WORKSPACE VIRT6.1 WIN PER N BDL V/U LIC B ESS;REW WORKSPACE VIRT6.1 WIN PER N BDL V/U LIC B ESS;REW WORKSPACE VIRT6.1 WIN PER N BDL V/U LIC B ESS;REW WORKSPACE VIRT6.1 WIN PER N BDL V/U LIC B ESS;;;;79;;
1;3;2094;1;16,7034;13,58;REW WORKSPACE VIRT6.1 WIN PER N BDL V/U LIC E ESS;20530044;;REW WORKSPACE VIRT6.1 WIN PER N BDL V/U LIC E ESS;REW WORKSPACE VIRT6.1 WIN PER N BDL V/U LIC E ESS;REW WORKSPACE VIRT6.1 WIN PER N BDL V/U LIC E ESS;REW WORKSPACE VIRT6.1 WIN PER N BDL V/U LIC E ESS;;;;79;;
1;3;2094;1;116,5917;94,79;REW WORKSPACE REM 6.2 WIN PER N BDL V/U LIC B BAS;20533020;;REW WORKSPACE REM 6.2 WIN PER N BDL V/U LIC B BAS;REW WORKSPACE REM 6.2 WIN PER N BDL V/U LIC B BAS;REW WORKSPACE REM 6.2 WIN PER N BDL V/U LIC B BAS;REW WORKSPACE REM 6.2 WIN PER N BDL V/U LIC B BAS;;;;79;;
1;3;2094;1;93,6276;76,12;EXP WORKSPACE REM 6.2 WIN PER U BDL V/U LIC S BAS;20533027;;EXP WORKSPACE REM 6.2 WIN PER U BDL V/U LIC S BAS;EXP WORKSPACE REM 6.2 WIN PER U BDL V/U LIC S BAS;EXP WORKSPACE REM 6.2 WIN PER U BDL V/U LIC S BAS;EXP WORKSPACE REM 6.2 WIN PER U BDL V/U LIC S BAS;;;;79;;
1;3;2094;1;75,7188;61,56;REW WORKSPACE REM 6.2 WIN PER U BDL V/U LIC C ESS;20533030;;REW WORKSPACE REM 6.2 WIN PER U BDL V/U LIC C ESS;REW WORKSPACE REM 6.2 WIN PER U BDL V/U LIC C ESS;REW WORKSPACE REM 6.2 WIN PER U BDL V/U LIC C ESS;REW WORKSPACE REM 6.2 WIN PER U BDL V/U LIC C ESS;;;;79;;
1;3;2094;1;98,3262;79,94;REW WORKSPACE REM 6.2 WIN PER N BDL V/U LIC D BAS;20533034;;REW WORKSPACE REM 6.2 WIN PER N BDL V/U LIC D BAS;REW WORKSPACE REM 6.2 WIN PER N BDL V/U LIC D BAS;REW WORKSPACE REM 6.2 WIN PER N BDL V/U LIC D BAS;REW WORKSPACE REM 6.2 WIN PER N BDL V/U LIC D BAS;;;;79;;
1;3;2094;1;137,5017;111,79;REW WORKSPACE REM 6.2 WIN PER N BDL V/U LIC A ESS;20533038;;REW WORKSPACE REM 6.2 WIN PER N BDL V/U LIC A ESS;REW WORKSPACE REM 6.2 WIN PER N BDL V/U LIC A ESS;REW WORKSPACE REM 6.2 WIN PER N BDL V/U LIC A ESS;REW WORKSPACE REM 6.2 WIN PER N BDL V/U LIC A ESS;;;;79;;
1;3;2094;1;104,6238;85,06;REW WORKSPACE REM 6.2 WIN PER N BDL V/U LIC D ESS;20533039;;REW WORKSPACE REM 6.2 WIN PER N BDL V/U LIC D ESS;REW WORKSPACE REM 6.2 WIN PER N BDL V/U LIC D ESS;REW WORKSPACE REM 6.2 WIN PER N BDL V/U LIC D ESS;REW WORKSPACE REM 6.2 WIN PER N BDL V/U LIC D ESS;;;;79;;
1;3;2094;1;77,7114;63,18;REW WORKSPACE REM 6.2 WIN PER U BDL V/U LIC B BAS;20533043;;REW WORKSPACE REM 6.2 WIN PER U BDL V/U LIC B BAS;REW WORKSPACE REM 6.2 WIN PER U BDL V/U LIC B BAS;REW WORKSPACE REM 6.2 WIN PER U BDL V/U LIC B BAS;REW WORKSPACE REM 6.2 WIN PER U BDL V/U LIC B BAS;;;;79;;
1;3;2094;1;62,7546;51,02;REW WORKSPACE REM 6.2 WIN PER U BDL V/U LIC E BAS;20533044;;REW WORKSPACE REM 6.2 WIN PER U BDL V/U LIC E BAS;REW WORKSPACE REM 6.2 WIN PER U BDL V/U LIC E BAS;REW WORKSPACE REM 6.2 WIN PER U BDL V/U LIC E BAS;REW WORKSPACE REM 6.2 WIN PER U BDL V/U LIC E BAS;;;;79;;
1;3;2094;1;82,6929;67,23;REW WORKSPACE REM 6.2 WIN PER U BDL V/U LIC B ESS;20533045;;REW WORKSPACE REM 6.2 WIN PER U BDL V/U LIC B ESS;REW WORKSPACE REM 6.2 WIN PER U BDL V/U LIC B ESS;REW WORKSPACE REM 6.2 WIN PER U BDL V/U LIC B ESS;REW WORKSPACE REM 6.2 WIN PER U BDL V/U LIC B ESS;;;;79;;
1;3;2094;1;66,7521;54,27;REW WORKSPACE REM 6.2 WIN PER U BDL V/U LIC E ESS;20533046;;REW WORKSPACE REM 6.2 WIN PER U BDL V/U LIC E ESS;REW WORKSPACE REM 6.2 WIN PER U BDL V/U LIC E ESS;REW WORKSPACE REM 6.2 WIN PER U BDL V/U LIC E ESS;REW WORKSPACE REM 6.2 WIN PER U BDL V/U LIC E ESS;;;;79;;
1;3;2094;1;94,1073;76,51;REW WORKSPACE REM 6.2 WIN PER N BDL V/U LIC E BAS;20533048;;REW WORKSPACE REM 6.2 WIN PER N BDL V/U LIC E BAS;REW WORKSPACE REM 6.2 WIN PER N BDL V/U LIC E BAS;REW WORKSPACE REM 6.2 WIN PER N BDL V/U LIC E BAS;REW WORKSPACE REM 6.2 WIN PER N BDL V/U LIC E BAS;;;;79;;
1;3;2094;1;106,7517;86,79;REW WORKSPACE REM 6.2 WIN PER N BDL V/U LIC C BAS;20533050;;REW WORKSPACE REM 6.2 WIN PER N BDL V/U LIC C BAS;REW WORKSPACE REM 6.2 WIN PER N BDL V/U LIC C BAS;REW WORKSPACE REM 6.2 WIN PER N BDL V/U LIC C BAS;REW WORKSPACE REM 6.2 WIN PER N BDL V/U LIC C BAS;;;;79;;
1;3;2094;1;140,4537;114,19;EXP WORKSPACE REM 6.2 WIN PER N BDL V/U LIC S BAS;20533051;;EXP WORKSPACE REM 6.2 WIN PER N BDL V/U LIC S BAS;EXP WORKSPACE REM 6.2 WIN PER N BDL V/U LIC S BAS;EXP WORKSPACE REM 6.2 WIN PER N BDL V/U LIC S BAS;EXP WORKSPACE REM 6.2 WIN PER N BDL V/U LIC S BAS;;;;79;;
1;3;2094;1;71,1678;57,86;REW WORKSPACE REM 6.2 WIN PER U BDL V/U LIC C BAS;20533052;;REW WORKSPACE REM 6.2 WIN PER U BDL V/U LIC C BAS;REW WORKSPACE REM 6.2 WIN PER U BDL V/U LIC C BAS;REW WORKSPACE REM 6.2 WIN PER U BDL V/U LIC C BAS;REW WORKSPACE REM 6.2 WIN PER U BDL V/U LIC C BAS;;;;79;;
1;3;2094;1;99,6423;81,01;EXP WORKSPACE REM 6.2 WIN PER U BDL V/U LIC S ESS;20533055;;EXP WORKSPACE REM 6.2 WIN PER U BDL V/U LIC S ESS;EXP WORKSPACE REM 6.2 WIN PER U BDL V/U LIC S ESS;EXP WORKSPACE REM 6.2 WIN PER U BDL V/U LIC S ESS;EXP WORKSPACE REM 6.2 WIN PER U BDL V/U LIC S ESS;;;;79;;
1;3;2094;1;86,1369;70,03;REW WORKSPACE REM 6.2 WIN PER U BDL V/U LIC A BAS;20533064;;REW WORKSPACE REM 6.2 WIN PER U BDL V/U LIC A BAS;REW WORKSPACE REM 6.2 WIN PER U BDL V/U LIC A BAS;REW WORKSPACE REM 6.2 WIN PER U BDL V/U LIC A BAS;REW WORKSPACE REM 6.2 WIN PER U BDL V/U LIC A BAS;;;;79;;
1;3;2094;1;65,5467;53,29;REW WORKSPACE REM 6.2 WIN PER U BDL V/U LIC D BAS;20533065;;REW WORKSPACE REM 6.2 WIN PER U BDL V/U LIC D BAS;REW WORKSPACE REM 6.2 WIN PER U BDL V/U LIC D BAS;REW WORKSPACE REM 6.2 WIN PER U BDL V/U LIC D BAS;REW WORKSPACE REM 6.2 WIN PER U BDL V/U LIC D BAS;;;;79;;
1;3;2094;1;69,741;56,7;REW WORKSPACE REM 6.2 WIN PER U BDL V/U LIC D ESS;20533066;;REW WORKSPACE REM 6.2 WIN PER U BDL V/U LIC D ESS;REW WORKSPACE REM 6.2 WIN PER U BDL V/U LIC D ESS;REW WORKSPACE REM 6.2 WIN PER U BDL V/U LIC D ESS;REW WORKSPACE REM 6.2 WIN PER U BDL V/U LIC D ESS;;;;79;;
1;3;2094;1;91,6596;74,52;REW WORKSPACE REM 6.2 WIN PER U BDL V/U LIC A ESS;20533077;;REW WORKSPACE REM 6.2 WIN PER U BDL V/U LIC A ESS;REW WORKSPACE REM 6.2 WIN PER U BDL V/U LIC A ESS;REW WORKSPACE REM 6.2 WIN PER U BDL V/U LIC A ESS;REW WORKSPACE REM 6.2 WIN PER U BDL V/U LIC A ESS;;;;79;;
1;3;2094;1;124,0701;100,87;REW WORKSPACE REM 6.2 WIN PER N BDL V/U LIC B ESS;20533086;;REW WORKSPACE REM 6.2 WIN PER N BDL V/U LIC B ESS;REW WORKSPACE REM 6.2 WIN PER N BDL V/U LIC B ESS;REW WORKSPACE REM 6.2 WIN PER N BDL V/U LIC B ESS;REW WORKSPACE REM 6.2 WIN PER N BDL V/U LIC B ESS;;;;79;;
1;3;2094;1;100,1466;81,42;REW WORKSPACE REM 6.2 WIN PER N BDL V/U LIC E ESS;20533087;;REW WORKSPACE REM 6.2 WIN PER N BDL V/U LIC E ESS;REW WORKSPACE REM 6.2 WIN PER N BDL V/U LIC E ESS;REW WORKSPACE REM 6.2 WIN PER N BDL V/U LIC E ESS;REW WORKSPACE REM 6.2 WIN PER N BDL V/U LIC E ESS;;;;79;;
1;3;2094;1;149,4696;121,52;EXP WORKSPACE REM 6.2 WIN PER N BDL V/U LIC S ESS;20533089;;EXP WORKSPACE REM 6.2 WIN PER N BDL V/U LIC S ESS;EXP WORKSPACE REM 6.2 WIN PER N BDL V/U LIC S ESS;EXP WORKSPACE REM 6.2 WIN PER N BDL V/U LIC S ESS;EXP WORKSPACE REM 6.2 WIN PER N BDL V/U LIC S ESS;;;;79;;
1;3;2094;1;129,2238;105,06;REW WORKSPACE REM 6.2 WIN PER N BDL V/U LIC A BAS;20533093;;REW WORKSPACE REM 6.2 WIN PER N BDL V/U LIC A BAS;REW WORKSPACE REM 6.2 WIN PER N BDL V/U LIC A BAS;REW WORKSPACE REM 6.2 WIN PER N BDL V/U LIC A BAS;REW WORKSPACE REM 6.2 WIN PER N BDL V/U LIC A BAS;;;;79;;
1;3;2094;1;113,6028;92,36;REW WORKSPACE REM 6.2 WIN PER N BDL V/U LIC C ESS;20533094;;REW WORKSPACE REM 6.2 WIN PER N BDL V/U LIC C ESS;REW WORKSPACE REM 6.2 WIN PER N BDL V/U LIC C ESS;REW WORKSPACE REM 6.2 WIN PER N BDL V/U LIC C ESS;REW WORKSPACE REM 6.2 WIN PER N BDL V/U LIC C ESS;;;;79;;
1;3;2094;1;69,741;56,7;REW WORKSPACE CORP6.2 WIN PER U BDL V/U LIC D ESS;20535023;;REW WORKSPACE CORP6.2 WIN PER U BDL V/U LIC D ESS;REW WORKSPACE CORP6.2 WIN PER U BDL V/U LIC D ESS;REW WORKSPACE CORP6.2 WIN PER U BDL V/U LIC D ESS;REW WORKSPACE CORP6.2 WIN PER U BDL V/U LIC D ESS;;;;79;;
1;3;2094;1;124,0701;100,87;REW WORKSPACE CORP6.2 WIN PER N BDL V/U LIC B ESS;20535026;;REW WORKSPACE CORP6.2 WIN PER N BDL V/U LIC B ESS;REW WORKSPACE CORP6.2 WIN PER N BDL V/U LIC B ESS;REW WORKSPACE CORP6.2 WIN PER N BDL V/U LIC B ESS;REW WORKSPACE CORP6.2 WIN PER N BDL V/U LIC B ESS;;;;79;;
1;3;2094;1;113,6028;92,36;REW WORKSPACE CORP6.2 WIN PER N BDL V/U LIC C ESS;20535027;;REW WORKSPACE CORP6.2 WIN PER N BDL V/U LIC C ESS;REW WORKSPACE CORP6.2 WIN PER N BDL V/U LIC C ESS;REW WORKSPACE CORP6.2 WIN PER N BDL V/U LIC C ESS;REW WORKSPACE CORP6.2 WIN PER N BDL V/U LIC C ESS;;;;79;;
1;3;2094;1;66,7521;54,27;REW WORKSPACE CORP6.2 WIN PER U BDL V/U LIC E ESS;20535031;;REW WORKSPACE CORP6.2 WIN PER U BDL V/U LIC E ESS;REW WORKSPACE CORP6.2 WIN PER U BDL V/U LIC E ESS;REW WORKSPACE CORP6.2 WIN PER U BDL V/U LIC E ESS;REW WORKSPACE CORP6.2 WIN PER U BDL V/U LIC E ESS;;;;79;;
1;3;2094;1;129,2238;105,06;REW WORKSPACE CORP6.2 WIN PER N BDL V/U LIC A BAS;20535035;;REW WORKSPACE CORP6.2 WIN PER N BDL V/U LIC A BAS;REW WORKSPACE CORP6.2 WIN PER N BDL V/U LIC A BAS;REW WORKSPACE CORP6.2 WIN PER N BDL V/U LIC A BAS;REW WORKSPACE CORP6.2 WIN PER N BDL V/U LIC A BAS;;;;79;;
1;3;2094;1;100,1466;81,42;REW WORKSPACE CORP6.2 WIN PER N BDL V/U LIC E ESS;20535036;;REW WORKSPACE CORP6.2 WIN PER N BDL V/U LIC E ESS;REW WORKSPACE CORP6.2 WIN PER N BDL V/U LIC E ESS;REW WORKSPACE CORP6.2 WIN PER N BDL V/U LIC E ESS;REW WORKSPACE CORP6.2 WIN PER N BDL V/U LIC E ESS;;;;79;;
1;3;2094;1;75,7188;61,56;REW WORKSPACE CORP6.2 WIN PER U BDL V/U LIC C ESS;20535041;;REW WORKSPACE CORP6.2 WIN PER U BDL V/U LIC C ESS;REW WORKSPACE CORP6.2 WIN PER U BDL V/U LIC C ESS;REW WORKSPACE CORP6.2 WIN PER U BDL V/U LIC C ESS;REW WORKSPACE CORP6.2 WIN PER U BDL V/U LIC C ESS;;;;79;;
1;3;2094;1;94,1073;76,51;REW WORKSPACE CORP6.2 WIN PER N BDL V/U LIC E BAS;20535042;;REW WORKSPACE CORP6.2 WIN PER N BDL V/U LIC E BAS;REW WORKSPACE CORP6.2 WIN PER N BDL V/U LIC E BAS;REW WORKSPACE CORP6.2 WIN PER N BDL V/U LIC E BAS;REW WORKSPACE CORP6.2 WIN PER N BDL V/U LIC E BAS;;;;79;;
1;3;2094;1;149,4696;121,52;EXP WORKSPACE CORP 6.2 WIN N BDL V/U LIC S ESS;20535045;;EXP WORKSPACE CORP 6.2 WIN N BDL V/U LIC S ESS;EXP WORKSPACE CORP 6.2 WIN N BDL V/U LIC S ESS;EXP WORKSPACE CORP 6.2 WIN N BDL V/U LIC S ESS;EXP WORKSPACE CORP 6.2 WIN N BDL V/U LIC S ESS;;;;79;;
1;3;2094;1;65,5467;53,29;REW WORKSPACE CORP6.2 WIN PER U BDL V/U LIC D BAS;20535049;;REW WORKSPACE CORP6.2 WIN PER U BDL V/U LIC D BAS;REW WORKSPACE CORP6.2 WIN PER U BDL V/U LIC D BAS;REW WORKSPACE CORP6.2 WIN PER U BDL V/U LIC D BAS;REW WORKSPACE CORP6.2 WIN PER U BDL V/U LIC D BAS;;;;79;;
1;3;2094;1;62,7546;51,02;REW WORKSPACE CORP6.2 WIN PER U BDL V/U LIC E BAS;20535050;;REW WORKSPACE CORP6.2 WIN PER U BDL V/U LIC E BAS;REW WORKSPACE CORP6.2 WIN PER U BDL V/U LIC E BAS;REW WORKSPACE CORP6.2 WIN PER U BDL V/U LIC E BAS;REW WORKSPACE CORP6.2 WIN PER U BDL V/U LIC E BAS;;;;79;;
1;3;2094;1;91,6596;74,52;REW WORKSPACE CORP6.2 WIN PER U BDL V/U LIC A ESS;20535051;;REW WORKSPACE CORP6.2 WIN PER U BDL V/U LIC A ESS;REW WORKSPACE CORP6.2 WIN PER U BDL V/U LIC A ESS;REW WORKSPACE CORP6.2 WIN PER U BDL V/U LIC A ESS;REW WORKSPACE CORP6.2 WIN PER U BDL V/U LIC A ESS;;;;79;;
1;3;2094;1;116,5917;94,79;REW WORKSPACE CORP6.2 WIN PER N BDL V/U LIC B BAS;20535053;;REW WORKSPACE CORP6.2 WIN PER N BDL V/U LIC B BAS;REW WORKSPACE CORP6.2 WIN PER N BDL V/U LIC B BAS;REW WORKSPACE CORP6.2 WIN PER N BDL V/U LIC B BAS;REW WORKSPACE CORP6.2 WIN PER N BDL V/U LIC B BAS;;;;79;;
1;3;2094;1;98,3262;79,94;REW WORKSPACE CORP6.2 WIN PER N BDL V/U LIC D BAS;20535054;;REW WORKSPACE CORP6.2 WIN PER N BDL V/U LIC D BAS;REW WORKSPACE CORP6.2 WIN PER N BDL V/U LIC D BAS;REW WORKSPACE CORP6.2 WIN PER N BDL V/U LIC D BAS;REW WORKSPACE CORP6.2 WIN PER N BDL V/U LIC D BAS;;;;79;;
1;3;2094;1;93,6276;76,12;EXP WORKSPACE CORP 6.2 WIN U BDL V/U LIC S BAS;20535058;;EXP WORKSPACE CORP 6.2 WIN U BDL V/U LIC S BAS;EXP WORKSPACE CORP 6.2 WIN U BDL V/U LIC S BAS;EXP WORKSPACE CORP 6.2 WIN U BDL V/U LIC S BAS;EXP WORKSPACE CORP 6.2 WIN U BDL V/U LIC S BAS;;;;79;;
1;3;2094;1;99,6423;81,01;EXP WORKSPACE CORP 6.2 WIN U BDL V/U LIC S ESS;20535061;;EXP WORKSPACE CORP 6.2 WIN U BDL V/U LIC S ESS;EXP WORKSPACE CORP 6.2 WIN U BDL V/U LIC S ESS;EXP WORKSPACE CORP 6.2 WIN U BDL V/U LIC S ESS;EXP WORKSPACE CORP 6.2 WIN U BDL V/U LIC S ESS;;;;79;;
1;3;2094;1;82,6929;67,23;REW WORKSPACE CORP6.2 WIN PER U BDL V/U LIC B ESS;20535073;;REW WORKSPACE CORP6.2 WIN PER U BDL V/U LIC B ESS;REW WORKSPACE CORP6.2 WIN PER U BDL V/U LIC B ESS;REW WORKSPACE CORP6.2 WIN PER U BDL V/U LIC B ESS;REW WORKSPACE CORP6.2 WIN PER U BDL V/U LIC B ESS;;;;79;;
1;3;2094;1;104,6238;85,06;REW WORKSPACE CORP6.2 WIN PER N BDL V/U LIC D ESS;20535076;;REW WORKSPACE CORP6.2 WIN PER N BDL V/U LIC D ESS;REW WORKSPACE CORP6.2 WIN PER N BDL V/U LIC D ESS;REW WORKSPACE CORP6.2 WIN PER N BDL V/U LIC D ESS;REW WORKSPACE CORP6.2 WIN PER N BDL V/U LIC D ESS;;;;79;;
1;3;2094;1;77,7114;63,18;REW WORKSPACE CORP6.2 WIN PER U BDL V/U LIC B BAS;20535082;;REW WORKSPACE CORP6.2 WIN PER U BDL V/U LIC B BAS;REW WORKSPACE CORP6.2 WIN PER U BDL V/U LIC B BAS;REW WORKSPACE CORP6.2 WIN PER U BDL V/U LIC B BAS;REW WORKSPACE CORP6.2 WIN PER U BDL V/U LIC B BAS;;;;79;;
1;3;2094;1;71,1678;57,86;REW WORKSPACE CORP6.2 WIN PER U BDL V/U LIC C BAS;20535083;;REW WORKSPACE CORP6.2 WIN PER U BDL V/U LIC C BAS;REW WORKSPACE CORP6.2 WIN PER U BDL V/U LIC C BAS;REW WORKSPACE CORP6.2 WIN PER U BDL V/U LIC C BAS;REW WORKSPACE CORP6.2 WIN PER U BDL V/U LIC C BAS;;;;79;;
1;3;2094;1;140,4537;114,19;EXP WORKSPACE CORP 6.2 WIN N BDL V/U LIC S BAS;20535086;;EXP WORKSPACE CORP 6.2 WIN N BDL V/U LIC S BAS;EXP WORKSPACE CORP 6.2 WIN N BDL V/U LIC S BAS;EXP WORKSPACE CORP 6.2 WIN N BDL V/U LIC S BAS;EXP WORKSPACE CORP 6.2 WIN N BDL V/U LIC S BAS;;;;79;;
1;3;2094;1;137,5017;111,79;REW WORKSPACE CORP6.2 WIN PER N BDL V/U LIC A ESS;20535088;;REW WORKSPACE CORP6.2 WIN PER N BDL V/U LIC A ESS;REW WORKSPACE CORP6.2 WIN PER N BDL V/U LIC A ESS;REW WORKSPACE CORP6.2 WIN PER N BDL V/U LIC A ESS;REW WORKSPACE CORP6.2 WIN PER N BDL V/U LIC A ESS;;;;79;;
1;3;2094;1;86,1369;70,03;REW WORKSPACE CORP6.2 WIN PER U BDL V/U LIC A BAS;20535092;;REW WORKSPACE CORP6.2 WIN PER U BDL V/U LIC A BAS;REW WORKSPACE CORP6.2 WIN PER U BDL V/U LIC A BAS;REW WORKSPACE CORP6.2 WIN PER U BDL V/U LIC A BAS;REW WORKSPACE CORP6.2 WIN PER U BDL V/U LIC A BAS;;;;79;;
1;3;2094;1;106,7517;86,79;REW WORKSPACE CORP6.2 WIN PER N BDL V/U LIC C BAS;20535095;;REW WORKSPACE CORP6.2 WIN PER N BDL V/U LIC C BAS;REW WORKSPACE CORP6.2 WIN PER N BDL V/U LIC C BAS;REW WORKSPACE CORP6.2 WIN PER N BDL V/U LIC C BAS;REW WORKSPACE CORP6.2 WIN PER N BDL V/U LIC C BAS;;;;79;;
1;3;2094;1;35,6454;28,98;REW WORKSPACE STREAM 6.1 WIN P N BDL V/U LIC A ESS;20538020;;REW WORKSPACE STREAM 6.1 WIN P N BDL V/U LIC A ESS;REW WORKSPACE STREAM 6.1 WIN P N BDL V/U LIC A ESS;REW WORKSPACE STREAM 6.1 WIN P N BDL V/U LIC A ESS;REW WORKSPACE STREAM 6.1 WIN P N BDL V/U LIC A ESS;;;;79;;
1;3;2094;1;30,2211;24,57;REW WORKSPACE STREAM 6.1 WIN P N BDL V/U LIC B BAS;20538022;;REW WORKSPACE STREAM 6.1 WIN P N BDL V/U LIC B BAS;REW WORKSPACE STREAM 6.1 WIN P N BDL V/U LIC B BAS;REW WORKSPACE STREAM 6.1 WIN P N BDL V/U LIC B BAS;REW WORKSPACE STREAM 6.1 WIN P N BDL V/U LIC B BAS;;;;79;;
1;3;2094;1;33,4929;27,23;REW WORKSPACE STREAM 6.1 WIN P N BDL V/U LIC A BAS;20538025;;REW WORKSPACE STREAM 6.1 WIN P N BDL V/U LIC A BAS;REW WORKSPACE STREAM 6.1 WIN P N BDL V/U LIC A BAS;REW WORKSPACE STREAM 6.1 WIN P N BDL V/U LIC A BAS;REW WORKSPACE STREAM 6.1 WIN P N BDL V/U LIC A BAS;;;;79;;
1;3;2094;1;27,1215;22,05;REW WORKSPACE STREAM 6.1 WIN P N BDL V/U LIC D ESS;20538030;;REW WORKSPACE STREAM 6.1 WIN P N BDL V/U LIC D ESS;REW WORKSPACE STREAM 6.1 WIN P N BDL V/U LIC D ESS;REW WORKSPACE STREAM 6.1 WIN P N BDL V/U LIC D ESS;REW WORKSPACE STREAM 6.1 WIN P N BDL V/U LIC D ESS;;;;79;;
1;3;2094;1;38,745;31,5;EXP WORKSPACE STREAMING 6.1 WIN P N V/U LIC S ESS;20538031;;EXP WORKSPACE STREAMING 6.1 WIN P N V/U LIC S ESS;EXP WORKSPACE STREAMING 6.1 WIN P N V/U LIC S ESS;EXP WORKSPACE STREAMING 6.1 WIN P N V/U LIC S ESS;EXP WORKSPACE STREAMING 6.1 WIN P N V/U LIC S ESS;;;;79;;
1;3;2094;1;25,9653;21,11;REW WORKSPACE STREAM 6.1 WIN P N BDL V/U LIC E ESS;20538033;;REW WORKSPACE STREAM 6.1 WIN P N BDL V/U LIC E ESS;REW WORKSPACE STREAM 6.1 WIN P N BDL V/U LIC E ESS;REW WORKSPACE STREAM 6.1 WIN P N BDL V/U LIC E ESS;REW WORKSPACE STREAM 6.1 WIN P N BDL V/U LIC E ESS;;;;79;;
1;3;2094;1;25,4856;20,72;REW WORKSPACE STREAM 6.1 WIN P N BDL V/U LIC D BAS;20538037;;REW WORKSPACE STREAM 6.1 WIN P N BDL V/U LIC D BAS;REW WORKSPACE STREAM 6.1 WIN P N BDL V/U LIC D BAS;REW WORKSPACE STREAM 6.1 WIN P N BDL V/U LIC D BAS;REW WORKSPACE STREAM 6.1 WIN P N BDL V/U LIC D BAS;;;;79;;
1;3;2094;1;29,4585;23,95;REW WORKSPACE STREAM 6.1 WIN P N BDL V/U LIC C ESS;20538038;;REW WORKSPACE STREAM 6.1 WIN P N BDL V/U LIC C ESS;REW WORKSPACE STREAM 6.1 WIN P N BDL V/U LIC C ESS;REW WORKSPACE STREAM 6.1 WIN P N BDL V/U LIC C ESS;REW WORKSPACE STREAM 6.1 WIN P N BDL V/U LIC C ESS;;;;79;;
1;3;2094;1;24,3909;19,83;REW WORKSPACE STREAM 6.1 WIN P N BDL V/U LIC E BAS;20538039;;REW WORKSPACE STREAM 6.1 WIN P N BDL V/U LIC E BAS;REW WORKSPACE STREAM 6.1 WIN P N BDL V/U LIC E BAS;REW WORKSPACE STREAM 6.1 WIN P N BDL V/U LIC E BAS;REW WORKSPACE STREAM 6.1 WIN P N BDL V/U LIC E BAS;;;;79;;
1;3;2094;1;32,1522;26,14;REW WORKSPACE STREAM 6.1 WIN P N BDL V/U LIC B ESS;20538041;;REW WORKSPACE STREAM 6.1 WIN P N BDL V/U LIC B ESS;REW WORKSPACE STREAM 6.1 WIN P N BDL V/U LIC B ESS;REW WORKSPACE STREAM 6.1 WIN P N BDL V/U LIC B ESS;REW WORKSPACE STREAM 6.1 WIN P N BDL V/U LIC B ESS;;;;79;;
1;3;2094;1;27,675;22,5;REW WORKSPACE STREAM 6.1 WIN P N BDL V/U LIC C BAS;20538043;;REW WORKSPACE STREAM 6.1 WIN P N BDL V/U LIC C BAS;REW WORKSPACE STREAM 6.1 WIN P N BDL V/U LIC C BAS;REW WORKSPACE STREAM 6.1 WIN P N BDL V/U LIC C BAS;REW WORKSPACE STREAM 6.1 WIN P N BDL V/U LIC C BAS;;;;79;;
1;3;2094;1;36,408;29,6;EXP WORKSPACE STREAMING 6.1 WIN P N V/U LIC S BAS;20538044;;EXP WORKSPACE STREAMING 6.1 WIN P N V/U LIC S BAS;EXP WORKSPACE STREAMING 6.1 WIN P N V/U LIC S BAS;EXP WORKSPACE STREAMING 6.1 WIN P N V/U LIC S BAS;EXP WORKSPACE STREAMING 6.1 WIN P N V/U LIC S BAS;;;;79;;
1;3;2094;1;12,7428;10,36;REW DEPLOY SOL THIN CLT 6.9 XPLAT N V/U LIC D BAS;20555020;;REW DEPLOY SOL THIN CLT 6.9 XPLAT N V/U LIC D BAS;REW DEPLOY SOL THIN CLT 6.9 XPLAT N V/U LIC D BAS;REW DEPLOY SOL THIN CLT 6.9 XPLAT N V/U LIC D BAS;REW DEPLOY SOL THIN CLT 6.9 XPLAT N V/U LIC D BAS;;;;79;;
1;3;2094;1;12,2139;9,93;REW DEPLOY SOL THIN CLT 6.9 XPLAT N V/U LIC E BAS;20555021;;REW DEPLOY SOL THIN CLT 6.9 XPLAT N V/U LIC E BAS;REW DEPLOY SOL THIN CLT 6.9 XPLAT N V/U LIC E BAS;REW DEPLOY SOL THIN CLT 6.9 XPLAT N V/U LIC E BAS;REW DEPLOY SOL THIN CLT 6.9 XPLAT N V/U LIC E BAS;;;;79;;
1;3;2094;1;26,4081;21,47;REW DEPLOY SOL THIN CLT 6.9 XPLAT N V/U LIC A ESS;20555023;;REW DEPLOY SOL THIN CLT 6.9 XPLAT N V/U LIC A ESS;REW DEPLOY SOL THIN CLT 6.9 XPLAT N V/U LIC A ESS;REW DEPLOY SOL THIN CLT 6.9 XPLAT N V/U LIC A ESS;REW DEPLOY SOL THIN CLT 6.9 XPLAT N V/U LIC A ESS;;;;79;;
1;3;2094;1;28,6959;23,33;EXP DEPLOY SOL THIN CLT 6.9 XPLAT N V/U LIC S ESS;20555026;;EXP DEPLOY SOL THIN CLT 6.9 XPLAT N V/U LIC S ESS;EXP DEPLOY SOL THIN CLT 6.9 XPLAT N V/U LIC S ESS;EXP DEPLOY SOL THIN CLT 6.9 XPLAT N V/U LIC S ESS;EXP DEPLOY SOL THIN CLT 6.9 XPLAT N V/U LIC S ESS;;;;79;;
1;3;2094;1;15,1167;12,29;REW DEPLOY SOL THIN CLT 6.9 XPLAT N V/U LIC B BAS;20555028;;REW DEPLOY SOL THIN CLT 6.9 XPLAT N V/U LIC B BAS;REW DEPLOY SOL THIN CLT 6.9 XPLAT N V/U LIC B BAS;REW DEPLOY SOL THIN CLT 6.9 XPLAT N V/U LIC B BAS;REW DEPLOY SOL THIN CLT 6.9 XPLAT N V/U LIC B BAS;;;;79;;
1;3;2094;1;13,8375;11,25;REW DEPLOY SOL THIN CLT 6.9 XPLAT N V/U LIC C BAS;20555029;;REW DEPLOY SOL THIN CLT 6.9 XPLAT N V/U LIC C BAS;REW DEPLOY SOL THIN CLT 6.9 XPLAT N V/U LIC C BAS;REW DEPLOY SOL THIN CLT 6.9 XPLAT N V/U LIC C BAS;REW DEPLOY SOL THIN CLT 6.9 XPLAT N V/U LIC C BAS;;;;79;;
1;3;2094;1;23,8251;19,37;REW DEPLOY SOL THIN CLT 6.9 XPLAT N V/U LIC B ESS;20555031;;REW DEPLOY SOL THIN CLT 6.9 XPLAT N V/U LIC B ESS;REW DEPLOY SOL THIN CLT 6.9 XPLAT N V/U LIC B ESS;REW DEPLOY SOL THIN CLT 6.9 XPLAT N V/U LIC B ESS;REW DEPLOY SOL THIN CLT 6.9 XPLAT N V/U LIC B ESS;;;;79;;
1;3;2094;1;21,8202;17,74;REW DEPLOY SOL THIN CLT 6.9 XPLAT N V/U LIC C ESS;20555032;;REW DEPLOY SOL THIN CLT 6.9 XPLAT N V/U LIC C ESS;REW DEPLOY SOL THIN CLT 6.9 XPLAT N V/U LIC C ESS;REW DEPLOY SOL THIN CLT 6.9 XPLAT N V/U LIC C ESS;REW DEPLOY SOL THIN CLT 6.9 XPLAT N V/U LIC C ESS;;;;79;;
1;3;2094;1;18,2163;14,81;EXP DEPLOY SOL THIN CLT 6.9 XPLAT N V/U LIC S BAS;20555034;;EXP DEPLOY SOL THIN CLT 6.9 XPLAT N V/U LIC S BAS;EXP DEPLOY SOL THIN CLT 6.9 XPLAT N V/U LIC S BAS;EXP DEPLOY SOL THIN CLT 6.9 XPLAT N V/U LIC S BAS;EXP DEPLOY SOL THIN CLT 6.9 XPLAT N V/U LIC S BAS;;;;79;;
1;3;2094;1;16,7526;13,62;REW DEPLOY SOL THIN CLT 6.9 XPLAT N V/U LIC A BAS;20555037;;REW DEPLOY SOL THIN CLT 6.9 XPLAT N V/U LIC A BAS;REW DEPLOY SOL THIN CLT 6.9 XPLAT N V/U LIC A BAS;REW DEPLOY SOL THIN CLT 6.9 XPLAT N V/U LIC A BAS;REW DEPLOY SOL THIN CLT 6.9 XPLAT N V/U LIC A BAS;;;;79;;
1;3;2094;1;20,1105;16,35;REW DEPLOY SOL THIN CLT 6.9 XPLAT N V/U LIC D ESS;20555041;;REW DEPLOY SOL THIN CLT 6.9 XPLAT N V/U LIC D ESS;REW DEPLOY SOL THIN CLT 6.9 XPLAT N V/U LIC D ESS;REW DEPLOY SOL THIN CLT 6.9 XPLAT N V/U LIC D ESS;REW DEPLOY SOL THIN CLT 6.9 XPLAT N V/U LIC D ESS;;;;79;;
1;3;2094;1;19,2249;15,63;REW DEPLOY SOL THIN CLT 6.9 XPLAT N V/U LIC E ESS;20555042;;REW DEPLOY SOL THIN CLT 6.9 XPLAT N V/U LIC E ESS;REW DEPLOY SOL THIN CLT 6.9 XPLAT N V/U LIC E ESS;REW DEPLOY SOL THIN CLT 6.9 XPLAT N V/U LIC E ESS;REW DEPLOY SOL THIN CLT 6.9 XPLAT N V/U LIC E ESS;;;;79;;
1;3;2094;1;1478,2755;1201,85;EXP WISE STUDIO ENT MGMT 8.0 WIN P U V/U LIC S BAS;20558020;;EXP WISE STUDIO ENT MGMT 8.0 WIN P U V/U LIC S BAS;EXP WISE STUDIO ENT MGMT 8.0 WIN P U V/U LIC S BAS;EXP WISE STUDIO ENT MGMT 8.0 WIN P U V/U LIC S BAS;EXP WISE STUDIO ENT MGMT 8.0 WIN P U V/U LIC S BAS;;;;79;;
1;3;2094;1;1360,011;1105,7;REW WISE STUDIO ENT MGMT SVR 8 WIN U V/U LIC C BAS;20558021;;REW WISE STUDIO ENT MGMT SVR 8 WIN U V/U LIC C BAS;REW WISE STUDIO ENT MGMT SVR 8 WIN U V/U LIC C BAS;REW WISE STUDIO ENT MGMT SVR 8 WIN U V/U LIC C BAS;REW WISE STUDIO ENT MGMT SVR 8 WIN U V/U LIC C BAS;;;;79;;
1;3;2094;1;1271,3157;1033,59;REW WISE STUDIO ENT MGMT SVR 8 WIN U V/U LIC D BAS;20558025;;REW WISE STUDIO ENT MGMT SVR 8 WIN U V/U LIC D BAS;REW WISE STUDIO ENT MGMT SVR 8 WIN U V/U LIC D BAS;REW WISE STUDIO ENT MGMT SVR 8 WIN U V/U LIC D BAS;REW WISE STUDIO ENT MGMT SVR 8 WIN U V/U LIC D BAS;;;;79;;
1;3;2094;1;2057,4702;1672,74;REW WISE STUDIO ENT MGMT SVR 8 WIN U STD LIC C BAS;20558031;;REW WISE STUDIO ENT MGMT SVR 8 WIN U STD LIC C BAS;REW WISE STUDIO ENT MGMT SVR 8 WIN U STD LIC C BAS;REW WISE STUDIO ENT MGMT SVR 8 WIN U STD LIC C BAS;REW WISE STUDIO ENT MGMT SVR 8 WIN U STD LIC C BAS;;;;79;;
1;3;2094;1;2236,3737;1818,19;EXP WISE STUDIO ENT MGMT 8.0 WIN P U STD LIC S BAS;20558032;;EXP WISE STUDIO ENT MGMT 8.0 WIN P U STD LIC S BAS;EXP WISE STUDIO ENT MGMT 8.0 WIN P U STD LIC S BAS;EXP WISE STUDIO ENT MGMT 8.0 WIN P U STD LIC S BAS;EXP WISE STUDIO ENT MGMT 8.0 WIN P U STD LIC S BAS;;;;79;;
1;3;2094;1;1463,4786;1189,82;REW WISE STUDIO ENT MGMT SVR 8 WIN U V/U LIC A BAS;20558033;;REW WISE STUDIO ENT MGMT SVR 8 WIN U V/U LIC A BAS;REW WISE STUDIO ENT MGMT SVR 8 WIN U V/U LIC A BAS;REW WISE STUDIO ENT MGMT SVR 8 WIN U V/U LIC A BAS;REW WISE STUDIO ENT MGMT SVR 8 WIN U V/U LIC A BAS;;;;79;;
1;3;2094;1;1433,934;1165,8;REW WISE STUDIO ENT MGMT SVR 8 WIN U V/U LIC B BAS;20558034;;REW WISE STUDIO ENT MGMT SVR 8 WIN U V/U LIC B BAS;REW WISE STUDIO ENT MGMT SVR 8 WIN U V/U LIC B BAS;REW WISE STUDIO ENT MGMT SVR 8 WIN U V/U LIC B BAS;REW WISE STUDIO ENT MGMT SVR 8 WIN U V/U LIC B BAS;;;;79;;
1;3;2094;1;1923,2895;1563,65;REW WISE STUDIO ENT MGMT SVR 8 WIN U STD LIC D BAS;20558035;;REW WISE STUDIO ENT MGMT SVR 8 WIN U STD LIC D BAS;REW WISE STUDIO ENT MGMT SVR 8 WIN U STD LIC D BAS;REW WISE STUDIO ENT MGMT SVR 8 WIN U STD LIC D BAS;REW WISE STUDIO ENT MGMT SVR 8 WIN U STD LIC D BAS;;;;79;;
1;3;2094;1;1182,6327;961,49;REW WISE STUDIO ENT MGMT SVR 8 WIN U V/U LIC E BAS;20558037;;REW WISE STUDIO ENT MGMT SVR 8 WIN U V/U LIC E BAS;REW WISE STUDIO ENT MGMT SVR 8 WIN U V/U LIC E BAS;REW WISE STUDIO ENT MGMT SVR 8 WIN U V/U LIC E BAS;REW WISE STUDIO ENT MGMT SVR 8 WIN U V/U LIC E BAS;;;;79;;
1;3;2094;1;2214,0123;1800,01;REW WISE STUDIO ENT MGMT SVR 8 WIN U STD LIC A BAS;20558039;;REW WISE STUDIO ENT MGMT SVR 8 WIN U STD LIC A BAS;REW WISE STUDIO ENT MGMT SVR 8 WIN U STD LIC A BAS;REW WISE STUDIO ENT MGMT SVR 8 WIN U STD LIC A BAS;REW WISE STUDIO ENT MGMT SVR 8 WIN U STD LIC A BAS;;;;79;;
1;3;2094;1;1789,1088;1454,56;REW WISE STUDIO ENT MGMT SVR 8 WIN U STD LIC E BAS;20558041;;REW WISE STUDIO ENT MGMT SVR 8 WIN U STD LIC E BAS;REW WISE STUDIO ENT MGMT SVR 8 WIN U STD LIC E BAS;REW WISE STUDIO ENT MGMT SVR 8 WIN U STD LIC E BAS;REW WISE STUDIO ENT MGMT SVR 8 WIN U STD LIC E BAS;;;;79;;
1;3;2094;1;2169,2772;1763,64;REW WISE STUDIO ENT MGMT SVR 8 WIN U STD LIC B BAS;20558044;;REW WISE STUDIO ENT MGMT SVR 8 WIN U STD LIC B BAS;REW WISE STUDIO ENT MGMT SVR 8 WIN U STD LIC B BAS;REW WISE STUDIO ENT MGMT SVR 8 WIN U STD LIC B BAS;REW WISE STUDIO ENT MGMT SVR 8 WIN U STD LIC B BAS;;;;79;;
1;3;2094;1;2805,5931;2280,97;REW WISE PK STUDIO PRO ED 8 WIN U BDL V/U LIC A BAS;20559024;;REW WISE PK STUDIO PRO ED 8 WIN U BDL V/U LIC A BAS;REW WISE PK STUDIO PRO ED 8 WIN U BDL V/U LIC A BAS;REW WISE PK STUDIO PRO ED 8 WIN U BDL V/U LIC A BAS;REW WISE PK STUDIO PRO ED 8 WIN U BDL V/U LIC A BAS;;;;79;;
1;3;2094;1;2833,92;2304;EXP WISE PK STUDIO PRO 8 WIN PER U V/U LIC S BAS;20559025;;EXP WISE PK STUDIO PRO 8 WIN PER U V/U LIC S BAS;EXP WISE PK STUDIO PRO 8 WIN PER U V/U LIC S BAS;EXP WISE PK STUDIO PRO 8 WIN PER U V/U LIC S BAS;EXP WISE PK STUDIO PRO 8 WIN PER U V/U LIC S BAS;;;;79;;
1;3;2094;1;3686,9988;2997,56;REW WISE PK STUDIO PRO ED 8 WIN U BDL STD LIC D BAS;20559026;;REW WISE PK STUDIO PRO ED 8 WIN U BDL STD LIC D BAS;REW WISE PK STUDIO PRO ED 8 WIN U BDL STD LIC D BAS;REW WISE PK STUDIO PRO ED 8 WIN U BDL STD LIC D BAS;REW WISE PK STUDIO PRO ED 8 WIN U BDL STD LIC D BAS;;;;79;;
1;3;2094;1;2748,9147;2234,89;REW WISE PK STUDIO PRO ED 8 WIN U BDL V/U LIC B BAS;20559031;;REW WISE PK STUDIO PRO ED 8 WIN U BDL V/U LIC B BAS;REW WISE PK STUDIO PRO ED 8 WIN U BDL V/U LIC B BAS;REW WISE PK STUDIO PRO ED 8 WIN U BDL V/U LIC B BAS;REW WISE PK STUDIO PRO ED 8 WIN U BDL V/U LIC B BAS;;;;79;;
1;3;2094;1;4158,5931;3380,97;REW WISE PK STUDIO PRO ED 8 WIN U BDL STD LIC B BAS;20559034;;REW WISE PK STUDIO PRO ED 8 WIN U BDL STD LIC B BAS;REW WISE PK STUDIO PRO ED 8 WIN U BDL STD LIC B BAS;REW WISE PK STUDIO PRO ED 8 WIN U BDL STD LIC B BAS;REW WISE PK STUDIO PRO ED 8 WIN U BDL STD LIC B BAS;;;;79;;
1;3;2094;1;2437,1835;1981,45;REW WISE PK STUDIO PRO ED 8 WIN U BDL V/U LIC D BAS;20559037;;REW WISE PK STUDIO PRO ED 8 WIN U BDL V/U LIC D BAS;REW WISE PK STUDIO PRO ED 8 WIN U BDL V/U LIC D BAS;REW WISE PK STUDIO PRO ED 8 WIN U BDL V/U LIC D BAS;REW WISE PK STUDIO PRO ED 8 WIN U BDL V/U LIC D BAS;;;;79;;
1;3;2094;1;2607,2187;2119,69;REW WISE PK STUDIO PRO ED 8 WIN U BDL V/U LIC C BAS;20559038;;REW WISE PK STUDIO PRO ED 8 WIN U BDL V/U LIC C BAS;REW WISE PK STUDIO PRO ED 8 WIN U BDL V/U LIC C BAS;REW WISE PK STUDIO PRO ED 8 WIN U BDL V/U LIC C BAS;REW WISE PK STUDIO PRO ED 8 WIN U BDL V/U LIC C BAS;;;;79;;
1;3;2094;1;2267,1483;1843,21;REW WISE PK STUDIO PRO ED 8 WIN U BDL V/U LIC E BAS;20559039;;REW WISE PK STUDIO PRO ED 8 WIN U BDL V/U LIC E BAS;REW WISE PK STUDIO PRO ED 8 WIN U BDL V/U LIC E BAS;REW WISE PK STUDIO PRO ED 8 WIN U BDL V/U LIC E BAS;REW WISE PK STUDIO PRO ED 8 WIN U BDL V/U LIC E BAS;;;;79;;
1;3;2094;1;3944,241;3206,7;REW WISE PK STUDIO PRO ED 8 WIN U BDL STD LIC C BAS;20559041;;REW WISE PK STUDIO PRO ED 8 WIN U BDL STD LIC C BAS;REW WISE PK STUDIO PRO ED 8 WIN U BDL STD LIC C BAS;REW WISE PK STUDIO PRO ED 8 WIN U BDL STD LIC C BAS;REW WISE PK STUDIO PRO ED 8 WIN U BDL STD LIC C BAS;;;;79;;
1;3;2094;1;3429,7689;2788,43;REW WISE PK STUDIO PRO ED 8 WIN U BDL STD LIC E BAS;20559042;;REW WISE PK STUDIO PRO ED 8 WIN U BDL STD LIC E BAS;REW WISE PK STUDIO PRO ED 8 WIN U BDL STD LIC E BAS;REW WISE PK STUDIO PRO ED 8 WIN U BDL STD LIC E BAS;REW WISE PK STUDIO PRO ED 8 WIN U BDL STD LIC E BAS;;;;79;;
1;3;2094;1;4244,3364;3450,68;REW WISE PK STUDIO PRO ED 8 WIN U BDL STD LIC A BAS;20559044;;REW WISE PK STUDIO PRO ED 8 WIN U BDL STD LIC A BAS;REW WISE PK STUDIO PRO ED 8 WIN U BDL STD LIC A BAS;REW WISE PK STUDIO PRO ED 8 WIN U BDL STD LIC A BAS;REW WISE PK STUDIO PRO ED 8 WIN U BDL STD LIC A BAS;;;;79;;
1;3;2094;1;4287,2019;3485,53;EXP WISE PK STUDIO PRO 8 WIN PER U STD LIC S BAS;20559045;;EXP WISE PK STUDIO PRO 8 WIN PER U STD LIC S BAS;EXP WISE PK STUDIO PRO 8 WIN PER U STD LIC S BAS;EXP WISE PK STUDIO PRO 8 WIN PER U STD LIC S BAS;EXP WISE PK STUDIO PRO 8 WIN PER U STD LIC S BAS;;;;79;;
1;3;2094;1;2621,4006;2131,22;REW WISE STUDIO QUALITY ASSUR 8 WIN STD LIC B BAS;20559051;;REW WISE STUDIO QUALITY ASSUR 8 WIN STD LIC B BAS;REW WISE STUDIO QUALITY ASSUR 8 WIN STD LIC B BAS;REW WISE STUDIO QUALITY ASSUR 8 WIN STD LIC B BAS;REW WISE STUDIO QUALITY ASSUR 8 WIN STD LIC B BAS;;;;79;;
1;3;2094;1;1643,4645;1336,15;REW WISE STUDIO QUALITY ASSUR 8 WIN V/U LIC C BAS;20559053;;REW WISE STUDIO QUALITY ASSUR 8 WIN V/U LIC C BAS;REW WISE STUDIO QUALITY ASSUR 8 WIN V/U LIC C BAS;REW WISE STUDIO QUALITY ASSUR 8 WIN V/U LIC C BAS;REW WISE STUDIO QUALITY ASSUR 8 WIN V/U LIC C BAS;;;;79;;
1;3;2094;1;1786,3782;1452,34;EXP WISE STUDIO QUALITY ASSUR 8 WIN V/U LIC S BAS;20559054;;EXP WISE STUDIO QUALITY ASSUR 8 WIN V/U LIC S BAS;EXP WISE STUDIO QUALITY ASSUR 8 WIN V/U LIC S BAS;EXP WISE STUDIO QUALITY ASSUR 8 WIN V/U LIC S BAS;EXP WISE STUDIO QUALITY ASSUR 8 WIN V/U LIC S BAS;;;;79;;
1;3;2094;1;2675,4591;2175,17;REW WISE STUDIO QUALITY ASSUR 8 WIN STD LIC A BAS;20559055;;REW WISE STUDIO QUALITY ASSUR 8 WIN STD LIC A BAS;REW WISE STUDIO QUALITY ASSUR 8 WIN STD LIC A BAS;REW WISE STUDIO QUALITY ASSUR 8 WIN STD LIC A BAS;REW WISE STUDIO QUALITY ASSUR 8 WIN STD LIC A BAS;;;;79;;
1;3;2094;1;1732,7871;1408,77;REW WISE STUDIO QUALITY ASSUR 8 WIN V/U LIC B BAS;20559058;;REW WISE STUDIO QUALITY ASSUR 8 WIN V/U LIC B BAS;REW WISE STUDIO QUALITY ASSUR 8 WIN V/U LIC B BAS;REW WISE STUDIO QUALITY ASSUR 8 WIN V/U LIC B BAS;REW WISE STUDIO QUALITY ASSUR 8 WIN V/U LIC B BAS;;;;79;;
1;3;2094;1;1536,2946;1249,02;REW WISE STUDIO QUALITY ASSUR 8 WIN V/U LIC D BAS;20559061;;REW WISE STUDIO QUALITY ASSUR 8 WIN V/U LIC D BAS;REW WISE STUDIO QUALITY ASSUR 8 WIN V/U LIC D BAS;REW WISE STUDIO QUALITY ASSUR 8 WIN V/U LIC D BAS;REW WISE STUDIO QUALITY ASSUR 8 WIN V/U LIC D BAS;;;;79;;
1;3;2094;1;2486,2728;2021,36;REW WISE STUDIO QUALITY ASSUR 8 WIN STD LIC C BAS;20559062;;REW WISE STUDIO QUALITY ASSUR 8 WIN STD LIC C BAS;REW WISE STUDIO QUALITY ASSUR 8 WIN STD LIC C BAS;REW WISE STUDIO QUALITY ASSUR 8 WIN STD LIC C BAS;REW WISE STUDIO QUALITY ASSUR 8 WIN STD LIC C BAS;;;;79;;
1;3;2094;1;2161,9833;1757,71;REW WISE STUDIO QUALITY ASSUR 8 WIN STD LIC E BAS;20559063;;REW WISE STUDIO QUALITY ASSUR 8 WIN STD LIC E BAS;REW WISE STUDIO QUALITY ASSUR 8 WIN STD LIC E BAS;REW WISE STUDIO QUALITY ASSUR 8 WIN STD LIC E BAS;REW WISE STUDIO QUALITY ASSUR 8 WIN STD LIC E BAS;;;;79;;
1;3;2094;1;2702,4822;2197,14;EXP WISE STUDIO QUALITY ASSURANCE 8 WIN LIC S BAS;20559064;;EXP WISE STUDIO QUALITY ASSURANCE 8 WIN LIC S BAS;EXP WISE STUDIO QUALITY ASSURANCE 8 WIN LIC S BAS;EXP WISE STUDIO QUALITY ASSURANCE 8 WIN LIC S BAS;EXP WISE STUDIO QUALITY ASSURANCE 8 WIN LIC S BAS;;;;79;;
1;3;2094;1;2324,1219;1889,53;REW WISE STUDIO QUALITY ASSUR 8 WIN STD LIC D BAS;20559065;;REW WISE STUDIO QUALITY ASSUR 8 WIN STD LIC D BAS;REW WISE STUDIO QUALITY ASSUR 8 WIN STD LIC D BAS;REW WISE STUDIO QUALITY ASSUR 8 WIN STD LIC D BAS;REW WISE STUDIO QUALITY ASSUR 8 WIN STD LIC D BAS;;;;79;;
1;3;2094;1;1429,1247;1161,89;REW WISE STUDIO QUALITY ASSUR 8 WIN V/U LIC E BAS;20559070;;REW WISE STUDIO QUALITY ASSUR 8 WIN V/U LIC E BAS;REW WISE STUDIO QUALITY ASSUR 8 WIN V/U LIC E BAS;REW WISE STUDIO QUALITY ASSUR 8 WIN V/U LIC E BAS;REW WISE STUDIO QUALITY ASSUR 8 WIN V/U LIC E BAS;;;;79;;
1;3;2094;1;1768,5063;1437,81;REW WISE STUDIO QUALITY ASSUR 8 WIN V/U LIC A BAS;20559073;;REW WISE STUDIO QUALITY ASSUR 8 WIN V/U LIC A BAS;REW WISE STUDIO QUALITY ASSUR 8 WIN V/U LIC A BAS;REW WISE STUDIO QUALITY ASSUR 8 WIN V/U LIC A BAS;REW WISE STUDIO QUALITY ASSUR 8 WIN V/U LIC A BAS;;;;79;;
1;3;2094;1;1677,0558;1363,46;EXP WISE PK STUDIO STD 8 WIN P U BDL STD LIC S BAS;20560020;;EXP WISE PK STUDIO STD 8 WIN P U BDL STD LIC S BAS;EXP WISE PK STUDIO STD 8 WIN P U BDL STD LIC S BAS;EXP WISE PK STUDIO STD 8 WIN P U BDL STD LIC S BAS;EXP WISE PK STUDIO STD 8 WIN P U BDL STD LIC S BAS;;;;79;;
1;3;2094;1;1019,8791;829,17;REW WISE PK STUDIO STD ED 8 WIN U BDL V/U LIC C BAS;20560021;;REW WISE PK STUDIO STD ED 8 WIN U BDL V/U LIC C BAS;REW WISE PK STUDIO STD ED 8 WIN U BDL V/U LIC C BAS;REW WISE PK STUDIO STD ED 8 WIN U BDL V/U LIC C BAS;REW WISE PK STUDIO STD ED 8 WIN U BDL V/U LIC C BAS;;;;79;;
1;3;2094;1;1108,5498;901,26;EXP WISE PK STUDIO STD 8 WIN P U BDL V/U LIC S BAS;20560024;;EXP WISE PK STUDIO STD 8 WIN P U BDL V/U LIC S BAS;EXP WISE PK STUDIO STD 8 WIN P U BDL V/U LIC S BAS;EXP WISE PK STUDIO STD 8 WIN P U BDL V/U LIC S BAS;EXP WISE PK STUDIO STD 8 WIN P U BDL V/U LIC S BAS;;;;79;;
1;3;2094;1;1075,2906;874,22;REW WISE PK STUDIO STD ED 8 WIN U BDL V/U LIC B BAS;20560026;;REW WISE PK STUDIO STD ED 8 WIN U BDL V/U LIC B BAS;REW WISE PK STUDIO STD ED 8 WIN U BDL V/U LIC B BAS;REW WISE PK STUDIO STD ED 8 WIN U BDL V/U LIC B BAS;REW WISE PK STUDIO STD ED 8 WIN U BDL V/U LIC B BAS;;;;79;;
1;3;2094;1;886,8546;721,02;REW WISE PK STUDIO STD ED 8 WIN U BDL V/U LIC E BAS;20560028;;REW WISE PK STUDIO STD ED 8 WIN U BDL V/U LIC E BAS;REW WISE PK STUDIO STD ED 8 WIN U BDL V/U LIC E BAS;REW WISE PK STUDIO STD ED 8 WIN U BDL V/U LIC E BAS;REW WISE PK STUDIO STD ED 8 WIN U BDL V/U LIC E BAS;;;;79;;
1;3;2094;1;1341,6348;1090,76;REW WISE PK STUDIO STD ED 8 WIN U BDL STD LIC E BAS;20560030;;REW WISE PK STUDIO STD ED 8 WIN U BDL STD LIC E BAS;REW WISE PK STUDIO STD ED 8 WIN U BDL STD LIC E BAS;REW WISE PK STUDIO STD ED 8 WIN U BDL STD LIC E BAS;REW WISE PK STUDIO STD ED 8 WIN U BDL STD LIC E BAS;;;;79;;
1;3;2094;1;1626,7365;1322,55;REW WISE PK STUDIO STD ED 8 WIN U BDL STD LIC B BAS;20560032;;REW WISE PK STUDIO STD ED 8 WIN U BDL STD LIC B BAS;REW WISE PK STUDIO STD ED 8 WIN U BDL STD LIC B BAS;REW WISE PK STUDIO STD ED 8 WIN U BDL STD LIC B BAS;REW WISE PK STUDIO STD ED 8 WIN U BDL STD LIC B BAS;;;;79;;
1;3;2094;1;1097,4798;892,26;REW WISE PK STUDIO STD ED 8 WIN U BDL V/U LIC A BAS;20560033;;REW WISE PK STUDIO STD ED 8 WIN U BDL V/U LIC A BAS;REW WISE PK STUDIO STD ED 8 WIN U BDL V/U LIC A BAS;REW WISE PK STUDIO STD ED 8 WIN U BDL V/U LIC A BAS;REW WISE PK STUDIO STD ED 8 WIN U BDL V/U LIC A BAS;;;;79;;
1;3;2094;1;1542,8874;1254,38;REW WISE PK STUDIO STD ED 8 WIN U BDL STD LIC C BAS;20560037;;REW WISE PK STUDIO STD ED 8 WIN U BDL STD LIC C BAS;REW WISE PK STUDIO STD ED 8 WIN U BDL STD LIC C BAS;REW WISE PK STUDIO STD ED 8 WIN U BDL STD LIC C BAS;REW WISE PK STUDIO STD ED 8 WIN U BDL STD LIC C BAS;;;;79;;
1;3;2094;1;1442,2734;1172,58;REW WISE PK STUDIO STD ED 8 WIN U BDL STD LIC D BAS;20560038;;REW WISE PK STUDIO STD ED 8 WIN U BDL STD LIC D BAS;REW WISE PK STUDIO STD ED 8 WIN U BDL STD LIC D BAS;REW WISE PK STUDIO STD ED 8 WIN U BDL STD LIC D BAS;REW WISE PK STUDIO STD ED 8 WIN U BDL STD LIC D BAS;;;;79;;
1;3;2094;1;953,3484;775,08;REW WISE PK STUDIO STD ED 8 WIN U BDL V/U LIC D BAS;20560040;;REW WISE PK STUDIO STD ED 8 WIN U BDL V/U LIC D BAS;REW WISE PK STUDIO STD ED 8 WIN U BDL V/U LIC D BAS;REW WISE PK STUDIO STD ED 8 WIN U BDL V/U LIC D BAS;REW WISE PK STUDIO STD ED 8 WIN U BDL V/U LIC D BAS;;;;79;;
1;3;2094;1;1660,2786;1349,82;REW WISE PK STUDIO STD ED 8 WIN U BDL STD LIC A BAS;20560042;;REW WISE PK STUDIO STD ED 8 WIN U BDL STD LIC A BAS;REW WISE PK STUDIO STD ED 8 WIN U BDL STD LIC A BAS;REW WISE PK STUDIO STD ED 8 WIN U BDL STD LIC A BAS;REW WISE PK STUDIO STD ED 8 WIN U BDL STD LIC A BAS;;;;79;;
1;3;2094;1;8,2164;6,68;REW WORKSPACE VIRT TERM SVR 6.1 WIN U RNWL BAS C;20561033;;REW WORKSPACE VIRT TERM SVR 6.1 WIN U RNWL BAS C;REW WORKSPACE VIRT TERM SVR 6.1 WIN U RNWL BAS C;REW WORKSPACE VIRT TERM SVR 6.1 WIN U RNWL BAS C;REW WORKSPACE VIRT TERM SVR 6.1 WIN U RNWL BAS C;;;;79;;
1;3;2094;1;7,5768;6,16;REW WORKSPACE VIRT TERM SVR 6.1 WIN U RNWL BAS D;20561034;;REW WORKSPACE VIRT TERM SVR 6.1 WIN U RNWL BAS D;REW WORKSPACE VIRT TERM SVR 6.1 WIN U RNWL BAS D;REW WORKSPACE VIRT TERM SVR 6.1 WIN U RNWL BAS D;REW WORKSPACE VIRT TERM SVR 6.1 WIN U RNWL BAS D;;;;79;;
1;3;2094;1;11,4636;9,32;REW WORKSPACE VIRT TERM SVR 6.1 WIN U RNWL ESS B;20561036;;REW WORKSPACE VIRT TERM SVR 6.1 WIN U RNWL ESS B;REW WORKSPACE VIRT TERM SVR 6.1 WIN U RNWL ESS B;REW WORKSPACE VIRT TERM SVR 6.1 WIN U RNWL ESS B;REW WORKSPACE VIRT TERM SVR 6.1 WIN U RNWL ESS B;;;;79;;
1;3;2094;1;61,2909;49,83;REW WORKSPACE VIRT TERM SVR 6.1 WIN STD LIC B ESS;20561043;;REW WORKSPACE VIRT TERM SVR 6.1 WIN STD LIC B ESS;REW WORKSPACE VIRT TERM SVR 6.1 WIN STD LIC B ESS;REW WORKSPACE VIRT TERM SVR 6.1 WIN STD LIC B ESS;REW WORKSPACE VIRT TERM SVR 6.1 WIN STD LIC B ESS;;;;79;;
1;3;2094;1;10,7994;8,78;EXP WORKSPACE VIRT TERM 6.1 WIN CONCUR BDL BAS S;20561051;;EXP WORKSPACE VIRT TERM 6.1 WIN CONCUR BDL BAS S;EXP WORKSPACE VIRT TERM 6.1 WIN CONCUR BDL BAS S;EXP WORKSPACE VIRT TERM 6.1 WIN CONCUR BDL BAS S;EXP WORKSPACE VIRT TERM 6.1 WIN CONCUR BDL BAS S;;;;79;;
1;3;2094;1;31,1067;25,29;REW WORKSPACE VIRT TERM SVR 6.1 WIN SUB LIC A ESS;20561053;;REW WORKSPACE VIRT TERM SVR 6.1 WIN SUB LIC A ESS;REW WORKSPACE VIRT TERM SVR 6.1 WIN SUB LIC A ESS;REW WORKSPACE VIRT TERM SVR 6.1 WIN SUB LIC A ESS;REW WORKSPACE VIRT TERM SVR 6.1 WIN SUB LIC A ESS;;;;79;;
1;3;2094;1;31,365;25,5;REW WORKSPACE VIRT TERM SVR 6.1 WIN V/U LIC E BAS;20561058;;REW WORKSPACE VIRT TERM SVR 6.1 WIN V/U LIC E BAS;REW WORKSPACE VIRT TERM SVR 6.1 WIN V/U LIC E BAS;REW WORKSPACE VIRT TERM SVR 6.1 WIN V/U LIC E BAS;REW WORKSPACE VIRT TERM SVR 6.1 WIN V/U LIC E BAS;;;;79;;
1;3;2094;1;51,6846;42,02;REW WORKSPACE VIRT TERM SVR 6.1 WIN STD LIC D ESS;20561060;;REW WORKSPACE VIRT TERM SVR 6.1 WIN STD LIC D ESS;REW WORKSPACE VIRT TERM SVR 6.1 WIN STD LIC D ESS;REW WORKSPACE VIRT TERM SVR 6.1 WIN STD LIC D ESS;REW WORKSPACE VIRT TERM SVR 6.1 WIN STD LIC D ESS;;;;79;;
1;3;2094;1;49,8273;40,51;EXP WORKSPACE VIRT TERM 6.1WIN CONCUR V/LIC S ESS;20561063;;EXP WORKSPACE VIRT TERM 6.1WIN CONCUR V/LIC S ESS;EXP WORKSPACE VIRT TERM 6.1WIN CONCUR V/LIC S ESS;EXP WORKSPACE VIRT TERM 6.1WIN CONCUR V/LIC S ESS;EXP WORKSPACE VIRT TERM 6.1WIN CONCUR V/LIC S ESS;;;;79;;
1;3;2094;1;32,7672;26,64;REW WORKSPACE VIRT TERM SVR 6.1 WIN V/U LIC D BAS;20561064;;REW WORKSPACE VIRT TERM SVR 6.1 WIN V/U LIC D BAS;REW WORKSPACE VIRT TERM SVR 6.1 WIN V/U LIC D BAS;REW WORKSPACE VIRT TERM SVR 6.1 WIN V/U LIC D BAS;REW WORKSPACE VIRT TERM SVR 6.1 WIN V/U LIC D BAS;;;;79;;
1;3;2094;1;28,3515;23,05;REW WORKSPACE VIRT TERM SVR 6.1 WIN SUB LIC A BAS;20561069;;REW WORKSPACE VIRT TERM SVR 6.1 WIN SUB LIC A BAS;REW WORKSPACE VIRT TERM SVR 6.1 WIN SUB LIC A BAS;REW WORKSPACE VIRT TERM SVR 6.1 WIN SUB LIC A BAS;REW WORKSPACE VIRT TERM SVR 6.1 WIN SUB LIC A BAS;;;;79;;
1;3;2094;1;7,2324;5,88;REW WORKSPACE VIRT TERM SVR 6.1 WIN U RNWL BAS E;20561075;;REW WORKSPACE VIRT TERM SVR 6.1 WIN U RNWL BAS E;REW WORKSPACE VIRT TERM SVR 6.1 WIN U RNWL BAS E;REW WORKSPACE VIRT TERM SVR 6.1 WIN U RNWL BAS E;REW WORKSPACE VIRT TERM SVR 6.1 WIN U RNWL BAS E;;;;79;;
1;3;2094;1;65,1654;52,98;REW WORKSPACE VIRT TERM SVR 6.1 WIN STD LIC A BAS;20561078;;REW WORKSPACE VIRT TERM SVR 6.1 WIN STD LIC A BAS;REW WORKSPACE VIRT TERM SVR 6.1 WIN STD LIC A BAS;REW WORKSPACE VIRT TERM SVR 6.1 WIN STD LIC A BAS;REW WORKSPACE VIRT TERM SVR 6.1 WIN STD LIC A BAS;;;;79;;
1;3;2094;1;58,794;47,8;REW WORKSPACE VIRT TERM SVR 6.1 WIN STD LIC B BAS;20561079;;REW WORKSPACE VIRT TERM SVR 6.1 WIN STD LIC B BAS;REW WORKSPACE VIRT TERM SVR 6.1 WIN STD LIC B BAS;REW WORKSPACE VIRT TERM SVR 6.1 WIN STD LIC B BAS;REW WORKSPACE VIRT TERM SVR 6.1 WIN STD LIC B BAS;;;;79;;
1;3;2094;1;70,8234;57,58;EXP WORKSPACE VIRT TERM 6.1 WIN CONCUR LIC S BAS;20561081;;EXP WORKSPACE VIRT TERM 6.1 WIN CONCUR LIC S BAS;EXP WORKSPACE VIRT TERM 6.1 WIN CONCUR LIC S BAS;EXP WORKSPACE VIRT TERM 6.1 WIN CONCUR LIC S BAS;EXP WORKSPACE VIRT TERM 6.1 WIN CONCUR LIC S BAS;;;;79;;
1;3;2094;1;41,3649;33,63;REW WORKSPACE VIRT TERM SVR 6.1 WIN V/U LIC B ESS;20561082;;REW WORKSPACE VIRT TERM SVR 6.1 WIN V/U LIC B ESS;REW WORKSPACE VIRT TERM SVR 6.1 WIN V/U LIC B ESS;REW WORKSPACE VIRT TERM SVR 6.1 WIN V/U LIC B ESS;REW WORKSPACE VIRT TERM SVR 6.1 WIN V/U LIC B ESS;;;;79;;
1;3;2094;1;43,0623;35,01;REW WORKSPACE VIRT TERM SVR 6.1 WIN V/U LIC A BAS;20561083;;REW WORKSPACE VIRT TERM SVR 6.1 WIN V/U LIC A BAS;REW WORKSPACE VIRT TERM SVR 6.1 WIN V/U LIC A BAS;REW WORKSPACE VIRT TERM SVR 6.1 WIN V/U LIC A BAS;REW WORKSPACE VIRT TERM SVR 6.1 WIN V/U LIC A BAS;;;;79;;
1;3;2094;1;12,7059;10,33;REW WORKSPACE VIRT TERM SVR 6.1 WIN CONCUR ESS A;20561086;;REW WORKSPACE VIRT TERM SVR 6.1 WIN CONCUR ESS A;REW WORKSPACE VIRT TERM SVR 6.1 WIN CONCUR ESS A;REW WORKSPACE VIRT TERM SVR 6.1 WIN CONCUR ESS A;REW WORKSPACE VIRT TERM SVR 6.1 WIN CONCUR ESS A;;;;79;;
1;3;2094;1;53,8371;43,77;REW WORKSPACE VIRT TERM SVR 6.1 WIN STD LIC C BAS;20561088;;REW WORKSPACE VIRT TERM SVR 6.1 WIN STD LIC C BAS;REW WORKSPACE VIRT TERM SVR 6.1 WIN STD LIC C BAS;REW WORKSPACE VIRT TERM SVR 6.1 WIN STD LIC C BAS;REW WORKSPACE VIRT TERM SVR 6.1 WIN STD LIC C BAS;;;;79;;
1;3;2094;1;38,8557;31,59;REW WORKSPACE VIRT TERM SVR 6.1 WIN V/U LIC B BAS;20561089;;REW WORKSPACE VIRT TERM SVR 6.1 WIN V/U LIC B BAS;REW WORKSPACE VIRT TERM SVR 6.1 WIN V/U LIC B BAS;REW WORKSPACE VIRT TERM SVR 6.1 WIN V/U LIC B BAS;REW WORKSPACE VIRT TERM SVR 6.1 WIN V/U LIC B BAS;;;;79;;
1;3;2094;1;56,1126;45,62;REW WORKSPACE VIRT TERM SVR 6.1 WIN STD LIC C ESS;20561092;;REW WORKSPACE VIRT TERM SVR 6.1 WIN STD LIC C ESS;REW WORKSPACE VIRT TERM SVR 6.1 WIN STD LIC C ESS;REW WORKSPACE VIRT TERM SVR 6.1 WIN STD LIC C ESS;REW WORKSPACE VIRT TERM SVR 6.1 WIN STD LIC C ESS;;;;79;;
1;3;2094;1;37,8717;30,79;REW WORKSPACE VIRT TERM SVR 6.1 WIN V/U LIC C ESS;20561093;;REW WORKSPACE VIRT TERM SVR 6.1 WIN V/U LIC C ESS;REW WORKSPACE VIRT TERM SVR 6.1 WIN V/U LIC C ESS;REW WORKSPACE VIRT TERM SVR 6.1 WIN V/U LIC C ESS;REW WORKSPACE VIRT TERM SVR 6.1 WIN V/U LIC C ESS;;;;79;;
1;3;2094;1;49,4583;40,21;REW WORKSPACE VIRT TERM SVR 6.1 WIN STD LIC E ESS;20561095;;REW WORKSPACE VIRT TERM SVR 6.1 WIN STD LIC E ESS;REW WORKSPACE VIRT TERM SVR 6.1 WIN STD LIC E ESS;REW WORKSPACE VIRT TERM SVR 6.1 WIN STD LIC E ESS;REW WORKSPACE VIRT TERM SVR 6.1 WIN STD LIC E ESS;;;;79;;
1;3;2094;1;34,8705;28,35;REW WORKSPACE VIRT TERM SVR 6.1 WIN V/U LIC D ESS;20561097;;REW WORKSPACE VIRT TERM SVR 6.1 WIN V/U LIC D ESS;REW WORKSPACE VIRT TERM SVR 6.1 WIN V/U LIC D ESS;REW WORKSPACE VIRT TERM SVR 6.1 WIN V/U LIC D ESS;REW WORKSPACE VIRT TERM SVR 6.1 WIN V/U LIC D ESS;;;;79;;
1;3;2094;1;9,2496;7,52;REW WORKSPACE VIRT TERM SVR 6.1 WIN CONCUR ESS E;20561106;;REW WORKSPACE VIRT TERM SVR 6.1 WIN CONCUR ESS E;REW WORKSPACE VIRT TERM SVR 6.1 WIN CONCUR ESS E;REW WORKSPACE VIRT TERM SVR 6.1 WIN CONCUR ESS E;REW WORKSPACE VIRT TERM SVR 6.1 WIN CONCUR ESS E;;;;79;;
1;3;2094;1;35,5839;28,93;REW WORKSPACE VIRT TERM SVR 6.1 WIN V/U LIC C BAS;20561108;;REW WORKSPACE VIRT TERM SVR 6.1 WIN V/U LIC C BAS;REW WORKSPACE VIRT TERM SVR 6.1 WIN V/U LIC C BAS;REW WORKSPACE VIRT TERM SVR 6.1 WIN V/U LIC C BAS;REW WORKSPACE VIRT TERM SVR 6.1 WIN V/U LIC C BAS;;;;79;;
1;3;2094;1;47,4657;38,59;REW WORKSPACE VIRT TERM SVR 6.1 WIN STD LIC E BAS;20561109;;REW WORKSPACE VIRT TERM SVR 6.1 WIN STD LIC E BAS;REW WORKSPACE VIRT TERM SVR 6.1 WIN STD LIC E BAS;REW WORKSPACE VIRT TERM SVR 6.1 WIN STD LIC E BAS;REW WORKSPACE VIRT TERM SVR 6.1 WIN STD LIC E BAS;;;;79;;
1;3;2094;1;73,8369;60,03;EXP WORKSPACE VIRT TERM 6.1 WIN CONCUR LIC S ESS;20561110;;EXP WORKSPACE VIRT TERM 6.1 WIN CONCUR LIC S ESS;EXP WORKSPACE VIRT TERM 6.1 WIN CONCUR LIC S ESS;EXP WORKSPACE VIRT TERM 6.1 WIN CONCUR LIC S ESS;EXP WORKSPACE VIRT TERM 6.1 WIN CONCUR LIC S ESS;;;;79;;
1;3;2094;1;8,2164;6,68;REW WORKSPACE VIRT TERM SVR 6.1 WIN CONCUR BAS C;20561112;;REW WORKSPACE VIRT TERM SVR 6.1 WIN CONCUR BAS C;REW WORKSPACE VIRT TERM SVR 6.1 WIN CONCUR BAS C;REW WORKSPACE VIRT TERM SVR 6.1 WIN CONCUR BAS C;REW WORKSPACE VIRT TERM SVR 6.1 WIN CONCUR BAS C;;;;79;;
1;3;2094;1;33,8127;27,49;EXP WORKSPACE VIRT TERM 6.1 WIN SUB LIC S ESS;20561117;;EXP WORKSPACE VIRT TERM 6.1 WIN SUB LIC S ESS;EXP WORKSPACE VIRT TERM 6.1 WIN SUB LIC S ESS;EXP WORKSPACE VIRT TERM 6.1 WIN SUB LIC S ESS;EXP WORKSPACE VIRT TERM 6.1 WIN SUB LIC S ESS;;;;79;;
1;3;2094;1;30,8115;25,05;EXP WORKSPACE VIRT TERM 6.1 WIN SUB LIC S BAS;20561124;;EXP WORKSPACE VIRT TERM 6.1 WIN SUB LIC S BAS;EXP WORKSPACE VIRT TERM 6.1 WIN SUB LIC S BAS;EXP WORKSPACE VIRT TERM 6.1 WIN SUB LIC S BAS;EXP WORKSPACE VIRT TERM 6.1 WIN SUB LIC S BAS;;;;79;;
1;3;2094;1;25,5717;20,79;REW WORKSPACE VIRT TERM SVR 6.1 WIN SUB LIC B BAS;20561127;;REW WORKSPACE VIRT TERM SVR 6.1 WIN SUB LIC B BAS;REW WORKSPACE VIRT TERM SVR 6.1 WIN SUB LIC B BAS;REW WORKSPACE VIRT TERM SVR 6.1 WIN SUB LIC B BAS;REW WORKSPACE VIRT TERM SVR 6.1 WIN SUB LIC B BAS;;;;79;;
1;3;2094;1;13,8006;11,22;EXP WORKSPACE VIRT TERM 6.1 WIN CONCUR BDL ESS S;20561129;;EXP WORKSPACE VIRT TERM 6.1 WIN CONCUR BDL ESS S;EXP WORKSPACE VIRT TERM 6.1 WIN CONCUR BDL ESS S;EXP WORKSPACE VIRT TERM 6.1 WIN CONCUR BDL ESS S;EXP WORKSPACE VIRT TERM 6.1 WIN CONCUR BDL ESS S;;;;79;;
1;3;2094;1;7,2324;5,88;REW WORKSPACE VIRT TERM SVR 6.1 WIN CONCUR BAS E;20561130;;REW WORKSPACE VIRT TERM SVR 6.1 WIN CONCUR BAS E;REW WORKSPACE VIRT TERM SVR 6.1 WIN CONCUR BAS E;REW WORKSPACE VIRT TERM SVR 6.1 WIN CONCUR BAS E;REW WORKSPACE VIRT TERM SVR 6.1 WIN CONCUR BAS E;;;;79;;
1;3;2094;1;23,4069;19,03;REW WORKSPACE VIRT TERM SVR 6.1 WIN SUB LIC C BAS;20561134;;REW WORKSPACE VIRT TERM SVR 6.1 WIN SUB LIC C BAS;REW WORKSPACE VIRT TERM SVR 6.1 WIN SUB LIC C BAS;REW WORKSPACE VIRT TERM SVR 6.1 WIN SUB LIC C BAS;REW WORKSPACE VIRT TERM SVR 6.1 WIN SUB LIC C BAS;;;;79;;
1;3;2094;1;20,6517;16,79;REW WORKSPACE VIRT TERM SVR 6.1 WIN SUB LIC E BAS;20561137;;REW WORKSPACE VIRT TERM SVR 6.1 WIN SUB LIC E BAS;REW WORKSPACE VIRT TERM SVR 6.1 WIN SUB LIC E BAS;REW WORKSPACE VIRT TERM SVR 6.1 WIN SUB LIC E BAS;REW WORKSPACE VIRT TERM SVR 6.1 WIN SUB LIC E BAS;;;;79;;
1;3;2094;1;9,9507;8,09;REW WORKSPACE VIRT TERM SVR 6.1 WIN CONCUR BAS A;20561144;;REW WORKSPACE VIRT TERM SVR 6.1 WIN CONCUR BAS A;REW WORKSPACE VIRT TERM SVR 6.1 WIN CONCUR BAS A;REW WORKSPACE VIRT TERM SVR 6.1 WIN CONCUR BAS A;REW WORKSPACE VIRT TERM SVR 6.1 WIN CONCUR BAS A;;;;79;;
1;3;2094;1;28,0563;22,81;REW WORKSPACE VIRT TERM SVR 6.1 WIN SUB LIC B ESS;20561145;;REW WORKSPACE VIRT TERM SVR 6.1 WIN SUB LIC B ESS;REW WORKSPACE VIRT TERM SVR 6.1 WIN SUB LIC B ESS;REW WORKSPACE VIRT TERM SVR 6.1 WIN SUB LIC B ESS;REW WORKSPACE VIRT TERM SVR 6.1 WIN SUB LIC B ESS;;;;79;;
1;3;2094;1;25,6947;20,89;REW WORKSPACE VIRT TERM SVR 6.1 WIN SUB LIC C ESS;20561148;;REW WORKSPACE VIRT TERM SVR 6.1 WIN SUB LIC C ESS;REW WORKSPACE VIRT TERM SVR 6.1 WIN SUB LIC C ESS;REW WORKSPACE VIRT TERM SVR 6.1 WIN SUB LIC C ESS;REW WORKSPACE VIRT TERM SVR 6.1 WIN SUB LIC C ESS;;;;79;;
1;3;2094;1;22,6443;18,41;REW WORKSPACE VIRT TERM SVR 6.1 WIN SUB LIC E ESS;20561151;;REW WORKSPACE VIRT TERM SVR 6.1 WIN SUB LIC E ESS;REW WORKSPACE VIRT TERM SVR 6.1 WIN SUB LIC E ESS;REW WORKSPACE VIRT TERM SVR 6.1 WIN SUB LIC E ESS;REW WORKSPACE VIRT TERM SVR 6.1 WIN SUB LIC E ESS;;;;79;;
1;3;2094;1;21,5742;17,54;REW WORKSPACE VIRT TERM SVR 6.1 WIN SUB LIC D BAS;20561155;;REW WORKSPACE VIRT TERM SVR 6.1 WIN SUB LIC D BAS;REW WORKSPACE VIRT TERM SVR 6.1 WIN SUB LIC D BAS;REW WORKSPACE VIRT TERM SVR 6.1 WIN SUB LIC D BAS;REW WORKSPACE VIRT TERM SVR 6.1 WIN SUB LIC D BAS;;;;79;;
1;3;2094;1;23,6652;19,24;REW WORKSPACE VIRT TERM SVR 6.1 WIN SUB LIC D ESS;20561166;;REW WORKSPACE VIRT TERM SVR 6.1 WIN SUB LIC D ESS;REW WORKSPACE VIRT TERM SVR 6.1 WIN SUB LIC D ESS;REW WORKSPACE VIRT TERM SVR 6.1 WIN SUB LIC D ESS;REW WORKSPACE VIRT TERM SVR 6.1 WIN SUB LIC D ESS;;;;79;;
1;3;2094;1;12,7059;10,33;REW WORKSPACE VIRT TERM SVR 6.1 WIN U RNWL ESS A;20561169;;REW WORKSPACE VIRT TERM SVR 6.1 WIN U RNWL ESS A;REW WORKSPACE VIRT TERM SVR 6.1 WIN U RNWL ESS A;REW WORKSPACE VIRT TERM SVR 6.1 WIN U RNWL ESS A;REW WORKSPACE VIRT TERM SVR 6.1 WIN U RNWL ESS A;;;;79;;
1;3;2094;1;10,4919;8,53;REW WORKSPACE VIRT TERM SVR 6.1 WIN U RNWL ESS C;20561170;;REW WORKSPACE VIRT TERM SVR 6.1 WIN U RNWL ESS C;REW WORKSPACE VIRT TERM SVR 6.1 WIN U RNWL ESS C;REW WORKSPACE VIRT TERM SVR 6.1 WIN U RNWL ESS C;REW WORKSPACE VIRT TERM SVR 6.1 WIN U RNWL ESS C;;;;79;;
1;3;2094;1;13,8006;11,22;EXP WORKSPACE VIRT TERM 6.1 WIN CONCUR RNWL ESS S;20561172;;EXP WORKSPACE VIRT TERM 6.1 WIN CONCUR RNWL ESS S;EXP WORKSPACE VIRT TERM 6.1 WIN CONCUR RNWL ESS S;EXP WORKSPACE VIRT TERM 6.1 WIN CONCUR RNWL ESS S;EXP WORKSPACE VIRT TERM 6.1 WIN CONCUR RNWL ESS S;;;;79;;
1;3;2094;1;7,5768;6,16;REW WORKSPACE VIRT TERM SVR 6.1 WIN CONCUR BAS D;20561174;;REW WORKSPACE VIRT TERM SVR 6.1 WIN CONCUR BAS D;REW WORKSPACE VIRT TERM SVR 6.1 WIN CONCUR BAS D;REW WORKSPACE VIRT TERM SVR 6.1 WIN CONCUR BAS D;REW WORKSPACE VIRT TERM SVR 6.1 WIN CONCUR BAS D;;;;79;;
1;3;2094;1;45,8298;37,26;REW WORKSPACE VIRT TERM SVR 6.1 WIN V/U LIC A ESS;20561180;;REW WORKSPACE VIRT TERM SVR 6.1 WIN V/U LIC A ESS;REW WORKSPACE VIRT TERM SVR 6.1 WIN V/U LIC A ESS;REW WORKSPACE VIRT TERM SVR 6.1 WIN V/U LIC A ESS;REW WORKSPACE VIRT TERM SVR 6.1 WIN V/U LIC A ESS;;;;79;;
1;3;2094;1;46,8261;38,07;EXP WORKSPACE VIRT TERM 6.1 WIN V/U LIC S BAS;20561183;;EXP WORKSPACE VIRT TERM 6.1 WIN V/U LIC S BAS;EXP WORKSPACE VIRT TERM 6.1 WIN V/U LIC S BAS;EXP WORKSPACE VIRT TERM 6.1 WIN V/U LIC S BAS;EXP WORKSPACE VIRT TERM 6.1 WIN V/U LIC S BAS;;;;79;;
1;3;2094;1;67,9206;55,22;REW WORKSPACE VIRT TERM SVR 6.1 WIN STD LIC A ESS;20561184;;REW WORKSPACE VIRT TERM SVR 6.1 WIN STD LIC A ESS;REW WORKSPACE VIRT TERM SVR 6.1 WIN STD LIC A ESS;REW WORKSPACE VIRT TERM SVR 6.1 WIN STD LIC A ESS;REW WORKSPACE VIRT TERM SVR 6.1 WIN STD LIC A ESS;;;;79;;
1;3;2094;1;33,3822;27,14;REW WORKSPACE VIRT TERM SVR 6.1 WIN V/U LIC E ESS;20561185;;REW WORKSPACE VIRT TERM SVR 6.1 WIN V/U LIC E ESS;REW WORKSPACE VIRT TERM SVR 6.1 WIN V/U LIC E ESS;REW WORKSPACE VIRT TERM SVR 6.1 WIN V/U LIC E ESS;REW WORKSPACE VIRT TERM SVR 6.1 WIN V/U LIC E ESS;;;;79;;
1;3;2094;1;49,5813;40,31;REW WORKSPACE VIRT TERM SVR 6.1 WIN STD LIC D BAS;20561187;;REW WORKSPACE VIRT TERM SVR 6.1 WIN STD LIC D BAS;REW WORKSPACE VIRT TERM SVR 6.1 WIN STD LIC D BAS;REW WORKSPACE VIRT TERM SVR 6.1 WIN STD LIC D BAS;REW WORKSPACE VIRT TERM SVR 6.1 WIN STD LIC D BAS;;;;79;;
1;3;2094;1;9,9507;8,09;REW WORKSPACE VIRT TERM SVR 6.1 WIN U RNWL BAS A;20561188;;REW WORKSPACE VIRT TERM SVR 6.1 WIN U RNWL BAS A;REW WORKSPACE VIRT TERM SVR 6.1 WIN U RNWL BAS A;REW WORKSPACE VIRT TERM SVR 6.1 WIN U RNWL BAS A;REW WORKSPACE VIRT TERM SVR 6.1 WIN U RNWL BAS A;;;;79;;
1;3;2094;1;8,9544;7,28;REW WORKSPACE VIRT TERM SVR 6.1 WIN U RNWL BAS B;20561189;;REW WORKSPACE VIRT TERM SVR 6.1 WIN U RNWL BAS B;REW WORKSPACE VIRT TERM SVR 6.1 WIN U RNWL BAS B;REW WORKSPACE VIRT TERM SVR 6.1 WIN U RNWL BAS B;REW WORKSPACE VIRT TERM SVR 6.1 WIN U RNWL BAS B;;;;79;;
1;3;2094;1;10,7994;8,78;EXP WORKSPACE VIRT TERM 6.1 WIN CONCUR RNWL BAS S;20561191;;EXP WORKSPACE VIRT TERM 6.1 WIN CONCUR RNWL BAS S;EXP WORKSPACE VIRT TERM 6.1 WIN CONCUR RNWL BAS S;EXP WORKSPACE VIRT TERM 6.1 WIN CONCUR RNWL BAS S;EXP WORKSPACE VIRT TERM 6.1 WIN CONCUR RNWL BAS S;;;;79;;
1;3;2094;1;9,6555;7,85;REW WORKSPACE VIRT TERM SVR 6.1 WIN U RNWL ESS D;20561194;;REW WORKSPACE VIRT TERM SVR 6.1 WIN U RNWL ESS D;REW WORKSPACE VIRT TERM SVR 6.1 WIN U RNWL ESS D;REW WORKSPACE VIRT TERM SVR 6.1 WIN U RNWL ESS D;REW WORKSPACE VIRT TERM SVR 6.1 WIN U RNWL ESS D;;;;79;;
1;3;2094;1;9,2496;7,52;REW WORKSPACE VIRT TERM SVR 6.1 WIN U RNWL ESS E;20561195;;REW WORKSPACE VIRT TERM SVR 6.1 WIN U RNWL ESS E;REW WORKSPACE VIRT TERM SVR 6.1 WIN U RNWL ESS E;REW WORKSPACE VIRT TERM SVR 6.1 WIN U RNWL ESS E;REW WORKSPACE VIRT TERM SVR 6.1 WIN U RNWL ESS E;;;;79;;
1;3;2094;1;11,4636;9,32;REW WORKSPACE VIRT TERM SVR 6.1 WIN CONCUR ESS B;20561197;;REW WORKSPACE VIRT TERM SVR 6.1 WIN CONCUR ESS B;REW WORKSPACE VIRT TERM SVR 6.1 WIN CONCUR ESS B;REW WORKSPACE VIRT TERM SVR 6.1 WIN CONCUR ESS B;REW WORKSPACE VIRT TERM SVR 6.1 WIN CONCUR ESS B;;;;79;;
1;3;2094;1;10,4919;8,53;REW WORKSPACE VIRT TERM SVR 6.1 WIN CONCUR ESS C;20561198;;REW WORKSPACE VIRT TERM SVR 6.1 WIN CONCUR ESS C;REW WORKSPACE VIRT TERM SVR 6.1 WIN CONCUR ESS C;REW WORKSPACE VIRT TERM SVR 6.1 WIN CONCUR ESS C;REW WORKSPACE VIRT TERM SVR 6.1 WIN CONCUR ESS C;;;;79;;
1;3;2094;1;9,6555;7,85;REW WORKSPACE VIRT TERM SVR 6.1 WIN CONCUR ESS D;20561199;;REW WORKSPACE VIRT TERM SVR 6.1 WIN CONCUR ESS D;REW WORKSPACE VIRT TERM SVR 6.1 WIN CONCUR ESS D;REW WORKSPACE VIRT TERM SVR 6.1 WIN CONCUR ESS D;REW WORKSPACE VIRT TERM SVR 6.1 WIN CONCUR ESS D;;;;79;;
1;3;2094;1;8,9544;7,28;REW WORKSPACE VIRT TERM SVR 6.1 WIN CONCUR BAS B;20561201;;REW WORKSPACE VIRT TERM SVR 6.1 WIN CONCUR BAS B;REW WORKSPACE VIRT TERM SVR 6.1 WIN CONCUR BAS B;REW WORKSPACE VIRT TERM SVR 6.1 WIN CONCUR BAS B;REW WORKSPACE VIRT TERM SVR 6.1 WIN CONCUR BAS B;;;;79;;
1;3;2094;1;32,2752;26,24;AE WORKSPACE VIRT TERM6.1 WIN CONCUR 2ND SUB B ESS;20562020;;AE WORKSPACE VIRT TERM6.1 WIN CONCUR 2ND SUB B ESS;AE WORKSPACE VIRT TERM6.1 WIN CONCUR 2ND SUB B ESS;AE WORKSPACE VIRT TERM6.1 WIN CONCUR 2ND SUB B ESS;AE WORKSPACE VIRT TERM6.1 WIN CONCUR 2ND SUB B ESS;;;;79;;
1;3;2094;1;33,9849;27,63;AE WORKSPACE VIRT TERM6.1 WIN CONCUR 2ND SUB A ESS;20562021;;AE WORKSPACE VIRT TERM6.1 WIN CONCUR 2ND SUB A ESS;AE WORKSPACE VIRT TERM6.1 WIN CONCUR 2ND SUB A ESS;AE WORKSPACE VIRT TERM6.1 WIN CONCUR 2ND SUB A ESS;AE WORKSPACE VIRT TERM6.1 WIN CONCUR 2ND SUB A ESS;;;;79;;
1;3;2094;1;27,1953;22,11;AE WORKSPACE VIRT TERM6.1 WIN CONCUR 2ND SUB E ESS;20562022;;AE WORKSPACE VIRT TERM6.1 WIN CONCUR 2ND SUB E ESS;AE WORKSPACE VIRT TERM6.1 WIN CONCUR 2ND SUB E ESS;AE WORKSPACE VIRT TERM6.1 WIN CONCUR 2ND SUB E ESS;AE WORKSPACE VIRT TERM6.1 WIN CONCUR 2ND SUB E ESS;;;;79;;
1;3;2094;1;30,5778;24,86;AE WORKSPACE VIRT TERM6.1 WIN CONCUR 2ND SUB C ESS;20562023;;AE WORKSPACE VIRT TERM6.1 WIN CONCUR 2ND SUB C ESS;AE WORKSPACE VIRT TERM6.1 WIN CONCUR 2ND SUB C ESS;AE WORKSPACE VIRT TERM6.1 WIN CONCUR 2ND SUB C ESS;AE WORKSPACE VIRT TERM6.1 WIN CONCUR 2ND SUB C ESS;;;;79;;
1;3;2094;1;28,8927;23,49;AE WORKSPACE VIRT TERM6.1 WIN CONCUR 2ND SUB D ESS;20562024;;AE WORKSPACE VIRT TERM6.1 WIN CONCUR 2ND SUB D ESS;AE WORKSPACE VIRT TERM6.1 WIN CONCUR 2ND SUB D ESS;AE WORKSPACE VIRT TERM6.1 WIN CONCUR 2ND SUB D ESS;AE WORKSPACE VIRT TERM6.1 WIN CONCUR 2ND SUB D ESS;;;;79;;
1;3;2094;1;13,5546;11,02;REW WORKSPACE STREAM TERM SVR 6.1 WIN U RNWL BAS B;20563021;;REW WORKSPACE STREAM TERM SVR 6.1 WIN U RNWL BAS B;REW WORKSPACE STREAM TERM SVR 6.1 WIN U RNWL BAS B;REW WORKSPACE STREAM TERM SVR 6.1 WIN U RNWL BAS B;REW WORKSPACE STREAM TERM SVR 6.1 WIN U RNWL BAS B;;;;79;;
1;3;2094;1;16,3221;13,27;EXP WORKSPACE STREAMING TERM 6.1 WIN RNWL BAS S;20563024;;EXP WORKSPACE STREAMING TERM 6.1 WIN RNWL BAS S;EXP WORKSPACE STREAMING TERM 6.1 WIN RNWL BAS S;EXP WORKSPACE STREAMING TERM 6.1 WIN RNWL BAS S;EXP WORKSPACE STREAMING TERM 6.1 WIN RNWL BAS S;;;;79;;
1;3;2094;1;13,9851;11,37;REW WORKSPACE STREAM TERM SVR 6.1 WIN U RNWL ESS E;20563025;;REW WORKSPACE STREAM TERM SVR 6.1 WIN U RNWL ESS E;REW WORKSPACE STREAM TERM SVR 6.1 WIN U RNWL ESS E;REW WORKSPACE STREAM TERM SVR 6.1 WIN U RNWL ESS E;REW WORKSPACE STREAM TERM SVR 6.1 WIN U RNWL ESS E;;;;79;;
1;3;2094;1;13,9851;11,37;REW WORKSPACE STREAM TERM SVR 6.1 WIN U BDL ESS E;20563028;;REW WORKSPACE STREAM TERM SVR 6.1 WIN U BDL ESS E;REW WORKSPACE STREAM TERM SVR 6.1 WIN U BDL ESS E;REW WORKSPACE STREAM TERM SVR 6.1 WIN U BDL ESS E;REW WORKSPACE STREAM TERM SVR 6.1 WIN U BDL ESS E;;;;79;;
1;3;2094;1;15,006;12,2;REW WORKSPACE STREAM TERM SVR 6.1 WIN U BDL BAS A;20563032;;REW WORKSPACE STREAM TERM SVR 6.1 WIN U BDL BAS A;REW WORKSPACE STREAM TERM SVR 6.1 WIN U BDL BAS A;REW WORKSPACE STREAM TERM SVR 6.1 WIN U BDL BAS A;REW WORKSPACE STREAM TERM SVR 6.1 WIN U BDL BAS A;;;;79;;
1;3;2094;1;31,1928;25,36;REW WORKSPACE STREAM TERM SVR 6.1 WIN SUB LIC E BAS;20563035;;REW WORKSPACE STREAM TERM SVR 6.1 WIN SUB LIC E BAS;REW WORKSPACE STREAM TERM SVR 6.1 WIN SUB LIC E BAS;REW WORKSPACE STREAM TERM SVR 6.1 WIN SUB LIC E BAS;REW WORKSPACE STREAM TERM SVR 6.1 WIN SUB LIC E BAS;;;;79;;
1;3;2094;1;42,8409;34,83;REW WORKSPACE STREAM TERM SVR 6.1 WIN SUB LIC A BAS;20563038;;REW WORKSPACE STREAM TERM SVR 6.1 WIN SUB LIC A BAS;REW WORKSPACE STREAM TERM SVR 6.1 WIN SUB LIC A BAS;REW WORKSPACE STREAM TERM SVR 6.1 WIN SUB LIC A BAS;REW WORKSPACE STREAM TERM SVR 6.1 WIN SUB LIC A BAS;;;;79;;
1;3;2094;1;19,188;15,6;REW WORKSPACE STREAM TERM SVR 6.1 WIN U RNWL ESS A;20563046;;REW WORKSPACE STREAM TERM SVR 6.1 WIN U RNWL ESS A;REW WORKSPACE STREAM TERM SVR 6.1 WIN U RNWL ESS A;REW WORKSPACE STREAM TERM SVR 6.1 WIN U RNWL ESS A;REW WORKSPACE STREAM TERM SVR 6.1 WIN U RNWL ESS A;;;;79;;
1;3;2094;1;46,5555;37,85;EXP WORKSPACE STREAMING TERM6.1 WIN SUB LIC S BAS;20563054;;EXP WORKSPACE STREAMING TERM6.1 WIN SUB LIC S BAS;EXP WORKSPACE STREAMING TERM6.1 WIN SUB LIC S BAS;EXP WORKSPACE STREAMING TERM6.1 WIN SUB LIC S BAS;EXP WORKSPACE STREAMING TERM6.1 WIN SUB LIC S BAS;;;;79;;
1;3;2094;1;17,3184;14,08;REW WORKSPACE STREAM TERM SVR 6.1 WIN U RNWL ESS B;20563060;;REW WORKSPACE STREAM TERM SVR 6.1 WIN U RNWL ESS B;REW WORKSPACE STREAM TERM SVR 6.1 WIN U RNWL ESS B;REW WORKSPACE STREAM TERM SVR 6.1 WIN U RNWL ESS B;REW WORKSPACE STREAM TERM SVR 6.1 WIN U RNWL ESS B;;;;79;;
1;3;2094;1;20,8608;16,96;EXP WORKSPACE STREAMING TERM 6.1 WIN RNWL ESS S;20563061;;EXP WORKSPACE STREAMING TERM 6.1 WIN RNWL ESS S;EXP WORKSPACE STREAMING TERM 6.1 WIN RNWL ESS S;EXP WORKSPACE STREAMING TERM 6.1 WIN RNWL ESS S;EXP WORKSPACE STREAMING TERM 6.1 WIN RNWL ESS S;;;;79;;
1;3;2094;1;15,8547;12,89;REW WORKSPACE STREAM TERM SVR 6.1 WIN U BDL ESS C;20563062;;REW WORKSPACE STREAM TERM SVR 6.1 WIN U BDL ESS C;REW WORKSPACE STREAM TERM SVR 6.1 WIN U BDL ESS C;REW WORKSPACE STREAM TERM SVR 6.1 WIN U BDL ESS C;REW WORKSPACE STREAM TERM SVR 6.1 WIN U BDL ESS C;;;;79;;
1;3;2094;1;10,9347;8,89;REW WORKSPACE STREAM TERM SVR 6.1 WIN U BDL BAS E;20563063;;REW WORKSPACE STREAM TERM SVR 6.1 WIN U BDL BAS E;REW WORKSPACE STREAM TERM SVR 6.1 WIN U BDL BAS E;REW WORKSPACE STREAM TERM SVR 6.1 WIN U BDL BAS E;REW WORKSPACE STREAM TERM SVR 6.1 WIN U BDL BAS E;;;;79;;
1;3;2094;1;12,4107;10,09;REW WORKSPACE STREAM TERM SVR 6.1 WIN U BDL BAS C;20563067;;REW WORKSPACE STREAM TERM SVR 6.1 WIN U BDL BAS C;REW WORKSPACE STREAM TERM SVR 6.1 WIN U BDL BAS C;REW WORKSPACE STREAM TERM SVR 6.1 WIN U BDL BAS C;REW WORKSPACE STREAM TERM SVR 6.1 WIN U BDL BAS C;;;;79;;
1;3;2094;1;47,0229;38,23;REW WORKSPACE STREAM TERM SVR 6.1 WIN SUB LIC A ESS;20563068;;REW WORKSPACE STREAM TERM SVR 6.1 WIN SUB LIC A ESS;REW WORKSPACE STREAM TERM SVR 6.1 WIN SUB LIC A ESS;REW WORKSPACE STREAM TERM SVR 6.1 WIN SUB LIC A ESS;REW WORKSPACE STREAM TERM SVR 6.1 WIN SUB LIC A ESS;;;;79;;
1;3;2094;1;51,0942;41,54;EXP WORKSPACE STREAMING TERM6.1 WIN SUB LIC S ESS;20563074;;EXP WORKSPACE STREAMING TERM6.1 WIN SUB LIC S ESS;EXP WORKSPACE STREAMING TERM6.1 WIN SUB LIC S ESS;EXP WORKSPACE STREAMING TERM6.1 WIN SUB LIC S ESS;EXP WORKSPACE STREAMING TERM6.1 WIN SUB LIC S ESS;;;;79;;
1;3;2094;1;17,3184;14,08;REW WORKSPACE STREAM TERM SVR 6.1 WIN U BDL ESS B;20563080;;REW WORKSPACE STREAM TERM SVR 6.1 WIN U BDL ESS B;REW WORKSPACE STREAM TERM SVR 6.1 WIN U BDL ESS B;REW WORKSPACE STREAM TERM SVR 6.1 WIN U BDL ESS B;REW WORKSPACE STREAM TERM SVR 6.1 WIN U BDL ESS B;;;;79;;
1;3;2094;1;11,4267;9,29;REW WORKSPACE STREAM TERM SVR 6.1 WIN U BDL BAS D;20563082;;REW WORKSPACE STREAM TERM SVR 6.1 WIN U BDL BAS D;REW WORKSPACE STREAM TERM SVR 6.1 WIN U BDL BAS D;REW WORKSPACE STREAM TERM SVR 6.1 WIN U BDL BAS D;REW WORKSPACE STREAM TERM SVR 6.1 WIN U BDL BAS D;;;;79;;
1;3;2094;1;34,2432;27,84;REW WORKSPACE STREAM TERM SVR 6.1 WIN SUB LIC E ESS;20563083;;REW WORKSPACE STREAM TERM SVR 6.1 WIN SUB LIC E ESS;REW WORKSPACE STREAM TERM SVR 6.1 WIN SUB LIC E ESS;REW WORKSPACE STREAM TERM SVR 6.1 WIN SUB LIC E ESS;REW WORKSPACE STREAM TERM SVR 6.1 WIN SUB LIC E ESS;;;;79;;
1;3;2094;1;49,5198;40,26;REW WORKSPACE STREAM TERM SVR 6.1 WIN V/U LIC D BAS;20563086;;REW WORKSPACE STREAM TERM SVR 6.1 WIN V/U LIC D BAS;REW WORKSPACE STREAM TERM SVR 6.1 WIN V/U LIC D BAS;REW WORKSPACE STREAM TERM SVR 6.1 WIN V/U LIC D BAS;REW WORKSPACE STREAM TERM SVR 6.1 WIN V/U LIC D BAS;;;;79;;
1;3;2094;1;57,2196;46,52;REW WORKSPACE STREAM TERM SVR 6.1 WIN V/U LIC C ESS;20563087;;REW WORKSPACE STREAM TERM SVR 6.1 WIN V/U LIC C ESS;REW WORKSPACE STREAM TERM SVR 6.1 WIN V/U LIC C ESS;REW WORKSPACE STREAM TERM SVR 6.1 WIN V/U LIC C ESS;REW WORKSPACE STREAM TERM SVR 6.1 WIN V/U LIC C ESS;;;;79;;
1;3;2094;1;107,0346;87,02;EXP WORKSPACE STREAMING TERM6.1 WIN STD LIC S BAS;20563090;;EXP WORKSPACE STREAMING TERM6.1 WIN STD LIC S BAS;EXP WORKSPACE STREAMING TERM6.1 WIN STD LIC S BAS;EXP WORKSPACE STREAMING TERM6.1 WIN STD LIC S BAS;EXP WORKSPACE STREAMING TERM6.1 WIN STD LIC S BAS;;;;79;;
1;3;2094;1;62,484;50,8;REW WORKSPACE STREAM TERM SVR 6.1 WIN V/U LIC B ESS;20563092;;REW WORKSPACE STREAM TERM SVR 6.1 WIN V/U LIC B ESS;REW WORKSPACE STREAM TERM SVR 6.1 WIN V/U LIC B ESS;REW WORKSPACE STREAM TERM SVR 6.1 WIN V/U LIC B ESS;REW WORKSPACE STREAM TERM SVR 6.1 WIN V/U LIC B ESS;;;;79;;
1;3;2094;1;102,6558;83,46;REW WORKSPACE STREAM TERM SVR 6.1 WIN STD LIC A ESS;20563095;;REW WORKSPACE STREAM TERM SVR 6.1 WIN STD LIC A ESS;REW WORKSPACE STREAM TERM SVR 6.1 WIN STD LIC A ESS;REW WORKSPACE STREAM TERM SVR 6.1 WIN STD LIC A ESS;REW WORKSPACE STREAM TERM SVR 6.1 WIN STD LIC A ESS;;;;79;;
1;3;2094;1;69,2736;56,32;REW WORKSPACE STREAM TERM SVR 6.1 WIN V/U LIC A ESS;20563098;;REW WORKSPACE STREAM TERM SVR 6.1 WIN V/U LIC A ESS;REW WORKSPACE STREAM TERM SVR 6.1 WIN V/U LIC A ESS;REW WORKSPACE STREAM TERM SVR 6.1 WIN V/U LIC A ESS;REW WORKSPACE STREAM TERM SVR 6.1 WIN V/U LIC A ESS;;;;79;;
1;3;2094;1;52,7055;42,85;REW WORKSPACE STREAM TERM SVR 6.1 WIN V/U LIC D ESS;20563099;;REW WORKSPACE STREAM TERM SVR 6.1 WIN V/U LIC D ESS;REW WORKSPACE STREAM TERM SVR 6.1 WIN V/U LIC D ESS;REW WORKSPACE STREAM TERM SVR 6.1 WIN V/U LIC D ESS;REW WORKSPACE STREAM TERM SVR 6.1 WIN V/U LIC D ESS;;;;79;;
1;3;2094;1;58,7325;47,75;REW WORKSPACE STREAM TERM SVR 6.1 WIN V/U LIC B BAS;20563102;;REW WORKSPACE STREAM TERM SVR 6.1 WIN V/U LIC B BAS;REW WORKSPACE STREAM TERM SVR 6.1 WIN V/U LIC B BAS;REW WORKSPACE STREAM TERM SVR 6.1 WIN V/U LIC B BAS;REW WORKSPACE STREAM TERM SVR 6.1 WIN V/U LIC B BAS;;;;79;;
1;3;2094;1;84,7962;68,94;REW WORKSPACE STREAM TERM SVR 6.1 WIN STD LIC C ESS;20563108;;REW WORKSPACE STREAM TERM SVR 6.1 WIN STD LIC C ESS;REW WORKSPACE STREAM TERM SVR 6.1 WIN STD LIC C ESS;REW WORKSPACE STREAM TERM SVR 6.1 WIN STD LIC C ESS;REW WORKSPACE STREAM TERM SVR 6.1 WIN STD LIC C ESS;;;;79;;
1;3;2094;1;111,5733;90,71;EXP WORKSPACE STREAMING TERM6.1 WIN STD LIC S ESS;20563109;;EXP WORKSPACE STREAMING TERM6.1 WIN STD LIC S ESS;EXP WORKSPACE STREAMING TERM6.1 WIN STD LIC S ESS;EXP WORKSPACE STREAMING TERM6.1 WIN STD LIC S ESS;EXP WORKSPACE STREAMING TERM6.1 WIN STD LIC S ESS;;;;79;;
1;3;2094;1;65,0793;52,91;REW WORKSPACE STREAM TERM SVR 6.1 WIN V/U LIC A BAS;20563113;;REW WORKSPACE STREAM TERM SVR 6.1 WIN V/U LIC A BAS;REW WORKSPACE STREAM TERM SVR 6.1 WIN V/U LIC A BAS;REW WORKSPACE STREAM TERM SVR 6.1 WIN V/U LIC A BAS;REW WORKSPACE STREAM TERM SVR 6.1 WIN V/U LIC A BAS;;;;79;;
1;3;2094;1;50,4423;41,01;REW WORKSPACE STREAM TERM SVR 6.1 WIN V/U LIC E ESS;20563114;;REW WORKSPACE STREAM TERM SVR 6.1 WIN V/U LIC E ESS;REW WORKSPACE STREAM TERM SVR 6.1 WIN V/U LIC E ESS;REW WORKSPACE STREAM TERM SVR 6.1 WIN V/U LIC E ESS;REW WORKSPACE STREAM TERM SVR 6.1 WIN V/U LIC E ESS;;;;79;;
1;3;2094;1;78,0927;63,49;REW WORKSPACE STREAM TERM SVR 6.1 WIN STD LIC D ESS;20563117;;REW WORKSPACE STREAM TERM SVR 6.1 WIN STD LIC D ESS;REW WORKSPACE STREAM TERM SVR 6.1 WIN STD LIC D ESS;REW WORKSPACE STREAM TERM SVR 6.1 WIN STD LIC D ESS;REW WORKSPACE STREAM TERM SVR 6.1 WIN STD LIC D ESS;;;;79;;
1;3;2094;1;70,7619;57,53;EXP WORKSPACE STREAMING TERM6.1 WIN V/U LIC S BAS;20563118;;EXP WORKSPACE STREAMING TERM6.1 WIN V/U LIC S BAS;EXP WORKSPACE STREAMING TERM6.1 WIN V/U LIC S BAS;EXP WORKSPACE STREAMING TERM6.1 WIN V/U LIC S BAS;EXP WORKSPACE STREAMING TERM6.1 WIN V/U LIC S BAS;;;;79;;
1;3;2094;1;88,8306;72,22;REW WORKSPACE STREAM TERM SVR 6.1 WIN STD LIC B BAS;20563120;;REW WORKSPACE STREAM TERM SVR 6.1 WIN STD LIC B BAS;REW WORKSPACE STREAM TERM SVR 6.1 WIN STD LIC B BAS;REW WORKSPACE STREAM TERM SVR 6.1 WIN STD LIC B BAS;REW WORKSPACE STREAM TERM SVR 6.1 WIN STD LIC B BAS;;;;79;;
1;3;2094;1;92,6067;75,29;REW WORKSPACE STREAM TERM SVR 6.1 WIN STD LIC B ESS;20563122;;REW WORKSPACE STREAM TERM SVR 6.1 WIN STD LIC B ESS;REW WORKSPACE STREAM TERM SVR 6.1 WIN STD LIC B ESS;REW WORKSPACE STREAM TERM SVR 6.1 WIN STD LIC B ESS;REW WORKSPACE STREAM TERM SVR 6.1 WIN STD LIC B ESS;;;;79;;
1;3;2094;1;75,2883;61,21;EXP WORKSPACE STREAMING TERM6.1 WIN V/U LIC S ESS;20563125;;EXP WORKSPACE STREAMING TERM6.1 WIN V/U LIC S ESS;EXP WORKSPACE STREAMING TERM6.1 WIN V/U LIC S ESS;EXP WORKSPACE STREAMING TERM6.1 WIN V/U LIC S ESS;EXP WORKSPACE STREAMING TERM6.1 WIN V/U LIC S ESS;;;;79;;
1;3;2094;1;98,4861;80,07;REW WORKSPACE STREAM TERM SVR 6.1 WIN STD LIC A BAS;20563127;;REW WORKSPACE STREAM TERM SVR 6.1 WIN STD LIC A BAS;REW WORKSPACE STREAM TERM SVR 6.1 WIN STD LIC A BAS;REW WORKSPACE STREAM TERM SVR 6.1 WIN STD LIC A BAS;REW WORKSPACE STREAM TERM SVR 6.1 WIN STD LIC A BAS;;;;79;;
1;3;2094;1;81,3522;66,14;REW WORKSPACE STREAM TERM SVR 6.1 WIN STD LIC C BAS;20563128;;REW WORKSPACE STREAM TERM SVR 6.1 WIN STD LIC C BAS;REW WORKSPACE STREAM TERM SVR 6.1 WIN STD LIC C BAS;REW WORKSPACE STREAM TERM SVR 6.1 WIN STD LIC C BAS;REW WORKSPACE STREAM TERM SVR 6.1 WIN STD LIC C BAS;;;;79;;
1;3;2094;1;74,9193;60,91;REW WORKSPACE STREAM TERM SVR 6.1 WIN STD LIC D BAS;20563129;;REW WORKSPACE STREAM TERM SVR 6.1 WIN STD LIC D BAS;REW WORKSPACE STREAM TERM SVR 6.1 WIN STD LIC D BAS;REW WORKSPACE STREAM TERM SVR 6.1 WIN STD LIC D BAS;REW WORKSPACE STREAM TERM SVR 6.1 WIN STD LIC D BAS;;;;79;;
1;3;2094;1;71,7213;58,31;REW WORKSPACE STREAM TERM SVR 6.1 WIN STD LIC E BAS;20563130;;REW WORKSPACE STREAM TERM SVR 6.1 WIN STD LIC E BAS;REW WORKSPACE STREAM TERM SVR 6.1 WIN STD LIC E BAS;REW WORKSPACE STREAM TERM SVR 6.1 WIN STD LIC E BAS;REW WORKSPACE STREAM TERM SVR 6.1 WIN STD LIC E BAS;;;;79;;
1;3;2094;1;74,7594;60,78;REW WORKSPACE STREAM TERM SVR 6.1 WIN STD LIC E ESS;20563131;;REW WORKSPACE STREAM TERM SVR 6.1 WIN STD LIC E ESS;REW WORKSPACE STREAM TERM SVR 6.1 WIN STD LIC E ESS;REW WORKSPACE STREAM TERM SVR 6.1 WIN STD LIC E ESS;REW WORKSPACE STREAM TERM SVR 6.1 WIN STD LIC E ESS;;;;79;;
1;3;2094;1;13,5546;11,02;REW WORKSPACE STREAM TERM SVR 6.1 WIN U BDL BAS B;20563134;;REW WORKSPACE STREAM TERM SVR 6.1 WIN U BDL BAS B;REW WORKSPACE STREAM TERM SVR 6.1 WIN U BDL BAS B;REW WORKSPACE STREAM TERM SVR 6.1 WIN U BDL BAS B;REW WORKSPACE STREAM TERM SVR 6.1 WIN U BDL BAS B;;;;79;;
1;3;2094;1;16,3221;13,27;EXP WORKSPACE STREAMING TERM 6.1 WIN BAS S;20563136;;EXP WORKSPACE STREAMING TERM 6.1 WIN BAS S;EXP WORKSPACE STREAMING TERM 6.1 WIN BAS S;EXP WORKSPACE STREAMING TERM 6.1 WIN BAS S;EXP WORKSPACE STREAMING TERM 6.1 WIN BAS S;;;;79;;
1;3;2094;1;53,7633;43,71;REW WORKSPACE STREAM TERM SVR 6.1 WIN V/U LIC C BAS;20563139;;REW WORKSPACE STREAM TERM SVR 6.1 WIN V/U LIC C BAS;REW WORKSPACE STREAM TERM SVR 6.1 WIN V/U LIC C BAS;REW WORKSPACE STREAM TERM SVR 6.1 WIN V/U LIC C BAS;REW WORKSPACE STREAM TERM SVR 6.1 WIN V/U LIC C BAS;;;;79;;
1;3;2094;1;47,4042;38,54;REW WORKSPACE STREAM TERM SVR 6.1 WIN V/U LIC E BAS;20563140;;REW WORKSPACE STREAM TERM SVR 6.1 WIN V/U LIC E BAS;REW WORKSPACE STREAM TERM SVR 6.1 WIN V/U LIC E BAS;REW WORKSPACE STREAM TERM SVR 6.1 WIN V/U LIC E BAS;REW WORKSPACE STREAM TERM SVR 6.1 WIN V/U LIC E BAS;;;;79;;
1;3;2094;1;38,6466;31,42;REW WORKSPACE STREAM TERM SVR 6.1 WIN SUB LIC B BAS;20563145;;REW WORKSPACE STREAM TERM SVR 6.1 WIN SUB LIC B BAS;REW WORKSPACE STREAM TERM SVR 6.1 WIN SUB LIC B BAS;REW WORKSPACE STREAM TERM SVR 6.1 WIN SUB LIC B BAS;REW WORKSPACE STREAM TERM SVR 6.1 WIN SUB LIC B BAS;;;;79;;
1;3;2094;1;15,006;12,2;REW WORKSPACE STREAM TERM SVR 6.1 WIN U RNWL BAS A;20563149;;REW WORKSPACE STREAM TERM SVR 6.1 WIN U RNWL BAS A;REW WORKSPACE STREAM TERM SVR 6.1 WIN U RNWL BAS A;REW WORKSPACE STREAM TERM SVR 6.1 WIN U RNWL BAS A;REW WORKSPACE STREAM TERM SVR 6.1 WIN U RNWL BAS A;;;;79;;
1;3;2094;1;11,4267;9,29;REW WORKSPACE STREAM TERM SVR 6.1 WIN U RNWL BAS D;20563150;;REW WORKSPACE STREAM TERM SVR 6.1 WIN U RNWL BAS D;REW WORKSPACE STREAM TERM SVR 6.1 WIN U RNWL BAS D;REW WORKSPACE STREAM TERM SVR 6.1 WIN U RNWL BAS D;REW WORKSPACE STREAM TERM SVR 6.1 WIN U RNWL BAS D;;;;79;;
1;3;2094;1;42,4104;34,48;REW WORKSPACE STREAM TERM SVR 6.1 WIN SUB LIC B ESS;20563155;;REW WORKSPACE STREAM TERM SVR 6.1 WIN SUB LIC B ESS;REW WORKSPACE STREAM TERM SVR 6.1 WIN SUB LIC B ESS;REW WORKSPACE STREAM TERM SVR 6.1 WIN SUB LIC B ESS;REW WORKSPACE STREAM TERM SVR 6.1 WIN SUB LIC B ESS;;;;79;;
1;3;2094;1;35,3871;28,77;REW WORKSPACE STREAM TERM SVR 6.1 WIN SUB LIC C BAS;20563164;;REW WORKSPACE STREAM TERM SVR 6.1 WIN SUB LIC C BAS;REW WORKSPACE STREAM TERM SVR 6.1 WIN SUB LIC C BAS;REW WORKSPACE STREAM TERM SVR 6.1 WIN SUB LIC C BAS;REW WORKSPACE STREAM TERM SVR 6.1 WIN SUB LIC C BAS;;;;79;;
1;3;2094;1;32,595;26,5;REW WORKSPACE STREAM TERM SVR 6.1 WIN SUB LIC D BAS;20563166;;REW WORKSPACE STREAM TERM SVR 6.1 WIN SUB LIC D BAS;REW WORKSPACE STREAM TERM SVR 6.1 WIN SUB LIC D BAS;REW WORKSPACE STREAM TERM SVR 6.1 WIN SUB LIC D BAS;REW WORKSPACE STREAM TERM SVR 6.1 WIN SUB LIC D BAS;;;;79;;
1;3;2094;1;10,9347;8,89;REW WORKSPACE STREAM TERM SVR 6.1 WIN U RNWL BAS E;20563171;;REW WORKSPACE STREAM TERM SVR 6.1 WIN U RNWL BAS E;REW WORKSPACE STREAM TERM SVR 6.1 WIN U RNWL BAS E;REW WORKSPACE STREAM TERM SVR 6.1 WIN U RNWL BAS E;REW WORKSPACE STREAM TERM SVR 6.1 WIN U RNWL BAS E;;;;79;;
1;3;2094;1;15,8547;12,89;REW WORKSPACE STREAM TERM SVR 6.1 WIN U RNWL ESS C;20563173;;REW WORKSPACE STREAM TERM SVR 6.1 WIN U RNWL ESS C;REW WORKSPACE STREAM TERM SVR 6.1 WIN U RNWL ESS C;REW WORKSPACE STREAM TERM SVR 6.1 WIN U RNWL ESS C;REW WORKSPACE STREAM TERM SVR 6.1 WIN U RNWL ESS C;;;;79;;
1;3;2094;1;14,6001;11,87;REW WORKSPACE STREAM TERM SVR 6.1 WIN U RNWL ESS D;20563174;;REW WORKSPACE STREAM TERM SVR 6.1 WIN U RNWL ESS D;REW WORKSPACE STREAM TERM SVR 6.1 WIN U RNWL ESS D;REW WORKSPACE STREAM TERM SVR 6.1 WIN U RNWL ESS D;REW WORKSPACE STREAM TERM SVR 6.1 WIN U RNWL ESS D;;;;79;;
1;3;2094;1;14,6001;11,87;REW WORKSPACE STREAM TERM SVR 6.1 WIN U BDL ESS D;20563176;;REW WORKSPACE STREAM TERM SVR 6.1 WIN U BDL ESS D;REW WORKSPACE STREAM TERM SVR 6.1 WIN U BDL ESS D;REW WORKSPACE STREAM TERM SVR 6.1 WIN U BDL ESS D;REW WORKSPACE STREAM TERM SVR 6.1 WIN U BDL ESS D;;;;79;;
1;3;2094;1;20,8608;16,96;EXP WORKSPACE STREAMING TERM 6.1 WIN ESS S;20563178;;EXP WORKSPACE STREAMING TERM 6.1 WIN ESS S;EXP WORKSPACE STREAMING TERM 6.1 WIN ESS S;EXP WORKSPACE STREAMING TERM 6.1 WIN ESS S;EXP WORKSPACE STREAMING TERM 6.1 WIN ESS S;;;;79;;
1;3;2094;1;38,8311;31,57;REW WORKSPACE STREAM TERM SVR 6.1 WIN SUB LIC C ESS;20563179;;REW WORKSPACE STREAM TERM SVR 6.1 WIN SUB LIC C ESS;REW WORKSPACE STREAM TERM SVR 6.1 WIN SUB LIC C ESS;REW WORKSPACE STREAM TERM SVR 6.1 WIN SUB LIC C ESS;REW WORKSPACE STREAM TERM SVR 6.1 WIN SUB LIC C ESS;;;;79;;
1;3;2094;1;35,7684;29,08;REW WORKSPACE STREAM TERM SVR 6.1 WIN SUB LIC D ESS;20563181;;REW WORKSPACE STREAM TERM SVR 6.1 WIN SUB LIC D ESS;REW WORKSPACE STREAM TERM SVR 6.1 WIN SUB LIC D ESS;REW WORKSPACE STREAM TERM SVR 6.1 WIN SUB LIC D ESS;REW WORKSPACE STREAM TERM SVR 6.1 WIN SUB LIC D ESS;;;;79;;
1;3;2094;1;12,4107;10,09;REW WORKSPACE STREAM TERM SVR 6.1 WIN U RNWL BAS C;20563201;;REW WORKSPACE STREAM TERM SVR 6.1 WIN U RNWL BAS C;REW WORKSPACE STREAM TERM SVR 6.1 WIN U RNWL BAS C;REW WORKSPACE STREAM TERM SVR 6.1 WIN U RNWL BAS C;REW WORKSPACE STREAM TERM SVR 6.1 WIN U RNWL BAS C;;;;79;;
1;3;2094;1;19,188;15,6;REW WORKSPACE STREAM TERM SVR 6.1 WIN U BDL ESS A;20563203;;REW WORKSPACE STREAM TERM SVR 6.1 WIN U BDL ESS A;REW WORKSPACE STREAM TERM SVR 6.1 WIN U BDL ESS A;REW WORKSPACE STREAM TERM SVR 6.1 WIN U BDL ESS A;REW WORKSPACE STREAM TERM SVR 6.1 WIN U BDL ESS A;;;;79;;
1;3;2094;1;51,3525;41,75;AE WORKSPACE STREAM TERM 6.2 CONCUR 2ND SUB A ESS;20563213;;AE WORKSPACE STREAM TERM 6.2 CONCUR 2ND SUB A ESS;AE WORKSPACE STREAM TERM 6.2 CONCUR 2ND SUB A ESS;AE WORKSPACE STREAM TERM 6.2 CONCUR 2ND SUB A ESS;AE WORKSPACE STREAM TERM 6.2 CONCUR 2ND SUB A ESS;;;;79;;
1;3;2094;1;43,6404;35,48;AE WORKSPACE STREAM TERM 6.2 CONCUR 2ND SUB D ESS;20563214;;AE WORKSPACE STREAM TERM 6.2 CONCUR 2ND SUB D ESS;AE WORKSPACE STREAM TERM 6.2 CONCUR 2ND SUB D ESS;AE WORKSPACE STREAM TERM 6.2 CONCUR 2ND SUB D ESS;AE WORKSPACE STREAM TERM 6.2 CONCUR 2ND SUB D ESS;;;;79;;
1;3;2094;1;46,2234;37,58;AE WORKSPACE STREAM TERM 6.2 CONCUR 2ND SUB C ESS;20563215;;AE WORKSPACE STREAM TERM 6.2 CONCUR 2ND SUB C ESS;AE WORKSPACE STREAM TERM 6.2 CONCUR 2ND SUB C ESS;AE WORKSPACE STREAM TERM 6.2 CONCUR 2ND SUB C ESS;AE WORKSPACE STREAM TERM 6.2 CONCUR 2ND SUB C ESS;;;;79;;
1;3;2094;1;48,7818;39,66;AE WORKSPACE STREAM TERM 6.2 CONCUR 2ND SUB B ESS;20563216;;AE WORKSPACE STREAM TERM 6.2 CONCUR 2ND SUB B ESS;AE WORKSPACE STREAM TERM 6.2 CONCUR 2ND SUB B ESS;AE WORKSPACE STREAM TERM 6.2 CONCUR 2ND SUB B ESS;AE WORKSPACE STREAM TERM 6.2 CONCUR 2ND SUB B ESS;;;;79;;
1;3;2094;1;41,082;33,4;AE WORKSPACE STREAM TERM 6.2 CONCUR 2ND SUB E ESS;20563217;;AE WORKSPACE STREAM TERM 6.2 CONCUR 2ND SUB E ESS;AE WORKSPACE STREAM TERM 6.2 CONCUR 2ND SUB E ESS;AE WORKSPACE STREAM TERM 6.2 CONCUR 2ND SUB E ESS;AE WORKSPACE STREAM TERM 6.2 CONCUR 2ND SUB E ESS;;;;79;;
1;3;2094;1;2,1156;1,72;EXP 12MO RNWL SECEXPIONS FOR SVRS 4.1 XPLAT PER NODE BASIC BS;20564042;;EXP 12MO RNWL SECEXPIONS FOR SVRS 4.1 XPLAT PER NODE BASIC BS;EXP 12MO RNWL SECEXPIONS FOR SVRS 4.1 XPLAT PER NODE BASIC BS;EXP 12MO RNWL SECEXPIONS FOR SVRS 4.1 XPLAT PER NODE BASIC BS;EXP 12MO RNWL SECEXPIONS FOR SVRS 4.1 XPLAT PER NODE BASIC BS;;;;79;;
1;3;2094;1;142,3233;115,71;REW WORKSPACE CORP WEB CLT 6.2 WIN V/U LIC C BAS;20568023;;REW WORKSPACE CORP WEB CLT 6.2 WIN V/U LIC C BAS;REW WORKSPACE CORP WEB CLT 6.2 WIN V/U LIC C BAS;REW WORKSPACE CORP WEB CLT 6.2 WIN V/U LIC C BAS;REW WORKSPACE CORP WEB CLT 6.2 WIN V/U LIC C BAS;;;;79;;
1;3;2094;1;151,4622;123,14;REW WORKSPACE CORP WEB CLT 6.2 WIN V/U LIC C ESS;20568025;;REW WORKSPACE CORP WEB CLT 6.2 WIN V/U LIC C ESS;REW WORKSPACE CORP WEB CLT 6.2 WIN V/U LIC C ESS;REW WORKSPACE CORP WEB CLT 6.2 WIN V/U LIC C ESS;REW WORKSPACE CORP WEB CLT 6.2 WIN V/U LIC C ESS;;;;79;;
1;3;2094;1;155,4351;126,37;REW WORKSPACE CORP WEB CLT 6.2 WIN V/U LIC B BAS;20568052;;REW WORKSPACE CORP WEB CLT 6.2 WIN V/U LIC B BAS;REW WORKSPACE CORP WEB CLT 6.2 WIN V/U LIC B BAS;REW WORKSPACE CORP WEB CLT 6.2 WIN V/U LIC B BAS;REW WORKSPACE CORP WEB CLT 6.2 WIN V/U LIC B BAS;;;;79;;
1;3;2094;1;172,2984;140,08;REW WORKSPACE CORP WEB CLT 6.2 WIN V/U LIC A BAS;20568061;;REW WORKSPACE CORP WEB CLT 6.2 WIN V/U LIC A BAS;REW WORKSPACE CORP WEB CLT 6.2 WIN V/U LIC A BAS;REW WORKSPACE CORP WEB CLT 6.2 WIN V/U LIC A BAS;REW WORKSPACE CORP WEB CLT 6.2 WIN V/U LIC A BAS;;;;79;;
1;3;2094;1;183,3315;149,05;REW WORKSPACE CORP WEB CLT 6.2 WIN V/U LIC A ESS;20568062;;REW WORKSPACE CORP WEB CLT 6.2 WIN V/U LIC A ESS;REW WORKSPACE CORP WEB CLT 6.2 WIN V/U LIC A ESS;REW WORKSPACE CORP WEB CLT 6.2 WIN V/U LIC A ESS;REW WORKSPACE CORP WEB CLT 6.2 WIN V/U LIC A ESS;;;;79;;
1;3;2094;1;139,5066;113,42;REW WORKSPACE CORP WEB CLT 6.2 WIN V/U LIC D ESS;20568063;;REW WORKSPACE CORP WEB CLT 6.2 WIN V/U LIC D ESS;REW WORKSPACE CORP WEB CLT 6.2 WIN V/U LIC D ESS;REW WORKSPACE CORP WEB CLT 6.2 WIN V/U LIC D ESS;REW WORKSPACE CORP WEB CLT 6.2 WIN V/U LIC D ESS;;;;79;;
1;3;2094;1;125,4723;102,01;REW WORKSPACE CORP WEB CLT 6.2 WIN V/U LIC E BAS;20568073;;REW WORKSPACE CORP WEB CLT 6.2 WIN V/U LIC E BAS;REW WORKSPACE CORP WEB CLT 6.2 WIN V/U LIC E BAS;REW WORKSPACE CORP WEB CLT 6.2 WIN V/U LIC E BAS;REW WORKSPACE CORP WEB CLT 6.2 WIN V/U LIC E BAS;;;;79;;
1;3;2094;1;187,2798;152,26;EXP WORKSPACE CORP WEB CLT 6.2 WIN V/U LIC S BAS;20568075;;EXP WORKSPACE CORP WEB CLT 6.2 WIN V/U LIC S BAS;EXP WORKSPACE CORP WEB CLT 6.2 WIN V/U LIC S BAS;EXP WORKSPACE CORP WEB CLT 6.2 WIN V/U LIC S BAS;EXP WORKSPACE CORP WEB CLT 6.2 WIN V/U LIC S BAS;;;;79;;
1;3;2094;1;165,3981;134,47;REW WORKSPACE CORP WEB CLT 6.2 WIN V/U LIC B ESS;20568077;;REW WORKSPACE CORP WEB CLT 6.2 WIN V/U LIC B ESS;REW WORKSPACE CORP WEB CLT 6.2 WIN V/U LIC B ESS;REW WORKSPACE CORP WEB CLT 6.2 WIN V/U LIC B ESS;REW WORKSPACE CORP WEB CLT 6.2 WIN V/U LIC B ESS;;;;79;;
1;3;2094;1;133,5288;108,56;REW WORKSPACE CORP WEB CLT 6.2 WIN V/U LIC E ESS;20568078;;REW WORKSPACE CORP WEB CLT 6.2 WIN V/U LIC E ESS;REW WORKSPACE CORP WEB CLT 6.2 WIN V/U LIC E ESS;REW WORKSPACE CORP WEB CLT 6.2 WIN V/U LIC E ESS;REW WORKSPACE CORP WEB CLT 6.2 WIN V/U LIC E ESS;;;;79;;
1;3;2094;1;199,2846;162,02;EXP WORKSPACE CORP WEB CLT 6.2 WIN V/U LIC S ESS;20568079;;EXP WORKSPACE CORP WEB CLT 6.2 WIN V/U LIC S ESS;EXP WORKSPACE CORP WEB CLT 6.2 WIN V/U LIC S ESS;EXP WORKSPACE CORP WEB CLT 6.2 WIN V/U LIC S ESS;EXP WORKSPACE CORP WEB CLT 6.2 WIN V/U LIC S ESS;;;;79;;
1;3;2094;1;131,0811;106,57;REW WORKSPACE CORP WEB CLT 6.2 WIN V/U LIC D BAS;20568082;;REW WORKSPACE CORP WEB CLT 6.2 WIN V/U LIC D BAS;REW WORKSPACE CORP WEB CLT 6.2 WIN V/U LIC D BAS;REW WORKSPACE CORP WEB CLT 6.2 WIN V/U LIC D BAS;REW WORKSPACE CORP WEB CLT 6.2 WIN V/U LIC D BAS;;;;79;;
1;3;2094;1;92,5944;75,28;EXP DEPLOYMENT SOL SVR 7.1 XPLAT N V/U LIC S BAS;20572047;;EXP DEPLOYMENT SOL SVR 7.1 XPLAT N V/U LIC S BAS;EXP DEPLOYMENT SOL SVR 7.1 XPLAT N V/U LIC S BAS;EXP DEPLOYMENT SOL SVR 7.1 XPLAT N V/U LIC S BAS;EXP DEPLOYMENT SOL SVR 7.1 XPLAT N V/U LIC S BAS;;;;79;;
1;3;2094;1;90,6387;73,69;REW DEPLOYMENT SOL SVR7.1 XPLAT N BDL V/U LIC A ESS;20572048;;REW DEPLOYMENT SOL SVR7.1 XPLAT N BDL V/U LIC A ESS;REW DEPLOYMENT SOL SVR7.1 XPLAT N BDL V/U LIC A ESS;REW DEPLOYMENT SOL SVR7.1 XPLAT N BDL V/U LIC A ESS;REW DEPLOYMENT SOL SVR7.1 XPLAT N BDL V/U LIC A ESS;;;;79;;
1;3;2094;1;98,5476;80,12;EXP DEPLOYMENT SOL SVR 7.1 XPLAT N V/U LIC S ESS;20572057;;EXP DEPLOYMENT SOL SVR 7.1 XPLAT N V/U LIC S ESS;EXP DEPLOYMENT SOL SVR 7.1 XPLAT N V/U LIC S ESS;EXP DEPLOYMENT SOL SVR 7.1 XPLAT N V/U LIC S ESS;EXP DEPLOYMENT SOL SVR 7.1 XPLAT N V/U LIC S ESS;;;;79;;
1;3;2094;1;64,821;52,7;REW DEPLOYMENT SOL SVR7.1 XPLAT N BDL V/U LIC D BAS;20572058;;REW DEPLOYMENT SOL SVR7.1 XPLAT N BDL V/U LIC D BAS;REW DEPLOYMENT SOL SVR7.1 XPLAT N BDL V/U LIC D BAS;REW DEPLOYMENT SOL SVR7.1 XPLAT N BDL V/U LIC D BAS;REW DEPLOYMENT SOL SVR7.1 XPLAT N BDL V/U LIC D BAS;;;;79;;
1;3;2094;1;81,795;66,5;REW DEPLOYMENT SOL SVR7.1 XPLAT N BDL V/U LIC B ESS;20572060;;REW DEPLOYMENT SOL SVR7.1 XPLAT N BDL V/U LIC B ESS;REW DEPLOYMENT SOL SVR7.1 XPLAT N BDL V/U LIC B ESS;REW DEPLOYMENT SOL SVR7.1 XPLAT N BDL V/U LIC B ESS;REW DEPLOYMENT SOL SVR7.1 XPLAT N BDL V/U LIC B ESS;;;;79;;
1;3;2094;1;74,8947;60,89;REW DEPLOYMENT SOL SVR7.1 XPLAT N BDL V/U LIC C ESS;20572062;;REW DEPLOYMENT SOL SVR7.1 XPLAT N BDL V/U LIC C ESS;REW DEPLOYMENT SOL SVR7.1 XPLAT N BDL V/U LIC C ESS;REW DEPLOYMENT SOL SVR7.1 XPLAT N BDL V/U LIC C ESS;REW DEPLOYMENT SOL SVR7.1 XPLAT N BDL V/U LIC C ESS;;;;79;;
1;3;2094;1;66,0264;53,68;REW DEPLOYMENT SOL SVR7.1 XPLAT N BDL V/U LIC E ESS;20572063;;REW DEPLOYMENT SOL SVR7.1 XPLAT N BDL V/U LIC E ESS;REW DEPLOYMENT SOL SVR7.1 XPLAT N BDL V/U LIC E ESS;REW DEPLOYMENT SOL SVR7.1 XPLAT N BDL V/U LIC E ESS;REW DEPLOYMENT SOL SVR7.1 XPLAT N BDL V/U LIC E ESS;;;;79;;
1;3;2094;1;85,1898;69,26;REW DEPLOYMENT SOL SVR7.1 XPLAT N BDL V/U LIC A BAS;20572064;;REW DEPLOYMENT SOL SVR7.1 XPLAT N BDL V/U LIC A BAS;REW DEPLOYMENT SOL SVR7.1 XPLAT N BDL V/U LIC A BAS;REW DEPLOYMENT SOL SVR7.1 XPLAT N BDL V/U LIC A BAS;REW DEPLOYMENT SOL SVR7.1 XPLAT N BDL V/U LIC A BAS;;;;79;;
1;3;2094;1;70,3683;57,21;REW DEPLOYMENT SOL SVR7.1 XPLAT N BDL V/U LIC C BAS;20572066;;REW DEPLOYMENT SOL SVR7.1 XPLAT N BDL V/U LIC C BAS;REW DEPLOYMENT SOL SVR7.1 XPLAT N BDL V/U LIC C BAS;REW DEPLOYMENT SOL SVR7.1 XPLAT N BDL V/U LIC C BAS;REW DEPLOYMENT SOL SVR7.1 XPLAT N BDL V/U LIC C BAS;;;;79;;
1;3;2094;1;68,9784;56,08;REW DEPLOYMENT SOL SVR7.1 XPLAT N BDL V/U LIC D ESS;20572068;;REW DEPLOYMENT SOL SVR7.1 XPLAT N BDL V/U LIC D ESS;REW DEPLOYMENT SOL SVR7.1 XPLAT N BDL V/U LIC D ESS;REW DEPLOYMENT SOL SVR7.1 XPLAT N BDL V/U LIC D ESS;REW DEPLOYMENT SOL SVR7.1 XPLAT N BDL V/U LIC D ESS;;;;79;;
1;3;2094;1;76,8504;62,48;REW DEPLOYMENT SOL SVR7.1 XPLAT N BDL V/U LIC B BAS;20572070;;REW DEPLOYMENT SOL SVR7.1 XPLAT N BDL V/U LIC B BAS;REW DEPLOYMENT SOL SVR7.1 XPLAT N BDL V/U LIC B BAS;REW DEPLOYMENT SOL SVR7.1 XPLAT N BDL V/U LIC B BAS;REW DEPLOYMENT SOL SVR7.1 XPLAT N BDL V/U LIC B BAS;;;;79;;
1;3;2094;1;62,0412;50,44;REW DEPLOYMENT SOL SVR7.1 XPLAT N BDL V/U LIC E BAS;20572071;;REW DEPLOYMENT SOL SVR7.1 XPLAT N BDL V/U LIC E BAS;REW DEPLOYMENT SOL SVR7.1 XPLAT N BDL V/U LIC E BAS;REW DEPLOYMENT SOL SVR7.1 XPLAT N BDL V/U LIC E BAS;REW DEPLOYMENT SOL SVR7.1 XPLAT N BDL V/U LIC E BAS;;;;79;;
1;3;2094;1;40,8237;33,19;AE DEPLOYMENT SOL SVR 7.1 XPLAT PER N SUB LIC S BAS;20679025;;AE DEPLOYMENT SOL SVR 7.1 XPLAT PER N SUB LIC S BAS;AE DEPLOYMENT SOL SVR 7.1 XPLAT PER N SUB LIC S BAS;AE DEPLOYMENT SOL SVR 7.1 XPLAT PER N SUB LIC S BAS;AE DEPLOYMENT SOL SVR 7.1 XPLAT PER N SUB LIC S BAS;;;;79;;
1;3;2094;1;81,6597;66,39;AE DEPLOYMENT SOL SVR 7.1 XPLAT N SUB LIC S BAS 24M;20679032;;AE DEPLOYMENT SOL SVR 7.1 XPLAT N SUB LIC S BAS 24M;AE DEPLOYMENT SOL SVR 7.1 XPLAT N SUB LIC S BAS 24M;AE DEPLOYMENT SOL SVR 7.1 XPLAT N SUB LIC S BAS 24M;AE DEPLOYMENT SOL SVR 7.1 XPLAT N SUB LIC S BAS 24M;;;;79;;
1;3;2094;1;122,4834;99,58;AE DEPLOYMENT SOL SVR 7.1 XPLAT N SUB LIC S BAS 36M;20679033;;AE DEPLOYMENT SOL SVR 7.1 XPLAT N SUB LIC S BAS 36M;AE DEPLOYMENT SOL SVR 7.1 XPLAT N SUB LIC S BAS 36M;AE DEPLOYMENT SOL SVR 7.1 XPLAT N SUB LIC S BAS 36M;AE DEPLOYMENT SOL SVR 7.1 XPLAT N SUB LIC S BAS 36M;;;;79;;
1;3;2094;1;196,6278;159,86;GOV DEPLOYMENT SOL SVR7.1 XPLAT N SUB LIC S ESS 36M;20679034;;GOV DEPLOYMENT SOL SVR7.1 XPLAT N SUB LIC S ESS 36M;GOV DEPLOYMENT SOL SVR7.1 XPLAT N SUB LIC S ESS 36M;GOV DEPLOYMENT SOL SVR7.1 XPLAT N SUB LIC S ESS 36M;GOV DEPLOYMENT SOL SVR7.1 XPLAT N SUB LIC S ESS 36M;;;;79;;
1;3;2094;1;44,8089;36,43;AE DEPLOYMENT SOL SVR 7.1 XPLAT PER N SUB LIC S ESS;20679040;;AE DEPLOYMENT SOL SVR 7.1 XPLAT PER N SUB LIC S ESS;AE DEPLOYMENT SOL SVR 7.1 XPLAT PER N SUB LIC S ESS;AE DEPLOYMENT SOL SVR 7.1 XPLAT PER N SUB LIC S ESS;AE DEPLOYMENT SOL SVR 7.1 XPLAT PER N SUB LIC S ESS;;;;79;;
1;3;2094;1;89,6178;72,86;AE DEPLOYMENT SOL SVR 7.1 XPLAT N SUB LIC S ESS 24M;20679055;;AE DEPLOYMENT SOL SVR 7.1 XPLAT N SUB LIC S ESS 24M;AE DEPLOYMENT SOL SVR 7.1 XPLAT N SUB LIC S ESS 24M;AE DEPLOYMENT SOL SVR 7.1 XPLAT N SUB LIC S ESS 24M;AE DEPLOYMENT SOL SVR 7.1 XPLAT N SUB LIC S ESS 24M;;;;79;;
1;3;2094;1;134,4267;109,29;AE DEPLOYMENT SOL SVR 7.1 XPLAT N SUB LIC S ESS 36M;20679068;;AE DEPLOYMENT SOL SVR 7.1 XPLAT N SUB LIC S ESS 36M;AE DEPLOYMENT SOL SVR 7.1 XPLAT N SUB LIC S ESS 36M;AE DEPLOYMENT SOL SVR 7.1 XPLAT N SUB LIC S ESS 36M;AE DEPLOYMENT SOL SVR 7.1 XPLAT N SUB LIC S ESS 36M;;;;79;;
1;3;2094;1;59,7042;48,54;GOV DEPLOYMENT SOL SVR7.1 XPLAT P N SUB LIC S BAS;20679069;;GOV DEPLOYMENT SOL SVR7.1 XPLAT P N SUB LIC S BAS;GOV DEPLOYMENT SOL SVR7.1 XPLAT P N SUB LIC S BAS;GOV DEPLOYMENT SOL SVR7.1 XPLAT P N SUB LIC S BAS;GOV DEPLOYMENT SOL SVR7.1 XPLAT P N SUB LIC S BAS;;;;79;;
1;3;2094;1;119,4453;97,11;GOV DEPLOYMENT SOL SVR7.1 XPLAT N SUB LIC S BAS 24M;20679083;;GOV DEPLOYMENT SOL SVR7.1 XPLAT N SUB LIC S BAS 24M;GOV DEPLOYMENT SOL SVR7.1 XPLAT N SUB LIC S BAS 24M;GOV DEPLOYMENT SOL SVR7.1 XPLAT N SUB LIC S BAS 24M;GOV DEPLOYMENT SOL SVR7.1 XPLAT N SUB LIC S BAS 24M;;;;79;;
1;3;2094;1;179,1495;145,65;GOV DEPLOYMENT SOL SVR7.1 XPLAT N SUB LIC S BAS 36M;20679097;;GOV DEPLOYMENT SOL SVR7.1 XPLAT N SUB LIC S BAS 36M;GOV DEPLOYMENT SOL SVR7.1 XPLAT N SUB LIC S BAS 36M;GOV DEPLOYMENT SOL SVR7.1 XPLAT N SUB LIC S BAS 36M;GOV DEPLOYMENT SOL SVR7.1 XPLAT N SUB LIC S BAS 36M;;;;79;;
1;3;2094;1;65,5344;53,28;GOV DEPLOYMENT SOL SVR7.1 XPLAT PER N SUB LIC S ESS;20679098;;GOV DEPLOYMENT SOL SVR7.1 XPLAT PER N SUB LIC S ESS;GOV DEPLOYMENT SOL SVR7.1 XPLAT PER N SUB LIC S ESS;GOV DEPLOYMENT SOL SVR7.1 XPLAT PER N SUB LIC S ESS;GOV DEPLOYMENT SOL SVR7.1 XPLAT PER N SUB LIC S ESS;;;;79;;
1;3;2094;1;131,0811;106,57;GOV DEPLOYMENT SOL SVR7.1 XPLAT N SUB LIC S ESS 24M;20679109;;GOV DEPLOYMENT SOL SVR7.1 XPLAT N SUB LIC S ESS 24M;GOV DEPLOYMENT SOL SVR7.1 XPLAT N SUB LIC S ESS 24M;GOV DEPLOYMENT SOL SVR7.1 XPLAT N SUB LIC S ESS 24M;GOV DEPLOYMENT SOL SVR7.1 XPLAT N SUB LIC S ESS 24M;;;;79;;
1;3;2094;1;61,9428;50,36;AE WORKSPACE REM 6.2 WIN PER N SUB LIC S BAS;20679308;;AE WORKSPACE REM 6.2 WIN PER N SUB LIC S BAS;AE WORKSPACE REM 6.2 WIN PER N SUB LIC S BAS;AE WORKSPACE REM 6.2 WIN PER N SUB LIC S BAS;AE WORKSPACE REM 6.2 WIN PER N SUB LIC S BAS;;;;79;;
1;3;2094;1;45,3009;36,83;AE WORKSPACE REM 6.2 WIN PER U SUB LIC S ESS;20679309;;AE WORKSPACE REM 6.2 WIN PER U SUB LIC S ESS;AE WORKSPACE REM 6.2 WIN PER U SUB LIC S ESS;AE WORKSPACE REM 6.2 WIN PER U SUB LIC S ESS;AE WORKSPACE REM 6.2 WIN PER U SUB LIC S ESS;;;;79;;
1;3;2094;1;60,4053;49,11;GOV WORKSPACE REM 6.2 WIN PER U SUB LIC S BAS;20679310;;GOV WORKSPACE REM 6.2 WIN PER U SUB LIC S BAS;GOV WORKSPACE REM 6.2 WIN PER U SUB LIC S BAS;GOV WORKSPACE REM 6.2 WIN PER U SUB LIC S BAS;GOV WORKSPACE REM 6.2 WIN PER U SUB LIC S BAS;;;;79;;
1;3;2094;1;66,2724;53,88;GOV WORKSPACE REM 6.2 WIN PER U SUB LIC S ESS;20679311;;GOV WORKSPACE REM 6.2 WIN PER U SUB LIC S ESS;GOV WORKSPACE REM 6.2 WIN PER U SUB LIC S ESS;GOV WORKSPACE REM 6.2 WIN PER U SUB LIC S ESS;GOV WORKSPACE REM 6.2 WIN PER U SUB LIC S ESS;;;;79;;
1;3;2094;1;34,2432;27,84;AE WORKSPACE STREAM TERM 6.1 WIN CONCUR LIC S ESS;20679313;;AE WORKSPACE STREAM TERM 6.1 WIN CONCUR LIC S ESS;AE WORKSPACE STREAM TERM 6.1 WIN CONCUR LIC S ESS;AE WORKSPACE STREAM TERM 6.1 WIN CONCUR LIC S ESS;AE WORKSPACE STREAM TERM 6.1 WIN CONCUR LIC S ESS;;;;79;;
1;3;2094;1;50,0733;40,71;GOV WORKSPACE STREAM TERM SVR 6.1 WIN SUB LIC S ESS;20679315;;GOV WORKSPACE STREAM TERM SVR 6.1 WIN SUB LIC S ESS;GOV WORKSPACE STREAM TERM SVR 6.1 WIN SUB LIC S ESS;GOV WORKSPACE STREAM TERM SVR 6.1 WIN SUB LIC S ESS;GOV WORKSPACE STREAM TERM SVR 6.1 WIN SUB LIC S ESS;;;;79;;
1;3;2094;1;67,9698;55,26;AE WORKSPACE REM 6.2 WIN PER N SUB LIC S ESS;20679318;;AE WORKSPACE REM 6.2 WIN PER N SUB LIC S ESS;AE WORKSPACE REM 6.2 WIN PER N SUB LIC S ESS;AE WORKSPACE REM 6.2 WIN PER N SUB LIC S ESS;AE WORKSPACE REM 6.2 WIN PER N SUB LIC S ESS;;;;79;;
1;3;2094;1;16,0515;13,05;AE WORKSPACE STREAM 6.1 WIN PER N SUB LIC S BAS;20679319;;AE WORKSPACE STREAM 6.1 WIN PER N SUB LIC S BAS;AE WORKSPACE STREAM 6.1 WIN PER N SUB LIC S BAS;AE WORKSPACE STREAM 6.1 WIN PER N SUB LIC S BAS;AE WORKSPACE STREAM 6.1 WIN PER N SUB LIC S BAS;;;;79;;
1;3;2094;1;90,5895;73,65;GOV WORKSPACE REM 6.2 WIN PER N SUB LIC S BAS;20679323;;GOV WORKSPACE REM 6.2 WIN PER N SUB LIC S BAS;GOV WORKSPACE REM 6.2 WIN PER N SUB LIC S BAS;GOV WORKSPACE REM 6.2 WIN PER N SUB LIC S BAS;GOV WORKSPACE REM 6.2 WIN PER N SUB LIC S BAS;;;;79;;
1;3;2094;1;17,6259;14,33;AE WORKSPACE STREAM 6.1 WIN PER N SUB LIC S ESS;20679324;;AE WORKSPACE STREAM 6.1 WIN PER N SUB LIC S ESS;AE WORKSPACE STREAM 6.1 WIN PER N SUB LIC S ESS;AE WORKSPACE STREAM 6.1 WIN PER N SUB LIC S ESS;AE WORKSPACE STREAM 6.1 WIN PER N SUB LIC S ESS;;;;79;;
1;3;2094;1;99,4209;80,83;GOV WORKSPACE REM 6.2 WIN PER N SUB LIC S ESS;20679327;;GOV WORKSPACE REM 6.2 WIN PER N SUB LIC S ESS;GOV WORKSPACE REM 6.2 WIN PER N SUB LIC S ESS;GOV WORKSPACE REM 6.2 WIN PER N SUB LIC S ESS;GOV WORKSPACE REM 6.2 WIN PER N SUB LIC S ESS;;;;79;;
1;3;2094;1;41,2911;33,57;AE WORKSPACE REM 6.2 WIN PER U SUB LIC S BAS;20679328;;AE WORKSPACE REM 6.2 WIN PER U SUB LIC S BAS;AE WORKSPACE REM 6.2 WIN PER U SUB LIC S BAS;AE WORKSPACE REM 6.2 WIN PER U SUB LIC S BAS;AE WORKSPACE REM 6.2 WIN PER U SUB LIC S BAS;;;;79;;
1;3;2094;1;23,4684;19,08;GOV WORKSPACE STREAMING 6.1 WIN P N SUB LIC S BAS;20679329;;GOV WORKSPACE STREAMING 6.1 WIN P N SUB LIC S BAS;GOV WORKSPACE STREAMING 6.1 WIN P N SUB LIC S BAS;GOV WORKSPACE STREAMING 6.1 WIN P N SUB LIC S BAS;GOV WORKSPACE STREAMING 6.1 WIN P N SUB LIC S BAS;;;;79;;
1;3;2094;1;25,7685;20,95;GOV WORKSPACE STREAMING 6.1 WIN P N SUB LIC S ESS;20679330;;GOV WORKSPACE STREAMING 6.1 WIN P N SUB LIC S ESS;GOV WORKSPACE STREAMING 6.1 WIN P N SUB LIC S ESS;GOV WORKSPACE STREAMING 6.1 WIN P N SUB LIC S ESS;GOV WORKSPACE STREAMING 6.1 WIN P N SUB LIC S ESS;;;;79;;
1;3;2094;1;31,1928;25,36;AE WORKSPACE STREAM TERM 6.1 WIN CONCUR LIC S BAS;20679336;;AE WORKSPACE STREAM TERM 6.1 WIN CONCUR LIC S BAS;AE WORKSPACE STREAM TERM 6.1 WIN CONCUR LIC S BAS;AE WORKSPACE STREAM TERM 6.1 WIN CONCUR LIC S BAS;AE WORKSPACE STREAM TERM 6.1 WIN CONCUR LIC S BAS;;;;79;;
1;3;2094;1;45,633;37,1;GOV WORKSPACE STREAM TERM SVR 6.1 WIN SUB LIC S BAS;20679337;;GOV WORKSPACE STREAM TERM SVR 6.1 WIN SUB LIC S BAS;GOV WORKSPACE STREAM TERM SVR 6.1 WIN SUB LIC S BAS;GOV WORKSPACE STREAM TERM SVR 6.1 WIN SUB LIC S BAS;GOV WORKSPACE STREAM TERM SVR 6.1 WIN SUB LIC S BAS;;;;79;;
1;3;2094;1;22,6443;18,41;AE WORKSPACE VIRT TERM6.1 WIN CONCUR SUB LIC S ESS;20679343;;AE WORKSPACE VIRT TERM6.1 WIN CONCUR SUB LIC S ESS;AE WORKSPACE VIRT TERM6.1 WIN CONCUR SUB LIC S ESS;AE WORKSPACE VIRT TERM6.1 WIN CONCUR SUB LIC S ESS;AE WORKSPACE VIRT TERM6.1 WIN CONCUR SUB LIC S ESS;;;;79;;
1;3;2094;1;30,1965;24,55;GOV WORKSPACE VIRT TERM SVR 6.1 WIN SUB LIC S BAS;20679351;;GOV WORKSPACE VIRT TERM SVR 6.1 WIN SUB LIC S BAS;GOV WORKSPACE VIRT TERM SVR 6.1 WIN SUB LIC S BAS;GOV WORKSPACE VIRT TERM SVR 6.1 WIN SUB LIC S BAS;GOV WORKSPACE VIRT TERM SVR 6.1 WIN SUB LIC S BAS;;;;79;;
1;3;2094;1;33,1485;26,95;GOV WORKSPACE VIRT TERM SVR 6.1 WIN SUB LIC S ESS;20679357;;GOV WORKSPACE VIRT TERM SVR 6.1 WIN SUB LIC S ESS;GOV WORKSPACE VIRT TERM SVR 6.1 WIN SUB LIC S ESS;GOV WORKSPACE VIRT TERM SVR 6.1 WIN SUB LIC S ESS;GOV WORKSPACE VIRT TERM SVR 6.1 WIN SUB LIC S ESS;;;;79;;
1;3;2094;1;10,332;8,4;AE WORKSPACE VIRT 6.1 WIN PER N SUB LIC S BAS;20679361;;AE WORKSPACE VIRT 6.1 WIN PER N SUB LIC S BAS;AE WORKSPACE VIRT 6.1 WIN PER N SUB LIC S BAS;AE WORKSPACE VIRT 6.1 WIN PER N SUB LIC S BAS;AE WORKSPACE VIRT 6.1 WIN PER N SUB LIC S BAS;;;;79;;
1;3;2094;1;11,316;9,2;AE WORKSPACE VIRT 6.1 WIN PER N SUB LIC S ESS;20679362;;AE WORKSPACE VIRT 6.1 WIN PER N SUB LIC S ESS;AE WORKSPACE VIRT 6.1 WIN PER N SUB LIC S ESS;AE WORKSPACE VIRT 6.1 WIN PER N SUB LIC S ESS;AE WORKSPACE VIRT 6.1 WIN PER N SUB LIC S ESS;;;;79;;
1;3;2094;1;15,0921;12,27;GOV WORKSPACE VIRT 6.1 WIN PER N SUB LIC S BAS;20679363;;GOV WORKSPACE VIRT 6.1 WIN PER N SUB LIC S BAS;GOV WORKSPACE VIRT 6.1 WIN PER N SUB LIC S BAS;GOV WORKSPACE VIRT 6.1 WIN PER N SUB LIC S BAS;GOV WORKSPACE VIRT 6.1 WIN PER N SUB LIC S BAS;;;;79;;
1;3;2094;1;16,5681;13,47;GOV WORKSPACE VIRT 6.1 WIN PER N SUB LIC S ESS;20679364;;GOV WORKSPACE VIRT 6.1 WIN PER N SUB LIC S ESS;GOV WORKSPACE VIRT 6.1 WIN PER N SUB LIC S ESS;GOV WORKSPACE VIRT 6.1 WIN PER N SUB LIC S ESS;GOV WORKSPACE VIRT 6.1 WIN PER N SUB LIC S ESS;;;;79;;
1;3;2094;1;20,6517;16,79;AE WORKSPACE VIRT TERM6.1 WIN CONCUR SUB LIC S BAS;20679365;;AE WORKSPACE VIRT TERM6.1 WIN CONCUR SUB LIC S BAS;AE WORKSPACE VIRT TERM6.1 WIN CONCUR SUB LIC S BAS;AE WORKSPACE VIRT TERM6.1 WIN CONCUR SUB LIC S BAS;AE WORKSPACE VIRT TERM6.1 WIN CONCUR SUB LIC S BAS;;;;79;;
1;3;2094;1;132,5448;107,76;GOV WORKSPACE CORP W/ WEB CLT 6.2 WIN SUB LIC S ESS;20679376;;GOV WORKSPACE CORP W/ WEB CLT 6.2 WIN SUB LIC S ESS;GOV WORKSPACE CORP W/ WEB CLT 6.2 WIN SUB LIC S ESS;GOV WORKSPACE CORP W/ WEB CLT 6.2 WIN SUB LIC S ESS;GOV WORKSPACE CORP W/ WEB CLT 6.2 WIN SUB LIC S ESS;;;;79;;
1;3;2094;1;61,9428;50,36;AE WORKSPACE CORP 6.2 WIN PER N SUB LIC S BAS;20679384;;AE WORKSPACE CORP 6.2 WIN PER N SUB LIC S BAS;AE WORKSPACE CORP 6.2 WIN PER N SUB LIC S BAS;AE WORKSPACE CORP 6.2 WIN PER N SUB LIC S BAS;AE WORKSPACE CORP 6.2 WIN PER N SUB LIC S BAS;;;;79;;
1;3;2094;1;67,9698;55,26;AE WORKSPACE CORP 6.2 WIN PER N SUB LIC S ESS;20679385;;AE WORKSPACE CORP 6.2 WIN PER N SUB LIC S ESS;AE WORKSPACE CORP 6.2 WIN PER N SUB LIC S ESS;AE WORKSPACE CORP 6.2 WIN PER N SUB LIC S ESS;AE WORKSPACE CORP 6.2 WIN PER N SUB LIC S ESS;;;;79;;
1;3;2094;1;90,5895;73,65;GOV WORKSPACE CORP6.2 WIN PER N SUB LIC S BAS;20679393;;GOV WORKSPACE CORP6.2 WIN PER N SUB LIC S BAS;GOV WORKSPACE CORP6.2 WIN PER N SUB LIC S BAS;GOV WORKSPACE CORP6.2 WIN PER N SUB LIC S BAS;GOV WORKSPACE CORP6.2 WIN PER N SUB LIC S BAS;;;;79;;
1;3;2094;1;99,4209;80,83;GOV WORKSPACE CORP6.2 WIN PER N SUB LIC S ESS;20679394;;GOV WORKSPACE CORP6.2 WIN PER N SUB LIC S ESS;GOV WORKSPACE CORP6.2 WIN PER N SUB LIC S ESS;GOV WORKSPACE CORP6.2 WIN PER N SUB LIC S ESS;GOV WORKSPACE CORP6.2 WIN PER N SUB LIC S ESS;;;;79;;
1;3;2094;1;41,2911;33,57;AE WORKSPACE CORP 6.2 WIN PER U SUB LIC S BAS;20679400;;AE WORKSPACE CORP 6.2 WIN PER U SUB LIC S BAS;AE WORKSPACE CORP 6.2 WIN PER U SUB LIC S BAS;AE WORKSPACE CORP 6.2 WIN PER U SUB LIC S BAS;AE WORKSPACE CORP 6.2 WIN PER U SUB LIC S BAS;;;;79;;
1;3;2094;1;45,3009;36,83;AE WORKSPACE CORP 6.2 WIN PER U SUB LIC S ESS;20679407;;AE WORKSPACE CORP 6.2 WIN PER U SUB LIC S ESS;AE WORKSPACE CORP 6.2 WIN PER U SUB LIC S ESS;AE WORKSPACE CORP 6.2 WIN PER U SUB LIC S ESS;AE WORKSPACE CORP 6.2 WIN PER U SUB LIC S ESS;;;;79;;
1;3;2094;1;60,4053;49,11;GOV WORKSPACE CORP6.2 WIN PER U SUB LIC S BAS;20679408;;GOV WORKSPACE CORP6.2 WIN PER U SUB LIC S BAS;GOV WORKSPACE CORP6.2 WIN PER U SUB LIC S BAS;GOV WORKSPACE CORP6.2 WIN PER U SUB LIC S BAS;GOV WORKSPACE CORP6.2 WIN PER U SUB LIC S BAS;;;;79;;
1;3;2094;1;66,2724;53,88;GOV WORKSPACE CORP6.2 WIN PER U SUB LIC S ESS;20679413;;GOV WORKSPACE CORP6.2 WIN PER U SUB LIC S ESS;GOV WORKSPACE CORP6.2 WIN PER U SUB LIC S ESS;GOV WORKSPACE CORP6.2 WIN PER U SUB LIC S ESS;GOV WORKSPACE CORP6.2 WIN PER U SUB LIC S ESS;;;;79;;
1;3;2094;1;82,5822;67,14;AE WORKSPACE CORP WEB CLT 6.2 WIN CONCUR LIC S BAS;20679417;;AE WORKSPACE CORP WEB CLT 6.2 WIN CONCUR LIC S BAS;AE WORKSPACE CORP WEB CLT 6.2 WIN CONCUR LIC S BAS;AE WORKSPACE CORP WEB CLT 6.2 WIN CONCUR LIC S BAS;AE WORKSPACE CORP WEB CLT 6.2 WIN CONCUR LIC S BAS;;;;79;;
1;3;2094;1;90,6141;73,67;AE WORKSPACE CORP WEB CLT 6.2 WIN CONCUR LIC S ESS;20679425;;AE WORKSPACE CORP WEB CLT 6.2 WIN CONCUR LIC S ESS;AE WORKSPACE CORP WEB CLT 6.2 WIN CONCUR LIC S ESS;AE WORKSPACE CORP WEB CLT 6.2 WIN CONCUR LIC S ESS;AE WORKSPACE CORP WEB CLT 6.2 WIN CONCUR LIC S ESS;;;;79;;
1;3;2094;1;120,786;98,2;GOV WORKSPACE CORP W/ WEB CLT 6.2 WIN SUB LIC S BAS;20679426;;GOV WORKSPACE CORP W/ WEB CLT 6.2 WIN SUB LIC S BAS;GOV WORKSPACE CORP W/ WEB CLT 6.2 WIN SUB LIC S BAS;GOV WORKSPACE CORP W/ WEB CLT 6.2 WIN SUB LIC S BAS;GOV WORKSPACE CORP W/ WEB CLT 6.2 WIN SUB LIC S BAS;;;;79;;
1;3;2094;1;14,3049;11,63;AE DEPLOYMENT SOL SVR 7.1 XPLAT PER N RNWL BAS S;20680062;;AE DEPLOYMENT SOL SVR 7.1 XPLAT PER N RNWL BAS S;AE DEPLOYMENT SOL SVR 7.1 XPLAT PER N RNWL BAS S;AE DEPLOYMENT SOL SVR 7.1 XPLAT PER N RNWL BAS S;AE DEPLOYMENT SOL SVR 7.1 XPLAT PER N RNWL BAS S;;;;79;;
1;3;2094;1;14,3049;11,63;AE DEPLOYMENT SOL SVR 7.1 XPLAT PER N BDL BAS S;20680065;;AE DEPLOYMENT SOL SVR 7.1 XPLAT PER N BDL BAS S;AE DEPLOYMENT SOL SVR 7.1 XPLAT PER N BDL BAS S;AE DEPLOYMENT SOL SVR 7.1 XPLAT PER N BDL BAS S;AE DEPLOYMENT SOL SVR 7.1 XPLAT PER N BDL BAS S;;;;79;;
1;3;2094;1;20,9346;17,02;GOV DEPLOYMENT SOL SVR7.1 XPLAT PER N RNWL BAS S;20680085;;GOV DEPLOYMENT SOL SVR7.1 XPLAT PER N RNWL BAS S;GOV DEPLOYMENT SOL SVR7.1 XPLAT PER N RNWL BAS S;GOV DEPLOYMENT SOL SVR7.1 XPLAT PER N RNWL BAS S;GOV DEPLOYMENT SOL SVR7.1 XPLAT PER N RNWL BAS S;;;;79;;
1;3;2094;1;18,2901;14,87;AE DEPLOYMENT SOL SVR 7.1 XPLAT PER N BDL ESS S;20680088;;AE DEPLOYMENT SOL SVR 7.1 XPLAT PER N BDL ESS S;AE DEPLOYMENT SOL SVR 7.1 XPLAT PER N BDL ESS S;AE DEPLOYMENT SOL SVR 7.1 XPLAT PER N BDL ESS S;AE DEPLOYMENT SOL SVR 7.1 XPLAT PER N BDL ESS S;;;;79;;
1;3;2094;1;18,2901;14,87;AE DEPLOYMENT SOL SVR 7.1 XPLAT PER N RNWL ESS S;20680103;;AE DEPLOYMENT SOL SVR 7.1 XPLAT PER N RNWL ESS S;AE DEPLOYMENT SOL SVR 7.1 XPLAT PER N RNWL ESS S;AE DEPLOYMENT SOL SVR 7.1 XPLAT PER N RNWL ESS S;AE DEPLOYMENT SOL SVR 7.1 XPLAT PER N RNWL ESS S;;;;79;;
1;3;2094;1;26,7525;21,75;GOV DEPLOYMENT SOL SVR 7.1 XPLAT PER N BDL ESS S;20680139;;GOV DEPLOYMENT SOL SVR 7.1 XPLAT PER N BDL ESS S;GOV DEPLOYMENT SOL SVR 7.1 XPLAT PER N BDL ESS S;GOV DEPLOYMENT SOL SVR 7.1 XPLAT PER N BDL ESS S;GOV DEPLOYMENT SOL SVR 7.1 XPLAT PER N BDL ESS S;;;;79;;
1;3;2094;1;26,7525;21,75;GOV DEPLOYMENT SOL SVR7.1 XPLAT PER N RNWL ESS S;20680140;;GOV DEPLOYMENT SOL SVR7.1 XPLAT PER N RNWL ESS S;GOV DEPLOYMENT SOL SVR7.1 XPLAT PER N RNWL ESS S;GOV DEPLOYMENT SOL SVR7.1 XPLAT PER N RNWL ESS S;GOV DEPLOYMENT SOL SVR7.1 XPLAT PER N RNWL ESS S;;;;79;;
1;3;2094;1;20,9346;17,02;GOV DEPLOYMENT SOL SVR 7.1 XPLAT PER N BDL BAS S;20680146;;GOV DEPLOYMENT SOL SVR 7.1 XPLAT PER N BDL BAS S;GOV DEPLOYMENT SOL SVR 7.1 XPLAT PER N BDL BAS S;GOV DEPLOYMENT SOL SVR 7.1 XPLAT PER N BDL BAS S;GOV DEPLOYMENT SOL SVR 7.1 XPLAT PER N BDL BAS S;;;;79;;
1;3;2094;1;334,2156;271,72;GOV WISE PK STUDIO ENT MGMT SVR8.0 WIN P U BAS S;20681020;;GOV WISE PK STUDIO ENT MGMT SVR8.0 WIN P U BAS S;GOV WISE PK STUDIO ENT MGMT SVR8.0 WIN P U BAS S;GOV WISE PK STUDIO ENT MGMT SVR8.0 WIN P U BAS S;GOV WISE PK STUDIO ENT MGMT SVR8.0 WIN P U BAS S;;;;79;;
1;3;2094;1;523,0452;425,24;AE WISE PK STUDIO PRO 8.0 WIN PER U BAS S;20681021;;AE WISE PK STUDIO PRO 8.0 WIN PER U BAS S;AE WISE PK STUDIO PRO 8.0 WIN PER U BAS S;AE WISE PK STUDIO PRO 8.0 WIN PER U BAS S;AE WISE PK STUDIO PRO 8.0 WIN PER U BAS S;;;;79;;
1;3;2094;1;523,0452;425,24;AE WISE PK STUDIO PRO 8.0 WIN PER U RNWL BAS S;20681022;;AE WISE PK STUDIO PRO 8.0 WIN PER U RNWL BAS S;AE WISE PK STUDIO PRO 8.0 WIN PER U RNWL BAS S;AE WISE PK STUDIO PRO 8.0 WIN PER U RNWL BAS S;AE WISE PK STUDIO PRO 8.0 WIN PER U RNWL BAS S;;;;79;;
1;3;2094;1;334,2156;271,72;GOV WISE STUDIO ENT MGMT SVR8.0 WIN P U RNWL BAS S;20681023;;GOV WISE STUDIO ENT MGMT SVR8.0 WIN P U RNWL BAS S;GOV WISE STUDIO ENT MGMT SVR8.0 WIN P U RNWL BAS S;GOV WISE STUDIO ENT MGMT SVR8.0 WIN P U RNWL BAS S;GOV WISE STUDIO ENT MGMT SVR8.0 WIN P U RNWL BAS S;;;;79;;
1;3;2094;1;250,6494;203,78;GOV WISE PK STUDIO STD ED 8.0 WIN PER U RNWL BAS S;20681024;;GOV WISE PK STUDIO STD ED 8.0 WIN PER U RNWL BAS S;GOV WISE PK STUDIO STD ED 8.0 WIN PER U RNWL BAS S;GOV WISE PK STUDIO STD ED 8.0 WIN PER U RNWL BAS S;GOV WISE PK STUDIO STD ED 8.0 WIN PER U RNWL BAS S;;;;79;;
1;3;2094;1;989,2152;804,24;AE WISE PK STUDIO STE 8.0 WIN PER U BAS S;20681025;;AE WISE PK STUDIO STE 8.0 WIN PER U BAS S;AE WISE PK STUDIO STE 8.0 WIN PER U BAS S;AE WISE PK STUDIO STE 8.0 WIN PER U BAS S;AE WISE PK STUDIO STE 8.0 WIN PER U BAS S;;;;79;;
1;3;2094;1;989,2152;804,24;AE WISE PK STUDIO STE 8.0 WIN PER U RNWL BAS S;20681026;;AE WISE PK STUDIO STE 8.0 WIN PER U RNWL BAS S;AE WISE PK STUDIO STE 8.0 WIN PER U RNWL BAS S;AE WISE PK STUDIO STE 8.0 WIN PER U RNWL BAS S;AE WISE PK STUDIO STE 8.0 WIN PER U RNWL BAS S;;;;79;;
1;3;2094;1;403,8828;328,36;GOV WISE STUDIO QUALITY ASSURANCE 8.0 WIN U BAS S;20681027;;GOV WISE STUDIO QUALITY ASSURANCE 8.0 WIN U BAS S;GOV WISE STUDIO QUALITY ASSURANCE 8.0 WIN U BAS S;GOV WISE STUDIO QUALITY ASSURANCE 8.0 WIN U BAS S;GOV WISE STUDIO QUALITY ASSURANCE 8.0 WIN U BAS S;;;;79;;
1;3;2094;1;329,7138;268,06;AE WISE PK STUDIO QA 8.0 WIN PER U RNWL BAS S;20681028;;AE WISE PK STUDIO QA 8.0 WIN PER U RNWL BAS S;AE WISE PK STUDIO QA 8.0 WIN PER U RNWL BAS S;AE WISE PK STUDIO QA 8.0 WIN PER U RNWL BAS S;AE WISE PK STUDIO QA 8.0 WIN PER U RNWL BAS S;;;;79;;
1;3;2094;1;250,6494;203,78;GOV WISE PK STUDIO STD ED 8.0 WIN PER U BAS S;20681029;;GOV WISE PK STUDIO STD ED 8.0 WIN PER U BAS S;GOV WISE PK STUDIO STD ED 8.0 WIN PER U BAS S;GOV WISE PK STUDIO STD ED 8.0 WIN PER U BAS S;GOV WISE PK STUDIO STD ED 8.0 WIN PER U BAS S;;;;79;;
1;3;2094;1;329,7138;268,06;AE WISE PK STUDIO QA 8.0 WIN PER U BAS S;20681030;;AE WISE PK STUDIO QA 8.0 WIN PER U BAS S;AE WISE PK STUDIO QA 8.0 WIN PER U BAS S;AE WISE PK STUDIO QA 8.0 WIN PER U BAS S;AE WISE PK STUDIO QA 8.0 WIN PER U BAS S;;;;79;;
1;3;2094;1;204,5982;166,34;AE WISE PK STUDIO STD 8.0 WIN PER U RNWL BAS S;20681031;;AE WISE PK STUDIO STD 8.0 WIN PER U RNWL BAS S;AE WISE PK STUDIO STD 8.0 WIN PER U RNWL BAS S;AE WISE PK STUDIO STD 8.0 WIN PER U RNWL BAS S;AE WISE PK STUDIO STD 8.0 WIN PER U RNWL BAS S;;;;79;;
1;3;2094;1;1211,796;985,2;GOV WISE PK STUDIO STE8.0 WIN PER U RNWL BAS S;20681032;;GOV WISE PK STUDIO STE8.0 WIN PER U RNWL BAS S;GOV WISE PK STUDIO STE8.0 WIN PER U RNWL BAS S;GOV WISE PK STUDIO STE8.0 WIN PER U RNWL BAS S;GOV WISE PK STUDIO STE8.0 WIN PER U RNWL BAS S;;;;79;;
1;3;2094;1;272,8386;221,82;AE WISE STUDIO ENT MGMT 8.0 WIN PER U BAS S;20681033;;AE WISE STUDIO ENT MGMT 8.0 WIN PER U BAS S;AE WISE STUDIO ENT MGMT 8.0 WIN PER U BAS S;AE WISE STUDIO ENT MGMT 8.0 WIN PER U BAS S;AE WISE STUDIO ENT MGMT 8.0 WIN PER U BAS S;;;;79;;
1;3;2094;1;272,8386;221,82;AE WISE STUDIO ENT MGMT 8.0 WIN PER U RNWL BAS S;20681034;;AE WISE STUDIO ENT MGMT 8.0 WIN PER U RNWL BAS S;AE WISE STUDIO ENT MGMT 8.0 WIN PER U RNWL BAS S;AE WISE STUDIO ENT MGMT 8.0 WIN PER U RNWL BAS S;AE WISE STUDIO ENT MGMT 8.0 WIN PER U RNWL BAS S;;;;79;;
1;3;2094;1;403,8828;328,36;GOV WISE STUDIO QUALITY ASSUR8.0 WIN U RNWL BAS S;20681035;;GOV WISE STUDIO QUALITY ASSUR8.0 WIN U RNWL BAS S;GOV WISE STUDIO QUALITY ASSUR8.0 WIN U RNWL BAS S;GOV WISE STUDIO QUALITY ASSUR8.0 WIN U RNWL BAS S;GOV WISE STUDIO QUALITY ASSUR8.0 WIN U RNWL BAS S;;;;79;;
1;3;2094;1;204,5982;166,34;AE WISE PK STUDIO STD 8.0 WIN PER U BAS S;20681036;;AE WISE PK STUDIO STD 8.0 WIN PER U BAS S;AE WISE PK STUDIO STD 8.0 WIN PER U BAS S;AE WISE PK STUDIO STD 8.0 WIN PER U BAS S;AE WISE PK STUDIO STD 8.0 WIN PER U BAS S;;;;79;;
1;3;2094;1;1211,796;985,2;GOV WISE PK STUDIO STE8.0 WIN PER U BAS S;20681037;;GOV WISE PK STUDIO STE8.0 WIN PER U BAS S;GOV WISE PK STUDIO STE8.0 WIN PER U BAS S;GOV WISE PK STUDIO STE8.0 WIN PER U BAS S;GOV WISE PK STUDIO STE8.0 WIN PER U BAS S;;;;79;;
1;3;2094;1;640,7316;520,92;GOV WISE PK STUDIO PRO ED 8.0 WIN PER U RNWL BAS S;20681038;;GOV WISE PK STUDIO PRO ED 8.0 WIN PER U RNWL BAS S;GOV WISE PK STUDIO PRO ED 8.0 WIN PER U RNWL BAS S;GOV WISE PK STUDIO PRO ED 8.0 WIN PER U RNWL BAS S;GOV WISE PK STUDIO PRO ED 8.0 WIN PER U RNWL BAS S;;;;79;;
1;3;2094;1;640,7316;520,92;GOV WISE PK STUDIO PRO ED 8.0 WIN PER U BAS S;20681039;;GOV WISE PK STUDIO PRO ED 8.0 WIN PER U BAS S;GOV WISE PK STUDIO PRO ED 8.0 WIN PER U BAS S;GOV WISE PK STUDIO PRO ED 8.0 WIN PER U BAS S;GOV WISE PK STUDIO PRO ED 8.0 WIN PER U BAS S;;;;79;;
1;3;2094;1;7,1955;5,85;AE WORKSPACE STREAM 6.1 WIN PER N BDL ESS S;20682049;;AE WORKSPACE STREAM 6.1 WIN PER N BDL ESS S;AE WORKSPACE STREAM 6.1 WIN PER N BDL ESS S;AE WORKSPACE STREAM 6.1 WIN PER N BDL ESS S;AE WORKSPACE STREAM 6.1 WIN PER N BDL ESS S;;;;79;;
1;3;2094;1;3,6162;2,94;AE WORKSPACE VIRT 6.1 WIN PER N BDL BAS S;20682051;;AE WORKSPACE VIRT 6.1 WIN PER N BDL BAS S;AE WORKSPACE VIRT 6.1 WIN PER N BDL BAS S;AE WORKSPACE VIRT 6.1 WIN PER N BDL BAS S;AE WORKSPACE VIRT 6.1 WIN PER N BDL BAS S;;;;79;;
1;3;2094;1;27,7488;22,56;AE WORKSPACE CORP 6.2 WIN PER N BDL ESS S;20682052;;AE WORKSPACE CORP 6.2 WIN PER N BDL ESS S;AE WORKSPACE CORP 6.2 WIN PER N BDL ESS S;AE WORKSPACE CORP 6.2 WIN PER N BDL ESS S;AE WORKSPACE CORP 6.2 WIN PER N BDL ESS S;;;;79;;
1;3;2094;1;31,7463;25,81;GOV WORKSPACE REM 6.2 WIN PER N RNWL BAS S;20682058;;GOV WORKSPACE REM 6.2 WIN PER N RNWL BAS S;GOV WORKSPACE REM 6.2 WIN PER N RNWL BAS S;GOV WORKSPACE REM 6.2 WIN PER N RNWL BAS S;GOV WORKSPACE REM 6.2 WIN PER N RNWL BAS S;;;;79;;
1;3;2094;1;4,6248;3,76;AE WORKSPACE VIRT 6.1 WIN PER N BDL ESS S;20682059;;AE WORKSPACE VIRT 6.1 WIN PER N BDL ESS S;AE WORKSPACE VIRT 6.1 WIN PER N BDL ESS S;AE WORKSPACE VIRT 6.1 WIN PER N BDL ESS S;AE WORKSPACE VIRT 6.1 WIN PER N BDL ESS S;;;;79;;
1;3;2094;1;21,1806;17,22;GOV WORKSPACE REM 6.2 WIN PER U BDL BAS S;20682061;;GOV WORKSPACE REM 6.2 WIN PER U BDL BAS S;GOV WORKSPACE REM 6.2 WIN PER U BDL BAS S;GOV WORKSPACE REM 6.2 WIN PER U BDL BAS S;GOV WORKSPACE REM 6.2 WIN PER U BDL BAS S;;;;79;;
1;3;2094;1;27,06;22;GOV WORKSPACE REM 6.2 WIN PER U BDL ESS S;20682062;;GOV WORKSPACE REM 6.2 WIN PER U BDL ESS S;GOV WORKSPACE REM 6.2 WIN PER U BDL ESS S;GOV WORKSPACE REM 6.2 WIN PER U BDL ESS S;GOV WORKSPACE REM 6.2 WIN PER U BDL ESS S;;;;79;;
1;3;2094;1;18,4992;15,04;AE WORKSPACE REM 6.2 WIN PER U RNWL ESS S;20682063;;AE WORKSPACE REM 6.2 WIN PER U RNWL ESS S;AE WORKSPACE REM 6.2 WIN PER U RNWL ESS S;AE WORKSPACE REM 6.2 WIN PER U RNWL ESS S;AE WORKSPACE REM 6.2 WIN PER U RNWL ESS S;;;;79;;
1;3;2094;1;16,0023;13,01;GOV WORKSPACE STREAM TERM SVR 6.1 WIN P U BDL BAS S;20682064;;GOV WORKSPACE STREAM TERM SVR 6.1 WIN P U BDL BAS S;GOV WORKSPACE STREAM TERM SVR 6.1 WIN P U BDL BAS S;GOV WORKSPACE STREAM TERM SVR 6.1 WIN P U BDL BAS S;GOV WORKSPACE STREAM TERM SVR 6.1 WIN P U BDL BAS S;;;;79;;
1;3;2094;1;31,7463;25,81;GOV WORKSPACE CORP6.2 WIN PER N RNWL BAS S;20682072;;GOV WORKSPACE CORP6.2 WIN PER N RNWL BAS S;GOV WORKSPACE CORP6.2 WIN PER N RNWL BAS S;GOV WORKSPACE CORP6.2 WIN PER N RNWL BAS S;GOV WORKSPACE CORP6.2 WIN PER N RNWL BAS S;;;;79;;
1;3;2094;1;40,5777;32,99;GOV WORKSPACE CORP6.2 WIN PER N RNWL ESS S;20682073;;GOV WORKSPACE CORP6.2 WIN PER N RNWL ESS S;GOV WORKSPACE CORP6.2 WIN PER N RNWL ESS S;GOV WORKSPACE CORP6.2 WIN PER N RNWL ESS S;GOV WORKSPACE CORP6.2 WIN PER N RNWL ESS S;;;;79;;
1;3;2094;1;31,7463;25,81;GOV WORKSPACE CORP6.2 WIN PER N BDL BAS S;20682079;;GOV WORKSPACE CORP6.2 WIN PER N BDL BAS S;GOV WORKSPACE CORP6.2 WIN PER N BDL BAS S;GOV WORKSPACE CORP6.2 WIN PER N BDL BAS S;GOV WORKSPACE CORP6.2 WIN PER N BDL BAS S;;;;79;;
1;3;2094;1;21,7095;17,65;AE WORKSPACE CORP 6.2 WIN PER N RNWL BAS S;20682080;;AE WORKSPACE CORP 6.2 WIN PER N RNWL BAS S;AE WORKSPACE CORP 6.2 WIN PER N RNWL BAS S;AE WORKSPACE CORP 6.2 WIN PER N RNWL BAS S;AE WORKSPACE CORP 6.2 WIN PER N RNWL BAS S;;;;79;;
1;3;2094;1;3,6162;2,94;AE WORKSPACE VIRT 6.1 WIN PER N RNWL BAS S;20682082;;AE WORKSPACE VIRT 6.1 WIN PER N RNWL BAS S;AE WORKSPACE VIRT 6.1 WIN PER N RNWL BAS S;AE WORKSPACE VIRT 6.1 WIN PER N RNWL BAS S;AE WORKSPACE VIRT 6.1 WIN PER N RNWL BAS S;;;;79;;
1;3;2094;1;7,2324;5,88;AE WORKSPACE VIRT TERM6.1 WIN P CONCUR U BDL BAS S;20682083;;AE WORKSPACE VIRT TERM6.1 WIN P CONCUR U BDL BAS S;AE WORKSPACE VIRT TERM6.1 WIN P CONCUR U BDL BAS S;AE WORKSPACE VIRT TERM6.1 WIN P CONCUR U BDL BAS S;AE WORKSPACE VIRT TERM6.1 WIN P CONCUR U BDL BAS S;;;;79;;
1;3;2094;1;13,53;11;GOV WORKSPACE VIRT TERM SVR 6.1 WIN CONCUR ESS S;20682084;;GOV WORKSPACE VIRT TERM SVR 6.1 WIN CONCUR ESS S;GOV WORKSPACE VIRT TERM SVR 6.1 WIN CONCUR ESS S;GOV WORKSPACE VIRT TERM SVR 6.1 WIN CONCUR ESS S;GOV WORKSPACE VIRT TERM SVR 6.1 WIN CONCUR ESS S;;;;79;;
1;3;2094;1;27,7488;22,56;AE WORKSPACE REM 6.2 WIN PER N BDL ESS S;20682090;;AE WORKSPACE REM 6.2 WIN PER N BDL ESS S;AE WORKSPACE REM 6.2 WIN PER N BDL ESS S;AE WORKSPACE REM 6.2 WIN PER N BDL ESS S;AE WORKSPACE REM 6.2 WIN PER N BDL ESS S;;;;79;;
1;3;2094;1;8,2287;6,69;GOV WORKSPACE STREAMING 6.1 WIN PER N BDL BAS S;20682091;;GOV WORKSPACE STREAMING 6.1 WIN PER N BDL BAS S;GOV WORKSPACE STREAMING 6.1 WIN PER N BDL BAS S;GOV WORKSPACE STREAMING 6.1 WIN PER N BDL BAS S;GOV WORKSPACE STREAMING 6.1 WIN PER N BDL BAS S;;;;79;;
1;3;2094;1;20,4426;16,62;GOV WORKSPACE STREAM TERM SVR6.1 WIN P U RNWL ESS S;20682093;;GOV WORKSPACE STREAM TERM SVR6.1 WIN P U RNWL ESS S;GOV WORKSPACE STREAM TERM SVR6.1 WIN P U RNWL ESS S;GOV WORKSPACE STREAM TERM SVR6.1 WIN P U RNWL ESS S;GOV WORKSPACE STREAM TERM SVR6.1 WIN P U RNWL ESS S;;;;79;;
1;3;2094;1;27,06;22;GOV WORKSPACE CORP6.2 WIN PER U BDL ESS S;20682094;;GOV WORKSPACE CORP6.2 WIN PER U BDL ESS S;GOV WORKSPACE CORP6.2 WIN PER U BDL ESS S;GOV WORKSPACE CORP6.2 WIN PER U BDL ESS S;GOV WORKSPACE CORP6.2 WIN PER U BDL ESS S;;;;79;;
1;3;2094;1;36,9984;30,08;AE WORKSPACE CORP WEB CLT 6.2 WIN CONCUR BDL ESS S;20682095;;AE WORKSPACE CORP WEB CLT 6.2 WIN CONCUR BDL ESS S;AE WORKSPACE CORP WEB CLT 6.2 WIN CONCUR BDL ESS S;AE WORKSPACE CORP WEB CLT 6.2 WIN CONCUR BDL ESS S;AE WORKSPACE CORP WEB CLT 6.2 WIN CONCUR BDL ESS S;;;;79;;
1;3;2094;1;21,7095;17,65;AE WORKSPACE REM 6.2 WIN PER N BDL BAS S;20682100;;AE WORKSPACE REM 6.2 WIN PER N BDL BAS S;AE WORKSPACE REM 6.2 WIN PER N BDL BAS S;AE WORKSPACE REM 6.2 WIN PER N BDL BAS S;AE WORKSPACE REM 6.2 WIN PER N BDL BAS S;;;;79;;
1;3;2094;1;40,5777;32,99;GOV WORKSPACE REM 6.2 WIN PER N BDL ESS S;20682101;;GOV WORKSPACE REM 6.2 WIN PER N BDL ESS S;GOV WORKSPACE REM 6.2 WIN PER N BDL ESS S;GOV WORKSPACE REM 6.2 WIN PER N BDL ESS S;GOV WORKSPACE REM 6.2 WIN PER N BDL ESS S;;;;79;;
1;3;2094;1;20,4426;16,62;GOV WORKSPACE STREAM TERM SVR 6.1 WIN P U BDL ESS S;20682102;;GOV WORKSPACE STREAM TERM SVR 6.1 WIN P U BDL ESS S;GOV WORKSPACE STREAM TERM SVR 6.1 WIN P U BDL ESS S;GOV WORKSPACE STREAM TERM SVR 6.1 WIN P U BDL ESS S;GOV WORKSPACE STREAM TERM SVR 6.1 WIN P U BDL ESS S;;;;79;;
1;3;2094;1;8,2287;6,69;GOV WORKSPACE STREAMING 6.1 WIN PER N RNWL BAS S;20682104;;GOV WORKSPACE STREAMING 6.1 WIN PER N RNWL BAS S;GOV WORKSPACE STREAMING 6.1 WIN PER N RNWL BAS S;GOV WORKSPACE STREAMING 6.1 WIN PER N RNWL BAS S;GOV WORKSPACE STREAMING 6.1 WIN PER N RNWL BAS S;;;;79;;
1;3;2094;1;10,9347;8,89;AE WORKSPACE STREAM TERM 6.1 WIN CONCUR BDL BAS S;20682105;;AE WORKSPACE STREAM TERM 6.1 WIN CONCUR BDL BAS S;AE WORKSPACE STREAM TERM 6.1 WIN CONCUR BDL BAS S;AE WORKSPACE STREAM TERM 6.1 WIN CONCUR BDL BAS S;AE WORKSPACE STREAM TERM 6.1 WIN CONCUR BDL BAS S;;;;79;;
1;3;2094;1;13,53;11;GOV WORKSPACE VIRT TERM SVR 6.1 WIN U RNWL ESS S;20682111;;GOV WORKSPACE VIRT TERM SVR 6.1 WIN U RNWL ESS S;GOV WORKSPACE VIRT TERM SVR 6.1 WIN U RNWL ESS S;GOV WORKSPACE VIRT TERM SVR 6.1 WIN U RNWL ESS S;GOV WORKSPACE VIRT TERM SVR 6.1 WIN U RNWL ESS S;;;;79;;
1;3;2094;1;27,06;22;GOV WORKSPACE CORP6.2 WIN PER U RNWL ESS S;20682112;;GOV WORKSPACE CORP6.2 WIN PER U RNWL ESS S;GOV WORKSPACE CORP6.2 WIN PER U RNWL ESS S;GOV WORKSPACE CORP6.2 WIN PER U RNWL ESS S;GOV WORKSPACE CORP6.2 WIN PER U RNWL ESS S;;;;79;;
1;3;2094;1;54,12;44;GOV WORKSPACE CORP W/ WEB CLT 6.2 WIN U RNWL ESS S;20682115;;GOV WORKSPACE CORP W/ WEB CLT 6.2 WIN U RNWL ESS S;GOV WORKSPACE CORP W/ WEB CLT 6.2 WIN U RNWL ESS S;GOV WORKSPACE CORP W/ WEB CLT 6.2 WIN U RNWL ESS S;GOV WORKSPACE CORP W/ WEB CLT 6.2 WIN U RNWL ESS S;;;;79;;
1;3;2094;1;27,06;22;GOV WORKSPACE REM 6.2 WIN PER U RNWL ESS S;20682120;;GOV WORKSPACE REM 6.2 WIN PER U RNWL ESS S;GOV WORKSPACE REM 6.2 WIN PER U RNWL ESS S;GOV WORKSPACE REM 6.2 WIN PER U RNWL ESS S;GOV WORKSPACE REM 6.2 WIN PER U RNWL ESS S;;;;79;;
1;3;2094;1;21,1806;17,22;GOV WORKSPACE CORP6.2 WIN PER U BDL BAS S;20682123;;GOV WORKSPACE CORP6.2 WIN PER U BDL BAS S;GOV WORKSPACE CORP6.2 WIN PER U BDL BAS S;GOV WORKSPACE CORP6.2 WIN PER U BDL BAS S;GOV WORKSPACE CORP6.2 WIN PER U BDL BAS S;;;;79;;
1;3;2094;1;21,7095;17,65;AE WORKSPACE CORP 6.2 WIN PER N BDL BAS S;20682124;;AE WORKSPACE CORP 6.2 WIN PER N BDL BAS S;AE WORKSPACE CORP 6.2 WIN PER N BDL BAS S;AE WORKSPACE CORP 6.2 WIN PER N BDL BAS S;AE WORKSPACE CORP 6.2 WIN PER N BDL BAS S;;;;79;;
1;3;2094;1;27,7488;22,56;AE WORKSPACE REM 6.2 WIN PER N RNWL ESS S;20682125;;AE WORKSPACE REM 6.2 WIN PER N RNWL ESS S;AE WORKSPACE REM 6.2 WIN PER N RNWL ESS S;AE WORKSPACE REM 6.2 WIN PER N RNWL ESS S;AE WORKSPACE REM 6.2 WIN PER N RNWL ESS S;;;;79;;
1;3;2094;1;21,7095;17,65;AE WORKSPACE REM 6.2 WIN PER N RNWL BAS S;20682126;;AE WORKSPACE REM 6.2 WIN PER N RNWL BAS S;AE WORKSPACE REM 6.2 WIN PER N RNWL BAS S;AE WORKSPACE REM 6.2 WIN PER N RNWL BAS S;AE WORKSPACE REM 6.2 WIN PER N RNWL BAS S;;;;79;;
1;3;2094;1;5,6211;4,57;AE WORKSPACE STREAM 6.1 WIN PER N BDL BAS S;20682129;;AE WORKSPACE STREAM 6.1 WIN PER N BDL BAS S;AE WORKSPACE STREAM 6.1 WIN PER N BDL BAS S;AE WORKSPACE STREAM 6.1 WIN PER N BDL BAS S;AE WORKSPACE STREAM 6.1 WIN PER N BDL BAS S;;;;79;;
1;3;2094;1;42,3366;34,42;GOV WORKSPACE CORP W/ WEB CLT 6.2 WIN U RNWL BAS S;20682132;;GOV WORKSPACE CORP W/ WEB CLT 6.2 WIN U RNWL BAS S;GOV WORKSPACE CORP W/ WEB CLT 6.2 WIN U RNWL BAS S;GOV WORKSPACE CORP W/ WEB CLT 6.2 WIN U RNWL BAS S;GOV WORKSPACE CORP W/ WEB CLT 6.2 WIN U RNWL BAS S;;;;79;;
1;3;2094;1;18,4992;15,04;AE WORKSPACE REM 6.2 WIN PER U BDL ESS S;20682133;;AE WORKSPACE REM 6.2 WIN PER U BDL ESS S;AE WORKSPACE REM 6.2 WIN PER U BDL ESS S;AE WORKSPACE REM 6.2 WIN PER U BDL ESS S;AE WORKSPACE REM 6.2 WIN PER U BDL ESS S;;;;79;;
1;3;2094;1;18,4992;15,04;AE WORKSPACE CORP 6.2 WIN PER U RNWL ESS S;20682135;;AE WORKSPACE CORP 6.2 WIN PER U RNWL ESS S;AE WORKSPACE CORP 6.2 WIN PER U RNWL ESS S;AE WORKSPACE CORP 6.2 WIN PER U RNWL ESS S;AE WORKSPACE CORP 6.2 WIN PER U RNWL ESS S;;;;79;;
1;3;2094;1;40,5777;32,99;GOV WORKSPACE REM 6.2 WIN PER N RNWL ESS S;20682140;;GOV WORKSPACE REM 6.2 WIN PER N RNWL ESS S;GOV WORKSPACE REM 6.2 WIN PER N RNWL ESS S;GOV WORKSPACE REM 6.2 WIN PER N RNWL ESS S;GOV WORKSPACE REM 6.2 WIN PER N RNWL ESS S;;;;79;;
1;3;2094;1;42,3366;34,42;GOV WORKSPACE CORP W/ WEB CLT 6.2 WIN U BDL BAS S;20682143;;GOV WORKSPACE CORP W/ WEB CLT 6.2 WIN U BDL BAS S;GOV WORKSPACE CORP W/ WEB CLT 6.2 WIN U BDL BAS S;GOV WORKSPACE CORP W/ WEB CLT 6.2 WIN U BDL BAS S;GOV WORKSPACE CORP W/ WEB CLT 6.2 WIN U BDL BAS S;;;;79;;
1;3;2094;1;28,9542;23,54;AE WORKSPACE CORP WEB CLT 6.2 WIN CONCUR RNWL BAS S;20682144;;AE WORKSPACE CORP WEB CLT 6.2 WIN CONCUR RNWL BAS S;AE WORKSPACE CORP WEB CLT 6.2 WIN CONCUR RNWL BAS S;AE WORKSPACE CORP WEB CLT 6.2 WIN CONCUR RNWL BAS S;AE WORKSPACE CORP WEB CLT 6.2 WIN CONCUR RNWL BAS S;;;;79;;
1;3;2094;1;10,5903;8,61;GOV WORKSPACE VIRT TERM SVR 6.1 WIN CONCUR BAS S;20682146;;GOV WORKSPACE VIRT TERM SVR 6.1 WIN CONCUR BAS S;GOV WORKSPACE VIRT TERM SVR 6.1 WIN CONCUR BAS S;GOV WORKSPACE VIRT TERM SVR 6.1 WIN CONCUR BAS S;GOV WORKSPACE VIRT TERM SVR 6.1 WIN CONCUR BAS S;;;;79;;
1;3;2094;1;5,3013;4,31;GOV WORKSPACE VIRT 6.1 WIN PER N RNWL BAS S;20682150;;GOV WORKSPACE VIRT 6.1 WIN PER N RNWL BAS S;GOV WORKSPACE VIRT 6.1 WIN PER N RNWL BAS S;GOV WORKSPACE VIRT 6.1 WIN PER N RNWL BAS S;GOV WORKSPACE VIRT 6.1 WIN PER N RNWL BAS S;;;;79;;
1;3;2094;1;54,12;44;GOV WORKSPACE CORP W/ WEB CLT 6.2 WIN U BDL ESS S;20682151;;GOV WORKSPACE CORP W/ WEB CLT 6.2 WIN U BDL ESS S;GOV WORKSPACE CORP W/ WEB CLT 6.2 WIN U BDL ESS S;GOV WORKSPACE CORP W/ WEB CLT 6.2 WIN U BDL ESS S;GOV WORKSPACE CORP W/ WEB CLT 6.2 WIN U BDL ESS S;;;;79;;
1;3;2094;1;31,7463;25,81;GOV WORKSPACE REM 6.2 WIN PER N BDL BAS S;20682153;;GOV WORKSPACE REM 6.2 WIN PER N BDL BAS S;GOV WORKSPACE REM 6.2 WIN PER N BDL BAS S;GOV WORKSPACE REM 6.2 WIN PER N BDL BAS S;GOV WORKSPACE REM 6.2 WIN PER N BDL BAS S;;;;79;;
1;3;2094;1;10,5165;8,55;GOV WORKSPACE STREAMING 6.1 WIN PER N BDL ESS S;20682157;;GOV WORKSPACE STREAMING 6.1 WIN PER N BDL ESS S;GOV WORKSPACE STREAMING 6.1 WIN PER N BDL ESS S;GOV WORKSPACE STREAMING 6.1 WIN PER N BDL ESS S;GOV WORKSPACE STREAMING 6.1 WIN PER N BDL ESS S;;;;79;;
1;3;2094;1;7,1955;5,85;AE WORKSPACE STREAM 6.1 WIN PER N RNWL ESS S;20682158;;AE WORKSPACE STREAM 6.1 WIN PER N RNWL ESS S;AE WORKSPACE STREAM 6.1 WIN PER N RNWL ESS S;AE WORKSPACE STREAM 6.1 WIN PER N RNWL ESS S;AE WORKSPACE STREAM 6.1 WIN PER N RNWL ESS S;;;;79;;
1;3;2094;1;10,5165;8,55;GOV WORKSPACE STREAMING 6.1 WIN PER N RNWL ESS S;20682159;;GOV WORKSPACE STREAMING 6.1 WIN PER N RNWL ESS S;GOV WORKSPACE STREAMING 6.1 WIN PER N RNWL ESS S;GOV WORKSPACE STREAMING 6.1 WIN PER N RNWL ESS S;GOV WORKSPACE STREAMING 6.1 WIN PER N RNWL ESS S;;;;79;;
1;3;2094;1;13,9851;11,37;AE WORKSPACE STREAM TERM 6.1 WIN CONCUR BDL ESS S;20682160;;AE WORKSPACE STREAM TERM 6.1 WIN CONCUR BDL ESS S;AE WORKSPACE STREAM TERM 6.1 WIN CONCUR BDL ESS S;AE WORKSPACE STREAM TERM 6.1 WIN CONCUR BDL ESS S;AE WORKSPACE STREAM TERM 6.1 WIN CONCUR BDL ESS S;;;;79;;
1;3;2094;1;27,7488;22,56;AE WORKSPACE CORP 6.2 WIN PER N RNWL ESS S;20682168;;AE WORKSPACE CORP 6.2 WIN PER N RNWL ESS S;AE WORKSPACE CORP 6.2 WIN PER N RNWL ESS S;AE WORKSPACE CORP 6.2 WIN PER N RNWL ESS S;AE WORKSPACE CORP 6.2 WIN PER N RNWL ESS S;;;;79;;
1;3;2094;1;14,4648;11,76;AE WORKSPACE CORP 6.2 WIN PER U BDL BAS S;20682169;;AE WORKSPACE CORP 6.2 WIN PER U BDL BAS S;AE WORKSPACE CORP 6.2 WIN PER U BDL BAS S;AE WORKSPACE CORP 6.2 WIN PER U BDL BAS S;AE WORKSPACE CORP 6.2 WIN PER U BDL BAS S;;;;79;;
1;3;2094;1;14,4648;11,76;AE WORKSPACE CORP 6.2 WIN PER U RNWL BAS S;20682170;;AE WORKSPACE CORP 6.2 WIN PER U RNWL BAS S;AE WORKSPACE CORP 6.2 WIN PER U RNWL BAS S;AE WORKSPACE CORP 6.2 WIN PER U RNWL BAS S;AE WORKSPACE CORP 6.2 WIN PER U RNWL BAS S;;;;79;;
1;3;2094;1;5,3013;4,31;GOV WORKSPACE VIRT 6.1 WIN PER N BDL BAS S;20682172;;GOV WORKSPACE VIRT 6.1 WIN PER N BDL BAS S;GOV WORKSPACE VIRT 6.1 WIN PER N BDL BAS S;GOV WORKSPACE VIRT 6.1 WIN PER N BDL BAS S;GOV WORKSPACE VIRT 6.1 WIN PER N BDL BAS S;;;;79;;
1;3;2094;1;6,765;5,5;GOV WORKSPACE VIRT 6.1 WIN PER N RNWL ESS S;20682173;;GOV WORKSPACE VIRT 6.1 WIN PER N RNWL ESS S;GOV WORKSPACE VIRT 6.1 WIN PER N RNWL ESS S;GOV WORKSPACE VIRT 6.1 WIN PER N RNWL ESS S;GOV WORKSPACE VIRT 6.1 WIN PER N RNWL ESS S;;;;79;;
1;3;2094;1;28,9542;23,54;AE WORKSPACE CORP WEB CLT 6.2 WIN CONCUR BDL BAS S;20682174;;AE WORKSPACE CORP WEB CLT 6.2 WIN CONCUR BDL BAS S;AE WORKSPACE CORP WEB CLT 6.2 WIN CONCUR BDL BAS S;AE WORKSPACE CORP WEB CLT 6.2 WIN CONCUR BDL BAS S;AE WORKSPACE CORP WEB CLT 6.2 WIN CONCUR BDL BAS S;;;;79;;
1;3;2094;1;36,9984;30,08;AE WORKSPACE CORP WEB CLT 6.2 WIN CONCUR RNWL ESS S;20682175;;AE WORKSPACE CORP WEB CLT 6.2 WIN CONCUR RNWL ESS S;AE WORKSPACE CORP WEB CLT 6.2 WIN CONCUR RNWL ESS S;AE WORKSPACE CORP WEB CLT 6.2 WIN CONCUR RNWL ESS S;AE WORKSPACE CORP WEB CLT 6.2 WIN CONCUR RNWL ESS S;;;;79;;
1;3;2094;1;14,4648;11,76;AE WORKSPACE REM 6.2 WIN PER U BDL BAS S;20682181;;AE WORKSPACE REM 6.2 WIN PER U BDL BAS S;AE WORKSPACE REM 6.2 WIN PER U BDL BAS S;AE WORKSPACE REM 6.2 WIN PER U BDL BAS S;AE WORKSPACE REM 6.2 WIN PER U BDL BAS S;;;;79;;
1;3;2094;1;14,4648;11,76;AE WORKSPACE REM 6.2 WIN PER U RNWL BAS S;20682182;;AE WORKSPACE REM 6.2 WIN PER U RNWL BAS S;AE WORKSPACE REM 6.2 WIN PER U RNWL BAS S;AE WORKSPACE REM 6.2 WIN PER U RNWL BAS S;AE WORKSPACE REM 6.2 WIN PER U RNWL BAS S;;;;79;;
1;3;2094;1;21,1806;17,22;GOV WORKSPACE REM 6.2 WIN PER U RNWL BAS S;20682183;;GOV WORKSPACE REM 6.2 WIN PER U RNWL BAS S;GOV WORKSPACE REM 6.2 WIN PER U RNWL BAS S;GOV WORKSPACE REM 6.2 WIN PER U RNWL BAS S;GOV WORKSPACE REM 6.2 WIN PER U RNWL BAS S;;;;79;;
1;3;2094;1;5,6211;4,57;AE WORKSPACE STREAM 6.1 WIN PER N RNWL BAS S;20682184;;AE WORKSPACE STREAM 6.1 WIN PER N RNWL BAS S;AE WORKSPACE STREAM 6.1 WIN PER N RNWL BAS S;AE WORKSPACE STREAM 6.1 WIN PER N RNWL BAS S;AE WORKSPACE STREAM 6.1 WIN PER N RNWL BAS S;;;;79;;
1;3;2094;1;6,765;5,5;GOV WORKSPACE VIRT 6.1 WIN PER N BDL ESS S;20682187;;GOV WORKSPACE VIRT 6.1 WIN PER N BDL ESS S;GOV WORKSPACE VIRT 6.1 WIN PER N BDL ESS S;GOV WORKSPACE VIRT 6.1 WIN PER N BDL ESS S;GOV WORKSPACE VIRT 6.1 WIN PER N BDL ESS S;;;;79;;
1;3;2094;1;10,5903;8,61;GOV WORKSPACE VIRT TERM SVR 6.1 WIN U RNWL BAS S;20682188;;GOV WORKSPACE VIRT TERM SVR 6.1 WIN U RNWL BAS S;GOV WORKSPACE VIRT TERM SVR 6.1 WIN U RNWL BAS S;GOV WORKSPACE VIRT TERM SVR 6.1 WIN U RNWL BAS S;GOV WORKSPACE VIRT TERM SVR 6.1 WIN U RNWL BAS S;;;;79;;
1;3;2094;1;9,2496;7,52;AE WORKSPACE VIRT TERM6.1 WIN P CONCUR U RNWL ESS S;20682189;;AE WORKSPACE VIRT TERM6.1 WIN P CONCUR U RNWL ESS S;AE WORKSPACE VIRT TERM6.1 WIN P CONCUR U RNWL ESS S;AE WORKSPACE VIRT TERM6.1 WIN P CONCUR U RNWL ESS S;AE WORKSPACE VIRT TERM6.1 WIN P CONCUR U RNWL ESS S;;;;79;;
1;3;2094;1;9,2496;7,52;AE WORKSPACE VIRT TERM6.1 WIN P CONCUR U BDL ESS S;20682193;;AE WORKSPACE VIRT TERM6.1 WIN P CONCUR U BDL ESS S;AE WORKSPACE VIRT TERM6.1 WIN P CONCUR U BDL ESS S;AE WORKSPACE VIRT TERM6.1 WIN P CONCUR U BDL ESS S;AE WORKSPACE VIRT TERM6.1 WIN P CONCUR U BDL ESS S;;;;79;;
1;3;2094;1;21,1806;17,22;GOV WORKSPACE CORP6.2 WIN PER U RNWL BAS S;20682194;;GOV WORKSPACE CORP6.2 WIN PER U RNWL BAS S;GOV WORKSPACE CORP6.2 WIN PER U RNWL BAS S;GOV WORKSPACE CORP6.2 WIN PER U RNWL BAS S;GOV WORKSPACE CORP6.2 WIN PER U RNWL BAS S;;;;79;;
1;3;2094;1;40,5777;32,99;GOV WORKSPACE CORP6.2 WIN PER N BDL ESS S;20682198;;GOV WORKSPACE CORP6.2 WIN PER N BDL ESS S;GOV WORKSPACE CORP6.2 WIN PER N BDL ESS S;GOV WORKSPACE CORP6.2 WIN PER N BDL ESS S;GOV WORKSPACE CORP6.2 WIN PER N BDL ESS S;;;;79;;
1;3;2094;1;18,4992;15,04;AE WORKSPACE CORP 6.2 WIN PER U BDL ESS S;20682199;;AE WORKSPACE CORP 6.2 WIN PER U BDL ESS S;AE WORKSPACE CORP 6.2 WIN PER U BDL ESS S;AE WORKSPACE CORP 6.2 WIN PER U BDL ESS S;AE WORKSPACE CORP 6.2 WIN PER U BDL ESS S;;;;79;;
1;3;2094;1;4,6248;3,76;AE WORKSPACE VIRT 6.1 WIN PER N RNWL ESS S;20682203;;AE WORKSPACE VIRT 6.1 WIN PER N RNWL ESS S;AE WORKSPACE VIRT 6.1 WIN PER N RNWL ESS S;AE WORKSPACE VIRT 6.1 WIN PER N RNWL ESS S;AE WORKSPACE VIRT 6.1 WIN PER N RNWL ESS S;;;;79;;
1;3;2094;1;7,2324;5,88;AE WORKSPACE VIRT TERM6.1 WIN P CONCUR U RNWL BAS S;20682204;;AE WORKSPACE VIRT TERM6.1 WIN P CONCUR U RNWL BAS S;AE WORKSPACE VIRT TERM6.1 WIN P CONCUR U RNWL BAS S;AE WORKSPACE VIRT TERM6.1 WIN P CONCUR U RNWL BAS S;AE WORKSPACE VIRT TERM6.1 WIN P CONCUR U RNWL BAS S;;;;79;;
1;3;2094;1;10,9347;8,89;AE WORKSPACE STREAM TERM 6.1 WIN CONCUR RNWL BAS S;20682207;;AE WORKSPACE STREAM TERM 6.1 WIN CONCUR RNWL BAS S;AE WORKSPACE STREAM TERM 6.1 WIN CONCUR RNWL BAS S;AE WORKSPACE STREAM TERM 6.1 WIN CONCUR RNWL BAS S;AE WORKSPACE STREAM TERM 6.1 WIN CONCUR RNWL BAS S;;;;79;;
1;3;2094;1;16,0023;13,01;GOV WORKSPACE STREAM TERM SVR6.1 WIN P U RNWL BAS S;20682208;;GOV WORKSPACE STREAM TERM SVR6.1 WIN P U RNWL BAS S;GOV WORKSPACE STREAM TERM SVR6.1 WIN P U RNWL BAS S;GOV WORKSPACE STREAM TERM SVR6.1 WIN P U RNWL BAS S;GOV WORKSPACE STREAM TERM SVR6.1 WIN P U RNWL BAS S;;;;79;;
1;3;2094;1;13,9851;11,37;AE WORKSPACE STREAM TERM 6.1 WIN CONCUR RNWL ESS S;20682209;;AE WORKSPACE STREAM TERM 6.1 WIN CONCUR RNWL ESS S;AE WORKSPACE STREAM TERM 6.1 WIN CONCUR RNWL ESS S;AE WORKSPACE STREAM TERM 6.1 WIN CONCUR RNWL ESS S;AE WORKSPACE STREAM TERM 6.1 WIN CONCUR RNWL ESS S;;;;79;;
1;3;2094;1;1448,7309;1177,83;GOV WISE STUDIO ENT MGMT SVR 8 WIN U V/U LIC S BAS;20686040;;GOV WISE STUDIO ENT MGMT SVR 8 WIN U V/U LIC S BAS;GOV WISE STUDIO ENT MGMT SVR 8 WIN U V/U LIC S BAS;GOV WISE STUDIO ENT MGMT SVR 8 WIN U V/U LIC S BAS;GOV WISE STUDIO ENT MGMT SVR 8 WIN U V/U LIC S BAS;;;;79;;
1;3;2094;1;3429,7689;2788,43;AE WISE PK STUDIO PRO 8.0 WIN PER U STD LIC S BAS;20686041;;AE WISE PK STUDIO PRO 8.0 WIN PER U STD LIC S BAS;AE WISE PK STUDIO PRO 8.0 WIN PER U STD LIC S BAS;AE WISE PK STUDIO PRO 8.0 WIN PER U STD LIC S BAS;AE WISE PK STUDIO PRO 8.0 WIN PER U STD LIC S BAS;;;;79;;
1;3;2094;1;2161,9833;1757,71;AE WISE PK STUDIO QA 8.0 WIN P U BDL STD LIC S BAS;20686042;;AE WISE PK STUDIO QA 8.0 WIN P U BDL STD LIC S BAS;AE WISE PK STUDIO QA 8.0 WIN P U BDL STD LIC S BAS;AE WISE PK STUDIO QA 8.0 WIN P U BDL STD LIC S BAS;AE WISE PK STUDIO QA 8.0 WIN P U BDL STD LIC S BAS;;;;79;;
1;3;2094;1;1341,6348;1090,76;AE WISE PK STUDIO STD 8.0 WIN P U BDL STD LIC S BAS;20686043;;AE WISE PK STUDIO STD 8.0 WIN P U BDL STD LIC S BAS;AE WISE PK STUDIO STD 8.0 WIN P U BDL STD LIC S BAS;AE WISE PK STUDIO STD 8.0 WIN P U BDL STD LIC S BAS;AE WISE PK STUDIO STD 8.0 WIN P U BDL STD LIC S BAS;;;;79;;
1;3;2094;1;1789,1088;1454,56;AE WISE STUDIO ENT MGMT 8.0 WIN P U STD LIC S BAS;20686044;;AE WISE STUDIO ENT MGMT 8.0 WIN P U STD LIC S BAS;AE WISE STUDIO ENT MGMT 8.0 WIN P U STD LIC S BAS;AE WISE STUDIO ENT MGMT 8.0 WIN P U STD LIC S BAS;AE WISE STUDIO ENT MGMT 8.0 WIN P U STD LIC S BAS;;;;79;;
1;3;2094;1;1643,5137;1336,19;GOV WISE PK STUDIO STD ED 8 WIN U BDL STD LIC S BAS;20686045;;GOV WISE PK STUDIO STD ED 8 WIN U BDL STD LIC S BAS;GOV WISE PK STUDIO STD ED 8 WIN U BDL STD LIC S BAS;GOV WISE PK STUDIO STD ED 8 WIN U BDL STD LIC S BAS;GOV WISE PK STUDIO STD ED 8 WIN U BDL STD LIC S BAS;;;;79;;
1;3;2094;1;2191,6509;1781,83;GOV WISE STUDIO ENT MGMT SVR 8 WIN U STD LIC S BAS;20686046;;GOV WISE STUDIO ENT MGMT SVR 8 WIN U STD LIC S BAS;GOV WISE STUDIO ENT MGMT SVR 8 WIN U STD LIC S BAS;GOV WISE STUDIO ENT MGMT SVR 8 WIN U STD LIC S BAS;GOV WISE STUDIO ENT MGMT SVR 8 WIN U STD LIC S BAS;;;;79;;
1;3;2094;1;1182,6327;961,49;AE WISE STUDIO ENT MGMT 8.0 WIN P U V/U LIC S BAS;20686047;;AE WISE STUDIO ENT MGMT 8.0 WIN P U V/U LIC S BAS;AE WISE STUDIO ENT MGMT 8.0 WIN P U V/U LIC S BAS;AE WISE STUDIO ENT MGMT 8.0 WIN P U V/U LIC S BAS;AE WISE STUDIO ENT MGMT 8.0 WIN P U V/U LIC S BAS;;;;79;;
1;3;2094;1;4201,4709;3415,83;GOV WISE PK STUDIO PRO ED 8 WIN U BDL STD LIC S BAS;20686048;;GOV WISE PK STUDIO PRO ED 8 WIN U BDL STD LIC S BAS;GOV WISE PK STUDIO PRO ED 8 WIN U BDL STD LIC S BAS;GOV WISE PK STUDIO PRO ED 8 WIN U BDL STD LIC S BAS;GOV WISE PK STUDIO PRO ED 8 WIN U BDL STD LIC S BAS;;;;79;;
1;3;2094;1;2777,2539;2257,93;GOV WISE PK STUDIO PRO ED 8 WIN U BDL V/U LIC S BAS;20686049;;GOV WISE PK STUDIO PRO ED 8 WIN U BDL V/U LIC S BAS;GOV WISE PK STUDIO PRO ED 8 WIN U BDL V/U LIC S BAS;GOV WISE PK STUDIO PRO ED 8 WIN U BDL V/U LIC S BAS;GOV WISE PK STUDIO PRO ED 8 WIN U BDL V/U LIC S BAS;;;;79;;
1;3;2094;1;2267,1483;1843,21;AE WISE PK STUDIO PRO 8.0 WIN PER U V/U LIC S BAS;20686050;;AE WISE PK STUDIO PRO 8.0 WIN PER U V/U LIC S BAS;AE WISE PK STUDIO PRO 8.0 WIN PER U V/U LIC S BAS;AE WISE PK STUDIO PRO 8.0 WIN PER U V/U LIC S BAS;AE WISE PK STUDIO PRO 8.0 WIN PER U V/U LIC S BAS;;;;79;;
1;3;2094;1;2648,4237;2153,19;GOV WISE STUDIO QUALITY ASSUR 8 WIN STD LIC S BAS;20686051;;GOV WISE STUDIO QUALITY ASSUR 8 WIN STD LIC S BAS;GOV WISE STUDIO QUALITY ASSUR 8 WIN STD LIC S BAS;GOV WISE STUDIO QUALITY ASSUR 8 WIN STD LIC S BAS;GOV WISE STUDIO QUALITY ASSUR 8 WIN STD LIC S BAS;;;;79;;
1;3;2094;1;1750,6467;1423,29;GOV WISE STUDIO QUALITY ASSUR 8 WIN V/U LIC S BAS;20686052;;GOV WISE STUDIO QUALITY ASSUR 8 WIN V/U LIC S BAS;GOV WISE STUDIO QUALITY ASSUR 8 WIN V/U LIC S BAS;GOV WISE STUDIO QUALITY ASSUR 8 WIN V/U LIC S BAS;GOV WISE STUDIO QUALITY ASSUR 8 WIN V/U LIC S BAS;;;;79;;
1;3;2094;1;886,8546;721,02;AE WISE PK STUDIO STD 8.0 WIN P U BDL V/U LIC S BAS;20686053;;AE WISE PK STUDIO STD 8.0 WIN P U BDL V/U LIC S BAS;AE WISE PK STUDIO STD 8.0 WIN P U BDL V/U LIC S BAS;AE WISE PK STUDIO STD 8.0 WIN P U BDL V/U LIC S BAS;AE WISE PK STUDIO STD 8.0 WIN P U BDL V/U LIC S BAS;;;;79;;
1;3;2094;1;1086,3852;883,24;GOV WISE PK STUDIO STD ED 8 WIN U BDL V/U LIC S BAS;20686054;;GOV WISE PK STUDIO STD ED 8 WIN U BDL V/U LIC S BAS;GOV WISE PK STUDIO STD ED 8 WIN U BDL V/U LIC S BAS;GOV WISE PK STUDIO STD ED 8 WIN U BDL V/U LIC S BAS;GOV WISE PK STUDIO STD ED 8 WIN U BDL V/U LIC S BAS;;;;79;;
1;3;2094;1;1429,1247;1161,89;AE WISE PK STUDIO QA 8.0 WIN P U BDL V/U LIC S BAS;20686055;;AE WISE PK STUDIO QA 8.0 WIN P U BDL V/U LIC S BAS;AE WISE PK STUDIO QA 8.0 WIN P U BDL V/U LIC S BAS;AE WISE PK STUDIO QA 8.0 WIN P U BDL V/U LIC S BAS;AE WISE PK STUDIO QA 8.0 WIN P U BDL V/U LIC S BAS;;;;79;;
1;3;2094;1;6486,6633;5273,71;AE WISE PK STUDIO STE 8.0 WIN P U BDL STD LIC S BAS;20686056;;AE WISE PK STUDIO STE 8.0 WIN P U BDL STD LIC S BAS;AE WISE PK STUDIO STE 8.0 WIN P U BDL STD LIC S BAS;AE WISE PK STUDIO STE 8.0 WIN P U BDL STD LIC S BAS;AE WISE PK STUDIO STE 8.0 WIN P U BDL STD LIC S BAS;;;;79;;
1;3;2094;1;7946,1444;6460,28;GOV WISE PK STUDIO STE8.0 WIN P U BDL STD LIC S BAS;20686057;;GOV WISE PK STUDIO STE8.0 WIN P U BDL STD LIC S BAS;GOV WISE PK STUDIO STE8.0 WIN P U BDL STD LIC S BAS;GOV WISE PK STUDIO STE8.0 WIN P U BDL STD LIC S BAS;GOV WISE PK STUDIO STE8.0 WIN P U BDL STD LIC S BAS;;;;79;;
1;3;2094;1;4287,7923;3486,01;AE WISE PK STUDIO STE 8.0 WIN P U BDL V/U LIC S BAS;20686058;;AE WISE PK STUDIO STE 8.0 WIN P U BDL V/U LIC S BAS;AE WISE PK STUDIO STE 8.0 WIN P U BDL V/U LIC S BAS;AE WISE PK STUDIO STE 8.0 WIN P U BDL V/U LIC S BAS;AE WISE PK STUDIO STE 8.0 WIN P U BDL V/U LIC S BAS;;;;79;;
1;3;2094;1;5252,5428;4270,36;GOV WISE PK STUDIO STE8.0 WIN P U BDL V/U LIC S BAS;20686059;;GOV WISE PK STUDIO STE8.0 WIN P U BDL V/U LIC S BAS;GOV WISE PK STUDIO STE8.0 WIN P U BDL V/U LIC S BAS;GOV WISE PK STUDIO STE8.0 WIN P U BDL V/U LIC S BAS;GOV WISE PK STUDIO STE8.0 WIN P U BDL V/U LIC S BAS;;;;79;;
1;3;2094;1;93,8613;76,31;AE DEPLOYMENT SOL SVR 7.1 XPLAT PER N STD LIC S BAS;20688081;;AE DEPLOYMENT SOL SVR 7.1 XPLAT PER N STD LIC S BAS;AE DEPLOYMENT SOL SVR 7.1 XPLAT PER N STD LIC S BAS;AE DEPLOYMENT SOL SVR 7.1 XPLAT PER N STD LIC S BAS;AE DEPLOYMENT SOL SVR 7.1 XPLAT PER N STD LIC S BAS;;;;79;;
1;3;2094;1;97,8465;79,55;AE DEPLOYMENT SOL SVR 7.1 XPLAT PER N STD LIC S ESS;20688082;;AE DEPLOYMENT SOL SVR 7.1 XPLAT PER N STD LIC S ESS;AE DEPLOYMENT SOL SVR 7.1 XPLAT PER N STD LIC S ESS;AE DEPLOYMENT SOL SVR 7.1 XPLAT PER N STD LIC S ESS;AE DEPLOYMENT SOL SVR 7.1 XPLAT PER N STD LIC S ESS;;;;79;;
1;3;2094;1;143,1105;116,35;GOV DEPLOYMENT SOL SVR7.1 XPLAT N BDL STD LIC S ESS;20688083;;GOV DEPLOYMENT SOL SVR7.1 XPLAT N BDL STD LIC S ESS;GOV DEPLOYMENT SOL SVR7.1 XPLAT N BDL STD LIC S ESS;GOV DEPLOYMENT SOL SVR7.1 XPLAT N BDL STD LIC S ESS;GOV DEPLOYMENT SOL SVR7.1 XPLAT N BDL STD LIC S ESS;;;;79;;
1;3;2094;1;62,0412;50,44;AE DEPLOYMENT SOL SVR 7.1 XPLAT PER N V/U LIC S BAS;20688084;;AE DEPLOYMENT SOL SVR 7.1 XPLAT PER N V/U LIC S BAS;AE DEPLOYMENT SOL SVR 7.1 XPLAT PER N V/U LIC S BAS;AE DEPLOYMENT SOL SVR 7.1 XPLAT PER N V/U LIC S BAS;AE DEPLOYMENT SOL SVR 7.1 XPLAT PER N V/U LIC S BAS;;;;79;;
1;3;2094;1;66,0264;53,68;AE DEPLOYMENT SOL SVR 7.1 XPLAT PER N V/U LIC S ESS;20688085;;AE DEPLOYMENT SOL SVR 7.1 XPLAT PER N V/U LIC S ESS;AE DEPLOYMENT SOL SVR 7.1 XPLAT PER N V/U LIC S ESS;AE DEPLOYMENT SOL SVR 7.1 XPLAT PER N V/U LIC S ESS;AE DEPLOYMENT SOL SVR 7.1 XPLAT PER N V/U LIC S ESS;;;;79;;
1;3;2094;1;90,7494;73,78;GOV DEPLOYMENT SOL SVR7.1 XPLAT N BDL V/U LIC S BAS;20688086;;GOV DEPLOYMENT SOL SVR7.1 XPLAT N BDL V/U LIC S BAS;GOV DEPLOYMENT SOL SVR7.1 XPLAT N BDL V/U LIC S BAS;GOV DEPLOYMENT SOL SVR7.1 XPLAT N BDL V/U LIC S BAS;GOV DEPLOYMENT SOL SVR7.1 XPLAT N BDL V/U LIC S BAS;;;;79;;
1;3;2094;1;96,5673;78,51;GOV DEPLOYMENT SOL SVR7.1 XPLAT N BDL V/U LIC S ESS;20688087;;GOV DEPLOYMENT SOL SVR7.1 XPLAT N BDL V/U LIC S ESS;GOV DEPLOYMENT SOL SVR7.1 XPLAT N BDL V/U LIC S ESS;GOV DEPLOYMENT SOL SVR7.1 XPLAT N BDL V/U LIC S ESS;GOV DEPLOYMENT SOL SVR7.1 XPLAT N BDL V/U LIC S ESS;;;;79;;
1;3;2094;1;137,2803;111,61;GOV DEPLOYMENT SOL SVR7.1 XPLAT N BDL STD LIC S BAS;20688095;;GOV DEPLOYMENT SOL SVR7.1 XPLAT N BDL STD LIC S BAS;GOV DEPLOYMENT SOL SVR7.1 XPLAT N BDL STD LIC S BAS;GOV DEPLOYMENT SOL SVR7.1 XPLAT N BDL STD LIC S BAS;GOV DEPLOYMENT SOL SVR7.1 XPLAT N BDL STD LIC S BAS;;;;79;;
1;3;2094;1;3,5916;2,92;AE DEPLOY SOL THIN CLT 6.9 XPLAT PER N ESS S;20690022;;AE DEPLOY SOL THIN CLT 6.9 XPLAT PER N ESS S;AE DEPLOY SOL THIN CLT 6.9 XPLAT PER N ESS S;AE DEPLOY SOL THIN CLT 6.9 XPLAT PER N ESS S;AE DEPLOY SOL THIN CLT 6.9 XPLAT PER N ESS S;;;;79;;
1;3;2094;1;5,2644;4,28;GOV DEPLOY SOL THIN CLT 6.9XPLAT PER N RNWL ESS S;20690043;;GOV DEPLOY SOL THIN CLT 6.9XPLAT PER N RNWL ESS S;GOV DEPLOY SOL THIN CLT 6.9XPLAT PER N RNWL ESS S;GOV DEPLOY SOL THIN CLT 6.9XPLAT PER N RNWL ESS S;GOV DEPLOY SOL THIN CLT 6.9XPLAT PER N RNWL ESS S;;;;79;;
1;3;2094;1;20,9838;17,06;ALTIRIS TOTAL MANAGEMENT SUITE 6.5 XPLAT PER NODE RENEWAL BASIC 12 MONTHS ACAD BAND S;20690067;;ALTIRIS TOTAL MANAGEMENT SUITE 6.5 XPLAT PER NODE RENEWAL BASIC 12 MONTHS ACAD BAND S;ALTIRIS TOTAL MANAGEMENT SUITE 6.5 XPLAT PER NODE RENEWAL BASIC 12 MONTHS ACAD BAND S;ALTIRIS TOTAL MANAGEMENT SUITE 6.5 XPLAT PER NODE RENEWAL BASIC 12 MONTHS ACAD BAND S;ALTIRIS TOTAL MANAGEMENT SUITE 6.5 XPLAT PER NODE RENEWAL BASIC 12 MONTHS ACAD BAND S;;;;79;;
1;3;2094;1;3,5916;2,92;AE DEPLOY SOL THIN CLT 6.9 XPLAT P N RNWL ESS S;20690068;;AE DEPLOY SOL THIN CLT 6.9 XPLAT P N RNWL ESS S;AE DEPLOY SOL THIN CLT 6.9 XPLAT P N RNWL ESS S;AE DEPLOY SOL THIN CLT 6.9 XPLAT P N RNWL ESS S;AE DEPLOY SOL THIN CLT 6.9 XPLAT P N RNWL ESS S;;;;79;;
1;3;2094;1;4,1205;3,35;GOV DEPLOY SOL THIN CLT 6.9 XPLAT PER N BDL BAS S;20690099;;GOV DEPLOY SOL THIN CLT 6.9 XPLAT PER N BDL BAS S;GOV DEPLOY SOL THIN CLT 6.9 XPLAT PER N BDL BAS S;GOV DEPLOY SOL THIN CLT 6.9 XPLAT PER N BDL BAS S;GOV DEPLOY SOL THIN CLT 6.9 XPLAT PER N BDL BAS S;;;;79;;
1;3;2094;1;2,8167;2,29;AE DEPLOY SOL THIN CLT 6.9 XPLAT P N RNWL BAS S;20690100;;AE DEPLOY SOL THIN CLT 6.9 XPLAT P N RNWL BAS S;AE DEPLOY SOL THIN CLT 6.9 XPLAT P N RNWL BAS S;AE DEPLOY SOL THIN CLT 6.9 XPLAT P N RNWL BAS S;AE DEPLOY SOL THIN CLT 6.9 XPLAT P N RNWL BAS S;;;;79;;
1;3;2094;1;5,2644;4,28;GOV DEPLOY SOL THIN CLT 6.9 XPLAT PER N BDL ESS S;20690106;;GOV DEPLOY SOL THIN CLT 6.9 XPLAT PER N BDL ESS S;GOV DEPLOY SOL THIN CLT 6.9 XPLAT PER N BDL ESS S;GOV DEPLOY SOL THIN CLT 6.9 XPLAT PER N BDL ESS S;GOV DEPLOY SOL THIN CLT 6.9 XPLAT PER N BDL ESS S;;;;79;;
1;3;2094;1;2,8167;2,29;AE DEPLOY SOL THIN CLT 6.9 XPLAT PER N BAS S;20690132;;AE DEPLOY SOL THIN CLT 6.9 XPLAT PER N BAS S;AE DEPLOY SOL THIN CLT 6.9 XPLAT PER N BAS S;AE DEPLOY SOL THIN CLT 6.9 XPLAT PER N BAS S;AE DEPLOY SOL THIN CLT 6.9 XPLAT PER N BAS S;;;;79;;
1;3;2094;1;4,1205;3,35;GOV DEPLOY SOL THIN CLT 6.9XPLAT PER N RNWL BAS S;20690133;;GOV DEPLOY SOL THIN CLT 6.9XPLAT PER N RNWL BAS S;GOV DEPLOY SOL THIN CLT 6.9XPLAT PER N RNWL BAS S;GOV DEPLOY SOL THIN CLT 6.9XPLAT PER N RNWL BAS S;GOV DEPLOY SOL THIN CLT 6.9XPLAT PER N RNWL BAS S;;;;79;;
1;3;2094;1;94,9191;77,17;AE WORKSPACE CORP 6.2 WIN PER U BDL STD LIC S BAS;20692046;;AE WORKSPACE CORP 6.2 WIN PER U BDL STD LIC S BAS;AE WORKSPACE CORP 6.2 WIN PER U BDL STD LIC S BAS;AE WORKSPACE CORP 6.2 WIN PER U BDL STD LIC S BAS;AE WORKSPACE CORP 6.2 WIN PER U BDL STD LIC S BAS;;;;79;;
1;3;2094;1;98,9289;80,43;AE WORKSPACE CORP 6.2 WIN PER U BDL STD LIC S ESS;20692047;;AE WORKSPACE CORP 6.2 WIN PER U BDL STD LIC S ESS;AE WORKSPACE CORP 6.2 WIN PER U BDL STD LIC S ESS;AE WORKSPACE CORP 6.2 WIN PER U BDL STD LIC S ESS;AE WORKSPACE CORP 6.2 WIN PER U BDL STD LIC S ESS;;;;79;;
1;3;2094;1;97,6374;79,38;GOV WORKSPACE CORP6.2 WIN P U BDL V/PER U LIC S ESS;20692048;;GOV WORKSPACE CORP6.2 WIN P U BDL V/PER U LIC S ESS;GOV WORKSPACE CORP6.2 WIN P U BDL V/PER U LIC S ESS;GOV WORKSPACE CORP6.2 WIN P U BDL V/PER U LIC S ESS;GOV WORKSPACE CORP6.2 WIN P U BDL V/PER U LIC S ESS;;;;79;;
1;3;2094;1;189,8259;154,33;AE WORKSPACE CORP WEB CLT 6.2 WIN CONCUR LIC S BAS;20692049;;AE WORKSPACE CORP WEB CLT 6.2 WIN CONCUR LIC S BAS;AE WORKSPACE CORP WEB CLT 6.2 WIN CONCUR LIC S BAS;AE WORKSPACE CORP WEB CLT 6.2 WIN CONCUR LIC S BAS;AE WORKSPACE CORP WEB CLT 6.2 WIN CONCUR LIC S BAS;;;;79;;
1;3;2094;1;289,4313;235,31;GOV WORKSPACE CORP W/ WEB CLT 6.2 WIN STD LIC S ESS;20692050;;GOV WORKSPACE CORP W/ WEB CLT 6.2 WIN STD LIC S ESS;GOV WORKSPACE CORP W/ WEB CLT 6.2 WIN STD LIC S ESS;GOV WORKSPACE CORP W/ WEB CLT 6.2 WIN STD LIC S ESS;GOV WORKSPACE CORP W/ WEB CLT 6.2 WIN STD LIC S ESS;;;;79;;
1;3;2094;1;125,4723;102,01;AE WORKSPACE CORP WEB CLT 6.2WIN V/U LIC S BAS;20692051;;AE WORKSPACE CORP WEB CLT 6.2WIN V/U LIC S BAS;AE WORKSPACE CORP WEB CLT 6.2WIN V/U LIC S BAS;AE WORKSPACE CORP WEB CLT 6.2WIN V/U LIC S BAS;AE WORKSPACE CORP WEB CLT 6.2WIN V/U LIC S BAS;;;;79;;
1;3;2094;1;133,5288;108,56;AE WORKSPACE CORP WEB CLT 6.2WIN VU /LIC S ESS;20692052;;AE WORKSPACE CORP WEB CLT 6.2WIN VU /LIC S ESS;AE WORKSPACE CORP WEB CLT 6.2WIN VU /LIC S ESS;AE WORKSPACE CORP WEB CLT 6.2WIN VU /LIC S ESS;AE WORKSPACE CORP WEB CLT 6.2WIN VU /LIC S ESS;;;;79;;
1;3;2094;1;197,8824;160,88;AE WORKSPACE CORP WEB CLT 6.2 WIN CONCUR LIC S ESS;20692053;;AE WORKSPACE CORP WEB CLT 6.2 WIN CONCUR LIC S ESS;AE WORKSPACE CORP WEB CLT 6.2 WIN CONCUR LIC S ESS;AE WORKSPACE CORP WEB CLT 6.2 WIN CONCUR LIC S ESS;AE WORKSPACE CORP WEB CLT 6.2 WIN CONCUR LIC S ESS;;;;79;;
1;3;2094;1;277,6479;225,73;GOV WORKSPACE CORP W/ WEB CLT 6.2 WIN STD LIC S BAS;20692054;;GOV WORKSPACE CORP W/ WEB CLT 6.2 WIN STD LIC S BAS;GOV WORKSPACE CORP W/ WEB CLT 6.2 WIN STD LIC S BAS;GOV WORKSPACE CORP W/ WEB CLT 6.2 WIN STD LIC S BAS;GOV WORKSPACE CORP W/ WEB CLT 6.2 WIN STD LIC S BAS;;;;79;;
1;3;2094;1;138,8178;112,86;GOV WORKSPACE CORP6.2 WIN PER U BDL STD LIC S BAS;20692055;;GOV WORKSPACE CORP6.2 WIN PER U BDL STD LIC S BAS;GOV WORKSPACE CORP6.2 WIN PER U BDL STD LIC S BAS;GOV WORKSPACE CORP6.2 WIN PER U BDL STD LIC S BAS;GOV WORKSPACE CORP6.2 WIN PER U BDL STD LIC S BAS;;;;79;;
1;3;2094;1;144,6972;117,64;GOV WORKSPACE CORP6.2 WIN PER U BDL STD LIC S ESS;20692056;;GOV WORKSPACE CORP6.2 WIN PER U BDL STD LIC S ESS;GOV WORKSPACE CORP6.2 WIN PER U BDL STD LIC S ESS;GOV WORKSPACE CORP6.2 WIN PER U BDL STD LIC S ESS;GOV WORKSPACE CORP6.2 WIN PER U BDL STD LIC S ESS;;;;79;;
1;3;2094;1;62,7546;51,02;AE WORKSPACE CORP 6.2 WIN PER U BDL V/U U LIC S BAS;20692057;;AE WORKSPACE CORP 6.2 WIN PER U BDL V/U U LIC S BAS;AE WORKSPACE CORP 6.2 WIN PER U BDL V/U U LIC S BAS;AE WORKSPACE CORP 6.2 WIN PER U BDL V/U U LIC S BAS;AE WORKSPACE CORP 6.2 WIN PER U BDL V/U U LIC S BAS;;;;79;;
1;3;2094;1;66,7521;54,27;AE WORKSPACE CORP 6.2 WIN PER U BDL V/U U LIC S ESS;20692058;;AE WORKSPACE CORP 6.2 WIN PER U BDL V/U U LIC S ESS;AE WORKSPACE CORP 6.2 WIN PER U BDL V/U U LIC S ESS;AE WORKSPACE CORP 6.2 WIN PER U BDL V/U U LIC S ESS;AE WORKSPACE CORP 6.2 WIN PER U BDL V/U U LIC S ESS;;;;79;;
1;3;2094;1;91,758;74,6;GOV WORKSPACE CORP6.2 WIN P U BDL V/PER U LIC S BAS;20692059;;GOV WORKSPACE CORP6.2 WIN P U BDL V/PER U LIC S BAS;GOV WORKSPACE CORP6.2 WIN P U BDL V/PER U LIC S BAS;GOV WORKSPACE CORP6.2 WIN P U BDL V/PER U LIC S BAS;GOV WORKSPACE CORP6.2 WIN P U BDL V/PER U LIC S BAS;;;;79;;
1;3;2094;1;142,3725;115,75;AE WORKSPACE CORP 6.2 WIN PER N BDL STD LIC S BAS;20692060;;AE WORKSPACE CORP 6.2 WIN PER N BDL STD LIC S BAS;AE WORKSPACE CORP 6.2 WIN PER N BDL STD LIC S BAS;AE WORKSPACE CORP 6.2 WIN PER N BDL STD LIC S BAS;AE WORKSPACE CORP 6.2 WIN PER N BDL STD LIC S BAS;;;;79;;
1;3;2094;1;148,3995;120,65;AE WORKSPACE CORP 6.2 WIN PER N BDL STD LIC S ESS;20692061;;AE WORKSPACE CORP 6.2 WIN PER N BDL STD LIC S ESS;AE WORKSPACE CORP 6.2 WIN PER N BDL STD LIC S ESS;AE WORKSPACE CORP 6.2 WIN PER N BDL STD LIC S ESS;AE WORKSPACE CORP 6.2 WIN PER N BDL STD LIC S ESS;;;;79;;
1;3;2094;1;208,239;169,3;GOV WORKSPACE CORP6.2 WIN PER N BDL STD LIC S BAS;20692062;;GOV WORKSPACE CORP6.2 WIN PER N BDL STD LIC S BAS;GOV WORKSPACE CORP6.2 WIN PER N BDL STD LIC S BAS;GOV WORKSPACE CORP6.2 WIN PER N BDL STD LIC S BAS;GOV WORKSPACE CORP6.2 WIN PER N BDL STD LIC S BAS;;;;79;;
1;3;2094;1;217,0704;176,48;GOV WORKSPACE CORP6.2 WIN PER N BDL STD LIC S ESS;20692063;;GOV WORKSPACE CORP6.2 WIN PER N BDL STD LIC S ESS;GOV WORKSPACE CORP6.2 WIN PER N BDL STD LIC S ESS;GOV WORKSPACE CORP6.2 WIN PER N BDL STD LIC S ESS;GOV WORKSPACE CORP6.2 WIN PER N BDL STD LIC S ESS;;;;79;;
1;3;2094;1;94,1073;76,51;AE WORKSPACE CORP 6.2 WIN PER N BDL V/U U LIC S BAS;20692064;;AE WORKSPACE CORP 6.2 WIN PER N BDL V/U U LIC S BAS;AE WORKSPACE CORP 6.2 WIN PER N BDL V/U U LIC S BAS;AE WORKSPACE CORP 6.2 WIN PER N BDL V/U U LIC S BAS;AE WORKSPACE CORP 6.2 WIN PER N BDL V/U U LIC S BAS;;;;79;;
1;3;2094;1;100,1466;81,42;AE WORKSPACE CORP 6.2 WIN PER N BDL V/U U LIC S ESS;20692065;;AE WORKSPACE CORP 6.2 WIN PER N BDL V/U U LIC S ESS;AE WORKSPACE CORP 6.2 WIN PER N BDL V/U U LIC S ESS;AE WORKSPACE CORP 6.2 WIN PER N BDL V/U U LIC S ESS;AE WORKSPACE CORP 6.2 WIN PER N BDL V/U U LIC S ESS;;;;79;;
1;3;2094;1;137,6616;111,92;GOV WORKSPACE CORP6.2 WIN P N BDL V/PER U LIC S BAS;20692066;;GOV WORKSPACE CORP6.2 WIN P N BDL V/PER U LIC S BAS;GOV WORKSPACE CORP6.2 WIN P N BDL V/PER U LIC S BAS;GOV WORKSPACE CORP6.2 WIN P N BDL V/PER U LIC S BAS;GOV WORKSPACE CORP6.2 WIN P N BDL V/PER U LIC S BAS;;;;79;;
1;3;2094;1;146,4807;119,09;GOV WORKSPACE CORP6.2 WIN P N BDL V/PER U LIC S ESS;20692067;;GOV WORKSPACE CORP6.2 WIN P N BDL V/PER U LIC S ESS;GOV WORKSPACE CORP6.2 WIN P N BDL V/PER U LIC S ESS;GOV WORKSPACE CORP6.2 WIN P N BDL V/PER U LIC S ESS;GOV WORKSPACE CORP6.2 WIN P N BDL V/PER U LIC S ESS;;;;79;;
1;3;2094;1;183,5283;149,21;GOV WORKSPACE CORP W/ WEB CLT 6.2 WIN V/U LIC S BAS;20692083;;GOV WORKSPACE CORP W/ WEB CLT 6.2 WIN V/U LIC S BAS;GOV WORKSPACE CORP W/ WEB CLT 6.2 WIN V/U LIC S BAS;GOV WORKSPACE CORP W/ WEB CLT 6.2 WIN V/U LIC S BAS;GOV WORKSPACE CORP W/ WEB CLT 6.2 WIN V/U LIC S BAS;;;;79;;
1;3;2094;1;195,2994;158,78;GOV WORKSPACE CORP W/ WEB CLT 6.2 WIN V/U LIC S ESS;20692084;;GOV WORKSPACE CORP W/ WEB CLT 6.2 WIN V/U LIC S ESS;GOV WORKSPACE CORP W/ WEB CLT 6.2 WIN V/U LIC S ESS;GOV WORKSPACE CORP W/ WEB CLT 6.2 WIN V/U LIC S ESS;GOV WORKSPACE CORP W/ WEB CLT 6.2 WIN V/U LIC S ESS;;;;79;;
1;3;2094;1;217,0704;176,48;GOV WORKSPACE REM 6.2 WIN PER N BDL STD LIC S ESS;20692113;;GOV WORKSPACE REM 6.2 WIN PER N BDL STD LIC S ESS;GOV WORKSPACE REM 6.2 WIN PER N BDL STD LIC S ESS;GOV WORKSPACE REM 6.2 WIN PER N BDL STD LIC S ESS;GOV WORKSPACE REM 6.2 WIN PER N BDL STD LIC S ESS;;;;79;;
1;3;2094;1;94,1073;76,51;AE WORKSPACE REM 6.2 WIN PER N BDL V/U LIC S BAS;20692114;;AE WORKSPACE REM 6.2 WIN PER N BDL V/U LIC S BAS;AE WORKSPACE REM 6.2 WIN PER N BDL V/U LIC S BAS;AE WORKSPACE REM 6.2 WIN PER N BDL V/U LIC S BAS;AE WORKSPACE REM 6.2 WIN PER N BDL V/U LIC S BAS;;;;79;;
1;3;2094;1;138,8178;112,86;GOV WORKSPACE REM 6.2 WIN PER U BDL STD LIC S BAS;20692115;;GOV WORKSPACE REM 6.2 WIN PER U BDL STD LIC S BAS;GOV WORKSPACE REM 6.2 WIN PER U BDL STD LIC S BAS;GOV WORKSPACE REM 6.2 WIN PER U BDL STD LIC S BAS;GOV WORKSPACE REM 6.2 WIN PER U BDL STD LIC S BAS;;;;79;;
1;3;2094;1;144,6972;117,64;GOV WORKSPACE REM 6.2 WIN PER U BDL STD LIC S ESS;20692116;;GOV WORKSPACE REM 6.2 WIN PER U BDL STD LIC S ESS;GOV WORKSPACE REM 6.2 WIN PER U BDL STD LIC S ESS;GOV WORKSPACE REM 6.2 WIN PER U BDL STD LIC S ESS;GOV WORKSPACE REM 6.2 WIN PER U BDL STD LIC S ESS;;;;79;;
1;3;2094;1;97,6374;79,38;GOV WORKSPACE REM 6.2 WIN PER U BDL V/U LIC S ESS;20692117;;GOV WORKSPACE REM 6.2 WIN PER U BDL V/U LIC S ESS;GOV WORKSPACE REM 6.2 WIN PER U BDL V/U LIC S ESS;GOV WORKSPACE REM 6.2 WIN PER U BDL V/U LIC S ESS;GOV WORKSPACE REM 6.2 WIN PER U BDL V/U LIC S ESS;;;;79;;
1;3;2094;1;36,9123;30,01;AE WORKSPACE STREAM 6.1 WIN P N BDL STD LIC S BAS;20692118;;AE WORKSPACE STREAM 6.1 WIN P N BDL STD LIC S BAS;AE WORKSPACE STREAM 6.1 WIN P N BDL STD LIC S BAS;AE WORKSPACE STREAM 6.1 WIN P N BDL STD LIC S BAS;AE WORKSPACE STREAM 6.1 WIN P N BDL STD LIC S BAS;;;;79;;
1;3;2094;1;38,4867;31,29;AE WORKSPACE STREAM 6.1 WIN P N BDL STD LIC S ESS;20692119;;AE WORKSPACE STREAM 6.1 WIN P N BDL STD LIC S ESS;AE WORKSPACE STREAM 6.1 WIN P N BDL STD LIC S ESS;AE WORKSPACE STREAM 6.1 WIN P N BDL STD LIC S ESS;AE WORKSPACE STREAM 6.1 WIN P N BDL STD LIC S ESS;;;;79;;
1;3;2094;1;62,7546;51,02;AE WORKSPACE REM 6.2 WIN PER U BDL V/U LIC S BAS;20692120;;AE WORKSPACE REM 6.2 WIN PER U BDL V/U LIC S BAS;AE WORKSPACE REM 6.2 WIN PER U BDL V/U LIC S BAS;AE WORKSPACE REM 6.2 WIN PER U BDL V/U LIC S BAS;AE WORKSPACE REM 6.2 WIN PER U BDL V/U LIC S BAS;;;;79;;
1;3;2094;1;66,7521;54,27;AE WORKSPACE REM 6.2 WIN PER U BDL V/U LIC S ESS;20692121;;AE WORKSPACE REM 6.2 WIN PER U BDL V/U LIC S ESS;AE WORKSPACE REM 6.2 WIN PER U BDL V/U LIC S ESS;AE WORKSPACE REM 6.2 WIN PER U BDL V/U LIC S ESS;AE WORKSPACE REM 6.2 WIN PER U BDL V/U LIC S ESS;;;;79;;
1;3;2094;1;91,758;74,6;GOV WORKSPACE REM 6.2 WIN PER U BDL V/U LIC S BAS;20692122;;GOV WORKSPACE REM 6.2 WIN PER U BDL V/U LIC S BAS;GOV WORKSPACE REM 6.2 WIN PER U BDL V/U LIC S BAS;GOV WORKSPACE REM 6.2 WIN PER U BDL V/U LIC S BAS;GOV WORKSPACE REM 6.2 WIN PER U BDL V/U LIC S BAS;;;;79;;
1;3;2094;1;100,1466;81,42;AE WORKSPACE REM 6.2 WIN PER N BDL V/U LIC S ESS;20692123;;AE WORKSPACE REM 6.2 WIN PER N BDL V/U LIC S ESS;AE WORKSPACE REM 6.2 WIN PER N BDL V/U LIC S ESS;AE WORKSPACE REM 6.2 WIN PER N BDL V/U LIC S ESS;AE WORKSPACE REM 6.2 WIN PER N BDL V/U LIC S ESS;;;;79;;
1;3;2094;1;137,6616;111,92;GOV WORKSPACE REM 6.2 WIN PER N BDL V/U LIC S BAS;20692124;;GOV WORKSPACE REM 6.2 WIN PER N BDL V/U LIC S BAS;GOV WORKSPACE REM 6.2 WIN PER N BDL V/U LIC S BAS;GOV WORKSPACE REM 6.2 WIN PER N BDL V/U LIC S BAS;GOV WORKSPACE REM 6.2 WIN PER N BDL V/U LIC S BAS;;;;79;;
1;3;2094;1;146,4807;119,09;GOV WORKSPACE REM 6.2 WIN PER N BDL V/U LIC S ESS;20692125;;GOV WORKSPACE REM 6.2 WIN PER N BDL V/U LIC S ESS;GOV WORKSPACE REM 6.2 WIN PER N BDL V/U LIC S ESS;GOV WORKSPACE REM 6.2 WIN PER N BDL V/U LIC S ESS;GOV WORKSPACE REM 6.2 WIN PER N BDL V/U LIC S ESS;;;;79;;
1;3;2094;1;94,9191;77,17;AE WORKSPACE REM 6.2 WIN PER U BDL STD LIC S BAS;20692126;;AE WORKSPACE REM 6.2 WIN PER U BDL STD LIC S BAS;AE WORKSPACE REM 6.2 WIN PER U BDL STD LIC S BAS;AE WORKSPACE REM 6.2 WIN PER U BDL STD LIC S BAS;AE WORKSPACE REM 6.2 WIN PER U BDL STD LIC S BAS;;;;79;;
1;3;2094;1;98,9289;80,43;AE WORKSPACE REM 6.2 WIN PER U BDL STD LIC S ESS;20692127;;AE WORKSPACE REM 6.2 WIN PER U BDL STD LIC S ESS;AE WORKSPACE REM 6.2 WIN PER U BDL STD LIC S ESS;AE WORKSPACE REM 6.2 WIN PER U BDL STD LIC S ESS;AE WORKSPACE REM 6.2 WIN PER U BDL STD LIC S ESS;;;;79;;
1;3;2094;1;142,3725;115,75;AE WORKSPACE REM 6.2 WIN PER N BDL STD LIC S BAS;20692133;;AE WORKSPACE REM 6.2 WIN PER N BDL STD LIC S BAS;AE WORKSPACE REM 6.2 WIN PER N BDL STD LIC S BAS;AE WORKSPACE REM 6.2 WIN PER N BDL STD LIC S BAS;AE WORKSPACE REM 6.2 WIN PER N BDL STD LIC S BAS;;;;79;;
1;3;2094;1;148,3995;120,65;AE WORKSPACE REM 6.2 WIN PER N BDL STD LIC S ESS;20692134;;AE WORKSPACE REM 6.2 WIN PER N BDL STD LIC S ESS;AE WORKSPACE REM 6.2 WIN PER N BDL STD LIC S ESS;AE WORKSPACE REM 6.2 WIN PER N BDL STD LIC S ESS;AE WORKSPACE REM 6.2 WIN PER N BDL STD LIC S ESS;;;;79;;
1;3;2094;1;208,239;169,3;GOV WORKSPACE REM 6.2 WIN PER N BDL STD LIC S BAS;20692135;;GOV WORKSPACE REM 6.2 WIN PER N BDL STD LIC S BAS;GOV WORKSPACE REM 6.2 WIN PER N BDL STD LIC S BAS;GOV WORKSPACE REM 6.2 WIN PER N BDL STD LIC S BAS;GOV WORKSPACE REM 6.2 WIN PER N BDL STD LIC S BAS;;;;79;;
1;3;2094;1;104,8821;85,27;GOV WORKSPACE STREAM TERM SVR 6.1 WIN STD LIC S BAS;20692136;;GOV WORKSPACE STREAM TERM SVR 6.1 WIN STD LIC S BAS;GOV WORKSPACE STREAM TERM SVR 6.1 WIN STD LIC S BAS;GOV WORKSPACE STREAM TERM SVR 6.1 WIN STD LIC S BAS;GOV WORKSPACE STREAM TERM SVR 6.1 WIN STD LIC S BAS;;;;79;;
1;3;2094;1;109,3347;88,89;GOV WORKSPACE STREAM TERM SVR 6.1 WIN STD LIC S ESS;20692137;;GOV WORKSPACE STREAM TERM SVR 6.1 WIN STD LIC S ESS;GOV WORKSPACE STREAM TERM SVR 6.1 WIN STD LIC S ESS;GOV WORKSPACE STREAM TERM SVR 6.1 WIN STD LIC S ESS;GOV WORKSPACE STREAM TERM SVR 6.1 WIN STD LIC S ESS;;;;79;;
1;3;2094;1;47,4042;38,54;AE WORKSPACE STREAM TERM 6.1WIN CONC V/U LIC S BAS;20692146;;AE WORKSPACE STREAM TERM 6.1WIN CONC V/U LIC S BAS;AE WORKSPACE STREAM TERM 6.1WIN CONC V/U LIC S BAS;AE WORKSPACE STREAM TERM 6.1WIN CONC V/U LIC S BAS;AE WORKSPACE STREAM TERM 6.1WIN CONC V/U LIC S BAS;;;;79;;
1;3;2094;1;50,4423;41,01;AE WORKSPACE STREAM TERM 6.1WIN CONC V/U LIC S ESS;20692147;;AE WORKSPACE STREAM TERM 6.1WIN CONC V/U LIC S ESS;AE WORKSPACE STREAM TERM 6.1WIN CONC V/U LIC S ESS;AE WORKSPACE STREAM TERM 6.1WIN CONC V/U LIC S ESS;AE WORKSPACE STREAM TERM 6.1WIN CONC V/U LIC S ESS;;;;79;;
1;3;2094;1;69,3474;56,38;GOV WORKSPACE STREAM TERM SVR 6.1 WIN V/U LIC S BAS;20692148;;GOV WORKSPACE STREAM TERM SVR 6.1 WIN V/U LIC S BAS;GOV WORKSPACE STREAM TERM SVR 6.1 WIN V/U LIC S BAS;GOV WORKSPACE STREAM TERM SVR 6.1 WIN V/U LIC S BAS;GOV WORKSPACE STREAM TERM SVR 6.1 WIN V/U LIC S BAS;;;;79;;
1;3;2094;1;73,7754;59,98;GOV WORKSPACE STREAM TERM SVR 6.1 WIN V/U LIC S ESS;20692149;;GOV WORKSPACE STREAM TERM SVR 6.1 WIN V/U LIC S ESS;GOV WORKSPACE STREAM TERM SVR 6.1 WIN V/U LIC S ESS;GOV WORKSPACE STREAM TERM SVR 6.1 WIN V/U LIC S ESS;GOV WORKSPACE STREAM TERM SVR 6.1 WIN V/U LIC S ESS;;;;79;;
1;3;2094;1;53,997;43,9;GOV WORKSPACE STREAMING 6.1 WIN P N STD LIC S BAS;20692150;;GOV WORKSPACE STREAMING 6.1 WIN P N STD LIC S BAS;GOV WORKSPACE STREAMING 6.1 WIN P N STD LIC S BAS;GOV WORKSPACE STREAMING 6.1 WIN P N STD LIC S BAS;GOV WORKSPACE STREAMING 6.1 WIN P N STD LIC S BAS;;;;79;;
1;3;2094;1;56,2848;45,76;GOV WORKSPACE STREAMING 6.1 WIN P N STD LIC S ESS;20692151;;GOV WORKSPACE STREAMING 6.1 WIN P N STD LIC S ESS;GOV WORKSPACE STREAMING 6.1 WIN P N STD LIC S ESS;GOV WORKSPACE STREAMING 6.1 WIN P N STD LIC S ESS;GOV WORKSPACE STREAMING 6.1 WIN P N STD LIC S ESS;;;;79;;
1;3;2094;1;24,3909;19,83;AE WORKSPACE STREAM 6.1 WIN P N BDL V/U LIC S BAS;20692152;;AE WORKSPACE STREAM 6.1 WIN P N BDL V/U LIC S BAS;AE WORKSPACE STREAM 6.1 WIN P N BDL V/U LIC S BAS;AE WORKSPACE STREAM 6.1 WIN P N BDL V/U LIC S BAS;AE WORKSPACE STREAM 6.1 WIN P N BDL V/U LIC S BAS;;;;79;;
1;3;2094;1;25,9653;21,11;AE WORKSPACE STREAM 6.1 WIN P N BDL V/U LIC S ESS;20692153;;AE WORKSPACE STREAM 6.1 WIN P N BDL V/U LIC S ESS;AE WORKSPACE STREAM 6.1 WIN P N BDL V/U LIC S ESS;AE WORKSPACE STREAM 6.1 WIN P N BDL V/U LIC S ESS;AE WORKSPACE STREAM 6.1 WIN P N BDL V/U LIC S ESS;;;;79;;
1;3;2094;1;35,6823;29,01;GOV WORKSPACE STREAMING 6.1 WIN P N V/U LIC S BAS;20692154;;GOV WORKSPACE STREAMING 6.1 WIN P N V/U LIC S BAS;GOV WORKSPACE STREAMING 6.1 WIN P N V/U LIC S BAS;GOV WORKSPACE STREAMING 6.1 WIN P N V/U LIC S BAS;GOV WORKSPACE STREAMING 6.1 WIN P N V/U LIC S BAS;;;;79;;
1;3;2094;1;37,9824;30,88;GOV WORKSPACE STREAMING 6.1 WIN P N V/U LIC S ESS;20692155;;GOV WORKSPACE STREAMING 6.1 WIN P N V/U LIC S ESS;GOV WORKSPACE STREAMING 6.1 WIN P N V/U LIC S ESS;GOV WORKSPACE STREAMING 6.1 WIN P N V/U LIC S ESS;GOV WORKSPACE STREAMING 6.1 WIN P N V/U LIC S ESS;;;;79;;
1;3;2094;1;71,7213;58,31;AE WORKSPACE STREAM TERM 6.1 WIN CONCUR LIC S BAS;20692156;;AE WORKSPACE STREAM TERM 6.1 WIN CONCUR LIC S BAS;AE WORKSPACE STREAM TERM 6.1 WIN CONCUR LIC S BAS;AE WORKSPACE STREAM TERM 6.1 WIN CONCUR LIC S BAS;AE WORKSPACE STREAM TERM 6.1 WIN CONCUR LIC S BAS;;;;79;;
1;3;2094;1;74,7594;60,78;AE WORKSPACE STREAM TERM 6.1 WIN CONCUR LIC S ESS;20692157;;AE WORKSPACE STREAM TERM 6.1 WIN CONCUR LIC S ESS;AE WORKSPACE STREAM TERM 6.1 WIN CONCUR LIC S ESS;AE WORKSPACE STREAM TERM 6.1 WIN CONCUR LIC S ESS;AE WORKSPACE STREAM TERM 6.1 WIN CONCUR LIC S ESS;;;;79;;
1;3;2094;1;22,9518;18,66;GOV WORKSPACE VIRT6.1 WIN PER N BDL V/U LIC S BAS;20692181;;GOV WORKSPACE VIRT6.1 WIN PER N BDL V/U LIC S BAS;GOV WORKSPACE VIRT6.1 WIN PER N BDL V/U LIC S BAS;GOV WORKSPACE VIRT6.1 WIN PER N BDL V/U LIC S BAS;GOV WORKSPACE VIRT6.1 WIN PER N BDL V/U LIC S BAS;;;;79;;
1;3;2094;1;24,4155;19,85;GOV WORKSPACE VIRT6.1 WIN PER N BDL V/U LIC S ESS;20692182;;GOV WORKSPACE VIRT6.1 WIN PER N BDL V/U LIC S ESS;GOV WORKSPACE VIRT6.1 WIN PER N BDL V/U LIC S ESS;GOV WORKSPACE VIRT6.1 WIN PER N BDL V/U LIC S ESS;GOV WORKSPACE VIRT6.1 WIN PER N BDL V/U LIC S ESS;;;;79;;
1;3;2094;1;33,3822;27,14;AE WORKSPACE VIRT TERM6.1 WIN CONCUR V/U LIC S ESS;20692183;;AE WORKSPACE VIRT TERM6.1 WIN CONCUR V/U LIC S ESS;AE WORKSPACE VIRT TERM6.1 WIN CONCUR V/U LIC S ESS;AE WORKSPACE VIRT TERM6.1 WIN CONCUR V/U LIC S ESS;AE WORKSPACE VIRT TERM6.1 WIN CONCUR V/U LIC S ESS;;;;79;;
1;3;2094;1;45,8913;37,31;GOV WORKSPACE VIRT TERM SVR 6.1 WIN V/U LIC S BAS;20692184;;GOV WORKSPACE VIRT TERM SVR 6.1 WIN V/U LIC S BAS;GOV WORKSPACE VIRT TERM SVR 6.1 WIN V/U LIC S BAS;GOV WORKSPACE VIRT TERM SVR 6.1 WIN V/U LIC S BAS;GOV WORKSPACE VIRT TERM SVR 6.1 WIN V/U LIC S BAS;;;;79;;
1;3;2094;1;48,8187;39,69;GOV WORKSPACE VIRT TERM SVR 6.1 WIN V/U LIC S ESS;20692185;;GOV WORKSPACE VIRT TERM SVR 6.1 WIN V/U LIC S ESS;GOV WORKSPACE VIRT TERM SVR 6.1 WIN V/U LIC S ESS;GOV WORKSPACE VIRT TERM SVR 6.1 WIN V/U LIC S ESS;GOV WORKSPACE VIRT TERM SVR 6.1 WIN V/U LIC S ESS;;;;79;;
1;3;2094;1;47,4657;38,59;AE WORKSPACE VIRT TERM6.1 WIN CONCUR STD LIC S BAS;20692186;;AE WORKSPACE VIRT TERM6.1 WIN CONCUR STD LIC S BAS;AE WORKSPACE VIRT TERM6.1 WIN CONCUR STD LIC S BAS;AE WORKSPACE VIRT TERM6.1 WIN CONCUR STD LIC S BAS;AE WORKSPACE VIRT TERM6.1 WIN CONCUR STD LIC S BAS;;;;79;;
1;3;2094;1;49,4583;40,21;AE WORKSPACE VIRT TERM6.1 WIN CONCUR STD LIC S ESS;20692187;;AE WORKSPACE VIRT TERM6.1 WIN CONCUR STD LIC S ESS;AE WORKSPACE VIRT TERM6.1 WIN CONCUR STD LIC S ESS;AE WORKSPACE VIRT TERM6.1 WIN CONCUR STD LIC S ESS;AE WORKSPACE VIRT TERM6.1 WIN CONCUR STD LIC S ESS;;;;79;;
1;3;2094;1;69,4212;56,44;GOV WORKSPACE VIRT TERM SVR 6.1 WIN STD LIC S BAS;20692188;;GOV WORKSPACE VIRT TERM SVR 6.1 WIN STD LIC S BAS;GOV WORKSPACE VIRT TERM SVR 6.1 WIN STD LIC S BAS;GOV WORKSPACE VIRT TERM SVR 6.1 WIN STD LIC S BAS;GOV WORKSPACE VIRT TERM SVR 6.1 WIN STD LIC S BAS;;;;79;;
1;3;2094;1;72,3609;58,83;GOV WORKSPACE VIRT TERM SVR 6.1 WIN STD LIC S ESS;20692189;;GOV WORKSPACE VIRT TERM SVR 6.1 WIN STD LIC S ESS;GOV WORKSPACE VIRT TERM SVR 6.1 WIN STD LIC S ESS;GOV WORKSPACE VIRT TERM SVR 6.1 WIN STD LIC S ESS;GOV WORKSPACE VIRT TERM SVR 6.1 WIN STD LIC S ESS;;;;79;;
1;3;2094;1;31,365;25,5;AE WORKSPACE VIRT TERM6.1 WIN CONCUR V/U LIC S BAS;20692190;;AE WORKSPACE VIRT TERM6.1 WIN CONCUR V/U LIC S BAS;AE WORKSPACE VIRT TERM6.1 WIN CONCUR V/U LIC S BAS;AE WORKSPACE VIRT TERM6.1 WIN CONCUR V/U LIC S BAS;AE WORKSPACE VIRT TERM6.1 WIN CONCUR V/U LIC S BAS;;;;79;;
1;3;2094;1;23,7267;19,29;AE WORKSPACE VIRT 6.1 WIN PER N BDL STD LIC S BAS;20692192;;AE WORKSPACE VIRT 6.1 WIN PER N BDL STD LIC S BAS;AE WORKSPACE VIRT 6.1 WIN PER N BDL STD LIC S BAS;AE WORKSPACE VIRT 6.1 WIN PER N BDL STD LIC S BAS;AE WORKSPACE VIRT 6.1 WIN PER N BDL STD LIC S BAS;;;;79;;
1;3;2094;1;24,7476;20,12;AE WORKSPACE VIRT 6.1 WIN PER N BDL STD LIC S ESS;20692193;;AE WORKSPACE VIRT 6.1 WIN PER N BDL STD LIC S ESS;AE WORKSPACE VIRT 6.1 WIN PER N BDL STD LIC S ESS;AE WORKSPACE VIRT 6.1 WIN PER N BDL STD LIC S ESS;AE WORKSPACE VIRT 6.1 WIN PER N BDL STD LIC S ESS;;;;79;;
1;3;2094;1;34,7106;28,22;GOV WORKSPACE VIRT6.1 WIN PER N BDL STD LIC S BAS;20692194;;GOV WORKSPACE VIRT6.1 WIN PER N BDL STD LIC S BAS;GOV WORKSPACE VIRT6.1 WIN PER N BDL STD LIC S BAS;GOV WORKSPACE VIRT6.1 WIN PER N BDL STD LIC S BAS;GOV WORKSPACE VIRT6.1 WIN PER N BDL STD LIC S BAS;;;;79;;
1;3;2094;1;36,1743;29,41;GOV WORKSPACE VIRT6.1 WIN PER N BDL STD LIC S ESS;20692195;;GOV WORKSPACE VIRT6.1 WIN PER N BDL STD LIC S ESS;GOV WORKSPACE VIRT6.1 WIN PER N BDL STD LIC S ESS;GOV WORKSPACE VIRT6.1 WIN PER N BDL STD LIC S ESS;GOV WORKSPACE VIRT6.1 WIN PER N BDL STD LIC S ESS;;;;79;;
1;3;2094;1;15,6825;12,75;AE WORKSPACE VIRT 6.1 WIN PER N BDL V/U LIC S BAS;20692196;;AE WORKSPACE VIRT 6.1 WIN PER N BDL V/U LIC S BAS;AE WORKSPACE VIRT 6.1 WIN PER N BDL V/U LIC S BAS;AE WORKSPACE VIRT 6.1 WIN PER N BDL V/U LIC S BAS;AE WORKSPACE VIRT 6.1 WIN PER N BDL V/U LIC S BAS;;;;79;;
1;3;2094;1;16,7034;13,58;AE WORKSPACE VIRT 6.1 WIN PER N BDL V/U LIC S ESS;20692197;;AE WORKSPACE VIRT 6.1 WIN PER N BDL V/U LIC S ESS;AE WORKSPACE VIRT 6.1 WIN PER N BDL V/U LIC S ESS;AE WORKSPACE VIRT 6.1 WIN PER N BDL V/U LIC S ESS;AE WORKSPACE VIRT 6.1 WIN PER N BDL V/U LIC S ESS;;;;79;;
1;3;2094;1;19,2249;15,63;AE DEPLOY SOL THIN CLT 6.9 XPLAT N STD LIC S ESS;20692204;;AE DEPLOY SOL THIN CLT 6.9 XPLAT N STD LIC S ESS;AE DEPLOY SOL THIN CLT 6.9 XPLAT N STD LIC S ESS;AE DEPLOY SOL THIN CLT 6.9 XPLAT N STD LIC S ESS;AE DEPLOY SOL THIN CLT 6.9 XPLAT N STD LIC S ESS;;;;79;;
1;3;2094;1;26,9985;21,95;GOV DEPLOY SOL THIN CLT 6.9 XPLAT N STD LIC S BAS;20692205;;GOV DEPLOY SOL THIN CLT 6.9 XPLAT N STD LIC S BAS;GOV DEPLOY SOL THIN CLT 6.9 XPLAT N STD LIC S BAS;GOV DEPLOY SOL THIN CLT 6.9 XPLAT N STD LIC S BAS;GOV DEPLOY SOL THIN CLT 6.9 XPLAT N STD LIC S BAS;;;;79;;
1;3;2094;1;28,1301;22,87;GOV DEPLOY SOL THIN CLT 6.9 XPLAT N STD LIC S ESS;20692206;;GOV DEPLOY SOL THIN CLT 6.9 XPLAT N STD LIC S ESS;GOV DEPLOY SOL THIN CLT 6.9 XPLAT N STD LIC S ESS;GOV DEPLOY SOL THIN CLT 6.9 XPLAT N STD LIC S ESS;GOV DEPLOY SOL THIN CLT 6.9 XPLAT N STD LIC S ESS;;;;79;;
1;3;2094;1;18,4623;15,01;AE DEPLOY SOL THIN CLT 6.9 XPLAT N STD LIC S BAS;20692208;;AE DEPLOY SOL THIN CLT 6.9 XPLAT N STD LIC S BAS;AE DEPLOY SOL THIN CLT 6.9 XPLAT N STD LIC S BAS;AE DEPLOY SOL THIN CLT 6.9 XPLAT N STD LIC S BAS;AE DEPLOY SOL THIN CLT 6.9 XPLAT N STD LIC S BAS;;;;79;;
1;3;2094;1;12,2139;9,93;AE DEPLOY SOL THIN CLT 6.9 XPLAT N V/U LIC S BAS;20692238;;AE DEPLOY SOL THIN CLT 6.9 XPLAT N V/U LIC S BAS;AE DEPLOY SOL THIN CLT 6.9 XPLAT N V/U LIC S BAS;AE DEPLOY SOL THIN CLT 6.9 XPLAT N V/U LIC S BAS;AE DEPLOY SOL THIN CLT 6.9 XPLAT N V/U LIC S BAS;;;;79;;
1;3;2094;1;19,2249;15,63;AE DEPLOY SOL THIN CLT 6.9 XPLAT N V/U LIC S ESS;20692239;;AE DEPLOY SOL THIN CLT 6.9 XPLAT N V/U LIC S ESS;AE DEPLOY SOL THIN CLT 6.9 XPLAT N V/U LIC S ESS;AE DEPLOY SOL THIN CLT 6.9 XPLAT N V/U LIC S ESS;AE DEPLOY SOL THIN CLT 6.9 XPLAT N V/U LIC S ESS;;;;79;;
1;3;2094;1;17,8473;14,51;GOV DEPLOY SOL THIN CLT 6.9 XPLAT N V/U LIC S BAS;20692240;;GOV DEPLOY SOL THIN CLT 6.9 XPLAT N V/U LIC S BAS;GOV DEPLOY SOL THIN CLT 6.9 XPLAT N V/U LIC S BAS;GOV DEPLOY SOL THIN CLT 6.9 XPLAT N V/U LIC S BAS;GOV DEPLOY SOL THIN CLT 6.9 XPLAT N V/U LIC S BAS;;;;79;;
1;3;2094;1;28,1301;22,87;GOV DEPLOY SOL THIN CLT 6.9 XPLAT N V/U LIC S ESS;20692241;;GOV DEPLOY SOL THIN CLT 6.9 XPLAT N V/U LIC S ESS;GOV DEPLOY SOL THIN CLT 6.9 XPLAT N V/U LIC S ESS;GOV DEPLOY SOL THIN CLT 6.9 XPLAT N V/U LIC S ESS;GOV DEPLOY SOL THIN CLT 6.9 XPLAT N V/U LIC S ESS;;;;79;;
1;3;2094;1;45,9405;37,35;DOC KIT NETBACKUP 7.0 WIN;20714020;;DOC KIT NETBACKUP 7.0 WIN;DOC KIT NETBACKUP 7.0 WIN;DOC KIT NETBACKUP 7.0 WIN;DOC KIT NETBACKUP 7.0 WIN;;;;79;;
1;3;2094;1;46,0266;37,42;MEDIA PK NETBACKUP 7.0 CD XPLAT;20714021;;MEDIA PK NETBACKUP 7.0 CD XPLAT;MEDIA PK NETBACKUP 7.0 CD XPLAT;MEDIA PK NETBACKUP 7.0 CD XPLAT;MEDIA PK NETBACKUP 7.0 CD XPLAT;;;;79;;
1;3;2094;1;46,0266;37,42;NETBACKUP DEDUPLICATION OPTION 7.0 XPLAT EN DVD MEDIA;20714026;;NETBACKUP DEDUPLICATION OPTION 7.0 XPLAT EN DVD MEDIA;NETBACKUP DEDUPLICATION OPTION 7.0 XPLAT EN DVD MEDIA;NETBACKUP DEDUPLICATION OPTION 7.0 XPLAT EN DVD MEDIA;NETBACKUP DEDUPLICATION OPTION 7.0 XPLAT EN DVD MEDIA;;;;79;;
1;3;2094;1;46,0266;37,42;DOC KIT NETBACKUP 7.0 UNIX;20714041;;DOC KIT NETBACKUP 7.0 UNIX;DOC KIT NETBACKUP 7.0 UNIX;DOC KIT NETBACKUP 7.0 UNIX;DOC KIT NETBACKUP 7.0 UNIX;;;;79;;
1;3;2094;1;3515,3277;2857,99;DLP 10.0 ADMIN TRAINING 4 DAY;20738065;;DLP 10.0 ADMIN TRAINING 4 DAY;DLP 10.0 ADMIN TRAINING 4 DAY;DLP 10.0 ADMIN TRAINING 4 DAY;DLP 10.0 ADMIN TRAINING 4 DAY;;;;79;;
1;3;2094;1;19977,3033;16241,71;SYMC HEALTH SAFE ACTIVATION;20743038;;SYMC HEALTH SAFE ACTIVATION;SYMC HEALTH SAFE ACTIVATION;SYMC HEALTH SAFE ACTIVATION;SYMC HEALTH SAFE ACTIVATION;;;;79;;
1;3;2094;1;392,5053;319,11;REW MSFT SQL EMBEDDED MNT STD 1.0 WIN V/U LIC C;20756020;;REW MSFT SQL EMBEDDED MNT STD 1.0 WIN V/U LIC C;REW MSFT SQL EMBEDDED MNT STD 1.0 WIN V/U LIC C;REW MSFT SQL EMBEDDED MNT STD 1.0 WIN V/U LIC C;REW MSFT SQL EMBEDDED MNT STD 1.0 WIN V/U LIC C;;;;79;;
1;3;2094;1;413,1816;335,92;REW MSFT SQL EMBEDDED MNT STD 1.0 WIN V/U LIC B;20756021;;REW MSFT SQL EMBEDDED MNT STD 1.0 WIN V/U LIC B;REW MSFT SQL EMBEDDED MNT STD 1.0 WIN V/U LIC B;REW MSFT SQL EMBEDDED MNT STD 1.0 WIN V/U LIC B;REW MSFT SQL EMBEDDED MNT STD 1.0 WIN V/U LIC B;;;;79;;
1;3;2094;1;382,1979;310,73;AE MSFT SQL EMBEDDED MNT STD 1.0 WIN V/U LIC S;20756022;;AE MSFT SQL EMBEDDED MNT STD 1.0 WIN V/U LIC S;AE MSFT SQL EMBEDDED MNT STD 1.0 WIN V/U LIC S;AE MSFT SQL EMBEDDED MNT STD 1.0 WIN V/U LIC S;AE MSFT SQL EMBEDDED MNT STD 1.0 WIN V/U LIC S;;;;79;;
1;3;2094;1;382,1979;310,73;REW MSFT SQL EMBEDDED MNT STD 1.0 WIN V/U LIC E;20756023;;REW MSFT SQL EMBEDDED MNT STD 1.0 WIN V/U LIC E;REW MSFT SQL EMBEDDED MNT STD 1.0 WIN V/U LIC E;REW MSFT SQL EMBEDDED MNT STD 1.0 WIN V/U LIC E;REW MSFT SQL EMBEDDED MNT STD 1.0 WIN V/U LIC E;;;;79;;
1;3;2094;1;413,1816;335,92;EXP MSFT SQL EMBEDDED MNT STD 1.0 WIN V/U LIC S;20756025;;EXP MSFT SQL EMBEDDED MNT STD 1.0 WIN V/U LIC S;EXP MSFT SQL EMBEDDED MNT STD 1.0 WIN V/U LIC S;EXP MSFT SQL EMBEDDED MNT STD 1.0 WIN V/U LIC S;EXP MSFT SQL EMBEDDED MNT STD 1.0 WIN V/U LIC S;;;;79;;
1;3;2094;1;392,5053;319,11;REW MSFT SQL EMBEDDED MNT STD 1.0 WIN V/U LIC D;20756026;;REW MSFT SQL EMBEDDED MNT STD 1.0 WIN V/U LIC D;REW MSFT SQL EMBEDDED MNT STD 1.0 WIN V/U LIC D;REW MSFT SQL EMBEDDED MNT STD 1.0 WIN V/U LIC D;REW MSFT SQL EMBEDDED MNT STD 1.0 WIN V/U LIC D;;;;79;;
1;3;2094;1;404,916;329,2;GOV MSFT SQL EMBEDDED MNT STD 1.0 WIN V/U LIC S;20756027;;GOV MSFT SQL EMBEDDED MNT STD 1.0 WIN V/U LIC S;GOV MSFT SQL EMBEDDED MNT STD 1.0 WIN V/U LIC S;GOV MSFT SQL EMBEDDED MNT STD 1.0 WIN V/U LIC S;GOV MSFT SQL EMBEDDED MNT STD 1.0 WIN V/U LIC S;;;;79;;
1;3;2094;1;413,1816;335,92;REW MSFT SQL EMBEDDED MNT STD 1.0 WIN V/U LIC A;20756028;;REW MSFT SQL EMBEDDED MNT STD 1.0 WIN V/U LIC A;REW MSFT SQL EMBEDDED MNT STD 1.0 WIN V/U LIC A;REW MSFT SQL EMBEDDED MNT STD 1.0 WIN V/U LIC A;REW MSFT SQL EMBEDDED MNT STD 1.0 WIN V/U LIC A;;;;79;;
1;3;2094;1;294,8433;239,71;AE MSFT SQL EMBEDDED MNT WKGP 1.0 WIN V/U LIC S;20758020;;AE MSFT SQL EMBEDDED MNT WKGP 1.0 WIN V/U LIC S;AE MSFT SQL EMBEDDED MNT WKGP 1.0 WIN V/U LIC S;AE MSFT SQL EMBEDDED MNT WKGP 1.0 WIN V/U LIC S;AE MSFT SQL EMBEDDED MNT WKGP 1.0 WIN V/U LIC S;;;;79;;
1;3;2094;1;302,7891;246,17;REW MSFT SQL EMBEDDED MNT WKGP 1.0 WIN V/U LIC C;20758021;;REW MSFT SQL EMBEDDED MNT WKGP 1.0 WIN V/U LIC C;REW MSFT SQL EMBEDDED MNT WKGP 1.0 WIN V/U LIC C;REW MSFT SQL EMBEDDED MNT WKGP 1.0 WIN V/U LIC C;REW MSFT SQL EMBEDDED MNT WKGP 1.0 WIN V/U LIC C;;;;79;;
1;3;2094;1;302,7891;246,17;REW MSFT SQL EMBEDDED MNT WKGP 1.0 WIN V/U LIC D;20758022;;REW MSFT SQL EMBEDDED MNT WKGP 1.0 WIN V/U LIC D;REW MSFT SQL EMBEDDED MNT WKGP 1.0 WIN V/U LIC D;REW MSFT SQL EMBEDDED MNT WKGP 1.0 WIN V/U LIC D;REW MSFT SQL EMBEDDED MNT WKGP 1.0 WIN V/U LIC D;;;;79;;
1;3;2094;1;294,8433;239,71;REW MSFT SQL EMBEDDED MNT WKGP 1.0 WIN V/U LIC E;20758023;;REW MSFT SQL EMBEDDED MNT WKGP 1.0 WIN V/U LIC E;REW MSFT SQL EMBEDDED MNT WKGP 1.0 WIN V/U LIC E;REW MSFT SQL EMBEDDED MNT WKGP 1.0 WIN V/U LIC E;REW MSFT SQL EMBEDDED MNT WKGP 1.0 WIN V/U LIC E;;;;79;;
1;3;2094;1;318,7299;259,13;REW MSFT SQL EMBEDDED MNT WKGP 1.0 WIN V/U LIC B;20758025;;REW MSFT SQL EMBEDDED MNT WKGP 1.0 WIN V/U LIC B;REW MSFT SQL EMBEDDED MNT WKGP 1.0 WIN V/U LIC B;REW MSFT SQL EMBEDDED MNT WKGP 1.0 WIN V/U LIC B;REW MSFT SQL EMBEDDED MNT WKGP 1.0 WIN V/U LIC B;;;;79;;
1;3;2094;1;318,7299;259,13;REW MSFT SQL EMBEDDED MNT WKGP 1.0 WIN V/U LIC A;20758026;;REW MSFT SQL EMBEDDED MNT WKGP 1.0 WIN V/U LIC A;REW MSFT SQL EMBEDDED MNT WKGP 1.0 WIN V/U LIC A;REW MSFT SQL EMBEDDED MNT WKGP 1.0 WIN V/U LIC A;REW MSFT SQL EMBEDDED MNT WKGP 1.0 WIN V/U LIC A;;;;79;;
1;3;2094;1;318,7299;259,13;EXP MSFT SQL EMBEDDED MNT WKGP 1.0 WIN V/U LIC S;20758027;;EXP MSFT SQL EMBEDDED MNT WKGP 1.0 WIN V/U LIC S;EXP MSFT SQL EMBEDDED MNT WKGP 1.0 WIN V/U LIC S;EXP MSFT SQL EMBEDDED MNT WKGP 1.0 WIN V/U LIC S;EXP MSFT SQL EMBEDDED MNT WKGP 1.0 WIN V/U LIC S;;;;79;;
1;3;2094;1;312,3585;253,95;GOV MSFT SQL EMBEDDED MNT WKGP 1.0 WIN V/U LIC S;20758028;;GOV MSFT SQL EMBEDDED MNT WKGP 1.0 WIN V/U LIC S;GOV MSFT SQL EMBEDDED MNT WKGP 1.0 WIN V/U LIC S;GOV MSFT SQL EMBEDDED MNT WKGP 1.0 WIN V/U LIC S;GOV MSFT SQL EMBEDDED MNT WKGP 1.0 WIN V/U LIC S;;;;79;;
1;3;2094;1;17898,0867;14551,29;AE WKFLOW 7.0 XPLAT PER ENT SUB LIC S ESS;20759020;;AE WKFLOW 7.0 XPLAT PER ENT SUB LIC S ESS;AE WKFLOW 7.0 XPLAT PER ENT SUB LIC S ESS;AE WKFLOW 7.0 XPLAT PER ENT SUB LIC S ESS;AE WKFLOW 7.0 XPLAT PER ENT SUB LIC S ESS;;;;79;;
1;3;2094;1;53694,2109;43653,83;AE WKFLOW 7.0 XPLAT PER ENT SUB LIC S ESS 36M;20759021;;AE WKFLOW 7.0 XPLAT PER ENT SUB LIC S ESS 36M;AE WKFLOW 7.0 XPLAT PER ENT SUB LIC S ESS 36M;AE WKFLOW 7.0 XPLAT PER ENT SUB LIC S ESS 36M;AE WKFLOW 7.0 XPLAT PER ENT SUB LIC S ESS 36M;;;;79;;
1;3;2094;1;35796,1488;29102,56;AE WKFLOW 7.0 XPLAT PER ENT SUB LIC S ESS 24M;20759022;;AE WKFLOW 7.0 XPLAT PER ENT SUB LIC S ESS 24M;AE WKFLOW 7.0 XPLAT PER ENT SUB LIC S ESS 24M;AE WKFLOW 7.0 XPLAT PER ENT SUB LIC S ESS 24M;AE WKFLOW 7.0 XPLAT PER ENT SUB LIC S ESS 24M;;;;79;;
1;3;2094;1;6180,8853;5025,11;REW WKFLOW 7.0 XPLAT PER ENT BDL BAS A;20759024;;REW WKFLOW 7.0 XPLAT PER ENT BDL BAS A;REW WKFLOW 7.0 XPLAT PER ENT BDL BAS A;REW WKFLOW 7.0 XPLAT PER ENT BDL BAS A;REW WKFLOW 7.0 XPLAT PER ENT BDL BAS A;;;;79;;
1;3;2094;1;5871,8355;4773,85;REW WKFLOW 7.0 XPLAT PER ENT BDL BAS D;20759025;;REW WKFLOW 7.0 XPLAT PER ENT BDL BAS D;REW WKFLOW 7.0 XPLAT PER ENT BDL BAS D;REW WKFLOW 7.0 XPLAT PER ENT BDL BAS D;REW WKFLOW 7.0 XPLAT PER ENT BDL BAS D;;;;79;;
1;3;2094;1;7504,4022;6101,14;REW WKFLOW 7.0 XPLAT PER ENT BDL ESS D;20759026;;REW WKFLOW 7.0 XPLAT PER ENT BDL ESS D;REW WKFLOW 7.0 XPLAT PER ENT BDL ESS D;REW WKFLOW 7.0 XPLAT PER ENT BDL ESS D;REW WKFLOW 7.0 XPLAT PER ENT BDL ESS D;;;;79;;
1;3;2094;1;7741,3863;6293,81;GOV WKFLOW 7.0 XPLAT PER ENT BDL ESS S;20759027;;GOV WKFLOW 7.0 XPLAT PER ENT BDL ESS S;GOV WKFLOW 7.0 XPLAT PER ENT BDL ESS S;GOV WKFLOW 7.0 XPLAT PER ENT BDL ESS S;GOV WKFLOW 7.0 XPLAT PER ENT BDL ESS S;;;;79;;
1;3;2094;1;5871,8355;4773,85;REW WKFLOW 7.0 XPLAT PER ENT RNWL BAS C;20759028;;REW WKFLOW 7.0 XPLAT PER ENT RNWL BAS C;REW WKFLOW 7.0 XPLAT PER ENT RNWL BAS C;REW WKFLOW 7.0 XPLAT PER ENT RNWL BAS C;REW WKFLOW 7.0 XPLAT PER ENT RNWL BAS C;;;;79;;
1;3;2094;1;7741,3863;6293,81;GOV WKFLOW 7.0 XPLAT PER ENT RNWL ESS S;20759030;;GOV WKFLOW 7.0 XPLAT PER ENT RNWL ESS S;GOV WKFLOW 7.0 XPLAT PER ENT RNWL ESS S;GOV WKFLOW 7.0 XPLAT PER ENT RNWL ESS S;GOV WKFLOW 7.0 XPLAT PER ENT RNWL ESS S;;;;79;;
1;3;2094;1;18381,8088;14944,56;REW WKFLOW 7.0 XPLAT PER ENT SUB LIC C ESS;20759031;;REW WKFLOW 7.0 XPLAT PER ENT SUB LIC C ESS;REW WKFLOW 7.0 XPLAT PER ENT SUB LIC C ESS;REW WKFLOW 7.0 XPLAT PER ENT SUB LIC C ESS;REW WKFLOW 7.0 XPLAT PER ENT SUB LIC C ESS;;;;79;;
1;3;2094;1;55145,4264;44833,68;REW WKFLOW 7.0 XPLAT PER ENT SUB LIC C ESS 36M;20759032;;REW WKFLOW 7.0 XPLAT PER ENT SUB LIC C ESS 36M;REW WKFLOW 7.0 XPLAT PER ENT SUB LIC C ESS 36M;REW WKFLOW 7.0 XPLAT PER ENT SUB LIC C ESS 36M;REW WKFLOW 7.0 XPLAT PER ENT SUB LIC C ESS 36M;;;;79;;
1;3;2094;1;36763,6053;29889,11;REW WKFLOW 7.0 XPLAT PER ENT SUB LIC C ESS 24M;20759033;;REW WKFLOW 7.0 XPLAT PER ENT SUB LIC C ESS 24M;REW WKFLOW 7.0 XPLAT PER ENT SUB LIC C ESS 24M;REW WKFLOW 7.0 XPLAT PER ENT SUB LIC C ESS 24M;REW WKFLOW 7.0 XPLAT PER ENT SUB LIC C ESS 24M;;;;79;;
1;3;2094;1;16309,4802;13259,74;AE WKFLOW 7.0 XPLAT PER ENT SUB LIC S BAS;20759034;;AE WKFLOW 7.0 XPLAT PER ENT SUB LIC S BAS;AE WKFLOW 7.0 XPLAT PER ENT SUB LIC S BAS;AE WKFLOW 7.0 XPLAT PER ENT SUB LIC S BAS;AE WKFLOW 7.0 XPLAT PER ENT SUB LIC S BAS;;;;79;;
1;3;2094;1;48928,4529;39779,23;AE WKFLOW 7.0 XPLAT PER ENT SUB LIC S BAS 36M;20759035;;AE WKFLOW 7.0 XPLAT PER ENT SUB LIC S BAS 36M;AE WKFLOW 7.0 XPLAT PER ENT SUB LIC S BAS 36M;AE WKFLOW 7.0 XPLAT PER ENT SUB LIC S BAS 36M;AE WKFLOW 7.0 XPLAT PER ENT SUB LIC S BAS 36M;;;;79;;
1;3;2094;1;5717,3352;4648,24;WKFLOW 7.0 XPLATENT BNDL BAS ACD BAND S;20759036;;WKFLOW 7.0 XPLATENT BNDL BAS ACD BAND S;WKFLOW 7.0 XPLATENT BNDL BAS ACD BAND S;WKFLOW 7.0 XPLATENT BNDL BAS ACD BAND S;WKFLOW 7.0 XPLATENT BNDL BAS ACD BAND S;;;;79;;
1;3;2094;1;5717,3352;4648,24;REW WKFLOW 7.0 XPLAT PER ENT RNWL BAS E;20759037;;REW WKFLOW 7.0 XPLAT PER ENT RNWL BAS E;REW WKFLOW 7.0 XPLAT PER ENT RNWL BAS E;REW WKFLOW 7.0 XPLAT PER ENT RNWL BAS E;REW WKFLOW 7.0 XPLAT PER ENT RNWL BAS E;;;;79;;
1;3;2094;1;5717,3352;4648,24;AE WKFLOW 7.0 XPLAT PER ENT RNWL BAS S;20759038;;AE WKFLOW 7.0 XPLAT PER ENT RNWL BAS S;AE WKFLOW 7.0 XPLAT PER ENT RNWL BAS S;AE WKFLOW 7.0 XPLAT PER ENT RNWL BAS S;AE WKFLOW 7.0 XPLAT PER ENT RNWL BAS S;;;;79;;
1;3;2094;1;19349,2653;15731,11;REW WKFLOW 7.0 XPLAT PER ENT SUB LIC A ESS;20759040;;REW WKFLOW 7.0 XPLAT PER ENT SUB LIC A ESS;REW WKFLOW 7.0 XPLAT PER ENT SUB LIC A ESS;REW WKFLOW 7.0 XPLAT PER ENT SUB LIC A ESS;REW WKFLOW 7.0 XPLAT PER ENT SUB LIC A ESS;;;;79;;
1;3;2094;1;58047,8082;47193,34;REW WKFLOW 7.0 XPLAT PER ENT SUB LIC A ESS 36M;20759041;;REW WKFLOW 7.0 XPLAT PER ENT SUB LIC A ESS 36M;REW WKFLOW 7.0 XPLAT PER ENT SUB LIC A ESS 36M;REW WKFLOW 7.0 XPLAT PER ENT SUB LIC A ESS 36M;REW WKFLOW 7.0 XPLAT PER ENT SUB LIC A ESS 36M;;;;79;;
1;3;2094;1;38698,5552;31462,24;REW WKFLOW 7.0 XPLAT PER ENT SUB LIC A ESS 24M;20759042;;REW WKFLOW 7.0 XPLAT PER ENT SUB LIC A ESS 24M;REW WKFLOW 7.0 XPLAT PER ENT SUB LIC A ESS 24M;REW WKFLOW 7.0 XPLAT PER ENT SUB LIC A ESS 24M;REW WKFLOW 7.0 XPLAT PER ENT SUB LIC A ESS 24M;;;;79;;
1;3;2094;1;6180,8853;5025,11;REW WKFLOW 7.0 XPLAT PER ENT BDL BAS B;20759044;;REW WKFLOW 7.0 XPLAT PER ENT BDL BAS B;REW WKFLOW 7.0 XPLAT PER ENT BDL BAS B;REW WKFLOW 7.0 XPLAT PER ENT BDL BAS B;REW WKFLOW 7.0 XPLAT PER ENT BDL BAS B;;;;79;;
1;3;2094;1;6057,2703;4924,61;GOV WKFLOW 7.0 XPLAT PER ENT BDL BAS S;20759045;;GOV WKFLOW 7.0 XPLAT PER ENT BDL BAS S;GOV WKFLOW 7.0 XPLAT PER ENT BDL BAS S;GOV WKFLOW 7.0 XPLAT PER ENT BDL BAS S;GOV WKFLOW 7.0 XPLAT PER ENT BDL BAS S;;;;79;;
1;3;2094;1;7306,9257;5940,59;WKFLOW 7.0 XPLATENT BNDL ESS ACD BAND S;20759046;;WKFLOW 7.0 XPLATENT BNDL ESS ACD BAND S;WKFLOW 7.0 XPLATENT BNDL ESS ACD BAND S;WKFLOW 7.0 XPLATENT BNDL ESS ACD BAND S;WKFLOW 7.0 XPLATENT BNDL ESS ACD BAND S;;;;79;;
1;3;2094;1;5871,8355;4773,85;REW WKFLOW 7.0 XPLAT PER ENT RNWL BAS D;20759047;;REW WKFLOW 7.0 XPLAT PER ENT RNWL BAS D;REW WKFLOW 7.0 XPLAT PER ENT RNWL BAS D;REW WKFLOW 7.0 XPLAT PER ENT RNWL BAS D;REW WKFLOW 7.0 XPLAT PER ENT RNWL BAS D;;;;79;;
1;3;2094;1;6180,8853;5025,11;EXP WKFLOW 7.0 XPLAT ENT RNWL BAS S;20759048;;EXP WKFLOW 7.0 XPLAT ENT RNWL BAS S;EXP WKFLOW 7.0 XPLAT ENT RNWL BAS S;EXP WKFLOW 7.0 XPLAT ENT RNWL BAS S;EXP WKFLOW 7.0 XPLAT ENT RNWL BAS S;;;;79;;
1;3;2094;1;7899,3675;6422,25;REW WKFLOW 7.0 XPLAT PER ENT RNWL ESS A;20759049;;REW WKFLOW 7.0 XPLAT PER ENT RNWL ESS A;REW WKFLOW 7.0 XPLAT PER ENT RNWL ESS A;REW WKFLOW 7.0 XPLAT PER ENT RNWL ESS A;REW WKFLOW 7.0 XPLAT PER ENT RNWL ESS A;;;;79;;
1;3;2094;1;18962,295;15416,5;GOV WKFLOW 7.0 XPLAT PER ENT SUB LIC S ESS;20759050;;GOV WKFLOW 7.0 XPLAT PER ENT SUB LIC S ESS;GOV WKFLOW 7.0 XPLAT PER ENT SUB LIC S ESS;GOV WKFLOW 7.0 XPLAT PER ENT SUB LIC S ESS;GOV WKFLOW 7.0 XPLAT PER ENT SUB LIC S ESS;;;;79;;
1;3;2094;1;56886,8604;46249,48;GOV WKFLOW 7.0 XPLAT PER ENT SUB LIC S ESS 36M;20759051;;GOV WKFLOW 7.0 XPLAT PER ENT SUB LIC S ESS 36M;GOV WKFLOW 7.0 XPLAT PER ENT SUB LIC S ESS 36M;GOV WKFLOW 7.0 XPLAT PER ENT SUB LIC S ESS 36M;GOV WKFLOW 7.0 XPLAT PER ENT SUB LIC S ESS 36M;;;;79;;
1;3;2094;1;37924,5654;30832,98;GOV WKFLOW 7.0 XPLAT PER ENT SUB LIC S ESS 24M;20759052;;GOV WKFLOW 7.0 XPLAT PER ENT SUB LIC S ESS 24M;GOV WKFLOW 7.0 XPLAT PER ENT SUB LIC S ESS 24M;GOV WKFLOW 7.0 XPLAT PER ENT SUB LIC S ESS 24M;GOV WKFLOW 7.0 XPLAT PER ENT SUB LIC S ESS 24M;;;;79;;
1;3;2094;1;19349,2653;15731,11;EXP WKFLOW 7.0 XPLAT ENT SUB LIC S ESS;20759053;;EXP WKFLOW 7.0 XPLAT ENT SUB LIC S ESS;EXP WKFLOW 7.0 XPLAT ENT SUB LIC S ESS;EXP WKFLOW 7.0 XPLAT ENT SUB LIC S ESS;EXP WKFLOW 7.0 XPLAT ENT SUB LIC S ESS;;;;79;;
1;3;2094;1;58047,8082;47193,34;EXP WKFLOW 7.0 XPLAT ENT SUB LIC S ESS 36M;20759054;;EXP WKFLOW 7.0 XPLAT ENT SUB LIC S ESS 36M;EXP WKFLOW 7.0 XPLAT ENT SUB LIC S ESS 36M;EXP WKFLOW 7.0 XPLAT ENT SUB LIC S ESS 36M;EXP WKFLOW 7.0 XPLAT ENT SUB LIC S ESS 36M;;;;79;;
1;3;2094;1;38698,5552;31462,24;EXP WKFLOW 7.0 XPLAT ENT SUB LIC S ESS 24M;20759055;;EXP WKFLOW 7.0 XPLAT ENT SUB LIC S ESS 24M;EXP WKFLOW 7.0 XPLAT ENT SUB LIC S ESS 24M;EXP WKFLOW 7.0 XPLAT ENT SUB LIC S ESS 24M;EXP WKFLOW 7.0 XPLAT ENT SUB LIC S ESS 24M;;;;79;;
1;3;2094;1;32618,9727;26519,49;AE WKFLOW 7.0 XPLAT PER ENT SUB LIC S BAS 24M;20759056;;AE WKFLOW 7.0 XPLAT PER ENT SUB LIC S BAS 24M;AE WKFLOW 7.0 XPLAT PER ENT SUB LIC S BAS 24M;AE WKFLOW 7.0 XPLAT PER ENT SUB LIC S BAS 24M;AE WKFLOW 7.0 XPLAT PER ENT SUB LIC S BAS 24M;;;;79;;
1;3;2094;1;16750,2753;13618,11;REW WKFLOW 7.0 XPLAT PER ENT SUB LIC C BAS;20759057;;REW WKFLOW 7.0 XPLAT PER ENT SUB LIC C BAS;REW WKFLOW 7.0 XPLAT PER ENT SUB LIC C BAS;REW WKFLOW 7.0 XPLAT PER ENT SUB LIC C BAS;REW WKFLOW 7.0 XPLAT PER ENT SUB LIC C BAS;;;;79;;
1;3;2094;1;50250,8382;40854,34;REW WKFLOW 7.0 XPLAT PER ENT SUB LIC C BAS 36M;20759058;;REW WKFLOW 7.0 XPLAT PER ENT SUB LIC C BAS 36M;REW WKFLOW 7.0 XPLAT PER ENT SUB LIC C BAS 36M;REW WKFLOW 7.0 XPLAT PER ENT SUB LIC C BAS 36M;REW WKFLOW 7.0 XPLAT PER ENT SUB LIC C BAS 36M;;;;79;;
1;3;2094;1;7504,4022;6101,14;REW WKFLOW 7.0 XPLAT PER ENT BDL ESS C;20759059;;REW WKFLOW 7.0 XPLAT PER ENT BDL ESS C;REW WKFLOW 7.0 XPLAT PER ENT BDL ESS C;REW WKFLOW 7.0 XPLAT PER ENT BDL ESS C;REW WKFLOW 7.0 XPLAT PER ENT BDL ESS C;;;;79;;
1;3;2094;1;7306,9257;5940,59;REW WKFLOW 7.0 XPLAT PER ENT BDL ESS E;20759060;;REW WKFLOW 7.0 XPLAT PER ENT BDL ESS E;REW WKFLOW 7.0 XPLAT PER ENT BDL ESS E;REW WKFLOW 7.0 XPLAT PER ENT BDL ESS E;REW WKFLOW 7.0 XPLAT PER ENT BDL ESS E;;;;79;;
1;3;2094;1;7899,3675;6422,25;REW WKFLOW 7.0 XPLAT PER ENT RNWL ESS B;20759062;;REW WKFLOW 7.0 XPLAT PER ENT RNWL ESS B;REW WKFLOW 7.0 XPLAT PER ENT RNWL ESS B;REW WKFLOW 7.0 XPLAT PER ENT RNWL ESS B;REW WKFLOW 7.0 XPLAT PER ENT RNWL ESS B;;;;79;;
1;3;2094;1;7504,4022;6101,14;REW WKFLOW 7.0 XPLAT PER ENT RNWL ESS C;20759063;;REW WKFLOW 7.0 XPLAT PER ENT RNWL ESS C;REW WKFLOW 7.0 XPLAT PER ENT RNWL ESS C;REW WKFLOW 7.0 XPLAT PER ENT RNWL ESS C;REW WKFLOW 7.0 XPLAT PER ENT RNWL ESS C;;;;79;;
1;3;2094;1;7899,3675;6422,25;EXP WKFLOW 7.0 XPLAT ENT RNWL ESS S;20759064;;EXP WKFLOW 7.0 XPLAT ENT RNWL ESS S;EXP WKFLOW 7.0 XPLAT ENT RNWL ESS S;EXP WKFLOW 7.0 XPLAT ENT RNWL ESS S;EXP WKFLOW 7.0 XPLAT ENT RNWL ESS S;;;;79;;
1;3;2094;1;18381,8088;14944,56;REW WKFLOW 7.0 XPLAT PER ENT SUB LIC D ESS;20759065;;REW WKFLOW 7.0 XPLAT PER ENT SUB LIC D ESS;REW WKFLOW 7.0 XPLAT PER ENT SUB LIC D ESS;REW WKFLOW 7.0 XPLAT PER ENT SUB LIC D ESS;REW WKFLOW 7.0 XPLAT PER ENT SUB LIC D ESS;;;;79;;
1;3;2094;1;33500,5752;27236,24;REW WKFLOW 7.0 XPLAT PER ENT SUB LIC C BAS 24M;20759066;;REW WKFLOW 7.0 XPLAT PER ENT SUB LIC C BAS 24M;REW WKFLOW 7.0 XPLAT PER ENT SUB LIC C BAS 24M;REW WKFLOW 7.0 XPLAT PER ENT SUB LIC C BAS 24M;REW WKFLOW 7.0 XPLAT PER ENT SUB LIC C BAS 24M;;;;79;;
1;3;2094;1;55145,4264;44833,68;REW WKFLOW 7.0 XPLAT PER ENT SUB LIC D ESS 36M;20759067;;REW WKFLOW 7.0 XPLAT PER ENT SUB LIC D ESS 36M;REW WKFLOW 7.0 XPLAT PER ENT SUB LIC D ESS 36M;REW WKFLOW 7.0 XPLAT PER ENT SUB LIC D ESS 36M;REW WKFLOW 7.0 XPLAT PER ENT SUB LIC D ESS 36M;;;;79;;
1;3;2094;1;36763,6053;29889,11;REW WKFLOW 7.0 XPLAT PER ENT SUB LIC D ESS 24M;20759068;;REW WKFLOW 7.0 XPLAT PER ENT SUB LIC D ESS 24M;REW WKFLOW 7.0 XPLAT PER ENT SUB LIC D ESS 24M;REW WKFLOW 7.0 XPLAT PER ENT SUB LIC D ESS 24M;REW WKFLOW 7.0 XPLAT PER ENT SUB LIC D ESS 24M;;;;79;;
1;3;2094;1;17631,8655;14334,85;REW WKFLOW 7.0 XPLAT PER ENT SUB LIC A BAS;20759069;;REW WKFLOW 7.0 XPLAT PER ENT SUB LIC A BAS;REW WKFLOW 7.0 XPLAT PER ENT SUB LIC A BAS;REW WKFLOW 7.0 XPLAT PER ENT SUB LIC A BAS;REW WKFLOW 7.0 XPLAT PER ENT SUB LIC A BAS;;;;79;;
1;3;2094;1;52895,6334;43004,58;REW WKFLOW 7.0 XPLAT PER ENT SUB LIC A BAS 36M;20759070;;REW WKFLOW 7.0 XPLAT PER ENT SUB LIC A BAS 36M;REW WKFLOW 7.0 XPLAT PER ENT SUB LIC A BAS 36M;REW WKFLOW 7.0 XPLAT PER ENT SUB LIC A BAS 36M;REW WKFLOW 7.0 XPLAT PER ENT SUB LIC A BAS 36M;;;;79;;
1;3;2094;1;5717,3352;4648,24;REW WKFLOW 7.0 XPLAT PER ENT BDL BAS E;20759071;;REW WKFLOW 7.0 XPLAT PER ENT BDL BAS E;REW WKFLOW 7.0 XPLAT PER ENT BDL BAS E;REW WKFLOW 7.0 XPLAT PER ENT BDL BAS E;REW WKFLOW 7.0 XPLAT PER ENT BDL BAS E;;;;79;;
1;3;2094;1;7899,3675;6422,25;REW WKFLOW 7.0 XPLAT PER ENT BDL ESS B;20759072;;REW WKFLOW 7.0 XPLAT PER ENT BDL ESS B;REW WKFLOW 7.0 XPLAT PER ENT BDL ESS B;REW WKFLOW 7.0 XPLAT PER ENT BDL ESS B;REW WKFLOW 7.0 XPLAT PER ENT BDL ESS B;;;;79;;
1;3;2094;1;6180,8853;5025,11;REW WKFLOW 7.0 XPLAT PER ENT RNWL BAS A;20759073;;REW WKFLOW 7.0 XPLAT PER ENT RNWL BAS A;REW WKFLOW 7.0 XPLAT PER ENT RNWL BAS A;REW WKFLOW 7.0 XPLAT PER ENT RNWL BAS A;REW WKFLOW 7.0 XPLAT PER ENT RNWL BAS A;;;;79;;
1;3;2094;1;6180,8853;5025,11;REW WKFLOW 7.0 XPLAT PER ENT RNWL BAS B;20759074;;REW WKFLOW 7.0 XPLAT PER ENT RNWL BAS B;REW WKFLOW 7.0 XPLAT PER ENT RNWL BAS B;REW WKFLOW 7.0 XPLAT PER ENT RNWL BAS B;REW WKFLOW 7.0 XPLAT PER ENT RNWL BAS B;;;;79;;
1;3;2094;1;7306,9257;5940,59;AE WKFLOW 7.0 XPLAT PER ENT RNWL ESS S;20759075;;AE WKFLOW 7.0 XPLAT PER ENT RNWL ESS S;AE WKFLOW 7.0 XPLAT PER ENT RNWL ESS S;AE WKFLOW 7.0 XPLAT PER ENT RNWL ESS S;AE WKFLOW 7.0 XPLAT PER ENT RNWL ESS S;;;;79;;
1;3;2094;1;35263,7556;28669,72;REW WKFLOW 7.0 XPLAT PER ENT SUB LIC A BAS 24M;20759076;;REW WKFLOW 7.0 XPLAT PER ENT SUB LIC A BAS 24M;REW WKFLOW 7.0 XPLAT PER ENT SUB LIC A BAS 24M;REW WKFLOW 7.0 XPLAT PER ENT SUB LIC A BAS 24M;REW WKFLOW 7.0 XPLAT PER ENT SUB LIC A BAS 24M;;;;79;;
1;3;2094;1;17279,2368;14048,16;GOV WKFLOW 7.0 XPLAT PER ENT SUB LIC S BAS;20759077;;GOV WKFLOW 7.0 XPLAT PER ENT SUB LIC S BAS;GOV WKFLOW 7.0 XPLAT PER ENT SUB LIC S BAS;GOV WKFLOW 7.0 XPLAT PER ENT SUB LIC S BAS;GOV WKFLOW 7.0 XPLAT PER ENT SUB LIC S BAS;;;;79;;
1;3;2094;1;51837,7227;42144,49;GOV WKFLOW 7.0 XPLAT PER ENT SUB LIC S BAS 36M;20759078;;GOV WKFLOW 7.0 XPLAT PER ENT SUB LIC S BAS 36M;GOV WKFLOW 7.0 XPLAT PER ENT SUB LIC S BAS 36M;GOV WKFLOW 7.0 XPLAT PER ENT SUB LIC S BAS 36M;GOV WKFLOW 7.0 XPLAT PER ENT SUB LIC S BAS 36M;;;;79;;
1;3;2094;1;34558,4736;28096,32;GOV WKFLOW 7.0 XPLAT PER ENT SUB LIC S BAS 24M;20759079;;GOV WKFLOW 7.0 XPLAT PER ENT SUB LIC S BAS 24M;GOV WKFLOW 7.0 XPLAT PER ENT SUB LIC S BAS 24M;GOV WKFLOW 7.0 XPLAT PER ENT SUB LIC S BAS 24M;GOV WKFLOW 7.0 XPLAT PER ENT SUB LIC S BAS 24M;;;;79;;
1;3;2094;1;6057,2703;4924,61;GOV WKFLOW 7.0 XPLAT PER ENT RNWL BAS S;20759080;;GOV WKFLOW 7.0 XPLAT PER ENT RNWL BAS S;GOV WKFLOW 7.0 XPLAT PER ENT RNWL BAS S;GOV WKFLOW 7.0 XPLAT PER ENT RNWL BAS S;GOV WKFLOW 7.0 XPLAT PER ENT RNWL BAS S;;;;79;;
1;3;2094;1;17631,8655;14334,85;EXP WKFLOW 7.0 XPLAT ENT SUB LIC S BAS;20759081;;EXP WKFLOW 7.0 XPLAT ENT SUB LIC S BAS;EXP WKFLOW 7.0 XPLAT ENT SUB LIC S BAS;EXP WKFLOW 7.0 XPLAT ENT SUB LIC S BAS;EXP WKFLOW 7.0 XPLAT ENT SUB LIC S BAS;;;;79;;
1;3;2094;1;5871,8355;4773,85;REW WKFLOW 7.0 XPLAT PER ENT BDL BAS C;20759082;;REW WKFLOW 7.0 XPLAT PER ENT BDL BAS C;REW WKFLOW 7.0 XPLAT PER ENT BDL BAS C;REW WKFLOW 7.0 XPLAT PER ENT BDL BAS C;REW WKFLOW 7.0 XPLAT PER ENT BDL BAS C;;;;79;;
1;3;2094;1;7899,3675;6422,25;REW WKFLOW 7.0 XPLAT PER ENT BDL ESS A;20759083;;REW WKFLOW 7.0 XPLAT PER ENT BDL ESS A;REW WKFLOW 7.0 XPLAT PER ENT BDL ESS A;REW WKFLOW 7.0 XPLAT PER ENT BDL ESS A;REW WKFLOW 7.0 XPLAT PER ENT BDL ESS A;;;;79;;
1;3;2094;1;7899,3675;6422,25;WKFLOW 7.0 XPLT ENT BNDL ESS EXP B-S;20759084;;WKFLOW 7.0 XPLT ENT BNDL ESS EXP B-S;WKFLOW 7.0 XPLT ENT BNDL ESS EXP B-S;WKFLOW 7.0 XPLT ENT BNDL ESS EXP B-S;WKFLOW 7.0 XPLT ENT BNDL ESS EXP B-S;;;;79;;
1;3;2094;1;7504,4022;6101,14;REW WKFLOW 7.0 XPLAT PER ENT RNWL ESS D;20759085;;REW WKFLOW 7.0 XPLAT PER ENT RNWL ESS D;REW WKFLOW 7.0 XPLAT PER ENT RNWL ESS D;REW WKFLOW 7.0 XPLAT PER ENT RNWL ESS D;REW WKFLOW 7.0 XPLAT PER ENT RNWL ESS D;;;;79;;
1;3;2094;1;7306,9257;5940,59;REW WKFLOW 7.0 XPLAT PER ENT RNWL ESS E;20759086;;REW WKFLOW 7.0 XPLAT PER ENT RNWL ESS E;REW WKFLOW 7.0 XPLAT PER ENT RNWL ESS E;REW WKFLOW 7.0 XPLAT PER ENT RNWL ESS E;REW WKFLOW 7.0 XPLAT PER ENT RNWL ESS E;;;;79;;
1;3;2094;1;40530,4311;32951,57;REW WKFLOW 7.0 XPLAT PER ENT BDL STD LIC B BAS;20759087;;REW WKFLOW 7.0 XPLAT PER ENT BDL STD LIC B BAS;REW WKFLOW 7.0 XPLAT PER ENT BDL STD LIC B BAS;REW WKFLOW 7.0 XPLAT PER ENT BDL STD LIC B BAS;REW WKFLOW 7.0 XPLAT PER ENT BDL STD LIC B BAS;;;;79;;
1;3;2094;1;38503,8954;31303,98;REW WKFLOW 7.0 XPLAT PER ENT BDL STD LIC D BAS;20759088;;REW WKFLOW 7.0 XPLAT PER ENT BDL STD LIC D BAS;REW WKFLOW 7.0 XPLAT PER ENT BDL STD LIC D BAS;REW WKFLOW 7.0 XPLAT PER ENT BDL STD LIC D BAS;REW WKFLOW 7.0 XPLAT PER ENT BDL STD LIC D BAS;;;;79;;
1;3;2094;1;40136,4621;32631,27;REW WKFLOW 7.0 XPLAT PER ENT BDL STD LIC D ESS;20759089;;REW WKFLOW 7.0 XPLAT PER ENT BDL STD LIC D ESS;REW WKFLOW 7.0 XPLAT PER ENT BDL STD LIC D ESS;REW WKFLOW 7.0 XPLAT PER ENT BDL STD LIC D ESS;REW WKFLOW 7.0 XPLAT PER ENT BDL STD LIC D ESS;;;;79;;
1;3;2094;1;41403,9402;33661,74;GOV WKFLOW 7.0 XPLAT PER ENT BDL STD LIC S ESS;20759090;;GOV WKFLOW 7.0 XPLAT PER ENT BDL STD LIC S ESS;GOV WKFLOW 7.0 XPLAT PER ENT BDL STD LIC S ESS;GOV WKFLOW 7.0 XPLAT PER ENT BDL STD LIC S ESS;GOV WKFLOW 7.0 XPLAT PER ENT BDL STD LIC S ESS;;;;79;;
1;3;2094;1;38503,8954;31303,98;REW WKFLOW 7.0 XPLAT PER ENT BDL STD LIC C BAS;20759091;;REW WKFLOW 7.0 XPLAT PER ENT BDL STD LIC C BAS;REW WKFLOW 7.0 XPLAT PER ENT BDL STD LIC C BAS;REW WKFLOW 7.0 XPLAT PER ENT BDL STD LIC C BAS;REW WKFLOW 7.0 XPLAT PER ENT BDL STD LIC C BAS;;;;79;;
1;3;2094;1;40530,4311;32951,57;REW WKFLOW 7.0 XPLAT PER ENT BDL STD LIC A BAS;20759092;;REW WKFLOW 7.0 XPLAT PER ENT BDL STD LIC A BAS;REW WKFLOW 7.0 XPLAT PER ENT BDL STD LIC A BAS;REW WKFLOW 7.0 XPLAT PER ENT BDL STD LIC A BAS;REW WKFLOW 7.0 XPLAT PER ENT BDL STD LIC A BAS;;;;79;;
1;3;2094;1;39719,8119;32292,53;GOV WKFLOW 7.0 XPLAT PER ENT BDL STD LIC S BAS;20759093;;GOV WKFLOW 7.0 XPLAT PER ENT BDL STD LIC S BAS;GOV WKFLOW 7.0 XPLAT PER ENT BDL STD LIC S BAS;GOV WKFLOW 7.0 XPLAT PER ENT BDL STD LIC S BAS;GOV WKFLOW 7.0 XPLAT PER ENT BDL STD LIC S BAS;;;;79;;
1;3;2094;1;40530,4311;32951,57;EXP WKFLOW 7.0 XPLAT ENT BDL STD LIC S BAS;20759094;;EXP WKFLOW 7.0 XPLAT ENT BDL STD LIC S BAS;EXP WKFLOW 7.0 XPLAT ENT BDL STD LIC S BAS;EXP WKFLOW 7.0 XPLAT ENT BDL STD LIC S BAS;EXP WKFLOW 7.0 XPLAT ENT BDL STD LIC S BAS;;;;79;;
1;3;2094;1;42248,9133;34348,71;EXP WKFLOW 7.0 XPLAT ENT BDL STD LIC S ESS;20759096;;EXP WKFLOW 7.0 XPLAT ENT BDL STD LIC S ESS;EXP WKFLOW 7.0 XPLAT ENT BDL STD LIC S ESS;EXP WKFLOW 7.0 XPLAT ENT BDL STD LIC S ESS;EXP WKFLOW 7.0 XPLAT ENT BDL STD LIC S ESS;;;;79;;
1;3;2094;1;39080,2488;31772,56;AE WKFLOW 7.0 XPLAT PER ENT BDL STD LIC S ESS;20759097;;AE WKFLOW 7.0 XPLAT PER ENT BDL STD LIC S ESS;AE WKFLOW 7.0 XPLAT PER ENT BDL STD LIC S ESS;AE WKFLOW 7.0 XPLAT PER ENT BDL STD LIC S ESS;AE WKFLOW 7.0 XPLAT PER ENT BDL STD LIC S ESS;;;;79;;
1;3;2094;1;37490,646;30480,2;REW WKFLOW 7.0 XPLAT PER ENT BDL STD LIC E BAS;20759098;;REW WKFLOW 7.0 XPLAT PER ENT BDL STD LIC E BAS;REW WKFLOW 7.0 XPLAT PER ENT BDL STD LIC E BAS;REW WKFLOW 7.0 XPLAT PER ENT BDL STD LIC E BAS;REW WKFLOW 7.0 XPLAT PER ENT BDL STD LIC E BAS;;;;79;;
1;3;2094;1;40136,4621;32631,27;REW WKFLOW 7.0 XPLAT PER ENT BDL STD LIC C ESS;20759100;;REW WKFLOW 7.0 XPLAT PER ENT BDL STD LIC C ESS;REW WKFLOW 7.0 XPLAT PER ENT BDL STD LIC C ESS;REW WKFLOW 7.0 XPLAT PER ENT BDL STD LIC C ESS;REW WKFLOW 7.0 XPLAT PER ENT BDL STD LIC C ESS;;;;79;;
1;3;2094;1;39080,2488;31772,56;REW WKFLOW 7.0 XPLAT PER ENT BDL STD LIC E ESS;20759101;;REW WKFLOW 7.0 XPLAT PER ENT BDL STD LIC E ESS;REW WKFLOW 7.0 XPLAT PER ENT BDL STD LIC E ESS;REW WKFLOW 7.0 XPLAT PER ENT BDL STD LIC E ESS;REW WKFLOW 7.0 XPLAT PER ENT BDL STD LIC E ESS;;;;79;;
1;3;2094;1;37490,646;30480,2;AE WKFLOW 7.0 XPLAT PER ENT BDL STD LIC S BAS;20759102;;AE WKFLOW 7.0 XPLAT PER ENT BDL STD LIC S BAS;AE WKFLOW 7.0 XPLAT PER ENT BDL STD LIC S BAS;AE WKFLOW 7.0 XPLAT PER ENT BDL STD LIC S BAS;AE WKFLOW 7.0 XPLAT PER ENT BDL STD LIC S BAS;;;;79;;
1;3;2094;1;42248,9133;34348,71;REW WKFLOW 7.0 XPLAT PER ENT BDL STD LIC A ESS;20759103;;REW WKFLOW 7.0 XPLAT PER ENT BDL STD LIC A ESS;REW WKFLOW 7.0 XPLAT PER ENT BDL STD LIC A ESS;REW WKFLOW 7.0 XPLAT PER ENT BDL STD LIC A ESS;REW WKFLOW 7.0 XPLAT PER ENT BDL STD LIC A ESS;;;;79;;
1;3;2094;1;42248,9133;34348,71;REW WKFLOW 7.0 XPLAT PER ENT BDL STD LIC B ESS;20759104;;REW WKFLOW 7.0 XPLAT PER ENT BDL STD LIC B ESS;REW WKFLOW 7.0 XPLAT PER ENT BDL STD LIC B ESS;REW WKFLOW 7.0 XPLAT PER ENT BDL STD LIC B ESS;REW WKFLOW 7.0 XPLAT PER ENT BDL STD LIC B ESS;;;;79;;
1;3;2094;1;52895,6334;43004,58;EXP WKFLOW 7.0 XPLAT ENT SUB LIC S BAS 36M;20759105;;EXP WKFLOW 7.0 XPLAT ENT SUB LIC S BAS 36M;EXP WKFLOW 7.0 XPLAT ENT SUB LIC S BAS 36M;EXP WKFLOW 7.0 XPLAT ENT SUB LIC S BAS 36M;EXP WKFLOW 7.0 XPLAT ENT SUB LIC S BAS 36M;;;;79;;
1;3;2094;1;35263,7556;28669,72;EXP WKFLOW 7.0 XPLAT ENT SUB LIC S BAS 24M;20759106;;EXP WKFLOW 7.0 XPLAT ENT SUB LIC S BAS 24M;EXP WKFLOW 7.0 XPLAT ENT SUB LIC S BAS 24M;EXP WKFLOW 7.0 XPLAT ENT SUB LIC S BAS 24M;EXP WKFLOW 7.0 XPLAT ENT SUB LIC S BAS 24M;;;;79;;
1;3;2094;1;16750,2753;13618,11;REW WKFLOW 7.0 XPLAT PER ENT SUB LIC D BAS;20759107;;REW WKFLOW 7.0 XPLAT PER ENT SUB LIC D BAS;REW WKFLOW 7.0 XPLAT PER ENT SUB LIC D BAS;REW WKFLOW 7.0 XPLAT PER ENT SUB LIC D BAS;REW WKFLOW 7.0 XPLAT PER ENT SUB LIC D BAS;;;;79;;
1;3;2094;1;50250,8382;40854,34;REW WKFLOW 7.0 XPLAT PER ENT SUB LIC D BAS 36M;20759108;;REW WKFLOW 7.0 XPLAT PER ENT SUB LIC D BAS 36M;REW WKFLOW 7.0 XPLAT PER ENT SUB LIC D BAS 36M;REW WKFLOW 7.0 XPLAT PER ENT SUB LIC D BAS 36M;REW WKFLOW 7.0 XPLAT PER ENT SUB LIC D BAS 36M;;;;79;;
1;3;2094;1;33500,5752;27236,24;REW WKFLOW 7.0 XPLAT PER ENT SUB LIC D BAS 24M;20759109;;REW WKFLOW 7.0 XPLAT PER ENT SUB LIC D BAS 24M;REW WKFLOW 7.0 XPLAT PER ENT SUB LIC D BAS 24M;REW WKFLOW 7.0 XPLAT PER ENT SUB LIC D BAS 24M;REW WKFLOW 7.0 XPLAT PER ENT SUB LIC D BAS 24M;;;;79;;
1;3;2094;1;17631,8655;14334,85;REW WKFLOW 7.0 XPLAT PER ENT SUB LIC B BAS;20759110;;REW WKFLOW 7.0 XPLAT PER ENT SUB LIC B BAS;REW WKFLOW 7.0 XPLAT PER ENT SUB LIC B BAS;REW WKFLOW 7.0 XPLAT PER ENT SUB LIC B BAS;REW WKFLOW 7.0 XPLAT PER ENT SUB LIC B BAS;;;;79;;
1;3;2094;1;52895,6334;43004,58;REW WKFLOW 7.0 XPLAT PER ENT SUB LIC B BAS 36M;20759111;;REW WKFLOW 7.0 XPLAT PER ENT SUB LIC B BAS 36M;REW WKFLOW 7.0 XPLAT PER ENT SUB LIC B BAS 36M;REW WKFLOW 7.0 XPLAT PER ENT SUB LIC B BAS 36M;REW WKFLOW 7.0 XPLAT PER ENT SUB LIC B BAS 36M;;;;79;;
1;3;2094;1;35263,7556;28669,72;REW WKFLOW 7.0 XPLAT PER ENT SUB LIC B BAS 24M;20759112;;REW WKFLOW 7.0 XPLAT PER ENT SUB LIC B BAS 24M;REW WKFLOW 7.0 XPLAT PER ENT SUB LIC B BAS 24M;REW WKFLOW 7.0 XPLAT PER ENT SUB LIC B BAS 24M;REW WKFLOW 7.0 XPLAT PER ENT SUB LIC B BAS 24M;;;;79;;
1;3;2094;1;16309,4802;13259,74;REW WKFLOW 7.0 XPLAT PER ENT SUB LIC E BAS;20759113;;REW WKFLOW 7.0 XPLAT PER ENT SUB LIC E BAS;REW WKFLOW 7.0 XPLAT PER ENT SUB LIC E BAS;REW WKFLOW 7.0 XPLAT PER ENT SUB LIC E BAS;REW WKFLOW 7.0 XPLAT PER ENT SUB LIC E BAS;;;;79;;
1;3;2094;1;48928,4529;39779,23;REW WKFLOW 7.0 XPLAT PER ENT SUB LIC E BAS 36M;20759114;;REW WKFLOW 7.0 XPLAT PER ENT SUB LIC E BAS 36M;REW WKFLOW 7.0 XPLAT PER ENT SUB LIC E BAS 36M;REW WKFLOW 7.0 XPLAT PER ENT SUB LIC E BAS 36M;REW WKFLOW 7.0 XPLAT PER ENT SUB LIC E BAS 36M;;;;79;;
1;3;2094;1;32618,9727;26519,49;REW WKFLOW 7.0 XPLAT PER ENT SUB LIC E BAS 24M;20759115;;REW WKFLOW 7.0 XPLAT PER ENT SUB LIC E BAS 24M;REW WKFLOW 7.0 XPLAT PER ENT SUB LIC E BAS 24M;REW WKFLOW 7.0 XPLAT PER ENT SUB LIC E BAS 24M;REW WKFLOW 7.0 XPLAT PER ENT SUB LIC E BAS 24M;;;;79;;
1;3;2094;1;6180,8853;5025,11;WKFLOW 7.0 XPLT ENT BNDL BAS EXP B-S;20759120;;WKFLOW 7.0 XPLT ENT BNDL BAS EXP B-S;WKFLOW 7.0 XPLT ENT BNDL BAS EXP B-S;WKFLOW 7.0 XPLT ENT BNDL BAS EXP B-S;WKFLOW 7.0 XPLT ENT BNDL BAS EXP B-S;;;;79;;
1;3;2094;1;19349,2653;15731,11;REW WKFLOW 7.0 XPLAT PER ENT SUB LIC B ESS;20759121;;REW WKFLOW 7.0 XPLAT PER ENT SUB LIC B ESS;REW WKFLOW 7.0 XPLAT PER ENT SUB LIC B ESS;REW WKFLOW 7.0 XPLAT PER ENT SUB LIC B ESS;REW WKFLOW 7.0 XPLAT PER ENT SUB LIC B ESS;;;;79;;
1;3;2094;1;58047,8082;47193,34;REW WKFLOW 7.0 XPLAT PER ENT SUB LIC B ESS 36M;20759122;;REW WKFLOW 7.0 XPLAT PER ENT SUB LIC B ESS 36M;REW WKFLOW 7.0 XPLAT PER ENT SUB LIC B ESS 36M;REW WKFLOW 7.0 XPLAT PER ENT SUB LIC B ESS 36M;REW WKFLOW 7.0 XPLAT PER ENT SUB LIC B ESS 36M;;;;79;;
1;3;2094;1;38698,5552;31462,24;REW WKFLOW 7.0 XPLAT PER ENT SUB LIC B ESS 24M;20759123;;REW WKFLOW 7.0 XPLAT PER ENT SUB LIC B ESS 24M;REW WKFLOW 7.0 XPLAT PER ENT SUB LIC B ESS 24M;REW WKFLOW 7.0 XPLAT PER ENT SUB LIC B ESS 24M;REW WKFLOW 7.0 XPLAT PER ENT SUB LIC B ESS 24M;;;;79;;
1;3;2094;1;17898,0867;14551,29;REW WKFLOW 7.0 XPLAT PER ENT SUB LIC E ESS;20759124;;REW WKFLOW 7.0 XPLAT PER ENT SUB LIC E ESS;REW WKFLOW 7.0 XPLAT PER ENT SUB LIC E ESS;REW WKFLOW 7.0 XPLAT PER ENT SUB LIC E ESS;REW WKFLOW 7.0 XPLAT PER ENT SUB LIC E ESS;;;;79;;
1;3;2094;1;53694,2109;43653,83;REW WKFLOW 7.0 XPLAT PER ENT SUB LIC E ESS 36M;20759125;;REW WKFLOW 7.0 XPLAT PER ENT SUB LIC E ESS 36M;REW WKFLOW 7.0 XPLAT PER ENT SUB LIC E ESS 36M;REW WKFLOW 7.0 XPLAT PER ENT SUB LIC E ESS 36M;REW WKFLOW 7.0 XPLAT PER ENT SUB LIC E ESS 36M;;;;79;;
1;3;2094;1;35796,1488;29102,56;REW WKFLOW 7.0 XPLAT PER ENT SUB LIC E ESS 24M;20759126;;REW WKFLOW 7.0 XPLAT PER ENT SUB LIC E ESS 24M;REW WKFLOW 7.0 XPLAT PER ENT SUB LIC E ESS 24M;REW WKFLOW 7.0 XPLAT PER ENT SUB LIC E ESS 24M;REW WKFLOW 7.0 XPLAT PER ENT SUB LIC E ESS 24M;;;;79;;
1;3;2094;1;25451,7381;20692,47;REW WKFLOW 7.0 XPLAT PER ENT BDL V/U LIC C BAS;20760020;;REW WKFLOW 7.0 XPLAT PER ENT BDL V/U LIC C BAS;REW WKFLOW 7.0 XPLAT PER ENT BDL V/U LIC C BAS;REW WKFLOW 7.0 XPLAT PER ENT BDL V/U LIC C BAS;REW WKFLOW 7.0 XPLAT PER ENT BDL V/U LIC C BAS;;;;79;;
1;3;2094;1;25451,7381;20692,47;REW WKFLOW 7.0 XPLAT PER ENT BDL V/U LIC D BAS;20760021;;REW WKFLOW 7.0 XPLAT PER ENT BDL V/U LIC D BAS;REW WKFLOW 7.0 XPLAT PER ENT BDL V/U LIC D BAS;REW WKFLOW 7.0 XPLAT PER ENT BDL V/U LIC D BAS;REW WKFLOW 7.0 XPLAT PER ENT BDL V/U LIC D BAS;;;;79;;
1;3;2094;1;26370,5481;21439,47;REW WKFLOW 7.0 XPLAT PER ENT BDL V/U LIC E ESS;20760022;;REW WKFLOW 7.0 XPLAT PER ENT BDL V/U LIC E ESS;REW WKFLOW 7.0 XPLAT PER ENT BDL V/U LIC E ESS;REW WKFLOW 7.0 XPLAT PER ENT BDL V/U LIC E ESS;REW WKFLOW 7.0 XPLAT PER ENT BDL V/U LIC E ESS;;;;79;;
1;3;2094;1;26791,2942;21781,54;REW WKFLOW 7.0 XPLAT PER ENT BDL V/U LIC B BAS;20760023;;REW WKFLOW 7.0 XPLAT PER ENT BDL V/U LIC B BAS;REW WKFLOW 7.0 XPLAT PER ENT BDL V/U LIC B BAS;REW WKFLOW 7.0 XPLAT PER ENT BDL V/U LIC B BAS;REW WKFLOW 7.0 XPLAT PER ENT BDL V/U LIC B BAS;;;;79;;
1;3;2094;1;28508,694;23177,8;REW WKFLOW 7.0 XPLAT PER ENT BDL V/U LIC B ESS;20760025;;REW WKFLOW 7.0 XPLAT PER ENT BDL V/U LIC B ESS;REW WKFLOW 7.0 XPLAT PER ENT BDL V/U LIC B ESS;REW WKFLOW 7.0 XPLAT PER ENT BDL V/U LIC B ESS;REW WKFLOW 7.0 XPLAT PER ENT BDL V/U LIC B ESS;;;;79;;
1;3;2094;1;28508,694;23177,8;REW WKFLOW 7.0 XPLAT PER ENT BDL V/U LIC A ESS;20760026;;REW WKFLOW 7.0 XPLAT PER ENT BDL V/U LIC A ESS;REW WKFLOW 7.0 XPLAT PER ENT BDL V/U LIC A ESS;REW WKFLOW 7.0 XPLAT PER ENT BDL V/U LIC A ESS;REW WKFLOW 7.0 XPLAT PER ENT BDL V/U LIC A ESS;;;;79;;
1;3;2094;1;27083,2593;22018,91;REW WKFLOW 7.0 XPLAT PER ENT BDL V/U LIC D ESS;20760027;;REW WKFLOW 7.0 XPLAT PER ENT BDL V/U LIC D ESS;REW WKFLOW 7.0 XPLAT PER ENT BDL V/U LIC D ESS;REW WKFLOW 7.0 XPLAT PER ENT BDL V/U LIC D ESS;REW WKFLOW 7.0 XPLAT PER ENT BDL V/U LIC D ESS;;;;79;;
1;3;2094;1;26255,4693;21345,91;GOV WKFLOW 7.0 XPLAT PER ENT BDL V/U LIC S BAS;20760028;;GOV WKFLOW 7.0 XPLAT PER ENT BDL V/U LIC S BAS;GOV WKFLOW 7.0 XPLAT PER ENT BDL V/U LIC S BAS;GOV WKFLOW 7.0 XPLAT PER ENT BDL V/U LIC S BAS;GOV WKFLOW 7.0 XPLAT PER ENT BDL V/U LIC S BAS;;;;79;;
1;3;2094;1;26791,2942;21781,54;EXP WKFLOW 7.0 XPLAT ENT BDL V/U LIC S BAS;20760029;;EXP WKFLOW 7.0 XPLAT ENT BDL V/U LIC S BAS;EXP WKFLOW 7.0 XPLAT ENT BDL V/U LIC S BAS;EXP WKFLOW 7.0 XPLAT ENT BDL V/U LIC S BAS;EXP WKFLOW 7.0 XPLAT ENT BDL V/U LIC S BAS;;;;79;;
1;3;2094;1;27083,2593;22018,91;REW WKFLOW 7.0 XPLAT PER ENT BDL V/U LIC C ESS;20760030;;REW WKFLOW 7.0 XPLAT PER ENT BDL V/U LIC C ESS;REW WKFLOW 7.0 XPLAT PER ENT BDL V/U LIC C ESS;REW WKFLOW 7.0 XPLAT PER ENT BDL V/U LIC C ESS;REW WKFLOW 7.0 XPLAT PER ENT BDL V/U LIC C ESS;;;;79;;
1;3;2094;1;27938,5152;22714,24;GOV WKFLOW 7.0 XPLAT PER ENT BDL V/U LIC S ESS;20760032;;GOV WKFLOW 7.0 XPLAT PER ENT BDL V/U LIC S ESS;GOV WKFLOW 7.0 XPLAT PER ENT BDL V/U LIC S ESS;GOV WKFLOW 7.0 XPLAT PER ENT BDL V/U LIC S ESS;GOV WKFLOW 7.0 XPLAT PER ENT BDL V/U LIC S ESS;;;;79;;
1;3;2094;1;24781,9293;20147,91;AE WKFLOW 7.0 XPLAT PER ENT BDL V/U LIC S BAS;20760033;;AE WKFLOW 7.0 XPLAT PER ENT BDL V/U LIC S BAS;AE WKFLOW 7.0 XPLAT PER ENT BDL V/U LIC S BAS;AE WKFLOW 7.0 XPLAT PER ENT BDL V/U LIC S BAS;AE WKFLOW 7.0 XPLAT PER ENT BDL V/U LIC S BAS;;;;79;;
1;3;2094;1;24781,9293;20147,91;REW WKFLOW 7.0 XPLAT PER ENT BDL V/U LIC E BAS;20760034;;REW WKFLOW 7.0 XPLAT PER ENT BDL V/U LIC E BAS;REW WKFLOW 7.0 XPLAT PER ENT BDL V/U LIC E BAS;REW WKFLOW 7.0 XPLAT PER ENT BDL V/U LIC E BAS;REW WKFLOW 7.0 XPLAT PER ENT BDL V/U LIC E BAS;;;;79;;
1;3;2094;1;28508,694;23177,8;EXP WKFLOW 7.0 XPLAT ENT BDL V/U LIC S ESS;20760035;;EXP WKFLOW 7.0 XPLAT ENT BDL V/U LIC S ESS;EXP WKFLOW 7.0 XPLAT ENT BDL V/U LIC S ESS;EXP WKFLOW 7.0 XPLAT ENT BDL V/U LIC S ESS;EXP WKFLOW 7.0 XPLAT ENT BDL V/U LIC S ESS;;;;79;;
1;3;2094;1;26370,5481;21439,47;AE WKFLOW 7.0 XPLAT PER ENT BDL V/U LIC S ESS;20760036;;AE WKFLOW 7.0 XPLAT PER ENT BDL V/U LIC S ESS;AE WKFLOW 7.0 XPLAT PER ENT BDL V/U LIC S ESS;AE WKFLOW 7.0 XPLAT PER ENT BDL V/U LIC S ESS;AE WKFLOW 7.0 XPLAT PER ENT BDL V/U LIC S ESS;;;;79;;
1;3;2094;1;26791,2942;21781,54;REW WKFLOW 7.0 XPLAT PER ENT BDL V/U LIC A BAS;20760037;;REW WKFLOW 7.0 XPLAT PER ENT BDL V/U LIC A BAS;REW WKFLOW 7.0 XPLAT PER ENT BDL V/U LIC A BAS;REW WKFLOW 7.0 XPLAT PER ENT BDL V/U LIC A BAS;REW WKFLOW 7.0 XPLAT PER ENT BDL V/U LIC A BAS;;;;79;;
1;3;2094;1;26847,0501;21826,87;AE WORKFLOW 7.0 XPLAT PER ENT SECDRY SUB A ESS;20761020;;AE WORKFLOW 7.0 XPLAT PER ENT SECDRY SUB A ESS;AE WORKFLOW 7.0 XPLAT PER ENT SECDRY SUB A ESS;AE WORKFLOW 7.0 XPLAT PER ENT SECDRY SUB A ESS;AE WORKFLOW 7.0 XPLAT PER ENT SECDRY SUB A ESS;;;;79;;
1;3;2094;1;25504,6896;20735,52;AE WORKFLOW 7.0 XPLAT PER ENT SECDRY SUB B ESS;20761021;;AE WORKFLOW 7.0 XPLAT PER ENT SECDRY SUB B ESS;AE WORKFLOW 7.0 XPLAT PER ENT SECDRY SUB B ESS;AE WORKFLOW 7.0 XPLAT PER ENT SECDRY SUB B ESS;AE WORKFLOW 7.0 XPLAT PER ENT SECDRY SUB B ESS;;;;79;;
1;3;2094;1;22820,0055;18552,85;AE WORKFLOW 7.0 XPLAT PER ENT SECDRY SUB D ESS;20761022;;AE WORKFLOW 7.0 XPLAT PER ENT SECDRY SUB D ESS;AE WORKFLOW 7.0 XPLAT PER ENT SECDRY SUB D ESS;AE WORKFLOW 7.0 XPLAT PER ENT SECDRY SUB D ESS;AE WORKFLOW 7.0 XPLAT PER ENT SECDRY SUB D ESS;;;;79;;
1;3;2094;1;24162,3414;19644,18;AE WORKFLOW 7.0 XPLAT PER ENT SECDRY SUB C ESS;20761023;;AE WORKFLOW 7.0 XPLAT PER ENT SECDRY SUB C ESS;AE WORKFLOW 7.0 XPLAT PER ENT SECDRY SUB C ESS;AE WORKFLOW 7.0 XPLAT PER ENT SECDRY SUB C ESS;AE WORKFLOW 7.0 XPLAT PER ENT SECDRY SUB C ESS;;;;79;;
1;3;2094;1;21477,6327;17461,49;AE WORKFLOW 7.0 XPLAT PER ENT SECDRY SUB E ESS;20761024;;AE WORKFLOW 7.0 XPLAT PER ENT SECDRY SUB E ESS;AE WORKFLOW 7.0 XPLAT PER ENT SECDRY SUB E ESS;AE WORKFLOW 7.0 XPLAT PER ENT SECDRY SUB E ESS;AE WORKFLOW 7.0 XPLAT PER ENT SECDRY SUB E ESS;;;;79;;
1;3;2094;1;5,3505;4,35;ALTIRIS MGMT STE7.0 XPLAT P N I/O SUB XSP A ESS 1MO;20767025;;ALTIRIS MGMT STE7.0 XPLAT P N I/O SUB XSP A ESS 1MO;ALTIRIS MGMT STE7.0 XPLAT P N I/O SUB XSP A ESS 1MO;ALTIRIS MGMT STE7.0 XPLAT P N I/O SUB XSP A ESS 1MO;ALTIRIS MGMT STE7.0 XPLAT P N I/O SUB XSP A ESS 1MO;;;;79;;
1;3;2094;1;#ARG!;E-mail;ALTIRIS PCANYWHERE SOLUT7 XPLAT P N LIC XSP ESS36MO;20768026;;ALTIRIS PCANYWHERE SOLUT7 XPLAT P N LIC XSP ESS36MO;ALTIRIS PCANYWHERE SOLUT7 XPLAT P N LIC XSP ESS36MO;ALTIRIS PCANYWHERE SOLUT7 XPLAT P N LIC XSP ESS36MO;ALTIRIS PCANYWHERE SOLUT7 XPLAT P N LIC XSP ESS36MO;;;;79;;
1;3;2094;1;1759,023;1430,1;SVCDESK BASE 7 WIN CONC U I/O SUB XSP A ESS 1MO;20769050;;SVCDESK BASE 7 WIN CONC U I/O SUB XSP A ESS 1MO;SVCDESK BASE 7 WIN CONC U I/O SUB XSP A ESS 1MO;SVCDESK BASE 7 WIN CONC U I/O SUB XSP A ESS 1MO;SVCDESK BASE 7 WIN CONC U I/O SUB XSP A ESS 1MO;;;;79;;
1;3;2094;1;323,6499;263,13;SVCDESK ANALYST7 WIN CONC U I/O SUB XSP A ESS 1MO;20769056;;SVCDESK ANALYST7 WIN CONC U I/O SUB XSP A ESS 1MO;SVCDESK ANALYST7 WIN CONC U I/O SUB XSP A ESS 1MO;SVCDESK ANALYST7 WIN CONC U I/O SUB XSP A ESS 1MO;SVCDESK ANALYST7 WIN CONC U I/O SUB XSP A ESS 1MO;;;;79;;
1;3;2094;1;19,8399;16,13;ALTIRIS RECOVERY SOLUTION FOR SERVERS 6.2 WIN PER NODE RENEWAL BASIC 12 MONTHS ACAD BAND S;20771020;;ALTIRIS RECOVERY SOLUTION FOR SERVERS 6.2 WIN PER NODE RENEWAL BASIC 12 MONTHS ACAD BAND S;ALTIRIS RECOVERY SOLUTION FOR SERVERS 6.2 WIN PER NODE RENEWAL BASIC 12 MONTHS ACAD BAND S;ALTIRIS RECOVERY SOLUTION FOR SERVERS 6.2 WIN PER NODE RENEWAL BASIC 12 MONTHS ACAD BAND S;ALTIRIS RECOVERY SOLUTION FOR SERVERS 6.2 WIN PER NODE RENEWAL BASIC 12 MONTHS ACAD BAND S;;;;79;;
1;3;2094;1;20,7378;16,86;ALTIRIS RECOVERY SOLUTION FOR SERVERS 6.2 WIN PER NODE RENEWAL BASIC 12 MONTHS REWARDS BAND D;20771027;;ALTIRIS RECOVERY SOLUTION FOR SERVERS 6.2 WIN PER NODE RENEWAL BASIC 12 MONTHS REWARDS BAND D;ALTIRIS RECOVERY SOLUTION FOR SERVERS 6.2 WIN PER NODE RENEWAL BASIC 12 MONTHS REWARDS BAND D;ALTIRIS RECOVERY SOLUTION FOR SERVERS 6.2 WIN PER NODE RENEWAL BASIC 12 MONTHS REWARDS BAND D;ALTIRIS RECOVERY SOLUTION FOR SERVERS 6.2 WIN PER NODE RENEWAL BASIC 12 MONTHS REWARDS BAND D;;;;79;;
1;3;2094;1;25,1781;20,47;ALTIRIS RECOVERY SOLUTION FOR SERVERS 6.2 WIN PER NODE RENEWAL ESSENTIAL 12 MONTHS REWARDS BAND E;20771028;;ALTIRIS RECOVERY SOLUTION FOR SERVERS 6.2 WIN PER NODE RENEWAL ESSENTIAL 12 MONTHS REWARDS BAND E;ALTIRIS RECOVERY SOLUTION FOR SERVERS 6.2 WIN PER NODE RENEWAL ESSENTIAL 12 MONTHS REWARDS BAND E;ALTIRIS RECOVERY SOLUTION FOR SERVERS 6.2 WIN PER NODE RENEWAL ESSENTIAL 12 MONTHS REWARDS BAND E;ALTIRIS RECOVERY SOLUTION FOR SERVERS 6.2 WIN PER NODE RENEWAL ESSENTIAL 12 MONTHS REWARDS BAND E;;;;79;;
1;3;2094;1;19,8399;16,13;ALTIRIS RECOVERY SOLUTION FOR SERVERS 6.2 WIN PER NODE RENEWAL BASIC 12 MONTHS REWARDS BAND E;20771030;;ALTIRIS RECOVERY SOLUTION FOR SERVERS 6.2 WIN PER NODE RENEWAL BASIC 12 MONTHS REWARDS BAND E;ALTIRIS RECOVERY SOLUTION FOR SERVERS 6.2 WIN PER NODE RENEWAL BASIC 12 MONTHS REWARDS BAND E;ALTIRIS RECOVERY SOLUTION FOR SERVERS 6.2 WIN PER NODE RENEWAL BASIC 12 MONTHS REWARDS BAND E;ALTIRIS RECOVERY SOLUTION FOR SERVERS 6.2 WIN PER NODE RENEWAL BASIC 12 MONTHS REWARDS BAND E;;;;79;;
1;3;2094;1;25,4487;20,69;ESSEN REW 12MO RNWL RECOVERY SOLU F/SRVR 6.2 WIN PER NODE BD;20771031;;ESSEN REW 12MO RNWL RECOVERY SOLU F/SRVR 6.2 WIN PER NODE BD;ESSEN REW 12MO RNWL RECOVERY SOLU F/SRVR 6.2 WIN PER NODE BD;ESSEN REW 12MO RNWL RECOVERY SOLU F/SRVR 6.2 WIN PER NODE BD;ESSEN REW 12MO RNWL RECOVERY SOLU F/SRVR 6.2 WIN PER NODE BD;;;;79;;
1;3;2094;1;34,6614;28,18;ALTIRIS RECOVERY SOLUTION FOR SERVERS 6.2 WIN PER NODE RENEWAL ESSENTIAL 12 MONTHS EXPRESS BAND S;20771032;;ALTIRIS RECOVERY SOLUTION FOR SERVERS 6.2 WIN PER NODE RENEWAL ESSENTIAL 12 MONTHS EXPRESS BAND S;ALTIRIS RECOVERY SOLUTION FOR SERVERS 6.2 WIN PER NODE RENEWAL ESSENTIAL 12 MONTHS EXPRESS BAND S;ALTIRIS RECOVERY SOLUTION FOR SERVERS 6.2 WIN PER NODE RENEWAL ESSENTIAL 12 MONTHS EXPRESS BAND S;ALTIRIS RECOVERY SOLUTION FOR SERVERS 6.2 WIN PER NODE RENEWAL ESSENTIAL 12 MONTHS EXPRESS BAND S;;;;79;;
1;3;2094;1;39,7413;32,31;12MO RNWL ALTIRIS RECOVERY SOLUTION SVR 6.2 BS;20771034;;12MO RNWL ALTIRIS RECOVERY SOLUTION SVR 6.2 BS;12MO RNWL ALTIRIS RECOVERY SOLUTION SVR 6.2 BS;12MO RNWL ALTIRIS RECOVERY SOLUTION SVR 6.2 BS;12MO RNWL ALTIRIS RECOVERY SOLUTION SVR 6.2 BS;;;;79;;
1;3;2094;1;22,4967;18,29;ALTIRIS RECOVERY SOLUTION FOR SERVERS 6.2 WIN PER NODE RENEWAL BASIC 12 MONTHS REWARDS BAND C;20771035;;ALTIRIS RECOVERY SOLUTION FOR SERVERS 6.2 WIN PER NODE RENEWAL BASIC 12 MONTHS REWARDS BAND C;ALTIRIS RECOVERY SOLUTION FOR SERVERS 6.2 WIN PER NODE RENEWAL BASIC 12 MONTHS REWARDS BAND C;ALTIRIS RECOVERY SOLUTION FOR SERVERS 6.2 WIN PER NODE RENEWAL BASIC 12 MONTHS REWARDS BAND C;ALTIRIS RECOVERY SOLUTION FOR SERVERS 6.2 WIN PER NODE RENEWAL BASIC 12 MONTHS REWARDS BAND C;;;;79;;
1;3;2094;1;4,4772;3,64;SYMC SECURITYEXPRESSIONS FOR CLIENTS 4.1 XPLAT PER NODE RENEWAL ESSENTIAL 12 MONTHS REWARDS BAND D;20777068;;SYMC SECURITYEXPRESSIONS FOR CLIENTS 4.1 XPLAT PER NODE RENEWAL ESSENTIAL 12 MONTHS REWARDS BAND D;SYMC SECURITYEXPRESSIONS FOR CLIENTS 4.1 XPLAT PER NODE RENEWAL ESSENTIAL 12 MONTHS REWARDS BAND D;SYMC SECURITYEXPRESSIONS FOR CLIENTS 4.1 XPLAT PER NODE RENEWAL ESSENTIAL 12 MONTHS REWARDS BAND D;SYMC SECURITYEXPRESSIONS FOR CLIENTS 4.1 XPLAT PER NODE RENEWAL ESSENTIAL 12 MONTHS REWARDS BAND D;;;;79;;
1;3;2094;1;3,4932;2,84;SYMC SECURITYEXPRESSIONS FOR CLIENTS 4.1 XPLAT PER NODE RENEWAL BASIC 12 MONTHSREWARDS BAND D;20777087;;SYMC SECURITYEXPRESSIONS FOR CLIENTS 4.1 XPLAT PER NODE RENEWAL BASIC 12 MONTHSREWARDS BAND D;SYMC SECURITYEXPRESSIONS FOR CLIENTS 4.1 XPLAT PER NODE RENEWAL BASIC 12 MONTHSREWARDS BAND D;SYMC SECURITYEXPRESSIONS FOR CLIENTS 4.1 XPLAT PER NODE RENEWAL BASIC 12 MONTHSREWARDS BAND D;SYMC SECURITYEXPRESSIONS FOR CLIENTS 4.1 XPLAT PER NODE RENEWAL BASIC 12 MONTHSREWARDS BAND D;;;;79;;
1;3;2094;1;5,8548;4,76;REW SEC EXPRESSIONS CLT 4.1 XPLAT N RNWL BAS12M E;20777091;;REW SEC EXPRESSIONS CLT 4.1 XPLAT N RNWL BAS12M E;REW SEC EXPRESSIONS CLT 4.1 XPLAT N RNWL BAS12M E;REW SEC EXPRESSIONS CLT 4.1 XPLAT N RNWL BAS12M E;REW SEC EXPRESSIONS CLT 4.1 XPLAT N RNWL BAS12M E;;;;79;;
1;3;2094;1;5,0061;4,07;SYMC SECURITYEXPRESSIONS FOR CLIENTS 4.1 XPLAT PER NODE RENEWAL BASIC 12 MONTHSEXPRESS BAND S;20777092;;SYMC SECURITYEXPRESSIONS FOR CLIENTS 4.1 XPLAT PER NODE RENEWAL BASIC 12 MONTHSEXPRESS BAND S;SYMC SECURITYEXPRESSIONS FOR CLIENTS 4.1 XPLAT PER NODE RENEWAL BASIC 12 MONTHSEXPRESS BAND S;SYMC SECURITYEXPRESSIONS FOR CLIENTS 4.1 XPLAT PER NODE RENEWAL BASIC 12 MONTHSEXPRESS BAND S;SYMC SECURITYEXPRESSIONS FOR CLIENTS 4.1 XPLAT PER NODE RENEWAL BASIC 12 MONTHSEXPRESS BAND S;;;;79;;
1;3;2094;1;33,4683;27,21;SYMC SECURITYEXPRESSIONS FOR CLIENTS 4.1 XPLAT PER NODE BNDL STD LIC GOV BAND SESSENTIAL 12 MONTHS;20777100;;SYMC SECURITYEXPRESSIONS FOR CLIENTS 4.1 XPLAT PER NODE BNDL STD LIC GOV BAND SESSENTIAL 12 MONTHS;SYMC SECURITYEXPRESSIONS FOR CLIENTS 4.1 XPLAT PER NODE BNDL STD LIC GOV BAND SESSENTIAL 12 MONTHS;SYMC SECURITYEXPRESSIONS FOR CLIENTS 4.1 XPLAT PER NODE BNDL STD LIC GOV BAND SESSENTIAL 12 MONTHS;SYMC SECURITYEXPRESSIONS FOR CLIENTS 4.1 XPLAT PER NODE BNDL STD LIC GOV BAND SESSENTIAL 12 MONTHS;;;;79;;
1;3;2094;1;32,7672;26,64;SYMC SECURITYEXPRESSIONS FOR CLIENTS 4.1 XPLAT PER NODE BNDL STD LIC EXPRESS BAND S BASIC 12 MONTHS;20777114;;SYMC SECURITYEXPRESSIONS FOR CLIENTS 4.1 XPLAT PER NODE BNDL STD LIC EXPRESS BAND S BASIC 12 MONTHS;SYMC SECURITYEXPRESSIONS FOR CLIENTS 4.1 XPLAT PER NODE BNDL STD LIC EXPRESS BAND S BASIC 12 MONTHS;SYMC SECURITYEXPRESSIONS FOR CLIENTS 4.1 XPLAT PER NODE BNDL STD LIC EXPRESS BAND S BASIC 12 MONTHS;SYMC SECURITYEXPRESSIONS FOR CLIENTS 4.1 XPLAT PER NODE BNDL STD LIC EXPRESS BAND S BASIC 12 MONTHS;;;;79;;
1;3;2094;1;30,9468;25,16;SYMC AUDIT ON CONNECT FOR SERVERS 4.1 XPLAT PER NODE RENEWAL ESSENTIAL 12 MONTHSREWARDS BAND D;20780107;;SYMC AUDIT ON CONNECT FOR SERVERS 4.1 XPLAT PER NODE RENEWAL ESSENTIAL 12 MONTHSREWARDS BAND D;SYMC AUDIT ON CONNECT FOR SERVERS 4.1 XPLAT PER NODE RENEWAL ESSENTIAL 12 MONTHSREWARDS BAND D;SYMC AUDIT ON CONNECT FOR SERVERS 4.1 XPLAT PER NODE RENEWAL ESSENTIAL 12 MONTHSREWARDS BAND D;SYMC AUDIT ON CONNECT FOR SERVERS 4.1 XPLAT PER NODE RENEWAL ESSENTIAL 12 MONTHSREWARDS BAND D;;;;79;;
1;3;2094;1;1,3776;1,12;SYMC AUDIT ON CONNECT FOR CLIENTS 4.1 XPLAT PER NODE RENEWAL ESSENTIAL 12 MONTHSREWARDS BAND D;20781056;;SYMC AUDIT ON CONNECT FOR CLIENTS 4.1 XPLAT PER NODE RENEWAL ESSENTIAL 12 MONTHSREWARDS BAND D;SYMC AUDIT ON CONNECT FOR CLIENTS 4.1 XPLAT PER NODE RENEWAL ESSENTIAL 12 MONTHSREWARDS BAND D;SYMC AUDIT ON CONNECT FOR CLIENTS 4.1 XPLAT PER NODE RENEWAL ESSENTIAL 12 MONTHSREWARDS BAND D;SYMC AUDIT ON CONNECT FOR CLIENTS 4.1 XPLAT PER NODE RENEWAL ESSENTIAL 12 MONTHSREWARDS BAND D;;;;79;;
1;3;2094;1;89,8023;73,01;SYMC SECURITYEXPRESSIONS FOR SERVERS 4.1 XPLAT PER NODE RENEWAL BASIC 12 MONTHSREWARDS BAND D;20798046;;SYMC SECURITYEXPRESSIONS FOR SERVERS 4.1 XPLAT PER NODE RENEWAL BASIC 12 MONTHSREWARDS BAND D;SYMC SECURITYEXPRESSIONS FOR SERVERS 4.1 XPLAT PER NODE RENEWAL BASIC 12 MONTHSREWARDS BAND D;SYMC SECURITYEXPRESSIONS FOR SERVERS 4.1 XPLAT PER NODE RENEWAL BASIC 12 MONTHSREWARDS BAND D;SYMC SECURITYEXPRESSIONS FOR SERVERS 4.1 XPLAT PER NODE RENEWAL BASIC 12 MONTHSREWARDS BAND D;;;;79;;
1;3;2094;1;113,9718;92,66;SYMC SECURITYEXPRESSIONS FOR SERVERS 4.1 XPLAT PER NODE RENEWAL ESSENTIAL 12 MONTHS REWARDS BAND D;20798080;;SYMC SECURITYEXPRESSIONS FOR SERVERS 4.1 XPLAT PER NODE RENEWAL ESSENTIAL 12 MONTHS REWARDS BAND D;SYMC SECURITYEXPRESSIONS FOR SERVERS 4.1 XPLAT PER NODE RENEWAL ESSENTIAL 12 MONTHS REWARDS BAND D;SYMC SECURITYEXPRESSIONS FOR SERVERS 4.1 XPLAT PER NODE RENEWAL ESSENTIAL 12 MONTHS REWARDS BAND D;SYMC SECURITYEXPRESSIONS FOR SERVERS 4.1 XPLAT PER NODE RENEWAL ESSENTIAL 12 MONTHS REWARDS BAND D;;;;79;;
1;3;2094;1;109,839;89,3;SYMC SECURITYEXPRESSIONS FOR SERVERS 4.1 XPLAT PER NODE RENEWAL ESSENTIAL 12 MONTHS REWARDS BAND E;20798081;;SYMC SECURITYEXPRESSIONS FOR SERVERS 4.1 XPLAT PER NODE RENEWAL ESSENTIAL 12 MONTHS REWARDS BAND E;SYMC SECURITYEXPRESSIONS FOR SERVERS 4.1 XPLAT PER NODE RENEWAL ESSENTIAL 12 MONTHS REWARDS BAND E;SYMC SECURITYEXPRESSIONS FOR SERVERS 4.1 XPLAT PER NODE RENEWAL ESSENTIAL 12 MONTHS REWARDS BAND E;SYMC SECURITYEXPRESSIONS FOR SERVERS 4.1 XPLAT PER NODE RENEWAL ESSENTIAL 12 MONTHS REWARDS BAND E;;;;79;;
1;3;2094;1;101,7087;82,69;REW 12MO RNWL SEC EXPRESSIONS F/ SVR 4.1 XPLAT PER NODE ESS BC;20798087;;REW 12MO RNWL SEC EXPRESSIONS F/ SVR 4.1 XPLAT PER NODE ESS BC;REW 12MO RNWL SEC EXPRESSIONS F/ SVR 4.1 XPLAT PER NODE ESS BC;REW 12MO RNWL SEC EXPRESSIONS F/ SVR 4.1 XPLAT PER NODE ESS BC;REW 12MO RNWL SEC EXPRESSIONS F/ SVR 4.1 XPLAT PER NODE ESS BC;;;;79;;
1;3;2094;1;128,289;104,3;SYMC SECURITYEXPRESSIONS FOR SERVERS 4.1 XPLAT PER NODE RENEWAL BASIC 12 MONTHSEXPRESS BAND S;20798096;;SYMC SECURITYEXPRESSIONS FOR SERVERS 4.1 XPLAT PER NODE RENEWAL BASIC 12 MONTHSEXPRESS BAND S;SYMC SECURITYEXPRESSIONS FOR SERVERS 4.1 XPLAT PER NODE RENEWAL BASIC 12 MONTHSEXPRESS BAND S;SYMC SECURITYEXPRESSIONS FOR SERVERS 4.1 XPLAT PER NODE RENEWAL BASIC 12 MONTHSEXPRESS BAND S;SYMC SECURITYEXPRESSIONS FOR SERVERS 4.1 XPLAT PER NODE RENEWAL BASIC 12 MONTHSEXPRESS BAND S;;;;79;;
1;3;2094;1;841,1724;683,88;SYMC SECURITYEXPRESSIONS FOR SERVERS 4.1 XPLAT PER NODE BNDL STD LIC EXPRESS BAND S BASIC 12 MONTHS;20798110;;SYMC SECURITYEXPRESSIONS FOR SERVERS 4.1 XPLAT PER NODE BNDL STD LIC EXPRESS BAND S BASIC 12 MONTHS;SYMC SECURITYEXPRESSIONS FOR SERVERS 4.1 XPLAT PER NODE BNDL STD LIC EXPRESS BAND S BASIC 12 MONTHS;SYMC SECURITYEXPRESSIONS FOR SERVERS 4.1 XPLAT PER NODE BNDL STD LIC EXPRESS BAND S BASIC 12 MONTHS;SYMC SECURITYEXPRESSIONS FOR SERVERS 4.1 XPLAT PER NODE BNDL STD LIC EXPRESS BAND S BASIC 12 MONTHS;;;;79;;
1;3;2094;1;6,0639;4,93;GOV SCAP COMPLIAN TOOLKIT SVR 7.0 XPLAT N BDL BAS S;20800021;;GOV SCAP COMPLIAN TOOLKIT SVR 7.0 XPLAT N BDL BAS S;GOV SCAP COMPLIAN TOOLKIT SVR 7.0 XPLAT N BDL BAS S;GOV SCAP COMPLIAN TOOLKIT SVR 7.0 XPLAT N BDL BAS S;GOV SCAP COMPLIAN TOOLKIT SVR 7.0 XPLAT N BDL BAS S;;;;79;;
1;3;2094;1;7,7367;6,29;GOV SCAP COMPLIAN TOOLKIT SVR 7.0 XPLAT N BDL ESS S;20800024;;GOV SCAP COMPLIAN TOOLKIT SVR 7.0 XPLAT N BDL ESS S;GOV SCAP COMPLIAN TOOLKIT SVR 7.0 XPLAT N BDL ESS S;GOV SCAP COMPLIAN TOOLKIT SVR 7.0 XPLAT N BDL ESS S;GOV SCAP COMPLIAN TOOLKIT SVR 7.0 XPLAT N BDL ESS S;;;;79;;
1;3;2094;1;7,7367;6,29;GOV SCAP COMPLIAN TOOLKIT SVR7.0 XPLAT N RNWL ESS S;20800027;;GOV SCAP COMPLIAN TOOLKIT SVR7.0 XPLAT N RNWL ESS S;GOV SCAP COMPLIAN TOOLKIT SVR7.0 XPLAT N RNWL ESS S;GOV SCAP COMPLIAN TOOLKIT SVR7.0 XPLAT N RNWL ESS S;GOV SCAP COMPLIAN TOOLKIT SVR7.0 XPLAT N RNWL ESS S;;;;79;;
1;3;2094;1;6,0639;4,93;GOV SCAP COMPLIAN TOOLKIT SVR7.0 XPLAT N RNWL BAS S;20800028;;GOV SCAP COMPLIAN TOOLKIT SVR7.0 XPLAT N RNWL BAS S;GOV SCAP COMPLIAN TOOLKIT SVR7.0 XPLAT N RNWL BAS S;GOV SCAP COMPLIAN TOOLKIT SVR7.0 XPLAT N RNWL BAS S;GOV SCAP COMPLIAN TOOLKIT SVR7.0 XPLAT N RNWL BAS S;;;;79;;
1;3;2094;1;41,4141;33,67;GOV SCAP COMPLIAN TOOLKIT SVR7XPLAT N STD LIC S ESS;20800033;;GOV SCAP COMPLIAN TOOLKIT SVR7XPLAT N STD LIC S ESS;GOV SCAP COMPLIAN TOOLKIT SVR7XPLAT N STD LIC S ESS;GOV SCAP COMPLIAN TOOLKIT SVR7XPLAT N STD LIC S ESS;GOV SCAP COMPLIAN TOOLKIT SVR7XPLAT N STD LIC S ESS;;;;79;;
1;3;2094;1;27,9456;22,72;GOV SCAP COMPLIAN TOOLKIT SVR7XPLAT N V/U LIC S ESS;20800035;;GOV SCAP COMPLIAN TOOLKIT SVR7XPLAT N V/U LIC S ESS;GOV SCAP COMPLIAN TOOLKIT SVR7XPLAT N V/U LIC S ESS;GOV SCAP COMPLIAN TOOLKIT SVR7XPLAT N V/U LIC S ESS;GOV SCAP COMPLIAN TOOLKIT SVR7XPLAT N V/U LIC S ESS;;;;79;;
1;3;2094;1;39,729;32,3;GOV SCAP COMPLIAN TOOLKIT SVR7XPLAT N STD LIC S BAS;20800036;;GOV SCAP COMPLIAN TOOLKIT SVR7XPLAT N STD LIC S BAS;GOV SCAP COMPLIAN TOOLKIT SVR7XPLAT N STD LIC S BAS;GOV SCAP COMPLIAN TOOLKIT SVR7XPLAT N STD LIC S BAS;GOV SCAP COMPLIAN TOOLKIT SVR7XPLAT N STD LIC S BAS;;;;79;;
1;3;2094;1;26,2605;21,35;GOV SCAP COMPLIAN TOOLKIT SVR7XPLAT N V/U LIC S BAS;20800037;;GOV SCAP COMPLIAN TOOLKIT SVR7XPLAT N V/U LIC S BAS;GOV SCAP COMPLIAN TOOLKIT SVR7XPLAT N V/U LIC S BAS;GOV SCAP COMPLIAN TOOLKIT SVR7XPLAT N V/U LIC S BAS;GOV SCAP COMPLIAN TOOLKIT SVR7XPLAT N V/U LIC S BAS;;;;79;;
1;3;2094;1;0,7257;0,59;GOV SCAP COMPLIAN TOOLKIT U 7.0 XPLAT P N BDL BAS S;20801020;;GOV SCAP COMPLIAN TOOLKIT U 7.0 XPLAT P N BDL BAS S;GOV SCAP COMPLIAN TOOLKIT U 7.0 XPLAT P N BDL BAS S;GOV SCAP COMPLIAN TOOLKIT U 7.0 XPLAT P N BDL BAS S;GOV SCAP COMPLIAN TOOLKIT U 7.0 XPLAT P N BDL BAS S;;;;79;;
1;3;2094;1;0,9348;0,76;GOV SCAP COMPLIAN TOOLKIT U 7.0 XPLAT P N BDL ESS S;20801022;;GOV SCAP COMPLIAN TOOLKIT U 7.0 XPLAT P N BDL ESS S;GOV SCAP COMPLIAN TOOLKIT U 7.0 XPLAT P N BDL ESS S;GOV SCAP COMPLIAN TOOLKIT U 7.0 XPLAT P N BDL ESS S;GOV SCAP COMPLIAN TOOLKIT U 7.0 XPLAT P N BDL ESS S;;;;79;;
1;3;2094;1;0,7257;0,59;GOV SCAP COMPLIAN TOOLKIT U 7.0 XPLAT N RNWL BAS S;20801024;;GOV SCAP COMPLIAN TOOLKIT U 7.0 XPLAT N RNWL BAS S;GOV SCAP COMPLIAN TOOLKIT U 7.0 XPLAT N RNWL BAS S;GOV SCAP COMPLIAN TOOLKIT U 7.0 XPLAT N RNWL BAS S;GOV SCAP COMPLIAN TOOLKIT U 7.0 XPLAT N RNWL BAS S;;;;79;;
1;3;2094;1;0,9348;0,76;GOV SCAP COMPLIAN TOOLKIT U 7.0 XPLAT N RNWL ESS S;20801028;;GOV SCAP COMPLIAN TOOLKIT U 7.0 XPLAT N RNWL ESS S;GOV SCAP COMPLIAN TOOLKIT U 7.0 XPLAT N RNWL ESS S;GOV SCAP COMPLIAN TOOLKIT U 7.0 XPLAT N RNWL ESS S;GOV SCAP COMPLIAN TOOLKIT U 7.0 XPLAT N RNWL ESS S;;;;79;;
1;3;2094;1;4,9692;4,04;GOV SCAP COMPLIAN TOOLKIT U 7 XPLAT N STD LIC S ESS;20801030;;GOV SCAP COMPLIAN TOOLKIT U 7 XPLAT N STD LIC S ESS;GOV SCAP COMPLIAN TOOLKIT U 7 XPLAT N STD LIC S ESS;GOV SCAP COMPLIAN TOOLKIT U 7 XPLAT N STD LIC S ESS;GOV SCAP COMPLIAN TOOLKIT U 7 XPLAT N STD LIC S ESS;;;;79;;
1;3;2094;1;3,3702;2,74;GOV SCAP COMPLIAN TOOLKIT U 7 XPLAT N V/U LIC S ESS;20801034;;GOV SCAP COMPLIAN TOOLKIT U 7 XPLAT N V/U LIC S ESS;GOV SCAP COMPLIAN TOOLKIT U 7 XPLAT N V/U LIC S ESS;GOV SCAP COMPLIAN TOOLKIT U 7 XPLAT N V/U LIC S ESS;GOV SCAP COMPLIAN TOOLKIT U 7 XPLAT N V/U LIC S ESS;;;;79;;
1;3;2094;1;4,7847;3,89;GOV SCAP COMPLIAN TOOLKIT U 7 XPLAT N STD LIC S BAS;20801035;;GOV SCAP COMPLIAN TOOLKIT U 7 XPLAT N STD LIC S BAS;GOV SCAP COMPLIAN TOOLKIT U 7 XPLAT N STD LIC S BAS;GOV SCAP COMPLIAN TOOLKIT U 7 XPLAT N STD LIC S BAS;GOV SCAP COMPLIAN TOOLKIT U 7 XPLAT N STD LIC S BAS;;;;79;;
1;3;2094;1;3,1611;2,57;GOV SCAP COMPLIAN TOOLKIT U 7 XPLAT N V/U LIC S BAS;20801036;;GOV SCAP COMPLIAN TOOLKIT U 7 XPLAT N V/U LIC S BAS;GOV SCAP COMPLIAN TOOLKIT U 7 XPLAT N V/U LIC S BAS;GOV SCAP COMPLIAN TOOLKIT U 7 XPLAT N V/U LIC S BAS;GOV SCAP COMPLIAN TOOLKIT U 7 XPLAT N V/U LIC S BAS;;;;79;;
1;3;2094;1;#ARG!;E-mail;WORKSPACE STREAM TERM6.1 WIN CONC U LIC XSP ESS36M;20804032;;WORKSPACE STREAM TERM6.1 WIN CONC U LIC XSP ESS36M;WORKSPACE STREAM TERM6.1 WIN CONC U LIC XSP ESS36M;WORKSPACE STREAM TERM6.1 WIN CONC U LIC XSP ESS36M;WORKSPACE STREAM TERM6.1 WIN CONC U LIC XSP ESS36M;;;;79;;
1;3;2094;1;#ARG!;E-mail;WORKSPACE STREAM TERM6.1 WIN CONC U LIC XSP ESS36M;20804034;;WORKSPACE STREAM TERM6.1 WIN CONC U LIC XSP ESS36M;WORKSPACE STREAM TERM6.1 WIN CONC U LIC XSP ESS36M;WORKSPACE STREAM TERM6.1 WIN CONC U LIC XSP ESS36M;WORKSPACE STREAM TERM6.1 WIN CONC U LIC XSP ESS36M;;;;79;;
1;3;2094;1;1,4391;1,17;AE H/W INDEPENDENT IMAG SOL 6.9 PER N ADD STD S;20806029;;AE H/W INDEPENDENT IMAG SOL 6.9 PER N ADD STD S;AE H/W INDEPENDENT IMAG SOL 6.9 PER N ADD STD S;AE H/W INDEPENDENT IMAG SOL 6.9 PER N ADD STD S;AE H/W INDEPENDENT IMAG SOL 6.9 PER N ADD STD S;;;;79;;
1;3;2094;1;2,7552;2,24;EXP H/W INDEPENDENT IMAG SOL 6.9 PER N ADD STD S;20806032;;EXP H/W INDEPENDENT IMAG SOL 6.9 PER N ADD STD S;EXP H/W INDEPENDENT IMAG SOL 6.9 PER N ADD STD S;EXP H/W INDEPENDENT IMAG SOL 6.9 PER N ADD STD S;EXP H/W INDEPENDENT IMAG SOL 6.9 PER N ADD STD S;;;;79;;
1;3;2094;1;6,6543;5,41;AE H/W INDEPENDENT IMAG SOL 6.9 PER N ADD STD S;20806058;;AE H/W INDEPENDENT IMAG SOL 6.9 PER N ADD STD S;AE H/W INDEPENDENT IMAG SOL 6.9 PER N ADD STD S;AE H/W INDEPENDENT IMAG SOL 6.9 PER N ADD STD S;AE H/W INDEPENDENT IMAG SOL 6.9 PER N ADD STD S;;;;79;;
1;3;2094;1;14,1573;11,51;EXP H/W INDEPENDENT IMAG SOL 6.9 PER N ADD STD S;20806062;;EXP H/W INDEPENDENT IMAG SOL 6.9 PER N ADD STD S;EXP H/W INDEPENDENT IMAG SOL 6.9 PER N ADD STD S;EXP H/W INDEPENDENT IMAG SOL 6.9 PER N ADD STD S;EXP H/W INDEPENDENT IMAG SOL 6.9 PER N ADD STD S;;;;79;;
1;3;2094;1;13,8621;11,27;GOV H/W INDEPENDENT IMAG SOL SVR6.9 XP N ADD STD S;20806066;;GOV H/W INDEPENDENT IMAG SOL SVR6.9 XP N ADD STD S;GOV H/W INDEPENDENT IMAG SOL SVR6.9 XP N ADD STD S;GOV H/W INDEPENDENT IMAG SOL SVR6.9 XP N ADD STD S;GOV H/W INDEPENDENT IMAG SOL SVR6.9 XP N ADD STD S;;;;79;;
1;3;2094;1;7,1955;5,85;REW H/W INDEPENDENT IMAG SOL SVR6.9 XP N ADD STD A;20806070;;REW H/W INDEPENDENT IMAG SOL SVR6.9 XP N ADD STD A;REW H/W INDEPENDENT IMAG SOL SVR6.9 XP N ADD STD A;REW H/W INDEPENDENT IMAG SOL SVR6.9 XP N ADD STD A;REW H/W INDEPENDENT IMAG SOL SVR6.9 XP N ADD STD A;;;;79;;
1;3;2094;1;7,1955;5,85;REW H/W INDEPENDENT IMAG SOL SVR6.9 XP N ADD STD B;20806071;;REW H/W INDEPENDENT IMAG SOL SVR6.9 XP N ADD STD B;REW H/W INDEPENDENT IMAG SOL SVR6.9 XP N ADD STD B;REW H/W INDEPENDENT IMAG SOL SVR6.9 XP N ADD STD B;REW H/W INDEPENDENT IMAG SOL SVR6.9 XP N ADD STD B;;;;79;;
1;3;2094;1;6,8511;5,57;REW H/W INDEPENDENT IMAG SOL SVR6.9 XP N ADD STD C;20806074;;REW H/W INDEPENDENT IMAG SOL SVR6.9 XP N ADD STD C;REW H/W INDEPENDENT IMAG SOL SVR6.9 XP N ADD STD C;REW H/W INDEPENDENT IMAG SOL SVR6.9 XP N ADD STD C;REW H/W INDEPENDENT IMAG SOL SVR6.9 XP N ADD STD C;;;;79;;
1;3;2094;1;6,8511;5,57;REW H/W INDEPENDENT IMAG SOL SVR6.9 XP N ADD STD D;20806079;;REW H/W INDEPENDENT IMAG SOL SVR6.9 XP N ADD STD D;REW H/W INDEPENDENT IMAG SOL SVR6.9 XP N ADD STD D;REW H/W INDEPENDENT IMAG SOL SVR6.9 XP N ADD STD D;REW H/W INDEPENDENT IMAG SOL SVR6.9 XP N ADD STD D;;;;79;;
1;3;2094;1;6,6543;5,41;REW H/W INDEPENDENT IMAG SOL SVR6.9 XP N ADD STD E;20806081;;REW H/W INDEPENDENT IMAG SOL SVR6.9 XP N ADD STD E;REW H/W INDEPENDENT IMAG SOL SVR6.9 XP N ADD STD E;REW H/W INDEPENDENT IMAG SOL SVR6.9 XP N ADD STD E;REW H/W INDEPENDENT IMAG SOL SVR6.9 XP N ADD STD E;;;;79;;
1;3;2094;1;1,5498;1,26;REW H/W INDEPENDENT IMAG SOL 6.9 XP N ADD STD B;20806083;;REW H/W INDEPENDENT IMAG SOL 6.9 XP N ADD STD B;REW H/W INDEPENDENT IMAG SOL 6.9 XP N ADD STD B;REW H/W INDEPENDENT IMAG SOL 6.9 XP N ADD STD B;REW H/W INDEPENDENT IMAG SOL 6.9 XP N ADD STD B;;;;79;;
1;3;2094;1;1,4637;1,19;REW H/W INDEPENDENT IMAG SOL 6.9 XP N ADD STD C;20806084;;REW H/W INDEPENDENT IMAG SOL 6.9 XP N ADD STD C;REW H/W INDEPENDENT IMAG SOL 6.9 XP N ADD STD C;REW H/W INDEPENDENT IMAG SOL 6.9 XP N ADD STD C;REW H/W INDEPENDENT IMAG SOL 6.9 XP N ADD STD C;;;;79;;
1;3;2094;1;1,4637;1,19;REW H/W INDEPENDENT IMAG SOL 6.9 XP N ADD STD D;20806085;;REW H/W INDEPENDENT IMAG SOL 6.9 XP N ADD STD D;REW H/W INDEPENDENT IMAG SOL 6.9 XP N ADD STD D;REW H/W INDEPENDENT IMAG SOL 6.9 XP N ADD STD D;REW H/W INDEPENDENT IMAG SOL 6.9 XP N ADD STD D;;;;79;;
1;3;2094;1;1,4391;1,17;REW H/W INDEPENDENT IMAG SOL 6.9 XP N ADD STD E;20806086;;REW H/W INDEPENDENT IMAG SOL 6.9 XP N ADD STD E;REW H/W INDEPENDENT IMAG SOL 6.9 XP N ADD STD E;REW H/W INDEPENDENT IMAG SOL 6.9 XP N ADD STD E;REW H/W INDEPENDENT IMAG SOL 6.9 XP N ADD STD E;;;;79;;
1;3;2094;1;2,6937;2,19;GOV H/W INDEPENDENT IMAG SOL 6.9 XP N ADD STD S;20806088;;GOV H/W INDEPENDENT IMAG SOL 6.9 XP N ADD STD S;GOV H/W INDEPENDENT IMAG SOL 6.9 XP N ADD STD S;GOV H/W INDEPENDENT IMAG SOL 6.9 XP N ADD STD S;GOV H/W INDEPENDENT IMAG SOL 6.9 XP N ADD STD S;;;;79;;
1;3;2094;1;1,5498;1,26;REW H/W INDEPENDENT IMAG SOL 6.9 XP N ADD STD A;20806089;;REW H/W INDEPENDENT IMAG SOL 6.9 XP N ADD STD A;REW H/W INDEPENDENT IMAG SOL 6.9 XP N ADD STD A;REW H/W INDEPENDENT IMAG SOL 6.9 XP N ADD STD A;REW H/W INDEPENDENT IMAG SOL 6.9 XP N ADD STD A;;;;79;;
1;3;2094;1;7,9212;6,44;REW H/W INDEPENDENT IMAG SOL6.9 XP N V/U LIC B STD;20806090;;REW H/W INDEPENDENT IMAG SOL6.9 XP N V/U LIC B STD;REW H/W INDEPENDENT IMAG SOL6.9 XP N V/U LIC B STD;REW H/W INDEPENDENT IMAG SOL6.9 XP N V/U LIC B STD;REW H/W INDEPENDENT IMAG SOL6.9 XP N V/U LIC B STD;;;;79;;
1;3;2094;1;7,3185;5,95;AE H/W INDEPENDENT IMAG SOL 6.9 P N BDL V/U LIC S;20806093;;AE H/W INDEPENDENT IMAG SOL 6.9 P N BDL V/U LIC S;AE H/W INDEPENDENT IMAG SOL 6.9 P N BDL V/U LIC S;AE H/W INDEPENDENT IMAG SOL 6.9 P N BDL V/U LIC S;AE H/W INDEPENDENT IMAG SOL 6.9 P N BDL V/U LIC S;;;;79;;
1;3;2094;1;47,1705;38,35;REW H/W INDEPENDENT IMAG SOL SVR6.9 XP N STD LIC A;20806101;;REW H/W INDEPENDENT IMAG SOL SVR6.9 XP N STD LIC A;REW H/W INDEPENDENT IMAG SOL SVR6.9 XP N STD LIC A;REW H/W INDEPENDENT IMAG SOL SVR6.9 XP N STD LIC A;REW H/W INDEPENDENT IMAG SOL SVR6.9 XP N STD LIC A;;;;79;;
1;3;2094;1;47,1705;38,35;REW H/W INDEPENDENT IMAG SOL SVR6.9 XP N STD LIC B;20806102;;REW H/W INDEPENDENT IMAG SOL SVR6.9 XP N STD LIC B;REW H/W INDEPENDENT IMAG SOL SVR6.9 XP N STD LIC B;REW H/W INDEPENDENT IMAG SOL SVR6.9 XP N STD LIC B;REW H/W INDEPENDENT IMAG SOL SVR6.9 XP N STD LIC B;;;;79;;
1;3;2094;1;35,2764;28,68;AE H/W INDEPENDENT IMAG SOL 6.9 P N BDL V/U LIC S;20806103;;AE H/W INDEPENDENT IMAG SOL 6.9 P N BDL V/U LIC S;AE H/W INDEPENDENT IMAG SOL 6.9 P N BDL V/U LIC S;AE H/W INDEPENDENT IMAG SOL 6.9 P N BDL V/U LIC S;AE H/W INDEPENDENT IMAG SOL 6.9 P N BDL V/U LIC S;;;;79;;
1;3;2094;1;7,9212;6,44;EXP H/W INDEPENDENT IMAG SOL 6.9 P N BDL V/U LIC S;20806105;;EXP H/W INDEPENDENT IMAG SOL 6.9 P N BDL V/U LIC S;EXP H/W INDEPENDENT IMAG SOL 6.9 P N BDL V/U LIC S;EXP H/W INDEPENDENT IMAG SOL 6.9 P N BDL V/U LIC S;EXP H/W INDEPENDENT IMAG SOL 6.9 P N BDL V/U LIC S;;;;79;;
1;3;2094;1;44,8089;36,43;REW H/W INDEPENDENT IMAG SOL SVR6.9 XP N STD LIC C;20806109;;REW H/W INDEPENDENT IMAG SOL SVR6.9 XP N STD LIC C;REW H/W INDEPENDENT IMAG SOL SVR6.9 XP N STD LIC C;REW H/W INDEPENDENT IMAG SOL SVR6.9 XP N STD LIC C;REW H/W INDEPENDENT IMAG SOL SVR6.9 XP N STD LIC C;;;;79;;
1;3;2094;1;44,8089;36,43;REW H/W INDEPENDENT IMAG SOL SVR6.9 XP N STD LIC D;20806110;;REW H/W INDEPENDENT IMAG SOL SVR6.9 XP N STD LIC D;REW H/W INDEPENDENT IMAG SOL SVR6.9 XP N STD LIC D;REW H/W INDEPENDENT IMAG SOL SVR6.9 XP N STD LIC D;REW H/W INDEPENDENT IMAG SOL SVR6.9 XP N STD LIC D;;;;79;;
1;3;2094;1;38,13;31;EXP H/W INDEPENDENT IMAG SOL 6.9 P N BDL V/U LIC S;20806112;;EXP H/W INDEPENDENT IMAG SOL 6.9 P N BDL V/U LIC S;EXP H/W INDEPENDENT IMAG SOL 6.9 P N BDL V/U LIC S;EXP H/W INDEPENDENT IMAG SOL 6.9 P N BDL V/U LIC S;EXP H/W INDEPENDENT IMAG SOL 6.9 P N BDL V/U LIC S;;;;79;;
1;3;2094;1;7,7736;6,32;GOV H/W INDEPENDENT IMAG SOL6.9 XP N V/U LIC S STD;20806113;;GOV H/W INDEPENDENT IMAG SOL6.9 XP N V/U LIC S STD;GOV H/W INDEPENDENT IMAG SOL6.9 XP N V/U LIC S STD;GOV H/W INDEPENDENT IMAG SOL6.9 XP N V/U LIC S STD;GOV H/W INDEPENDENT IMAG SOL6.9 XP N V/U LIC S STD;;;;79;;
1;3;2094;1;43,6404;35,48;REW H/W INDEPENDENT IMAG SOL SVR6.9 XP N STD LIC E;20806118;;REW H/W INDEPENDENT IMAG SOL SVR6.9 XP N STD LIC E;REW H/W INDEPENDENT IMAG SOL SVR6.9 XP N STD LIC E;REW H/W INDEPENDENT IMAG SOL SVR6.9 XP N STD LIC E;REW H/W INDEPENDENT IMAG SOL SVR6.9 XP N STD LIC E;;;;79;;
1;3;2094;1;37,3797;30,39;GOV H/W INDEPENDENT IMAG SOL SVR6.9 XP N V/U LIC S;20806119;;GOV H/W INDEPENDENT IMAG SOL SVR6.9 XP N V/U LIC S;GOV H/W INDEPENDENT IMAG SOL SVR6.9 XP N V/U LIC S;GOV H/W INDEPENDENT IMAG SOL SVR6.9 XP N V/U LIC S;GOV H/W INDEPENDENT IMAG SOL SVR6.9 XP N V/U LIC S;;;;79;;
1;3;2094;1;7,9212;6,44;REW H/W INDEPENDENT IMAG SOL6.9 XP N V/U LIC A STD;20806121;;REW H/W INDEPENDENT IMAG SOL6.9 XP N V/U LIC A STD;REW H/W INDEPENDENT IMAG SOL6.9 XP N V/U LIC A STD;REW H/W INDEPENDENT IMAG SOL6.9 XP N V/U LIC A STD;REW H/W INDEPENDENT IMAG SOL6.9 XP N V/U LIC A STD;;;;79;;
1;3;2094;1;38,13;31;REW H/W INDEPENDENT IMAG SOL SVR6.9 XP N V/U LIC A;20806132;;REW H/W INDEPENDENT IMAG SOL SVR6.9 XP N V/U LIC A;REW H/W INDEPENDENT IMAG SOL SVR6.9 XP N V/U LIC A;REW H/W INDEPENDENT IMAG SOL SVR6.9 XP N V/U LIC A;REW H/W INDEPENDENT IMAG SOL SVR6.9 XP N V/U LIC A;;;;79;;
1;3;2094;1;38,13;31;REW H/W INDEPENDENT IMAG SOL SVR6.9 XP N V/U LIC B;20806139;;REW H/W INDEPENDENT IMAG SOL SVR6.9 XP N V/U LIC B;REW H/W INDEPENDENT IMAG SOL SVR6.9 XP N V/U LIC B;REW H/W INDEPENDENT IMAG SOL SVR6.9 XP N V/U LIC B;REW H/W INDEPENDENT IMAG SOL SVR6.9 XP N V/U LIC B;;;;79;;
1;3;2094;1;36,2358;29,46;REW H/W INDEPENDENT IMAG SOL SVR6.9 XP N V/U LIC C;20806140;;REW H/W INDEPENDENT IMAG SOL SVR6.9 XP N V/U LIC C;REW H/W INDEPENDENT IMAG SOL SVR6.9 XP N V/U LIC C;REW H/W INDEPENDENT IMAG SOL SVR6.9 XP N V/U LIC C;REW H/W INDEPENDENT IMAG SOL SVR6.9 XP N V/U LIC C;;;;79;;
1;3;2094;1;36,2358;29,46;REW H/W INDEPENDENT IMAG SOL SVR6.9 XP N V/U LIC D;20806146;;REW H/W INDEPENDENT IMAG SOL SVR6.9 XP N V/U LIC D;REW H/W INDEPENDENT IMAG SOL SVR6.9 XP N V/U LIC D;REW H/W INDEPENDENT IMAG SOL SVR6.9 XP N V/U LIC D;REW H/W INDEPENDENT IMAG SOL SVR6.9 XP N V/U LIC D;;;;79;;
1;3;2094;1;35,2764;28,68;REW H/W INDEPENDENT IMAG SOL SVR6.9 XP N V/U LIC E;20806154;;REW H/W INDEPENDENT IMAG SOL SVR6.9 XP N V/U LIC E;REW H/W INDEPENDENT IMAG SOL SVR6.9 XP N V/U LIC E;REW H/W INDEPENDENT IMAG SOL SVR6.9 XP N V/U LIC E;REW H/W INDEPENDENT IMAG SOL SVR6.9 XP N V/U LIC E;;;;79;;
1;3;2094;1;9,4341;7,67;AE H/W INDEPENDENT IMAG SOL 6.9 P N BDL STD LIC S;20806161;;AE H/W INDEPENDENT IMAG SOL 6.9 P N BDL STD LIC S;AE H/W INDEPENDENT IMAG SOL 6.9 P N BDL STD LIC S;AE H/W INDEPENDENT IMAG SOL 6.9 P N BDL STD LIC S;AE H/W INDEPENDENT IMAG SOL 6.9 P N BDL STD LIC S;;;;79;;
1;3;2094;1;10,1844;8,28;EXP H/W INDEPENDENT IMAG SOL 6.9 P N BDL STD LIC S;20806167;;EXP H/W INDEPENDENT IMAG SOL 6.9 P N BDL STD LIC S;EXP H/W INDEPENDENT IMAG SOL 6.9 P N BDL STD LIC S;EXP H/W INDEPENDENT IMAG SOL 6.9 P N BDL STD LIC S;EXP H/W INDEPENDENT IMAG SOL 6.9 P N BDL STD LIC S;;;;79;;
1;3;2094;1;9,9876;8,12;GOV H/W INDEPENDENT IMAG SOL6.9 XP N STD LIC S STD;20806168;;GOV H/W INDEPENDENT IMAG SOL6.9 XP N STD LIC S STD;GOV H/W INDEPENDENT IMAG SOL6.9 XP N STD LIC S STD;GOV H/W INDEPENDENT IMAG SOL6.9 XP N STD LIC S STD;GOV H/W INDEPENDENT IMAG SOL6.9 XP N STD LIC S STD;;;;79;;
1;3;2094;1;10,1844;8,28;REW H/W INDEPENDENT IMAG SOL6.9 XP N STD LIC A STD;20806175;;REW H/W INDEPENDENT IMAG SOL6.9 XP N STD LIC A STD;REW H/W INDEPENDENT IMAG SOL6.9 XP N STD LIC A STD;REW H/W INDEPENDENT IMAG SOL6.9 XP N STD LIC A STD;REW H/W INDEPENDENT IMAG SOL6.9 XP N STD LIC A STD;;;;79;;
1;3;2094;1;10,1844;8,28;REW H/W INDEPENDENT IMAG SOL6.9 XP N STD LIC B STD;20806182;;REW H/W INDEPENDENT IMAG SOL6.9 XP N STD LIC B STD;REW H/W INDEPENDENT IMAG SOL6.9 XP N STD LIC B STD;REW H/W INDEPENDENT IMAG SOL6.9 XP N STD LIC B STD;REW H/W INDEPENDENT IMAG SOL6.9 XP N STD LIC B STD;;;;79;;
1;3;2094;1;9,6801;7,87;REW H/W INDEPENDENT IMAG SOL6.9 XP N STD LIC C STD;20806183;;REW H/W INDEPENDENT IMAG SOL6.9 XP N STD LIC C STD;REW H/W INDEPENDENT IMAG SOL6.9 XP N STD LIC C STD;REW H/W INDEPENDENT IMAG SOL6.9 XP N STD LIC C STD;REW H/W INDEPENDENT IMAG SOL6.9 XP N STD LIC C STD;;;;79;;
1;3;2094;1;9,6801;7,87;REW H/W INDEPENDENT IMAG SOL6.9 XP N STD LIC D STD;20806189;;REW H/W INDEPENDENT IMAG SOL6.9 XP N STD LIC D STD;REW H/W INDEPENDENT IMAG SOL6.9 XP N STD LIC D STD;REW H/W INDEPENDENT IMAG SOL6.9 XP N STD LIC D STD;REW H/W INDEPENDENT IMAG SOL6.9 XP N STD LIC D STD;;;;79;;
1;3;2094;1;43,6404;35,48;AE H/W INDEPENDENT IMAG SOL 6.9 PER N BDL LIC S;20806194;;AE H/W INDEPENDENT IMAG SOL 6.9 PER N BDL LIC S;AE H/W INDEPENDENT IMAG SOL 6.9 PER N BDL LIC S;AE H/W INDEPENDENT IMAG SOL 6.9 PER N BDL LIC S;AE H/W INDEPENDENT IMAG SOL 6.9 PER N BDL LIC S;;;;79;;
1;3;2094;1;9,4341;7,67;REW H/W INDEPENDENT IMAG SOL6.9 XP N STD LIC E STD;20806197;;REW H/W INDEPENDENT IMAG SOL6.9 XP N STD LIC E STD;REW H/W INDEPENDENT IMAG SOL6.9 XP N STD LIC E STD;REW H/W INDEPENDENT IMAG SOL6.9 XP N STD LIC E STD;REW H/W INDEPENDENT IMAG SOL6.9 XP N STD LIC E STD;;;;79;;
1;3;2094;1;47,1705;38,35;EXP H/W INDEPENDENT IMAG SOL 6.9 PER N BDL LIC S;20806201;;EXP H/W INDEPENDENT IMAG SOL 6.9 PER N BDL LIC S;EXP H/W INDEPENDENT IMAG SOL 6.9 PER N BDL LIC S;EXP H/W INDEPENDENT IMAG SOL 6.9 PER N BDL LIC S;EXP H/W INDEPENDENT IMAG SOL 6.9 PER N BDL LIC S;;;;79;;
1;3;2094;1;46,2357;37,59;GOV H/W INDEPENDENT IMAG SOL SVR6.9 XP N STD LIC S;20806202;;GOV H/W INDEPENDENT IMAG SOL SVR6.9 XP N STD LIC S;GOV H/W INDEPENDENT IMAG SOL SVR6.9 XP N STD LIC S;GOV H/W INDEPENDENT IMAG SOL SVR6.9 XP N STD LIC S;GOV H/W INDEPENDENT IMAG SOL SVR6.9 XP N STD LIC S;;;;79;;
1;3;2094;1;7,5276;6,12;REW H/W INDEPENDENT IMAG SOL6.9 XP N V/U LIC C STD;20806205;;REW H/W INDEPENDENT IMAG SOL6.9 XP N V/U LIC C STD;REW H/W INDEPENDENT IMAG SOL6.9 XP N V/U LIC C STD;REW H/W INDEPENDENT IMAG SOL6.9 XP N V/U LIC C STD;REW H/W INDEPENDENT IMAG SOL6.9 XP N V/U LIC C STD;;;;79;;
1;3;2094;1;7,5276;6,12;REW H/W INDEPENDENT IMAG SOL6.9 XP N V/U LIC D STD;20806206;;REW H/W INDEPENDENT IMAG SOL6.9 XP N V/U LIC D STD;REW H/W INDEPENDENT IMAG SOL6.9 XP N V/U LIC D STD;REW H/W INDEPENDENT IMAG SOL6.9 XP N V/U LIC D STD;REW H/W INDEPENDENT IMAG SOL6.9 XP N V/U LIC D STD;;;;79;;
1;3;2094;1;7,3185;5,95;REW H/W INDEPENDENT IMAG SOL6.9 XP N V/U LIC E STD;20806207;;REW H/W INDEPENDENT IMAG SOL6.9 XP N V/U LIC E STD;REW H/W INDEPENDENT IMAG SOL6.9 XP N V/U LIC E STD;REW H/W INDEPENDENT IMAG SOL6.9 XP N V/U LIC E STD;REW H/W INDEPENDENT IMAG SOL6.9 XP N V/U LIC E STD;;;;79;;
1;3;2094;1;2,1156;1,72;ESSEN REW 12MO RNWL ALTIRIS LOCAL SEC SOLUTION 6.2 WIN NODE BC;20814049;;ESSEN REW 12MO RNWL ALTIRIS LOCAL SEC SOLUTION 6.2 WIN NODE BC;ESSEN REW 12MO RNWL ALTIRIS LOCAL SEC SOLUTION 6.2 WIN NODE BC;ESSEN REW 12MO RNWL ALTIRIS LOCAL SEC SOLUTION 6.2 WIN NODE BC;ESSEN REW 12MO RNWL ALTIRIS LOCAL SEC SOLUTION 6.2 WIN NODE BC;;;;79;;
1;3;2094;1;1,3161;1,07;REW ALTIRIS LOCAL SEC SOL6.2WIN N RNWL ESS12M E;20814121;;REW ALTIRIS LOCAL SEC SOL6.2WIN N RNWL ESS12M E;REW ALTIRIS LOCAL SEC SOL6.2WIN N RNWL ESS12M E;REW ALTIRIS LOCAL SEC SOL6.2WIN N RNWL ESS12M E;REW ALTIRIS LOCAL SEC SOL6.2WIN N RNWL ESS12M E;;;;79;;
1;3;2094;1;95,1405;77,35;NIS MAC 4.1 EN 1U MM;20858065;;NIS MAC 4.1 EN 1U MM;NIS MAC 4.1 EN 1U MM;NIS MAC 4.1 EN 1U MM;NIS MAC 4.1 EN 1U MM;;;;79;;
1;3;2094;1;60,3684;49,08;NORTON ANTIVIRUS MAC 11.1 EN 1U RET;20858066;;NORTON ANTIVIRUS MAC 11.1 EN 1U RET;NORTON ANTIVIRUS MAC 11.1 EN 1U RET;NORTON ANTIVIRUS MAC 11.1 EN 1U RET;NORTON ANTIVIRUS MAC 11.1 EN 1U RET;;;;79;;
1;3;2094;1;95,1405;77,35;Norton Internet SecurityMac4.1;20858076;;Norton Internet SecurityMac4.1;Norton Internet SecurityMac4.1;Norton Internet SecurityMac4.1;Norton Internet SecurityMac4.1;;;;79;;
1;3;2094;1;1,4268;1,16;SYMC MAIL SECURITY BAND A ESSENTIAL 1MO;20887021;;SYMC MAIL SECURITY BAND A ESSENTIAL 1MO;SYMC MAIL SECURITY BAND A ESSENTIAL 1MO;SYMC MAIL SECURITY BAND A ESSENTIAL 1MO;SYMC MAIL SECURITY BAND A ESSENTIAL 1MO;;;;79;;
1;3;2094;1;1,353;1,1;SYMC MAIL SECURITY BAND B ESSENTIAL 1MO;20887022;;SYMC MAIL SECURITY BAND B ESSENTIAL 1MO;SYMC MAIL SECURITY BAND B ESSENTIAL 1MO;SYMC MAIL SECURITY BAND B ESSENTIAL 1MO;SYMC MAIL SECURITY BAND B ESSENTIAL 1MO;;;;79;;
1;3;2094;1;1,2669;1,03;SYMC MAIL SECURITY BAND C ESSENTIAL 1MO;20887023;;SYMC MAIL SECURITY BAND C ESSENTIAL 1MO;SYMC MAIL SECURITY BAND C ESSENTIAL 1MO;SYMC MAIL SECURITY BAND C ESSENTIAL 1MO;SYMC MAIL SECURITY BAND C ESSENTIAL 1MO;;;;79;;
1;3;2094;1;1,1562;0,94;SYMC MAIL SECURITY BAND D ESSENTIAL 1MO;20887024;;SYMC MAIL SECURITY BAND D ESSENTIAL 1MO;SYMC MAIL SECURITY BAND D ESSENTIAL 1MO;SYMC MAIL SECURITY BAND D ESSENTIAL 1MO;SYMC MAIL SECURITY BAND D ESSENTIAL 1MO;;;;79;;
1;3;2094;1;1,0947;0,89;SYMC MAIL SECURITY BAND E ESSENTIAL 1MO;20887025;;SYMC MAIL SECURITY BAND E ESSENTIAL 1MO;SYMC MAIL SECURITY BAND E ESSENTIAL 1MO;SYMC MAIL SECURITY BAND E ESSENTIAL 1MO;SYMC MAIL SECURITY BAND E ESSENTIAL 1MO;;;;79;;
1;3;2094;1;2,1156;1,72;SYMC MAIL SECURITY BAND A ESSENTIAL 1MO;20887039;;SYMC MAIL SECURITY BAND A ESSENTIAL 1MO;SYMC MAIL SECURITY BAND A ESSENTIAL 1MO;SYMC MAIL SECURITY BAND A ESSENTIAL 1MO;SYMC MAIL SECURITY BAND A ESSENTIAL 1MO;;;;79;;
1;3;2094;1;1,9926;1,62;SYMC MAIL SECURITY BAND B ESSENTIAL 1MO;20887040;;SYMC MAIL SECURITY BAND B ESSENTIAL 1MO;SYMC MAIL SECURITY BAND B ESSENTIAL 1MO;SYMC MAIL SECURITY BAND B ESSENTIAL 1MO;SYMC MAIL SECURITY BAND B ESSENTIAL 1MO;;;;79;;
1;3;2094;1;1,845;1,5;SYMC MAIL SECURITY BAND C ESSENTIAL 1MO;20887041;;SYMC MAIL SECURITY BAND C ESSENTIAL 1MO;SYMC MAIL SECURITY BAND C ESSENTIAL 1MO;SYMC MAIL SECURITY BAND C ESSENTIAL 1MO;SYMC MAIL SECURITY BAND C ESSENTIAL 1MO;;;;79;;
1;3;2094;1;1,722;1,4;SYMC MAIL SECURITY BAND D ESSENTIAL 1MO;20887042;;SYMC MAIL SECURITY BAND D ESSENTIAL 1MO;SYMC MAIL SECURITY BAND D ESSENTIAL 1MO;SYMC MAIL SECURITY BAND D ESSENTIAL 1MO;SYMC MAIL SECURITY BAND D ESSENTIAL 1MO;;;;79;;
1;3;2094;1;1,6113;1,31;SYMC MAIL SECURITY BAND E ESSENTIAL 1MO;20887043;;SYMC MAIL SECURITY BAND E ESSENTIAL 1MO;SYMC MAIL SECURITY BAND E ESSENTIAL 1MO;SYMC MAIL SECURITY BAND E ESSENTIAL 1MO;SYMC MAIL SECURITY BAND E ESSENTIAL 1MO;;;;79;;
1;3;2094;1;#ARG!;E-mail;SMS MS XCH AV 6.5 WIN P U BDL STD LIC XSP ESS 36MO;20890020;;SMS MS XCH AV 6.5 WIN P U BDL STD LIC XSP ESS 36MO;SMS MS XCH AV 6.5 WIN P U BDL STD LIC XSP ESS 36MO;SMS MS XCH AV 6.5 WIN P U BDL STD LIC XSP ESS 36MO;SMS MS XCH AV 6.5 WIN P U BDL STD LIC XSP ESS 36MO;;;;79;;
1;3;2094;1;0,0123;0,01;MAIL SEC F/ MS EXCH AV & AS 6.5 WIN PER USER BNDL STD XSP ESS 36MO;20890023;;MAIL SEC F/ MS EXCH AV & AS 6.5 WIN PER USER BNDL STD XSP ESS 36MO;MAIL SEC F/ MS EXCH AV & AS 6.5 WIN PER USER BNDL STD XSP ESS 36MO;MAIL SEC F/ MS EXCH AV & AS 6.5 WIN PER USER BNDL STD XSP ESS 36MO;MAIL SEC F/ MS EXCH AV & AS 6.5 WIN PER USER BNDL STD XSP ESS 36MO;;;;79;;
1;3;2094;1;5,9286;4,82;DPLTSOLCNFGCTRSVRS7.1XNDVERUGLICACDB-S;20914020;;DPLTSOLCNFGCTRSVRS7.1XNDVERUGLICACDB-S;DPLTSOLCNFGCTRSVRS7.1XNDVERUGLICACDB-S;DPLTSOLCNFGCTRSVRS7.1XNDVERUGLICACDB-S;DPLTSOLCNFGCTRSVRS7.1XNDVERUGLICACDB-S;;;;79;;
1;3;2094;1;9,8769;8,03;DPLTSOLCONFIGCTRSVRS7.1XNDSTDLICACDB-S;20914022;;DPLTSOLCONFIGCTRSVRS7.1XNDSTDLICACDB-S;DPLTSOLCONFIGCTRSVRS7.1XNDSTDLICACDB-S;DPLTSOLCONFIGCTRSVRS7.1XNDSTDLICACDB-S;DPLTSOLCONFIGCTRSVRS7.1XNDSTDLICACDB-S;;;;79;;
1;3;2094;1;30,0981;24,47;AE HOST SEC EMAIL PROTEC CNTRL A/O SPS 3.0 H 12MO;20933020;;AE HOST SEC EMAIL PROTEC CNTRL A/O SPS 3.0 H 12MO;AE HOST SEC EMAIL PROTEC CNTRL A/O SPS 3.0 H 12MO;AE HOST SEC EMAIL PROTEC CNTRL A/O SPS 3.0 H 12MO;AE HOST SEC EMAIL PROTEC CNTRL A/O SPS 3.0 H 12MO;;;;79;;
1;3;2094;1;47,4411;38,57;GOV HOST SEC EMAIL PROTEC CNTRL A/O SPS 3.0 A 12MO;20933027;;GOV HOST SEC EMAIL PROTEC CNTRL A/O SPS 3.0 A 12MO;GOV HOST SEC EMAIL PROTEC CNTRL A/O SPS 3.0 A 12MO;GOV HOST SEC EMAIL PROTEC CNTRL A/O SPS 3.0 A 12MO;GOV HOST SEC EMAIL PROTEC CNTRL A/O SPS 3.0 A 12MO;;;;79;;
1;3;2094;1;38,007;30,9;REW HOST SEC EMAIL PROTEC CNTRL A/O SPS 3.0 A 12MO;20933033;;REW HOST SEC EMAIL PROTEC CNTRL A/O SPS 3.0 A 12MO;REW HOST SEC EMAIL PROTEC CNTRL A/O SPS 3.0 A 12MO;REW HOST SEC EMAIL PROTEC CNTRL A/O SPS 3.0 A 12MO;REW HOST SEC EMAIL PROTEC CNTRL A/O SPS 3.0 A 12MO;;;;79;;
1;3;2094;1;34,9566;28,42;REW HOST SEC EMAIL PROTEC CNTRL A/O SPS 3.0 B 12MO;20933034;;REW HOST SEC EMAIL PROTEC CNTRL A/O SPS 3.0 B 12MO;REW HOST SEC EMAIL PROTEC CNTRL A/O SPS 3.0 B 12MO;REW HOST SEC EMAIL PROTEC CNTRL A/O SPS 3.0 B 12MO;REW HOST SEC EMAIL PROTEC CNTRL A/O SPS 3.0 B 12MO;;;;79;;
1;3;2094;1;30,4056;24,72;REW HOST SEC EMAIL PROTEC CNTRL A/O SPS 3.0 C 12MO;20933035;;REW HOST SEC EMAIL PROTEC CNTRL A/O SPS 3.0 C 12MO;REW HOST SEC EMAIL PROTEC CNTRL A/O SPS 3.0 C 12MO;REW HOST SEC EMAIL PROTEC CNTRL A/O SPS 3.0 C 12MO;REW HOST SEC EMAIL PROTEC CNTRL A/O SPS 3.0 C 12MO;;;;79;;
1;3;2094;1;27,9702;22,74;REW HOST SEC EMAIL PROTEC CNTRL A/O SPS 3.0 D 12MO;20933036;;REW HOST SEC EMAIL PROTEC CNTRL A/O SPS 3.0 D 12MO;REW HOST SEC EMAIL PROTEC CNTRL A/O SPS 3.0 D 12MO;REW HOST SEC EMAIL PROTEC CNTRL A/O SPS 3.0 D 12MO;REW HOST SEC EMAIL PROTEC CNTRL A/O SPS 3.0 D 12MO;;;;79;;
1;3;2094;1;25,7439;20,93;REW HOST SEC EMAIL PROTEC CNTRL A/O SPS 3.0 E 12MO;20933037;;REW HOST SEC EMAIL PROTEC CNTRL A/O SPS 3.0 E 12MO;REW HOST SEC EMAIL PROTEC CNTRL A/O SPS 3.0 E 12MO;REW HOST SEC EMAIL PROTEC CNTRL A/O SPS 3.0 E 12MO;REW HOST SEC EMAIL PROTEC CNTRL A/O SPS 3.0 E 12MO;;;;79;;
1;3;2094;1;73,3326;59,62;AE HOST SEC EMAIL WEB PROTEC A/O SPS 3.0 A 12MO;20933045;;AE HOST SEC EMAIL WEB PROTEC A/O SPS 3.0 A 12MO;AE HOST SEC EMAIL WEB PROTEC A/O SPS 3.0 A 12MO;AE HOST SEC EMAIL WEB PROTEC A/O SPS 3.0 A 12MO;AE HOST SEC EMAIL WEB PROTEC A/O SPS 3.0 A 12MO;;;;79;;
1;3;2094;1;58,7448;47,76;REW HOST SEC EMAIL WEB PROTEC A/O SPS 3.0 A 12MO;20933054;;REW HOST SEC EMAIL WEB PROTEC A/O SPS 3.0 A 12MO;REW HOST SEC EMAIL WEB PROTEC A/O SPS 3.0 A 12MO;REW HOST SEC EMAIL WEB PROTEC A/O SPS 3.0 A 12MO;REW HOST SEC EMAIL WEB PROTEC A/O SPS 3.0 A 12MO;;;;79;;
1;3;2094;1;54,0462;43,94;REW HOST SEC EMAIL WEB PROTEC A/O SPS 3.0 B 12MO;20933055;;REW HOST SEC EMAIL WEB PROTEC A/O SPS 3.0 B 12MO;REW HOST SEC EMAIL WEB PROTEC A/O SPS 3.0 B 12MO;REW HOST SEC EMAIL WEB PROTEC A/O SPS 3.0 B 12MO;REW HOST SEC EMAIL WEB PROTEC A/O SPS 3.0 B 12MO;;;;79;;
1;3;2094;1;42,7425;34,75;EXP HOST SEC EMAIL PROTEC CNTRL A/O SPS 3.0 C 12MO;20933056;;EXP HOST SEC EMAIL PROTEC CNTRL A/O SPS 3.0 C 12MO;EXP HOST SEC EMAIL PROTEC CNTRL A/O SPS 3.0 C 12MO;EXP HOST SEC EMAIL PROTEC CNTRL A/O SPS 3.0 C 12MO;EXP HOST SEC EMAIL PROTEC CNTRL A/O SPS 3.0 C 12MO;;;;79;;
1;3;2094;1;40,3809;32,83;EXP HOST SEC EMAIL PROTEC CNTRL A/O SPS 3.0 D 12MO;20933057;;EXP HOST SEC EMAIL PROTEC CNTRL A/O SPS 3.0 D 12MO;EXP HOST SEC EMAIL PROTEC CNTRL A/O SPS 3.0 D 12MO;EXP HOST SEC EMAIL PROTEC CNTRL A/O SPS 3.0 D 12MO;EXP HOST SEC EMAIL PROTEC CNTRL A/O SPS 3.0 D 12MO;;;;79;;
1;3;2094;1;38,007;30,9;EXP HOST SEC EMAIL PROTEC CNTRL A/O SPS 3.0 E 12MO;20933058;;EXP HOST SEC EMAIL PROTEC CNTRL A/O SPS 3.0 E 12MO;EXP HOST SEC EMAIL PROTEC CNTRL A/O SPS 3.0 E 12MO;EXP HOST SEC EMAIL PROTEC CNTRL A/O SPS 3.0 E 12MO;EXP HOST SEC EMAIL PROTEC CNTRL A/O SPS 3.0 E 12MO;;;;79;;
1;3;2094;1;34,6245;28,15;EXP HOST SEC EMAIL PROTEC CNTRL A/O SPS 3.0 F 12MO;20933059;;EXP HOST SEC EMAIL PROTEC CNTRL A/O SPS 3.0 F 12MO;EXP HOST SEC EMAIL PROTEC CNTRL A/O SPS 3.0 F 12MO;EXP HOST SEC EMAIL PROTEC CNTRL A/O SPS 3.0 F 12MO;EXP HOST SEC EMAIL PROTEC CNTRL A/O SPS 3.0 F 12MO;;;;79;;
1;3;2094;1;73,3326;59,62;GOV HOST SEC EMAIL WEB PROTEC A/O SPS 3.0 A 12MO;20933069;;GOV HOST SEC EMAIL WEB PROTEC A/O SPS 3.0 A 12MO;GOV HOST SEC EMAIL WEB PROTEC A/O SPS 3.0 A 12MO;GOV HOST SEC EMAIL WEB PROTEC A/O SPS 3.0 A 12MO;GOV HOST SEC EMAIL WEB PROTEC A/O SPS 3.0 A 12MO;;;;79;;
1;3;2094;1;46,5186;37,82;GOV HOST SEC EMAIL WEB PROTEC A/O SPS 3.0 H 12MO;20933071;;GOV HOST SEC EMAIL WEB PROTEC A/O SPS 3.0 H 12MO;GOV HOST SEC EMAIL WEB PROTEC A/O SPS 3.0 H 12MO;GOV HOST SEC EMAIL WEB PROTEC A/O SPS 3.0 H 12MO;GOV HOST SEC EMAIL WEB PROTEC A/O SPS 3.0 H 12MO;;;;79;;
1;3;2094;1;46,5186;37,82;AE HOST SEC EMAIL WEB PROTEC A/O SPS 3.0 H 12MO;20933074;;AE HOST SEC EMAIL WEB PROTEC A/O SPS 3.0 H 12MO;AE HOST SEC EMAIL WEB PROTEC A/O SPS 3.0 H 12MO;AE HOST SEC EMAIL WEB PROTEC A/O SPS 3.0 H 12MO;AE HOST SEC EMAIL WEB PROTEC A/O SPS 3.0 H 12MO;;;;79;;
1;3;2094;1;46,986;38,2;REW HOST SEC EMAIL WEB PROTEC A/O SPS 3.0 C 12MO;20933084;;REW HOST SEC EMAIL WEB PROTEC A/O SPS 3.0 C 12MO;REW HOST SEC EMAIL WEB PROTEC A/O SPS 3.0 C 12MO;REW HOST SEC EMAIL WEB PROTEC A/O SPS 3.0 C 12MO;REW HOST SEC EMAIL WEB PROTEC A/O SPS 3.0 C 12MO;;;;79;;
1;3;2094;1;47,4411;38,57;EXP HOST SEC EMAIL PROTEC CNTRL A/O SPS 3.0 A 12MO;20933089;;EXP HOST SEC EMAIL PROTEC CNTRL A/O SPS 3.0 A 12MO;EXP HOST SEC EMAIL PROTEC CNTRL A/O SPS 3.0 A 12MO;EXP HOST SEC EMAIL PROTEC CNTRL A/O SPS 3.0 A 12MO;EXP HOST SEC EMAIL PROTEC CNTRL A/O SPS 3.0 A 12MO;;;;79;;
1;3;2094;1;45,1164;36,68;EXP HOST SEC EMAIL PROTEC CNTRL A/O SPS 3.0 B 12MO;20933090;;EXP HOST SEC EMAIL PROTEC CNTRL A/O SPS 3.0 B 12MO;EXP HOST SEC EMAIL PROTEC CNTRL A/O SPS 3.0 B 12MO;EXP HOST SEC EMAIL PROTEC CNTRL A/O SPS 3.0 B 12MO;EXP HOST SEC EMAIL PROTEC CNTRL A/O SPS 3.0 B 12MO;;;;79;;
1;3;2094;1;30,0981;24,47;GOV HOST SEC EMAIL PROTEC CNTRL A/O SPS 3.0 H 12MO;20933091;;GOV HOST SEC EMAIL PROTEC CNTRL A/O SPS 3.0 H 12MO;GOV HOST SEC EMAIL PROTEC CNTRL A/O SPS 3.0 H 12MO;GOV HOST SEC EMAIL PROTEC CNTRL A/O SPS 3.0 H 12MO;GOV HOST SEC EMAIL PROTEC CNTRL A/O SPS 3.0 H 12MO;;;;79;;
1;3;2094;1;43,2591;35,17;REW HOST SEC EMAIL WEB PROTEC A/O SPS 3.0 D 12MO;20933098;;REW HOST SEC EMAIL WEB PROTEC A/O SPS 3.0 D 12MO;REW HOST SEC EMAIL WEB PROTEC A/O SPS 3.0 D 12MO;REW HOST SEC EMAIL WEB PROTEC A/O SPS 3.0 D 12MO;REW HOST SEC EMAIL WEB PROTEC A/O SPS 3.0 D 12MO;;;;79;;
1;3;2094;1;39,7905;32,35;REW HOST SEC EMAIL WEB PROTEC A/O SPS 3.0 E 12MO;20933099;;REW HOST SEC EMAIL WEB PROTEC A/O SPS 3.0 E 12MO;REW HOST SEC EMAIL WEB PROTEC A/O SPS 3.0 E 12MO;REW HOST SEC EMAIL WEB PROTEC A/O SPS 3.0 E 12MO;REW HOST SEC EMAIL WEB PROTEC A/O SPS 3.0 E 12MO;;;;79;;
1;3;2094;1;73,3326;59,62;EXP HOST SEC EMAIL WEB PROTEC A/O SPS 3.0 A 12MO;20933100;;EXP HOST SEC EMAIL WEB PROTEC A/O SPS 3.0 A 12MO;EXP HOST SEC EMAIL WEB PROTEC A/O SPS 3.0 A 12MO;EXP HOST SEC EMAIL WEB PROTEC A/O SPS 3.0 A 12MO;EXP HOST SEC EMAIL WEB PROTEC A/O SPS 3.0 A 12MO;;;;79;;
1;3;2094;1;69,741;56,7;EXP HOST SEC EMAIL WEB PROTEC A/O SPS 3.0 B 12MO;20933101;;EXP HOST SEC EMAIL WEB PROTEC A/O SPS 3.0 B 12MO;EXP HOST SEC EMAIL WEB PROTEC A/O SPS 3.0 B 12MO;EXP HOST SEC EMAIL WEB PROTEC A/O SPS 3.0 B 12MO;EXP HOST SEC EMAIL WEB PROTEC A/O SPS 3.0 B 12MO;;;;79;;
1;3;2094;1;66,0756;53,72;EXP HOST SEC EMAIL WEB PROTEC A/O SPS 3.0 C 12MO;20933102;;EXP HOST SEC EMAIL WEB PROTEC A/O SPS 3.0 C 12MO;EXP HOST SEC EMAIL WEB PROTEC A/O SPS 3.0 C 12MO;EXP HOST SEC EMAIL WEB PROTEC A/O SPS 3.0 C 12MO;EXP HOST SEC EMAIL WEB PROTEC A/O SPS 3.0 C 12MO;;;;79;;
1;3;2094;1;62,4225;50,75;EXP HOST SEC EMAIL WEB PROTEC A/O SPS 3.0 D 12MO;20933103;;EXP HOST SEC EMAIL WEB PROTEC A/O SPS 3.0 D 12MO;EXP HOST SEC EMAIL WEB PROTEC A/O SPS 3.0 D 12MO;EXP HOST SEC EMAIL WEB PROTEC A/O SPS 3.0 D 12MO;EXP HOST SEC EMAIL WEB PROTEC A/O SPS 3.0 D 12MO;;;;79;;
1;3;2094;1;58,7448;47,76;EXP HOST SEC EMAIL WEB PROTEC A/O SPS 3.0 E 12MO;20933104;;EXP HOST SEC EMAIL WEB PROTEC A/O SPS 3.0 E 12MO;EXP HOST SEC EMAIL WEB PROTEC A/O SPS 3.0 E 12MO;EXP HOST SEC EMAIL WEB PROTEC A/O SPS 3.0 E 12MO;EXP HOST SEC EMAIL WEB PROTEC A/O SPS 3.0 E 12MO;;;;79;;
1;3;2094;1;53,5296;43,52;EXP HOST SEC EMAIL WEB PROTEC A/O SPS 3.0 F 12MO;20933105;;EXP HOST SEC EMAIL WEB PROTEC A/O SPS 3.0 F 12MO;EXP HOST SEC EMAIL WEB PROTEC A/O SPS 3.0 F 12MO;EXP HOST SEC EMAIL WEB PROTEC A/O SPS 3.0 F 12MO;EXP HOST SEC EMAIL WEB PROTEC A/O SPS 3.0 F 12MO;;;;79;;
1;3;2094;1;47,4411;38,57;AE HOST SEC EMAIL PROTEC CNTRL A/O SPS 3.0 A 12MO;20933112;;AE HOST SEC EMAIL PROTEC CNTRL A/O SPS 3.0 A 12MO;AE HOST SEC EMAIL PROTEC CNTRL A/O SPS 3.0 A 12MO;AE HOST SEC EMAIL PROTEC CNTRL A/O SPS 3.0 A 12MO;AE HOST SEC EMAIL PROTEC CNTRL A/O SPS 3.0 A 12MO;;;;79;;
1;3;2094;1;99,7407;81,09;EDU TRAINING CREDITS USD (1000+ CREDITS);20933164;;EDU TRAINING CREDITS USD (1000+ CREDITS);EDU TRAINING CREDITS USD (1000+ CREDITS);EDU TRAINING CREDITS USD (1000+ CREDITS);EDU TRAINING CREDITS USD (1000+ CREDITS);;;;79;;
1;3;2094;1;5162,7159;4197,33;NBU 7 UNX ADMIN TRAIN BDL 5DAY TRAIN VID ELIB CERT;20936055;;NBU 7 UNX ADMIN TRAIN BDL 5DAY TRAIN VID ELIB CERT;NBU 7 UNX ADMIN TRAIN BDL 5DAY TRAIN VID ELIB CERT;NBU 7 UNX ADMIN TRAIN BDL 5DAY TRAIN VID ELIB CERT;NBU 7 UNX ADMIN TRAIN BDL 5DAY TRAIN VID ELIB CERT;;;;79;;
1;3;2094;1;4576,0305;3720,35;NBU 7 UNX ADMIN TRAIN BDL 5DAY TRAIN + VID + CERT;20936063;;NBU 7 UNX ADMIN TRAIN BDL 5DAY TRAIN + VID + CERT;NBU 7 UNX ADMIN TRAIN BDL 5DAY TRAIN + VID + CERT;NBU 7 UNX ADMIN TRAIN BDL 5DAY TRAIN + VID + CERT;NBU 7 UNX ADMIN TRAIN BDL 5DAY TRAIN + VID + CERT;;;;79;;
1;3;2094;1;3168,0249;2575,63;NBU 7 UNX ADMIN TRAIN BDL VID INSTR LED ELIB CERT;20936102;;NBU 7 UNX ADMIN TRAIN BDL VID INSTR LED ELIB CERT;NBU 7 UNX ADMIN TRAIN BDL VID INSTR LED ELIB CERT;NBU 7 UNX ADMIN TRAIN BDL VID INSTR LED ELIB CERT;NBU 7 UNX ADMIN TRAIN BDL VID INSTR LED ELIB CERT;;;;79;;
1;3;2094;1;5162,7159;4197,33;NBU 7 WIN ADMIN TRAIN BDL 5DAY TRAIN VID ELIB CERT;20936201;;NBU 7 WIN ADMIN TRAIN BDL 5DAY TRAIN VID ELIB CERT;NBU 7 WIN ADMIN TRAIN BDL 5DAY TRAIN VID ELIB CERT;NBU 7 WIN ADMIN TRAIN BDL 5DAY TRAIN VID ELIB CERT;NBU 7 WIN ADMIN TRAIN BDL 5DAY TRAIN VID ELIB CERT;;;;79;;
1;3;2094;1;4576,0305;3720,35;NBU 7 WIN ADMIN TRAIN BDL 5DAY TRAIN + VID + CERT;20936232;;NBU 7 WIN ADMIN TRAIN BDL 5DAY TRAIN + VID + CERT;NBU 7 WIN ADMIN TRAIN BDL 5DAY TRAIN + VID + CERT;NBU 7 WIN ADMIN TRAIN BDL 5DAY TRAIN + VID + CERT;NBU 7 WIN ADMIN TRAIN BDL 5DAY TRAIN + VID + CERT;;;;79;;
1;3;2094;1;3168,0249;2575,63;NBU 7 WIN ADMIN TRAIN BDL VID INSTR LED ELIB CERT;20936371;;NBU 7 WIN ADMIN TRAIN BDL VID INSTR LED ELIB CERT;NBU 7 WIN ADMIN TRAIN BDL VID INSTR LED ELIB CERT;NBU 7 WIN ADMIN TRAIN BDL VID INSTR LED ELIB CERT;NBU 7 WIN ADMIN TRAIN BDL VID INSTR LED ELIB CERT;;;;79;;
1;3;2094;1;2112,0207;1717,09;REW NBU MSEO KEY MGMT 6.1 XPLAT 1SVR BAS A;20941081=A1;;REW NBU MSEO KEY MGMT 6.1 XPLAT 1SVR BAS A;REW NBU MSEO KEY MGMT 6.1 XPLAT 1SVR BAS A;REW NBU MSEO KEY MGMT 6.1 XPLAT 1SVR BAS A;REW NBU MSEO KEY MGMT 6.1 XPLAT 1SVR BAS A;;;;79;;
1;3;2094;1;2112,0207;1717,09;REW NBU MSEO KEY MGMT 6.1 XPLAT 1SVR BAS B;20941082=A1;;REW NBU MSEO KEY MGMT 6.1 XPLAT 1SVR BAS B;REW NBU MSEO KEY MGMT 6.1 XPLAT 1SVR BAS B;REW NBU MSEO KEY MGMT 6.1 XPLAT 1SVR BAS B;REW NBU MSEO KEY MGMT 6.1 XPLAT 1SVR BAS B;;;;79;;
1;3;2094;1;2112,0207;1717,09;AE NBU MSEO KEY MGMT SVR 6.1 XPLAT 1SVR BAS S;20941083;;AE NBU MSEO KEY MGMT SVR 6.1 XPLAT 1SVR BAS S;AE NBU MSEO KEY MGMT SVR 6.1 XPLAT 1SVR BAS S;AE NBU MSEO KEY MGMT SVR 6.1 XPLAT 1SVR BAS S;AE NBU MSEO KEY MGMT SVR 6.1 XPLAT 1SVR BAS S;;;;79;;
1;3;2094;1;2698,6938;2194,06;REW NBU MSEO KEY MGMT 6.1 XPLAT 1SVR ESS A;20941084=A1;;REW NBU MSEO KEY MGMT 6.1 XPLAT 1SVR ESS A;REW NBU MSEO KEY MGMT 6.1 XPLAT 1SVR ESS A;REW NBU MSEO KEY MGMT 6.1 XPLAT 1SVR ESS A;REW NBU MSEO KEY MGMT 6.1 XPLAT 1SVR ESS A;;;;79;;
1;3;2094;1;8428,0461;6852,07;REW NBU MSEO KEY MGMT 6.1 XPLAT 1SVR STD LIC D;20941089=A1;;REW NBU MSEO KEY MGMT 6.1 XPLAT 1SVR STD LIC D;REW NBU MSEO KEY MGMT 6.1 XPLAT 1SVR STD LIC D;REW NBU MSEO KEY MGMT 6.1 XPLAT 1SVR STD LIC D;REW NBU MSEO KEY MGMT 6.1 XPLAT 1SVR STD LIC D;;;;79;;
1;3;2094;1;1517,0451;1233,37;REWTSPP NBU MEDIAENCR KEY MGMT 6.1 XPLAT BAS 12M D;20941090;;REWTSPP NBU MEDIAENCR KEY MGMT 6.1 XPLAT BAS 12M D;REWTSPP NBU MEDIAENCR KEY MGMT 6.1 XPLAT BAS 12M D;REWTSPP NBU MEDIAENCR KEY MGMT 6.1 XPLAT BAS 12M D;REWTSPP NBU MEDIAENCR KEY MGMT 6.1 XPLAT BAS 12M D;;;;79;;
1;3;2094;1;8871,621;7212,7;AE NBU MSEO KEY MGMT SVR 6.1 XPLAT 1SVR STD LIC S;20941093;;AE NBU MSEO KEY MGMT SVR 6.1 XPLAT 1SVR STD LIC S;AE NBU MSEO KEY MGMT SVR 6.1 XPLAT 1SVR STD LIC S;AE NBU MSEO KEY MGMT SVR 6.1 XPLAT 1SVR STD LIC S;AE NBU MSEO KEY MGMT SVR 6.1 XPLAT 1SVR STD LIC S;;;;79;;
1;3;2094;1;2006,4129;1631,23;REW NBU MSEO KEY MGMT 6.1 XPLAT 1SVR BAS C;20941094=A1;;REW NBU MSEO KEY MGMT 6.1 XPLAT 1SVR BAS C;REW NBU MSEO KEY MGMT 6.1 XPLAT 1SVR BAS C;REW NBU MSEO KEY MGMT 6.1 XPLAT 1SVR BAS C;REW NBU MSEO KEY MGMT 6.1 XPLAT 1SVR BAS C;;;;79;;
1;3;2094;1;2698,6938;2194,06;REW NBU MSEO KEY MGMT 6.1 XPLAT 1SVR ESS B;20941095=A1;;REW NBU MSEO KEY MGMT 6.1 XPLAT 1SVR ESS B;REW NBU MSEO KEY MGMT 6.1 XPLAT 1SVR ESS B;REW NBU MSEO KEY MGMT 6.1 XPLAT 1SVR ESS B;REW NBU MSEO KEY MGMT 6.1 XPLAT 1SVR ESS B;;;;79;;
1;3;2094;1;1596,8967;1298,29;REWTSPP NBU MEDIAENCR KEY MGMT 6.1 XPLAT BAS 12M B;20941096;;REWTSPP NBU MEDIAENCR KEY MGMT 6.1 XPLAT BAS 12M B;REWTSPP NBU MEDIAENCR KEY MGMT 6.1 XPLAT BAS 12M B;REWTSPP NBU MEDIAENCR KEY MGMT 6.1 XPLAT BAS 12M B;REWTSPP NBU MEDIAENCR KEY MGMT 6.1 XPLAT BAS 12M B;;;;79;;
1;3;2094;1;8871,621;7212,7;GOV NBU MSEO KEY MGMT SVR 6.1 XPLAT 1 SVR STD LIC S;20941100;;GOV NBU MSEO KEY MGMT SVR 6.1 XPLAT 1 SVR STD LIC S;GOV NBU MSEO KEY MGMT SVR 6.1 XPLAT 1 SVR STD LIC S;GOV NBU MSEO KEY MGMT SVR 6.1 XPLAT 1 SVR STD LIC S;GOV NBU MSEO KEY MGMT SVR 6.1 XPLAT 1 SVR STD LIC S;;;;79;;
1;3;2094;1;2112,0207;1717,09;GOV NBU MSEO KEY MGMT SVR 6.1 XPLAT 1 SVR BAS S;20941101;;GOV NBU MSEO KEY MGMT SVR 6.1 XPLAT 1 SVR BAS S;GOV NBU MSEO KEY MGMT SVR 6.1 XPLAT 1 SVR BAS S;GOV NBU MSEO KEY MGMT SVR 6.1 XPLAT 1 SVR BAS S;GOV NBU MSEO KEY MGMT SVR 6.1 XPLAT 1 SVR BAS S;;;;79;;
1;3;2094;1;2040,4716;1658,92;REWTSPP NBU MEDIAENCR KEY MGMT 6.1 XPLAT ESS 12M B;20941102;;REWTSPP NBU MEDIAENCR KEY MGMT 6.1 XPLAT ESS 12M B;REWTSPP NBU MEDIAENCR KEY MGMT 6.1 XPLAT ESS 12M B;REWTSPP NBU MEDIAENCR KEY MGMT 6.1 XPLAT ESS 12M B;REWTSPP NBU MEDIAENCR KEY MGMT 6.1 XPLAT ESS 12M B;;;;79;;
1;3;2094;1;1938,4431;1575,97;REWTSPP NBU MEDIAENCR KEY MGMT 6.1 XPLAT ESS 12M C;20941103;;REWTSPP NBU MEDIAENCR KEY MGMT 6.1 XPLAT ESS 12M C;REWTSPP NBU MEDIAENCR KEY MGMT 6.1 XPLAT ESS 12M C;REWTSPP NBU MEDIAENCR KEY MGMT 6.1 XPLAT ESS 12M C;REWTSPP NBU MEDIAENCR KEY MGMT 6.1 XPLAT ESS 12M C;;;;79;;
1;3;2094;1;1887,435;1534,5;REWTSPP NBU MEDIAENCR KEY MGMT 6.1 XPLAT ESS 12M E;20941104;;REWTSPP NBU MEDIAENCR KEY MGMT 6.1 XPLAT ESS 12M E;REWTSPP NBU MEDIAENCR KEY MGMT 6.1 XPLAT ESS 12M E;REWTSPP NBU MEDIAENCR KEY MGMT 6.1 XPLAT ESS 12M E;REWTSPP NBU MEDIAENCR KEY MGMT 6.1 XPLAT ESS 12M E;;;;79;;
1;3;2094;1;2040,4716;1658,92;EXPTSPP NBU MEDIA SVRENCR MGMT 6.1 XPLAT ESS 12M S;20941105;;EXPTSPP NBU MEDIA SVRENCR MGMT 6.1 XPLAT ESS 12M S;EXPTSPP NBU MEDIA SVRENCR MGMT 6.1 XPLAT ESS 12M S;EXPTSPP NBU MEDIA SVRENCR MGMT 6.1 XPLAT ESS 12M S;EXPTSPP NBU MEDIA SVRENCR MGMT 6.1 XPLAT ESS 12M S;;;;79;;
1;3;2094;1;2040,4716;1658,92;AE TSPP NBU MEDIA ENCRKEY MGMT 6.1 XPLAT ESS 12M S;20941106;;AE TSPP NBU MEDIA ENCRKEY MGMT 6.1 XPLAT ESS 12M S;AE TSPP NBU MEDIA ENCRKEY MGMT 6.1 XPLAT ESS 12M S;AE TSPP NBU MEDIA ENCRKEY MGMT 6.1 XPLAT ESS 12M S;AE TSPP NBU MEDIA ENCRKEY MGMT 6.1 XPLAT ESS 12M S;;;;79;;
1;3;2094;1;2006,4129;1631,23;REW NBU MSEO KEY MGMT 6.1 XPLAT 1SVR BAS D;20941107=A1;;REW NBU MSEO KEY MGMT 6.1 XPLAT 1SVR BAS D;REW NBU MSEO KEY MGMT 6.1 XPLAT 1SVR BAS D;REW NBU MSEO KEY MGMT 6.1 XPLAT 1SVR BAS D;REW NBU MSEO KEY MGMT 6.1 XPLAT 1SVR BAS D;;;;79;;
1;3;2094;1;2112,0207;1717,09;EXP NBU MSEO KEY MGMT SVR 6.1 XPLAT 1SVR BAS S;20941108;;EXP NBU MSEO KEY MGMT SVR 6.1 XPLAT 1SVR BAS S;EXP NBU MSEO KEY MGMT SVR 6.1 XPLAT 1SVR BAS S;EXP NBU MSEO KEY MGMT SVR 6.1 XPLAT 1SVR BAS S;EXP NBU MSEO KEY MGMT SVR 6.1 XPLAT 1SVR BAS S;;;;79;;
1;3;2094;1;2563,7628;2084,36;REW NBU MSEO KEY MGMT 6.1 XPLAT 1SVR ESS D;20941109=A1;;REW NBU MSEO KEY MGMT 6.1 XPLAT 1SVR ESS D;REW NBU MSEO KEY MGMT 6.1 XPLAT 1SVR ESS D;REW NBU MSEO KEY MGMT 6.1 XPLAT 1SVR ESS D;REW NBU MSEO KEY MGMT 6.1 XPLAT 1SVR ESS D;;;;79;;
1;3;2094;1;2698,6938;2194,06;AE NBU MSEO KEY MGMT SVR 6.1 XPLAT 1 VR ESS S;20941110;;AE NBU MSEO KEY MGMT SVR 6.1 XPLAT 1 VR ESS S;AE NBU MSEO KEY MGMT SVR 6.1 XPLAT 1 VR ESS S;AE NBU MSEO KEY MGMT SVR 6.1 XPLAT 1 VR ESS S;AE NBU MSEO KEY MGMT SVR 6.1 XPLAT 1 VR ESS S;;;;79;;
1;3;2094;1;1477,1193;1200,91;REWTSPP NBU MEDIAENCR KEY MGMT 6.1 XPLAT BAS 12M E;20941111;;REWTSPP NBU MEDIAENCR KEY MGMT 6.1 XPLAT BAS 12M E;REWTSPP NBU MEDIAENCR KEY MGMT 6.1 XPLAT BAS 12M E;REWTSPP NBU MEDIAENCR KEY MGMT 6.1 XPLAT BAS 12M E;REWTSPP NBU MEDIAENCR KEY MGMT 6.1 XPLAT BAS 12M E;;;;79;;
1;3;2094;1;1596,8967;1298,29;GOVTSPP NBU MEDIA SVRENCR MGMT 6.1 XPLAT BAS 12M S;20941112;;GOVTSPP NBU MEDIA SVRENCR MGMT 6.1 XPLAT BAS 12M S;GOVTSPP NBU MEDIA SVRENCR MGMT 6.1 XPLAT BAS 12M S;GOVTSPP NBU MEDIA SVRENCR MGMT 6.1 XPLAT BAS 12M S;GOVTSPP NBU MEDIA SVRENCR MGMT 6.1 XPLAT BAS 12M S;;;;79;;
1;3;2094;1;8871,621;7212,7;REW NBU MSEO KEY MGMT 6.1 XPLAT 1SVR STD LIC A;20941114=A1;;REW NBU MSEO KEY MGMT 6.1 XPLAT 1SVR STD LIC A;REW NBU MSEO KEY MGMT 6.1 XPLAT 1SVR STD LIC A;REW NBU MSEO KEY MGMT 6.1 XPLAT 1SVR STD LIC A;REW NBU MSEO KEY MGMT 6.1 XPLAT 1SVR STD LIC A;;;;79;;
1;3;2094;1;2698,6938;2194,06;EXP NBU MSEO KEY MGMT SVR 6.1 XPLAT 1SVR ESS S;20941115;;EXP NBU MSEO KEY MGMT SVR 6.1 XPLAT 1SVR ESS S;EXP NBU MSEO KEY MGMT SVR 6.1 XPLAT 1SVR ESS S;EXP NBU MSEO KEY MGMT SVR 6.1 XPLAT 1SVR ESS S;EXP NBU MSEO KEY MGMT SVR 6.1 XPLAT 1SVR ESS S;;;;79;;
1;3;2094;1;1596,8967;1298,29;REWTSPP NBU MEDIAENCR KEY MGMT 6.1 XPLAT BAS 12M A;20941116;;REWTSPP NBU MEDIAENCR KEY MGMT 6.1 XPLAT BAS 12M A;REWTSPP NBU MEDIAENCR KEY MGMT 6.1 XPLAT BAS 12M A;REWTSPP NBU MEDIAENCR KEY MGMT 6.1 XPLAT BAS 12M A;REWTSPP NBU MEDIAENCR KEY MGMT 6.1 XPLAT BAS 12M A;;;;79;;
1;3;2094;1;1517,0451;1233,37;REWTSPP NBU MEDIAENCR KEY MGMT 6.1 XPLAT BAS 12M C;20941117;;REWTSPP NBU MEDIAENCR KEY MGMT 6.1 XPLAT BAS 12M C;REWTSPP NBU MEDIAENCR KEY MGMT 6.1 XPLAT BAS 12M C;REWTSPP NBU MEDIAENCR KEY MGMT 6.1 XPLAT BAS 12M C;REWTSPP NBU MEDIAENCR KEY MGMT 6.1 XPLAT BAS 12M C;;;;79;;
1;3;2094;1;1938,4431;1575,97;REWTSPP NBU MEDIAENCR KEY MGMT 6.1 XPLAT ESS 12M D;20941119;;REWTSPP NBU MEDIAENCR KEY MGMT 6.1 XPLAT ESS 12M D;REWTSPP NBU MEDIAENCR KEY MGMT 6.1 XPLAT ESS 12M D;REWTSPP NBU MEDIAENCR KEY MGMT 6.1 XPLAT ESS 12M D;REWTSPP NBU MEDIAENCR KEY MGMT 6.1 XPLAT ESS 12M D;;;;79;;
1;3;2094;1;1953,6213;1588,31;REW NBU MSEO KEY MGMT 6.1 XPLAT 1SVR BAS E;20941120=A1;;REW NBU MSEO KEY MGMT 6.1 XPLAT 1SVR BAS E;REW NBU MSEO KEY MGMT 6.1 XPLAT 1SVR BAS E;REW NBU MSEO KEY MGMT 6.1 XPLAT 1SVR BAS E;REW NBU MSEO KEY MGMT 6.1 XPLAT 1SVR BAS E;;;;79;;
1;3;2094;1;2496,285;2029,5;REW NBU MSEO KEY MGMT 6.1 XPLAT 1SVR ESS E;20941122=A1;;REW NBU MSEO KEY MGMT 6.1 XPLAT 1SVR ESS E;REW NBU MSEO KEY MGMT 6.1 XPLAT 1SVR ESS E;REW NBU MSEO KEY MGMT 6.1 XPLAT 1SVR ESS E;REW NBU MSEO KEY MGMT 6.1 XPLAT 1SVR ESS E;;;;79;;
1;3;2094;1;2698,6938;2194,06;GOV NBU MSEO KEY MGMT SVR 6.1 XPLAT 1 SVR ESS S;20941123;;GOV NBU MSEO KEY MGMT SVR 6.1 XPLAT 1 SVR ESS S;GOV NBU MSEO KEY MGMT SVR 6.1 XPLAT 1 SVR ESS S;GOV NBU MSEO KEY MGMT SVR 6.1 XPLAT 1 SVR ESS S;GOV NBU MSEO KEY MGMT SVR 6.1 XPLAT 1 SVR ESS S;;;;79;;
1;3;2094;1;2040,4716;1658,92;GOVTSPP NBU MEDIA SVRENCR MGMT 6.1 XPLAT ESS 12M S;20941130;;GOVTSPP NBU MEDIA SVRENCR MGMT 6.1 XPLAT ESS 12M S;GOVTSPP NBU MEDIA SVRENCR MGMT 6.1 XPLAT ESS 12M S;GOVTSPP NBU MEDIA SVRENCR MGMT 6.1 XPLAT ESS 12M S;GOVTSPP NBU MEDIA SVRENCR MGMT 6.1 XPLAT ESS 12M S;;;;79;;
1;3;2094;1;8871,621;7212,7;REW NBU MSEO KEY MGMT 6.1 XPLAT 1SVR STD LIC B;20941131=A1;;REW NBU MSEO KEY MGMT 6.1 XPLAT 1SVR STD LIC B;REW NBU MSEO KEY MGMT 6.1 XPLAT 1SVR STD LIC B;REW NBU MSEO KEY MGMT 6.1 XPLAT 1SVR STD LIC B;REW NBU MSEO KEY MGMT 6.1 XPLAT 1SVR STD LIC B;;;;79;;
1;3;2094;1;2563,7628;2084,36;REW NBU MSEO KEY MGMT 6.1 XPLAT 1SVR ESS C;20941132=A1;;REW NBU MSEO KEY MGMT 6.1 XPLAT 1SVR ESS C;REW NBU MSEO KEY MGMT 6.1 XPLAT 1SVR ESS C;REW NBU MSEO KEY MGMT 6.1 XPLAT 1SVR ESS C;REW NBU MSEO KEY MGMT 6.1 XPLAT 1SVR ESS C;;;;79;;
1;3;2094;1;1596,8967;1298,29;EXPTSPP NBU MEDIA SVRENCR MGMT 6.1 XPLAT BAS 12M S;20941134;;EXPTSPP NBU MEDIA SVRENCR MGMT 6.1 XPLAT BAS 12M S;EXPTSPP NBU MEDIA SVRENCR MGMT 6.1 XPLAT BAS 12M S;EXPTSPP NBU MEDIA SVRENCR MGMT 6.1 XPLAT BAS 12M S;EXPTSPP NBU MEDIA SVRENCR MGMT 6.1 XPLAT BAS 12M S;;;;79;;
1;3;2094;1;1596,8967;1298,29;AE TSPP NBU MEDIA ENCRKEY MGMT 6.1 XPLAT BAS 12M S;20941135;;AE TSPP NBU MEDIA ENCRKEY MGMT 6.1 XPLAT BAS 12M S;AE TSPP NBU MEDIA ENCRKEY MGMT 6.1 XPLAT BAS 12M S;AE TSPP NBU MEDIA ENCRKEY MGMT 6.1 XPLAT BAS 12M S;AE TSPP NBU MEDIA ENCRKEY MGMT 6.1 XPLAT BAS 12M S;;;;79;;
1;3;2094;1;2040,4716;1658,92;REWTSPP NBU MEDIAENCR KEY MGMT 6.1 XPLAT ESS 12M A;20941139;;REWTSPP NBU MEDIAENCR KEY MGMT 6.1 XPLAT ESS 12M A;REWTSPP NBU MEDIAENCR KEY MGMT 6.1 XPLAT ESS 12M A;REWTSPP NBU MEDIAENCR KEY MGMT 6.1 XPLAT ESS 12M A;REWTSPP NBU MEDIAENCR KEY MGMT 6.1 XPLAT ESS 12M A;;;;79;;
1;3;2094;1;8428,0461;6852,07;REW NBU MSEO KEY MGMT 6.1 XPLAT 1SVR STD LIC C;20941140=A1;;REW NBU MSEO KEY MGMT 6.1 XPLAT 1SVR STD LIC C;REW NBU MSEO KEY MGMT 6.1 XPLAT 1SVR STD LIC C;REW NBU MSEO KEY MGMT 6.1 XPLAT 1SVR STD LIC C;REW NBU MSEO KEY MGMT 6.1 XPLAT 1SVR STD LIC C;;;;79;;
1;3;2094;1;8206,2525;6671,75;REW NBU MSEO KEY MGMT 6.1 XPLAT 1SVR STD LIC E;20941141=A1;;REW NBU MSEO KEY MGMT 6.1 XPLAT 1SVR STD LIC E;REW NBU MSEO KEY MGMT 6.1 XPLAT 1SVR STD LIC E;REW NBU MSEO KEY MGMT 6.1 XPLAT 1SVR STD LIC E;REW NBU MSEO KEY MGMT 6.1 XPLAT 1SVR STD LIC E;;;;79;;
1;3;2094;1;8871,621;7212,7;EXP NBU MSEO KEY MGMT SVR 6.1 XPLAT 1SVR STD LIC S;20941143;;EXP NBU MSEO KEY MGMT SVR 6.1 XPLAT 1SVR STD LIC S;EXP NBU MSEO KEY MGMT SVR 6.1 XPLAT 1SVR STD LIC S;EXP NBU MSEO KEY MGMT SVR 6.1 XPLAT 1SVR STD LIC S;EXP NBU MSEO KEY MGMT SVR 6.1 XPLAT 1SVR STD LIC S;;;;79;;
1;3;2094;1;11533,1073;9376,51;EXP NBU MSEO ENT SVR 6.1 UNX 1SVR T2 STD LIC S;20941144;;EXP NBU MSEO ENT SVR 6.1 UNX 1SVR T2 STD LIC S;EXP NBU MSEO ENT SVR 6.1 UNX 1SVR T2 STD LIC S;EXP NBU MSEO ENT SVR 6.1 UNX 1SVR T2 STD LIC S;EXP NBU MSEO ENT SVR 6.1 UNX 1SVR T2 STD LIC S;;;;79;;
1;3;2094;1;11533,1073;9376,51;AE NBU MSEO ENT SVR 6.1 UNX 1SVR T2 STD LIC S;20941145;;AE NBU MSEO ENT SVR 6.1 UNX 1SVR T2 STD LIC S;AE NBU MSEO ENT SVR 6.1 UNX 1SVR T2 STD LIC S;AE NBU MSEO ENT SVR 6.1 UNX 1SVR T2 STD LIC S;AE NBU MSEO ENT SVR 6.1 UNX 1SVR T2 STD LIC S;;;;79;;
1;3;2094;1;2745,6306;2232,22;REW NBU MSEO ENT SVR 6.1 UNX 1SVR T2 BAS B;20941146;;REW NBU MSEO ENT SVR 6.1 UNX 1SVR T2 BAS B;REW NBU MSEO ENT SVR 6.1 UNX 1SVR T2 BAS B;REW NBU MSEO ENT SVR 6.1 UNX 1SVR T2 BAS B;REW NBU MSEO ENT SVR 6.1 UNX 1SVR T2 BAS B;;;;79;;
1;3;2094;1;2075,9571;1687,77;REWTSPP NBU MEDIAENCR ENT SVR 6.1 UNX T2 BAS 12M A;20941147;;REWTSPP NBU MEDIAENCR ENT SVR 6.1 UNX T2 BAS 12M A;REWTSPP NBU MEDIAENCR ENT SVR 6.1 UNX T2 BAS 12M A;REWTSPP NBU MEDIAENCR ENT SVR 6.1 UNX T2 BAS 12M A;REWTSPP NBU MEDIAENCR ENT SVR 6.1 UNX T2 BAS 12M A;;;;79;;
1;3;2094;1;1972,1574;1603,38;REWTSPP NBU MEDIAENCR ENT SVR 6.1 UNX T2 BAS 12M D;20941148;;REWTSPP NBU MEDIAENCR ENT SVR 6.1 UNX T2 BAS 12M D;REWTSPP NBU MEDIAENCR ENT SVR 6.1 UNX T2 BAS 12M D;REWTSPP NBU MEDIAENCR ENT SVR 6.1 UNX T2 BAS 12M D;REWTSPP NBU MEDIAENCR ENT SVR 6.1 UNX T2 BAS 12M D;;;;79;;
1;3;2094;1;2075,9571;1687,77;GOVTSPP NBU MEDIA SVRENCR ENT 6.1 UNX T2 BAS 12M S;20941149;;GOVTSPP NBU MEDIA SVRENCR ENT 6.1 UNX T2 BAS 12M S;GOVTSPP NBU MEDIA SVRENCR ENT 6.1 UNX T2 BAS 12M S;GOVTSPP NBU MEDIA SVRENCR ENT 6.1 UNX T2 BAS 12M S;GOVTSPP NBU MEDIA SVRENCR ENT 6.1 UNX T2 BAS 12M S;;;;79;;
1;3;2094;1;2652,6057;2156,59;AE TSPP NBU MEDIA SVR ENC ENT 6.1 UNX T2 ESS 12M S;20941150;;AE TSPP NBU MEDIA SVR ENC ENT 6.1 UNX T2 ESS 12M S;AE TSPP NBU MEDIA SVR ENC ENT 6.1 UNX T2 ESS 12M S;AE TSPP NBU MEDIA SVR ENC ENT 6.1 UNX T2 ESS 12M S;AE TSPP NBU MEDIA SVR ENC ENT 6.1 UNX T2 ESS 12M S;;;;79;;
1;3;2094;1;4635,4149;3768,63;REW NBU MSEO ENT SVR 6.1 WIN/LNX/SOLX64 T2 LIC D;20941151=A1;;REW NBU MSEO ENT SVR 6.1 WIN/LNX/SOLX64 T2 LIC D;REW NBU MSEO ENT SVR 6.1 WIN/LNX/SOLX64 T2 LIC D;REW NBU MSEO ENT SVR 6.1 WIN/LNX/SOLX64 T2 LIC D;REW NBU MSEO ENT SVR 6.1 WIN/LNX/SOLX64 T2 LIC D;;;;79;;
1;3;2094;1;1103,5314;897,18;REW NBU MSEO ENT SVR 6.1 WIN/LNX/SOLX64 T2 BAS C;20941152=A1;;REW NBU MSEO ENT SVR 6.1 WIN/LNX/SOLX64 T2 BAS C;REW NBU MSEO ENT SVR 6.1 WIN/LNX/SOLX64 T2 BAS C;REW NBU MSEO ENT SVR 6.1 WIN/LNX/SOLX64 T2 BAS C;REW NBU MSEO ENT SVR 6.1 WIN/LNX/SOLX64 T2 BAS C;;;;79;;
1;3;2094;1;1161,612;944,4;AE NBU MSEO ENT SVR 6.1 WIN/LNX/SOLX64 T2 BAS S;20941153;;AE NBU MSEO ENT SVR 6.1 WIN/LNX/SOLX64 T2 BAS S;AE NBU MSEO ENT SVR 6.1 WIN/LNX/SOLX64 T2 BAS S;AE NBU MSEO ENT SVR 6.1 WIN/LNX/SOLX64 T2 BAS S;AE NBU MSEO ENT SVR 6.1 WIN/LNX/SOLX64 T2 BAS S;;;;79;;
1;3;2094;1;1349,3346;1097,02;AE NBU MSEO ENT SVR 6.1 WIN/LNX/SOLX64 T1 ESS S;20941154;;AE NBU MSEO ENT SVR 6.1 WIN/LNX/SOLX64 T1 ESS S;AE NBU MSEO ENT SVR 6.1 WIN/LNX/SOLX64 T1 ESS S;AE NBU MSEO ENT SVR 6.1 WIN/LNX/SOLX64 T1 ESS S;AE NBU MSEO ENT SVR 6.1 WIN/LNX/SOLX64 T1 ESS S;;;;79;;
1;3;2094;1;758,5287;616,69;REWTSPP NBU MEDIASVR ENCR ENT 6.1 WIN/ T1 BAS 12M D;20941155;;REWTSPP NBU MEDIASVR ENCR ENT 6.1 WIN/ T1 BAS 12M D;REWTSPP NBU MEDIASVR ENCR ENT 6.1 WIN/ T1 BAS 12M D;REWTSPP NBU MEDIASVR ENCR ENT 6.1 WIN/ T1 BAS 12M D;REWTSPP NBU MEDIASVR ENCR ENT 6.1 WIN/ T1 BAS 12M D;;;;79;;
1;3;2094;1;1020,2358;829,46;AE TSPP NBU MEDIA ENC ENT 6.1 WIN/LNX/ T1 ESS 12M S;20941157;;AE TSPP NBU MEDIA ENC ENT 6.1 WIN/LNX/ T1 ESS 12M S;AE TSPP NBU MEDIA ENC ENT 6.1 WIN/LNX/ T1 ESS 12M S;AE TSPP NBU MEDIA ENC ENT 6.1 WIN/LNX/ T1 ESS 12M S;AE TSPP NBU MEDIA ENC ENT 6.1 WIN/LNX/ T1 ESS 12M S;;;;79;;
1;3;2094;1;3332,8818;2709,66;REW NBU MSEO ENT SVR 6.1 UNX 1SVR T2 ESS C;20941158;;REW NBU MSEO ENT SVR 6.1 UNX 1SVR T2 ESS C;REW NBU MSEO ENT SVR 6.1 UNX 1SVR T2 ESS C;REW NBU MSEO ENT SVR 6.1 UNX 1SVR T2 ESS C;REW NBU MSEO ENT SVR 6.1 UNX 1SVR T2 ESS C;;;;79;;
1;3;2094;1;2075,9571;1687,77;REWTSPP NBU MEDIAENCR ENT SVR 6.1 UNX T2 BAS 12M B;20941160;;REWTSPP NBU MEDIAENCR ENT SVR 6.1 UNX T2 BAS 12M B;REWTSPP NBU MEDIAENCR ENT SVR 6.1 UNX T2 BAS 12M B;REWTSPP NBU MEDIAENCR ENT SVR 6.1 UNX T2 BAS 12M B;REWTSPP NBU MEDIAENCR ENT SVR 6.1 UNX T2 BAS 12M B;;;;79;;
1;3;2094;1;2652,6057;2156,59;REWTSPP NBU MEDIAENCR ENT SVR 6.1 UNX T2 ESS 12M B;20941162;;REWTSPP NBU MEDIAENCR ENT SVR 6.1 UNX T2 ESS 12M B;REWTSPP NBU MEDIAENCR ENT SVR 6.1 UNX T2 ESS 12M B;REWTSPP NBU MEDIAENCR ENT SVR 6.1 UNX T2 ESS 12M B;REWTSPP NBU MEDIAENCR ENT SVR 6.1 UNX T2 ESS 12M B;;;;79;;
1;3;2094;1;4879,3854;3966,98;GOV NBU MSEO ENT SVR 6.1 WIN/LNX/SOLX64 T2 LIC S;20941163;;GOV NBU MSEO ENT SVR 6.1 WIN/LNX/SOLX64 T2 LIC S;GOV NBU MSEO ENT SVR 6.1 WIN/LNX/SOLX64 T2 LIC S;GOV NBU MSEO ENT SVR 6.1 WIN/LNX/SOLX64 T2 LIC S;GOV NBU MSEO ENT SVR 6.1 WIN/LNX/SOLX64 T2 LIC S;;;;79;;
1;3;2094;1;1038,0954;843,98;REWTSPP NBU MEDIASVR ENCR ENT 6.1 WIN/ T2 ESS 12M E;20941164;;REWTSPP NBU MEDIASVR ENCR ENT 6.1 WIN/ T2 ESS 12M E;REWTSPP NBU MEDIASVR ENCR ENT 6.1 WIN/ T2 ESS 12M E;REWTSPP NBU MEDIASVR ENCR ENT 6.1 WIN/ T2 ESS 12M E;REWTSPP NBU MEDIASVR ENCR ENT 6.1 WIN/ T2 ESS 12M E;;;;79;;
1;3;2094;1;1122,252;912,4;GOVTSPP NBU MEDIA SVRENCR 6.1 WIN/LNX/ T2 ESS 12M S;20941166;;GOVTSPP NBU MEDIA SVRENCR 6.1 WIN/LNX/ T2 ESS 12M S;GOVTSPP NBU MEDIA SVRENCR 6.1 WIN/LNX/ T2 ESS 12M S;GOVTSPP NBU MEDIA SVRENCR 6.1 WIN/LNX/ T2 ESS 12M S;GOVTSPP NBU MEDIA SVRENCR 6.1 WIN/LNX/ T2 ESS 12M S;;;;79;;
1;3;2094;1;15081,7557;12261,59;REW NBU MSEO ENT SVR 6.1 UNX 1SVR T3 STD LIC A;20941167;;REW NBU MSEO ENT SVR 6.1 UNX 1SVR T3 STD LIC A;REW NBU MSEO ENT SVR 6.1 UNX 1SVR T3 STD LIC A;REW NBU MSEO ENT SVR 6.1 UNX 1SVR T3 STD LIC A;REW NBU MSEO ENT SVR 6.1 UNX 1SVR T3 STD LIC A;;;;79;;
1;3;2094;1;3590,4315;2919,05;REW NBU MSEO ENT SVR 6.1 UNX 1SVR T3 BAS A;20941169;;REW NBU MSEO ENT SVR 6.1 UNX 1SVR T3 BAS A;REW NBU MSEO ENT SVR 6.1 UNX 1SVR T3 BAS A;REW NBU MSEO ENT SVR 6.1 UNX 1SVR T3 BAS A;REW NBU MSEO ENT SVR 6.1 UNX 1SVR T3 BAS A;;;;79;;
1;3;2094;1;3590,4315;2919,05;AE NBU MSEO ENT SVR 6.1 UNX 1SVR T3 BAS S;20941170;;AE NBU MSEO ENT SVR 6.1 UNX 1SVR T3 BAS S;AE NBU MSEO ENT SVR 6.1 UNX 1SVR T3 BAS S;AE NBU MSEO ENT SVR 6.1 UNX 1SVR T3 BAS S;AE NBU MSEO ENT SVR 6.1 UNX 1SVR T3 BAS S;;;;79;;
1;3;2094;1;4358,382;3543,4;REW NBU MSEO ENT SVR 6.1 UNX 1SVR T3 ESS D;20941171;;REW NBU MSEO ENT SVR 6.1 UNX 1SVR T3 ESS D;REW NBU MSEO ENT SVR 6.1 UNX 1SVR T3 ESS D;REW NBU MSEO ENT SVR 6.1 UNX 1SVR T3 ESS D;REW NBU MSEO ENT SVR 6.1 UNX 1SVR T3 ESS D;;;;79;;
1;3;2094;1;878,2938;714,06;REWTSPP NBU MEDIASVR ENCR ENT 6.1 WIN/ T2 BAS 12M A;20941174;;REWTSPP NBU MEDIASVR ENCR ENT 6.1 WIN/ T2 BAS 12M A;REWTSPP NBU MEDIASVR ENCR ENT 6.1 WIN/ T2 BAS 12M A;REWTSPP NBU MEDIASVR ENCR ENT 6.1 WIN/ T2 BAS 12M A;REWTSPP NBU MEDIASVR ENCR ENT 6.1 WIN/ T2 BAS 12M A;;;;79;;
1;3;2094;1;13950,6231;11341,97;REW NBU MSEO ENT SVR 6.1 UNX 1SVR T3 STD LIC E;20941176;;REW NBU MSEO ENT SVR 6.1 UNX 1SVR T3 STD LIC E;REW NBU MSEO ENT SVR 6.1 UNX 1SVR T3 STD LIC E;REW NBU MSEO ENT SVR 6.1 UNX 1SVR T3 STD LIC E;REW NBU MSEO ENT SVR 6.1 UNX 1SVR T3 STD LIC E;;;;79;;
1;3;2094;1;3590,4315;2919,05;REW NBU MSEO ENT SVR 6.1 UNX 1SVR T3 BAS B;20941177;;REW NBU MSEO ENT SVR 6.1 UNX 1SVR T3 BAS B;REW NBU MSEO ENT SVR 6.1 UNX 1SVR T3 BAS B;REW NBU MSEO ENT SVR 6.1 UNX 1SVR T3 BAS B;REW NBU MSEO ENT SVR 6.1 UNX 1SVR T3 BAS B;;;;79;;
1;3;2094;1;4587,777;3729,9;EXP NBU MSEO ENT SVR 6.1 UNX 1SVR T3 ESS S;20941178;;EXP NBU MSEO ENT SVR 6.1 UNX 1SVR T3 ESS S;EXP NBU MSEO ENT SVR 6.1 UNX 1SVR T3 ESS S;EXP NBU MSEO ENT SVR 6.1 UNX 1SVR T3 ESS S;EXP NBU MSEO ENT SVR 6.1 UNX 1SVR T3 ESS S;;;;79;;
1;3;2094;1;2714,7207;2207,09;REWTSPP NBU MEDIAENCR ENT SVR 6.1 UNX T3 BAS 12M B;20941179;;REWTSPP NBU MEDIAENCR ENT SVR 6.1 UNX T3 BAS 12M B;REWTSPP NBU MEDIAENCR ENT SVR 6.1 UNX T3 BAS 12M B;REWTSPP NBU MEDIAENCR ENT SVR 6.1 UNX T3 BAS 12M B;REWTSPP NBU MEDIAENCR ENT SVR 6.1 UNX T3 BAS 12M B;;;;79;;
1;3;2094;1;2578,9779;2096,73;REWTSPP NBU MEDIAENCR ENT SVR 6.1 UNX T3 BAS 12M D;20941180;;REWTSPP NBU MEDIAENCR ENT SVR 6.1 UNX T3 BAS 12M D;REWTSPP NBU MEDIAENCR ENT SVR 6.1 UNX T3 BAS 12M D;REWTSPP NBU MEDIAENCR ENT SVR 6.1 UNX T3 BAS 12M D;REWTSPP NBU MEDIAENCR ENT SVR 6.1 UNX T3 BAS 12M D;;;;79;;
1;3;2094;1;2714,7207;2207,09;EXPTSPP NBU MEDIA SVRENCR ENT 6.1 UNX T3 BAS 12M S;20941181;;EXPTSPP NBU MEDIA SVRENCR ENT 6.1 UNX T3 BAS 12M S;EXPTSPP NBU MEDIA SVRENCR ENT 6.1 UNX T3 BAS 12M S;EXPTSPP NBU MEDIA SVRENCR ENT 6.1 UNX T3 BAS 12M S;EXPTSPP NBU MEDIA SVRENCR ENT 6.1 UNX T3 BAS 12M S;;;;79;;
1;3;2094;1;4879,3854;3966,98;EXP NBU MSEO ENT SVR 6.1 WIN/LNX/SOLX64 T2 LIC S;20941184;;EXP NBU MSEO ENT SVR 6.1 WIN/LNX/SOLX64 T2 LIC S;EXP NBU MSEO ENT SVR 6.1 WIN/LNX/SOLX64 T2 LIC S;EXP NBU MSEO ENT SVR 6.1 WIN/LNX/SOLX64 T2 LIC S;EXP NBU MSEO ENT SVR 6.1 WIN/LNX/SOLX64 T2 LIC S;;;;79;;
1;3;2094;1;1410,0843;1146,41;REW NBU MSEO ENT SVR 6.1 WIN/LNX/SOLX64 T2 ESS C;20941185=A1;;REW NBU MSEO ENT SVR 6.1 WIN/LNX/SOLX64 T2 ESS C;REW NBU MSEO ENT SVR 6.1 WIN/LNX/SOLX64 T2 ESS C;REW NBU MSEO ENT SVR 6.1 WIN/LNX/SOLX64 T2 ESS C;REW NBU MSEO ENT SVR 6.1 WIN/LNX/SOLX64 T2 ESS C;;;;79;;
1;3;2094;1;834,3705;678,35;REWTSPP NBU MEDIASVR ENCR ENT 6.1 WIN/ T2 BAS 12M D;20941187;;REWTSPP NBU MEDIASVR ENCR ENT 6.1 WIN/ T2 BAS 12M D;REWTSPP NBU MEDIASVR ENCR ENT 6.1 WIN/ T2 BAS 12M D;REWTSPP NBU MEDIASVR ENCR ENT 6.1 WIN/ T2 BAS 12M D;REWTSPP NBU MEDIASVR ENCR ENT 6.1 WIN/ T2 BAS 12M D;;;;79;;
1;3;2094;1;878,2938;714,06;GOVTSPP NBU MEDIA SVRENCR 6.1 WIN/LNX/ T2 BAS 12M S;20941188;;GOVTSPP NBU MEDIA SVRENCR 6.1 WIN/LNX/ T2 BAS 12M S;GOVTSPP NBU MEDIA SVRENCR 6.1 WIN/LNX/ T2 BAS 12M S;GOVTSPP NBU MEDIA SVRENCR 6.1 WIN/LNX/ T2 BAS 12M S;GOVTSPP NBU MEDIA SVRENCR 6.1 WIN/LNX/ T2 BAS 12M S;;;;79;;
1;3;2094;1;1066,1517;866,79;REWTSPP NBU MEDIASVR ENCR ENT 6.1 WIN/ T2 ESS 12M D;20941190;;REWTSPP NBU MEDIASVR ENCR ENT 6.1 WIN/ T2 ESS 12M D;REWTSPP NBU MEDIASVR ENCR ENT 6.1 WIN/ T2 ESS 12M D;REWTSPP NBU MEDIASVR ENCR ENT 6.1 WIN/ T2 ESS 12M D;REWTSPP NBU MEDIASVR ENCR ENT 6.1 WIN/ T2 ESS 12M D;;;;79;;
1;3;2094;1;14327,6673;11648,51;REW NBU MSEO ENT SVR 6.1 UNX 1SVR T3 STD LIC D;20941191;;REW NBU MSEO ENT SVR 6.1 UNX 1SVR T3 STD LIC D;REW NBU MSEO ENT SVR 6.1 UNX 1SVR T3 STD LIC D;REW NBU MSEO ENT SVR 6.1 UNX 1SVR T3 STD LIC D;REW NBU MSEO ENT SVR 6.1 UNX 1SVR T3 STD LIC D;;;;79;;
1;3;2094;1;3410,913;2773,1;REW NBU MSEO ENT SVR 6.1 UNX 1SVR T3 BAS C;20941192;;REW NBU MSEO ENT SVR 6.1 UNX 1SVR T3 BAS C;REW NBU MSEO ENT SVR 6.1 UNX 1SVR T3 BAS C;REW NBU MSEO ENT SVR 6.1 UNX 1SVR T3 BAS C;REW NBU MSEO ENT SVR 6.1 UNX 1SVR T3 BAS C;;;;79;;
1;3;2094;1;4587,777;3729,9;GOV NBU MSEO ENT SVR 6.1 UNX 1SVR T3 ESS S;20941193;;GOV NBU MSEO ENT SVR 6.1 UNX 1SVR T3 ESS S;GOV NBU MSEO ENT SVR 6.1 UNX 1SVR T3 ESS S;GOV NBU MSEO ENT SVR 6.1 UNX 1SVR T3 ESS S;GOV NBU MSEO ENT SVR 6.1 UNX 1SVR T3 ESS S;;;;79;;
1;3;2094;1;1277,5149;1038,63;REWTSPP NBU MEDIASVR ENCR ENT 6.1 WIN/ T3 BAS 12M A;20941194;;REWTSPP NBU MEDIASVR ENCR ENT 6.1 WIN/ T3 BAS 12M A;REWTSPP NBU MEDIASVR ENCR ENT 6.1 WIN/ T3 BAS 12M A;REWTSPP NBU MEDIASVR ENCR ENT 6.1 WIN/ T3 BAS 12M A;REWTSPP NBU MEDIASVR ENCR ENT 6.1 WIN/ T3 BAS 12M A;;;;79;;
1;3;2094;1;1632,3699;1327,13;EXPTSPP NBU MEDIA SVRENCR 6.1 WIN/LNX/ T3 ESS 12M S;20941199;;EXPTSPP NBU MEDIA SVRENCR 6.1 WIN/LNX/ T3 ESS 12M S;EXPTSPP NBU MEDIA SVRENCR 6.1 WIN/LNX/ T3 ESS 12M S;EXPTSPP NBU MEDIA SVRENCR 6.1 WIN/LNX/ T3 ESS 12M S;EXPTSPP NBU MEDIA SVRENCR 6.1 WIN/LNX/ T3 ESS 12M S;;;;79;;
1;3;2094;1;1632,3699;1327,13;AE TSPP NBU MEDIA ENC ENT 6.1 WIN/LNX/ T3 ESS 12M S;20941200;;AE TSPP NBU MEDIA ENC ENT 6.1 WIN/LNX/ T3 ESS 12M S;AE TSPP NBU MEDIA ENC ENT 6.1 WIN/LNX/ T3 ESS 12M S;AE TSPP NBU MEDIA ENC ENT 6.1 WIN/LNX/ T3 ESS 12M S;AE TSPP NBU MEDIA ENC ENT 6.1 WIN/LNX/ T3 ESS 12M S;;;;79;;
1;3;2094;1;5702,4522;4636,14;AE NBU MSEO ENT SVR 6.1 UNX 1SVR T4 BAS S;20941201;;AE NBU MSEO ENT SVR 6.1 UNX 1SVR T4 BAS S;AE NBU MSEO ENT SVR 6.1 UNX 1SVR T4 BAS S;AE NBU MSEO ENT SVR 6.1 UNX 1SVR T4 BAS S;AE NBU MSEO ENT SVR 6.1 UNX 1SVR T4 BAS S;;;;79;;
1;3;2094;1;7286,4708;5923,96;GOV NBU MSEO ENT SVR 6.1 UNX 1SVR T4 ESS S;20941202;;GOV NBU MSEO ENT SVR 6.1 UNX 1SVR T4 ESS S;GOV NBU MSEO ENT SVR 6.1 UNX 1SVR T4 ESS S;GOV NBU MSEO ENT SVR 6.1 UNX 1SVR T4 ESS S;GOV NBU MSEO ENT SVR 6.1 UNX 1SVR T4 ESS S;;;;79;;
1;3;2094;1;6742,4295;5481,65;REW NBU MSEO ENT SVR 6.1 WIN/LNX/SOLX64 T3 LIC C;20941203=A1;;REW NBU MSEO ENT SVR 6.1 WIN/LNX/SOLX64 T3 LIC C;REW NBU MSEO ENT SVR 6.1 WIN/LNX/SOLX64 T3 LIC C;REW NBU MSEO ENT SVR 6.1 WIN/LNX/SOLX64 T3 LIC C;REW NBU MSEO ENT SVR 6.1 WIN/LNX/SOLX64 T3 LIC C;;;;79;;
1;3;2094;1;3295,3545;2679,15;REWTSPP NBU MEDIAENCR ENT SVR 6.1 UNX T3 ESS 12M D;20941206;;REWTSPP NBU MEDIAENCR ENT SVR 6.1 UNX T3 ESS 12M D;REWTSPP NBU MEDIAENCR ENT SVR 6.1 UNX T3 ESS 12M D;REWTSPP NBU MEDIAENCR ENT SVR 6.1 UNX T3 ESS 12M D;REWTSPP NBU MEDIAENCR ENT SVR 6.1 UNX T3 ESS 12M D;;;;79;;
1;3;2094;1;3208,6395;2608,65;REWTSPP NBU MEDIAENCR ENT SVR 6.1 UNX T3 ESS 12M E;20941207;;REWTSPP NBU MEDIAENCR ENT SVR 6.1 UNX T3 ESS 12M E;REWTSPP NBU MEDIAENCR ENT SVR 6.1 UNX T3 ESS 12M E;REWTSPP NBU MEDIAENCR ENT SVR 6.1 UNX T3 ESS 12M E;REWTSPP NBU MEDIAENCR ENT SVR 6.1 UNX T3 ESS 12M E;;;;79;;
1;3;2094;1;7097,2968;5770,16;AE NBU MSEO ENT SVR 6.1 WIN/LNX/SOLX64 T3 LIC S;20941208;;AE NBU MSEO ENT SVR 6.1 WIN/LNX/SOLX64 T3 LIC S;AE NBU MSEO ENT SVR 6.1 WIN/LNX/SOLX64 T3 LIC S;AE NBU MSEO ENT SVR 6.1 WIN/LNX/SOLX64 T3 LIC S;AE NBU MSEO ENT SVR 6.1 WIN/LNX/SOLX64 T3 LIC S;;;;79;;
1;3;2094;1;1689,6141;1373,67;REW NBU MSEO ENT SVR 6.1 WIN/LNX/SOLX64 T3 BAS A;20941209=A1;;REW NBU MSEO ENT SVR 6.1 WIN/LNX/SOLX64 T3 BAS A;REW NBU MSEO ENT SVR 6.1 WIN/LNX/SOLX64 T3 BAS A;REW NBU MSEO ENT SVR 6.1 WIN/LNX/SOLX64 T3 BAS A;REW NBU MSEO ENT SVR 6.1 WIN/LNX/SOLX64 T3 BAS A;;;;79;;
1;3;2094;1;2158,9575;1755,25;GOV NBU MSEO ENT SVR 6.1 WIN/LNX/SOLX64 T3 ESS S;20941210;;GOV NBU MSEO ENT SVR 6.1 WIN/LNX/SOLX64 T3 ESS S;GOV NBU MSEO ENT SVR 6.1 WIN/LNX/SOLX64 T3 ESS S;GOV NBU MSEO ENT SVR 6.1 WIN/LNX/SOLX64 T3 ESS S;GOV NBU MSEO ENT SVR 6.1 WIN/LNX/SOLX64 T3 ESS S;;;;79;;
1;3;2094;1;2158,9575;1755,25;EXP NBU MSEO ENT SVR 6.1 WIN/LNX/SOLX64 T3 ESS S;20941211;;EXP NBU MSEO ENT SVR 6.1 WIN/LNX/SOLX64 T3 ESS S;EXP NBU MSEO ENT SVR 6.1 WIN/LNX/SOLX64 T3 ESS S;EXP NBU MSEO ENT SVR 6.1 WIN/LNX/SOLX64 T3 ESS S;EXP NBU MSEO ENT SVR 6.1 WIN/LNX/SOLX64 T3 ESS S;;;;79;;
1;3;2094;1;3468,8091;2820,17;REWTSPP NBU MEDIAENCR ENT SVR 6.1 UNX T3 ESS 12M A;20941214;;REWTSPP NBU MEDIAENCR ENT SVR 6.1 UNX T3 ESS 12M A;REWTSPP NBU MEDIAENCR ENT SVR 6.1 UNX T3 ESS 12M A;REWTSPP NBU MEDIAENCR ENT SVR 6.1 UNX T3 ESS 12M A;REWTSPP NBU MEDIAENCR ENT SVR 6.1 UNX T3 ESS 12M A;;;;79;;
1;3;2094;1;7097,2968;5770,16;GOV NBU MSEO ENT SVR 6.1 WIN/LNX/SOLX64 T3 LIC S;20941215;;GOV NBU MSEO ENT SVR 6.1 WIN/LNX/SOLX64 T3 LIC S;GOV NBU MSEO ENT SVR 6.1 WIN/LNX/SOLX64 T3 LIC S;GOV NBU MSEO ENT SVR 6.1 WIN/LNX/SOLX64 T3 LIC S;GOV NBU MSEO ENT SVR 6.1 WIN/LNX/SOLX64 T3 LIC S;;;;79;;
1;3;2094;1;1689,6141;1373,67;REW NBU MSEO ENT SVR 6.1 WIN/LNX/SOLX64 T3 BAS B;20941216=A1;;REW NBU MSEO ENT SVR 6.1 WIN/LNX/SOLX64 T3 BAS B;REW NBU MSEO ENT SVR 6.1 WIN/LNX/SOLX64 T3 BAS B;REW NBU MSEO ENT SVR 6.1 WIN/LNX/SOLX64 T3 BAS B;REW NBU MSEO ENT SVR 6.1 WIN/LNX/SOLX64 T3 BAS B;;;;79;;
1;3;2094;1;1277,5149;1038,63;AE TSPP NBU MEDIA ENC ENT 6.1 WIN/LNX/ T3 BAS 12M S;20941218;;AE TSPP NBU MEDIA ENC ENT 6.1 WIN/LNX/ T3 BAS 12M S;AE TSPP NBU MEDIA ENC ENT 6.1 WIN/LNX/ T3 BAS 12M S;AE TSPP NBU MEDIA ENC ENT 6.1 WIN/LNX/ T3 BAS 12M S;AE TSPP NBU MEDIA ENC ENT 6.1 WIN/LNX/ T3 BAS 12M S;;;;79;;
1;3;2094;1;1632,3699;1327,13;GOVTSPP NBU MEDIA SVRENCR 6.1 WIN/LNX/ T3 ESS 12M S;20941220;;GOVTSPP NBU MEDIA SVRENCR 6.1 WIN/LNX/ T3 ESS 12M S;GOVTSPP NBU MEDIA SVRENCR 6.1 WIN/LNX/ T3 ESS 12M S;GOVTSPP NBU MEDIA SVRENCR 6.1 WIN/LNX/ T3 ESS 12M S;GOVTSPP NBU MEDIA SVRENCR 6.1 WIN/LNX/ T3 ESS 12M S;;;;79;;
1;3;2094;1;23953,3767;19474,29;REW NBU MSEO ENT SVR 6.1 UNX 1SVR T4 STD LIC B;20941221;;REW NBU MSEO ENT SVR 6.1 UNX 1SVR T4 STD LIC B;REW NBU MSEO ENT SVR 6.1 UNX 1SVR T4 STD LIC B;REW NBU MSEO ENT SVR 6.1 UNX 1SVR T4 STD LIC B;REW NBU MSEO ENT SVR 6.1 UNX 1SVR T4 STD LIC B;;;;79;;
1;3;2094;1;22755,7011;18500,57;REW NBU MSEO ENT SVR 6.1 UNX 1SVR T4 STD LIC C;20941222;;REW NBU MSEO ENT SVR 6.1 UNX 1SVR T4 STD LIC C;REW NBU MSEO ENT SVR 6.1 UNX 1SVR T4 STD LIC C;REW NBU MSEO ENT SVR 6.1 UNX 1SVR T4 STD LIC C;REW NBU MSEO ENT SVR 6.1 UNX 1SVR T4 STD LIC C;;;;79;;
1;3;2094;1;22755,7011;18500,57;REW NBU MSEO ENT SVR 6.1 UNX 1SVR T4 STD LIC D;20941223;;REW NBU MSEO ENT SVR 6.1 UNX 1SVR T4 STD LIC D;REW NBU MSEO ENT SVR 6.1 UNX 1SVR T4 STD LIC D;REW NBU MSEO ENT SVR 6.1 UNX 1SVR T4 STD LIC D;REW NBU MSEO ENT SVR 6.1 UNX 1SVR T4 STD LIC D;;;;79;;
1;3;2094;1;4311,6051;3505,37;GOVTSPP NBU MEDIA SVRENCR ENT 6.1 UNX T4 BAS 12M S;20941224;;GOVTSPP NBU MEDIA SVRENCR ENT 6.1 UNX T4 BAS 12M S;GOVTSPP NBU MEDIA SVRENCR ENT 6.1 UNX T4 BAS 12M S;GOVTSPP NBU MEDIA SVRENCR ENT 6.1 UNX T4 BAS 12M S;GOVTSPP NBU MEDIA SVRENCR ENT 6.1 UNX T4 BAS 12M S;;;;79;;
1;3;2094;1;4311,6051;3505,37;AE TSPP NBU MEDIA SVR ENC ENT 6.1 UNX T4 BAS 12M S;20941225;;AE TSPP NBU MEDIA SVR ENC ENT 6.1 UNX T4 BAS 12M S;AE TSPP NBU MEDIA SVR ENC ENT 6.1 UNX T4 BAS 12M S;AE TSPP NBU MEDIA SVR ENC ENT 6.1 UNX T4 BAS 12M S;AE TSPP NBU MEDIA SVR ENC ENT 6.1 UNX T4 BAS 12M S;;;;79;;
1;3;2094;1;10645,9452;8655,24;AE NBU MSEO ENT SVR 6.1 WIN/LNX/SOLX64 T4 LIC S;20941229;;AE NBU MSEO ENT SVR 6.1 WIN/LNX/SOLX64 T4 LIC S;AE NBU MSEO ENT SVR 6.1 WIN/LNX/SOLX64 T4 LIC S;AE NBU MSEO ENT SVR 6.1 WIN/LNX/SOLX64 T4 LIC S;AE NBU MSEO ENT SVR 6.1 WIN/LNX/SOLX64 T4 LIC S;;;;79;;
1;3;2094;1;2448,561;1990,7;GOVTSPP NBU MEDIA SVRENCR 6.1 WIN/LNX/ T4 ESS 12M S;20941231;;GOVTSPP NBU MEDIA SVRENCR 6.1 WIN/LNX/ T4 ESS 12M S;GOVTSPP NBU MEDIA SVRENCR 6.1 WIN/LNX/ T4 ESS 12M S;GOVTSPP NBU MEDIA SVRENCR 6.1 WIN/LNX/ T4 ESS 12M S;GOVTSPP NBU MEDIA SVRENCR 6.1 WIN/LNX/ T4 ESS 12M S;;;;79;;
1;3;2094;1;2448,561;1990,7;EXPTSPP NBU MEDIA SVRENCR 6.1 WIN/LNX/ T4 ESS 12M S;20941232;;EXPTSPP NBU MEDIA SVRENCR 6.1 WIN/LNX/ T4 ESS 12M S;EXPTSPP NBU MEDIA SVRENCR 6.1 WIN/LNX/ T4 ESS 12M S;EXPTSPP NBU MEDIA SVRENCR 6.1 WIN/LNX/ T4 ESS 12M S;EXPTSPP NBU MEDIA SVRENCR 6.1 WIN/LNX/ T4 ESS 12M S;;;;79;;
1;3;2094;1;3988,2381;3242,47;REWTSPP NBU MEDIAENCR ENT SVR 6.1 UNX T4 BAS 12M E;20941233;;REWTSPP NBU MEDIAENCR ENT SVR 6.1 UNX T4 BAS 12M E;REWTSPP NBU MEDIAENCR ENT SVR 6.1 UNX T4 BAS 12M E;REWTSPP NBU MEDIAENCR ENT SVR 6.1 UNX T4 BAS 12M E;REWTSPP NBU MEDIAENCR ENT SVR 6.1 UNX T4 BAS 12M E;;;;79;;
1;3;2094;1;1632,3699;1327,13;REWTSPP NBU MEDIASVR ENCR ENT 6.1 WIN/ T3 ESS 12M B;20941236;;REWTSPP NBU MEDIASVR ENCR ENT 6.1 WIN/ T3 ESS 12M B;REWTSPP NBU MEDIASVR ENCR ENT 6.1 WIN/ T3 ESS 12M B;REWTSPP NBU MEDIASVR ENCR ENT 6.1 WIN/ T3 ESS 12M B;REWTSPP NBU MEDIASVR ENCR ENT 6.1 WIN/ T3 ESS 12M B;;;;79;;
1;3;2094;1;5417,3259;4404,33;REW NBU MSEO ENT SVR 6.1 UNX 1SVR T4 BAS D;20941237;;REW NBU MSEO ENT SVR 6.1 UNX 1SVR T4 BAS D;REW NBU MSEO ENT SVR 6.1 UNX 1SVR T4 BAS D;REW NBU MSEO ENT SVR 6.1 UNX 1SVR T4 BAS D;REW NBU MSEO ENT SVR 6.1 UNX 1SVR T4 BAS D;;;;79;;
1;3;2094;1;5702,4522;4636,14;GOV NBU MSEO ENT SVR 6.1 UNX 1SVR T4 BAS S;20941239;;GOV NBU MSEO ENT SVR 6.1 UNX 1SVR T4 BAS S;GOV NBU MSEO ENT SVR 6.1 UNX 1SVR T4 BAS S;GOV NBU MSEO ENT SVR 6.1 UNX 1SVR T4 BAS S;GOV NBU MSEO ENT SVR 6.1 UNX 1SVR T4 BAS S;;;;79;;
1;3;2094;1;7286,4708;5923,96;REW NBU MSEO ENT SVR 6.1 UNX 1SVR T4 ESS B;20941240;;REW NBU MSEO ENT SVR 6.1 UNX 1SVR T4 ESS B;REW NBU MSEO ENT SVR 6.1 UNX 1SVR T4 ESS B;REW NBU MSEO ENT SVR 6.1 UNX 1SVR T4 ESS B;REW NBU MSEO ENT SVR 6.1 UNX 1SVR T4 ESS B;;;;79;;
1;3;2094;1;7286,4708;5923,96;AE NBU MSEO ENT SVR 6.1 UNX 1SVR T4 ESS S;20941241;;AE NBU MSEO ENT SVR 6.1 UNX 1SVR T4 ESS S;AE NBU MSEO ENT SVR 6.1 UNX 1SVR T4 ESS S;AE NBU MSEO ENT SVR 6.1 UNX 1SVR T4 ESS S;AE NBU MSEO ENT SVR 6.1 UNX 1SVR T4 ESS S;;;;79;;
1;3;2094;1;4096,023;3330,1;REWTSPP NBU MEDIAENCR ENT SVR 6.1 UNX T4 BAS 12M C;20941242;;REWTSPP NBU MEDIAENCR ENT SVR 6.1 UNX T4 BAS 12M C;REWTSPP NBU MEDIAENCR ENT SVR 6.1 UNX T4 BAS 12M C;REWTSPP NBU MEDIAENCR ENT SVR 6.1 UNX T4 BAS 12M C;REWTSPP NBU MEDIAENCR ENT SVR 6.1 UNX T4 BAS 12M C;;;;79;;
1;3;2094;1;5509,2807;4479,09;AE TSPP NBU MEDIA SVR ENC ENT 6.1 UNX T4 ESS 12M S;20941243;;AE TSPP NBU MEDIA SVR ENC ENT 6.1 UNX T4 ESS 12M S;AE TSPP NBU MEDIA SVR ENC ENT 6.1 UNX T4 ESS 12M S;AE TSPP NBU MEDIA SVR ENC ENT 6.1 UNX T4 ESS 12M S;AE TSPP NBU MEDIA SVR ENC ENT 6.1 UNX T4 ESS 12M S;;;;79;;
1;3;2094;1;22156,8633;18013,71;REW NBU MSEO ENT SVR 6.1 UNX 1SVR T4 STD LIC E;20941244;;REW NBU MSEO ENT SVR 6.1 UNX 1SVR T4 STD LIC E;REW NBU MSEO ENT SVR 6.1 UNX 1SVR T4 STD LIC E;REW NBU MSEO ENT SVR 6.1 UNX 1SVR T4 STD LIC E;REW NBU MSEO ENT SVR 6.1 UNX 1SVR T4 STD LIC E;;;;79;;
1;3;2094;1;5417,3259;4404,33;REW NBU MSEO ENT SVR 6.1 UNX 1SVR T4 BAS C;20941245;;REW NBU MSEO ENT SVR 6.1 UNX 1SVR T4 BAS C;REW NBU MSEO ENT SVR 6.1 UNX 1SVR T4 BAS C;REW NBU MSEO ENT SVR 6.1 UNX 1SVR T4 BAS C;REW NBU MSEO ENT SVR 6.1 UNX 1SVR T4 BAS C;;;;79;;
1;3;2094;1;5702,4522;4636,14;EXP NBU MSEO ENT SVR 6.1 UNX 1SVR T4 BAS S;20941246;;EXP NBU MSEO ENT SVR 6.1 UNX 1SVR T4 BAS S;EXP NBU MSEO ENT SVR 6.1 UNX 1SVR T4 BAS S;EXP NBU MSEO ENT SVR 6.1 UNX 1SVR T4 BAS S;EXP NBU MSEO ENT SVR 6.1 UNX 1SVR T4 BAS S;;;;79;;
1;3;2094;1;6739,9941;5479,67;REW NBU MSEO ENT SVR 6.1 UNX 1SVR T4 ESS E;20941247;;REW NBU MSEO ENT SVR 6.1 UNX 1SVR T4 ESS E;REW NBU MSEO ENT SVR 6.1 UNX 1SVR T4 ESS E;REW NBU MSEO ENT SVR 6.1 UNX 1SVR T4 ESS E;REW NBU MSEO ENT SVR 6.1 UNX 1SVR T4 ESS E;;;;79;;
1;3;2094;1;5233,8099;4255,13;REWTSPP NBU MEDIAENCR ENT SVR 6.1 UNX T4 ESS 12M C;20941248;;REWTSPP NBU MEDIAENCR ENT SVR 6.1 UNX T4 ESS 12M C;REWTSPP NBU MEDIAENCR ENT SVR 6.1 UNX T4 ESS 12M C;REWTSPP NBU MEDIAENCR ENT SVR 6.1 UNX T4 ESS 12M C;REWTSPP NBU MEDIAENCR ENT SVR 6.1 UNX T4 ESS 12M C;;;;79;;
1;3;2094;1;5233,8099;4255,13;REWTSPP NBU MEDIAENCR ENT SVR 6.1 UNX T4 ESS 12M D;20941249;;REWTSPP NBU MEDIAENCR ENT SVR 6.1 UNX T4 ESS 12M D;REWTSPP NBU MEDIAENCR ENT SVR 6.1 UNX T4 ESS 12M D;REWTSPP NBU MEDIAENCR ENT SVR 6.1 UNX T4 ESS 12M D;REWTSPP NBU MEDIAENCR ENT SVR 6.1 UNX T4 ESS 12M D;;;;79;;
1;3;2094;1;5509,2807;4479,09;GOVTSPP NBU MEDIA SVRENCR ENT 6.1 UNX T4 ESS 12M S;20941250;;GOVTSPP NBU MEDIA SVRENCR ENT 6.1 UNX T4 ESS 12M S;GOVTSPP NBU MEDIA SVRENCR ENT 6.1 UNX T4 ESS 12M S;GOVTSPP NBU MEDIA SVRENCR ENT 6.1 UNX T4 ESS 12M S;GOVTSPP NBU MEDIA SVRENCR ENT 6.1 UNX T4 ESS 12M S;;;;79;;
1;3;2094;1;2534,415;2060,5;REW NBU MSEO ENT SVR 6.1 WIN/LNX/SOLX64 T4 BAS A;20941251=A1;;REW NBU MSEO ENT SVR 6.1 WIN/LNX/SOLX64 T4 BAS A;REW NBU MSEO ENT SVR 6.1 WIN/LNX/SOLX64 T4 BAS A;REW NBU MSEO ENT SVR 6.1 WIN/LNX/SOLX64 T4 BAS A;REW NBU MSEO ENT SVR 6.1 WIN/LNX/SOLX64 T4 BAS A;;;;79;;
1;3;2094;1;2407,7004;1957,48;REW NBU MSEO ENT SVR 6.1 WIN/LNX/SOLX64 T4 BAS D;20941252=A1;;REW NBU MSEO ENT SVR 6.1 WIN/LNX/SOLX64 T4 BAS D;REW NBU MSEO ENT SVR 6.1 WIN/LNX/SOLX64 T4 BAS D;REW NBU MSEO ENT SVR 6.1 WIN/LNX/SOLX64 T4 BAS D;REW NBU MSEO ENT SVR 6.1 WIN/LNX/SOLX64 T4 BAS D;;;;79;;
1;3;2094;1;2534,415;2060,5;GOV NBU MSEO ENT SVR 6.1 WIN/LNX/SOLX64 T4 BAS S;20941253;;GOV NBU MSEO ENT SVR 6.1 WIN/LNX/SOLX64 T4 BAS S;GOV NBU MSEO ENT SVR 6.1 WIN/LNX/SOLX64 T4 BAS S;GOV NBU MSEO ENT SVR 6.1 WIN/LNX/SOLX64 T4 BAS S;GOV NBU MSEO ENT SVR 6.1 WIN/LNX/SOLX64 T4 BAS S;;;;79;;
1;3;2094;1;2698,6938;2194,06;REW NBU MSEO ENT SVR 6.1 UNX 1SVR T1 ESS B;20941255;;REW NBU MSEO ENT SVR 6.1 UNX 1SVR T1 ESS B;REW NBU MSEO ENT SVR 6.1 UNX 1SVR T1 ESS B;REW NBU MSEO ENT SVR 6.1 UNX 1SVR T1 ESS B;REW NBU MSEO ENT SVR 6.1 UNX 1SVR T1 ESS B;;;;79;;
1;3;2094;1;2496,285;2029,5;REW NBU MSEO ENT SVR 6.1 UNX 1SVR T1 ESS E;20941256;;REW NBU MSEO ENT SVR 6.1 UNX 1SVR T1 ESS E;REW NBU MSEO ENT SVR 6.1 UNX 1SVR T1 ESS E;REW NBU MSEO ENT SVR 6.1 UNX 1SVR T1 ESS E;REW NBU MSEO ENT SVR 6.1 UNX 1SVR T1 ESS E;;;;79;;
1;3;2094;1;1887,435;1534,5;REWTSPP NBU MEDIAENCR ENT SVR 6.1 UNX T1 ESS 12M E;20941259;;REWTSPP NBU MEDIAENCR ENT SVR 6.1 UNX T1 ESS 12M E;REWTSPP NBU MEDIAENCR ENT SVR 6.1 UNX T1 ESS 12M E;REWTSPP NBU MEDIAENCR ENT SVR 6.1 UNX T1 ESS 12M E;REWTSPP NBU MEDIAENCR ENT SVR 6.1 UNX T1 ESS 12M E;;;;79;;
1;3;2094;1;4214,0169;3426,03;REW NBU MSEO ENT SVR 6.1 WIN/LNX/SOLX64 T1 LIC C;20941260=A1;;REW NBU MSEO ENT SVR 6.1 WIN/LNX/SOLX64 T1 LIC C;REW NBU MSEO ENT SVR 6.1 WIN/LNX/SOLX64 T1 LIC C;REW NBU MSEO ENT SVR 6.1 WIN/LNX/SOLX64 T1 LIC C;REW NBU MSEO ENT SVR 6.1 WIN/LNX/SOLX64 T1 LIC C;;;;79;;
1;3;2094;1;4103,1324;3335,88;REW NBU MSEO ENT SVR 6.1 WIN/LNX/SOLX64 T1 LIC E;20941261=A1;;REW NBU MSEO ENT SVR 6.1 WIN/LNX/SOLX64 T1 LIC E;REW NBU MSEO ENT SVR 6.1 WIN/LNX/SOLX64 T1 LIC E;REW NBU MSEO ENT SVR 6.1 WIN/LNX/SOLX64 T1 LIC E;REW NBU MSEO ENT SVR 6.1 WIN/LNX/SOLX64 T1 LIC E;;;;79;;
1;3;2094;1;976,8045;794,15;REW NBU MSEO ENT SVR 6.1 WIN/LNX/SOLX64 T1 BAS E;20941262=A1;;REW NBU MSEO ENT SVR 6.1 WIN/LNX/SOLX64 T1 BAS E;REW NBU MSEO ENT SVR 6.1 WIN/LNX/SOLX64 T1 BAS E;REW NBU MSEO ENT SVR 6.1 WIN/LNX/SOLX64 T1 BAS E;REW NBU MSEO ENT SVR 6.1 WIN/LNX/SOLX64 T1 BAS E;;;;79;;
1;3;2094;1;1056,0042;858,54;EXP NBU MSEO ENT SVR 6.1 WIN/LNX/SOLX64 T1 BAS S;20941263;;EXP NBU MSEO ENT SVR 6.1 WIN/LNX/SOLX64 T1 BAS S;EXP NBU MSEO ENT SVR 6.1 WIN/LNX/SOLX64 T1 BAS S;EXP NBU MSEO ENT SVR 6.1 WIN/LNX/SOLX64 T1 BAS S;EXP NBU MSEO ENT SVR 6.1 WIN/LNX/SOLX64 T1 BAS S;;;;79;;
1;3;2094;1;969,2277;787,99;REWTSPP NBU MEDIASVR ENCR ENT 6.1 WIN/ T1 ESS 12M D;20941264;;REWTSPP NBU MEDIASVR ENCR ENT 6.1 WIN/ T1 ESS 12M D;REWTSPP NBU MEDIASVR ENCR ENT 6.1 WIN/ T1 ESS 12M D;REWTSPP NBU MEDIASVR ENCR ENT 6.1 WIN/ T1 ESS 12M D;REWTSPP NBU MEDIASVR ENCR ENT 6.1 WIN/ T1 ESS 12M D;;;;79;;
1;3;2094;1;969,2277;787,99;REWTSPP NBU MEDIASVR ENCR ENT 6.1 WIN/ T1 ESS 12M C;20941266;;REWTSPP NBU MEDIASVR ENCR ENT 6.1 WIN/ T1 ESS 12M C;REWTSPP NBU MEDIASVR ENCR ENT 6.1 WIN/ T1 ESS 12M C;REWTSPP NBU MEDIASVR ENCR ENT 6.1 WIN/ T1 ESS 12M C;REWTSPP NBU MEDIASVR ENCR ENT 6.1 WIN/ T1 ESS 12M C;;;;79;;
1;3;2094;1;10956,4464;8907,68;REW NBU MSEO ENT SVR 6.1 UNX 1SVR T2 STD LIC D;20941267;;REW NBU MSEO ENT SVR 6.1 UNX 1SVR T2 STD LIC D;REW NBU MSEO ENT SVR 6.1 UNX 1SVR T2 STD LIC D;REW NBU MSEO ENT SVR 6.1 UNX 1SVR T2 STD LIC D;REW NBU MSEO ENT SVR 6.1 UNX 1SVR T2 STD LIC D;;;;79;;
1;3;2094;1;2652,6057;2156,59;EXPTSPP NBU MEDIA SVRENCR ENT 6.1 UNX T2 ESS 12M S;20941271;;EXPTSPP NBU MEDIA SVRENCR ENT 6.1 UNX T2 ESS 12M S;EXPTSPP NBU MEDIA SVRENCR ENT 6.1 UNX T2 ESS 12M S;EXPTSPP NBU MEDIA SVRENCR ENT 6.1 UNX T2 ESS 12M S;EXPTSPP NBU MEDIA SVRENCR ENT 6.1 UNX T2 ESS 12M S;;;;79;;
1;3;2094;1;4879,3854;3966,98;REW NBU MSEO ENT SVR 6.1 WIN/LNX/SOLX64 T2 LIC B;20941272=A1;;REW NBU MSEO ENT SVR 6.1 WIN/LNX/SOLX64 T2 LIC B;REW NBU MSEO ENT SVR 6.1 WIN/LNX/SOLX64 T2 LIC B;REW NBU MSEO ENT SVR 6.1 WIN/LNX/SOLX64 T2 LIC B;REW NBU MSEO ENT SVR 6.1 WIN/LNX/SOLX64 T2 LIC B;;;;79;;
1;3;2094;1;4635,4149;3768,63;REW NBU MSEO ENT SVR 6.1 WIN/LNX/SOLX64 T2 LIC C;20941273=A1;;REW NBU MSEO ENT SVR 6.1 WIN/LNX/SOLX64 T2 LIC C;REW NBU MSEO ENT SVR 6.1 WIN/LNX/SOLX64 T2 LIC C;REW NBU MSEO ENT SVR 6.1 WIN/LNX/SOLX64 T2 LIC C;REW NBU MSEO ENT SVR 6.1 WIN/LNX/SOLX64 T2 LIC C;;;;79;;
1;3;2094;1;3076,5006;2501,22;REW NBU MSEO ENT SVR 6.1 WIN/LNX/SOLX64 T4 ESS D;20941274=A1;;REW NBU MSEO ENT SVR 6.1 WIN/LNX/SOLX64 T4 ESS D;REW NBU MSEO ENT SVR 6.1 WIN/LNX/SOLX64 T4 ESS D;REW NBU MSEO ENT SVR 6.1 WIN/LNX/SOLX64 T4 ESS D;REW NBU MSEO ENT SVR 6.1 WIN/LNX/SOLX64 T4 ESS D;;;;79;;
1;3;2094;1;2995,542;2435,4;REW NBU MSEO ENT SVR 6.1 WIN/LNX/SOLX64 T4 ESS E;20941275=A1;;REW NBU MSEO ENT SVR 6.1 WIN/LNX/SOLX64 T4 ESS E;REW NBU MSEO ENT SVR 6.1 WIN/LNX/SOLX64 T4 ESS E;REW NBU MSEO ENT SVR 6.1 WIN/LNX/SOLX64 T4 ESS E;REW NBU MSEO ENT SVR 6.1 WIN/LNX/SOLX64 T4 ESS E;;;;79;;
1;3;2094;1;1916,2662;1557,94;AE TSPP NBU MEDIA ENC ENT 6.1 WIN/LNX/ T4 BAS 12M S;20941276;;AE TSPP NBU MEDIA ENC ENT 6.1 WIN/LNX/ T4 BAS 12M S;AE TSPP NBU MEDIA ENC ENT 6.1 WIN/LNX/ T4 BAS 12M S;AE TSPP NBU MEDIA ENC ENT 6.1 WIN/LNX/ T4 BAS 12M S;AE TSPP NBU MEDIA ENC ENT 6.1 WIN/LNX/ T4 BAS 12M S;;;;79;;
1;3;2094;1;2448,561;1990,7;REWTSPP NBU MEDIASVR ENCR ENT 6.1 WIN/ T4 ESS 12M B;20941279;;REWTSPP NBU MEDIASVR ENCR ENT 6.1 WIN/ T4 ESS 12M B;REWTSPP NBU MEDIASVR ENCR ENT 6.1 WIN/ T4 ESS 12M B;REWTSPP NBU MEDIASVR ENCR ENT 6.1 WIN/ T4 ESS 12M B;REWTSPP NBU MEDIASVR ENCR ENT 6.1 WIN/ T4 ESS 12M B;;;;79;;
1;3;2094;1;2448,561;1990,7;AE TSPP NBU MEDIA ENC ENT 6.1 WIN/LNX/ T4 ESS 12M S;20941280;;AE TSPP NBU MEDIA ENC ENT 6.1 WIN/LNX/ T4 ESS 12M S;AE TSPP NBU MEDIA ENC ENT 6.1 WIN/LNX/ T4 ESS 12M S;AE TSPP NBU MEDIA ENC ENT 6.1 WIN/LNX/ T4 ESS 12M S;AE TSPP NBU MEDIA ENC ENT 6.1 WIN/LNX/ T4 ESS 12M S;;;;79;;
1;3;2094;1;8871,621;7212,7;REW NBU MSEO ENT SVR 6.1 UNX 1SVR T1 STD LIC B;20941281;;REW NBU MSEO ENT SVR 6.1 UNX 1SVR T1 STD LIC B;REW NBU MSEO ENT SVR 6.1 UNX 1SVR T1 STD LIC B;REW NBU MSEO ENT SVR 6.1 UNX 1SVR T1 STD LIC B;REW NBU MSEO ENT SVR 6.1 UNX 1SVR T1 STD LIC B;;;;79;;
1;3;2094;1;8428,0461;6852,07;REW NBU MSEO ENT SVR 6.1 UNX 1SVR T1 STD LIC D;20941282;;REW NBU MSEO ENT SVR 6.1 UNX 1SVR T1 STD LIC D;REW NBU MSEO ENT SVR 6.1 UNX 1SVR T1 STD LIC D;REW NBU MSEO ENT SVR 6.1 UNX 1SVR T1 STD LIC D;REW NBU MSEO ENT SVR 6.1 UNX 1SVR T1 STD LIC D;;;;79;;
1;3;2094;1;2534,415;2060,5;EXP NBU MSEO ENT SVR 6.1 WIN/LNX/SOLX64 T4 BAS S;20941283;;EXP NBU MSEO ENT SVR 6.1 WIN/LNX/SOLX64 T4 BAS S;EXP NBU MSEO ENT SVR 6.1 WIN/LNX/SOLX64 T4 BAS S;EXP NBU MSEO ENT SVR 6.1 WIN/LNX/SOLX64 T4 BAS S;EXP NBU MSEO ENT SVR 6.1 WIN/LNX/SOLX64 T4 BAS S;;;;79;;
1;3;2094;1;1349,3346;1097,02;EXP NBU MSEO ENT SVR 6.1 WIN/LNX/SOLX64 T1 ESS S;20941284;;EXP NBU MSEO ENT SVR 6.1 WIN/LNX/SOLX64 T1 ESS S;EXP NBU MSEO ENT SVR 6.1 WIN/LNX/SOLX64 T1 ESS S;EXP NBU MSEO ENT SVR 6.1 WIN/LNX/SOLX64 T1 ESS S;EXP NBU MSEO ENT SVR 6.1 WIN/LNX/SOLX64 T1 ESS S;;;;79;;
1;3;2094;1;10668,1221;8673,27;REW NBU MSEO ENT SVR 6.1 UNX 1SVR T2 STD LIC E;20941288;;REW NBU MSEO ENT SVR 6.1 UNX 1SVR T2 STD LIC E;REW NBU MSEO ENT SVR 6.1 UNX 1SVR T2 STD LIC E;REW NBU MSEO ENT SVR 6.1 UNX 1SVR T2 STD LIC E;REW NBU MSEO ENT SVR 6.1 UNX 1SVR T2 STD LIC E;;;;79;;
1;3;2094;1;3245,1828;2638,36;REW NBU MSEO ENT SVR 6.1 UNX 1SVR T2 ESS E;20941289;;REW NBU MSEO ENT SVR 6.1 UNX 1SVR T2 ESS E;REW NBU MSEO ENT SVR 6.1 UNX 1SVR T2 ESS E;REW NBU MSEO ENT SVR 6.1 UNX 1SVR T2 ESS E;REW NBU MSEO ENT SVR 6.1 UNX 1SVR T2 ESS E;;;;79;;
1;3;2094;1;3508,2921;2852,27;EXP NBU MSEO ENT SVR 6.1 UNX 1SVR T2 ESS S;20941290;;EXP NBU MSEO ENT SVR 6.1 UNX 1SVR T2 ESS S;EXP NBU MSEO ENT SVR 6.1 UNX 1SVR T2 ESS S;EXP NBU MSEO ENT SVR 6.1 UNX 1SVR T2 ESS S;EXP NBU MSEO ENT SVR 6.1 UNX 1SVR T2 ESS S;;;;79;;
1;3;2094;1;1972,1574;1603,38;REWTSPP NBU MEDIAENCR ENT SVR 6.1 UNX T2 BAS 12M C;20941291;;REWTSPP NBU MEDIAENCR ENT SVR 6.1 UNX T2 BAS 12M C;REWTSPP NBU MEDIAENCR ENT SVR 6.1 UNX T2 BAS 12M C;REWTSPP NBU MEDIAENCR ENT SVR 6.1 UNX T2 BAS 12M C;REWTSPP NBU MEDIAENCR ENT SVR 6.1 UNX T2 BAS 12M C;;;;79;;
1;3;2094;1;2075,9571;1687,77;AE TSPP NBU MEDIA SVR ENC ENT 6.1 UNX T2 BAS 12M S;20941292;;AE TSPP NBU MEDIA SVR ENC ENT 6.1 UNX T2 BAS 12M S;AE TSPP NBU MEDIA SVR ENC ENT 6.1 UNX T2 BAS 12M S;AE TSPP NBU MEDIA SVR ENC ENT 6.1 UNX T2 BAS 12M S;AE TSPP NBU MEDIA SVR ENC ENT 6.1 UNX T2 BAS 12M S;;;;79;;
1;3;2094;1;1349,3346;1097,02;REW NBU MSEO ENT SVR 6.1 WIN/LNX/SOLX64 T1 ESS A;20941293=A1;;REW NBU MSEO ENT SVR 6.1 WIN/LNX/SOLX64 T1 ESS A;REW NBU MSEO ENT SVR 6.1 WIN/LNX/SOLX64 T1 ESS A;REW NBU MSEO ENT SVR 6.1 WIN/LNX/SOLX64 T1 ESS A;REW NBU MSEO ENT SVR 6.1 WIN/LNX/SOLX64 T1 ESS A;;;;79;;
1;3;2094;1;3508,2921;2852,27;AE NBU MSEO ENT SVR 6.1 UNX 1SVR T2 ESS S;20941296;;AE NBU MSEO ENT SVR 6.1 UNX 1SVR T2 ESS S;AE NBU MSEO ENT SVR 6.1 UNX 1SVR T2 ESS S;AE NBU MSEO ENT SVR 6.1 UNX 1SVR T2 ESS S;AE NBU MSEO ENT SVR 6.1 UNX 1SVR T2 ESS S;;;;79;;
1;3;2094;1;2652,6057;2156,59;GOVTSPP NBU MEDIA SVRENCR ENT 6.1 UNX T2 ESS 12M S;20941298;;GOVTSPP NBU MEDIA SVRENCR ENT 6.1 UNX T2 ESS 12M S;GOVTSPP NBU MEDIA SVRENCR ENT 6.1 UNX T2 ESS 12M S;GOVTSPP NBU MEDIA SVRENCR ENT 6.1 UNX T2 ESS 12M S;GOVTSPP NBU MEDIA SVRENCR ENT 6.1 UNX T2 ESS 12M S;;;;79;;
1;3;2094;1;1103,5314;897,18;REW NBU MSEO ENT SVR 6.1 WIN/LNX/SOLX64 T2 BAS D;20941299=A1;;REW NBU MSEO ENT SVR 6.1 WIN/LNX/SOLX64 T2 BAS D;REW NBU MSEO ENT SVR 6.1 WIN/LNX/SOLX64 T2 BAS D;REW NBU MSEO ENT SVR 6.1 WIN/LNX/SOLX64 T2 BAS D;REW NBU MSEO ENT SVR 6.1 WIN/LNX/SOLX64 T2 BAS D;;;;79;;
1;3;2094;1;1161,612;944,4;GOV NBU MSEO ENT SVR 6.1 WIN/LNX/SOLX64 T2 BAS S;20941301;;GOV NBU MSEO ENT SVR 6.1 WIN/LNX/SOLX64 T2 BAS S;GOV NBU MSEO ENT SVR 6.1 WIN/LNX/SOLX64 T2 BAS S;GOV NBU MSEO ENT SVR 6.1 WIN/LNX/SOLX64 T2 BAS S;GOV NBU MSEO ENT SVR 6.1 WIN/LNX/SOLX64 T2 BAS S;;;;79;;
1;3;2094;1;1484,2779;1206,73;GOV NBU MSEO ENT SVR 6.1 WIN/LNX/SOLX64 T2 ESS S;20941302;;GOV NBU MSEO ENT SVR 6.1 WIN/LNX/SOLX64 T2 ESS S;GOV NBU MSEO ENT SVR 6.1 WIN/LNX/SOLX64 T2 ESS S;GOV NBU MSEO ENT SVR 6.1 WIN/LNX/SOLX64 T2 ESS S;GOV NBU MSEO ENT SVR 6.1 WIN/LNX/SOLX64 T2 ESS S;;;;79;;
1;3;2094;1;8871,621;7212,7;AE NBU MSEO ENT SVR 6.1 UNX 1SVR T1 STD LIC S;20941303;;AE NBU MSEO ENT SVR 6.1 UNX 1SVR T1 STD LIC S;AE NBU MSEO ENT SVR 6.1 UNX 1SVR T1 STD LIC S;AE NBU MSEO ENT SVR 6.1 UNX 1SVR T1 STD LIC S;AE NBU MSEO ENT SVR 6.1 UNX 1SVR T1 STD LIC S;;;;79;;
1;3;2094;1;1953,6213;1588,31;REW NBU MSEO ENT SVR 6.1 UNX 1SVR T1 BAS E;20941304;;REW NBU MSEO ENT SVR 6.1 UNX 1SVR T1 BAS E;REW NBU MSEO ENT SVR 6.1 UNX 1SVR T1 BAS E;REW NBU MSEO ENT SVR 6.1 UNX 1SVR T1 BAS E;REW NBU MSEO ENT SVR 6.1 UNX 1SVR T1 BAS E;;;;79;;
1;3;2094;1;2563,7628;2084,36;REW NBU MSEO ENT SVR 6.1 UNX 1SVR T1 ESS C;20941305;;REW NBU MSEO ENT SVR 6.1 UNX 1SVR T1 ESS C;REW NBU MSEO ENT SVR 6.1 UNX 1SVR T1 ESS C;REW NBU MSEO ENT SVR 6.1 UNX 1SVR T1 ESS C;REW NBU MSEO ENT SVR 6.1 UNX 1SVR T1 ESS C;;;;79;;
1;3;2094;1;2563,7628;2084,36;REW NBU MSEO ENT SVR 6.1 UNX 1SVR T1 ESS D;20941306;;REW NBU MSEO ENT SVR 6.1 UNX 1SVR T1 ESS D;REW NBU MSEO ENT SVR 6.1 UNX 1SVR T1 ESS D;REW NBU MSEO ENT SVR 6.1 UNX 1SVR T1 ESS D;REW NBU MSEO ENT SVR 6.1 UNX 1SVR T1 ESS D;;;;79;;
1;3;2094;1;1517,0451;1233,37;REWTSPP NBU MEDIAENCR ENT SVR 6.1 UNX T1 BAS 12M D;20941307;;REWTSPP NBU MEDIAENCR ENT SVR 6.1 UNX T1 BAS 12M D;REWTSPP NBU MEDIAENCR ENT SVR 6.1 UNX T1 BAS 12M D;REWTSPP NBU MEDIAENCR ENT SVR 6.1 UNX T1 BAS 12M D;REWTSPP NBU MEDIAENCR ENT SVR 6.1 UNX T1 BAS 12M D;;;;79;;
1;3;2094;1;8871,621;7212,7;EXP NBU MSEO ENT SVR 6.1 UNX 1SVR T1 STD LIC S;20941309;;EXP NBU MSEO ENT SVR 6.1 UNX 1SVR T1 STD LIC S;EXP NBU MSEO ENT SVR 6.1 UNX 1SVR T1 STD LIC S;EXP NBU MSEO ENT SVR 6.1 UNX 1SVR T1 STD LIC S;EXP NBU MSEO ENT SVR 6.1 UNX 1SVR T1 STD LIC S;;;;79;;
1;3;2094;1;1161,612;944,4;REW NBU MSEO ENT SVR 6.1 WIN/LNX/SOLX64 T2 BAS A;20941317=A1;;REW NBU MSEO ENT SVR 6.1 WIN/LNX/SOLX64 T2 BAS A;REW NBU MSEO ENT SVR 6.1 WIN/LNX/SOLX64 T2 BAS A;REW NBU MSEO ENT SVR 6.1 WIN/LNX/SOLX64 T2 BAS A;REW NBU MSEO ENT SVR 6.1 WIN/LNX/SOLX64 T2 BAS A;;;;79;;
1;3;2094;1;1074,4911;873,57;REW NBU MSEO ENT SVR 6.1 WIN/LNX/SOLX64 T2 BAS E;20941318=A1;;REW NBU MSEO ENT SVR 6.1 WIN/LNX/SOLX64 T2 BAS E;REW NBU MSEO ENT SVR 6.1 WIN/LNX/SOLX64 T2 BAS E;REW NBU MSEO ENT SVR 6.1 WIN/LNX/SOLX64 T2 BAS E;REW NBU MSEO ENT SVR 6.1 WIN/LNX/SOLX64 T2 BAS E;;;;79;;
1;3;2094;1;1161,612;944,4;EXP NBU MSEO ENT SVR 6.1 WIN/LNX/SOLX64 T2 BAS S;20941319;;EXP NBU MSEO ENT SVR 6.1 WIN/LNX/SOLX64 T2 BAS S;EXP NBU MSEO ENT SVR 6.1 WIN/LNX/SOLX64 T2 BAS S;EXP NBU MSEO ENT SVR 6.1 WIN/LNX/SOLX64 T2 BAS S;EXP NBU MSEO ENT SVR 6.1 WIN/LNX/SOLX64 T2 BAS S;;;;79;;
1;3;2094;1;1484,2779;1206,73;REW NBU MSEO ENT SVR 6.1 WIN/LNX/SOLX64 T2 ESS A;20941320=A1;;REW NBU MSEO ENT SVR 6.1 WIN/LNX/SOLX64 T2 ESS A;REW NBU MSEO ENT SVR 6.1 WIN/LNX/SOLX64 T2 ESS A;REW NBU MSEO ENT SVR 6.1 WIN/LNX/SOLX64 T2 ESS A;REW NBU MSEO ENT SVR 6.1 WIN/LNX/SOLX64 T2 ESS A;;;;79;;
1;3;2094;1;1484,2779;1206,73;AE NBU MSEO ENT SVR 6.1 WIN/LNX/SOLX64 T2 ESS S;20941321;;AE NBU MSEO ENT SVR 6.1 WIN/LNX/SOLX64 T2 ESS S;AE NBU MSEO ENT SVR 6.1 WIN/LNX/SOLX64 T2 ESS S;AE NBU MSEO ENT SVR 6.1 WIN/LNX/SOLX64 T2 ESS S;AE NBU MSEO ENT SVR 6.1 WIN/LNX/SOLX64 T2 ESS S;;;;79;;
1;3;2094;1;878,2938;714,06;REWTSPP NBU MEDIASVR ENCR ENT 6.1 WIN/ T2 BAS 12M B;20941322;;REWTSPP NBU MEDIASVR ENCR ENT 6.1 WIN/ T2 BAS 12M B;REWTSPP NBU MEDIASVR ENCR ENT 6.1 WIN/ T2 BAS 12M B;REWTSPP NBU MEDIASVR ENCR ENT 6.1 WIN/ T2 BAS 12M B;REWTSPP NBU MEDIASVR ENCR ENT 6.1 WIN/ T2 BAS 12M B;;;;79;;
1;3;2094;1;5509,2807;4479,09;REWTSPP NBU MEDIAENCR ENT SVR 6.1 UNX T4 ESS 12M A;20941327;;REWTSPP NBU MEDIAENCR ENT SVR 6.1 UNX T4 ESS 12M A;REWTSPP NBU MEDIAENCR ENT SVR 6.1 UNX T4 ESS 12M A;REWTSPP NBU MEDIAENCR ENT SVR 6.1 UNX T4 ESS 12M A;REWTSPP NBU MEDIAENCR ENT SVR 6.1 UNX T4 ESS 12M A;;;;79;;
1;3;2094;1;5509,2807;4479,09;REWTSPP NBU MEDIAENCR ENT SVR 6.1 UNX T4 ESS 12M B;20941328;;REWTSPP NBU MEDIAENCR ENT SVR 6.1 UNX T4 ESS 12M B;REWTSPP NBU MEDIAENCR ENT SVR 6.1 UNX T4 ESS 12M B;REWTSPP NBU MEDIAENCR ENT SVR 6.1 UNX T4 ESS 12M B;REWTSPP NBU MEDIAENCR ENT SVR 6.1 UNX T4 ESS 12M B;;;;79;;
1;3;2094;1;10113,6504;8222,48;REW NBU MSEO ENT SVR 6.1 WIN/LNX/SOLX64 T4 LIC C;20941329=A1;;REW NBU MSEO ENT SVR 6.1 WIN/LNX/SOLX64 T4 LIC C;REW NBU MSEO ENT SVR 6.1 WIN/LNX/SOLX64 T4 LIC C;REW NBU MSEO ENT SVR 6.1 WIN/LNX/SOLX64 T4 LIC C;REW NBU MSEO ENT SVR 6.1 WIN/LNX/SOLX64 T4 LIC C;;;;79;;
1;3;2094;1;10645,9452;8655,24;EXP NBU MSEO ENT SVR 6.1 WIN/LNX/SOLX64 T4 LIC S;20941331;;EXP NBU MSEO ENT SVR 6.1 WIN/LNX/SOLX64 T4 LIC S;EXP NBU MSEO ENT SVR 6.1 WIN/LNX/SOLX64 T4 LIC S;EXP NBU MSEO ENT SVR 6.1 WIN/LNX/SOLX64 T4 LIC S;EXP NBU MSEO ENT SVR 6.1 WIN/LNX/SOLX64 T4 LIC S;;;;79;;
1;3;2094;1;2344,3431;1905,97;REW NBU MSEO ENT SVR 6.1 WIN/LNX/SOLX64 T4 BAS E;20941332=A1;;REW NBU MSEO ENT SVR 6.1 WIN/LNX/SOLX64 T4 BAS E;REW NBU MSEO ENT SVR 6.1 WIN/LNX/SOLX64 T4 BAS E;REW NBU MSEO ENT SVR 6.1 WIN/LNX/SOLX64 T4 BAS E;REW NBU MSEO ENT SVR 6.1 WIN/LNX/SOLX64 T4 BAS E;;;;79;;
1;3;2094;1;1938,4431;1575,97;REWTSPP NBU MEDIAENCR ENT SVR 6.1 UNX T1 ESS 12M C;20941333;;REWTSPP NBU MEDIAENCR ENT SVR 6.1 UNX T1 ESS 12M C;REWTSPP NBU MEDIAENCR ENT SVR 6.1 UNX T1 ESS 12M C;REWTSPP NBU MEDIAENCR ENT SVR 6.1 UNX T1 ESS 12M C;REWTSPP NBU MEDIAENCR ENT SVR 6.1 UNX T1 ESS 12M C;;;;79;;
1;3;2094;1;1003,2003;815,61;REW NBU MSEO ENT SVR 6.1 WIN/LNX/SOLX64 T1 BAS C;20941334=A1;;REW NBU MSEO ENT SVR 6.1 WIN/LNX/SOLX64 T1 BAS C;REW NBU MSEO ENT SVR 6.1 WIN/LNX/SOLX64 T1 BAS C;REW NBU MSEO ENT SVR 6.1 WIN/LNX/SOLX64 T1 BAS C;REW NBU MSEO ENT SVR 6.1 WIN/LNX/SOLX64 T1 BAS C;;;;79;;
1;3;2094;1;1281,8814;1042,18;REW NBU MSEO ENT SVR 6.1 WIN/LNX/SOLX64 T1 ESS D;20941335=A1;;REW NBU MSEO ENT SVR 6.1 WIN/LNX/SOLX64 T1 ESS D;REW NBU MSEO ENT SVR 6.1 WIN/LNX/SOLX64 T1 ESS D;REW NBU MSEO ENT SVR 6.1 WIN/LNX/SOLX64 T1 ESS D;REW NBU MSEO ENT SVR 6.1 WIN/LNX/SOLX64 T1 ESS D;;;;79;;
1;3;2094;1;798,4422;649,14;REWTSPP NBU MEDIASVR ENCR ENT 6.1 WIN/ T1 BAS 12M A;20941336;;REWTSPP NBU MEDIASVR ENCR ENT 6.1 WIN/ T1 BAS 12M A;REWTSPP NBU MEDIASVR ENCR ENT 6.1 WIN/ T1 BAS 12M A;REWTSPP NBU MEDIASVR ENCR ENT 6.1 WIN/ T1 BAS 12M A;REWTSPP NBU MEDIASVR ENCR ENT 6.1 WIN/ T1 BAS 12M A;;;;79;;
1;3;2094;1;1020,2358;829,46;REWTSPP NBU MEDIASVR ENCR ENT 6.1 WIN/ T1 ESS 12M B;20941340;;REWTSPP NBU MEDIASVR ENCR ENT 6.1 WIN/ T1 ESS 12M B;REWTSPP NBU MEDIASVR ENCR ENT 6.1 WIN/ T1 ESS 12M B;REWTSPP NBU MEDIASVR ENCR ENT 6.1 WIN/ T1 ESS 12M B;REWTSPP NBU MEDIASVR ENCR ENT 6.1 WIN/ T1 ESS 12M B;;;;79;;
1;3;2094;1;11533,1073;9376,51;REW NBU MSEO ENT SVR 6.1 UNX 1SVR T2 STD LIC A;20941341;;REW NBU MSEO ENT SVR 6.1 UNX 1SVR T2 STD LIC A;REW NBU MSEO ENT SVR 6.1 UNX 1SVR T2 STD LIC A;REW NBU MSEO ENT SVR 6.1 UNX 1SVR T2 STD LIC A;REW NBU MSEO ENT SVR 6.1 UNX 1SVR T2 STD LIC A;;;;79;;
1;3;2094;1;11533,1073;9376,51;GOV NBU MSEO ENT SVR 6.1 UNX 1SVR T2 STD LIC S;20941342;;GOV NBU MSEO ENT SVR 6.1 UNX 1SVR T2 STD LIC S;GOV NBU MSEO ENT SVR 6.1 UNX 1SVR T2 STD LIC S;GOV NBU MSEO ENT SVR 6.1 UNX 1SVR T2 STD LIC S;GOV NBU MSEO ENT SVR 6.1 UNX 1SVR T2 STD LIC S;;;;79;;
1;3;2094;1;1066,1517;866,79;REWTSPP NBU MEDIASVR ENCR ENT 6.1 WIN/ T2 ESS 12M C;20941347;;REWTSPP NBU MEDIASVR ENCR ENT 6.1 WIN/ T2 ESS 12M C;REWTSPP NBU MEDIASVR ENCR ENT 6.1 WIN/ T2 ESS 12M C;REWTSPP NBU MEDIASVR ENCR ENT 6.1 WIN/ T2 ESS 12M C;REWTSPP NBU MEDIASVR ENCR ENT 6.1 WIN/ T2 ESS 12M C;;;;79;;
1;3;2094;1;15081,7557;12261,59;EXP NBU MSEO ENT SVR 6.1 UNX 1SVR T3 STD LIC S;20941348;;EXP NBU MSEO ENT SVR 6.1 UNX 1SVR T3 STD LIC S;EXP NBU MSEO ENT SVR 6.1 UNX 1SVR T3 STD LIC S;EXP NBU MSEO ENT SVR 6.1 UNX 1SVR T3 STD LIC S;EXP NBU MSEO ENT SVR 6.1 UNX 1SVR T3 STD LIC S;;;;79;;
1;3;2094;1;3410,913;2773,1;REW NBU MSEO ENT SVR 6.1 UNX 1SVR T3 BAS D;20941349;;REW NBU MSEO ENT SVR 6.1 UNX 1SVR T3 BAS D;REW NBU MSEO ENT SVR 6.1 UNX 1SVR T3 BAS D;REW NBU MSEO ENT SVR 6.1 UNX 1SVR T3 BAS D;REW NBU MSEO ENT SVR 6.1 UNX 1SVR T3 BAS D;;;;79;;
1;3;2094;1;3590,4315;2919,05;GOV NBU MSEO ENT SVR 6.1 UNX 1SVR T3 BAS S;20941350;;GOV NBU MSEO ENT SVR 6.1 UNX 1SVR T3 BAS S;GOV NBU MSEO ENT SVR 6.1 UNX 1SVR T3 BAS S;GOV NBU MSEO ENT SVR 6.1 UNX 1SVR T3 BAS S;GOV NBU MSEO ENT SVR 6.1 UNX 1SVR T3 BAS S;;;;79;;
1;3;2094;1;3590,4315;2919,05;EXP NBU MSEO ENT SVR 6.1 UNX 1SVR T3 BAS S;20941351;;EXP NBU MSEO ENT SVR 6.1 UNX 1SVR T3 BAS S;EXP NBU MSEO ENT SVR 6.1 UNX 1SVR T3 BAS S;EXP NBU MSEO ENT SVR 6.1 UNX 1SVR T3 BAS S;EXP NBU MSEO ENT SVR 6.1 UNX 1SVR T3 BAS S;;;;79;;
1;3;2094;1;4587,777;3729,9;AE NBU MSEO ENT SVR 6.1 UNX 1SVR T3 ESS S;20941352;;AE NBU MSEO ENT SVR 6.1 UNX 1SVR T3 ESS S;AE NBU MSEO ENT SVR 6.1 UNX 1SVR T3 ESS S;AE NBU MSEO ENT SVR 6.1 UNX 1SVR T3 ESS S;AE NBU MSEO ENT SVR 6.1 UNX 1SVR T3 ESS S;;;;79;;
1;3;2094;1;1820,4615;1480,05;REWTSPP NBU MEDIASVR ENCR ENT 6.1 WIN/ T4 BAS 12M C;20941353;;REWTSPP NBU MEDIASVR ENCR ENT 6.1 WIN/ T4 BAS 12M C;REWTSPP NBU MEDIASVR ENCR ENT 6.1 WIN/ T4 BAS 12M C;REWTSPP NBU MEDIASVR ENCR ENT 6.1 WIN/ T4 BAS 12M C;REWTSPP NBU MEDIASVR ENCR ENT 6.1 WIN/ T4 BAS 12M C;;;;79;;
1;3;2094;1;1916,2662;1557,94;GOVTSPP NBU MEDIA SVRENCR 6.1 WIN/LNX/ T4 BAS 12M S;20941354;;GOVTSPP NBU MEDIA SVRENCR 6.1 WIN/LNX/ T4 BAS 12M S;GOVTSPP NBU MEDIA SVRENCR 6.1 WIN/LNX/ T4 BAS 12M S;GOVTSPP NBU MEDIA SVRENCR 6.1 WIN/LNX/ T4 BAS 12M S;GOVTSPP NBU MEDIA SVRENCR 6.1 WIN/LNX/ T4 BAS 12M S;;;;79;;
1;3;2094;1;3238,4301;2632,87;REW NBU MSEO ENT SVR 6.1 WIN/LNX/SOLX64 T4 ESS A;20941358=A1;;REW NBU MSEO ENT SVR 6.1 WIN/LNX/SOLX64 T4 ESS A;REW NBU MSEO ENT SVR 6.1 WIN/LNX/SOLX64 T4 ESS A;REW NBU MSEO ENT SVR 6.1 WIN/LNX/SOLX64 T4 ESS A;REW NBU MSEO ENT SVR 6.1 WIN/LNX/SOLX64 T4 ESS A;;;;79;;
1;3;2094;1;2326,1391;1891,17;REWTSPP NBU MEDIASVR ENCR ENT 6.1 WIN/ T4 ESS 12M D;20941361;;REWTSPP NBU MEDIASVR ENCR ENT 6.1 WIN/ T4 ESS 12M D;REWTSPP NBU MEDIASVR ENCR ENT 6.1 WIN/ T4 ESS 12M D;REWTSPP NBU MEDIASVR ENCR ENT 6.1 WIN/ T4 ESS 12M D;REWTSPP NBU MEDIASVR ENCR ENT 6.1 WIN/ T4 ESS 12M D;;;;79;;
1;3;2094;1;2264,922;1841,4;REWTSPP NBU MEDIASVR ENCR ENT 6.1 WIN/ T4 ESS 12M E;20941362;;REWTSPP NBU MEDIASVR ENCR ENT 6.1 WIN/ T4 ESS 12M E;REWTSPP NBU MEDIASVR ENCR ENT 6.1 WIN/ T4 ESS 12M E;REWTSPP NBU MEDIASVR ENCR ENT 6.1 WIN/ T4 ESS 12M E;REWTSPP NBU MEDIASVR ENCR ENT 6.1 WIN/ T4 ESS 12M E;;;;79;;
1;3;2094;1;2539,6917;2064,79;REW NBU MSEO ENT SVR 6.1 UNX 1SVR T2 BAS E;20941363;;REW NBU MSEO ENT SVR 6.1 UNX 1SVR T2 BAS E;REW NBU MSEO ENT SVR 6.1 UNX 1SVR T2 BAS E;REW NBU MSEO ENT SVR 6.1 UNX 1SVR T2 BAS E;REW NBU MSEO ENT SVR 6.1 UNX 1SVR T2 BAS E;;;;79;;
1;3;2094;1;2745,6306;2232,22;AE NBU MSEO ENT SVR 6.1 UNX 1SVR T2 BAS S;20941365;;AE NBU MSEO ENT SVR 6.1 UNX 1SVR T2 BAS S;AE NBU MSEO ENT SVR 6.1 UNX 1SVR T2 BAS S;AE NBU MSEO ENT SVR 6.1 UNX 1SVR T2 BAS S;AE NBU MSEO ENT SVR 6.1 UNX 1SVR T2 BAS S;;;;79;;
1;3;2094;1;3508,2921;2852,27;REW NBU MSEO ENT SVR 6.1 UNX 1SVR T2 ESS B;20941366;;REW NBU MSEO ENT SVR 6.1 UNX 1SVR T2 ESS B;REW NBU MSEO ENT SVR 6.1 UNX 1SVR T2 ESS B;REW NBU MSEO ENT SVR 6.1 UNX 1SVR T2 ESS B;REW NBU MSEO ENT SVR 6.1 UNX 1SVR T2 ESS B;;;;79;;
1;3;2094;1;2714,7207;2207,09;REWTSPP NBU MEDIAENCR ENT SVR 6.1 UNX T3 BAS 12M A;20941373;;REWTSPP NBU MEDIAENCR ENT SVR 6.1 UNX T3 BAS 12M A;REWTSPP NBU MEDIAENCR ENT SVR 6.1 UNX T3 BAS 12M A;REWTSPP NBU MEDIAENCR ENT SVR 6.1 UNX T3 BAS 12M A;REWTSPP NBU MEDIAENCR ENT SVR 6.1 UNX T3 BAS 12M A;;;;79;;
1;3;2094;1;2578,9779;2096,73;REWTSPP NBU MEDIAENCR ENT SVR 6.1 UNX T3 BAS 12M C;20941374;;REWTSPP NBU MEDIAENCR ENT SVR 6.1 UNX T3 BAS 12M C;REWTSPP NBU MEDIAENCR ENT SVR 6.1 UNX T3 BAS 12M C;REWTSPP NBU MEDIAENCR ENT SVR 6.1 UNX T3 BAS 12M C;REWTSPP NBU MEDIAENCR ENT SVR 6.1 UNX T3 BAS 12M C;;;;79;;
1;3;2094;1;3468,8091;2820,17;EXPTSPP NBU MEDIA SVRENCR ENT 6.1 UNX T3 ESS 12M S;20941379;;EXPTSPP NBU MEDIA SVRENCR ENT 6.1 UNX T3 ESS 12M S;EXPTSPP NBU MEDIA SVRENCR ENT 6.1 UNX T3 ESS 12M S;EXPTSPP NBU MEDIA SVRENCR ENT 6.1 UNX T3 ESS 12M S;EXPTSPP NBU MEDIA SVRENCR ENT 6.1 UNX T3 ESS 12M S;;;;79;;
1;3;2094;1;6564,9897;5337,39;REW NBU MSEO ENT SVR 6.1 WIN/LNX/SOLX64 T3 LIC E;20941380=A1;;REW NBU MSEO ENT SVR 6.1 WIN/LNX/SOLX64 T3 LIC E;REW NBU MSEO ENT SVR 6.1 WIN/LNX/SOLX64 T3 LIC E;REW NBU MSEO ENT SVR 6.1 WIN/LNX/SOLX64 T3 LIC E;REW NBU MSEO ENT SVR 6.1 WIN/LNX/SOLX64 T3 LIC E;;;;79;;
1;3;2094;1;1605,1377;1304,99;REW NBU MSEO ENT SVR 6.1 WIN/LNX/SOLX64 T3 BAS C;20941382=A1;;REW NBU MSEO ENT SVR 6.1 WIN/LNX/SOLX64 T3 BAS C;REW NBU MSEO ENT SVR 6.1 WIN/LNX/SOLX64 T3 BAS C;REW NBU MSEO ENT SVR 6.1 WIN/LNX/SOLX64 T3 BAS C;REW NBU MSEO ENT SVR 6.1 WIN/LNX/SOLX64 T3 BAS C;;;;79;;
1;3;2094;1;1820,4615;1480,05;REWTSPP NBU MEDIASVR ENCR ENT 6.1 WIN/ T4 BAS 12M D;20941383;;REWTSPP NBU MEDIASVR ENCR ENT 6.1 WIN/ T4 BAS 12M D;REWTSPP NBU MEDIASVR ENCR ENT 6.1 WIN/ T4 BAS 12M D;REWTSPP NBU MEDIASVR ENCR ENT 6.1 WIN/ T4 BAS 12M D;REWTSPP NBU MEDIASVR ENCR ENT 6.1 WIN/ T4 BAS 12M D;;;;79;;
1;3;2094;1;2112,0207;1717,09;REW NBU MSEO ENT SVR 6.1 UNX 1SVR T1 BAS B;20941386;;REW NBU MSEO ENT SVR 6.1 UNX 1SVR T1 BAS B;REW NBU MSEO ENT SVR 6.1 UNX 1SVR T1 BAS B;REW NBU MSEO ENT SVR 6.1 UNX 1SVR T1 BAS B;REW NBU MSEO ENT SVR 6.1 UNX 1SVR T1 BAS B;;;;79;;
1;3;2094;1;14327,6673;11648,51;REW NBU MSEO ENT SVR 6.1 UNX 1SVR T3 STD LIC C;20941391;;REW NBU MSEO ENT SVR 6.1 UNX 1SVR T3 STD LIC C;REW NBU MSEO ENT SVR 6.1 UNX 1SVR T3 STD LIC C;REW NBU MSEO ENT SVR 6.1 UNX 1SVR T3 STD LIC C;REW NBU MSEO ENT SVR 6.1 UNX 1SVR T3 STD LIC C;;;;79;;
1;3;2094;1;2714,7207;2207,09;GOVTSPP NBU MEDIA SVRENCR ENT 6.1 UNX T3 BAS 12M S;20941392;;GOVTSPP NBU MEDIA SVRENCR ENT 6.1 UNX T3 BAS 12M S;GOVTSPP NBU MEDIA SVRENCR ENT 6.1 UNX T3 BAS 12M S;GOVTSPP NBU MEDIA SVRENCR ENT 6.1 UNX T3 BAS 12M S;GOVTSPP NBU MEDIA SVRENCR ENT 6.1 UNX T3 BAS 12M S;;;;79;;
1;3;2094;1;1605,1377;1304,99;REW NBU MSEO ENT SVR 6.1 WIN/LNX/SOLX64 T3 BAS D;20941395=A1;;REW NBU MSEO ENT SVR 6.1 WIN/LNX/SOLX64 T3 BAS D;REW NBU MSEO ENT SVR 6.1 WIN/LNX/SOLX64 T3 BAS D;REW NBU MSEO ENT SVR 6.1 WIN/LNX/SOLX64 T3 BAS D;REW NBU MSEO ENT SVR 6.1 WIN/LNX/SOLX64 T3 BAS D;;;;79;;
1;3;2094;1;2158,9575;1755,25;AE NBU MSEO ENT SVR 6.1 WIN/LNX/SOLX64 T3 ESS S;20941396;;AE NBU MSEO ENT SVR 6.1 WIN/LNX/SOLX64 T3 ESS S;AE NBU MSEO ENT SVR 6.1 WIN/LNX/SOLX64 T3 ESS S;AE NBU MSEO ENT SVR 6.1 WIN/LNX/SOLX64 T3 ESS S;AE NBU MSEO ENT SVR 6.1 WIN/LNX/SOLX64 T3 ESS S;;;;79;;
1;3;2094;1;2519,9748;2048,76;REWTSPP NBU MEDIAENCR ENT SVR 6.1 UNX T2 ESS 12M D;20941397;;REWTSPP NBU MEDIAENCR ENT SVR 6.1 UNX T2 ESS 12M D;REWTSPP NBU MEDIAENCR ENT SVR 6.1 UNX T2 ESS 12M D;REWTSPP NBU MEDIAENCR ENT SVR 6.1 UNX T2 ESS 12M D;REWTSPP NBU MEDIAENCR ENT SVR 6.1 UNX T2 ESS 12M D;;;;79;;
1;3;2094;1;2453,6778;1994,86;REWTSPP NBU MEDIAENCR ENT SVR 6.1 UNX T2 ESS 12M E;20941398;;REWTSPP NBU MEDIAENCR ENT SVR 6.1 UNX T2 ESS 12M E;REWTSPP NBU MEDIAENCR ENT SVR 6.1 UNX T2 ESS 12M E;REWTSPP NBU MEDIAENCR ENT SVR 6.1 UNX T2 ESS 12M E;REWTSPP NBU MEDIAENCR ENT SVR 6.1 UNX T2 ESS 12M E;;;;79;;
1;3;2094;1;4879,3854;3966,98;AE NBU MSEO ENT SVR 6.1 WIN/LNX/SOLX64 T2 LIC S;20941399;;AE NBU MSEO ENT SVR 6.1 WIN/LNX/SOLX64 T2 LIC S;AE NBU MSEO ENT SVR 6.1 WIN/LNX/SOLX64 T2 LIC S;AE NBU MSEO ENT SVR 6.1 WIN/LNX/SOLX64 T2 LIC S;AE NBU MSEO ENT SVR 6.1 WIN/LNX/SOLX64 T2 LIC S;;;;79;;
1;3;2094;1;1484,2779;1206,73;REW NBU MSEO ENT SVR 6.1 WIN/LNX/SOLX64 T2 ESS B;20941400=A1;;REW NBU MSEO ENT SVR 6.1 WIN/LNX/SOLX64 T2 ESS B;REW NBU MSEO ENT SVR 6.1 WIN/LNX/SOLX64 T2 ESS B;REW NBU MSEO ENT SVR 6.1 WIN/LNX/SOLX64 T2 ESS B;REW NBU MSEO ENT SVR 6.1 WIN/LNX/SOLX64 T2 ESS B;;;;79;;
1;3;2094;1;834,3705;678,35;REWTSPP NBU MEDIASVR ENCR ENT 6.1 WIN/ T2 BAS 12M C;20941401;;REWTSPP NBU MEDIASVR ENCR ENT 6.1 WIN/ T2 BAS 12M C;REWTSPP NBU MEDIASVR ENCR ENT 6.1 WIN/ T2 BAS 12M C;REWTSPP NBU MEDIASVR ENCR ENT 6.1 WIN/ T2 BAS 12M C;REWTSPP NBU MEDIASVR ENCR ENT 6.1 WIN/ T2 BAS 12M C;;;;79;;
1;3;2094;1;878,2938;714,06;EXPTSPP NBU MEDIA SVRENCR 6.1 WIN/LNX/ T2 BAS 12M S;20941402;;EXPTSPP NBU MEDIA SVRENCR 6.1 WIN/LNX/ T2 BAS 12M S;EXPTSPP NBU MEDIA SVRENCR 6.1 WIN/LNX/ T2 BAS 12M S;EXPTSPP NBU MEDIA SVRENCR 6.1 WIN/LNX/ T2 BAS 12M S;EXPTSPP NBU MEDIA SVRENCR 6.1 WIN/LNX/ T2 BAS 12M S;;;;79;;
1;3;2094;1;15081,7557;12261,59;GOV NBU MSEO ENT SVR 6.1 UNX 1SVR T3 STD LIC S;20941405;;GOV NBU MSEO ENT SVR 6.1 UNX 1SVR T3 STD LIC S;GOV NBU MSEO ENT SVR 6.1 UNX 1SVR T3 STD LIC S;GOV NBU MSEO ENT SVR 6.1 UNX 1SVR T3 STD LIC S;GOV NBU MSEO ENT SVR 6.1 UNX 1SVR T3 STD LIC S;;;;79;;
1;3;2094;1;15081,7557;12261,59;AE NBU MSEO ENT SVR 6.1 UNX 1SVR T3 STD LIC S;20941406;;AE NBU MSEO ENT SVR 6.1 UNX 1SVR T3 STD LIC S;AE NBU MSEO ENT SVR 6.1 UNX 1SVR T3 STD LIC S;AE NBU MSEO ENT SVR 6.1 UNX 1SVR T3 STD LIC S;AE NBU MSEO ENT SVR 6.1 UNX 1SVR T3 STD LIC S;;;;79;;
1;3;2094;1;2051,0004;1667,48;REW NBU MSEO ENT SVR 6.1 WIN/LNX/SOLX64 T3 ESS D;20941407=A1;;REW NBU MSEO ENT SVR 6.1 WIN/LNX/SOLX64 T3 ESS D;REW NBU MSEO ENT SVR 6.1 WIN/LNX/SOLX64 T3 ESS D;REW NBU MSEO ENT SVR 6.1 WIN/LNX/SOLX64 T3 ESS D;REW NBU MSEO ENT SVR 6.1 WIN/LNX/SOLX64 T3 ESS D;;;;79;;
1;3;2094;1;1277,5149;1038,63;REWTSPP NBU MEDIASVR ENCR ENT 6.1 WIN/ T3 BAS 12M B;20941408;;REWTSPP NBU MEDIASVR ENCR ENT 6.1 WIN/ T3 BAS 12M B;REWTSPP NBU MEDIASVR ENCR ENT 6.1 WIN/ T3 BAS 12M B;REWTSPP NBU MEDIASVR ENCR ENT 6.1 WIN/ T3 BAS 12M B;REWTSPP NBU MEDIASVR ENCR ENT 6.1 WIN/ T3 BAS 12M B;;;;79;;
1;3;2094;1;1632,3699;1327,13;REWTSPP NBU MEDIASVR ENCR ENT 6.1 WIN/ T3 ESS 12M A;20941412;;REWTSPP NBU MEDIASVR ENCR ENT 6.1 WIN/ T3 ESS 12M A;REWTSPP NBU MEDIASVR ENCR ENT 6.1 WIN/ T3 ESS 12M A;REWTSPP NBU MEDIASVR ENCR ENT 6.1 WIN/ T3 ESS 12M A;REWTSPP NBU MEDIASVR ENCR ENT 6.1 WIN/ T3 ESS 12M A;;;;79;;
1;3;2094;1;23953,3767;19474,29;GOV NBU MSEO ENT SVR 6.1 UNX 1SVR T4 STD LIC S;20941413;;GOV NBU MSEO ENT SVR 6.1 UNX 1SVR T4 STD LIC S;GOV NBU MSEO ENT SVR 6.1 UNX 1SVR T4 STD LIC S;GOV NBU MSEO ENT SVR 6.1 UNX 1SVR T4 STD LIC S;GOV NBU MSEO ENT SVR 6.1 UNX 1SVR T4 STD LIC S;;;;79;;
1;3;2094;1;5702,4522;4636,14;REW NBU MSEO ENT SVR 6.1 UNX 1SVR T4 BAS B;20941414;;REW NBU MSEO ENT SVR 6.1 UNX 1SVR T4 BAS B;REW NBU MSEO ENT SVR 6.1 UNX 1SVR T4 BAS B;REW NBU MSEO ENT SVR 6.1 UNX 1SVR T4 BAS B;REW NBU MSEO ENT SVR 6.1 UNX 1SVR T4 BAS B;;;;79;;
1;3;2094;1;7286,4708;5923,96;REW NBU MSEO ENT SVR 6.1 UNX 1SVR T4 ESS A;20941415;;REW NBU MSEO ENT SVR 6.1 UNX 1SVR T4 ESS A;REW NBU MSEO ENT SVR 6.1 UNX 1SVR T4 ESS A;REW NBU MSEO ENT SVR 6.1 UNX 1SVR T4 ESS A;REW NBU MSEO ENT SVR 6.1 UNX 1SVR T4 ESS A;;;;79;;
1;3;2094;1;1689,6141;1373,67;EXP NBU MSEO ENT SVR 6.1 WIN/LNX/SOLX64 T3 BAS S;20941416;;EXP NBU MSEO ENT SVR 6.1 WIN/LNX/SOLX64 T3 BAS S;EXP NBU MSEO ENT SVR 6.1 WIN/LNX/SOLX64 T3 BAS S;EXP NBU MSEO ENT SVR 6.1 WIN/LNX/SOLX64 T3 BAS S;EXP NBU MSEO ENT SVR 6.1 WIN/LNX/SOLX64 T3 BAS S;;;;79;;
1;3;2094;1;2006,4129;1631,23;REW NBU MSEO ENT SVR 6.1 UNX 1SVR T1 BAS C;20941417;;REW NBU MSEO ENT SVR 6.1 UNX 1SVR T1 BAS C;REW NBU MSEO ENT SVR 6.1 UNX 1SVR T1 BAS C;REW NBU MSEO ENT SVR 6.1 UNX 1SVR T1 BAS C;REW NBU MSEO ENT SVR 6.1 UNX 1SVR T1 BAS C;;;;79;;
1;3;2094;1;2698,6938;2194,06;EXP NBU MSEO ENT SVR 6.1 UNX 1SVR T1 ESS S;20941418;;EXP NBU MSEO ENT SVR 6.1 UNX 1SVR T1 ESS S;EXP NBU MSEO ENT SVR 6.1 UNX 1SVR T1 ESS S;EXP NBU MSEO ENT SVR 6.1 UNX 1SVR T1 ESS S;EXP NBU MSEO ENT SVR 6.1 UNX 1SVR T1 ESS S;;;;79;;
1;3;2094;1;2698,6938;2194,06;AE NBU MSEO ENT SVR 6.1 UNX 1SVR T1 ESS S;20941419;;AE NBU MSEO ENT SVR 6.1 UNX 1SVR T1 ESS S;AE NBU MSEO ENT SVR 6.1 UNX 1SVR T1 ESS S;AE NBU MSEO ENT SVR 6.1 UNX 1SVR T1 ESS S;AE NBU MSEO ENT SVR 6.1 UNX 1SVR T1 ESS S;;;;79;;
1;3;2094;1;1056,0042;858,54;GOV NBU MSEO ENT SVR 6.1 WIN/LNX/SOLX64 T1 BAS S;20941423;;GOV NBU MSEO ENT SVR 6.1 WIN/LNX/SOLX64 T1 BAS S;GOV NBU MSEO ENT SVR 6.1 WIN/LNX/SOLX64 T1 BAS S;GOV NBU MSEO ENT SVR 6.1 WIN/LNX/SOLX64 T1 BAS S;GOV NBU MSEO ENT SVR 6.1 WIN/LNX/SOLX64 T1 BAS S;;;;79;;
1;3;2094;1;758,5287;616,69;REWTSPP NBU MEDIASVR ENCR ENT 6.1 WIN/ T1 BAS 12M C;20941424;;REWTSPP NBU MEDIASVR ENCR ENT 6.1 WIN/ T1 BAS 12M C;REWTSPP NBU MEDIASVR ENCR ENT 6.1 WIN/ T1 BAS 12M C;REWTSPP NBU MEDIASVR ENCR ENT 6.1 WIN/ T1 BAS 12M C;REWTSPP NBU MEDIASVR ENCR ENT 6.1 WIN/ T1 BAS 12M C;;;;79;;
1;3;2094;1;798,4422;649,14;GOVTSPP NBU MEDIA SVRENCR 6.1 WIN/LNX/ T1 BAS 12M S;20941425;;GOVTSPP NBU MEDIA SVRENCR 6.1 WIN/LNX/ T1 BAS 12M S;GOVTSPP NBU MEDIA SVRENCR 6.1 WIN/LNX/ T1 BAS 12M S;GOVTSPP NBU MEDIA SVRENCR 6.1 WIN/LNX/ T1 BAS 12M S;GOVTSPP NBU MEDIA SVRENCR 6.1 WIN/LNX/ T1 BAS 12M S;;;;79;;
1;3;2094;1;10645,9452;8655,24;REW NBU MSEO ENT SVR 6.1 WIN/LNX/SOLX64 T4 LIC A;20941430=A1;;REW NBU MSEO ENT SVR 6.1 WIN/LNX/SOLX64 T4 LIC A;REW NBU MSEO ENT SVR 6.1 WIN/LNX/SOLX64 T4 LIC A;REW NBU MSEO ENT SVR 6.1 WIN/LNX/SOLX64 T4 LIC A;REW NBU MSEO ENT SVR 6.1 WIN/LNX/SOLX64 T4 LIC A;;;;79;;
1;3;2094;1;2448,561;1990,7;REWTSPP NBU MEDIASVR ENCR ENT 6.1 WIN/ T4 ESS 12M A;20941431;;REWTSPP NBU MEDIASVR ENCR ENT 6.1 WIN/ T4 ESS 12M A;REWTSPP NBU MEDIASVR ENCR ENT 6.1 WIN/ T4 ESS 12M A;REWTSPP NBU MEDIASVR ENCR ENT 6.1 WIN/ T4 ESS 12M A;REWTSPP NBU MEDIASVR ENCR ENT 6.1 WIN/ T4 ESS 12M A;;;;79;;
1;3;2094;1;8428,0461;6852,07;REW NBU MSEO ENT SVR 6.1 UNX 1SVR T1 STD LIC C;20941433;;REW NBU MSEO ENT SVR 6.1 UNX 1SVR T1 STD LIC C;REW NBU MSEO ENT SVR 6.1 UNX 1SVR T1 STD LIC C;REW NBU MSEO ENT SVR 6.1 UNX 1SVR T1 STD LIC C;REW NBU MSEO ENT SVR 6.1 UNX 1SVR T1 STD LIC C;;;;79;;
1;3;2094;1;2006,4129;1631,23;REW NBU MSEO ENT SVR 6.1 UNX 1SVR T1 BAS D;20941434;;REW NBU MSEO ENT SVR 6.1 UNX 1SVR T1 BAS D;REW NBU MSEO ENT SVR 6.1 UNX 1SVR T1 BAS D;REW NBU MSEO ENT SVR 6.1 UNX 1SVR T1 BAS D;REW NBU MSEO ENT SVR 6.1 UNX 1SVR T1 BAS D;;;;79;;
1;3;2094;1;1477,1193;1200,91;REWTSPP NBU MEDIAENCR ENT SVR 6.1 UNX T1 BAS 12M E;20941435;;REWTSPP NBU MEDIAENCR ENT SVR 6.1 UNX T1 BAS 12M E;REWTSPP NBU MEDIAENCR ENT SVR 6.1 UNX T1 BAS 12M E;REWTSPP NBU MEDIAENCR ENT SVR 6.1 UNX T1 BAS 12M E;REWTSPP NBU MEDIAENCR ENT SVR 6.1 UNX T1 BAS 12M E;;;;79;;
1;3;2094;1;2511,1065;2041,55;REWTSPP NBU MEDIAENCR ENT SVR 6.1 UNX T3 BAS 12M E;20941436;;REWTSPP NBU MEDIAENCR ENT SVR 6.1 UNX T3 BAS 12M E;REWTSPP NBU MEDIAENCR ENT SVR 6.1 UNX T3 BAS 12M E;REWTSPP NBU MEDIAENCR ENT SVR 6.1 UNX T3 BAS 12M E;REWTSPP NBU MEDIAENCR ENT SVR 6.1 UNX T3 BAS 12M E;;;;79;;
1;3;2094;1;7097,2968;5770,16;REW NBU MSEO ENT SVR 6.1 WIN/LNX/SOLX64 T3 LIC A;20941439=A1;;REW NBU MSEO ENT SVR 6.1 WIN/LNX/SOLX64 T3 LIC A;REW NBU MSEO ENT SVR 6.1 WIN/LNX/SOLX64 T3 LIC A;REW NBU MSEO ENT SVR 6.1 WIN/LNX/SOLX64 T3 LIC A;REW NBU MSEO ENT SVR 6.1 WIN/LNX/SOLX64 T3 LIC A;;;;79;;
1;3;2094;1;2158,9575;1755,25;REW NBU MSEO ENT SVR 6.1 WIN/LNX/SOLX64 T3 ESS A;20941441=A1;;REW NBU MSEO ENT SVR 6.1 WIN/LNX/SOLX64 T3 ESS A;REW NBU MSEO ENT SVR 6.1 WIN/LNX/SOLX64 T3 ESS A;REW NBU MSEO ENT SVR 6.1 WIN/LNX/SOLX64 T3 ESS A;REW NBU MSEO ENT SVR 6.1 WIN/LNX/SOLX64 T3 ESS A;;;;79;;
1;3;2094;1;2158,9575;1755,25;REW NBU MSEO ENT SVR 6.1 WIN/LNX/SOLX64 T3 ESS B;20941442=A1;;REW NBU MSEO ENT SVR 6.1 WIN/LNX/SOLX64 T3 ESS B;REW NBU MSEO ENT SVR 6.1 WIN/LNX/SOLX64 T3 ESS B;REW NBU MSEO ENT SVR 6.1 WIN/LNX/SOLX64 T3 ESS B;REW NBU MSEO ENT SVR 6.1 WIN/LNX/SOLX64 T3 ESS B;;;;79;;
1;3;2094;1;4358,382;3543,4;REW NBU MSEO ENT SVR 6.1 UNX 1SVR T3 ESS C;20941443;;REW NBU MSEO ENT SVR 6.1 UNX 1SVR T3 ESS C;REW NBU MSEO ENT SVR 6.1 UNX 1SVR T3 ESS C;REW NBU MSEO ENT SVR 6.1 UNX 1SVR T3 ESS C;REW NBU MSEO ENT SVR 6.1 UNX 1SVR T3 ESS C;;;;79;;
1;3;2094;1;1997,0403;1623,61;REW NBU MSEO ENT SVR 6.1 WIN/LNX/SOLX64 T3 ESS E;20941444=A1;;REW NBU MSEO ENT SVR 6.1 WIN/LNX/SOLX64 T3 ESS E;REW NBU MSEO ENT SVR 6.1 WIN/LNX/SOLX64 T3 ESS E;REW NBU MSEO ENT SVR 6.1 WIN/LNX/SOLX64 T3 ESS E;REW NBU MSEO ENT SVR 6.1 WIN/LNX/SOLX64 T3 ESS E;;;;79;;
1;3;2094;1;4311,6051;3505,37;REWTSPP NBU MEDIAENCR ENT SVR 6.1 UNX T4 BAS 12M B;20941446;;REWTSPP NBU MEDIAENCR ENT SVR 6.1 UNX T4 BAS 12M B;REWTSPP NBU MEDIAENCR ENT SVR 6.1 UNX T4 BAS 12M B;REWTSPP NBU MEDIAENCR ENT SVR 6.1 UNX T4 BAS 12M B;REWTSPP NBU MEDIAENCR ENT SVR 6.1 UNX T4 BAS 12M B;;;;79;;
1;3;2094;1;4311,6051;3505,37;EXPTSPP NBU MEDIA SVRENCR ENT 6.1 UNX T4 BAS 12M S;20941447;;EXPTSPP NBU MEDIA SVRENCR ENT 6.1 UNX T4 BAS 12M S;EXPTSPP NBU MEDIA SVRENCR ENT 6.1 UNX T4 BAS 12M S;EXPTSPP NBU MEDIA SVRENCR ENT 6.1 UNX T4 BAS 12M S;EXPTSPP NBU MEDIA SVRENCR ENT 6.1 UNX T4 BAS 12M S;;;;79;;
1;3;2094;1;1916,2662;1557,94;REWTSPP NBU MEDIASVR ENCR ENT 6.1 WIN/ T4 BAS 12M A;20941454;;REWTSPP NBU MEDIASVR ENCR ENT 6.1 WIN/ T4 BAS 12M A;REWTSPP NBU MEDIASVR ENCR ENT 6.1 WIN/ T4 BAS 12M A;REWTSPP NBU MEDIASVR ENCR ENT 6.1 WIN/ T4 BAS 12M A;REWTSPP NBU MEDIASVR ENCR ENT 6.1 WIN/ T4 BAS 12M A;;;;79;;
1;3;2094;1;2112,0207;1717,09;AE NBU MSEO ENT SVR 6.1 UNX 1SVR T1 BAS S;20941456;;AE NBU MSEO ENT SVR 6.1 UNX 1SVR T1 BAS S;AE NBU MSEO ENT SVR 6.1 UNX 1SVR T1 BAS S;AE NBU MSEO ENT SVR 6.1 UNX 1SVR T1 BAS S;AE NBU MSEO ENT SVR 6.1 UNX 1SVR T1 BAS S;;;;79;;
1;3;2094;1;1596,8967;1298,29;REWTSPP NBU MEDIAENCR ENT SVR 6.1 UNX T1 BAS 12M B;20941458;;REWTSPP NBU MEDIAENCR ENT SVR 6.1 UNX T1 BAS 12M B;REWTSPP NBU MEDIAENCR ENT SVR 6.1 UNX T1 BAS 12M B;REWTSPP NBU MEDIAENCR ENT SVR 6.1 UNX T1 BAS 12M B;REWTSPP NBU MEDIAENCR ENT SVR 6.1 UNX T1 BAS 12M B;;;;79;;
1;3;2094;1;4435,8105;3606,35;REW NBU MSEO ENT SVR 6.1 WIN/LNX/SOLX64 T1 LIC B;20941461=A1;;REW NBU MSEO ENT SVR 6.1 WIN/LNX/SOLX64 T1 LIC B;REW NBU MSEO ENT SVR 6.1 WIN/LNX/SOLX64 T1 LIC B;REW NBU MSEO ENT SVR 6.1 WIN/LNX/SOLX64 T1 LIC B;REW NBU MSEO ENT SVR 6.1 WIN/LNX/SOLX64 T1 LIC B;;;;79;;
1;3;2094;1;1056,0042;858,54;REW NBU MSEO ENT SVR 6.1 WIN/LNX/SOLX64 T1 BAS B;20941462=A1;;REW NBU MSEO ENT SVR 6.1 WIN/LNX/SOLX64 T1 BAS B;REW NBU MSEO ENT SVR 6.1 WIN/LNX/SOLX64 T1 BAS B;REW NBU MSEO ENT SVR 6.1 WIN/LNX/SOLX64 T1 BAS B;REW NBU MSEO ENT SVR 6.1 WIN/LNX/SOLX64 T1 BAS B;;;;79;;
1;3;2094;1;1056,0042;858,54;AE NBU MSEO ENT SVR 6.1 WIN/LNX/SOLX64 T1 BAS S;20941463;;AE NBU MSEO ENT SVR 6.1 WIN/LNX/SOLX64 T1 BAS S;AE NBU MSEO ENT SVR 6.1 WIN/LNX/SOLX64 T1 BAS S;AE NBU MSEO ENT SVR 6.1 WIN/LNX/SOLX64 T1 BAS S;AE NBU MSEO ENT SVR 6.1 WIN/LNX/SOLX64 T1 BAS S;;;;79;;
1;3;2094;1;1349,3346;1097,02;GOV NBU MSEO ENT SVR 6.1 WIN/LNX/SOLX64 T1 ESS S;20941465;;GOV NBU MSEO ENT SVR 6.1 WIN/LNX/SOLX64 T1 ESS S;GOV NBU MSEO ENT SVR 6.1 WIN/LNX/SOLX64 T1 ESS S;GOV NBU MSEO ENT SVR 6.1 WIN/LNX/SOLX64 T1 ESS S;GOV NBU MSEO ENT SVR 6.1 WIN/LNX/SOLX64 T1 ESS S;;;;79;;
1;3;2094;1;1550,7594;1260,78;REWTSPP NBU MEDIASVR ENCR ENT 6.1 WIN/ T3 ESS 12M D;20941468;;REWTSPP NBU MEDIASVR ENCR ENT 6.1 WIN/ T3 ESS 12M D;REWTSPP NBU MEDIASVR ENCR ENT 6.1 WIN/ T3 ESS 12M D;REWTSPP NBU MEDIASVR ENCR ENT 6.1 WIN/ T3 ESS 12M D;REWTSPP NBU MEDIASVR ENCR ENT 6.1 WIN/ T3 ESS 12M D;;;;79;;
1;3;2094;1;1509,948;1227,6;REWTSPP NBU MEDIASVR ENCR ENT 6.1 WIN/ T3 ESS 12M E;20941469;;REWTSPP NBU MEDIASVR ENCR ENT 6.1 WIN/ T3 ESS 12M E;REWTSPP NBU MEDIASVR ENCR ENT 6.1 WIN/ T3 ESS 12M E;REWTSPP NBU MEDIASVR ENCR ENT 6.1 WIN/ T3 ESS 12M E;REWTSPP NBU MEDIASVR ENCR ENT 6.1 WIN/ T3 ESS 12M E;;;;79;;
1;3;2094;1;23953,3767;19474,29;REW NBU MSEO ENT SVR 6.1 UNX 1SVR T4 STD LIC A;20941471;;REW NBU MSEO ENT SVR 6.1 UNX 1SVR T4 STD LIC A;REW NBU MSEO ENT SVR 6.1 UNX 1SVR T4 STD LIC A;REW NBU MSEO ENT SVR 6.1 UNX 1SVR T4 STD LIC A;REW NBU MSEO ENT SVR 6.1 UNX 1SVR T4 STD LIC A;;;;79;;
1;3;2094;1;1020,2358;829,46;GOVTSPP NBU MEDIA SVRENCR 6.1 WIN/LNX/ T1 ESS 12M S;20941476;;GOVTSPP NBU MEDIA SVRENCR 6.1 WIN/LNX/ T1 ESS 12M S;GOVTSPP NBU MEDIA SVRENCR 6.1 WIN/LNX/ T1 ESS 12M S;GOVTSPP NBU MEDIA SVRENCR 6.1 WIN/LNX/ T1 ESS 12M S;GOVTSPP NBU MEDIA SVRENCR 6.1 WIN/LNX/ T1 ESS 12M S;;;;79;;
1;3;2094;1;10956,4464;8907,68;REW NBU MSEO ENT SVR 6.1 UNX 1SVR T2 STD LIC C;20941477;;REW NBU MSEO ENT SVR 6.1 UNX 1SVR T2 STD LIC C;REW NBU MSEO ENT SVR 6.1 UNX 1SVR T2 STD LIC C;REW NBU MSEO ENT SVR 6.1 UNX 1SVR T2 STD LIC C;REW NBU MSEO ENT SVR 6.1 UNX 1SVR T2 STD LIC C;;;;79;;
1;3;2094;1;2745,6306;2232,22;REW NBU MSEO ENT SVR 6.1 UNX 1SVR T2 BAS A;20941478;;REW NBU MSEO ENT SVR 6.1 UNX 1SVR T2 BAS A;REW NBU MSEO ENT SVR 6.1 UNX 1SVR T2 BAS A;REW NBU MSEO ENT SVR 6.1 UNX 1SVR T2 BAS A;REW NBU MSEO ENT SVR 6.1 UNX 1SVR T2 BAS A;;;;79;;
1;3;2094;1;3508,2921;2852,27;GOV NBU MSEO ENT SVR 6.1 UNX 1SVR T2 ESS S;20941479;;GOV NBU MSEO ENT SVR 6.1 UNX 1SVR T2 ESS S;GOV NBU MSEO ENT SVR 6.1 UNX 1SVR T2 ESS S;GOV NBU MSEO ENT SVR 6.1 UNX 1SVR T2 ESS S;GOV NBU MSEO ENT SVR 6.1 UNX 1SVR T2 ESS S;;;;79;;
1;3;2094;1;2075,9571;1687,77;EXPTSPP NBU MEDIA SVRENCR ENT 6.1 UNX T2 BAS 12M S;20941480;;EXPTSPP NBU MEDIA SVRENCR ENT 6.1 UNX T2 BAS 12M S;EXPTSPP NBU MEDIA SVRENCR ENT 6.1 UNX T2 BAS 12M S;EXPTSPP NBU MEDIA SVRENCR ENT 6.1 UNX T2 BAS 12M S;EXPTSPP NBU MEDIA SVRENCR ENT 6.1 UNX T2 BAS 12M S;;;;79;;
1;3;2094;1;4879,3854;3966,98;REW NBU MSEO ENT SVR 6.1 WIN/LNX/SOLX64 T2 LIC A;20941483=A1;;REW NBU MSEO ENT SVR 6.1 WIN/LNX/SOLX64 T2 LIC A;REW NBU MSEO ENT SVR 6.1 WIN/LNX/SOLX64 T2 LIC A;REW NBU MSEO ENT SVR 6.1 WIN/LNX/SOLX64 T2 LIC A;REW NBU MSEO ENT SVR 6.1 WIN/LNX/SOLX64 T2 LIC A;;;;79;;
1;3;2094;1;1122,252;912,4;REWTSPP NBU MEDIASVR ENCR ENT 6.1 WIN/ T2 ESS 12M B;20941484;;REWTSPP NBU MEDIASVR ENCR ENT 6.1 WIN/ T2 ESS 12M B;REWTSPP NBU MEDIASVR ENCR ENT 6.1 WIN/ T2 ESS 12M B;REWTSPP NBU MEDIASVR ENCR ENT 6.1 WIN/ T2 ESS 12M B;REWTSPP NBU MEDIASVR ENCR ENT 6.1 WIN/ T2 ESS 12M B;;;;79;;
1;3;2094;1;798,4422;649,14;EXPTSPP NBU MEDIA SVRENCR 6.1 WIN/LNX/ T1 BAS 12M S;20941485;;EXPTSPP NBU MEDIA SVRENCR 6.1 WIN/LNX/ T1 BAS 12M S;EXPTSPP NBU MEDIA SVRENCR 6.1 WIN/LNX/ T1 BAS 12M S;EXPTSPP NBU MEDIA SVRENCR 6.1 WIN/LNX/ T1 BAS 12M S;EXPTSPP NBU MEDIA SVRENCR 6.1 WIN/LNX/ T1 BAS 12M S;;;;79;;
1;3;2094;1;1161,612;944,4;REW NBU MSEO ENT SVR 6.1 WIN/LNX/SOLX64 T2 BAS B;20941486=A1;;REW NBU MSEO ENT SVR 6.1 WIN/LNX/SOLX64 T2 BAS B;REW NBU MSEO ENT SVR 6.1 WIN/LNX/SOLX64 T2 BAS B;REW NBU MSEO ENT SVR 6.1 WIN/LNX/SOLX64 T2 BAS B;REW NBU MSEO ENT SVR 6.1 WIN/LNX/SOLX64 T2 BAS B;;;;79;;
1;3;2094;1;1410,0843;1146,41;REW NBU MSEO ENT SVR 6.1 WIN/LNX/SOLX64 T2 ESS D;20941487=A1;;REW NBU MSEO ENT SVR 6.1 WIN/LNX/SOLX64 T2 ESS D;REW NBU MSEO ENT SVR 6.1 WIN/LNX/SOLX64 T2 ESS D;REW NBU MSEO ENT SVR 6.1 WIN/LNX/SOLX64 T2 ESS D;REW NBU MSEO ENT SVR 6.1 WIN/LNX/SOLX64 T2 ESS D;;;;79;;
1;3;2094;1;878,2938;714,06;AE TSPP NBU MEDIA ENC ENT 6.1 WIN/LNX/ T2 BAS 12M S;20941488;;AE TSPP NBU MEDIA ENC ENT 6.1 WIN/LNX/ T2 BAS 12M S;AE TSPP NBU MEDIA ENC ENT 6.1 WIN/LNX/ T2 BAS 12M S;AE TSPP NBU MEDIA ENC ENT 6.1 WIN/LNX/ T2 BAS 12M S;AE TSPP NBU MEDIA ENC ENT 6.1 WIN/LNX/ T2 BAS 12M S;;;;79;;
1;3;2094;1;1122,252;912,4;AE TSPP NBU MEDIA ENC ENT 6.1 WIN/LNX/ T2 ESS 12M S;20941491;;AE TSPP NBU MEDIA ENC ENT 6.1 WIN/LNX/ T2 ESS 12M S;AE TSPP NBU MEDIA ENC ENT 6.1 WIN/LNX/ T2 ESS 12M S;AE TSPP NBU MEDIA ENC ENT 6.1 WIN/LNX/ T2 ESS 12M S;AE TSPP NBU MEDIA ENC ENT 6.1 WIN/LNX/ T2 ESS 12M S;;;;79;;
1;3;2094;1;3321,1476;2700,12;REW NBU MSEO ENT SVR 6.1 UNX 1SVR T3 BAS E;20941492;;REW NBU MSEO ENT SVR 6.1 UNX 1SVR T3 BAS E;REW NBU MSEO ENT SVR 6.1 UNX 1SVR T3 BAS E;REW NBU MSEO ENT SVR 6.1 UNX 1SVR T3 BAS E;REW NBU MSEO ENT SVR 6.1 UNX 1SVR T3 BAS E;;;;79;;
1;3;2094;1;4243,6968;3450,16;REW NBU MSEO ENT SVR 6.1 UNX 1SVR T3 ESS E;20941493;;REW NBU MSEO ENT SVR 6.1 UNX 1SVR T3 ESS E;REW NBU MSEO ENT SVR 6.1 UNX 1SVR T3 ESS E;REW NBU MSEO ENT SVR 6.1 UNX 1SVR T3 ESS E;REW NBU MSEO ENT SVR 6.1 UNX 1SVR T3 ESS E;;;;79;;
1;3;2094;1;2714,7207;2207,09;AE TSPP NBU MEDIA SVR ENC ENT 6.1 UNX T3 BAS 12M S;20941494;;AE TSPP NBU MEDIA SVR ENC ENT 6.1 UNX T3 BAS 12M S;AE TSPP NBU MEDIA SVR ENC ENT 6.1 UNX T3 BAS 12M S;AE TSPP NBU MEDIA SVR ENC ENT 6.1 UNX T3 BAS 12M S;AE TSPP NBU MEDIA SVR ENC ENT 6.1 UNX T3 BAS 12M S;;;;79;;
1;3;2094;1;9847,503;8006,1;REW NBU MSEO ENT SVR 6.1 WIN/LNX/SOLX64 T4 LIC E;20941496=A1;;REW NBU MSEO ENT SVR 6.1 WIN/LNX/SOLX64 T4 LIC E;REW NBU MSEO ENT SVR 6.1 WIN/LNX/SOLX64 T4 LIC E;REW NBU MSEO ENT SVR 6.1 WIN/LNX/SOLX64 T4 LIC E;REW NBU MSEO ENT SVR 6.1 WIN/LNX/SOLX64 T4 LIC E;;;;79;;
1;3;2094;1;10645,9452;8655,24;GOV NBU MSEO ENT SVR 6.1 WIN/LNX/SOLX64 T4 LIC S;20941497;;GOV NBU MSEO ENT SVR 6.1 WIN/LNX/SOLX64 T4 LIC S;GOV NBU MSEO ENT SVR 6.1 WIN/LNX/SOLX64 T4 LIC S;GOV NBU MSEO ENT SVR 6.1 WIN/LNX/SOLX64 T4 LIC S;GOV NBU MSEO ENT SVR 6.1 WIN/LNX/SOLX64 T4 LIC S;;;;79;;
1;3;2094;1;3238,4301;2632,87;GOV NBU MSEO ENT SVR 6.1 WIN/LNX/SOLX64 T4 ESS S;20941498;;GOV NBU MSEO ENT SVR 6.1 WIN/LNX/SOLX64 T4 ESS S;GOV NBU MSEO ENT SVR 6.1 WIN/LNX/SOLX64 T4 ESS S;GOV NBU MSEO ENT SVR 6.1 WIN/LNX/SOLX64 T4 ESS S;GOV NBU MSEO ENT SVR 6.1 WIN/LNX/SOLX64 T4 ESS S;;;;79;;
1;3;2094;1;3238,4301;2632,87;EXP NBU MSEO ENT SVR 6.1 WIN/LNX/SOLX64 T4 ESS S;20941499;;EXP NBU MSEO ENT SVR 6.1 WIN/LNX/SOLX64 T4 ESS S;EXP NBU MSEO ENT SVR 6.1 WIN/LNX/SOLX64 T4 ESS S;EXP NBU MSEO ENT SVR 6.1 WIN/LNX/SOLX64 T4 ESS S;EXP NBU MSEO ENT SVR 6.1 WIN/LNX/SOLX64 T4 ESS S;;;;79;;
1;3;2094;1;1916,2662;1557,94;REWTSPP NBU MEDIASVR ENCR ENT 6.1 WIN/ T4 BAS 12M B;20941500;;REWTSPP NBU MEDIASVR ENCR ENT 6.1 WIN/ T4 BAS 12M B;REWTSPP NBU MEDIASVR ENCR ENT 6.1 WIN/ T4 BAS 12M B;REWTSPP NBU MEDIASVR ENCR ENT 6.1 WIN/ T4 BAS 12M B;REWTSPP NBU MEDIASVR ENCR ENT 6.1 WIN/ T4 BAS 12M B;;;;79;;
1;3;2094;1;1916,2662;1557,94;EXPTSPP NBU MEDIA SVRENCR 6.1 WIN/LNX/ T4 BAS 12M S;20941501;;EXPTSPP NBU MEDIA SVRENCR 6.1 WIN/LNX/ T4 BAS 12M S;EXPTSPP NBU MEDIA SVRENCR 6.1 WIN/LNX/ T4 BAS 12M S;EXPTSPP NBU MEDIA SVRENCR 6.1 WIN/LNX/ T4 BAS 12M S;EXPTSPP NBU MEDIA SVRENCR 6.1 WIN/LNX/ T4 BAS 12M S;;;;79;;
1;3;2094;1;8871,621;7212,7;REW NBU MSEO ENT SVR 6.1 UNX 1SVR T1 STD LIC A;20941503;;REW NBU MSEO ENT SVR 6.1 UNX 1SVR T1 STD LIC A;REW NBU MSEO ENT SVR 6.1 UNX 1SVR T1 STD LIC A;REW NBU MSEO ENT SVR 6.1 UNX 1SVR T1 STD LIC A;REW NBU MSEO ENT SVR 6.1 UNX 1SVR T1 STD LIC A;;;;79;;
1;3;2094;1;8206,2525;6671,75;REW NBU MSEO ENT SVR 6.1 UNX 1SVR T1 STD LIC E;20941504;;REW NBU MSEO ENT SVR 6.1 UNX 1SVR T1 STD LIC E;REW NBU MSEO ENT SVR 6.1 UNX 1SVR T1 STD LIC E;REW NBU MSEO ENT SVR 6.1 UNX 1SVR T1 STD LIC E;REW NBU MSEO ENT SVR 6.1 UNX 1SVR T1 STD LIC E;;;;79;;
1;3;2094;1;1122,252;912,4;EXPTSPP NBU MEDIA SVRENCR 6.1 WIN/LNX/ T2 ESS 12M S;20941506;;EXPTSPP NBU MEDIA SVRENCR 6.1 WIN/LNX/ T2 ESS 12M S;EXPTSPP NBU MEDIA SVRENCR 6.1 WIN/LNX/ T2 ESS 12M S;EXPTSPP NBU MEDIA SVRENCR 6.1 WIN/LNX/ T2 ESS 12M S;EXPTSPP NBU MEDIA SVRENCR 6.1 WIN/LNX/ T2 ESS 12M S;;;;79;;
1;3;2094;1;15081,7557;12261,59;REW NBU MSEO ENT SVR 6.1 UNX 1SVR T3 STD LIC B;20941507;;REW NBU MSEO ENT SVR 6.1 UNX 1SVR T3 STD LIC B;REW NBU MSEO ENT SVR 6.1 UNX 1SVR T3 STD LIC B;REW NBU MSEO ENT SVR 6.1 UNX 1SVR T3 STD LIC B;REW NBU MSEO ENT SVR 6.1 UNX 1SVR T3 STD LIC B;;;;79;;
1;3;2094;1;4587,777;3729,9;REW NBU MSEO ENT SVR 6.1 UNX 1SVR T3 ESS A;20941509;;REW NBU MSEO ENT SVR 6.1 UNX 1SVR T3 ESS A;REW NBU MSEO ENT SVR 6.1 UNX 1SVR T3 ESS A;REW NBU MSEO ENT SVR 6.1 UNX 1SVR T3 ESS A;REW NBU MSEO ENT SVR 6.1 UNX 1SVR T3 ESS A;;;;79;;
1;3;2094;1;4587,777;3729,9;REW NBU MSEO ENT SVR 6.1 UNX 1SVR T3 ESS B;20941510;;REW NBU MSEO ENT SVR 6.1 UNX 1SVR T3 ESS B;REW NBU MSEO ENT SVR 6.1 UNX 1SVR T3 ESS B;REW NBU MSEO ENT SVR 6.1 UNX 1SVR T3 ESS B;REW NBU MSEO ENT SVR 6.1 UNX 1SVR T3 ESS B;;;;79;;
1;3;2094;1;3468,8091;2820,17;REWTSPP NBU MEDIAENCR ENT SVR 6.1 UNX T3 ESS 12M B;20941513;;REWTSPP NBU MEDIAENCR ENT SVR 6.1 UNX T3 ESS 12M B;REWTSPP NBU MEDIAENCR ENT SVR 6.1 UNX T3 ESS 12M B;REWTSPP NBU MEDIAENCR ENT SVR 6.1 UNX T3 ESS 12M B;REWTSPP NBU MEDIAENCR ENT SVR 6.1 UNX T3 ESS 12M B;;;;79;;
1;3;2094;1;3295,3545;2679,15;REWTSPP NBU MEDIAENCR ENT SVR 6.1 UNX T3 ESS 12M C;20941514;;REWTSPP NBU MEDIAENCR ENT SVR 6.1 UNX T3 ESS 12M C;REWTSPP NBU MEDIAENCR ENT SVR 6.1 UNX T3 ESS 12M C;REWTSPP NBU MEDIAENCR ENT SVR 6.1 UNX T3 ESS 12M C;REWTSPP NBU MEDIAENCR ENT SVR 6.1 UNX T3 ESS 12M C;;;;79;;
1;3;2094;1;3468,8091;2820,17;AE TSPP NBU MEDIA SVR ENC ENT 6.1 UNX T3 ESS 12M S;20941515;;AE TSPP NBU MEDIA SVR ENC ENT 6.1 UNX T3 ESS 12M S;AE TSPP NBU MEDIA SVR ENC ENT 6.1 UNX T3 ESS 12M S;AE TSPP NBU MEDIA SVR ENC ENT 6.1 UNX T3 ESS 12M S;AE TSPP NBU MEDIA SVR ENC ENT 6.1 UNX T3 ESS 12M S;;;;79;;
1;3;2094;1;2040,4716;1658,92;REWTSPP NBU MEDIAENCR ENT SVR 6.1 UNX T1 ESS 12M A;20941519;;REWTSPP NBU MEDIAENCR ENT SVR 6.1 UNX T1 ESS 12M A;REWTSPP NBU MEDIAENCR ENT SVR 6.1 UNX T1 ESS 12M A;REWTSPP NBU MEDIAENCR ENT SVR 6.1 UNX T1 ESS 12M A;REWTSPP NBU MEDIAENCR ENT SVR 6.1 UNX T1 ESS 12M A;;;;79;;
1;3;2094;1;2040,4716;1658,92;AE TSPP NBU MEDIA SVR ENC ENT 6.1 UNX T1 ESS 12M S;20941520;;AE TSPP NBU MEDIA SVR ENC ENT 6.1 UNX T1 ESS 12M S;AE TSPP NBU MEDIA SVR ENC ENT 6.1 UNX T1 ESS 12M S;AE TSPP NBU MEDIA SVR ENC ENT 6.1 UNX T1 ESS 12M S;AE TSPP NBU MEDIA SVR ENC ENT 6.1 UNX T1 ESS 12M S;;;;79;;
1;3;2094;1;1281,8814;1042,18;REW NBU MSEO ENT SVR 6.1 WIN/LNX/SOLX64 T1 ESS C;20941521=-A1;;REW NBU MSEO ENT SVR 6.1 WIN/LNX/SOLX64 T1 ESS C;REW NBU MSEO ENT SVR 6.1 WIN/LNX/SOLX64 T1 ESS C;REW NBU MSEO ENT SVR 6.1 WIN/LNX/SOLX64 T1 ESS C;REW NBU MSEO ENT SVR 6.1 WIN/LNX/SOLX64 T1 ESS C;;;;79;;
1;3;2094;1;8871,621;7212,7;GOV NBU MSEO ENT SVR 6.1 UNX 1SVR T1 STD LIC S;20941526;;GOV NBU MSEO ENT SVR 6.1 UNX 1SVR T1 STD LIC S;GOV NBU MSEO ENT SVR 6.1 UNX 1SVR T1 STD LIC S;GOV NBU MSEO ENT SVR 6.1 UNX 1SVR T1 STD LIC S;GOV NBU MSEO ENT SVR 6.1 UNX 1SVR T1 STD LIC S;;;;79;;
1;3;2094;1;2112,0207;1717,09;GOV NBU MSEO ENT SVR 6.1 UNX 1SVR T1 BAS S;20941527;;GOV NBU MSEO ENT SVR 6.1 UNX 1SVR T1 BAS S;GOV NBU MSEO ENT SVR 6.1 UNX 1SVR T1 BAS S;GOV NBU MSEO ENT SVR 6.1 UNX 1SVR T1 BAS S;GOV NBU MSEO ENT SVR 6.1 UNX 1SVR T1 BAS S;;;;79;;
1;3;2094;1;2112,0207;1717,09;EXP NBU MSEO ENT SVR 6.1 UNX 1SVR T1 BAS S;20941528;;EXP NBU MSEO ENT SVR 6.1 UNX 1SVR T1 BAS S;EXP NBU MSEO ENT SVR 6.1 UNX 1SVR T1 BAS S;EXP NBU MSEO ENT SVR 6.1 UNX 1SVR T1 BAS S;EXP NBU MSEO ENT SVR 6.1 UNX 1SVR T1 BAS S;;;;79;;
1;3;2094;1;1517,0451;1233,37;REWTSPP NBU MEDIAENCR ENT SVR 6.1 UNX T1 BAS 12M C;20941529;;REWTSPP NBU MEDIAENCR ENT SVR 6.1 UNX T1 BAS 12M C;REWTSPP NBU MEDIAENCR ENT SVR 6.1 UNX T1 BAS 12M C;REWTSPP NBU MEDIAENCR ENT SVR 6.1 UNX T1 BAS 12M C;REWTSPP NBU MEDIAENCR ENT SVR 6.1 UNX T1 BAS 12M C;;;;79;;
1;3;2094;1;1596,8967;1298,29;GOVTSPP NBU MEDIA SVRENCR ENT 6.1 UNX T1 BAS 12M S;20941530;;GOVTSPP NBU MEDIA SVRENCR ENT 6.1 UNX T1 BAS 12M S;GOVTSPP NBU MEDIA SVRENCR ENT 6.1 UNX T1 BAS 12M S;GOVTSPP NBU MEDIA SVRENCR ENT 6.1 UNX T1 BAS 12M S;GOVTSPP NBU MEDIA SVRENCR ENT 6.1 UNX T1 BAS 12M S;;;;79;;
1;3;2094;1;2040,4716;1658,92;REWTSPP NBU MEDIAENCR ENT SVR 6.1 UNX T1 ESS 12M B;20941533;;REWTSPP NBU MEDIAENCR ENT SVR 6.1 UNX T1 ESS 12M B;REWTSPP NBU MEDIAENCR ENT SVR 6.1 UNX T1 ESS 12M B;REWTSPP NBU MEDIAENCR ENT SVR 6.1 UNX T1 ESS 12M B;REWTSPP NBU MEDIAENCR ENT SVR 6.1 UNX T1 ESS 12M B;;;;79;;
1;3;2094;1;2040,4716;1658,92;GOVTSPP NBU MEDIA SVRENCR ENT 6.1 UNX T1 ESS 12M S;20941534;;GOVTSPP NBU MEDIA SVRENCR ENT 6.1 UNX T1 ESS 12M S;GOVTSPP NBU MEDIA SVRENCR ENT 6.1 UNX T1 ESS 12M S;GOVTSPP NBU MEDIA SVRENCR ENT 6.1 UNX T1 ESS 12M S;GOVTSPP NBU MEDIA SVRENCR ENT 6.1 UNX T1 ESS 12M S;;;;79;;
1;3;2094;1;2040,4716;1658,92;EXPTSPP NBU MEDIA SVRENCR ENT 6.1 UNX T1 ESS 12M S;20941535;;EXPTSPP NBU MEDIA SVRENCR ENT 6.1 UNX T1 ESS 12M S;EXPTSPP NBU MEDIA SVRENCR ENT 6.1 UNX T1 ESS 12M S;EXPTSPP NBU MEDIA SVRENCR ENT 6.1 UNX T1 ESS 12M S;EXPTSPP NBU MEDIA SVRENCR ENT 6.1 UNX T1 ESS 12M S;;;;79;;
1;3;2094;1;1689,6141;1373,67;GOV NBU MSEO ENT SVR 6.1 WIN/LNX/SOLX64 T3 BAS S;20941536;;GOV NBU MSEO ENT SVR 6.1 WIN/LNX/SOLX64 T3 BAS S;GOV NBU MSEO ENT SVR 6.1 WIN/LNX/SOLX64 T3 BAS S;GOV NBU MSEO ENT SVR 6.1 WIN/LNX/SOLX64 T3 BAS S;GOV NBU MSEO ENT SVR 6.1 WIN/LNX/SOLX64 T3 BAS S;;;;79;;
1;3;2094;1;1689,6141;1373,67;AE NBU MSEO ENT SVR 6.1 WIN/LNX/SOLX64 T3 BAS S;20941537;;AE NBU MSEO ENT SVR 6.1 WIN/LNX/SOLX64 T3 BAS S;AE NBU MSEO ENT SVR 6.1 WIN/LNX/SOLX64 T3 BAS S;AE NBU MSEO ENT SVR 6.1 WIN/LNX/SOLX64 T3 BAS S;AE NBU MSEO ENT SVR 6.1 WIN/LNX/SOLX64 T3 BAS S;;;;79;;
1;3;2094;1;1213,641;986,7;REWTSPP NBU MEDIASVR ENCR ENT 6.1 WIN/ T3 BAS 12M D;20941539;;REWTSPP NBU MEDIASVR ENCR ENT 6.1 WIN/ T3 BAS 12M D;REWTSPP NBU MEDIASVR ENCR ENT 6.1 WIN/ T3 BAS 12M D;REWTSPP NBU MEDIASVR ENCR ENT 6.1 WIN/ T3 BAS 12M D;REWTSPP NBU MEDIASVR ENCR ENT 6.1 WIN/ T3 BAS 12M D;;;;79;;
1;3;2094;1;1181,6979;960,73;REWTSPP NBU MEDIASVR ENCR ENT 6.1 WIN/ T3 BAS 12M E;20941540;;REWTSPP NBU MEDIASVR ENCR ENT 6.1 WIN/ T3 BAS 12M E;REWTSPP NBU MEDIASVR ENCR ENT 6.1 WIN/ T3 BAS 12M E;REWTSPP NBU MEDIASVR ENCR ENT 6.1 WIN/ T3 BAS 12M E;REWTSPP NBU MEDIASVR ENCR ENT 6.1 WIN/ T3 BAS 12M E;;;;79;;
1;3;2094;1;23953,3767;19474,29;EXP NBU MSEO ENT SVR 6.1 UNX 1SVR T4 STD LIC S;20941541;;EXP NBU MSEO ENT SVR 6.1 UNX 1SVR T4 STD LIC S;EXP NBU MSEO ENT SVR 6.1 UNX 1SVR T4 STD LIC S;EXP NBU MSEO ENT SVR 6.1 UNX 1SVR T4 STD LIC S;EXP NBU MSEO ENT SVR 6.1 UNX 1SVR T4 STD LIC S;;;;79;;
1;3;2094;1;23953,3767;19474,29;AE NBU MSEO ENT SVR 6.1 UNX 1SVR T4 STD LIC S;20941542;;AE NBU MSEO ENT SVR 6.1 UNX 1SVR T4 STD LIC S;AE NBU MSEO ENT SVR 6.1 UNX 1SVR T4 STD LIC S;AE NBU MSEO ENT SVR 6.1 UNX 1SVR T4 STD LIC S;AE NBU MSEO ENT SVR 6.1 UNX 1SVR T4 STD LIC S;;;;79;;
1;3;2094;1;5702,4522;4636,14;REW NBU MSEO ENT SVR 6.1 UNX 1SVR T4 BAS A;20941543;;REW NBU MSEO ENT SVR 6.1 UNX 1SVR T4 BAS A;REW NBU MSEO ENT SVR 6.1 UNX 1SVR T4 BAS A;REW NBU MSEO ENT SVR 6.1 UNX 1SVR T4 BAS A;REW NBU MSEO ENT SVR 6.1 UNX 1SVR T4 BAS A;;;;79;;
1;3;2094;1;6922,1448;5627,76;REW NBU MSEO ENT SVR 6.1 UNX 1SVR T4 ESS C;20941544;;REW NBU MSEO ENT SVR 6.1 UNX 1SVR T4 ESS C;REW NBU MSEO ENT SVR 6.1 UNX 1SVR T4 ESS C;REW NBU MSEO ENT SVR 6.1 UNX 1SVR T4 ESS C;REW NBU MSEO ENT SVR 6.1 UNX 1SVR T4 ESS C;;;;79;;
1;3;2094;1;6922,1448;5627,76;REW NBU MSEO ENT SVR 6.1 UNX 1SVR T4 ESS D;20941545;;REW NBU MSEO ENT SVR 6.1 UNX 1SVR T4 ESS D;REW NBU MSEO ENT SVR 6.1 UNX 1SVR T4 ESS D;REW NBU MSEO ENT SVR 6.1 UNX 1SVR T4 ESS D;REW NBU MSEO ENT SVR 6.1 UNX 1SVR T4 ESS D;;;;79;;
1;3;2094;1;798,4422;649,14;AE TSPP NBU MEDIA ENC ENT 6.1 WIN/LNX/ T1 BAS 12M S;20941547;;AE TSPP NBU MEDIA ENC ENT 6.1 WIN/LNX/ T1 BAS 12M S;AE TSPP NBU MEDIA ENC ENT 6.1 WIN/LNX/ T1 BAS 12M S;AE TSPP NBU MEDIA ENC ENT 6.1 WIN/LNX/ T1 BAS 12M S;AE TSPP NBU MEDIA ENC ENT 6.1 WIN/LNX/ T1 BAS 12M S;;;;79;;
1;3;2094;1;943,7175;767,25;REWTSPP NBU MEDIASVR ENCR ENT 6.1 WIN/ T1 ESS 12M E;20941550;;REWTSPP NBU MEDIASVR ENCR ENT 6.1 WIN/ T1 ESS 12M E;REWTSPP NBU MEDIASVR ENCR ENT 6.1 WIN/ T1 ESS 12M E;REWTSPP NBU MEDIASVR ENCR ENT 6.1 WIN/ T1 ESS 12M E;REWTSPP NBU MEDIASVR ENCR ENT 6.1 WIN/ T1 ESS 12M E;;;;79;;
1;3;2094;1;2608,3503;2120,61;REW NBU MSEO ENT SVR 6.1 UNX 1SVR T2 BAS C;20941551;;REW NBU MSEO ENT SVR 6.1 UNX 1SVR T2 BAS C;REW NBU MSEO ENT SVR 6.1 UNX 1SVR T2 BAS C;REW NBU MSEO ENT SVR 6.1 UNX 1SVR T2 BAS C;REW NBU MSEO ENT SVR 6.1 UNX 1SVR T2 BAS C;;;;79;;
1;3;2094;1;2608,3503;2120,61;REW NBU MSEO ENT SVR 6.1 UNX 1SVR T2 BAS D;20941552;;REW NBU MSEO ENT SVR 6.1 UNX 1SVR T2 BAS D;REW NBU MSEO ENT SVR 6.1 UNX 1SVR T2 BAS D;REW NBU MSEO ENT SVR 6.1 UNX 1SVR T2 BAS D;REW NBU MSEO ENT SVR 6.1 UNX 1SVR T2 BAS D;;;;79;;
1;3;2094;1;2745,6306;2232,22;GOV NBU MSEO ENT SVR 6.1 UNX 1SVR T2 BAS S;20941553;;GOV NBU MSEO ENT SVR 6.1 UNX 1SVR T2 BAS S;GOV NBU MSEO ENT SVR 6.1 UNX 1SVR T2 BAS S;GOV NBU MSEO ENT SVR 6.1 UNX 1SVR T2 BAS S;GOV NBU MSEO ENT SVR 6.1 UNX 1SVR T2 BAS S;;;;79;;
1;3;2094;1;2745,6306;2232,22;EXP NBU MSEO ENT SVR 6.1 UNX 1SVR T2 BAS S;20941554;;EXP NBU MSEO ENT SVR 6.1 UNX 1SVR T2 BAS S;EXP NBU MSEO ENT SVR 6.1 UNX 1SVR T2 BAS S;EXP NBU MSEO ENT SVR 6.1 UNX 1SVR T2 BAS S;EXP NBU MSEO ENT SVR 6.1 UNX 1SVR T2 BAS S;;;;79;;
1;3;2094;1;3508,2921;2852,27;REW NBU MSEO ENT SVR 6.1 UNX 1SVR T2 ESS A;20941555;;REW NBU MSEO ENT SVR 6.1 UNX 1SVR T2 ESS A;REW NBU MSEO ENT SVR 6.1 UNX 1SVR T2 ESS A;REW NBU MSEO ENT SVR 6.1 UNX 1SVR T2 ESS A;REW NBU MSEO ENT SVR 6.1 UNX 1SVR T2 ESS A;;;;79;;
1;3;2094;1;4435,8105;3606,35;REW NBU MSEO ENT SVR 6.1 WIN/LNX/SOLX64 T1 LIC A;20941556=A1;;REW NBU MSEO ENT SVR 6.1 WIN/LNX/SOLX64 T1 LIC A;REW NBU MSEO ENT SVR 6.1 WIN/LNX/SOLX64 T1 LIC A;REW NBU MSEO ENT SVR 6.1 WIN/LNX/SOLX64 T1 LIC A;REW NBU MSEO ENT SVR 6.1 WIN/LNX/SOLX64 T1 LIC A;;;;79;;
1;3;2094;1;4435,8105;3606,35;GOV NBU MSEO ENT SVR 6.1 WIN/LNX/SOLX64 T1 LIC S;20941558;;GOV NBU MSEO ENT SVR 6.1 WIN/LNX/SOLX64 T1 LIC S;GOV NBU MSEO ENT SVR 6.1 WIN/LNX/SOLX64 T1 LIC S;GOV NBU MSEO ENT SVR 6.1 WIN/LNX/SOLX64 T1 LIC S;GOV NBU MSEO ENT SVR 6.1 WIN/LNX/SOLX64 T1 LIC S;;;;79;;
1;3;2094;1;4435,8105;3606,35;EXP NBU MSEO ENT SVR 6.1 WIN/LNX/SOLX64 T1 LIC S;20941559;;EXP NBU MSEO ENT SVR 6.1 WIN/LNX/SOLX64 T1 LIC S;EXP NBU MSEO ENT SVR 6.1 WIN/LNX/SOLX64 T1 LIC S;EXP NBU MSEO ENT SVR 6.1 WIN/LNX/SOLX64 T1 LIC S;EXP NBU MSEO ENT SVR 6.1 WIN/LNX/SOLX64 T1 LIC S;;;;79;;
1;3;2094;1;1003,2003;815,61;REW NBU MSEO ENT SVR 6.1 WIN/LNX/SOLX64 T1 BAS D;20941560=A1;;REW NBU MSEO ENT SVR 6.1 WIN/LNX/SOLX64 T1 BAS D;REW NBU MSEO ENT SVR 6.1 WIN/LNX/SOLX64 T1 BAS D;REW NBU MSEO ENT SVR 6.1 WIN/LNX/SOLX64 T1 BAS D;REW NBU MSEO ENT SVR 6.1 WIN/LNX/SOLX64 T1 BAS D;;;;79;;
1;3;2094;1;1349,3346;1097,02;REW NBU MSEO ENT SVR 6.1 WIN/LNX/SOLX64 T1 ESS B;20941561=A1;;REW NBU MSEO ENT SVR 6.1 WIN/LNX/SOLX64 T1 ESS B;REW NBU MSEO ENT SVR 6.1 WIN/LNX/SOLX64 T1 ESS B;REW NBU MSEO ENT SVR 6.1 WIN/LNX/SOLX64 T1 ESS B;REW NBU MSEO ENT SVR 6.1 WIN/LNX/SOLX64 T1 ESS B;;;;79;;
1;3;2094;1;738,5658;600,46;REWTSPP NBU MEDIASVR ENCR ENT 6.1 WIN/ T1 BAS 12M E;20941562;;REWTSPP NBU MEDIASVR ENCR ENT 6.1 WIN/ T1 BAS 12M E;REWTSPP NBU MEDIASVR ENCR ENT 6.1 WIN/ T1 BAS 12M E;REWTSPP NBU MEDIASVR ENCR ENT 6.1 WIN/ T1 BAS 12M E;REWTSPP NBU MEDIASVR ENCR ENT 6.1 WIN/ T1 BAS 12M E;;;;79;;
1;3;2094;1;5509,2807;4479,09;EXPTSPP NBU MEDIA SVRENCR ENT 6.1 UNX T4 ESS 12M S;20941569;;EXPTSPP NBU MEDIA SVRENCR ENT 6.1 UNX T4 ESS 12M S;EXPTSPP NBU MEDIA SVRENCR ENT 6.1 UNX T4 ESS 12M S;EXPTSPP NBU MEDIA SVRENCR ENT 6.1 UNX T4 ESS 12M S;EXPTSPP NBU MEDIA SVRENCR ENT 6.1 UNX T4 ESS 12M S;;;;79;;
1;3;2094;1;10645,9452;8655,24;REW NBU MSEO ENT SVR 6.1 WIN/LNX/SOLX64 T4 LIC B;20941570=A1;;REW NBU MSEO ENT SVR 6.1 WIN/LNX/SOLX64 T4 LIC B;REW NBU MSEO ENT SVR 6.1 WIN/LNX/SOLX64 T4 LIC B;REW NBU MSEO ENT SVR 6.1 WIN/LNX/SOLX64 T4 LIC B;REW NBU MSEO ENT SVR 6.1 WIN/LNX/SOLX64 T4 LIC B;;;;79;;
1;3;2094;1;2534,415;2060,5;REW NBU MSEO ENT SVR 6.1 WIN/LNX/SOLX64 T4 BAS B;20941571=A1;;REW NBU MSEO ENT SVR 6.1 WIN/LNX/SOLX64 T4 BAS B;REW NBU MSEO ENT SVR 6.1 WIN/LNX/SOLX64 T4 BAS B;REW NBU MSEO ENT SVR 6.1 WIN/LNX/SOLX64 T4 BAS B;REW NBU MSEO ENT SVR 6.1 WIN/LNX/SOLX64 T4 BAS B;;;;79;;
1;3;2094;1;2326,1391;1891,17;REWTSPP NBU MEDIASVR ENCR ENT 6.1 WIN/ T4 ESS 12M C;20941574;;REWTSPP NBU MEDIASVR ENCR ENT 6.1 WIN/ T4 ESS 12M C;REWTSPP NBU MEDIASVR ENCR ENT 6.1 WIN/ T4 ESS 12M C;REWTSPP NBU MEDIASVR ENCR ENT 6.1 WIN/ T4 ESS 12M C;REWTSPP NBU MEDIASVR ENCR ENT 6.1 WIN/ T4 ESS 12M C;;;;79;;
1;3;2094;1;2112,0207;1717,09;REW NBU MSEO ENT SVR 6.1 UNX 1SVR T1 BAS A;20941575;;REW NBU MSEO ENT SVR 6.1 UNX 1SVR T1 BAS A;REW NBU MSEO ENT SVR 6.1 UNX 1SVR T1 BAS A;REW NBU MSEO ENT SVR 6.1 UNX 1SVR T1 BAS A;REW NBU MSEO ENT SVR 6.1 UNX 1SVR T1 BAS A;;;;79;;
1;3;2094;1;3468,8091;2820,17;GOVTSPP NBU MEDIA SVRENCR ENT 6.1 UNX T3 ESS 12M S;20941579;;GOVTSPP NBU MEDIA SVRENCR ENT 6.1 UNX T3 ESS 12M S;GOVTSPP NBU MEDIA SVRENCR ENT 6.1 UNX T3 ESS 12M S;GOVTSPP NBU MEDIA SVRENCR ENT 6.1 UNX T3 ESS 12M S;GOVTSPP NBU MEDIA SVRENCR ENT 6.1 UNX T3 ESS 12M S;;;;79;;
1;3;2094;1;7097,2968;5770,16;REW NBU MSEO ENT SVR 6.1 WIN/LNX/SOLX64 T3 LIC B;20941580=A1;;REW NBU MSEO ENT SVR 6.1 WIN/LNX/SOLX64 T3 LIC B;REW NBU MSEO ENT SVR 6.1 WIN/LNX/SOLX64 T3 LIC B;REW NBU MSEO ENT SVR 6.1 WIN/LNX/SOLX64 T3 LIC B;REW NBU MSEO ENT SVR 6.1 WIN/LNX/SOLX64 T3 LIC B;;;;79;;
1;3;2094;1;6742,4295;5481,65;REW NBU MSEO ENT SVR 6.1 WIN/LNX/SOLX64 T3 LIC D;20941581=A1;;REW NBU MSEO ENT SVR 6.1 WIN/LNX/SOLX64 T3 LIC D;REW NBU MSEO ENT SVR 6.1 WIN/LNX/SOLX64 T3 LIC D;REW NBU MSEO ENT SVR 6.1 WIN/LNX/SOLX64 T3 LIC D;REW NBU MSEO ENT SVR 6.1 WIN/LNX/SOLX64 T3 LIC D;;;;79;;
1;3;2094;1;7097,2968;5770,16;EXP NBU MSEO ENT SVR 6.1 WIN/LNX/SOLX64 T3 LIC S;20941582;;EXP NBU MSEO ENT SVR 6.1 WIN/LNX/SOLX64 T3 LIC S;EXP NBU MSEO ENT SVR 6.1 WIN/LNX/SOLX64 T3 LIC S;EXP NBU MSEO ENT SVR 6.1 WIN/LNX/SOLX64 T3 LIC S;EXP NBU MSEO ENT SVR 6.1 WIN/LNX/SOLX64 T3 LIC S;;;;79;;
1;3;2094;1;1562,8995;1270,65;REW NBU MSEO ENT SVR 6.1 WIN/LNX/SOLX64 T3 BAS E;20941583=A1;;REW NBU MSEO ENT SVR 6.1 WIN/LNX/SOLX64 T3 BAS E;REW NBU MSEO ENT SVR 6.1 WIN/LNX/SOLX64 T3 BAS E;REW NBU MSEO ENT SVR 6.1 WIN/LNX/SOLX64 T3 BAS E;REW NBU MSEO ENT SVR 6.1 WIN/LNX/SOLX64 T3 BAS E;;;;79;;
1;3;2094;1;2051,0004;1667,48;REW NBU MSEO ENT SVR 6.1 WIN/LNX/SOLX64 T3 ESS C;20941584=A1;;REW NBU MSEO ENT SVR 6.1 WIN/LNX/SOLX64 T3 ESS C;REW NBU MSEO ENT SVR 6.1 WIN/LNX/SOLX64 T3 ESS C;REW NBU MSEO ENT SVR 6.1 WIN/LNX/SOLX64 T3 ESS C;REW NBU MSEO ENT SVR 6.1 WIN/LNX/SOLX64 T3 ESS C;;;;79;;
1;3;2094;1;1277,5149;1038,63;GOVTSPP NBU MEDIA SVRENCR 6.1 WIN/LNX/ T3 BAS 12M S;20941585;;GOVTSPP NBU MEDIA SVRENCR 6.1 WIN/LNX/ T3 BAS 12M S;GOVTSPP NBU MEDIA SVRENCR 6.1 WIN/LNX/ T3 BAS 12M S;GOVTSPP NBU MEDIA SVRENCR 6.1 WIN/LNX/ T3 BAS 12M S;GOVTSPP NBU MEDIA SVRENCR 6.1 WIN/LNX/ T3 BAS 12M S;;;;79;;
1;3;2094;1;1020,2358;829,46;EXPTSPP NBU MEDIA SVRENCR 6.1 WIN/LNX/ T1 ESS 12M S;20941588;;EXPTSPP NBU MEDIA SVRENCR 6.1 WIN/LNX/ T1 ESS 12M S;EXPTSPP NBU MEDIA SVRENCR 6.1 WIN/LNX/ T1 ESS 12M S;EXPTSPP NBU MEDIA SVRENCR 6.1 WIN/LNX/ T1 ESS 12M S;EXPTSPP NBU MEDIA SVRENCR 6.1 WIN/LNX/ T1 ESS 12M S;;;;79;;
1;3;2094;1;3332,8818;2709,66;REW NBU MSEO ENT SVR 6.1 UNX 1SVR T2 ESS D;20941589;;REW NBU MSEO ENT SVR 6.1 UNX 1SVR T2 ESS D;REW NBU MSEO ENT SVR 6.1 UNX 1SVR T2 ESS D;REW NBU MSEO ENT SVR 6.1 UNX 1SVR T2 ESS D;REW NBU MSEO ENT SVR 6.1 UNX 1SVR T2 ESS D;;;;79;;
1;3;2094;1;1920,2637;1561,19;REWTSPP NBU MEDIAENCR ENT SVR 6.1 UNX T2 BAS 12M E;20941590;;REWTSPP NBU MEDIAENCR ENT SVR 6.1 UNX T2 BAS 12M E;REWTSPP NBU MEDIAENCR ENT SVR 6.1 UNX T2 BAS 12M E;REWTSPP NBU MEDIAENCR ENT SVR 6.1 UNX T2 BAS 12M E;REWTSPP NBU MEDIAENCR ENT SVR 6.1 UNX T2 BAS 12M E;;;;79;;
1;3;2094;1;2652,6057;2156,59;REWTSPP NBU MEDIAENCR ENT SVR 6.1 UNX T2 ESS 12M A;20941593;;REWTSPP NBU MEDIAENCR ENT SVR 6.1 UNX T2 ESS 12M A;REWTSPP NBU MEDIAENCR ENT SVR 6.1 UNX T2 ESS 12M A;REWTSPP NBU MEDIAENCR ENT SVR 6.1 UNX T2 ESS 12M A;REWTSPP NBU MEDIAENCR ENT SVR 6.1 UNX T2 ESS 12M A;;;;79;;
1;3;2094;1;2519,9748;2048,76;REWTSPP NBU MEDIAENCR ENT SVR 6.1 UNX T2 ESS 12M C;20941594;;REWTSPP NBU MEDIAENCR ENT SVR 6.1 UNX T2 ESS 12M C;REWTSPP NBU MEDIAENCR ENT SVR 6.1 UNX T2 ESS 12M C;REWTSPP NBU MEDIAENCR ENT SVR 6.1 UNX T2 ESS 12M C;REWTSPP NBU MEDIAENCR ENT SVR 6.1 UNX T2 ESS 12M C;;;;79;;
1;3;2094;1;4513,4358;3669,46;REW NBU MSEO ENT SVR 6.1 WIN/LNX/SOLX64 T2 LIC E;20941595=A1;;REW NBU MSEO ENT SVR 6.1 WIN/LNX/SOLX64 T2 LIC E;REW NBU MSEO ENT SVR 6.1 WIN/LNX/SOLX64 T2 LIC E;REW NBU MSEO ENT SVR 6.1 WIN/LNX/SOLX64 T2 LIC E;REW NBU MSEO ENT SVR 6.1 WIN/LNX/SOLX64 T2 LIC E;;;;79;;
1;3;2094;1;2698,6938;2194,06;REW NBU MSEO ENT SVR 6.1 UNX 1SVR T1 ESS A;20941596;;REW NBU MSEO ENT SVR 6.1 UNX 1SVR T1 ESS A;REW NBU MSEO ENT SVR 6.1 UNX 1SVR T1 ESS A;REW NBU MSEO ENT SVR 6.1 UNX 1SVR T1 ESS A;REW NBU MSEO ENT SVR 6.1 UNX 1SVR T1 ESS A;;;;79;;
1;3;2094;1;2698,6938;2194,06;GOV NBU MSEO ENT SVR 6.1 UNX 1SVR T1 ESS S;20941597;;GOV NBU MSEO ENT SVR 6.1 UNX 1SVR T1 ESS S;GOV NBU MSEO ENT SVR 6.1 UNX 1SVR T1 ESS S;GOV NBU MSEO ENT SVR 6.1 UNX 1SVR T1 ESS S;GOV NBU MSEO ENT SVR 6.1 UNX 1SVR T1 ESS S;;;;79;;
1;3;2094;1;1596,8967;1298,29;EXPTSPP NBU MEDIA SVRENCR ENT 6.1 UNX T1 BAS 12M S;20941598;;EXPTSPP NBU MEDIA SVRENCR ENT 6.1 UNX T1 BAS 12M S;EXPTSPP NBU MEDIA SVRENCR ENT 6.1 UNX T1 BAS 12M S;EXPTSPP NBU MEDIA SVRENCR ENT 6.1 UNX T1 BAS 12M S;EXPTSPP NBU MEDIA SVRENCR ENT 6.1 UNX T1 BAS 12M S;;;;79;;
1;3;2094;1;1056,0042;858,54;REW NBU MSEO ENT SVR 6.1 WIN/LNX/SOLX64 T1 BAS A;20941600=A1;;REW NBU MSEO ENT SVR 6.1 WIN/LNX/SOLX64 T1 BAS A;REW NBU MSEO ENT SVR 6.1 WIN/LNX/SOLX64 T1 BAS A;REW NBU MSEO ENT SVR 6.1 WIN/LNX/SOLX64 T1 BAS A;REW NBU MSEO ENT SVR 6.1 WIN/LNX/SOLX64 T1 BAS A;;;;79;;
1;3;2094;1;1248,1425;1014,75;REW NBU MSEO ENT SVR 6.1 WIN/LNX/SOLX64 T1 ESS E;20941601=A1;;REW NBU MSEO ENT SVR 6.1 WIN/LNX/SOLX64 T1 ESS E;REW NBU MSEO ENT SVR 6.1 WIN/LNX/SOLX64 T1 ESS E;REW NBU MSEO ENT SVR 6.1 WIN/LNX/SOLX64 T1 ESS E;REW NBU MSEO ENT SVR 6.1 WIN/LNX/SOLX64 T1 ESS E;;;;79;;
1;3;2094;1;798,4422;649,14;REWTSPP NBU MEDIASVR ENCR ENT 6.1 WIN/ T1 BAS 12M B;20941602;;REWTSPP NBU MEDIASVR ENCR ENT 6.1 WIN/ T1 BAS 12M B;REWTSPP NBU MEDIASVR ENCR ENT 6.1 WIN/ T1 BAS 12M B;REWTSPP NBU MEDIASVR ENCR ENT 6.1 WIN/ T1 BAS 12M B;REWTSPP NBU MEDIASVR ENCR ENT 6.1 WIN/ T1 BAS 12M B;;;;79;;
1;3;2094;1;1020,2358;829,46;REWTSPP NBU MEDIASVR ENCR ENT 6.1 WIN/ T1 ESS 12M A;20941603;;REWTSPP NBU MEDIASVR ENCR ENT 6.1 WIN/ T1 ESS 12M A;REWTSPP NBU MEDIASVR ENCR ENT 6.1 WIN/ T1 ESS 12M A;REWTSPP NBU MEDIASVR ENCR ENT 6.1 WIN/ T1 ESS 12M A;REWTSPP NBU MEDIASVR ENCR ENT 6.1 WIN/ T1 ESS 12M A;;;;79;;
1;3;2094;1;11533,1073;9376,51;REW NBU MSEO ENT SVR 6.1 UNX 1SVR T2 STD LIC B;20941604;;REW NBU MSEO ENT SVR 6.1 UNX 1SVR T2 STD LIC B;REW NBU MSEO ENT SVR 6.1 UNX 1SVR T2 STD LIC B;REW NBU MSEO ENT SVR 6.1 UNX 1SVR T2 STD LIC B;REW NBU MSEO ENT SVR 6.1 UNX 1SVR T2 STD LIC B;;;;79;;
1;3;2094;1;1596,8967;1298,29;REWTSPP NBU MEDIAENCR ENT SVR 6.1 UNX T1 BAS 12M A;20941607;;REWTSPP NBU MEDIAENCR ENT SVR 6.1 UNX T1 BAS 12M A;REWTSPP NBU MEDIAENCR ENT SVR 6.1 UNX T1 BAS 12M A;REWTSPP NBU MEDIAENCR ENT SVR 6.1 UNX T1 BAS 12M A;REWTSPP NBU MEDIAENCR ENT SVR 6.1 UNX T1 BAS 12M A;;;;79;;
1;3;2094;1;1596,8967;1298,29;AE TSPP NBU MEDIA SVR ENC ENT 6.1 UNX T1 BAS 12M S;20941608;;AE TSPP NBU MEDIA SVR ENC ENT 6.1 UNX T1 BAS 12M S;AE TSPP NBU MEDIA SVR ENC ENT 6.1 UNX T1 BAS 12M S;AE TSPP NBU MEDIA SVR ENC ENT 6.1 UNX T1 BAS 12M S;AE TSPP NBU MEDIA SVR ENC ENT 6.1 UNX T1 BAS 12M S;;;;79;;
1;3;2094;1;1938,4431;1575,97;REWTSPP NBU MEDIAENCR ENT SVR 6.1 UNX T1 ESS 12M D;20941611;;REWTSPP NBU MEDIAENCR ENT SVR 6.1 UNX T1 ESS 12M D;REWTSPP NBU MEDIAENCR ENT SVR 6.1 UNX T1 ESS 12M D;REWTSPP NBU MEDIAENCR ENT SVR 6.1 UNX T1 ESS 12M D;REWTSPP NBU MEDIAENCR ENT SVR 6.1 UNX T1 ESS 12M D;;;;79;;
1;3;2094;1;4214,0169;3426,03;REW NBU MSEO ENT SVR 6.1 WIN/LNX/SOLX64 T1 LIC D;20941613=A1;;REW NBU MSEO ENT SVR 6.1 WIN/LNX/SOLX64 T1 LIC D;REW NBU MSEO ENT SVR 6.1 WIN/LNX/SOLX64 T1 LIC D;REW NBU MSEO ENT SVR 6.1 WIN/LNX/SOLX64 T1 LIC D;REW NBU MSEO ENT SVR 6.1 WIN/LNX/SOLX64 T1 LIC D;;;;79;;
1;3;2094;1;4435,8105;3606,35;AE NBU MSEO ENT SVR 6.1 WIN/LNX/SOLX64 T1 LIC S;20941614;;AE NBU MSEO ENT SVR 6.1 WIN/LNX/SOLX64 T1 LIC S;AE NBU MSEO ENT SVR 6.1 WIN/LNX/SOLX64 T1 LIC S;AE NBU MSEO ENT SVR 6.1 WIN/LNX/SOLX64 T1 LIC S;AE NBU MSEO ENT SVR 6.1 WIN/LNX/SOLX64 T1 LIC S;;;;79;;
1;3;2094;1;1372,9629;1116,23;REW NBU MSEO ENT SVR 6.1 WIN/LNX/SOLX64 T2 ESS E;20941616=A1;;REW NBU MSEO ENT SVR 6.1 WIN/LNX/SOLX64 T2 ESS E;REW NBU MSEO ENT SVR 6.1 WIN/LNX/SOLX64 T2 ESS E;REW NBU MSEO ENT SVR 6.1 WIN/LNX/SOLX64 T2 ESS E;REW NBU MSEO ENT SVR 6.1 WIN/LNX/SOLX64 T2 ESS E;;;;79;;
1;3;2094;1;1484,2779;1206,73;EXP NBU MSEO ENT SVR 6.1 WIN/LNX/SOLX64 T2 ESS S;20941617;;EXP NBU MSEO ENT SVR 6.1 WIN/LNX/SOLX64 T2 ESS S;EXP NBU MSEO ENT SVR 6.1 WIN/LNX/SOLX64 T2 ESS S;EXP NBU MSEO ENT SVR 6.1 WIN/LNX/SOLX64 T2 ESS S;EXP NBU MSEO ENT SVR 6.1 WIN/LNX/SOLX64 T2 ESS S;;;;79;;
1;3;2094;1;812,415;660,5;REWTSPP NBU MEDIASVR ENCR ENT 6.1 WIN/ T2 BAS 12M E;20941618;;REWTSPP NBU MEDIASVR ENCR ENT 6.1 WIN/ T2 BAS 12M E;REWTSPP NBU MEDIASVR ENCR ENT 6.1 WIN/ T2 BAS 12M E;REWTSPP NBU MEDIASVR ENCR ENT 6.1 WIN/ T2 BAS 12M E;REWTSPP NBU MEDIASVR ENCR ENT 6.1 WIN/ T2 BAS 12M E;;;;79;;
1;3;2094;1;1122,252;912,4;REWTSPP NBU MEDIASVR ENCR ENT 6.1 WIN/ T2 ESS 12M A;20941624;;REWTSPP NBU MEDIASVR ENCR ENT 6.1 WIN/ T2 ESS 12M A;REWTSPP NBU MEDIASVR ENCR ENT 6.1 WIN/ T2 ESS 12M A;REWTSPP NBU MEDIASVR ENCR ENT 6.1 WIN/ T2 ESS 12M A;REWTSPP NBU MEDIASVR ENCR ENT 6.1 WIN/ T2 ESS 12M A;;;;79;;
1;3;2094;1;5274,7566;4288,42;REW NBU MSEO ENT SVR 6.1 UNX 1SVR T4 BAS E;20941625;;REW NBU MSEO ENT SVR 6.1 UNX 1SVR T4 BAS E;REW NBU MSEO ENT SVR 6.1 UNX 1SVR T4 BAS E;REW NBU MSEO ENT SVR 6.1 UNX 1SVR T4 BAS E;REW NBU MSEO ENT SVR 6.1 UNX 1SVR T4 BAS E;;;;79;;
1;3;2094;1;7286,4708;5923,96;EXP NBU MSEO ENT SVR 6.1 UNX 1SVR T4 ESS S;20941626;;EXP NBU MSEO ENT SVR 6.1 UNX 1SVR T4 ESS S;EXP NBU MSEO ENT SVR 6.1 UNX 1SVR T4 ESS S;EXP NBU MSEO ENT SVR 6.1 UNX 1SVR T4 ESS S;EXP NBU MSEO ENT SVR 6.1 UNX 1SVR T4 ESS S;;;;79;;
1;3;2094;1;1213,641;986,7;REWTSPP NBU MEDIASVR ENCR ENT 6.1 WIN/ T3 BAS 12M C;20941627;;REWTSPP NBU MEDIASVR ENCR ENT 6.1 WIN/ T3 BAS 12M C;REWTSPP NBU MEDIASVR ENCR ENT 6.1 WIN/ T3 BAS 12M C;REWTSPP NBU MEDIASVR ENCR ENT 6.1 WIN/ T3 BAS 12M C;REWTSPP NBU MEDIASVR ENCR ENT 6.1 WIN/ T3 BAS 12M C;;;;79;;
1;3;2094;1;1277,5149;1038,63;EXPTSPP NBU MEDIA SVRENCR 6.1 WIN/LNX/ T3 BAS 12M S;20941628;;EXPTSPP NBU MEDIA SVRENCR 6.1 WIN/LNX/ T3 BAS 12M S;EXPTSPP NBU MEDIA SVRENCR 6.1 WIN/LNX/ T3 BAS 12M S;EXPTSPP NBU MEDIA SVRENCR 6.1 WIN/LNX/ T3 BAS 12M S;EXPTSPP NBU MEDIA SVRENCR 6.1 WIN/LNX/ T3 BAS 12M S;;;;79;;
1;3;2094;1;1550,7594;1260,78;REWTSPP NBU MEDIASVR ENCR ENT 6.1 WIN/ T3 ESS 12M C;20941630;;REWTSPP NBU MEDIASVR ENCR ENT 6.1 WIN/ T3 ESS 12M C;REWTSPP NBU MEDIASVR ENCR ENT 6.1 WIN/ T3 ESS 12M C;REWTSPP NBU MEDIASVR ENCR ENT 6.1 WIN/ T3 ESS 12M C;REWTSPP NBU MEDIASVR ENCR ENT 6.1 WIN/ T3 ESS 12M C;;;;79;;
1;3;2094;1;3076,5006;2501,22;REW NBU MSEO ENT SVR 6.1 WIN/LNX/SOLX64 T4 ESS C;20941632=A1;;REW NBU MSEO ENT SVR 6.1 WIN/LNX/SOLX64 T4 ESS C;REW NBU MSEO ENT SVR 6.1 WIN/LNX/SOLX64 T4 ESS C;REW NBU MSEO ENT SVR 6.1 WIN/LNX/SOLX64 T4 ESS C;REW NBU MSEO ENT SVR 6.1 WIN/LNX/SOLX64 T4 ESS C;;;;79;;
1;3;2094;1;3238,4301;2632,87;AE NBU MSEO ENT SVR 6.1 WIN/LNX/SOLX64 T4 ESS S;20941634;;AE NBU MSEO ENT SVR 6.1 WIN/LNX/SOLX64 T4 ESS S;AE NBU MSEO ENT SVR 6.1 WIN/LNX/SOLX64 T4 ESS S;AE NBU MSEO ENT SVR 6.1 WIN/LNX/SOLX64 T4 ESS S;AE NBU MSEO ENT SVR 6.1 WIN/LNX/SOLX64 T4 ESS S;;;;79;;
1;3;2094;1;1772,553;1441,1;REWTSPP NBU MEDIASVR ENCR ENT 6.1 WIN/ T4 BAS 12M E;20941635;;REWTSPP NBU MEDIASVR ENCR ENT 6.1 WIN/ T4 BAS 12M E;REWTSPP NBU MEDIASVR ENCR ENT 6.1 WIN/ T4 BAS 12M E;REWTSPP NBU MEDIASVR ENCR ENT 6.1 WIN/ T4 BAS 12M E;REWTSPP NBU MEDIASVR ENCR ENT 6.1 WIN/ T4 BAS 12M E;;;;79;;
1;3;2094;1;4311,6051;3505,37;REWTSPP NBU MEDIAENCR ENT SVR 6.1 UNX T4 BAS 12M A;20941638;;REWTSPP NBU MEDIAENCR ENT SVR 6.1 UNX T4 BAS 12M A;REWTSPP NBU MEDIAENCR ENT SVR 6.1 UNX T4 BAS 12M A;REWTSPP NBU MEDIAENCR ENT SVR 6.1 UNX T4 BAS 12M A;REWTSPP NBU MEDIAENCR ENT SVR 6.1 UNX T4 BAS 12M A;;;;79;;
1;3;2094;1;4096,023;3330,1;REWTSPP NBU MEDIAENCR ENT SVR 6.1 UNX T4 BAS 12M D;20941639;;REWTSPP NBU MEDIAENCR ENT SVR 6.1 UNX T4 BAS 12M D;REWTSPP NBU MEDIAENCR ENT SVR 6.1 UNX T4 BAS 12M D;REWTSPP NBU MEDIAENCR ENT SVR 6.1 UNX T4 BAS 12M D;REWTSPP NBU MEDIAENCR ENT SVR 6.1 UNX T4 BAS 12M D;;;;79;;
1;3;2094;1;5096,0868;4143,16;REWTSPP NBU MEDIAENCR ENT SVR 6.1 UNX T4 ESS 12M E;20941643;;REWTSPP NBU MEDIAENCR ENT SVR 6.1 UNX T4 ESS 12M E;REWTSPP NBU MEDIAENCR ENT SVR 6.1 UNX T4 ESS 12M E;REWTSPP NBU MEDIAENCR ENT SVR 6.1 UNX T4 ESS 12M E;REWTSPP NBU MEDIAENCR ENT SVR 6.1 UNX T4 ESS 12M E;;;;79;;
1;3;2094;1;10113,6504;8222,48;REW NBU MSEO ENT SVR 6.1 WIN/LNX/SOLX64 T4 LIC D;20941644=A1;;REW NBU MSEO ENT SVR 6.1 WIN/LNX/SOLX64 T4 LIC D;REW NBU MSEO ENT SVR 6.1 WIN/LNX/SOLX64 T4 LIC D;REW NBU MSEO ENT SVR 6.1 WIN/LNX/SOLX64 T4 LIC D;REW NBU MSEO ENT SVR 6.1 WIN/LNX/SOLX64 T4 LIC D;;;;79;;
1;3;2094;1;2407,7004;1957,48;REW NBU MSEO ENT SVR 6.1 WIN/LNX/SOLX64 T4 BAS C;20941645=A1;;REW NBU MSEO ENT SVR 6.1 WIN/LNX/SOLX64 T4 BAS C;REW NBU MSEO ENT SVR 6.1 WIN/LNX/SOLX64 T4 BAS C;REW NBU MSEO ENT SVR 6.1 WIN/LNX/SOLX64 T4 BAS C;REW NBU MSEO ENT SVR 6.1 WIN/LNX/SOLX64 T4 BAS C;;;;79;;
1;3;2094;1;2534,415;2060,5;AE NBU MSEO ENT SVR 6.1 WIN/LNX/SOLX64 T4 BAS S;20941646;;AE NBU MSEO ENT SVR 6.1 WIN/LNX/SOLX64 T4 BAS S;AE NBU MSEO ENT SVR 6.1 WIN/LNX/SOLX64 T4 BAS S;AE NBU MSEO ENT SVR 6.1 WIN/LNX/SOLX64 T4 BAS S;AE NBU MSEO ENT SVR 6.1 WIN/LNX/SOLX64 T4 BAS S;;;;79;;
1;3;2094;1;3238,4301;2632,87;REW NBU MSEO ENT SVR 6.1 WIN/LNX/SOLX64 T4 ESS B;20941647=A1;;REW NBU MSEO ENT SVR 6.1 WIN/LNX/SOLX64 T4 ESS B;REW NBU MSEO ENT SVR 6.1 WIN/LNX/SOLX64 T4 ESS B;REW NBU MSEO ENT SVR 6.1 WIN/LNX/SOLX64 T4 ESS B;REW NBU MSEO ENT SVR 6.1 WIN/LNX/SOLX64 T4 ESS B;;;;79;;
1;3;2094;1;4435,8105;3606,35;EXP NBU MSEO SANMEDIA 6.1 UNX 1SVR T1 STD LIC S;20941649;;EXP NBU MSEO SANMEDIA 6.1 UNX 1SVR T1 STD LIC S;EXP NBU MSEO SANMEDIA 6.1 UNX 1SVR T1 STD LIC S;EXP NBU MSEO SANMEDIA 6.1 UNX 1SVR T1 STD LIC S;EXP NBU MSEO SANMEDIA 6.1 UNX 1SVR T1 STD LIC S;;;;79;;
1;3;2094;1;1056,0042;858,54;GOV NBU MSEO SANMEDIA 6.1 UNX 1SVR T1 BAS S;20941650;;GOV NBU MSEO SANMEDIA 6.1 UNX 1SVR T1 BAS S;GOV NBU MSEO SANMEDIA 6.1 UNX 1SVR T1 BAS S;GOV NBU MSEO SANMEDIA 6.1 UNX 1SVR T1 BAS S;GOV NBU MSEO SANMEDIA 6.1 UNX 1SVR T1 BAS S;;;;79;;
1;3;2094;1;798,4422;649,14;GOVTSPP NBU MEDIA SVRENCR SANMED6.1 UNX T1 BAS12M S;20941651;;GOVTSPP NBU MEDIA SVRENCR SANMED6.1 UNX T1 BAS12M S;GOVTSPP NBU MEDIA SVRENCR SANMED6.1 UNX T1 BAS12M S;GOVTSPP NBU MEDIA SVRENCR SANMED6.1 UNX T1 BAS12M S;GOVTSPP NBU MEDIA SVRENCR SANMED6.1 UNX T1 BAS12M S;;;;79;;
1;3;2094;1;2107,0146;1713,02;REW NBU MSEO SANMEDIA 6.1 WIN/LNX/SOLX64 T1 LIC C;20941653=A1;;REW NBU MSEO SANMEDIA 6.1 WIN/LNX/SOLX64 T1 LIC C;REW NBU MSEO SANMEDIA 6.1 WIN/LNX/SOLX64 T1 LIC C;REW NBU MSEO SANMEDIA 6.1 WIN/LNX/SOLX64 T1 LIC C;REW NBU MSEO SANMEDIA 6.1 WIN/LNX/SOLX64 T1 LIC C;;;;79;;
1;3;2094;1;528,0021;429,27;REW NBU MSEO SANMEDIA 6.1 WIN/LNX/SOLX64 T1 BAS A;20941654=A1;;REW NBU MSEO SANMEDIA 6.1 WIN/LNX/SOLX64 T1 BAS A;REW NBU MSEO SANMEDIA 6.1 WIN/LNX/SOLX64 T1 BAS A;REW NBU MSEO SANMEDIA 6.1 WIN/LNX/SOLX64 T1 BAS A;REW NBU MSEO SANMEDIA 6.1 WIN/LNX/SOLX64 T1 BAS A;;;;79;;
1;3;2094;1;1666,4532;1354,84;REW NBU MSEO SANMEDIA 6.1 UNX 1SVR T2 ESS C;20941658;;REW NBU MSEO SANMEDIA 6.1 UNX 1SVR T2 ESS C;REW NBU MSEO SANMEDIA 6.1 UNX 1SVR T2 ESS C;REW NBU MSEO SANMEDIA 6.1 UNX 1SVR T2 ESS C;REW NBU MSEO SANMEDIA 6.1 UNX 1SVR T2 ESS C;;;;79;;
1;3;2094;1;1754,1399;1426,13;GOV NBU MSEO SANMEDIA 6.1 UNX 1SVR T2 ESS S;20941660;;GOV NBU MSEO SANMEDIA 6.1 UNX 1SVR T2 ESS S;GOV NBU MSEO SANMEDIA 6.1 UNX 1SVR T2 ESS S;GOV NBU MSEO SANMEDIA 6.1 UNX 1SVR T2 ESS S;GOV NBU MSEO SANMEDIA 6.1 UNX 1SVR T2 ESS S;;;;79;;
1;3;2094;1;1754,1399;1426,13;EXP NBU MSEO SANMEDIA 6.1 UNX 1SVR T2 ESS S;20941661;;EXP NBU MSEO SANMEDIA 6.1 UNX 1SVR T2 ESS S;EXP NBU MSEO SANMEDIA 6.1 UNX 1SVR T2 ESS S;EXP NBU MSEO SANMEDIA 6.1 UNX 1SVR T2 ESS S;EXP NBU MSEO SANMEDIA 6.1 UNX 1SVR T2 ESS S;;;;79;;
1;3;2094;1;1754,1399;1426,13;AE NBU MSEO SANMEDIA 6.1 UNX 1SVR T2 ESS S;20941662;;AE NBU MSEO SANMEDIA 6.1 UNX 1SVR T2 ESS S;AE NBU MSEO SANMEDIA 6.1 UNX 1SVR T2 ESS S;AE NBU MSEO SANMEDIA 6.1 UNX 1SVR T2 ESS S;AE NBU MSEO SANMEDIA 6.1 UNX 1SVR T2 ESS S;;;;79;;
1;3;2094;1;1037,9847;843,89;EXPTSPP NBU MEDIA SVRENCR SANMED6.1 UNX T2 BAS12M S;20941663;;EXPTSPP NBU MEDIA SVRENCR SANMED6.1 UNX T2 BAS12M S;EXPTSPP NBU MEDIA SVRENCR SANMED6.1 UNX T2 BAS12M S;EXPTSPP NBU MEDIA SVRENCR SANMED6.1 UNX T2 BAS12M S;EXPTSPP NBU MEDIA SVRENCR SANMED6.1 UNX T2 BAS12M S;;;;79;;
1;3;2094;1;537,2517;436,79;REW NBU MSEO SANMEDIA 6.1 WIN/LNX/SOLX64 T2 BAS E;20941667=A1;;REW NBU MSEO SANMEDIA 6.1 WIN/LNX/SOLX64 T2 BAS E;REW NBU MSEO SANMEDIA 6.1 WIN/LNX/SOLX64 T2 BAS E;REW NBU MSEO SANMEDIA 6.1 WIN/LNX/SOLX64 T2 BAS E;REW NBU MSEO SANMEDIA 6.1 WIN/LNX/SOLX64 T2 BAS E;;;;79;;
1;3;2094;1;5766,5475;4688,25;REW NBU MSEO SANMEDIA 6.1 UNX 1SVR T2 STD LIC B;20941669;;REW NBU MSEO SANMEDIA 6.1 UNX 1SVR T2 STD LIC B;REW NBU MSEO SANMEDIA 6.1 UNX 1SVR T2 STD LIC B;REW NBU MSEO SANMEDIA 6.1 UNX 1SVR T2 STD LIC B;REW NBU MSEO SANMEDIA 6.1 UNX 1SVR T2 STD LIC B;;;;79;;
1;3;2094;1;986,0787;801,69;REWTSPP NBU MEDIASVR ENCR SANMEDIA 6.1 UNX T2 12M D;20941670;;REWTSPP NBU MEDIASVR ENCR SANMEDIA 6.1 UNX T2 12M D;REWTSPP NBU MEDIASVR ENCR SANMEDIA 6.1 UNX T2 12M D;REWTSPP NBU MEDIASVR ENCR SANMEDIA 6.1 UNX T2 12M D;REWTSPP NBU MEDIASVR ENCR SANMEDIA 6.1 UNX T2 12M D;;;;79;;
1;3;2094;1;2439,6927;1983,49;REW NBU MSEO SANMEDIA 6.1 WIN/LNX/SOLX64 T2 LIC B;20941672=A1;;REW NBU MSEO SANMEDIA 6.1 WIN/LNX/SOLX64 T2 LIC B;REW NBU MSEO SANMEDIA 6.1 WIN/LNX/SOLX64 T2 LIC B;REW NBU MSEO SANMEDIA 6.1 WIN/LNX/SOLX64 T2 LIC B;REW NBU MSEO SANMEDIA 6.1 WIN/LNX/SOLX64 T2 LIC B;;;;79;;
1;3;2094;1;2317,7136;1884,32;REW NBU MSEO SANMEDIA 6.1 WIN/LNX/SOLX64 T2 LIC C;20941673=A1;;REW NBU MSEO SANMEDIA 6.1 WIN/LNX/SOLX64 T2 LIC C;REW NBU MSEO SANMEDIA 6.1 WIN/LNX/SOLX64 T2 LIC C;REW NBU MSEO SANMEDIA 6.1 WIN/LNX/SOLX64 T2 LIC C;REW NBU MSEO SANMEDIA 6.1 WIN/LNX/SOLX64 T2 LIC C;;;;79;;
1;3;2094;1;580,806;472,2;REW NBU MSEO SANMEDIA 6.1 WIN/LNX/SOLX64 T2 BAS A;20941674=A1;;REW NBU MSEO SANMEDIA 6.1 WIN/LNX/SOLX64 T2 BAS A;REW NBU MSEO SANMEDIA 6.1 WIN/LNX/SOLX64 T2 BAS A;REW NBU MSEO SANMEDIA 6.1 WIN/LNX/SOLX64 T2 BAS A;REW NBU MSEO SANMEDIA 6.1 WIN/LNX/SOLX64 T2 BAS A;;;;79;;
1;3;2094;1;742,1328;603,36;GOV NBU MSEO SANMEDIA 6.1 WIN/LNX/SOLX64 T2 ESS S;20941675;;GOV NBU MSEO SANMEDIA 6.1 WIN/LNX/SOLX64 T2 ESS S;GOV NBU MSEO SANMEDIA 6.1 WIN/LNX/SOLX64 T2 ESS S;GOV NBU MSEO SANMEDIA 6.1 WIN/LNX/SOLX64 T2 ESS S;GOV NBU MSEO SANMEDIA 6.1 WIN/LNX/SOLX64 T2 ESS S;;;;79;;
1;3;2094;1;802,575;652,5;REW NBU MSEO SANMEDIA 6.1 WIN/LNX/SOLX64 T3 BAS D;20941676=A1;;REW NBU MSEO SANMEDIA 6.1 WIN/LNX/SOLX64 T3 BAS D;REW NBU MSEO SANMEDIA 6.1 WIN/LNX/SOLX64 T3 BAS D;REW NBU MSEO SANMEDIA 6.1 WIN/LNX/SOLX64 T3 BAS D;REW NBU MSEO SANMEDIA 6.1 WIN/LNX/SOLX64 T3 BAS D;;;;79;;
1;3;2094;1;844,8132;686,84;AE NBU MSEO SANMEDIA 6.1 WIN/LNX/SOLX64 T3 BAS S;20941677;;AE NBU MSEO SANMEDIA 6.1 WIN/LNX/SOLX64 T3 BAS S;AE NBU MSEO SANMEDIA 6.1 WIN/LNX/SOLX64 T3 BAS S;AE NBU MSEO SANMEDIA 6.1 WIN/LNX/SOLX64 T3 BAS S;AE NBU MSEO SANMEDIA 6.1 WIN/LNX/SOLX64 T3 BAS S;;;;79;;
1;3;2094;1;1025,5002;833,74;REW NBU MSEO SANMEDIA 6.1 WIN/LNX/SOLX64 T3 ESS C;20941678=A1;;REW NBU MSEO SANMEDIA 6.1 WIN/LNX/SOLX64 T3 ESS C;REW NBU MSEO SANMEDIA 6.1 WIN/LNX/SOLX64 T3 ESS C;REW NBU MSEO SANMEDIA 6.1 WIN/LNX/SOLX64 T3 ESS C;REW NBU MSEO SANMEDIA 6.1 WIN/LNX/SOLX64 T3 ESS C;;;;79;;
1;3;2094;1;606,8205;493,35;REWTSPP NBU MEDIASVR ENCR SNMED6.1 WIN/ T3 BAS12M C;20941679;;REWTSPP NBU MEDIASVR ENCR SNMED6.1 WIN/ T3 BAS12M C;REWTSPP NBU MEDIASVR ENCR SNMED6.1 WIN/ T3 BAS12M C;REWTSPP NBU MEDIASVR ENCR SNMED6.1 WIN/ T3 BAS12M C;REWTSPP NBU MEDIASVR ENCR SNMED6.1 WIN/ T3 BAS12M C;;;;79;;
1;3;2094;1;11976,6822;9737,14;REW NBU MSEO SANMEDIA 6.1 UNX 1SVR T4 STD LIC B;20941683;;REW NBU MSEO SANMEDIA 6.1 UNX 1SVR T4 STD LIC B;REW NBU MSEO SANMEDIA 6.1 UNX 1SVR T4 STD LIC B;REW NBU MSEO SANMEDIA 6.1 UNX 1SVR T4 STD LIC B;REW NBU MSEO SANMEDIA 6.1 UNX 1SVR T4 STD LIC B;;;;79;;
1;3;2094;1;11377,8567;9250,29;REW NBU MSEO SANMEDIA 6.1 UNX 1SVR T4 STD LIC C;20941684;;REW NBU MSEO SANMEDIA 6.1 UNX 1SVR T4 STD LIC C;REW NBU MSEO SANMEDIA 6.1 UNX 1SVR T4 STD LIC C;REW NBU MSEO SANMEDIA 6.1 UNX 1SVR T4 STD LIC C;REW NBU MSEO SANMEDIA 6.1 UNX 1SVR T4 STD LIC C;;;;79;;
1;3;2094;1;11377,8567;9250,29;REW NBU MSEO SANMEDIA 6.1 UNX 1SVR T4 STD LIC D;20941685;;REW NBU MSEO SANMEDIA 6.1 UNX 1SVR T4 STD LIC D;REW NBU MSEO SANMEDIA 6.1 UNX 1SVR T4 STD LIC D;REW NBU MSEO SANMEDIA 6.1 UNX 1SVR T4 STD LIC D;REW NBU MSEO SANMEDIA 6.1 UNX 1SVR T4 STD LIC D;;;;79;;
1;3;2094;1;2708,6691;2202,17;REW NBU MSEO SANMEDIA 6.1 UNX 1SVR T4 BAS D;20941686;;REW NBU MSEO SANMEDIA 6.1 UNX 1SVR T4 BAS D;REW NBU MSEO SANMEDIA 6.1 UNX 1SVR T4 BAS D;REW NBU MSEO SANMEDIA 6.1 UNX 1SVR T4 BAS D;REW NBU MSEO SANMEDIA 6.1 UNX 1SVR T4 BAS D;;;;79;;
1;3;2094;1;2048,0115;1665,05;REWTSPP NBU MEDIASVR ENCR SANMEDIA 6.1 UNX T4 12M D;20941689;;REWTSPP NBU MEDIASVR ENCR SANMEDIA 6.1 UNX T4 12M D;REWTSPP NBU MEDIASVR ENCR SANMEDIA 6.1 UNX T4 12M D;REWTSPP NBU MEDIASVR ENCR SANMEDIA 6.1 UNX T4 12M D;REWTSPP NBU MEDIASVR ENCR SANMEDIA 6.1 UNX T4 12M D;;;;79;;
1;3;2094;1;2616,9111;2127,57;REWTSPP NBU MEDIASVR ENCR SANMEDIA 6.1 UNX T4 12M D;20941691;;REWTSPP NBU MEDIASVR ENCR SANMEDIA 6.1 UNX T4 12M D;REWTSPP NBU MEDIASVR ENCR SANMEDIA 6.1 UNX T4 12M D;REWTSPP NBU MEDIASVR ENCR SANMEDIA 6.1 UNX T4 12M D;REWTSPP NBU MEDIASVR ENCR SANMEDIA 6.1 UNX T4 12M D;;;;79;;
1;3;2094;1;1619,2089;1316,43;EXP NBU MSEO SANMEDIA 6.1 WIN/LNX/SOLX64 T4 ESS S;20941692;;EXP NBU MSEO SANMEDIA 6.1 WIN/LNX/SOLX64 T4 ESS S;EXP NBU MSEO SANMEDIA 6.1 WIN/LNX/SOLX64 T4 ESS S;EXP NBU MSEO SANMEDIA 6.1 WIN/LNX/SOLX64 T4 ESS S;EXP NBU MSEO SANMEDIA 6.1 WIN/LNX/SOLX64 T4 ESS S;;;;79;;
1;3;2094;1;958,1331;778,97;REWTSPP NBU MEDIASVR ENCR SNMED6.1 WIN/ T4 BAS12M A;20941693;;REWTSPP NBU MEDIASVR ENCR SNMED6.1 WIN/ T4 BAS12M A;REWTSPP NBU MEDIASVR ENCR SNMED6.1 WIN/ T4 BAS12M A;REWTSPP NBU MEDIASVR ENCR SNMED6.1 WIN/ T4 BAS12M A;REWTSPP NBU MEDIASVR ENCR SNMED6.1 WIN/ T4 BAS12M A;;;;79;;
1;3;2094;1;1660,5861;1350,07;REW NBU MSEO SANMEDIA 6.1 UNX 1SVR T3 BAS E;20941697;;REW NBU MSEO SANMEDIA 6.1 UNX 1SVR T3 BAS E;REW NBU MSEO SANMEDIA 6.1 UNX 1SVR T3 BAS E;REW NBU MSEO SANMEDIA 6.1 UNX 1SVR T3 BAS E;REW NBU MSEO SANMEDIA 6.1 UNX 1SVR T3 BAS E;;;;79;;
1;3;2094;1;1255,5717;1020,79;REWTSPP NBU MEDIASVR ENCR SANMEDIA 6.1 UNX T3 12M E;20941698;;REWTSPP NBU MEDIASVR ENCR SANMEDIA 6.1 UNX T3 12M E;REWTSPP NBU MEDIASVR ENCR SANMEDIA 6.1 UNX T3 12M E;REWTSPP NBU MEDIASVR ENCR SANMEDIA 6.1 UNX T3 12M E;REWTSPP NBU MEDIASVR ENCR SANMEDIA 6.1 UNX T3 12M E;;;;79;;
1;3;2094;1;1647,6834;1339,58;REWTSPP NBU MEDIASVR ENCR SANMEDIA 6.1 UNX T3 12M C;20941700;;REWTSPP NBU MEDIASVR ENCR SANMEDIA 6.1 UNX T3 12M C;REWTSPP NBU MEDIASVR ENCR SANMEDIA 6.1 UNX T3 12M C;REWTSPP NBU MEDIASVR ENCR SANMEDIA 6.1 UNX T3 12M C;REWTSPP NBU MEDIASVR ENCR SANMEDIA 6.1 UNX T3 12M C;;;;79;;
1;3;2094;1;1734,3984;1410,08;GOVTSPP NBU MEDIA SVRENCR SANMED6.1 UNX T3 ESS12M S;20941701;;GOVTSPP NBU MEDIA SVRENCR SANMED6.1 UNX T3 ESS12M S;GOVTSPP NBU MEDIA SVRENCR SANMED6.1 UNX T3 ESS12M S;GOVTSPP NBU MEDIA SVRENCR SANMED6.1 UNX T3 ESS12M S;GOVTSPP NBU MEDIA SVRENCR SANMED6.1 UNX T3 ESS12M S;;;;79;;
1;3;2094;1;3548,6484;2885,08;REW NBU MSEO SANMEDIA 6.1 WIN/LNX/SOLX64 T3 LIC B;20941702=A1;;REW NBU MSEO SANMEDIA 6.1 WIN/LNX/SOLX64 T3 LIC B;REW NBU MSEO SANMEDIA 6.1 WIN/LNX/SOLX64 T3 LIC B;REW NBU MSEO SANMEDIA 6.1 WIN/LNX/SOLX64 T3 LIC B;REW NBU MSEO SANMEDIA 6.1 WIN/LNX/SOLX64 T3 LIC B;;;;79;;
1;3;2094;1;3371,2209;2740,83;REW NBU MSEO SANMEDIA 6.1 WIN/LNX/SOLX64 T3 LIC C;20941703=A1;;REW NBU MSEO SANMEDIA 6.1 WIN/LNX/SOLX64 T3 LIC C;REW NBU MSEO SANMEDIA 6.1 WIN/LNX/SOLX64 T3 LIC C;REW NBU MSEO SANMEDIA 6.1 WIN/LNX/SOLX64 T3 LIC C;REW NBU MSEO SANMEDIA 6.1 WIN/LNX/SOLX64 T3 LIC C;;;;79;;
1;3;2094;1;3548,6484;2885,08;EXP NBU MSEO SANMEDIA 6.1 WIN/LNX/SOLX64 T3 LIC S;20941704;;EXP NBU MSEO SANMEDIA 6.1 WIN/LNX/SOLX64 T3 LIC S;EXP NBU MSEO SANMEDIA 6.1 WIN/LNX/SOLX64 T3 LIC S;EXP NBU MSEO SANMEDIA 6.1 WIN/LNX/SOLX64 T3 LIC S;EXP NBU MSEO SANMEDIA 6.1 WIN/LNX/SOLX64 T3 LIC S;;;;79;;
1;3;2094;1;439,1469;357,03;REWTSPP NBU MEDIASVR ENCR SNMED6.1 WIN/ T2 BAS12M A;20941705;;REWTSPP NBU MEDIASVR ENCR SNMED6.1 WIN/ T2 BAS12M A;REWTSPP NBU MEDIASVR ENCR SNMED6.1 WIN/ T2 BAS12M A;REWTSPP NBU MEDIASVR ENCR SNMED6.1 WIN/ T2 BAS12M A;REWTSPP NBU MEDIASVR ENCR SNMED6.1 WIN/ T2 BAS12M A;;;;79;;
1;3;2094;1;417,2037;339,19;REWTSPP NBU MEDIASVR ENCR SNMED6.1 WIN/ T2 BAS12M D;20941706;;REWTSPP NBU MEDIASVR ENCR SNMED6.1 WIN/ T2 BAS12M D;REWTSPP NBU MEDIASVR ENCR SNMED6.1 WIN/ T2 BAS12M D;REWTSPP NBU MEDIASVR ENCR SNMED6.1 WIN/ T2 BAS12M D;REWTSPP NBU MEDIASVR ENCR SNMED6.1 WIN/ T2 BAS12M D;;;;79;;
1;3;2094;1;7163,8275;5824,25;REW NBU MSEO SANMEDIA 6.1 UNX 1SVR T3 STD LIC C;20941713;;REW NBU MSEO SANMEDIA 6.1 UNX 1SVR T3 STD LIC C;REW NBU MSEO SANMEDIA 6.1 UNX 1SVR T3 STD LIC C;REW NBU MSEO SANMEDIA 6.1 UNX 1SVR T3 STD LIC C;REW NBU MSEO SANMEDIA 6.1 UNX 1SVR T3 STD LIC C;;;;79;;
1;3;2094;1;7540,884;6130,8;EXP NBU MSEO SANMEDIA 6.1 UNX 1SVR T3 STD LIC S;20941714;;EXP NBU MSEO SANMEDIA 6.1 UNX 1SVR T3 STD LIC S;EXP NBU MSEO SANMEDIA 6.1 UNX 1SVR T3 STD LIC S;EXP NBU MSEO SANMEDIA 6.1 UNX 1SVR T3 STD LIC S;EXP NBU MSEO SANMEDIA 6.1 UNX 1SVR T3 STD LIC S;;;;79;;
1;3;2094;1;3643,2231;2961,97;REW NBU MSEO SANMEDIA 6.1 UNX 1SVR T4 ESS B;20941715;;REW NBU MSEO SANMEDIA 6.1 UNX 1SVR T4 ESS B;REW NBU MSEO SANMEDIA 6.1 UNX 1SVR T4 ESS B;REW NBU MSEO SANMEDIA 6.1 UNX 1SVR T4 ESS B;REW NBU MSEO SANMEDIA 6.1 UNX 1SVR T4 ESS B;;;;79;;
1;3;2094;1;1349,3346;1097,02;REW NBU MSEO SANMEDIA 6.1 UNX 1SVR T1 ESS B;20941717;;REW NBU MSEO SANMEDIA 6.1 UNX 1SVR T1 ESS B;REW NBU MSEO SANMEDIA 6.1 UNX 1SVR T1 ESS B;REW NBU MSEO SANMEDIA 6.1 UNX 1SVR T1 ESS B;REW NBU MSEO SANMEDIA 6.1 UNX 1SVR T1 ESS B;;;;79;;
1;3;2094;1;1281,8814;1042,18;REW NBU MSEO SANMEDIA 6.1 UNX 1SVR T1 ESS C;20941718;;REW NBU MSEO SANMEDIA 6.1 UNX 1SVR T1 ESS C;REW NBU MSEO SANMEDIA 6.1 UNX 1SVR T1 ESS C;REW NBU MSEO SANMEDIA 6.1 UNX 1SVR T1 ESS C;REW NBU MSEO SANMEDIA 6.1 UNX 1SVR T1 ESS C;;;;79;;
1;3;2094;1;1281,8814;1042,18;REW NBU MSEO SANMEDIA 6.1 UNX 1SVR T1 ESS D;20941719;;REW NBU MSEO SANMEDIA 6.1 UNX 1SVR T1 ESS D;REW NBU MSEO SANMEDIA 6.1 UNX 1SVR T1 ESS D;REW NBU MSEO SANMEDIA 6.1 UNX 1SVR T1 ESS D;REW NBU MSEO SANMEDIA 6.1 UNX 1SVR T1 ESS D;;;;79;;
1;3;2094;1;798,4422;649,14;REWTSPP NBU MEDIASVR ENCR SANMEDIA 6.1 UNX T1 12M B;20941720;;REWTSPP NBU MEDIASVR ENCR SANMEDIA 6.1 UNX T1 12M B;REWTSPP NBU MEDIASVR ENCR SANMEDIA 6.1 UNX T1 12M B;REWTSPP NBU MEDIASVR ENCR SANMEDIA 6.1 UNX T1 12M B;REWTSPP NBU MEDIASVR ENCR SANMEDIA 6.1 UNX T1 12M B;;;;79;;
1;3;2094;1;758,5287;616,69;REWTSPP NBU MEDIASVR ENCR SANMEDIA 6.1 UNX T1 12M C;20941721;;REWTSPP NBU MEDIASVR ENCR SANMEDIA 6.1 UNX T1 12M C;REWTSPP NBU MEDIASVR ENCR SANMEDIA 6.1 UNX T1 12M C;REWTSPP NBU MEDIASVR ENCR SANMEDIA 6.1 UNX T1 12M C;REWTSPP NBU MEDIASVR ENCR SANMEDIA 6.1 UNX T1 12M C;;;;79;;
1;3;2094;1;2217,8991;1803,17;REW NBU MSEO SANMEDIA 6.1 WIN/LNX/SOLX64 T1 LIC B;20941725=A1;;REW NBU MSEO SANMEDIA 6.1 WIN/LNX/SOLX64 T1 LIC B;REW NBU MSEO SANMEDIA 6.1 WIN/LNX/SOLX64 T1 LIC B;REW NBU MSEO SANMEDIA 6.1 WIN/LNX/SOLX64 T1 LIC B;REW NBU MSEO SANMEDIA 6.1 WIN/LNX/SOLX64 T1 LIC B;;;;79;;
1;3;2094;1;3548,6484;2885,08;AE NBU MSEO SANMEDIA 6.1 WIN/LNX/SOLX64 T3 LIC S;20941726;;AE NBU MSEO SANMEDIA 6.1 WIN/LNX/SOLX64 T3 LIC S;AE NBU MSEO SANMEDIA 6.1 WIN/LNX/SOLX64 T3 LIC S;AE NBU MSEO SANMEDIA 6.1 WIN/LNX/SOLX64 T3 LIC S;AE NBU MSEO SANMEDIA 6.1 WIN/LNX/SOLX64 T3 LIC S;;;;79;;
1;3;2094;1;1079,4849;877,63;GOV NBU MSEO SANMEDIA 6.1 WIN/LNX/SOLX64 T3 ESS S;20941727;;GOV NBU MSEO SANMEDIA 6.1 WIN/LNX/SOLX64 T3 ESS S;GOV NBU MSEO SANMEDIA 6.1 WIN/LNX/SOLX64 T3 ESS S;GOV NBU MSEO SANMEDIA 6.1 WIN/LNX/SOLX64 T3 ESS S;GOV NBU MSEO SANMEDIA 6.1 WIN/LNX/SOLX64 T3 ESS S;;;;79;;
1;3;2094;1;816,1911;663,57;GOVTSPP NBU MEDIA SVRENCR SANMED6.1 WIN/ T3ESS12M S;20941731;;GOVTSPP NBU MEDIA SVRENCR SANMED6.1 WIN/ T3ESS12M S;GOVTSPP NBU MEDIA SVRENCR SANMED6.1 WIN/ T3ESS12M S;GOVTSPP NBU MEDIA SVRENCR SANMED6.1 WIN/ T3ESS12M S;GOVTSPP NBU MEDIA SVRENCR SANMED6.1 WIN/ T3ESS12M S;;;;79;;
1;3;2094;1;2851,2138;2318,06;REW NBU MSEO SANMEDIA 6.1 UNX 1SVR T4 BAS B;20941732;;REW NBU MSEO SANMEDIA 6.1 UNX 1SVR T4 BAS B;REW NBU MSEO SANMEDIA 6.1 UNX 1SVR T4 BAS B;REW NBU MSEO SANMEDIA 6.1 UNX 1SVR T4 BAS B;REW NBU MSEO SANMEDIA 6.1 UNX 1SVR T4 BAS B;;;;79;;
1;3;2094;1;3643,2231;2961,97;GOV NBU MSEO SANMEDIA 6.1 UNX 1SVR T4 ESS S;20941733;;GOV NBU MSEO SANMEDIA 6.1 UNX 1SVR T4 ESS S;GOV NBU MSEO SANMEDIA 6.1 UNX 1SVR T4 ESS S;GOV NBU MSEO SANMEDIA 6.1 UNX 1SVR T4 ESS S;GOV NBU MSEO SANMEDIA 6.1 UNX 1SVR T4 ESS S;;;;79;;
1;3;2094;1;1705,4442;1386,54;REW NBU MSEO SANMEDIA 6.1 UNX 1SVR T3 BAS C;20941734;;REW NBU MSEO SANMEDIA 6.1 UNX 1SVR T3 BAS C;REW NBU MSEO SANMEDIA 6.1 UNX 1SVR T3 BAS C;REW NBU MSEO SANMEDIA 6.1 UNX 1SVR T3 BAS C;REW NBU MSEO SANMEDIA 6.1 UNX 1SVR T3 BAS C;;;;79;;
1;3;2094;1;2051,5539;1667,93;REW NBU MSEO SANMEDIA 6.1 WIN/LNX/SOLX64 T1 LIC E;20941738=A1;;REW NBU MSEO SANMEDIA 6.1 WIN/LNX/SOLX64 T1 LIC E;REW NBU MSEO SANMEDIA 6.1 WIN/LNX/SOLX64 T1 LIC E;REW NBU MSEO SANMEDIA 6.1 WIN/LNX/SOLX64 T1 LIC E;REW NBU MSEO SANMEDIA 6.1 WIN/LNX/SOLX64 T1 LIC E;;;;79;;
1;3;2094;1;2217,8991;1803,17;GOV NBU MSEO SANMEDIA 6.1 WIN/LNX/SOLX64 T1 LIC S;20941739;;GOV NBU MSEO SANMEDIA 6.1 WIN/LNX/SOLX64 T1 LIC S;GOV NBU MSEO SANMEDIA 6.1 WIN/LNX/SOLX64 T1 LIC S;GOV NBU MSEO SANMEDIA 6.1 WIN/LNX/SOLX64 T1 LIC S;GOV NBU MSEO SANMEDIA 6.1 WIN/LNX/SOLX64 T1 LIC S;;;;79;;
1;3;2094;1;528,0021;429,27;REW NBU MSEO SANMEDIA 6.1 WIN/LNX/SOLX64 T1 BAS B;20941740=A1;;REW NBU MSEO SANMEDIA 6.1 WIN/LNX/SOLX64 T1 BAS B;REW NBU MSEO SANMEDIA 6.1 WIN/LNX/SOLX64 T1 BAS B;REW NBU MSEO SANMEDIA 6.1 WIN/LNX/SOLX64 T1 BAS B;REW NBU MSEO SANMEDIA 6.1 WIN/LNX/SOLX64 T1 BAS B;;;;79;;
1;3;2094;1;674,6796;548,52;REW NBU MSEO SANMEDIA 6.1 WIN/LNX/SOLX64 T1 ESS A;20941741=A1;;REW NBU MSEO SANMEDIA 6.1 WIN/LNX/SOLX64 T1 ESS A;REW NBU MSEO SANMEDIA 6.1 WIN/LNX/SOLX64 T1 ESS A;REW NBU MSEO SANMEDIA 6.1 WIN/LNX/SOLX64 T1 ESS A;REW NBU MSEO SANMEDIA 6.1 WIN/LNX/SOLX64 T1 ESS A;;;;79;;
1;3;2094;1;674,6796;548,52;REW NBU MSEO SANMEDIA 6.1 WIN/LNX/SOLX64 T1 ESS B;20941742=A1;;REW NBU MSEO SANMEDIA 6.1 WIN/LNX/SOLX64 T1 ESS B;REW NBU MSEO SANMEDIA 6.1 WIN/LNX/SOLX64 T1 ESS B;REW NBU MSEO SANMEDIA 6.1 WIN/LNX/SOLX64 T1 ESS B;REW NBU MSEO SANMEDIA 6.1 WIN/LNX/SOLX64 T1 ESS B;;;;79;;
1;3;2094;1;624,0774;507,38;REW NBU MSEO SANMEDIA 6.1 WIN/LNX/SOLX64 T1 ESS E;20941743=A1;;REW NBU MSEO SANMEDIA 6.1 WIN/LNX/SOLX64 T1 ESS E;REW NBU MSEO SANMEDIA 6.1 WIN/LNX/SOLX64 T1 ESS E;REW NBU MSEO SANMEDIA 6.1 WIN/LNX/SOLX64 T1 ESS E;REW NBU MSEO SANMEDIA 6.1 WIN/LNX/SOLX64 T1 ESS E;;;;79;;
1;3;2094;1;2155,8087;1752,69;AE TSPP NBU MEDIA SVR ENC SANMED6.1 UNX T4 BAS12M S;20941748;;AE TSPP NBU MEDIA SVR ENC SANMED6.1 UNX T4 BAS12M S;AE TSPP NBU MEDIA SVR ENC SANMED6.1 UNX T4 BAS12M S;AE TSPP NBU MEDIA SVR ENC SANMED6.1 UNX T4 BAS12M S;AE TSPP NBU MEDIA SVR ENC SANMED6.1 UNX T4 BAS12M S;;;;79;;
1;3;2094;1;2548,0434;2071,58;REWTSPP NBU MEDIASVR ENCR SANMEDIA 6.1 UNX T4 12M E;20941751;;REWTSPP NBU MEDIASVR ENCR SANMEDIA 6.1 UNX T4 12M E;REWTSPP NBU MEDIASVR ENCR SANMEDIA 6.1 UNX T4 12M E;REWTSPP NBU MEDIASVR ENCR SANMEDIA 6.1 UNX T4 12M E;REWTSPP NBU MEDIASVR ENCR SANMEDIA 6.1 UNX T4 12M E;;;;79;;
1;3;2094;1;5056,8252;4111,24;REW NBU MSEO SANMEDIA 6.1 WIN/LNX/SOLX64 T4 LIC D;20941752=A1;;REW NBU MSEO SANMEDIA 6.1 WIN/LNX/SOLX64 T4 LIC D;REW NBU MSEO SANMEDIA 6.1 WIN/LNX/SOLX64 T4 LIC D;REW NBU MSEO SANMEDIA 6.1 WIN/LNX/SOLX64 T4 LIC D;REW NBU MSEO SANMEDIA 6.1 WIN/LNX/SOLX64 T4 LIC D;;;;79;;
1;3;2094;1;1203,8502;978,74;REW NBU MSEO SANMEDIA 6.1 WIN/LNX/SOLX64 T4 BAS D;20941753=A1;;REW NBU MSEO SANMEDIA 6.1 WIN/LNX/SOLX64 T4 BAS D;REW NBU MSEO SANMEDIA 6.1 WIN/LNX/SOLX64 T4 BAS D;REW NBU MSEO SANMEDIA 6.1 WIN/LNX/SOLX64 T4 BAS D;REW NBU MSEO SANMEDIA 6.1 WIN/LNX/SOLX64 T4 BAS D;;;;79;;
1;3;2094;1;1538,2503;1250,61;REW NBU MSEO SANMEDIA 6.1 WIN/LNX/SOLX64 T4 ESS C;20941754=A1;;REW NBU MSEO SANMEDIA 6.1 WIN/LNX/SOLX64 T4 ESS C;REW NBU MSEO SANMEDIA 6.1 WIN/LNX/SOLX64 T4 ESS C;REW NBU MSEO SANMEDIA 6.1 WIN/LNX/SOLX64 T4 ESS C;REW NBU MSEO SANMEDIA 6.1 WIN/LNX/SOLX64 T4 ESS C;;;;79;;
1;3;2094;1;3461,0724;2813,88;REW NBU MSEO SANMEDIA 6.1 UNX 1SVR T4 ESS C;20941757;;REW NBU MSEO SANMEDIA 6.1 UNX 1SVR T4 ESS C;REW NBU MSEO SANMEDIA 6.1 UNX 1SVR T4 ESS C;REW NBU MSEO SANMEDIA 6.1 UNX 1SVR T4 ESS C;REW NBU MSEO SANMEDIA 6.1 UNX 1SVR T4 ESS C;;;;79;;
1;3;2094;1;3643,2231;2961,97;AE NBU MSEO SANMEDIA 6.1 UNX 1SVR T4 ESS S;20941758;;AE NBU MSEO SANMEDIA 6.1 UNX 1SVR T4 ESS S;AE NBU MSEO SANMEDIA 6.1 UNX 1SVR T4 ESS S;AE NBU MSEO SANMEDIA 6.1 UNX 1SVR T4 ESS S;AE NBU MSEO SANMEDIA 6.1 UNX 1SVR T4 ESS S;;;;79;;
1;3;2094;1;484,62;394;REWTSPP NBU MEDIASVR ENCR SNMED6.1 WIN/ T1 ESS12M C;20941759;;REWTSPP NBU MEDIASVR ENCR SNMED6.1 WIN/ T1 ESS12M C;REWTSPP NBU MEDIASVR ENCR SNMED6.1 WIN/ T1 ESS12M C;REWTSPP NBU MEDIASVR ENCR SNMED6.1 WIN/ T1 ESS12M C;REWTSPP NBU MEDIASVR ENCR SNMED6.1 WIN/ T1 ESS12M C;;;;79;;
1;3;2094;1;484,62;394;REWTSPP NBU MEDIASVR ENCR SNMED6.1 WIN/ T1 ESS12M D;20941760;;REWTSPP NBU MEDIASVR ENCR SNMED6.1 WIN/ T1 ESS12M D;REWTSPP NBU MEDIASVR ENCR SNMED6.1 WIN/ T1 ESS12M D;REWTSPP NBU MEDIASVR ENCR SNMED6.1 WIN/ T1 ESS12M D;REWTSPP NBU MEDIASVR ENCR SNMED6.1 WIN/ T1 ESS12M D;;;;79;;
1;3;2094;1;510,1179;414,73;EXPTSPP NBU MEDIA SVRENCR SANMED6.1 WIN/ T1ESS12M S;20941761;;EXPTSPP NBU MEDIA SVRENCR SANMED6.1 WIN/ T1ESS12M S;EXPTSPP NBU MEDIA SVRENCR SANMED6.1 WIN/ T1ESS12M S;EXPTSPP NBU MEDIA SVRENCR SANMED6.1 WIN/ T1ESS12M S;EXPTSPP NBU MEDIA SVRENCR SANMED6.1 WIN/ T1ESS12M S;;;;79;;
1;3;2094;1;5478,2232;4453,84;REW NBU MSEO SANMEDIA 6.1 UNX 1SVR T2 STD LIC D;20941762;;REW NBU MSEO SANMEDIA 6.1 UNX 1SVR T2 STD LIC D;REW NBU MSEO SANMEDIA 6.1 UNX 1SVR T2 STD LIC D;REW NBU MSEO SANMEDIA 6.1 UNX 1SVR T2 STD LIC D;REW NBU MSEO SANMEDIA 6.1 UNX 1SVR T2 STD LIC D;;;;79;;
1;3;2094;1;1372,8153;1116,11;REW NBU MSEO SANMEDIA 6.1 UNX 1SVR T2 BAS A;20941763;;REW NBU MSEO SANMEDIA 6.1 UNX 1SVR T2 BAS A;REW NBU MSEO SANMEDIA 6.1 UNX 1SVR T2 BAS A;REW NBU MSEO SANMEDIA 6.1 UNX 1SVR T2 BAS A;REW NBU MSEO SANMEDIA 6.1 UNX 1SVR T2 BAS A;;;;79;;
1;3;2094;1;1372,8153;1116,11;EXP NBU MSEO SANMEDIA 6.1 UNX 1SVR T2 BAS S;20941764;;EXP NBU MSEO SANMEDIA 6.1 UNX 1SVR T2 BAS S;EXP NBU MSEO SANMEDIA 6.1 UNX 1SVR T2 BAS S;EXP NBU MSEO SANMEDIA 6.1 UNX 1SVR T2 BAS S;EXP NBU MSEO SANMEDIA 6.1 UNX 1SVR T2 BAS S;;;;79;;
1;3;2094;1;1372,8153;1116,11;AE NBU MSEO SANMEDIA 6.1 UNX 1SVR T2 BAS S;20941765;;AE NBU MSEO SANMEDIA 6.1 UNX 1SVR T2 BAS S;AE NBU MSEO SANMEDIA 6.1 UNX 1SVR T2 BAS S;AE NBU MSEO SANMEDIA 6.1 UNX 1SVR T2 BAS S;AE NBU MSEO SANMEDIA 6.1 UNX 1SVR T2 BAS S;;;;79;;
1;3;2094;1;1754,1399;1426,13;REW NBU MSEO SANMEDIA 6.1 UNX 1SVR T2 ESS B;20941766;;REW NBU MSEO SANMEDIA 6.1 UNX 1SVR T2 ESS B;REW NBU MSEO SANMEDIA 6.1 UNX 1SVR T2 ESS B;REW NBU MSEO SANMEDIA 6.1 UNX 1SVR T2 ESS B;REW NBU MSEO SANMEDIA 6.1 UNX 1SVR T2 ESS B;;;;79;;
1;3;2094;1;1666,4532;1354,84;REW NBU MSEO SANMEDIA 6.1 UNX 1SVR T2 ESS D;20941767;;REW NBU MSEO SANMEDIA 6.1 UNX 1SVR T2 ESS D;REW NBU MSEO SANMEDIA 6.1 UNX 1SVR T2 ESS D;REW NBU MSEO SANMEDIA 6.1 UNX 1SVR T2 ESS D;REW NBU MSEO SANMEDIA 6.1 UNX 1SVR T2 ESS D;;;;79;;
1;3;2094;1;1326,309;1078,3;REWTSPP NBU MEDIASVR ENCR SANMEDIA 6.1 UNX T2 12M B;20941768;;REWTSPP NBU MEDIASVR ENCR SANMEDIA 6.1 UNX T2 12M B;REWTSPP NBU MEDIASVR ENCR SANMEDIA 6.1 UNX T2 12M B;REWTSPP NBU MEDIASVR ENCR SANMEDIA 6.1 UNX T2 12M B;REWTSPP NBU MEDIASVR ENCR SANMEDIA 6.1 UNX T2 12M B;;;;79;;
1;3;2094;1;399,2211;324,57;REWTSPP NBU MEDIASVR ENCR SNMED6.1 WIN/ T1 BAS12M A;20941769;;REWTSPP NBU MEDIASVR ENCR SNMED6.1 WIN/ T1 BAS12M A;REWTSPP NBU MEDIASVR ENCR SNMED6.1 WIN/ T1 BAS12M A;REWTSPP NBU MEDIASVR ENCR SNMED6.1 WIN/ T1 BAS12M A;REWTSPP NBU MEDIASVR ENCR SNMED6.1 WIN/ T1 BAS12M A;;;;79;;
1;3;2094;1;5766,5475;4688,25;GOV NBU MSEO SANMEDIA 6.1 UNX 1SVR T2 STD LIC S;20941775;;GOV NBU MSEO SANMEDIA 6.1 UNX 1SVR T2 STD LIC S;GOV NBU MSEO SANMEDIA 6.1 UNX 1SVR T2 STD LIC S;GOV NBU MSEO SANMEDIA 6.1 UNX 1SVR T2 STD LIC S;GOV NBU MSEO SANMEDIA 6.1 UNX 1SVR T2 STD LIC S;;;;79;;
1;3;2094;1;5766,5475;4688,25;EXP NBU MSEO SANMEDIA 6.1 UNX 1SVR T2 STD LIC S;20941776;;EXP NBU MSEO SANMEDIA 6.1 UNX 1SVR T2 STD LIC S;EXP NBU MSEO SANMEDIA 6.1 UNX 1SVR T2 STD LIC S;EXP NBU MSEO SANMEDIA 6.1 UNX 1SVR T2 STD LIC S;EXP NBU MSEO SANMEDIA 6.1 UNX 1SVR T2 STD LIC S;;;;79;;
1;3;2094;1;1372,8153;1116,11;GOV NBU MSEO SANMEDIA 6.1 UNX 1SVR T2 BAS S;20941777;;GOV NBU MSEO SANMEDIA 6.1 UNX 1SVR T2 BAS S;GOV NBU MSEO SANMEDIA 6.1 UNX 1SVR T2 BAS S;GOV NBU MSEO SANMEDIA 6.1 UNX 1SVR T2 BAS S;GOV NBU MSEO SANMEDIA 6.1 UNX 1SVR T2 BAS S;;;;79;;
1;3;2094;1;1622,5914;1319,18;REW NBU MSEO SANMEDIA 6.1 UNX 1SVR T2 ESS E;20941778;;REW NBU MSEO SANMEDIA 6.1 UNX 1SVR T2 ESS E;REW NBU MSEO SANMEDIA 6.1 UNX 1SVR T2 ESS E;REW NBU MSEO SANMEDIA 6.1 UNX 1SVR T2 ESS E;REW NBU MSEO SANMEDIA 6.1 UNX 1SVR T2 ESS E;;;;79;;
1;3;2094;1;2048,0115;1665,05;REWTSPP NBU MEDIASVR ENCR SANMEDIA 6.1 UNX T4 12M C;20941779;;REWTSPP NBU MEDIASVR ENCR SANMEDIA 6.1 UNX T4 12M C;REWTSPP NBU MEDIASVR ENCR SANMEDIA 6.1 UNX T4 12M C;REWTSPP NBU MEDIASVR ENCR SANMEDIA 6.1 UNX T4 12M C;REWTSPP NBU MEDIASVR ENCR SANMEDIA 6.1 UNX T4 12M C;;;;79;;
1;3;2094;1;1259,9997;1024,39;REWTSPP NBU MEDIASVR ENCR SANMEDIA 6.1 UNX T2 12M D;20941782;;REWTSPP NBU MEDIASVR ENCR SANMEDIA 6.1 UNX T2 12M D;REWTSPP NBU MEDIASVR ENCR SANMEDIA 6.1 UNX T2 12M D;REWTSPP NBU MEDIASVR ENCR SANMEDIA 6.1 UNX T2 12M D;REWTSPP NBU MEDIASVR ENCR SANMEDIA 6.1 UNX T2 12M D;;;;79;;
1;3;2094;1;2439,6927;1983,49;EXP NBU MSEO SANMEDIA 6.1 WIN/LNX/SOLX64 T2 LIC S;20941783;;EXP NBU MSEO SANMEDIA 6.1 WIN/LNX/SOLX64 T2 LIC S;EXP NBU MSEO SANMEDIA 6.1 WIN/LNX/SOLX64 T2 LIC S;EXP NBU MSEO SANMEDIA 6.1 WIN/LNX/SOLX64 T2 LIC S;EXP NBU MSEO SANMEDIA 6.1 WIN/LNX/SOLX64 T2 LIC S;;;;79;;
1;3;2094;1;551,778;448,6;REW NBU MSEO SANMEDIA 6.1 WIN/LNX/SOLX64 T2 BAS C;20941784=A1;;REW NBU MSEO SANMEDIA 6.1 WIN/LNX/SOLX64 T2 BAS C;REW NBU MSEO SANMEDIA 6.1 WIN/LNX/SOLX64 T2 BAS C;REW NBU MSEO SANMEDIA 6.1 WIN/LNX/SOLX64 T2 BAS C;REW NBU MSEO SANMEDIA 6.1 WIN/LNX/SOLX64 T2 BAS C;;;;79;;
1;3;2094;1;551,778;448,6;REW NBU MSEO SANMEDIA 6.1 WIN/LNX/SOLX64 T2 BAS D;20941785=A1;;REW NBU MSEO SANMEDIA 6.1 WIN/LNX/SOLX64 T2 BAS D;REW NBU MSEO SANMEDIA 6.1 WIN/LNX/SOLX64 T2 BAS D;REW NBU MSEO SANMEDIA 6.1 WIN/LNX/SOLX64 T2 BAS D;REW NBU MSEO SANMEDIA 6.1 WIN/LNX/SOLX64 T2 BAS D;;;;79;;
1;3;2094;1;439,1469;357,03;EXPTSPP NBU MEDIA SVRENCR SANMED6.1 WIN/ T2BAS12M S;20941788;;EXPTSPP NBU MEDIA SVRENCR SANMED6.1 WIN/ T2BAS12M S;EXPTSPP NBU MEDIA SVRENCR SANMED6.1 WIN/ T2BAS12M S;EXPTSPP NBU MEDIA SVRENCR SANMED6.1 WIN/ T2BAS12M S;EXPTSPP NBU MEDIA SVRENCR SANMED6.1 WIN/ T2BAS12M S;;;;79;;
1;3;2094;1;519,0477;421,99;REWTSPP NBU MEDIASVR ENCR SNMED6.1 WIN/ T2 ESS12M E;20941791;;REWTSPP NBU MEDIASVR ENCR SNMED6.1 WIN/ T2 ESS12M E;REWTSPP NBU MEDIASVR ENCR SNMED6.1 WIN/ T2 ESS12M E;REWTSPP NBU MEDIASVR ENCR SNMED6.1 WIN/ T2 ESS12M E;REWTSPP NBU MEDIASVR ENCR SNMED6.1 WIN/ T2 ESS12M E;;;;79;;
1;3;2094;1;1538,2503;1250,61;REW NBU MSEO SANMEDIA 6.1 WIN/LNX/SOLX64 T4 ESS D;20941792=A1;;REW NBU MSEO SANMEDIA 6.1 WIN/LNX/SOLX64 T4 ESS D;REW NBU MSEO SANMEDIA 6.1 WIN/LNX/SOLX64 T4 ESS D;REW NBU MSEO SANMEDIA 6.1 WIN/LNX/SOLX64 T4 ESS D;REW NBU MSEO SANMEDIA 6.1 WIN/LNX/SOLX64 T4 ESS D;;;;79;;
1;3;2094;1;1619,2089;1316,43;AE NBU MSEO SANMEDIA 6.1 WIN/LNX/SOLX64 T4 ESS S;20941793;;AE NBU MSEO SANMEDIA 6.1 WIN/LNX/SOLX64 T4 ESS S;AE NBU MSEO SANMEDIA 6.1 WIN/LNX/SOLX64 T4 ESS S;AE NBU MSEO SANMEDIA 6.1 WIN/LNX/SOLX64 T4 ESS S;AE NBU MSEO SANMEDIA 6.1 WIN/LNX/SOLX64 T4 ESS S;;;;79;;
1;3;2094;1;886,2765;720,55;REWTSPP NBU MEDIASVR ENCR SNMED6.1 WIN/ T4 BAS12M E;20941794;;REWTSPP NBU MEDIASVR ENCR SNMED6.1 WIN/ T4 BAS12M E;REWTSPP NBU MEDIASVR ENCR SNMED6.1 WIN/ T4 BAS12M E;REWTSPP NBU MEDIASVR ENCR SNMED6.1 WIN/ T4 BAS12M E;REWTSPP NBU MEDIASVR ENCR SNMED6.1 WIN/ T4 BAS12M E;;;;79;;
1;3;2094;1;958,1331;778,97;EXPTSPP NBU MEDIA SVRENCR SANMED6.1 WIN/ T4BAS12M S;20941795;;EXPTSPP NBU MEDIA SVRENCR SANMED6.1 WIN/ T4BAS12M S;EXPTSPP NBU MEDIA SVRENCR SANMED6.1 WIN/ T4BAS12M S;EXPTSPP NBU MEDIA SVRENCR SANMED6.1 WIN/ T4BAS12M S;EXPTSPP NBU MEDIA SVRENCR SANMED6.1 WIN/ T4BAS12M S;;;;79;;
1;3;2094;1;1224,2805;995,35;AE TSPP NBU MEDIA SVR ENC SANMED6.1 WIN/ T4ESS12M S;20941796;;AE TSPP NBU MEDIA SVR ENC SANMED6.1 WIN/ T4ESS12M S;AE TSPP NBU MEDIA SVR ENC SANMED6.1 WIN/ T4ESS12M S;AE TSPP NBU MEDIA SVR ENC SANMED6.1 WIN/ T4ESS12M S;AE TSPP NBU MEDIA SVR ENC SANMED6.1 WIN/ T4ESS12M S;;;;79;;
1;3;2094;1;4435,8105;3606,35;REW NBU MSEO SANMEDIA 6.1 UNX 1SVR T1 STD LIC B;20941797;;REW NBU MSEO SANMEDIA 6.1 UNX 1SVR T1 STD LIC B;REW NBU MSEO SANMEDIA 6.1 UNX 1SVR T1 STD LIC B;REW NBU MSEO SANMEDIA 6.1 UNX 1SVR T1 STD LIC B;REW NBU MSEO SANMEDIA 6.1 UNX 1SVR T1 STD LIC B;;;;79;;
1;3;2094;1;4103,1324;3335,88;REW NBU MSEO SANMEDIA 6.1 UNX 1SVR T1 STD LIC E;20941798;;REW NBU MSEO SANMEDIA 6.1 UNX 1SVR T1 STD LIC E;REW NBU MSEO SANMEDIA 6.1 UNX 1SVR T1 STD LIC E;REW NBU MSEO SANMEDIA 6.1 UNX 1SVR T1 STD LIC E;REW NBU MSEO SANMEDIA 6.1 UNX 1SVR T1 STD LIC E;;;;79;;
1;3;2094;1;2616,9111;2127,57;REWTSPP NBU MEDIASVR ENCR SANMEDIA 6.1 UNX T4 12M C;20941801;;REWTSPP NBU MEDIASVR ENCR SANMEDIA 6.1 UNX T4 12M C;REWTSPP NBU MEDIASVR ENCR SANMEDIA 6.1 UNX T4 12M C;REWTSPP NBU MEDIASVR ENCR SANMEDIA 6.1 UNX T4 12M C;REWTSPP NBU MEDIASVR ENCR SANMEDIA 6.1 UNX T4 12M C;;;;79;;
1;3;2094;1;1267,2075;1030,25;REW NBU MSEO SANMEDIA 6.1 WIN/LNX/SOLX64 T4 BAS A;20941802=A1;;REW NBU MSEO SANMEDIA 6.1 WIN/LNX/SOLX64 T4 BAS A;REW NBU MSEO SANMEDIA 6.1 WIN/LNX/SOLX64 T4 BAS A;REW NBU MSEO SANMEDIA 6.1 WIN/LNX/SOLX64 T4 BAS A;REW NBU MSEO SANMEDIA 6.1 WIN/LNX/SOLX64 T4 BAS A;;;;79;;
1;3;2094;1;958,1331;778,97;GOVTSPP NBU MEDIA SVRENCR SANMED6.1 WIN/ T4BAS12M S;20941803;;GOVTSPP NBU MEDIA SVRENCR SANMED6.1 WIN/ T4BAS12M S;GOVTSPP NBU MEDIA SVRENCR SANMED6.1 WIN/ T4BAS12M S;GOVTSPP NBU MEDIA SVRENCR SANMED6.1 WIN/ T4BAS12M S;GOVTSPP NBU MEDIA SVRENCR SANMED6.1 WIN/ T4BAS12M S;;;;79;;
1;3;2094;1;958,1331;778,97;AE TSPP NBU MEDIA SVR ENC SANMED6.1 WIN/ T4BAS12M S;20941804;;AE TSPP NBU MEDIA SVR ENC SANMED6.1 WIN/ T4BAS12M S;AE TSPP NBU MEDIA SVR ENC SANMED6.1 WIN/ T4BAS12M S;AE TSPP NBU MEDIA SVR ENC SANMED6.1 WIN/ T4BAS12M S;AE TSPP NBU MEDIA SVR ENC SANMED6.1 WIN/ T4BAS12M S;;;;79;;
1;3;2094;1;561,1383;456,21;GOVTSPP NBU MEDIA SVRENCR SANMED6.1 WIN/ T2ESS12M S;20941805;;GOVTSPP NBU MEDIA SVRENCR SANMED6.1 WIN/ T2ESS12M S;GOVTSPP NBU MEDIA SVRENCR SANMED6.1 WIN/ T2ESS12M S;GOVTSPP NBU MEDIA SVRENCR SANMED6.1 WIN/ T2ESS12M S;GOVTSPP NBU MEDIA SVRENCR SANMED6.1 WIN/ T2ESS12M S;;;;79;;
1;3;2094;1;7540,884;6130,8;REW NBU MSEO SANMEDIA 6.1 UNX 1SVR T3 STD LIC A;20941806;;REW NBU MSEO SANMEDIA 6.1 UNX 1SVR T3 STD LIC A;REW NBU MSEO SANMEDIA 6.1 UNX 1SVR T3 STD LIC A;REW NBU MSEO SANMEDIA 6.1 UNX 1SVR T3 STD LIC A;REW NBU MSEO SANMEDIA 6.1 UNX 1SVR T3 STD LIC A;;;;79;;
1;3;2094;1;7540,884;6130,8;REW NBU MSEO SANMEDIA 6.1 UNX 1SVR T3 STD LIC B;20941807;;REW NBU MSEO SANMEDIA 6.1 UNX 1SVR T3 STD LIC B;REW NBU MSEO SANMEDIA 6.1 UNX 1SVR T3 STD LIC B;REW NBU MSEO SANMEDIA 6.1 UNX 1SVR T3 STD LIC B;REW NBU MSEO SANMEDIA 6.1 UNX 1SVR T3 STD LIC B;;;;79;;
1;3;2094;1;2293,8885;1864,95;REW NBU MSEO SANMEDIA 6.1 UNX 1SVR T3 ESS A;20941809;;REW NBU MSEO SANMEDIA 6.1 UNX 1SVR T3 ESS A;REW NBU MSEO SANMEDIA 6.1 UNX 1SVR T3 ESS A;REW NBU MSEO SANMEDIA 6.1 UNX 1SVR T3 ESS A;REW NBU MSEO SANMEDIA 6.1 UNX 1SVR T3 ESS A;;;;79;;
1;3;2094;1;2293,8885;1864,95;GOV NBU MSEO SANMEDIA 6.1 UNX 1SVR T3 ESS S;20941810;;GOV NBU MSEO SANMEDIA 6.1 UNX 1SVR T3 ESS S;GOV NBU MSEO SANMEDIA 6.1 UNX 1SVR T3 ESS S;GOV NBU MSEO SANMEDIA 6.1 UNX 1SVR T3 ESS S;GOV NBU MSEO SANMEDIA 6.1 UNX 1SVR T3 ESS S;;;;79;;
1;3;2094;1;1357,3542;1103,54;REWTSPP NBU MEDIASVR ENCR SANMEDIA 6.1 UNX T3 12M A;20941811;;REWTSPP NBU MEDIASVR ENCR SANMEDIA 6.1 UNX T3 12M A;REWTSPP NBU MEDIASVR ENCR SANMEDIA 6.1 UNX T3 12M A;REWTSPP NBU MEDIASVR ENCR SANMEDIA 6.1 UNX T3 12M A;REWTSPP NBU MEDIASVR ENCR SANMEDIA 6.1 UNX T3 12M A;;;;79;;
1;3;2094;1;1357,3542;1103,54;REWTSPP NBU MEDIASVR ENCR SANMEDIA 6.1 UNX T3 12M B;20941812;;REWTSPP NBU MEDIASVR ENCR SANMEDIA 6.1 UNX T3 12M B;REWTSPP NBU MEDIASVR ENCR SANMEDIA 6.1 UNX T3 12M B;REWTSPP NBU MEDIASVR ENCR SANMEDIA 6.1 UNX T3 12M B;REWTSPP NBU MEDIASVR ENCR SANMEDIA 6.1 UNX T3 12M B;;;;79;;
1;3;2094;1;1795,2096;1459,52;EXP NBU MSEO SANMEDIA 6.1 UNX 1SVR T3 BAS S;20941815;;EXP NBU MSEO SANMEDIA 6.1 UNX 1SVR T3 BAS S;EXP NBU MSEO SANMEDIA 6.1 UNX 1SVR T3 BAS S;EXP NBU MSEO SANMEDIA 6.1 UNX 1SVR T3 BAS S;EXP NBU MSEO SANMEDIA 6.1 UNX 1SVR T3 BAS S;;;;79;;
1;3;2094;1;2179,2033;1771,71;REW NBU MSEO SANMEDIA 6.1 UNX 1SVR T3 ESS C;20941816;;REW NBU MSEO SANMEDIA 6.1 UNX 1SVR T3 ESS C;REW NBU MSEO SANMEDIA 6.1 UNX 1SVR T3 ESS C;REW NBU MSEO SANMEDIA 6.1 UNX 1SVR T3 ESS C;REW NBU MSEO SANMEDIA 6.1 UNX 1SVR T3 ESS C;;;;79;;
1;3;2094;1;2293,8885;1864,95;AE NBU MSEO SANMEDIA 6.1 UNX 1SVR T3 ESS S;20941818;;AE NBU MSEO SANMEDIA 6.1 UNX 1SVR T3 ESS S;AE NBU MSEO SANMEDIA 6.1 UNX 1SVR T3 ESS S;AE NBU MSEO SANMEDIA 6.1 UNX 1SVR T3 ESS S;AE NBU MSEO SANMEDIA 6.1 UNX 1SVR T3 ESS S;;;;79;;
1;3;2094;1;1357,3542;1103,54;AE TSPP NBU MEDIA SVR ENC SANMED6.1 UNX T3 BAS12M S;20941819;;AE TSPP NBU MEDIA SVR ENC SANMED6.1 UNX T3 BAS12M S;AE TSPP NBU MEDIA SVR ENC SANMED6.1 UNX T3 BAS12M S;AE TSPP NBU MEDIA SVR ENC SANMED6.1 UNX T3 BAS12M S;AE TSPP NBU MEDIA SVR ENC SANMED6.1 UNX T3 BAS12M S;;;;79;;
1;3;2094;1;1003,2003;815,61;REW NBU MSEO SANMEDIA 6.1 UNX 1SVR T1 BAS D;20941826;;REW NBU MSEO SANMEDIA 6.1 UNX 1SVR T1 BAS D;REW NBU MSEO SANMEDIA 6.1 UNX 1SVR T1 BAS D;REW NBU MSEO SANMEDIA 6.1 UNX 1SVR T1 BAS D;REW NBU MSEO SANMEDIA 6.1 UNX 1SVR T1 BAS D;;;;79;;
1;3;2094;1;1734,3984;1410,08;REWTSPP NBU MEDIASVR ENCR SANMEDIA 6.1 UNX T3 12M B;20941827;;REWTSPP NBU MEDIASVR ENCR SANMEDIA 6.1 UNX T3 12M B;REWTSPP NBU MEDIASVR ENCR SANMEDIA 6.1 UNX T3 12M B;REWTSPP NBU MEDIASVR ENCR SANMEDIA 6.1 UNX T3 12M B;REWTSPP NBU MEDIASVR ENCR SANMEDIA 6.1 UNX T3 12M B;;;;79;;
1;3;2094;1;1604,3259;1304,33;REWTSPP NBU MEDIASVR ENCR SANMEDIA 6.1 UNX T3 12M E;20941828;;REWTSPP NBU MEDIASVR ENCR SANMEDIA 6.1 UNX T3 12M E;REWTSPP NBU MEDIASVR ENCR SANMEDIA 6.1 UNX T3 12M E;REWTSPP NBU MEDIASVR ENCR SANMEDIA 6.1 UNX T3 12M E;REWTSPP NBU MEDIASVR ENCR SANMEDIA 6.1 UNX T3 12M E;;;;79;;
1;3;2094;1;844,8132;686,84;REW NBU MSEO SANMEDIA 6.1 WIN/LNX/SOLX64 T3 BAS A;20941829=A1;;REW NBU MSEO SANMEDIA 6.1 WIN/LNX/SOLX64 T3 BAS A;REW NBU MSEO SANMEDIA 6.1 WIN/LNX/SOLX64 T3 BAS A;REW NBU MSEO SANMEDIA 6.1 WIN/LNX/SOLX64 T3 BAS A;REW NBU MSEO SANMEDIA 6.1 WIN/LNX/SOLX64 T3 BAS A;;;;79;;
1;3;2094;1;802,575;652,5;REW NBU MSEO SANMEDIA 6.1 WIN/LNX/SOLX64 T3 BAS C;20941830=A1;;REW NBU MSEO SANMEDIA 6.1 WIN/LNX/SOLX64 T3 BAS C;REW NBU MSEO SANMEDIA 6.1 WIN/LNX/SOLX64 T3 BAS C;REW NBU MSEO SANMEDIA 6.1 WIN/LNX/SOLX64 T3 BAS C;REW NBU MSEO SANMEDIA 6.1 WIN/LNX/SOLX64 T3 BAS C;;;;79;;
1;3;2094;1;1079,4849;877,63;AE NBU MSEO SANMEDIA 6.1 WIN/LNX/SOLX64 T3 ESS S;20941831;;AE NBU MSEO SANMEDIA 6.1 WIN/LNX/SOLX64 T3 ESS S;AE NBU MSEO SANMEDIA 6.1 WIN/LNX/SOLX64 T3 ESS S;AE NBU MSEO SANMEDIA 6.1 WIN/LNX/SOLX64 T3 ESS S;AE NBU MSEO SANMEDIA 6.1 WIN/LNX/SOLX64 T3 ESS S;;;;79;;
1;3;2094;1;775,3797;630,39;REWTSPP NBU MEDIASVR ENCR SNMED6.1 WIN/ T3 ESS12M C;20941834;;REWTSPP NBU MEDIASVR ENCR SNMED6.1 WIN/ T3 ESS12M C;REWTSPP NBU MEDIASVR ENCR SNMED6.1 WIN/ T3 ESS12M C;REWTSPP NBU MEDIASVR ENCR SNMED6.1 WIN/ T3 ESS12M C;REWTSPP NBU MEDIASVR ENCR SNMED6.1 WIN/ T3 ESS12M C;;;;79;;
1;3;2094;1;775,3797;630,39;REWTSPP NBU MEDIASVR ENCR SNMED6.1 WIN/ T3 ESS12M D;20941835;;REWTSPP NBU MEDIASVR ENCR SNMED6.1 WIN/ T3 ESS12M D;REWTSPP NBU MEDIASVR ENCR SNMED6.1 WIN/ T3 ESS12M D;REWTSPP NBU MEDIASVR ENCR SNMED6.1 WIN/ T3 ESS12M D;REWTSPP NBU MEDIASVR ENCR SNMED6.1 WIN/ T3 ESS12M D;;;;79;;
1;3;2094;1;1734,3984;1410,08;REWTSPP NBU MEDIASVR ENCR SANMEDIA 6.1 UNX T3 12M A;20941838;;REWTSPP NBU MEDIASVR ENCR SANMEDIA 6.1 UNX T3 12M A;REWTSPP NBU MEDIASVR ENCR SANMEDIA 6.1 UNX T3 12M A;REWTSPP NBU MEDIASVR ENCR SANMEDIA 6.1 UNX T3 12M A;REWTSPP NBU MEDIASVR ENCR SANMEDIA 6.1 UNX T3 12M A;;;;79;;
1;3;2094;1;1734,3984;1410,08;AE TSPP NBU MEDIA SVR ENC SANMED6.1 UNX T3 ESS12M S;20941839;;AE TSPP NBU MEDIA SVR ENC SANMED6.1 UNX T3 ESS12M S;AE TSPP NBU MEDIA SVR ENC SANMED6.1 UNX T3 ESS12M S;AE TSPP NBU MEDIA SVR ENC SANMED6.1 UNX T3 ESS12M S;AE TSPP NBU MEDIA SVR ENC SANMED6.1 UNX T3 ESS12M S;;;;79;;
1;3;2094;1;844,8132;686,84;EXP NBU MSEO SANMEDIA 6.1 WIN/LNX/SOLX64 T3 BAS S;20941840;;EXP NBU MSEO SANMEDIA 6.1 WIN/LNX/SOLX64 T3 BAS S;EXP NBU MSEO SANMEDIA 6.1 WIN/LNX/SOLX64 T3 BAS S;EXP NBU MSEO SANMEDIA 6.1 WIN/LNX/SOLX64 T3 BAS S;EXP NBU MSEO SANMEDIA 6.1 WIN/LNX/SOLX64 T3 BAS S;;;;79;;
1;3;2094;1;1994,1252;1621,24;REWTSPP NBU MEDIASVR ENCR SANMEDIA 6.1 UNX T4 12M E;20941841;;REWTSPP NBU MEDIASVR ENCR SANMEDIA 6.1 UNX T4 12M E;REWTSPP NBU MEDIASVR ENCR SANMEDIA 6.1 UNX T4 12M E;REWTSPP NBU MEDIASVR ENCR SANMEDIA 6.1 UNX T4 12M E;REWTSPP NBU MEDIASVR ENCR SANMEDIA 6.1 UNX T4 12M E;;;;79;;
1;3;2094;1;2155,8087;1752,69;GOVTSPP NBU MEDIA SVRENCR SANMED6.1 UNX T4 BAS12M S;20941842;;GOVTSPP NBU MEDIA SVRENCR SANMED6.1 UNX T4 BAS12M S;GOVTSPP NBU MEDIA SVRENCR SANMED6.1 UNX T4 BAS12M S;GOVTSPP NBU MEDIA SVRENCR SANMED6.1 UNX T4 BAS12M S;GOVTSPP NBU MEDIA SVRENCR SANMED6.1 UNX T4 BAS12M S;;;;79;;
1;3;2094;1;1056,0042;858,54;EXP NBU MSEO SANMEDIA 6.1 UNX 1SVR T1 BAS S;20941844;;EXP NBU MSEO SANMEDIA 6.1 UNX 1SVR T1 BAS S;EXP NBU MSEO SANMEDIA 6.1 UNX 1SVR T1 BAS S;EXP NBU MSEO SANMEDIA 6.1 UNX 1SVR T1 BAS S;EXP NBU MSEO SANMEDIA 6.1 UNX 1SVR T1 BAS S;;;;79;;
1;3;2094;1;1056,0042;858,54;AE NBU MSEO SANMEDIA 6.1 UNX 1SVR T1 BAS S;20941845;;AE NBU MSEO SANMEDIA 6.1 UNX 1SVR T1 BAS S;AE NBU MSEO SANMEDIA 6.1 UNX 1SVR T1 BAS S;AE NBU MSEO SANMEDIA 6.1 UNX 1SVR T1 BAS S;AE NBU MSEO SANMEDIA 6.1 UNX 1SVR T1 BAS S;;;;79;;
1;3;2094;1;1349,3346;1097,02;REW NBU MSEO SANMEDIA 6.1 UNX 1SVR T1 ESS A;20941846;;REW NBU MSEO SANMEDIA 6.1 UNX 1SVR T1 ESS A;REW NBU MSEO SANMEDIA 6.1 UNX 1SVR T1 ESS A;REW NBU MSEO SANMEDIA 6.1 UNX 1SVR T1 ESS A;REW NBU MSEO SANMEDIA 6.1 UNX 1SVR T1 ESS A;;;;79;;
1;3;2094;1;798,4422;649,14;AE TSPP NBU MEDIA SVR ENC SANMED6.1 UNX T1 BAS12M S;20941847;;AE TSPP NBU MEDIA SVR ENC SANMED6.1 UNX T1 BAS12M S;AE TSPP NBU MEDIA SVR ENC SANMED6.1 UNX T1 BAS12M S;AE TSPP NBU MEDIA SVR ENC SANMED6.1 UNX T1 BAS12M S;AE TSPP NBU MEDIA SVR ENC SANMED6.1 UNX T1 BAS12M S;;;;79;;
1;3;2094;1;816,1911;663,57;EXPTSPP NBU MEDIA SVRENCR SANMED6.1 WIN/ T3ESS12M S;20941849;;EXPTSPP NBU MEDIA SVRENCR SANMED6.1 WIN/ T3ESS12M S;EXPTSPP NBU MEDIA SVRENCR SANMED6.1 WIN/ T3ESS12M S;EXPTSPP NBU MEDIA SVRENCR SANMED6.1 WIN/ T3ESS12M S;EXPTSPP NBU MEDIA SVRENCR SANMED6.1 WIN/ T3ESS12M S;;;;79;;
1;3;2094;1;11976,6822;9737,14;AE NBU MSEO SANMEDIA 6.1 UNX 1SVR T4 STD LIC S;20941850;;AE NBU MSEO SANMEDIA 6.1 UNX 1SVR T4 STD LIC S;AE NBU MSEO SANMEDIA 6.1 UNX 1SVR T4 STD LIC S;AE NBU MSEO SANMEDIA 6.1 UNX 1SVR T4 STD LIC S;AE NBU MSEO SANMEDIA 6.1 UNX 1SVR T4 STD LIC S;;;;79;;
1;3;2094;1;2851,2138;2318,06;REW NBU MSEO SANMEDIA 6.1 UNX 1SVR T4 BAS A;20941851;;REW NBU MSEO SANMEDIA 6.1 UNX 1SVR T4 BAS A;REW NBU MSEO SANMEDIA 6.1 UNX 1SVR T4 BAS A;REW NBU MSEO SANMEDIA 6.1 UNX 1SVR T4 BAS A;REW NBU MSEO SANMEDIA 6.1 UNX 1SVR T4 BAS A;;;;79;;
1;3;2094;1;2851,2138;2318,06;EXP NBU MSEO SANMEDIA 6.1 UNX 1SVR T4 BAS S;20941852;;EXP NBU MSEO SANMEDIA 6.1 UNX 1SVR T4 BAS S;EXP NBU MSEO SANMEDIA 6.1 UNX 1SVR T4 BAS S;EXP NBU MSEO SANMEDIA 6.1 UNX 1SVR T4 BAS S;EXP NBU MSEO SANMEDIA 6.1 UNX 1SVR T4 BAS S;;;;79;;
1;3;2094;1;3461,0724;2813,88;REW NBU MSEO SANMEDIA 6.1 UNX 1SVR T4 ESS D;20941853;;REW NBU MSEO SANMEDIA 6.1 UNX 1SVR T4 ESS D;REW NBU MSEO SANMEDIA 6.1 UNX 1SVR T4 ESS D;REW NBU MSEO SANMEDIA 6.1 UNX 1SVR T4 ESS D;REW NBU MSEO SANMEDIA 6.1 UNX 1SVR T4 ESS D;;;;79;;
1;3;2094;1;2155,8087;1752,69;REWTSPP NBU MEDIASVR ENCR SANMEDIA 6.1 UNX T4 12M B;20941854;;REWTSPP NBU MEDIASVR ENCR SANMEDIA 6.1 UNX T4 12M B;REWTSPP NBU MEDIASVR ENCR SANMEDIA 6.1 UNX T4 12M B;REWTSPP NBU MEDIASVR ENCR SANMEDIA 6.1 UNX T4 12M B;REWTSPP NBU MEDIASVR ENCR SANMEDIA 6.1 UNX T4 12M B;;;;79;;
1;3;2094;1;2754,6342;2239,54;REWTSPP NBU MEDIASVR ENCR SANMEDIA 6.1 UNX T4 12M A;20941858;;REWTSPP NBU MEDIASVR ENCR SANMEDIA 6.1 UNX T4 12M A;REWTSPP NBU MEDIASVR ENCR SANMEDIA 6.1 UNX T4 12M A;REWTSPP NBU MEDIASVR ENCR SANMEDIA 6.1 UNX T4 12M A;REWTSPP NBU MEDIASVR ENCR SANMEDIA 6.1 UNX T4 12M A;;;;79;;
1;3;2094;1;976,8045;794,15;REW NBU MSEO SANMEDIA 6.1 UNX 1SVR T1 BAS E;20941859;;REW NBU MSEO SANMEDIA 6.1 UNX 1SVR T1 BAS E;REW NBU MSEO SANMEDIA 6.1 UNX 1SVR T1 BAS E;REW NBU MSEO SANMEDIA 6.1 UNX 1SVR T1 BAS E;REW NBU MSEO SANMEDIA 6.1 UNX 1SVR T1 BAS E;;;;79;;
1;3;2094;1;1349,3346;1097,02;AE NBU MSEO SANMEDIA 6.1 UNX 1SVR T1 ESS S;20941860;;AE NBU MSEO SANMEDIA 6.1 UNX 1SVR T1 ESS S;AE NBU MSEO SANMEDIA 6.1 UNX 1SVR T1 ESS S;AE NBU MSEO SANMEDIA 6.1 UNX 1SVR T1 ESS S;AE NBU MSEO SANMEDIA 6.1 UNX 1SVR T1 ESS S;;;;79;;
1;3;2094;1;798,4422;649,14;REWTSPP NBU MEDIASVR ENCR SANMEDIA 6.1 UNX T1 12M A;20941861;;REWTSPP NBU MEDIASVR ENCR SANMEDIA 6.1 UNX T1 12M A;REWTSPP NBU MEDIASVR ENCR SANMEDIA 6.1 UNX T1 12M A;REWTSPP NBU MEDIASVR ENCR SANMEDIA 6.1 UNX T1 12M A;REWTSPP NBU MEDIASVR ENCR SANMEDIA 6.1 UNX T1 12M A;;;;79;;
1;3;2094;1;738,5658;600,46;REWTSPP NBU MEDIASVR ENCR SANMEDIA 6.1 UNX T1 12M E;20941862;;REWTSPP NBU MEDIASVR ENCR SANMEDIA 6.1 UNX T1 12M E;REWTSPP NBU MEDIASVR ENCR SANMEDIA 6.1 UNX T1 12M E;REWTSPP NBU MEDIASVR ENCR SANMEDIA 6.1 UNX T1 12M E;REWTSPP NBU MEDIASVR ENCR SANMEDIA 6.1 UNX T1 12M E;;;;79;;
1;3;2094;1;1020,2358;829,46;REWTSPP NBU MEDIASVR ENCR SANMEDIA 6.1 UNX T1 12M A;20941864;;REWTSPP NBU MEDIASVR ENCR SANMEDIA 6.1 UNX T1 12M A;REWTSPP NBU MEDIASVR ENCR SANMEDIA 6.1 UNX T1 12M A;REWTSPP NBU MEDIASVR ENCR SANMEDIA 6.1 UNX T1 12M A;REWTSPP NBU MEDIASVR ENCR SANMEDIA 6.1 UNX T1 12M A;;;;79;;
1;3;2094;1;2107,0146;1713,02;REW NBU MSEO SANMEDIA 6.1 WIN/LNX/SOLX64 T1 LIC D;20941865=A1;;REW NBU MSEO SANMEDIA 6.1 WIN/LNX/SOLX64 T1 LIC D;REW NBU MSEO SANMEDIA 6.1 WIN/LNX/SOLX64 T1 LIC D;REW NBU MSEO SANMEDIA 6.1 WIN/LNX/SOLX64 T1 LIC D;REW NBU MSEO SANMEDIA 6.1 WIN/LNX/SOLX64 T1 LIC D;;;;79;;
1;3;2094;1;528,0021;429,27;EXP NBU MSEO SANMEDIA 6.1 WIN/LNX/SOLX64 T1 BAS S;20941866;;EXP NBU MSEO SANMEDIA 6.1 WIN/LNX/SOLX64 T1 BAS S;EXP NBU MSEO SANMEDIA 6.1 WIN/LNX/SOLX64 T1 BAS S;EXP NBU MSEO SANMEDIA 6.1 WIN/LNX/SOLX64 T1 BAS S;EXP NBU MSEO SANMEDIA 6.1 WIN/LNX/SOLX64 T1 BAS S;;;;79;;
1;3;2094;1;674,6796;548,52;EXP NBU MSEO SANMEDIA 6.1 WIN/LNX/SOLX64 T1 ESS S;20941867;;EXP NBU MSEO SANMEDIA 6.1 WIN/LNX/SOLX64 T1 ESS S;EXP NBU MSEO SANMEDIA 6.1 WIN/LNX/SOLX64 T1 ESS S;EXP NBU MSEO SANMEDIA 6.1 WIN/LNX/SOLX64 T1 ESS S;EXP NBU MSEO SANMEDIA 6.1 WIN/LNX/SOLX64 T1 ESS S;;;;79;;
1;3;2094;1;399,2211;324,57;REWTSPP NBU MEDIASVR ENCR SNMED6.1 WIN/ T1 BAS12M B;20941868;;REWTSPP NBU MEDIASVR ENCR SNMED6.1 WIN/ T1 BAS12M B;REWTSPP NBU MEDIASVR ENCR SNMED6.1 WIN/ T1 BAS12M B;REWTSPP NBU MEDIASVR ENCR SNMED6.1 WIN/ T1 BAS12M B;REWTSPP NBU MEDIASVR ENCR SNMED6.1 WIN/ T1 BAS12M B;;;;79;;
1;3;2094;1;1020,2358;829,46;REWTSPP NBU MEDIASVR ENCR SANMEDIA 6.1 UNX T1 12M B;20941871;;REWTSPP NBU MEDIASVR ENCR SANMEDIA 6.1 UNX T1 12M B;REWTSPP NBU MEDIASVR ENCR SANMEDIA 6.1 UNX T1 12M B;REWTSPP NBU MEDIASVR ENCR SANMEDIA 6.1 UNX T1 12M B;REWTSPP NBU MEDIASVR ENCR SANMEDIA 6.1 UNX T1 12M B;;;;79;;
1;3;2094;1;488,4084;397,08;REW NBU MSEO SANMEDIA 6.1 WIN/LNX/SOLX64 T1 BAS E;20941873=A1;;REW NBU MSEO SANMEDIA 6.1 WIN/LNX/SOLX64 T1 BAS E;REW NBU MSEO SANMEDIA 6.1 WIN/LNX/SOLX64 T1 BAS E;REW NBU MSEO SANMEDIA 6.1 WIN/LNX/SOLX64 T1 BAS E;REW NBU MSEO SANMEDIA 6.1 WIN/LNX/SOLX64 T1 BAS E;;;;79;;
1;3;2094;1;2754,6342;2239,54;AE TSPP NBU MEDIA SVR ENC SANMED6.1 UNX T4 ESS12M S;20941875;;AE TSPP NBU MEDIA SVR ENC SANMED6.1 UNX T4 ESS12M S;AE TSPP NBU MEDIA SVR ENC SANMED6.1 UNX T4 ESS12M S;AE TSPP NBU MEDIA SVR ENC SANMED6.1 UNX T4 ESS12M S;AE TSPP NBU MEDIA SVR ENC SANMED6.1 UNX T4 ESS12M S;;;;79;;
1;3;2094;1;1267,2075;1030,25;AE NBU MSEO SANMEDIA 6.1 WIN/LNX/SOLX64 T4 BAS S;20941877;;AE NBU MSEO SANMEDIA 6.1 WIN/LNX/SOLX64 T4 BAS S;AE NBU MSEO SANMEDIA 6.1 WIN/LNX/SOLX64 T4 BAS S;AE NBU MSEO SANMEDIA 6.1 WIN/LNX/SOLX64 T4 BAS S;AE NBU MSEO SANMEDIA 6.1 WIN/LNX/SOLX64 T4 BAS S;;;;79;;
1;3;2094;1;1619,2089;1316,43;REW NBU MSEO SANMEDIA 6.1 WIN/LNX/SOLX64 T4 ESS A;20941878=A1;;REW NBU MSEO SANMEDIA 6.1 WIN/LNX/SOLX64 T4 ESS A;REW NBU MSEO SANMEDIA 6.1 WIN/LNX/SOLX64 T4 ESS A;REW NBU MSEO SANMEDIA 6.1 WIN/LNX/SOLX64 T4 ESS A;REW NBU MSEO SANMEDIA 6.1 WIN/LNX/SOLX64 T4 ESS A;;;;79;;
1;3;2094;1;958,1331;778,97;REWTSPP NBU MEDIASVR ENCR SNMED6.1 WIN/ T4 BAS12M B;20941879;;REWTSPP NBU MEDIASVR ENCR SNMED6.1 WIN/ T4 BAS12M B;REWTSPP NBU MEDIASVR ENCR SNMED6.1 WIN/ T4 BAS12M B;REWTSPP NBU MEDIASVR ENCR SNMED6.1 WIN/ T4 BAS12M B;REWTSPP NBU MEDIASVR ENCR SNMED6.1 WIN/ T4 BAS12M B;;;;79;;
1;3;2094;1;910,2246;740,02;REWTSPP NBU MEDIASVR ENCR SNMED6.1 WIN/ T4 BAS12M D;20941880;;REWTSPP NBU MEDIASVR ENCR SNMED6.1 WIN/ T4 BAS12M D;REWTSPP NBU MEDIASVR ENCR SNMED6.1 WIN/ T4 BAS12M D;REWTSPP NBU MEDIASVR ENCR SNMED6.1 WIN/ T4 BAS12M D;REWTSPP NBU MEDIASVR ENCR SNMED6.1 WIN/ T4 BAS12M D;;;;79;;
1;3;2094;1;1224,2805;995,35;REWTSPP NBU MEDIASVR ENCR SNMED6.1 WIN/ T4 ESS12M B;20941884;;REWTSPP NBU MEDIASVR ENCR SNMED6.1 WIN/ T4 ESS12M B;REWTSPP NBU MEDIASVR ENCR SNMED6.1 WIN/ T4 ESS12M B;REWTSPP NBU MEDIASVR ENCR SNMED6.1 WIN/ T4 ESS12M B;REWTSPP NBU MEDIASVR ENCR SNMED6.1 WIN/ T4 ESS12M B;;;;79;;
1;3;2094;1;1163,0634;945,58;REWTSPP NBU MEDIASVR ENCR SNMED6.1 WIN/ T4 ESS12M C;20941885;;REWTSPP NBU MEDIASVR ENCR SNMED6.1 WIN/ T4 ESS12M C;REWTSPP NBU MEDIASVR ENCR SNMED6.1 WIN/ T4 ESS12M C;REWTSPP NBU MEDIASVR ENCR SNMED6.1 WIN/ T4 ESS12M C;REWTSPP NBU MEDIASVR ENCR SNMED6.1 WIN/ T4 ESS12M C;;;;79;;
1;3;2094;1;4214,0169;3426,03;REW NBU MSEO SANMEDIA 6.1 UNX 1SVR T1 STD LIC C;20941886;;REW NBU MSEO SANMEDIA 6.1 UNX 1SVR T1 STD LIC C;REW NBU MSEO SANMEDIA 6.1 UNX 1SVR T1 STD LIC C;REW NBU MSEO SANMEDIA 6.1 UNX 1SVR T1 STD LIC C;REW NBU MSEO SANMEDIA 6.1 UNX 1SVR T1 STD LIC C;;;;79;;
1;3;2094;1;1056,0042;858,54;REW NBU MSEO SANMEDIA 6.1 UNX 1SVR T1 BAS A;20941887;;REW NBU MSEO SANMEDIA 6.1 UNX 1SVR T1 BAS A;REW NBU MSEO SANMEDIA 6.1 UNX 1SVR T1 BAS A;REW NBU MSEO SANMEDIA 6.1 UNX 1SVR T1 BAS A;REW NBU MSEO SANMEDIA 6.1 UNX 1SVR T1 BAS A;;;;79;;
1;3;2094;1;1003,2003;815,61;REW NBU MSEO SANMEDIA 6.1 UNX 1SVR T1 BAS C;20941888;;REW NBU MSEO SANMEDIA 6.1 UNX 1SVR T1 BAS C;REW NBU MSEO SANMEDIA 6.1 UNX 1SVR T1 BAS C;REW NBU MSEO SANMEDIA 6.1 UNX 1SVR T1 BAS C;REW NBU MSEO SANMEDIA 6.1 UNX 1SVR T1 BAS C;;;;79;;
1;3;2094;1;1248,1425;1014,75;REW NBU MSEO SANMEDIA 6.1 UNX 1SVR T1 ESS E;20941890;;REW NBU MSEO SANMEDIA 6.1 UNX 1SVR T1 ESS E;REW NBU MSEO SANMEDIA 6.1 UNX 1SVR T1 ESS E;REW NBU MSEO SANMEDIA 6.1 UNX 1SVR T1 ESS E;REW NBU MSEO SANMEDIA 6.1 UNX 1SVR T1 ESS E;;;;79;;
1;3;2094;1;1349,3346;1097,02;GOV NBU MSEO SANMEDIA 6.1 UNX 1SVR T1 ESS S;20941891;;GOV NBU MSEO SANMEDIA 6.1 UNX 1SVR T1 ESS S;GOV NBU MSEO SANMEDIA 6.1 UNX 1SVR T1 ESS S;GOV NBU MSEO SANMEDIA 6.1 UNX 1SVR T1 ESS S;GOV NBU MSEO SANMEDIA 6.1 UNX 1SVR T1 ESS S;;;;79;;
1;3;2094;1;758,5287;616,69;REWTSPP NBU MEDIASVR ENCR SANMEDIA 6.1 UNX T1 12M D;20941892;;REWTSPP NBU MEDIASVR ENCR SANMEDIA 6.1 UNX T1 12M D;REWTSPP NBU MEDIASVR ENCR SANMEDIA 6.1 UNX T1 12M D;REWTSPP NBU MEDIASVR ENCR SANMEDIA 6.1 UNX T1 12M D;REWTSPP NBU MEDIASVR ENCR SANMEDIA 6.1 UNX T1 12M D;;;;79;;
1;3;2094;1;674,6796;548,52;AE NBU MSEO SANMEDIA 6.1 WIN/LNX/SOLX64 T1 ESS S;20941895;;AE NBU MSEO SANMEDIA 6.1 WIN/LNX/SOLX64 T1 ESS S;AE NBU MSEO SANMEDIA 6.1 WIN/LNX/SOLX64 T1 ESS S;AE NBU MSEO SANMEDIA 6.1 WIN/LNX/SOLX64 T1 ESS S;AE NBU MSEO SANMEDIA 6.1 WIN/LNX/SOLX64 T1 ESS S;;;;79;;
1;3;2094;1;1224,2805;995,35;EXPTSPP NBU MEDIA SVRENCR SANMED6.1 WIN/ T4ESS12M S;20941897;;EXPTSPP NBU MEDIA SVRENCR SANMED6.1 WIN/ T4ESS12M S;EXPTSPP NBU MEDIA SVRENCR SANMED6.1 WIN/ T4ESS12M S;EXPTSPP NBU MEDIA SVRENCR SANMED6.1 WIN/ T4ESS12M S;EXPTSPP NBU MEDIA SVRENCR SANMED6.1 WIN/ T4ESS12M S;;;;79;;
1;3;2094;1;4435,8105;3606,35;GOV NBU MSEO SANMEDIA 6.1 UNX 1SVR T1 STD LIC S;20941898;;GOV NBU MSEO SANMEDIA 6.1 UNX 1SVR T1 STD LIC S;GOV NBU MSEO SANMEDIA 6.1 UNX 1SVR T1 STD LIC S;GOV NBU MSEO SANMEDIA 6.1 UNX 1SVR T1 STD LIC S;GOV NBU MSEO SANMEDIA 6.1 UNX 1SVR T1 STD LIC S;;;;79;;
1;3;2094;1;528,0021;429,27;AE NBU MSEO SANMEDIA 6.1 WIN/LNX/SOLX64 T1 BAS S;20941901;;AE NBU MSEO SANMEDIA 6.1 WIN/LNX/SOLX64 T1 BAS S;AE NBU MSEO SANMEDIA 6.1 WIN/LNX/SOLX64 T1 BAS S;AE NBU MSEO SANMEDIA 6.1 WIN/LNX/SOLX64 T1 BAS S;AE NBU MSEO SANMEDIA 6.1 WIN/LNX/SOLX64 T1 BAS S;;;;79;;
1;3;2094;1;399,2211;324,57;AE TSPP NBU MEDIA SVR ENC SANMED6.1 WIN/ T1BAS12M S;20941902;;AE TSPP NBU MEDIA SVR ENC SANMED6.1 WIN/ T1BAS12M S;AE TSPP NBU MEDIA SVR ENC SANMED6.1 WIN/ T1BAS12M S;AE TSPP NBU MEDIA SVR ENC SANMED6.1 WIN/ T1BAS12M S;AE TSPP NBU MEDIA SVR ENC SANMED6.1 WIN/ T1BAS12M S;;;;79;;
1;3;2094;1;510,1179;414,73;AE TSPP NBU MEDIA SVR ENC SANMED6.1 WIN/ T1ESS12M S;20941904;;AE TSPP NBU MEDIA SVR ENC SANMED6.1 WIN/ T1ESS12M S;AE TSPP NBU MEDIA SVR ENC SANMED6.1 WIN/ T1ESS12M S;AE TSPP NBU MEDIA SVR ENC SANMED6.1 WIN/ T1ESS12M S;AE TSPP NBU MEDIA SVR ENC SANMED6.1 WIN/ T1ESS12M S;;;;79;;
1;3;2094;1;1372,8153;1116,11;REW NBU MSEO SANMEDIA 6.1 UNX 1SVR T2 BAS B;20941905;;REW NBU MSEO SANMEDIA 6.1 UNX 1SVR T2 BAS B;REW NBU MSEO SANMEDIA 6.1 UNX 1SVR T2 BAS B;REW NBU MSEO SANMEDIA 6.1 UNX 1SVR T2 BAS B;REW NBU MSEO SANMEDIA 6.1 UNX 1SVR T2 BAS B;;;;79;;
1;3;2094;1;1037,9847;843,89;REWTSPP NBU MEDIASVR ENCR SANMEDIA 6.1 UNX T2 12M A;20941906;;REWTSPP NBU MEDIASVR ENCR SANMEDIA 6.1 UNX T2 12M A;REWTSPP NBU MEDIASVR ENCR SANMEDIA 6.1 UNX T2 12M A;REWTSPP NBU MEDIASVR ENCR SANMEDIA 6.1 UNX T2 12M A;REWTSPP NBU MEDIASVR ENCR SANMEDIA 6.1 UNX T2 12M A;;;;79;;
1;3;2094;1;5322,9603;4327,61;REW NBU MSEO SANMEDIA 6.1 WIN/LNX/SOLX64 T4 LIC A;20941908=A1;;REW NBU MSEO SANMEDIA 6.1 WIN/LNX/SOLX64 T4 LIC A;REW NBU MSEO SANMEDIA 6.1 WIN/LNX/SOLX64 T4 LIC A;REW NBU MSEO SANMEDIA 6.1 WIN/LNX/SOLX64 T4 LIC A;REW NBU MSEO SANMEDIA 6.1 WIN/LNX/SOLX64 T4 LIC A;;;;79;;
1;3;2094;1;5056,8252;4111,24;REW NBU MSEO SANMEDIA 6.1 WIN/LNX/SOLX64 T4 LIC C;20941909=A1;;REW NBU MSEO SANMEDIA 6.1 WIN/LNX/SOLX64 T4 LIC C;REW NBU MSEO SANMEDIA 6.1 WIN/LNX/SOLX64 T4 LIC C;REW NBU MSEO SANMEDIA 6.1 WIN/LNX/SOLX64 T4 LIC C;REW NBU MSEO SANMEDIA 6.1 WIN/LNX/SOLX64 T4 LIC C;;;;79;;
1;3;2094;1;510,1179;414,73;REWTSPP NBU MEDIASVR ENCR SNMED6.1 WIN/ T1 ESS12M A;20941912;;REWTSPP NBU MEDIASVR ENCR SNMED6.1 WIN/ T1 ESS12M A;REWTSPP NBU MEDIASVR ENCR SNMED6.1 WIN/ T1 ESS12M A;REWTSPP NBU MEDIASVR ENCR SNMED6.1 WIN/ T1 ESS12M A;REWTSPP NBU MEDIASVR ENCR SNMED6.1 WIN/ T1 ESS12M A;;;;79;;
1;3;2094;1;5766,5475;4688,25;REW NBU MSEO SANMEDIA 6.1 UNX 1SVR T2 STD LIC A;20941913;;REW NBU MSEO SANMEDIA 6.1 UNX 1SVR T2 STD LIC A;REW NBU MSEO SANMEDIA 6.1 UNX 1SVR T2 STD LIC A;REW NBU MSEO SANMEDIA 6.1 UNX 1SVR T2 STD LIC A;REW NBU MSEO SANMEDIA 6.1 UNX 1SVR T2 STD LIC A;;;;79;;
1;3;2094;1;5334,0549;4336,63;REW NBU MSEO SANMEDIA 6.1 UNX 1SVR T2 STD LIC E;20941914;;REW NBU MSEO SANMEDIA 6.1 UNX 1SVR T2 STD LIC E;REW NBU MSEO SANMEDIA 6.1 UNX 1SVR T2 STD LIC E;REW NBU MSEO SANMEDIA 6.1 UNX 1SVR T2 STD LIC E;REW NBU MSEO SANMEDIA 6.1 UNX 1SVR T2 STD LIC E;;;;79;;
1;3;2094;1;1754,1399;1426,13;REW NBU MSEO SANMEDIA 6.1 UNX 1SVR T2 ESS A;20941915;;REW NBU MSEO SANMEDIA 6.1 UNX 1SVR T2 ESS A;REW NBU MSEO SANMEDIA 6.1 UNX 1SVR T2 ESS A;REW NBU MSEO SANMEDIA 6.1 UNX 1SVR T2 ESS A;REW NBU MSEO SANMEDIA 6.1 UNX 1SVR T2 ESS A;;;;79;;
1;3;2094;1;1326,309;1078,3;GOVTSPP NBU MEDIA SVRENCR SANMED6.1 UNX T2 ESS12M S;20941919;;GOVTSPP NBU MEDIA SVRENCR SANMED6.1 UNX T2 ESS12M S;GOVTSPP NBU MEDIA SVRENCR SANMED6.1 UNX T2 ESS12M S;GOVTSPP NBU MEDIA SVRENCR SANMED6.1 UNX T2 ESS12M S;GOVTSPP NBU MEDIA SVRENCR SANMED6.1 UNX T2 ESS12M S;;;;79;;
1;3;2094;1;2256,7179;1834,73;REW NBU MSEO SANMEDIA 6.1 WIN/LNX/SOLX64 T2 LIC E;20941923=A1;;REW NBU MSEO SANMEDIA 6.1 WIN/LNX/SOLX64 T2 LIC E;REW NBU MSEO SANMEDIA 6.1 WIN/LNX/SOLX64 T2 LIC E;REW NBU MSEO SANMEDIA 6.1 WIN/LNX/SOLX64 T2 LIC E;REW NBU MSEO SANMEDIA 6.1 WIN/LNX/SOLX64 T2 LIC E;;;;79;;
1;3;2094;1;2439,6927;1983,49;GOV NBU MSEO SANMEDIA 6.1 WIN/LNX/SOLX64 T2 LIC S;20941924;;GOV NBU MSEO SANMEDIA 6.1 WIN/LNX/SOLX64 T2 LIC S;GOV NBU MSEO SANMEDIA 6.1 WIN/LNX/SOLX64 T2 LIC S;GOV NBU MSEO SANMEDIA 6.1 WIN/LNX/SOLX64 T2 LIC S;GOV NBU MSEO SANMEDIA 6.1 WIN/LNX/SOLX64 T2 LIC S;;;;79;;
1;3;2094;1;580,806;472,2;EXP NBU MSEO SANMEDIA 6.1 WIN/LNX/SOLX64 T2 BAS S;20941925;;EXP NBU MSEO SANMEDIA 6.1 WIN/LNX/SOLX64 T2 BAS S;EXP NBU MSEO SANMEDIA 6.1 WIN/LNX/SOLX64 T2 BAS S;EXP NBU MSEO SANMEDIA 6.1 WIN/LNX/SOLX64 T2 BAS S;EXP NBU MSEO SANMEDIA 6.1 WIN/LNX/SOLX64 T2 BAS S;;;;79;;
1;3;2094;1;705,036;573,2;REW NBU MSEO SANMEDIA 6.1 WIN/LNX/SOLX64 T2 ESS D;20941926=A1;;REW NBU MSEO SANMEDIA 6.1 WIN/LNX/SOLX64 T2 ESS D;REW NBU MSEO SANMEDIA 6.1 WIN/LNX/SOLX64 T2 ESS D;REW NBU MSEO SANMEDIA 6.1 WIN/LNX/SOLX64 T2 ESS D;REW NBU MSEO SANMEDIA 6.1 WIN/LNX/SOLX64 T2 ESS D;;;;79;;
1;3;2094;1;2293,8885;1864,95;EXP NBU MSEO SANMEDIA 6.1 UNX 1SVR T3 ESS S;20941927;;EXP NBU MSEO SANMEDIA 6.1 UNX 1SVR T3 ESS S;EXP NBU MSEO SANMEDIA 6.1 UNX 1SVR T3 ESS S;EXP NBU MSEO SANMEDIA 6.1 UNX 1SVR T3 ESS S;EXP NBU MSEO SANMEDIA 6.1 UNX 1SVR T3 ESS S;;;;79;;
1;3;2094;1;1289,4951;1048,37;REWTSPP NBU MEDIASVR ENCR SANMEDIA 6.1 UNX T3 12M D;20941928;;REWTSPP NBU MEDIASVR ENCR SANMEDIA 6.1 UNX T3 12M D;REWTSPP NBU MEDIASVR ENCR SANMEDIA 6.1 UNX T3 12M D;REWTSPP NBU MEDIASVR ENCR SANMEDIA 6.1 UNX T3 12M D;REWTSPP NBU MEDIASVR ENCR SANMEDIA 6.1 UNX T3 12M D;;;;79;;
1;3;2094;1;1037,9847;843,89;GOVTSPP NBU MEDIA SVRENCR SANMED6.1 UNX T2 BAS12M S;20941930;;GOVTSPP NBU MEDIA SVRENCR SANMED6.1 UNX T2 BAS12M S;GOVTSPP NBU MEDIA SVRENCR SANMED6.1 UNX T2 BAS12M S;GOVTSPP NBU MEDIA SVRENCR SANMED6.1 UNX T2 BAS12M S;GOVTSPP NBU MEDIA SVRENCR SANMED6.1 UNX T2 BAS12M S;;;;79;;
1;3;2094;1;1037,9847;843,89;AE TSPP NBU MEDIA SVR ENC SANMED6.1 UNX T2 BAS12M S;20941931;;AE TSPP NBU MEDIA SVR ENC SANMED6.1 UNX T2 BAS12M S;AE TSPP NBU MEDIA SVR ENC SANMED6.1 UNX T2 BAS12M S;AE TSPP NBU MEDIA SVR ENC SANMED6.1 UNX T2 BAS12M S;AE TSPP NBU MEDIA SVR ENC SANMED6.1 UNX T2 BAS12M S;;;;79;;
1;3;2094;1;1326,309;1078,3;REWTSPP NBU MEDIASVR ENCR SANMEDIA 6.1 UNX T2 12M A;20941935;;REWTSPP NBU MEDIASVR ENCR SANMEDIA 6.1 UNX T2 12M A;REWTSPP NBU MEDIASVR ENCR SANMEDIA 6.1 UNX T2 12M A;REWTSPP NBU MEDIASVR ENCR SANMEDIA 6.1 UNX T2 12M A;REWTSPP NBU MEDIASVR ENCR SANMEDIA 6.1 UNX T2 12M A;;;;79;;
1;3;2094;1;2439,6927;1983,49;AE NBU MSEO SANMEDIA 6.1 WIN/LNX/SOLX64 T2 LIC S;20941936;;AE NBU MSEO SANMEDIA 6.1 WIN/LNX/SOLX64 T2 LIC S;AE NBU MSEO SANMEDIA 6.1 WIN/LNX/SOLX64 T2 LIC S;AE NBU MSEO SANMEDIA 6.1 WIN/LNX/SOLX64 T2 LIC S;AE NBU MSEO SANMEDIA 6.1 WIN/LNX/SOLX64 T2 LIC S;;;;79;;
1;3;2094;1;742,1328;603,36;REW NBU MSEO SANMEDIA 6.1 WIN/LNX/SOLX64 T2 ESS A;20941937=A1;;REW NBU MSEO SANMEDIA 6.1 WIN/LNX/SOLX64 T2 ESS A;REW NBU MSEO SANMEDIA 6.1 WIN/LNX/SOLX64 T2 ESS A;REW NBU MSEO SANMEDIA 6.1 WIN/LNX/SOLX64 T2 ESS A;REW NBU MSEO SANMEDIA 6.1 WIN/LNX/SOLX64 T2 ESS A;;;;79;;
1;3;2094;1;439,1469;357,03;AE TSPP NBU MEDIA SVR ENC SANMED6.1 WIN/ T2BAS12M S;20941938;;AE TSPP NBU MEDIA SVR ENC SANMED6.1 WIN/ T2BAS12M S;AE TSPP NBU MEDIA SVR ENC SANMED6.1 WIN/ T2BAS12M S;AE TSPP NBU MEDIA SVR ENC SANMED6.1 WIN/ T2BAS12M S;AE TSPP NBU MEDIA SVR ENC SANMED6.1 WIN/ T2BAS12M S;;;;79;;
1;3;2094;1;2439,6927;1983,49;REW NBU MSEO SANMEDIA 6.1 WIN/LNX/SOLX64 T2 LIC A;20941939=A1;;REW NBU MSEO SANMEDIA 6.1 WIN/LNX/SOLX64 T2 LIC A;REW NBU MSEO SANMEDIA 6.1 WIN/LNX/SOLX64 T2 LIC A;REW NBU MSEO SANMEDIA 6.1 WIN/LNX/SOLX64 T2 LIC A;REW NBU MSEO SANMEDIA 6.1 WIN/LNX/SOLX64 T2 LIC A;;;;79;;
1;3;2094;1;580,806;472,2;REW NBU MSEO SANMEDIA 6.1 WIN/LNX/SOLX64 T2 BAS B;20941940=A1;;REW NBU MSEO SANMEDIA 6.1 WIN/LNX/SOLX64 T2 BAS B;REW NBU MSEO SANMEDIA 6.1 WIN/LNX/SOLX64 T2 BAS B;REW NBU MSEO SANMEDIA 6.1 WIN/LNX/SOLX64 T2 BAS B;REW NBU MSEO SANMEDIA 6.1 WIN/LNX/SOLX64 T2 BAS B;;;;79;;
1;3;2094;1;580,806;472,2;GOV NBU MSEO SANMEDIA 6.1 WIN/LNX/SOLX64 T2 BAS S;20941941;;GOV NBU MSEO SANMEDIA 6.1 WIN/LNX/SOLX64 T2 BAS S;GOV NBU MSEO SANMEDIA 6.1 WIN/LNX/SOLX64 T2 BAS S;GOV NBU MSEO SANMEDIA 6.1 WIN/LNX/SOLX64 T2 BAS S;GOV NBU MSEO SANMEDIA 6.1 WIN/LNX/SOLX64 T2 BAS S;;;;79;;
1;3;2094;1;3282,501;2668,7;REW NBU MSEO SANMEDIA 6.1 WIN/LNX/SOLX64 T3 LIC E;20941942=A1;;REW NBU MSEO SANMEDIA 6.1 WIN/LNX/SOLX64 T3 LIC E;REW NBU MSEO SANMEDIA 6.1 WIN/LNX/SOLX64 T3 LIC E;REW NBU MSEO SANMEDIA 6.1 WIN/LNX/SOLX64 T3 LIC E;REW NBU MSEO SANMEDIA 6.1 WIN/LNX/SOLX64 T3 LIC E;;;;79;;
1;3;2094;1;3548,6484;2885,08;GOV NBU MSEO SANMEDIA 6.1 WIN/LNX/SOLX64 T3 LIC S;20941944;;GOV NBU MSEO SANMEDIA 6.1 WIN/LNX/SOLX64 T3 LIC S;GOV NBU MSEO SANMEDIA 6.1 WIN/LNX/SOLX64 T3 LIC S;GOV NBU MSEO SANMEDIA 6.1 WIN/LNX/SOLX64 T3 LIC S;GOV NBU MSEO SANMEDIA 6.1 WIN/LNX/SOLX64 T3 LIC S;;;;79;;
1;3;2094;1;844,8132;686,84;GOV NBU MSEO SANMEDIA 6.1 WIN/LNX/SOLX64 T3 BAS S;20941945;;GOV NBU MSEO SANMEDIA 6.1 WIN/LNX/SOLX64 T3 BAS S;GOV NBU MSEO SANMEDIA 6.1 WIN/LNX/SOLX64 T3 BAS S;GOV NBU MSEO SANMEDIA 6.1 WIN/LNX/SOLX64 T3 BAS S;GOV NBU MSEO SANMEDIA 6.1 WIN/LNX/SOLX64 T3 BAS S;;;;79;;
1;3;2094;1;1079,4849;877,63;REW NBU MSEO SANMEDIA 6.1 WIN/LNX/SOLX64 T3 ESS B;20941946=A1;;REW NBU MSEO SANMEDIA 6.1 WIN/LNX/SOLX64 T3 ESS B;REW NBU MSEO SANMEDIA 6.1 WIN/LNX/SOLX64 T3 ESS B;REW NBU MSEO SANMEDIA 6.1 WIN/LNX/SOLX64 T3 ESS B;REW NBU MSEO SANMEDIA 6.1 WIN/LNX/SOLX64 T3 ESS B;;;;79;;
1;3;2094;1;1079,4849;877,63;EXP NBU MSEO SANMEDIA 6.1 WIN/LNX/SOLX64 T3 ESS S;20941947;;EXP NBU MSEO SANMEDIA 6.1 WIN/LNX/SOLX64 T3 ESS S;EXP NBU MSEO SANMEDIA 6.1 WIN/LNX/SOLX64 T3 ESS S;EXP NBU MSEO SANMEDIA 6.1 WIN/LNX/SOLX64 T3 ESS S;EXP NBU MSEO SANMEDIA 6.1 WIN/LNX/SOLX64 T3 ESS S;;;;79;;
1;3;2094;1;969,2277;787,99;REWTSPP NBU MEDIASVR ENCR SANMEDIA 6.1 UNX T1 12M C;20941954;;REWTSPP NBU MEDIASVR ENCR SANMEDIA 6.1 UNX T1 12M C;REWTSPP NBU MEDIASVR ENCR SANMEDIA 6.1 UNX T1 12M C;REWTSPP NBU MEDIASVR ENCR SANMEDIA 6.1 UNX T1 12M C;REWTSPP NBU MEDIASVR ENCR SANMEDIA 6.1 UNX T1 12M C;;;;79;;
1;3;2094;1;1020,2358;829,46;GOVTSPP NBU MEDIA SVRENCR SANMED6.1 UNX T1 ESS12M S;20941955;;GOVTSPP NBU MEDIA SVRENCR SANMED6.1 UNX T1 ESS12M S;GOVTSPP NBU MEDIA SVRENCR SANMED6.1 UNX T1 ESS12M S;GOVTSPP NBU MEDIA SVRENCR SANMED6.1 UNX T1 ESS12M S;GOVTSPP NBU MEDIA SVRENCR SANMED6.1 UNX T1 ESS12M S;;;;79;;
1;3;2094;1;1020,2358;829,46;EXPTSPP NBU MEDIA SVRENCR SANMED6.1 UNX T1 ESS12M S;20941956;;EXPTSPP NBU MEDIA SVRENCR SANMED6.1 UNX T1 ESS12M S;EXPTSPP NBU MEDIA SVRENCR SANMED6.1 UNX T1 ESS12M S;EXPTSPP NBU MEDIA SVRENCR SANMED6.1 UNX T1 ESS12M S;EXPTSPP NBU MEDIA SVRENCR SANMED6.1 UNX T1 ESS12M S;;;;79;;
1;3;2094;1;2217,8991;1803,17;REW NBU MSEO SANMEDIA 6.1 WIN/LNX/SOLX64 T1 LIC A;20941957=A1;;REW NBU MSEO SANMEDIA 6.1 WIN/LNX/SOLX64 T1 LIC A;REW NBU MSEO SANMEDIA 6.1 WIN/LNX/SOLX64 T1 LIC A;REW NBU MSEO SANMEDIA 6.1 WIN/LNX/SOLX64 T1 LIC A;REW NBU MSEO SANMEDIA 6.1 WIN/LNX/SOLX64 T1 LIC A;;;;79;;
1;3;2094;1;742,1328;603,36;EXP NBU MSEO SANMEDIA 6.1 WIN/LNX/SOLX64 T2 ESS S;20941959;;EXP NBU MSEO SANMEDIA 6.1 WIN/LNX/SOLX64 T2 ESS S;EXP NBU MSEO SANMEDIA 6.1 WIN/LNX/SOLX64 T2 ESS S;EXP NBU MSEO SANMEDIA 6.1 WIN/LNX/SOLX64 T2 ESS S;EXP NBU MSEO SANMEDIA 6.1 WIN/LNX/SOLX64 T2 ESS S;;;;79;;
1;3;2094;1;417,2037;339,19;REWTSPP NBU MEDIASVR ENCR SNMED6.1 WIN/ T2 BAS12M C;20941960;;REWTSPP NBU MEDIASVR ENCR SNMED6.1 WIN/ T2 BAS12M C;REWTSPP NBU MEDIASVR ENCR SNMED6.1 WIN/ T2 BAS12M C;REWTSPP NBU MEDIASVR ENCR SNMED6.1 WIN/ T2 BAS12M C;REWTSPP NBU MEDIASVR ENCR SNMED6.1 WIN/ T2 BAS12M C;;;;79;;
1;3;2094;1;561,1383;456,21;REWTSPP NBU MEDIASVR ENCR SNMED6.1 WIN/ T2 ESS12M A;20941963;;REWTSPP NBU MEDIASVR ENCR SNMED6.1 WIN/ T2 ESS12M A;REWTSPP NBU MEDIASVR ENCR SNMED6.1 WIN/ T2 ESS12M A;REWTSPP NBU MEDIASVR ENCR SNMED6.1 WIN/ T2 ESS12M A;REWTSPP NBU MEDIASVR ENCR SNMED6.1 WIN/ T2 ESS12M A;;;;79;;
1;3;2094;1;533,0943;433,41;REWTSPP NBU MEDIASVR ENCR SNMED6.1 WIN/ T2 ESS12M D;20941964;;REWTSPP NBU MEDIASVR ENCR SNMED6.1 WIN/ T2 ESS12M D;REWTSPP NBU MEDIASVR ENCR SNMED6.1 WIN/ T2 ESS12M D;REWTSPP NBU MEDIASVR ENCR SNMED6.1 WIN/ T2 ESS12M D;REWTSPP NBU MEDIASVR ENCR SNMED6.1 WIN/ T2 ESS12M D;;;;79;;
1;3;2094;1;7163,8275;5824,25;REW NBU MSEO SANMEDIA 6.1 UNX 1SVR T3 STD LIC D;20941965;;REW NBU MSEO SANMEDIA 6.1 UNX 1SVR T3 STD LIC D;REW NBU MSEO SANMEDIA 6.1 UNX 1SVR T3 STD LIC D;REW NBU MSEO SANMEDIA 6.1 UNX 1SVR T3 STD LIC D;REW NBU MSEO SANMEDIA 6.1 UNX 1SVR T3 STD LIC D;;;;79;;
1;3;2094;1;1705,4442;1386,54;REW NBU MSEO SANMEDIA 6.1 UNX 1SVR T3 BAS D;20941966;;REW NBU MSEO SANMEDIA 6.1 UNX 1SVR T3 BAS D;REW NBU MSEO SANMEDIA 6.1 UNX 1SVR T3 BAS D;REW NBU MSEO SANMEDIA 6.1 UNX 1SVR T3 BAS D;REW NBU MSEO SANMEDIA 6.1 UNX 1SVR T3 BAS D;;;;79;;
1;3;2094;1;1289,4951;1048,37;REWTSPP NBU MEDIASVR ENCR SANMEDIA 6.1 UNX T3 12M C;20941967;;REWTSPP NBU MEDIASVR ENCR SANMEDIA 6.1 UNX T3 12M C;REWTSPP NBU MEDIASVR ENCR SANMEDIA 6.1 UNX T3 12M C;REWTSPP NBU MEDIASVR ENCR SANMEDIA 6.1 UNX T3 12M C;REWTSPP NBU MEDIASVR ENCR SANMEDIA 6.1 UNX T3 12M C;;;;79;;
1;3;2094;1;705,036;573,2;REW NBU MSEO SANMEDIA 6.1 WIN/LNX/SOLX64 T2 ESS C;20941968=A1;;REW NBU MSEO SANMEDIA 6.1 WIN/LNX/SOLX64 T2 ESS C;REW NBU MSEO SANMEDIA 6.1 WIN/LNX/SOLX64 T2 ESS C;REW NBU MSEO SANMEDIA 6.1 WIN/LNX/SOLX64 T2 ESS C;REW NBU MSEO SANMEDIA 6.1 WIN/LNX/SOLX64 T2 ESS C;;;;79;;
1;3;2094;1;754,974;613,8;REWTSPP NBU MEDIASVR ENCR SNMED6.1 WIN/ T3 ESS12M E;20941969;;REWTSPP NBU MEDIASVR ENCR SNMED6.1 WIN/ T3 ESS12M E;REWTSPP NBU MEDIASVR ENCR SNMED6.1 WIN/ T3 ESS12M E;REWTSPP NBU MEDIASVR ENCR SNMED6.1 WIN/ T3 ESS12M E;REWTSPP NBU MEDIASVR ENCR SNMED6.1 WIN/ T3 ESS12M E;;;;79;;
1;3;2094;1;816,1911;663,57;AE TSPP NBU MEDIA SVR ENC SANMED6.1 WIN/ T3ESS12M S;20941970;;AE TSPP NBU MEDIA SVR ENC SANMED6.1 WIN/ T3ESS12M S;AE TSPP NBU MEDIA SVR ENC SANMED6.1 WIN/ T3ESS12M S;AE TSPP NBU MEDIA SVR ENC SANMED6.1 WIN/ T3ESS12M S;AE TSPP NBU MEDIA SVR ENC SANMED6.1 WIN/ T3ESS12M S;;;;79;;
1;3;2094;1;11976,6822;9737,14;GOV NBU MSEO SANMEDIA 6.1 UNX 1SVR T4 STD LIC S;20941972;;GOV NBU MSEO SANMEDIA 6.1 UNX 1SVR T4 STD LIC S;GOV NBU MSEO SANMEDIA 6.1 UNX 1SVR T4 STD LIC S;GOV NBU MSEO SANMEDIA 6.1 UNX 1SVR T4 STD LIC S;GOV NBU MSEO SANMEDIA 6.1 UNX 1SVR T4 STD LIC S;;;;79;;
1;3;2094;1;11976,6822;9737,14;EXP NBU MSEO SANMEDIA 6.1 UNX 1SVR T4 STD LIC S;20941973;;EXP NBU MSEO SANMEDIA 6.1 UNX 1SVR T4 STD LIC S;EXP NBU MSEO SANMEDIA 6.1 UNX 1SVR T4 STD LIC S;EXP NBU MSEO SANMEDIA 6.1 UNX 1SVR T4 STD LIC S;EXP NBU MSEO SANMEDIA 6.1 UNX 1SVR T4 STD LIC S;;;;79;;
1;3;2094;1;2708,6691;2202,17;REW NBU MSEO SANMEDIA 6.1 UNX 1SVR T4 BAS C;20941974;;REW NBU MSEO SANMEDIA 6.1 UNX 1SVR T4 BAS C;REW NBU MSEO SANMEDIA 6.1 UNX 1SVR T4 BAS C;REW NBU MSEO SANMEDIA 6.1 UNX 1SVR T4 BAS C;REW NBU MSEO SANMEDIA 6.1 UNX 1SVR T4 BAS C;;;;79;;
1;3;2094;1;3643,2231;2961,97;REW NBU MSEO SANMEDIA 6.1 UNX 1SVR T4 ESS A;20941975;;REW NBU MSEO SANMEDIA 6.1 UNX 1SVR T4 ESS A;REW NBU MSEO SANMEDIA 6.1 UNX 1SVR T4 ESS A;REW NBU MSEO SANMEDIA 6.1 UNX 1SVR T4 ESS A;REW NBU MSEO SANMEDIA 6.1 UNX 1SVR T4 ESS A;;;;79;;
1;3;2094;1;3643,2231;2961,97;EXP NBU MSEO SANMEDIA 6.1 UNX 1SVR T4 ESS S;20941976;;EXP NBU MSEO SANMEDIA 6.1 UNX 1SVR T4 ESS S;EXP NBU MSEO SANMEDIA 6.1 UNX 1SVR T4 ESS S;EXP NBU MSEO SANMEDIA 6.1 UNX 1SVR T4 ESS S;EXP NBU MSEO SANMEDIA 6.1 UNX 1SVR T4 ESS S;;;;79;;
1;3;2094;1;2754,6342;2239,54;EXPTSPP NBU MEDIA SVRENCR SANMED6.1 UNX T4 ESS12M S;20941978;;EXPTSPP NBU MEDIA SVRENCR SANMED6.1 UNX T4 ESS12M S;EXPTSPP NBU MEDIA SVRENCR SANMED6.1 UNX T4 ESS12M S;EXPTSPP NBU MEDIA SVRENCR SANMED6.1 UNX T4 ESS12M S;EXPTSPP NBU MEDIA SVRENCR SANMED6.1 UNX T4 ESS12M S;;;;79;;
1;3;2094;1;5322,9603;4327,61;GOV NBU MSEO SANMEDIA 6.1 WIN/LNX/SOLX64 T4 LIC S;20941979;;GOV NBU MSEO SANMEDIA 6.1 WIN/LNX/SOLX64 T4 LIC S;GOV NBU MSEO SANMEDIA 6.1 WIN/LNX/SOLX64 T4 LIC S;GOV NBU MSEO SANMEDIA 6.1 WIN/LNX/SOLX64 T4 LIC S;GOV NBU MSEO SANMEDIA 6.1 WIN/LNX/SOLX64 T4 LIC S;;;;79;;
1;3;2094;1;5322,9603;4327,61;AE NBU MSEO SANMEDIA 6.1 WIN/LNX/SOLX64 T4 LIC S;20941980;;AE NBU MSEO SANMEDIA 6.1 WIN/LNX/SOLX64 T4 LIC S;AE NBU MSEO SANMEDIA 6.1 WIN/LNX/SOLX64 T4 LIC S;AE NBU MSEO SANMEDIA 6.1 WIN/LNX/SOLX64 T4 LIC S;AE NBU MSEO SANMEDIA 6.1 WIN/LNX/SOLX64 T4 LIC S;;;;79;;
1;3;2094;1;1267,2075;1030,25;GOV NBU MSEO SANMEDIA 6.1 WIN/LNX/SOLX64 T4 BAS S;20941981;;GOV NBU MSEO SANMEDIA 6.1 WIN/LNX/SOLX64 T4 BAS S;GOV NBU MSEO SANMEDIA 6.1 WIN/LNX/SOLX64 T4 BAS S;GOV NBU MSEO SANMEDIA 6.1 WIN/LNX/SOLX64 T4 BAS S;GOV NBU MSEO SANMEDIA 6.1 WIN/LNX/SOLX64 T4 BAS S;;;;79;;
1;3;2094;1;1267,2075;1030,25;EXP NBU MSEO SANMEDIA 6.1 WIN/LNX/SOLX64 T4 BAS S;20941982;;EXP NBU MSEO SANMEDIA 6.1 WIN/LNX/SOLX64 T4 BAS S;EXP NBU MSEO SANMEDIA 6.1 WIN/LNX/SOLX64 T4 BAS S;EXP NBU MSEO SANMEDIA 6.1 WIN/LNX/SOLX64 T4 BAS S;EXP NBU MSEO SANMEDIA 6.1 WIN/LNX/SOLX64 T4 BAS S;;;;79;;
1;3;2094;1;1619,2089;1316,43;REW NBU MSEO SANMEDIA 6.1 WIN/LNX/SOLX64 T4 ESS B;20941983=A1;;REW NBU MSEO SANMEDIA 6.1 WIN/LNX/SOLX64 T4 ESS B;REW NBU MSEO SANMEDIA 6.1 WIN/LNX/SOLX64 T4 ESS B;REW NBU MSEO SANMEDIA 6.1 WIN/LNX/SOLX64 T4 ESS B;REW NBU MSEO SANMEDIA 6.1 WIN/LNX/SOLX64 T4 ESS B;;;;79;;
1;3;2094;1;1357,3542;1103,54;GOVTSPP NBU MEDIA SVRENCR SANMED6.1 UNX T3 BAS12M S;20941984;;GOVTSPP NBU MEDIA SVRENCR SANMED6.1 UNX T3 BAS12M S;GOVTSPP NBU MEDIA SVRENCR SANMED6.1 UNX T3 BAS12M S;GOVTSPP NBU MEDIA SVRENCR SANMED6.1 UNX T3 BAS12M S;GOVTSPP NBU MEDIA SVRENCR SANMED6.1 UNX T3 BAS12M S;;;;79;;
1;3;2094;1;781,4436;635,32;REW NBU MSEO SANMEDIA 6.1 WIN/LNX/SOLX64 T3 BAS E;20941988=A1;;REW NBU MSEO SANMEDIA 6.1 WIN/LNX/SOLX64 T3 BAS E;REW NBU MSEO SANMEDIA 6.1 WIN/LNX/SOLX64 T3 BAS E;REW NBU MSEO SANMEDIA 6.1 WIN/LNX/SOLX64 T3 BAS E;REW NBU MSEO SANMEDIA 6.1 WIN/LNX/SOLX64 T3 BAS E;;;;79;;
1;3;2094;1;4923,7515;4003,05;REW NBU MSEO SANMEDIA 6.1 WIN/LNX/SOLX64 T4 LIC E;20941990=A1;;REW NBU MSEO SANMEDIA 6.1 WIN/LNX/SOLX64 T4 LIC E;REW NBU MSEO SANMEDIA 6.1 WIN/LNX/SOLX64 T4 LIC E;REW NBU MSEO SANMEDIA 6.1 WIN/LNX/SOLX64 T4 LIC E;REW NBU MSEO SANMEDIA 6.1 WIN/LNX/SOLX64 T4 LIC E;;;;79;;
1;3;2094;1;1203,8502;978,74;REW NBU MSEO SANMEDIA 6.1 WIN/LNX/SOLX64 T4 BAS C;20941991=A1;;REW NBU MSEO SANMEDIA 6.1 WIN/LNX/SOLX64 T4 BAS C;REW NBU MSEO SANMEDIA 6.1 WIN/LNX/SOLX64 T4 BAS C;REW NBU MSEO SANMEDIA 6.1 WIN/LNX/SOLX64 T4 BAS C;REW NBU MSEO SANMEDIA 6.1 WIN/LNX/SOLX64 T4 BAS C;;;;79;;
1;3;2094;1;1619,2089;1316,43;GOV NBU MSEO SANMEDIA 6.1 WIN/LNX/SOLX64 T4 ESS S;20941993;;GOV NBU MSEO SANMEDIA 6.1 WIN/LNX/SOLX64 T4 ESS S;GOV NBU MSEO SANMEDIA 6.1 WIN/LNX/SOLX64 T4 ESS S;GOV NBU MSEO SANMEDIA 6.1 WIN/LNX/SOLX64 T4 ESS S;GOV NBU MSEO SANMEDIA 6.1 WIN/LNX/SOLX64 T4 ESS S;;;;79;;
1;3;2094;1;4435,8105;3606,35;REW NBU MSEO SANMEDIA 6.1 UNX 1SVR T1 STD LIC A;20941996;;REW NBU MSEO SANMEDIA 6.1 UNX 1SVR T1 STD LIC A;REW NBU MSEO SANMEDIA 6.1 UNX 1SVR T1 STD LIC A;REW NBU MSEO SANMEDIA 6.1 UNX 1SVR T1 STD LIC A;REW NBU MSEO SANMEDIA 6.1 UNX 1SVR T1 STD LIC A;;;;79;;
1;3;2094;1;1349,3346;1097,02;EXP NBU MSEO SANMEDIA 6.1 UNX 1SVR T1 ESS S;20941997;;EXP NBU MSEO SANMEDIA 6.1 UNX 1SVR T1 ESS S;EXP NBU MSEO SANMEDIA 6.1 UNX 1SVR T1 ESS S;EXP NBU MSEO SANMEDIA 6.1 UNX 1SVR T1 ESS S;EXP NBU MSEO SANMEDIA 6.1 UNX 1SVR T1 ESS S;;;;79;;
1;3;2094;1;561,1383;456,21;REWTSPP NBU MEDIASVR ENCR SNMED6.1 WIN/ T2 ESS12M B;20942003;;REWTSPP NBU MEDIASVR ENCR SNMED6.1 WIN/ T2 ESS12M B;REWTSPP NBU MEDIASVR ENCR SNMED6.1 WIN/ T2 ESS12M B;REWTSPP NBU MEDIASVR ENCR SNMED6.1 WIN/ T2 ESS12M B;REWTSPP NBU MEDIASVR ENCR SNMED6.1 WIN/ T2 ESS12M B;;;;79;;
1;3;2094;1;533,0943;433,41;REWTSPP NBU MEDIASVR ENCR SNMED6.1 WIN/ T2 ESS12M C;20942004;;REWTSPP NBU MEDIASVR ENCR SNMED6.1 WIN/ T2 ESS12M C;REWTSPP NBU MEDIASVR ENCR SNMED6.1 WIN/ T2 ESS12M C;REWTSPP NBU MEDIASVR ENCR SNMED6.1 WIN/ T2 ESS12M C;REWTSPP NBU MEDIASVR ENCR SNMED6.1 WIN/ T2 ESS12M C;;;;79;;
1;3;2094;1;561,1383;456,21;AE TSPP NBU MEDIA SVR ENC SANMED6.1 WIN/ T2ESS12M S;20942006;;AE TSPP NBU MEDIA SVR ENC SANMED6.1 WIN/ T2ESS12M S;AE TSPP NBU MEDIA SVR ENC SANMED6.1 WIN/ T2ESS12M S;AE TSPP NBU MEDIA SVR ENC SANMED6.1 WIN/ T2ESS12M S;AE TSPP NBU MEDIA SVR ENC SANMED6.1 WIN/ T2ESS12M S;;;;79;;
1;3;2094;1;6975,3054;5670,98;REW NBU MSEO SANMEDIA 6.1 UNX 1SVR T3 STD LIC E;20942007;;REW NBU MSEO SANMEDIA 6.1 UNX 1SVR T3 STD LIC E;REW NBU MSEO SANMEDIA 6.1 UNX 1SVR T3 STD LIC E;REW NBU MSEO SANMEDIA 6.1 UNX 1SVR T3 STD LIC E;REW NBU MSEO SANMEDIA 6.1 UNX 1SVR T3 STD LIC E;;;;79;;
1;3;2094;1;1795,2096;1459,52;REW NBU MSEO SANMEDIA 6.1 UNX 1SVR T3 BAS A;20942008;;REW NBU MSEO SANMEDIA 6.1 UNX 1SVR T3 BAS A;REW NBU MSEO SANMEDIA 6.1 UNX 1SVR T3 BAS A;REW NBU MSEO SANMEDIA 6.1 UNX 1SVR T3 BAS A;REW NBU MSEO SANMEDIA 6.1 UNX 1SVR T3 BAS A;;;;79;;
1;3;2094;1;1025,5002;833,74;REW NBU MSEO SANMEDIA 6.1 WIN/LNX/SOLX64 T3 ESS D;20942010=A1;;REW NBU MSEO SANMEDIA 6.1 WIN/LNX/SOLX64 T3 ESS D;REW NBU MSEO SANMEDIA 6.1 WIN/LNX/SOLX64 T3 ESS D;REW NBU MSEO SANMEDIA 6.1 WIN/LNX/SOLX64 T3 ESS D;REW NBU MSEO SANMEDIA 6.1 WIN/LNX/SOLX64 T3 ESS D;;;;79;;
1;3;2094;1;638,7513;519,31;GOVTSPP NBU MEDIA SVRENCR SANMED6.1 WIN/ T3BAS12M S;20942011;;GOVTSPP NBU MEDIA SVRENCR SANMED6.1 WIN/ T3BAS12M S;GOVTSPP NBU MEDIA SVRENCR SANMED6.1 WIN/ T3BAS12M S;GOVTSPP NBU MEDIA SVRENCR SANMED6.1 WIN/ T3BAS12M S;GOVTSPP NBU MEDIA SVRENCR SANMED6.1 WIN/ T3BAS12M S;;;;79;;
1;3;2094;1;638,7513;519,31;EXPTSPP NBU MEDIA SVRENCR SANMED6.1 WIN/ T3BAS12M S;20942012;;EXPTSPP NBU MEDIA SVRENCR SANMED6.1 WIN/ T3BAS12M S;EXPTSPP NBU MEDIA SVRENCR SANMED6.1 WIN/ T3BAS12M S;EXPTSPP NBU MEDIA SVRENCR SANMED6.1 WIN/ T3BAS12M S;EXPTSPP NBU MEDIA SVRENCR SANMED6.1 WIN/ T3BAS12M S;;;;79;;
1;3;2094;1;816,1911;663,57;REWTSPP NBU MEDIASVR ENCR SNMED6.1 WIN/ T3 ESS12M A;20942017;;REWTSPP NBU MEDIASVR ENCR SNMED6.1 WIN/ T3 ESS12M A;REWTSPP NBU MEDIASVR ENCR SNMED6.1 WIN/ T3 ESS12M A;REWTSPP NBU MEDIASVR ENCR SNMED6.1 WIN/ T3 ESS12M A;REWTSPP NBU MEDIASVR ENCR SNMED6.1 WIN/ T3 ESS12M A;;;;79;;
1;3;2094;1;501,6063;407,81;REW NBU MSEO SANMEDIA 6.1 WIN/LNX/SOLX64 T1 BAS C;20942020=A1;;REW NBU MSEO SANMEDIA 6.1 WIN/LNX/SOLX64 T1 BAS C;REW NBU MSEO SANMEDIA 6.1 WIN/LNX/SOLX64 T1 BAS C;REW NBU MSEO SANMEDIA 6.1 WIN/LNX/SOLX64 T1 BAS C;REW NBU MSEO SANMEDIA 6.1 WIN/LNX/SOLX64 T1 BAS C;;;;79;;
1;3;2094;1;528,0021;429,27;GOV NBU MSEO SANMEDIA 6.1 WIN/LNX/SOLX64 T1 BAS S;20942021;;GOV NBU MSEO SANMEDIA 6.1 WIN/LNX/SOLX64 T1 BAS S;GOV NBU MSEO SANMEDIA 6.1 WIN/LNX/SOLX64 T1 BAS S;GOV NBU MSEO SANMEDIA 6.1 WIN/LNX/SOLX64 T1 BAS S;GOV NBU MSEO SANMEDIA 6.1 WIN/LNX/SOLX64 T1 BAS S;;;;79;;
1;3;2094;1;640,9407;521,09;REW NBU MSEO SANMEDIA 6.1 WIN/LNX/SOLX64 T1 ESS C;20942022=A1;;REW NBU MSEO SANMEDIA 6.1 WIN/LNX/SOLX64 T1 ESS C;REW NBU MSEO SANMEDIA 6.1 WIN/LNX/SOLX64 T1 ESS C;REW NBU MSEO SANMEDIA 6.1 WIN/LNX/SOLX64 T1 ESS C;REW NBU MSEO SANMEDIA 6.1 WIN/LNX/SOLX64 T1 ESS C;;;;79;;
1;3;2094;1;674,6796;548,52;GOV NBU MSEO SANMEDIA 6.1 WIN/LNX/SOLX64 T1 ESS S;20942023;;GOV NBU MSEO SANMEDIA 6.1 WIN/LNX/SOLX64 T1 ESS S;GOV NBU MSEO SANMEDIA 6.1 WIN/LNX/SOLX64 T1 ESS S;GOV NBU MSEO SANMEDIA 6.1 WIN/LNX/SOLX64 T1 ESS S;GOV NBU MSEO SANMEDIA 6.1 WIN/LNX/SOLX64 T1 ESS S;;;;79;;
1;3;2094;1;379,2582;308,34;REWTSPP NBU MEDIASVR ENCR SNMED6.1 WIN/ T1 BAS12M D;20942024;;REWTSPP NBU MEDIASVR ENCR SNMED6.1 WIN/ T1 BAS12M D;REWTSPP NBU MEDIASVR ENCR SNMED6.1 WIN/ T1 BAS12M D;REWTSPP NBU MEDIASVR ENCR SNMED6.1 WIN/ T1 BAS12M D;REWTSPP NBU MEDIASVR ENCR SNMED6.1 WIN/ T1 BAS12M D;;;;79;;
1;3;2094;1;399,2211;324,57;GOVTSPP NBU MEDIA SVRENCR SANMED6.1 WIN/ T1BAS12M S;20942025;;GOVTSPP NBU MEDIA SVRENCR SANMED6.1 WIN/ T1BAS12M S;GOVTSPP NBU MEDIA SVRENCR SANMED6.1 WIN/ T1BAS12M S;GOVTSPP NBU MEDIA SVRENCR SANMED6.1 WIN/ T1BAS12M S;GOVTSPP NBU MEDIA SVRENCR SANMED6.1 WIN/ T1BAS12M S;;;;79;;
1;3;2094;1;510,1179;414,73;REWTSPP NBU MEDIASVR ENCR SNMED6.1 WIN/ T1 ESS12M B;20942027;;REWTSPP NBU MEDIASVR ENCR SNMED6.1 WIN/ T1 ESS12M B;REWTSPP NBU MEDIASVR ENCR SNMED6.1 WIN/ T1 ESS12M B;REWTSPP NBU MEDIASVR ENCR SNMED6.1 WIN/ T1 ESS12M B;REWTSPP NBU MEDIASVR ENCR SNMED6.1 WIN/ T1 ESS12M B;;;;79;;
1;3;2094;1;2217,8991;1803,17;AE NBU MSEO SANMEDIA 6.1 WIN/LNX/SOLX64 T1 LIC S;20942028;;AE NBU MSEO SANMEDIA 6.1 WIN/LNX/SOLX64 T1 LIC S;AE NBU MSEO SANMEDIA 6.1 WIN/LNX/SOLX64 T1 LIC S;AE NBU MSEO SANMEDIA 6.1 WIN/LNX/SOLX64 T1 LIC S;AE NBU MSEO SANMEDIA 6.1 WIN/LNX/SOLX64 T1 LIC S;;;;79;;
1;3;2094;1;501,6063;407,81;REW NBU MSEO SANMEDIA 6.1 WIN/LNX/SOLX64 T1 BAS D;20942029=A1;;REW NBU MSEO SANMEDIA 6.1 WIN/LNX/SOLX64 T1 BAS D;REW NBU MSEO SANMEDIA 6.1 WIN/LNX/SOLX64 T1 BAS D;REW NBU MSEO SANMEDIA 6.1 WIN/LNX/SOLX64 T1 BAS D;REW NBU MSEO SANMEDIA 6.1 WIN/LNX/SOLX64 T1 BAS D;;;;79;;
1;3;2094;1;640,9407;521,09;REW NBU MSEO SANMEDIA 6.1 WIN/LNX/SOLX64 T1 ESS D;20942030=A1;;REW NBU MSEO SANMEDIA 6.1 WIN/LNX/SOLX64 T1 ESS D;REW NBU MSEO SANMEDIA 6.1 WIN/LNX/SOLX64 T1 ESS D;REW NBU MSEO SANMEDIA 6.1 WIN/LNX/SOLX64 T1 ESS D;REW NBU MSEO SANMEDIA 6.1 WIN/LNX/SOLX64 T1 ESS D;;;;79;;
1;3;2094;1;471,8772;383,64;REWTSPP NBU MEDIASVR ENCR SNMED6.1 WIN/ T1 ESS12M E;20942032;;REWTSPP NBU MEDIASVR ENCR SNMED6.1 WIN/ T1 ESS12M E;REWTSPP NBU MEDIASVR ENCR SNMED6.1 WIN/ T1 ESS12M E;REWTSPP NBU MEDIASVR ENCR SNMED6.1 WIN/ T1 ESS12M E;REWTSPP NBU MEDIASVR ENCR SNMED6.1 WIN/ T1 ESS12M E;;;;79;;
1;3;2094;1;5478,2232;4453,84;REW NBU MSEO SANMEDIA 6.1 UNX 1SVR T2 STD LIC C;20942033;;REW NBU MSEO SANMEDIA 6.1 UNX 1SVR T2 STD LIC C;REW NBU MSEO SANMEDIA 6.1 UNX 1SVR T2 STD LIC C;REW NBU MSEO SANMEDIA 6.1 UNX 1SVR T2 STD LIC C;REW NBU MSEO SANMEDIA 6.1 UNX 1SVR T2 STD LIC C;;;;79;;
1;3;2094;1;5766,5475;4688,25;AE NBU MSEO SANMEDIA 6.1 UNX 1SVR T2 STD LIC S;20942034;;AE NBU MSEO SANMEDIA 6.1 UNX 1SVR T2 STD LIC S;AE NBU MSEO SANMEDIA 6.1 UNX 1SVR T2 STD LIC S;AE NBU MSEO SANMEDIA 6.1 UNX 1SVR T2 STD LIC S;AE NBU MSEO SANMEDIA 6.1 UNX 1SVR T2 STD LIC S;;;;79;;
1;3;2094;1;1269,8643;1032,41;REW NBU MSEO SANMEDIA 6.1 UNX 1SVR T2 BAS E;20942035;;REW NBU MSEO SANMEDIA 6.1 UNX 1SVR T2 BAS E;REW NBU MSEO SANMEDIA 6.1 UNX 1SVR T2 BAS E;REW NBU MSEO SANMEDIA 6.1 UNX 1SVR T2 BAS E;REW NBU MSEO SANMEDIA 6.1 UNX 1SVR T2 BAS E;;;;79;;
1;3;2094;1;1037,9847;843,89;REWTSPP NBU MEDIASVR ENCR SANMEDIA 6.1 UNX T2 12M B;20942036;;REWTSPP NBU MEDIASVR ENCR SANMEDIA 6.1 UNX T2 12M B;REWTSPP NBU MEDIASVR ENCR SANMEDIA 6.1 UNX T2 12M B;REWTSPP NBU MEDIASVR ENCR SANMEDIA 6.1 UNX T2 12M B;REWTSPP NBU MEDIASVR ENCR SANMEDIA 6.1 UNX T2 12M B;;;;79;;
1;3;2094;1;986,0787;801,69;REWTSPP NBU MEDIASVR ENCR SANMEDIA 6.1 UNX T2 12M C;20942037;;REWTSPP NBU MEDIASVR ENCR SANMEDIA 6.1 UNX T2 12M C;REWTSPP NBU MEDIASVR ENCR SANMEDIA 6.1 UNX T2 12M C;REWTSPP NBU MEDIASVR ENCR SANMEDIA 6.1 UNX T2 12M C;REWTSPP NBU MEDIASVR ENCR SANMEDIA 6.1 UNX T2 12M C;;;;79;;
1;3;2094;1;960,138;780,6;REWTSPP NBU MEDIASVR ENCR SANMEDIA 6.1 UNX T2 12M E;20942038;;REWTSPP NBU MEDIASVR ENCR SANMEDIA 6.1 UNX T2 12M E;REWTSPP NBU MEDIASVR ENCR SANMEDIA 6.1 UNX T2 12M E;REWTSPP NBU MEDIASVR ENCR SANMEDIA 6.1 UNX T2 12M E;REWTSPP NBU MEDIASVR ENCR SANMEDIA 6.1 UNX T2 12M E;;;;79;;
1;3;2094;1;379,2582;308,34;REWTSPP NBU MEDIASVR ENCR SNMED6.1 WIN/ T1 BAS12M C;20942041;;REWTSPP NBU MEDIASVR ENCR SNMED6.1 WIN/ T1 BAS12M C;REWTSPP NBU MEDIASVR ENCR SNMED6.1 WIN/ T1 BAS12M C;REWTSPP NBU MEDIASVR ENCR SNMED6.1 WIN/ T1 BAS12M C;REWTSPP NBU MEDIASVR ENCR SNMED6.1 WIN/ T1 BAS12M C;;;;79;;
1;3;2094;1;1259,9997;1024,39;REWTSPP NBU MEDIASVR ENCR SANMEDIA 6.1 UNX T2 12M C;20942042;;REWTSPP NBU MEDIASVR ENCR SANMEDIA 6.1 UNX T2 12M C;REWTSPP NBU MEDIASVR ENCR SANMEDIA 6.1 UNX T2 12M C;REWTSPP NBU MEDIASVR ENCR SANMEDIA 6.1 UNX T2 12M C;REWTSPP NBU MEDIASVR ENCR SANMEDIA 6.1 UNX T2 12M C;;;;79;;
1;3;2094;1;1226,8389;997,43;REWTSPP NBU MEDIASVR ENCR SANMEDIA 6.1 UNX T2 12M E;20942043;;REWTSPP NBU MEDIASVR ENCR SANMEDIA 6.1 UNX T2 12M E;REWTSPP NBU MEDIASVR ENCR SANMEDIA 6.1 UNX T2 12M E;REWTSPP NBU MEDIASVR ENCR SANMEDIA 6.1 UNX T2 12M E;REWTSPP NBU MEDIASVR ENCR SANMEDIA 6.1 UNX T2 12M E;;;;79;;
1;3;2094;1;1326,309;1078,3;EXPTSPP NBU MEDIA SVRENCR SANMED6.1 UNX T2 ESS12M S;20942045;;EXPTSPP NBU MEDIA SVRENCR SANMED6.1 UNX T2 ESS12M S;EXPTSPP NBU MEDIA SVRENCR SANMED6.1 UNX T2 ESS12M S;EXPTSPP NBU MEDIA SVRENCR SANMED6.1 UNX T2 ESS12M S;EXPTSPP NBU MEDIA SVRENCR SANMED6.1 UNX T2 ESS12M S;;;;79;;
1;3;2094;1;1326,309;1078,3;AE TSPP NBU MEDIA SVR ENC SANMED6.1 UNX T2 ESS12M S;20942046;;AE TSPP NBU MEDIA SVR ENC SANMED6.1 UNX T2 ESS12M S;AE TSPP NBU MEDIA SVR ENC SANMED6.1 UNX T2 ESS12M S;AE TSPP NBU MEDIA SVR ENC SANMED6.1 UNX T2 ESS12M S;AE TSPP NBU MEDIA SVR ENC SANMED6.1 UNX T2 ESS12M S;;;;79;;
1;3;2094;1;742,1328;603,36;REW NBU MSEO SANMEDIA 6.1 WIN/LNX/SOLX64 T2 ESS B;20942049=A1;;REW NBU MSEO SANMEDIA 6.1 WIN/LNX/SOLX64 T2 ESS B;REW NBU MSEO SANMEDIA 6.1 WIN/LNX/SOLX64 T2 ESS B;REW NBU MSEO SANMEDIA 6.1 WIN/LNX/SOLX64 T2 ESS B;REW NBU MSEO SANMEDIA 6.1 WIN/LNX/SOLX64 T2 ESS B;;;;79;;
1;3;2094;1;686,4876;558,12;REW NBU MSEO SANMEDIA 6.1 WIN/LNX/SOLX64 T2 ESS E;20942050=A1;;REW NBU MSEO SANMEDIA 6.1 WIN/LNX/SOLX64 T2 ESS E;REW NBU MSEO SANMEDIA 6.1 WIN/LNX/SOLX64 T2 ESS E;REW NBU MSEO SANMEDIA 6.1 WIN/LNX/SOLX64 T2 ESS E;REW NBU MSEO SANMEDIA 6.1 WIN/LNX/SOLX64 T2 ESS E;;;;79;;
1;3;2094;1;561,1383;456,21;EXPTSPP NBU MEDIA SVRENCR SANMED6.1 WIN/ T2ESS12M S;20942053;;EXPTSPP NBU MEDIA SVRENCR SANMED6.1 WIN/ T2ESS12M S;EXPTSPP NBU MEDIA SVRENCR SANMED6.1 WIN/ T2ESS12M S;EXPTSPP NBU MEDIA SVRENCR SANMED6.1 WIN/ T2ESS12M S;EXPTSPP NBU MEDIA SVRENCR SANMED6.1 WIN/ T2ESS12M S;;;;79;;
1;3;2094;1;7540,884;6130,8;GOV NBU MSEO SANMEDIA 6.1 UNX 1SVR T3 STD LIC S;20942055;;GOV NBU MSEO SANMEDIA 6.1 UNX 1SVR T3 STD LIC S;GOV NBU MSEO SANMEDIA 6.1 UNX 1SVR T3 STD LIC S;GOV NBU MSEO SANMEDIA 6.1 UNX 1SVR T3 STD LIC S;GOV NBU MSEO SANMEDIA 6.1 UNX 1SVR T3 STD LIC S;;;;79;;
1;3;2094;1;1795,2096;1459,52;REW NBU MSEO SANMEDIA 6.1 UNX 1SVR T3 BAS B;20942056;;REW NBU MSEO SANMEDIA 6.1 UNX 1SVR T3 BAS B;REW NBU MSEO SANMEDIA 6.1 UNX 1SVR T3 BAS B;REW NBU MSEO SANMEDIA 6.1 UNX 1SVR T3 BAS B;REW NBU MSEO SANMEDIA 6.1 UNX 1SVR T3 BAS B;;;;79;;
1;3;2094;1;2293,8885;1864,95;REW NBU MSEO SANMEDIA 6.1 UNX 1SVR T3 ESS B;20942057;;REW NBU MSEO SANMEDIA 6.1 UNX 1SVR T3 ESS B;REW NBU MSEO SANMEDIA 6.1 UNX 1SVR T3 ESS B;REW NBU MSEO SANMEDIA 6.1 UNX 1SVR T3 ESS B;REW NBU MSEO SANMEDIA 6.1 UNX 1SVR T3 ESS B;;;;79;;
1;3;2094;1;2179,2033;1771,71;REW NBU MSEO SANMEDIA 6.1 UNX 1SVR T3 ESS D;20942058;;REW NBU MSEO SANMEDIA 6.1 UNX 1SVR T3 ESS D;REW NBU MSEO SANMEDIA 6.1 UNX 1SVR T3 ESS D;REW NBU MSEO SANMEDIA 6.1 UNX 1SVR T3 ESS D;REW NBU MSEO SANMEDIA 6.1 UNX 1SVR T3 ESS D;;;;79;;
1;3;2094;1;1647,6834;1339,58;REWTSPP NBU MEDIASVR ENCR SANMEDIA 6.1 UNX T3 12M D;20942063;;REWTSPP NBU MEDIASVR ENCR SANMEDIA 6.1 UNX T3 12M D;REWTSPP NBU MEDIASVR ENCR SANMEDIA 6.1 UNX T3 12M D;REWTSPP NBU MEDIASVR ENCR SANMEDIA 6.1 UNX T3 12M D;REWTSPP NBU MEDIASVR ENCR SANMEDIA 6.1 UNX T3 12M D;;;;79;;
1;3;2094;1;3548,6484;2885,08;REW NBU MSEO SANMEDIA 6.1 WIN/LNX/SOLX64 T3 LIC A;20942064=A1;;REW NBU MSEO SANMEDIA 6.1 WIN/LNX/SOLX64 T3 LIC A;REW NBU MSEO SANMEDIA 6.1 WIN/LNX/SOLX64 T3 LIC A;REW NBU MSEO SANMEDIA 6.1 WIN/LNX/SOLX64 T3 LIC A;REW NBU MSEO SANMEDIA 6.1 WIN/LNX/SOLX64 T3 LIC A;;;;79;;
1;3;2094;1;3371,2209;2740,83;REW NBU MSEO SANMEDIA 6.1 WIN/LNX/SOLX64 T3 LIC D;20942065=A1;;REW NBU MSEO SANMEDIA 6.1 WIN/LNX/SOLX64 T3 LIC D;REW NBU MSEO SANMEDIA 6.1 WIN/LNX/SOLX64 T3 LIC D;REW NBU MSEO SANMEDIA 6.1 WIN/LNX/SOLX64 T3 LIC D;REW NBU MSEO SANMEDIA 6.1 WIN/LNX/SOLX64 T3 LIC D;;;;79;;
1;3;2094;1;844,8132;686,84;REW NBU MSEO SANMEDIA 6.1 WIN/LNX/SOLX64 T3 BAS B;20942066=A1;;REW NBU MSEO SANMEDIA 6.1 WIN/LNX/SOLX64 T3 BAS B;REW NBU MSEO SANMEDIA 6.1 WIN/LNX/SOLX64 T3 BAS B;REW NBU MSEO SANMEDIA 6.1 WIN/LNX/SOLX64 T3 BAS B;REW NBU MSEO SANMEDIA 6.1 WIN/LNX/SOLX64 T3 BAS B;;;;79;;
1;3;2094;1;1079,4849;877,63;REW NBU MSEO SANMEDIA 6.1 WIN/LNX/SOLX64 T3 ESS A;20942067=A1;;REW NBU MSEO SANMEDIA 6.1 WIN/LNX/SOLX64 T3 ESS A;REW NBU MSEO SANMEDIA 6.1 WIN/LNX/SOLX64 T3 ESS A;REW NBU MSEO SANMEDIA 6.1 WIN/LNX/SOLX64 T3 ESS A;REW NBU MSEO SANMEDIA 6.1 WIN/LNX/SOLX64 T3 ESS A;;;;79;;
1;3;2094;1;638,7513;519,31;REWTSPP NBU MEDIASVR ENCR SNMED6.1 WIN/ T3 BAS12M B;20942068;;REWTSPP NBU MEDIASVR ENCR SNMED6.1 WIN/ T3 BAS12M B;REWTSPP NBU MEDIASVR ENCR SNMED6.1 WIN/ T3 BAS12M B;REWTSPP NBU MEDIASVR ENCR SNMED6.1 WIN/ T3 BAS12M B;REWTSPP NBU MEDIASVR ENCR SNMED6.1 WIN/ T3 BAS12M B;;;;79;;
1;3;2094;1;606,8205;493,35;REWTSPP NBU MEDIASVR ENCR SNMED6.1 WIN/ T3 BAS12M D;20942069;;REWTSPP NBU MEDIASVR ENCR SNMED6.1 WIN/ T3 BAS12M D;REWTSPP NBU MEDIASVR ENCR SNMED6.1 WIN/ T3 BAS12M D;REWTSPP NBU MEDIASVR ENCR SNMED6.1 WIN/ T3 BAS12M D;REWTSPP NBU MEDIASVR ENCR SNMED6.1 WIN/ T3 BAS12M D;;;;79;;
1;3;2094;1;590,8551;480,37;REWTSPP NBU MEDIASVR ENCR SNMED6.1 WIN/ T3 BAS12M E;20942070;;REWTSPP NBU MEDIASVR ENCR SNMED6.1 WIN/ T3 BAS12M E;REWTSPP NBU MEDIASVR ENCR SNMED6.1 WIN/ T3 BAS12M E;REWTSPP NBU MEDIASVR ENCR SNMED6.1 WIN/ T3 BAS12M E;REWTSPP NBU MEDIASVR ENCR SNMED6.1 WIN/ T3 BAS12M E;;;;79;;
1;3;2094;1;2637,3906;2144,22;REW NBU MSEO SANMEDIA 6.1 UNX 1SVR T4 BAS E;20942071;;REW NBU MSEO SANMEDIA 6.1 UNX 1SVR T4 BAS E;REW NBU MSEO SANMEDIA 6.1 UNX 1SVR T4 BAS E;REW NBU MSEO SANMEDIA 6.1 UNX 1SVR T4 BAS E;REW NBU MSEO SANMEDIA 6.1 UNX 1SVR T4 BAS E;;;;79;;
1;3;2094;1;2851,2138;2318,06;GOV NBU MSEO SANMEDIA 6.1 UNX 1SVR T4 BAS S;20942072;;GOV NBU MSEO SANMEDIA 6.1 UNX 1SVR T4 BAS S;GOV NBU MSEO SANMEDIA 6.1 UNX 1SVR T4 BAS S;GOV NBU MSEO SANMEDIA 6.1 UNX 1SVR T4 BAS S;GOV NBU MSEO SANMEDIA 6.1 UNX 1SVR T4 BAS S;;;;79;;
1;3;2094;1;3370,0032;2739,84;REW NBU MSEO SANMEDIA 6.1 UNX 1SVR T4 ESS E;20942073;;REW NBU MSEO SANMEDIA 6.1 UNX 1SVR T4 ESS E;REW NBU MSEO SANMEDIA 6.1 UNX 1SVR T4 ESS E;REW NBU MSEO SANMEDIA 6.1 UNX 1SVR T4 ESS E;REW NBU MSEO SANMEDIA 6.1 UNX 1SVR T4 ESS E;;;;79;;
1;3;2094;1;2155,8087;1752,69;EXPTSPP NBU MEDIA SVRENCR SANMED6.1 UNX T4 BAS12M S;20942074;;EXPTSPP NBU MEDIA SVRENCR SANMED6.1 UNX T4 BAS12M S;EXPTSPP NBU MEDIA SVRENCR SANMED6.1 UNX T4 BAS12M S;EXPTSPP NBU MEDIA SVRENCR SANMED6.1 UNX T4 BAS12M S;EXPTSPP NBU MEDIA SVRENCR SANMED6.1 UNX T4 BAS12M S;;;;79;;
1;3;2094;1;2754,6342;2239,54;REWTSPP NBU MEDIASVR ENCR SANMEDIA 6.1 UNX T4 12M B;20942080;;REWTSPP NBU MEDIASVR ENCR SANMEDIA 6.1 UNX T4 12M B;REWTSPP NBU MEDIASVR ENCR SANMEDIA 6.1 UNX T4 12M B;REWTSPP NBU MEDIASVR ENCR SANMEDIA 6.1 UNX T4 12M B;REWTSPP NBU MEDIASVR ENCR SANMEDIA 6.1 UNX T4 12M B;;;;79;;
1;3;2094;1;2754,6342;2239,54;GOVTSPP NBU MEDIA SVRENCR SANMED6.1 UNX T4 ESS12M S;20942082;;GOVTSPP NBU MEDIA SVRENCR SANMED6.1 UNX T4 ESS12M S;GOVTSPP NBU MEDIA SVRENCR SANMED6.1 UNX T4 ESS12M S;GOVTSPP NBU MEDIA SVRENCR SANMED6.1 UNX T4 ESS12M S;GOVTSPP NBU MEDIA SVRENCR SANMED6.1 UNX T4 ESS12M S;;;;79;;
1;3;2094;1;5322,9603;4327,61;REW NBU MSEO SANMEDIA 6.1 WIN/LNX/SOLX64 T4 LIC B;20942083=A1;;REW NBU MSEO SANMEDIA 6.1 WIN/LNX/SOLX64 T4 LIC B;REW NBU MSEO SANMEDIA 6.1 WIN/LNX/SOLX64 T4 LIC B;REW NBU MSEO SANMEDIA 6.1 WIN/LNX/SOLX64 T4 LIC B;REW NBU MSEO SANMEDIA 6.1 WIN/LNX/SOLX64 T4 LIC B;;;;79;;
1;3;2094;1;5322,9603;4327,61;EXP NBU MSEO SANMEDIA 6.1 WIN/LNX/SOLX64 T4 LIC S;20942084;;EXP NBU MSEO SANMEDIA 6.1 WIN/LNX/SOLX64 T4 LIC S;EXP NBU MSEO SANMEDIA 6.1 WIN/LNX/SOLX64 T4 LIC S;EXP NBU MSEO SANMEDIA 6.1 WIN/LNX/SOLX64 T4 LIC S;EXP NBU MSEO SANMEDIA 6.1 WIN/LNX/SOLX64 T4 LIC S;;;;79;;
1;3;2094;1;1172,1654;952,98;REW NBU MSEO SANMEDIA 6.1 WIN/LNX/SOLX64 T4 BAS E;20942085=A1;;REW NBU MSEO SANMEDIA 6.1 WIN/LNX/SOLX64 T4 BAS E;REW NBU MSEO SANMEDIA 6.1 WIN/LNX/SOLX64 T4 BAS E;REW NBU MSEO SANMEDIA 6.1 WIN/LNX/SOLX64 T4 BAS E;REW NBU MSEO SANMEDIA 6.1 WIN/LNX/SOLX64 T4 BAS E;;;;79;;
1;3;2094;1;1497,771;1217,7;REW NBU MSEO SANMEDIA 6.1 WIN/LNX/SOLX64 T4 ESS E;20942086=A1;;REW NBU MSEO SANMEDIA 6.1 WIN/LNX/SOLX64 T4 ESS E;REW NBU MSEO SANMEDIA 6.1 WIN/LNX/SOLX64 T4 ESS E;REW NBU MSEO SANMEDIA 6.1 WIN/LNX/SOLX64 T4 ESS E;REW NBU MSEO SANMEDIA 6.1 WIN/LNX/SOLX64 T4 ESS E;;;;79;;
1;3;2094;1;910,2246;740,02;REWTSPP NBU MEDIASVR ENCR SNMED6.1 WIN/ T4 BAS12M C;20942087;;REWTSPP NBU MEDIASVR ENCR SNMED6.1 WIN/ T4 BAS12M C;REWTSPP NBU MEDIASVR ENCR SNMED6.1 WIN/ T4 BAS12M C;REWTSPP NBU MEDIASVR ENCR SNMED6.1 WIN/ T4 BAS12M C;REWTSPP NBU MEDIASVR ENCR SNMED6.1 WIN/ T4 BAS12M C;;;;79;;
1;3;2094;1;1224,2805;995,35;REWTSPP NBU MEDIASVR ENCR SNMED6.1 WIN/ T4 ESS12M A;20942088;;REWTSPP NBU MEDIASVR ENCR SNMED6.1 WIN/ T4 ESS12M A;REWTSPP NBU MEDIASVR ENCR SNMED6.1 WIN/ T4 ESS12M A;REWTSPP NBU MEDIASVR ENCR SNMED6.1 WIN/ T4 ESS12M A;REWTSPP NBU MEDIASVR ENCR SNMED6.1 WIN/ T4 ESS12M A;;;;79;;
1;3;2094;1;1163,0634;945,58;REWTSPP NBU MEDIASVR ENCR SNMED6.1 WIN/ T4 ESS12M D;20942089;;REWTSPP NBU MEDIASVR ENCR SNMED6.1 WIN/ T4 ESS12M D;REWTSPP NBU MEDIASVR ENCR SNMED6.1 WIN/ T4 ESS12M D;REWTSPP NBU MEDIASVR ENCR SNMED6.1 WIN/ T4 ESS12M D;REWTSPP NBU MEDIASVR ENCR SNMED6.1 WIN/ T4 ESS12M D;;;;79;;
1;3;2094;1;1132,4733;920,71;REWTSPP NBU MEDIASVR ENCR SNMED6.1 WIN/ T4 ESS12M E;20942090;;REWTSPP NBU MEDIASVR ENCR SNMED6.1 WIN/ T4 ESS12M E;REWTSPP NBU MEDIASVR ENCR SNMED6.1 WIN/ T4 ESS12M E;REWTSPP NBU MEDIASVR ENCR SNMED6.1 WIN/ T4 ESS12M E;REWTSPP NBU MEDIASVR ENCR SNMED6.1 WIN/ T4 ESS12M E;;;;79;;
1;3;2094;1;1224,2805;995,35;GOVTSPP NBU MEDIA SVRENCR SANMED6.1 WIN/ T4ESS12M S;20942091;;GOVTSPP NBU MEDIA SVRENCR SANMED6.1 WIN/ T4ESS12M S;GOVTSPP NBU MEDIA SVRENCR SANMED6.1 WIN/ T4ESS12M S;GOVTSPP NBU MEDIA SVRENCR SANMED6.1 WIN/ T4ESS12M S;GOVTSPP NBU MEDIA SVRENCR SANMED6.1 WIN/ T4ESS12M S;;;;79;;
1;3;2094;1;4214,0169;3426,03;REW NBU MSEO SANMEDIA 6.1 UNX 1SVR T1 STD LIC D;20942092;;REW NBU MSEO SANMEDIA 6.1 UNX 1SVR T1 STD LIC D;REW NBU MSEO SANMEDIA 6.1 UNX 1SVR T1 STD LIC D;REW NBU MSEO SANMEDIA 6.1 UNX 1SVR T1 STD LIC D;REW NBU MSEO SANMEDIA 6.1 UNX 1SVR T1 STD LIC D;;;;79;;
1;3;2094;1;4435,8105;3606,35;AE NBU MSEO SANMEDIA 6.1 UNX 1SVR T1 STD LIC S;20942093;;AE NBU MSEO SANMEDIA 6.1 UNX 1SVR T1 STD LIC S;AE NBU MSEO SANMEDIA 6.1 UNX 1SVR T1 STD LIC S;AE NBU MSEO SANMEDIA 6.1 UNX 1SVR T1 STD LIC S;AE NBU MSEO SANMEDIA 6.1 UNX 1SVR T1 STD LIC S;;;;79;;
1;3;2094;1;1056,0042;858,54;REW NBU MSEO SANMEDIA 6.1 UNX 1SVR T1 BAS B;20942094;;REW NBU MSEO SANMEDIA 6.1 UNX 1SVR T1 BAS B;REW NBU MSEO SANMEDIA 6.1 UNX 1SVR T1 BAS B;REW NBU MSEO SANMEDIA 6.1 UNX 1SVR T1 BAS B;REW NBU MSEO SANMEDIA 6.1 UNX 1SVR T1 BAS B;;;;79;;
1;3;2094;1;798,4422;649,14;EXPTSPP NBU MEDIA SVRENCR SANMED6.1 UNX T1 BAS12M S;20942096;;EXPTSPP NBU MEDIA SVRENCR SANMED6.1 UNX T1 BAS12M S;EXPTSPP NBU MEDIA SVRENCR SANMED6.1 UNX T1 BAS12M S;EXPTSPP NBU MEDIA SVRENCR SANMED6.1 UNX T1 BAS12M S;EXPTSPP NBU MEDIA SVRENCR SANMED6.1 UNX T1 BAS12M S;;;;79;;
1;3;2094;1;969,2277;787,99;REWTSPP NBU MEDIASVR ENCR SANMEDIA 6.1 UNX T1 12M D;20942098;;REWTSPP NBU MEDIASVR ENCR SANMEDIA 6.1 UNX T1 12M D;REWTSPP NBU MEDIASVR ENCR SANMEDIA 6.1 UNX T1 12M D;REWTSPP NBU MEDIASVR ENCR SANMEDIA 6.1 UNX T1 12M D;REWTSPP NBU MEDIASVR ENCR SANMEDIA 6.1 UNX T1 12M D;;;;79;;
1;3;2094;1;943,7175;767,25;REWTSPP NBU MEDIASVR ENCR SANMEDIA 6.1 UNX T1 12M E;20942099;;REWTSPP NBU MEDIASVR ENCR SANMEDIA 6.1 UNX T1 12M E;REWTSPP NBU MEDIASVR ENCR SANMEDIA 6.1 UNX T1 12M E;REWTSPP NBU MEDIASVR ENCR SANMEDIA 6.1 UNX T1 12M E;REWTSPP NBU MEDIASVR ENCR SANMEDIA 6.1 UNX T1 12M E;;;;79;;
1;3;2094;1;1020,2358;829,46;AE TSPP NBU MEDIA SVR ENC SANMED6.1 UNX T1 ESS12M S;20942100;;AE TSPP NBU MEDIA SVR ENC SANMED6.1 UNX T1 ESS12M S;AE TSPP NBU MEDIA SVR ENC SANMED6.1 UNX T1 ESS12M S;AE TSPP NBU MEDIA SVR ENC SANMED6.1 UNX T1 ESS12M S;AE TSPP NBU MEDIA SVR ENC SANMED6.1 UNX T1 ESS12M S;;;;79;;
1;3;2094;1;2217,8991;1803,17;EXP NBU MSEO SANMEDIA 6.1 WIN/LNX/SOLX64 T1 LIC S;20942101;;EXP NBU MSEO SANMEDIA 6.1 WIN/LNX/SOLX64 T1 LIC S;EXP NBU MSEO SANMEDIA 6.1 WIN/LNX/SOLX64 T1 LIC S;EXP NBU MSEO SANMEDIA 6.1 WIN/LNX/SOLX64 T1 LIC S;EXP NBU MSEO SANMEDIA 6.1 WIN/LNX/SOLX64 T1 LIC S;;;;79;;
1;3;2094;1;369,2829;300,23;REWTSPP NBU MEDIASVR ENCR SNMED6.1 WIN/ T1 BAS12M E;20942102;;REWTSPP NBU MEDIASVR ENCR SNMED6.1 WIN/ T1 BAS12M E;REWTSPP NBU MEDIASVR ENCR SNMED6.1 WIN/ T1 BAS12M E;REWTSPP NBU MEDIASVR ENCR SNMED6.1 WIN/ T1 BAS12M E;REWTSPP NBU MEDIASVR ENCR SNMED6.1 WIN/ T1 BAS12M E;;;;79;;
1;3;2094;1;399,2211;324,57;EXPTSPP NBU MEDIA SVRENCR SANMED6.1 WIN/ T1BAS12M S;20942103;;EXPTSPP NBU MEDIA SVRENCR SANMED6.1 WIN/ T1BAS12M S;EXPTSPP NBU MEDIA SVRENCR SANMED6.1 WIN/ T1BAS12M S;EXPTSPP NBU MEDIA SVRENCR SANMED6.1 WIN/ T1BAS12M S;EXPTSPP NBU MEDIA SVRENCR SANMED6.1 WIN/ T1BAS12M S;;;;79;;
1;3;2094;1;510,1179;414,73;GOVTSPP NBU MEDIA SVRENCR SANMED6.1 WIN/ T1ESS12M S;20942106;;GOVTSPP NBU MEDIA SVRENCR SANMED6.1 WIN/ T1ESS12M S;GOVTSPP NBU MEDIA SVRENCR SANMED6.1 WIN/ T1ESS12M S;GOVTSPP NBU MEDIA SVRENCR SANMED6.1 WIN/ T1ESS12M S;GOVTSPP NBU MEDIA SVRENCR SANMED6.1 WIN/ T1ESS12M S;;;;79;;
1;3;2094;1;1304,169;1060,3;REW NBU MSEO SANMEDIA 6.1 UNX 1SVR T2 BAS C;20942108;;REW NBU MSEO SANMEDIA 6.1 UNX 1SVR T2 BAS C;REW NBU MSEO SANMEDIA 6.1 UNX 1SVR T2 BAS C;REW NBU MSEO SANMEDIA 6.1 UNX 1SVR T2 BAS C;REW NBU MSEO SANMEDIA 6.1 UNX 1SVR T2 BAS C;;;;79;;
1;3;2094;1;1304,169;1060,3;REW NBU MSEO SANMEDIA 6.1 UNX 1SVR T2 BAS D;20942109;;REW NBU MSEO SANMEDIA 6.1 UNX 1SVR T2 BAS D;REW NBU MSEO SANMEDIA 6.1 UNX 1SVR T2 BAS D;REW NBU MSEO SANMEDIA 6.1 UNX 1SVR T2 BAS D;REW NBU MSEO SANMEDIA 6.1 UNX 1SVR T2 BAS D;;;;79;;
1;3;2094;1;2317,7136;1884,32;REW NBU MSEO SANMEDIA 6.1 WIN/LNX/SOLX64 T2 LIC D;20942115=A1;;REW NBU MSEO SANMEDIA 6.1 WIN/LNX/SOLX64 T2 LIC D;REW NBU MSEO SANMEDIA 6.1 WIN/LNX/SOLX64 T2 LIC D;REW NBU MSEO SANMEDIA 6.1 WIN/LNX/SOLX64 T2 LIC D;REW NBU MSEO SANMEDIA 6.1 WIN/LNX/SOLX64 T2 LIC D;;;;79;;
1;3;2094;1;580,806;472,2;AE NBU MSEO SANMEDIA 6.1 WIN/LNX/SOLX64 T2 BAS S;20942116;;AE NBU MSEO SANMEDIA 6.1 WIN/LNX/SOLX64 T2 BAS S;AE NBU MSEO SANMEDIA 6.1 WIN/LNX/SOLX64 T2 BAS S;AE NBU MSEO SANMEDIA 6.1 WIN/LNX/SOLX64 T2 BAS S;AE NBU MSEO SANMEDIA 6.1 WIN/LNX/SOLX64 T2 BAS S;;;;79;;
1;3;2094;1;742,1328;603,36;AE NBU MSEO SANMEDIA 6.1 WIN/LNX/SOLX64 T2 ESS S;20942117;;AE NBU MSEO SANMEDIA 6.1 WIN/LNX/SOLX64 T2 ESS S;AE NBU MSEO SANMEDIA 6.1 WIN/LNX/SOLX64 T2 ESS S;AE NBU MSEO SANMEDIA 6.1 WIN/LNX/SOLX64 T2 ESS S;AE NBU MSEO SANMEDIA 6.1 WIN/LNX/SOLX64 T2 ESS S;;;;79;;
1;3;2094;1;439,1469;357,03;REWTSPP NBU MEDIASVR ENCR SNMED6.1 WIN/ T2 BAS12M B;20942118;;REWTSPP NBU MEDIASVR ENCR SNMED6.1 WIN/ T2 BAS12M B;REWTSPP NBU MEDIASVR ENCR SNMED6.1 WIN/ T2 BAS12M B;REWTSPP NBU MEDIASVR ENCR SNMED6.1 WIN/ T2 BAS12M B;REWTSPP NBU MEDIASVR ENCR SNMED6.1 WIN/ T2 BAS12M B;;;;79;;
1;3;2094;1;406,2198;330,26;REWTSPP NBU MEDIASVR ENCR SNMED6.1 WIN/ T2 BAS12M E;20942119;;REWTSPP NBU MEDIASVR ENCR SNMED6.1 WIN/ T2 BAS12M E;REWTSPP NBU MEDIASVR ENCR SNMED6.1 WIN/ T2 BAS12M E;REWTSPP NBU MEDIASVR ENCR SNMED6.1 WIN/ T2 BAS12M E;REWTSPP NBU MEDIASVR ENCR SNMED6.1 WIN/ T2 BAS12M E;;;;79;;
1;3;2094;1;439,1469;357,03;GOVTSPP NBU MEDIA SVRENCR SANMED6.1 WIN/ T2BAS12M S;20942120;;GOVTSPP NBU MEDIA SVRENCR SANMED6.1 WIN/ T2BAS12M S;GOVTSPP NBU MEDIA SVRENCR SANMED6.1 WIN/ T2BAS12M S;GOVTSPP NBU MEDIA SVRENCR SANMED6.1 WIN/ T2BAS12M S;GOVTSPP NBU MEDIA SVRENCR SANMED6.1 WIN/ T2BAS12M S;;;;79;;
1;3;2094;1;7540,884;6130,8;AE NBU MSEO SANMEDIA 6.1 UNX 1SVR T3 STD LIC S;20942123;;AE NBU MSEO SANMEDIA 6.1 UNX 1SVR T3 STD LIC S;AE NBU MSEO SANMEDIA 6.1 UNX 1SVR T3 STD LIC S;AE NBU MSEO SANMEDIA 6.1 UNX 1SVR T3 STD LIC S;AE NBU MSEO SANMEDIA 6.1 UNX 1SVR T3 STD LIC S;;;;79;;
1;3;2094;1;1795,2096;1459,52;GOV NBU MSEO SANMEDIA 6.1 UNX 1SVR T3 BAS S;20942124;;GOV NBU MSEO SANMEDIA 6.1 UNX 1SVR T3 BAS S;GOV NBU MSEO SANMEDIA 6.1 UNX 1SVR T3 BAS S;GOV NBU MSEO SANMEDIA 6.1 UNX 1SVR T3 BAS S;GOV NBU MSEO SANMEDIA 6.1 UNX 1SVR T3 BAS S;;;;79;;
1;3;2094;1;1795,2096;1459,52;AE NBU MSEO SANMEDIA 6.1 UNX 1SVR T3 BAS S;20942125;;AE NBU MSEO SANMEDIA 6.1 UNX 1SVR T3 BAS S;AE NBU MSEO SANMEDIA 6.1 UNX 1SVR T3 BAS S;AE NBU MSEO SANMEDIA 6.1 UNX 1SVR T3 BAS S;AE NBU MSEO SANMEDIA 6.1 UNX 1SVR T3 BAS S;;;;79;;
1;3;2094;1;816,1911;663,57;REWTSPP NBU MEDIASVR ENCR SNMED6.1 WIN/ T3 ESS12M B;20942128;;REWTSPP NBU MEDIASVR ENCR SNMED6.1 WIN/ T3 ESS12M B;REWTSPP NBU MEDIASVR ENCR SNMED6.1 WIN/ T3 ESS12M B;REWTSPP NBU MEDIASVR ENCR SNMED6.1 WIN/ T3 ESS12M B;REWTSPP NBU MEDIASVR ENCR SNMED6.1 WIN/ T3 ESS12M B;;;;79;;
1;3;2094;1;11976,6822;9737,14;REW NBU MSEO SANMEDIA 6.1 UNX 1SVR T4 STD LIC A;20942130;;REW NBU MSEO SANMEDIA 6.1 UNX 1SVR T4 STD LIC A;REW NBU MSEO SANMEDIA 6.1 UNX 1SVR T4 STD LIC A;REW NBU MSEO SANMEDIA 6.1 UNX 1SVR T4 STD LIC A;REW NBU MSEO SANMEDIA 6.1 UNX 1SVR T4 STD LIC A;;;;79;;
1;3;2094;1;11078,4378;9006,86;REW NBU MSEO SANMEDIA 6.1 UNX 1SVR T4 STD LIC E;20942131;;REW NBU MSEO SANMEDIA 6.1 UNX 1SVR T4 STD LIC E;REW NBU MSEO SANMEDIA 6.1 UNX 1SVR T4 STD LIC E;REW NBU MSEO SANMEDIA 6.1 UNX 1SVR T4 STD LIC E;REW NBU MSEO SANMEDIA 6.1 UNX 1SVR T4 STD LIC E;;;;79;;
1;3;2094;1;2851,2138;2318,06;AE NBU MSEO SANMEDIA 6.1 UNX 1SVR T4 BAS S;20942132;;AE NBU MSEO SANMEDIA 6.1 UNX 1SVR T4 BAS S;AE NBU MSEO SANMEDIA 6.1 UNX 1SVR T4 BAS S;AE NBU MSEO SANMEDIA 6.1 UNX 1SVR T4 BAS S;AE NBU MSEO SANMEDIA 6.1 UNX 1SVR T4 BAS S;;;;79;;
1;3;2094;1;2155,8087;1752,69;REWTSPP NBU MEDIASVR ENCR SANMEDIA 6.1 UNX T4 12M A;20942133;;REWTSPP NBU MEDIASVR ENCR SANMEDIA 6.1 UNX T4 12M A;REWTSPP NBU MEDIASVR ENCR SANMEDIA 6.1 UNX T4 12M A;REWTSPP NBU MEDIASVR ENCR SANMEDIA 6.1 UNX T4 12M A;REWTSPP NBU MEDIASVR ENCR SANMEDIA 6.1 UNX T4 12M A;;;;79;;
1;3;2094;1;1267,2075;1030,25;REW NBU MSEO SANMEDIA 6.1 WIN/LNX/SOLX64 T4 BAS B;20942135=A1;;REW NBU MSEO SANMEDIA 6.1 WIN/LNX/SOLX64 T4 BAS B;REW NBU MSEO SANMEDIA 6.1 WIN/LNX/SOLX64 T4 BAS B;REW NBU MSEO SANMEDIA 6.1 WIN/LNX/SOLX64 T4 BAS B;REW NBU MSEO SANMEDIA 6.1 WIN/LNX/SOLX64 T4 BAS B;;;;79;;
1;3;2094;1;2121,8484;1725,08;REW NBU MSEO SANMEDIA 6.1 UNX 1SVR T3 ESS E;20942143;;REW NBU MSEO SANMEDIA 6.1 UNX 1SVR T3 ESS E;REW NBU MSEO SANMEDIA 6.1 UNX 1SVR T3 ESS E;REW NBU MSEO SANMEDIA 6.1 UNX 1SVR T3 ESS E;REW NBU MSEO SANMEDIA 6.1 UNX 1SVR T3 ESS E;;;;79;;
1;3;2094;1;1357,3542;1103,54;EXPTSPP NBU MEDIA SVRENCR SANMED6.1 UNX T3 BAS12M S;20942144;;EXPTSPP NBU MEDIA SVRENCR SANMED6.1 UNX T3 BAS12M S;EXPTSPP NBU MEDIA SVRENCR SANMED6.1 UNX T3 BAS12M S;EXPTSPP NBU MEDIA SVRENCR SANMED6.1 UNX T3 BAS12M S;EXPTSPP NBU MEDIA SVRENCR SANMED6.1 UNX T3 BAS12M S;;;;79;;
1;3;2094;1;1734,3984;1410,08;EXPTSPP NBU MEDIA SVRENCR SANMED6.1 UNX T3 ESS12M S;20942147;;EXPTSPP NBU MEDIA SVRENCR SANMED6.1 UNX T3 ESS12M S;EXPTSPP NBU MEDIA SVRENCR SANMED6.1 UNX T3 ESS12M S;EXPTSPP NBU MEDIA SVRENCR SANMED6.1 UNX T3 ESS12M S;EXPTSPP NBU MEDIA SVRENCR SANMED6.1 UNX T3 ESS12M S;;;;79;;
1;3;2094;1;998,514;811,8;REW NBU MSEO SANMEDIA 6.1 WIN/LNX/SOLX64 T3 ESS E;20942148=A1;;REW NBU MSEO SANMEDIA 6.1 WIN/LNX/SOLX64 T3 ESS E;REW NBU MSEO SANMEDIA 6.1 WIN/LNX/SOLX64 T3 ESS E;REW NBU MSEO SANMEDIA 6.1 WIN/LNX/SOLX64 T3 ESS E;REW NBU MSEO SANMEDIA 6.1 WIN/LNX/SOLX64 T3 ESS E;;;;79;;
1;3;2094;1;638,7513;519,31;REWTSPP NBU MEDIASVR ENCR SNMED6.1 WIN/ T3 BAS12M A;20942150;;REWTSPP NBU MEDIASVR ENCR SNMED6.1 WIN/ T3 BAS12M A;REWTSPP NBU MEDIASVR ENCR SNMED6.1 WIN/ T3 BAS12M A;REWTSPP NBU MEDIASVR ENCR SNMED6.1 WIN/ T3 BAS12M A;REWTSPP NBU MEDIASVR ENCR SNMED6.1 WIN/ T3 BAS12M A;;;;79;;
1;3;2094;1;638,7513;519,31;AE TSPP NBU MEDIA SVR ENC SANMED6.1 WIN/ T3BAS12M S;20942151;;AE TSPP NBU MEDIA SVR ENC SANMED6.1 WIN/ T3BAS12M S;AE TSPP NBU MEDIA SVR ENC SANMED6.1 WIN/ T3BAS12M S;AE TSPP NBU MEDIA SVR ENC SANMED6.1 WIN/ T3BAS12M S;AE TSPP NBU MEDIA SVR ENC SANMED6.1 WIN/ T3BAS12M S;;;;79;;
1;3;2094;1;510,1179;414,73;GOV TSPP NBU DT/LT 6.1WIN 100 DT OR LT ESS 12M S;20942152;;GOV TSPP NBU DT/LT 6.1WIN 100 DT OR LT ESS 12M S;GOV TSPP NBU DT/LT 6.1WIN 100 DT OR LT ESS 12M S;GOV TSPP NBU DT/LT 6.1WIN 100 DT OR LT ESS 12M S;GOV TSPP NBU DT/LT 6.1WIN 100 DT OR LT ESS 12M S;;;;79;;
1;3;2094;1;510,1179;414,73;REW TSPP NBU DT< 6.1WIN 100 DT OR LT ESS 12M B;20942153;;REW TSPP NBU DT< 6.1WIN 100 DT OR LT ESS 12M B;REW TSPP NBU DT< 6.1WIN 100 DT OR LT ESS 12M B;REW TSPP NBU DT< 6.1WIN 100 DT OR LT ESS 12M B;REW TSPP NBU DT< 6.1WIN 100 DT OR LT ESS 12M B;;;;79;;
1;3;2094;1;528,0021;429,27;GOV NBU OPT DLO 6.1 WIN 100 DT OR LT BAS S;20942155;;GOV NBU OPT DLO 6.1 WIN 100 DT OR LT BAS S;GOV NBU OPT DLO 6.1 WIN 100 DT OR LT BAS S;GOV NBU OPT DLO 6.1 WIN 100 DT OR LT BAS S;GOV NBU OPT DLO 6.1 WIN 100 DT OR LT BAS S;;;;79;;
1;3;2094;1;528,0021;429,27;AE NBU OPT DLO 6.1 WIN 100 DT OR LT BAS S;20942156;;AE NBU OPT DLO 6.1 WIN 100 DT OR LT BAS S;AE NBU OPT DLO 6.1 WIN 100 DT OR LT BAS S;AE NBU OPT DLO 6.1 WIN 100 DT OR LT BAS S;AE NBU OPT DLO 6.1 WIN 100 DT OR LT BAS S;;;;79;;
1;3;2094;1;674,6796;548,52;REW NBU OPT DLO 6.1 WIN 100 DT OR LT ESS A;20942157;;REW NBU OPT DLO 6.1 WIN 100 DT OR LT ESS A;REW NBU OPT DLO 6.1 WIN 100 DT OR LT ESS A;REW NBU OPT DLO 6.1 WIN 100 DT OR LT ESS A;REW NBU OPT DLO 6.1 WIN 100 DT OR LT ESS A;;;;79;;
1;3;2094;1;484,62;394;REW TSPP NBU DT< 6.1WIN 100 DT OR LT ESS 12M D;20942161;;REW TSPP NBU DT< 6.1WIN 100 DT OR LT ESS 12M D;REW TSPP NBU DT< 6.1WIN 100 DT OR LT ESS 12M D;REW TSPP NBU DT< 6.1WIN 100 DT OR LT ESS 12M D;REW TSPP NBU DT< 6.1WIN 100 DT OR LT ESS 12M D;;;;79;;
1;3;2094;1;1863,0318;1514,66;EXP NBU OPT DLO 6.1WIN100 DT LT XG LIC BE OPT DLO S;20942162;;EXP NBU OPT DLO 6.1WIN100 DT LT XG LIC BE OPT DLO S;EXP NBU OPT DLO 6.1WIN100 DT LT XG LIC BE OPT DLO S;EXP NBU OPT DLO 6.1WIN100 DT LT XG LIC BE OPT DLO S;EXP NBU OPT DLO 6.1WIN100 DT LT XG LIC BE OPT DLO S;;;;79;;
1;3;2094;1;2217,8991;1803,17;EXP NBU OPT DLO 6.1 WIN 100 DT OR LT STD LIC S;20942163;;EXP NBU OPT DLO 6.1 WIN 100 DT OR LT STD LIC S;EXP NBU OPT DLO 6.1 WIN 100 DT OR LT STD LIC S;EXP NBU OPT DLO 6.1 WIN 100 DT OR LT STD LIC S;EXP NBU OPT DLO 6.1 WIN 100 DT OR LT STD LIC S;;;;79;;
1;3;2094;1;528,0021;429,27;REW NBU OPT DLO 6.1 WIN 100 DT OR LT BAS B;20942164;;REW NBU OPT DLO 6.1 WIN 100 DT OR LT BAS B;REW NBU OPT DLO 6.1 WIN 100 DT OR LT BAS B;REW NBU OPT DLO 6.1 WIN 100 DT OR LT BAS B;REW NBU OPT DLO 6.1 WIN 100 DT OR LT BAS B;;;;79;;
1;3;2094;1;501,6063;407,81;REW NBU OPT DLO 6.1 WIN 100 DT OR LT BAS C;20942165;;REW NBU OPT DLO 6.1 WIN 100 DT OR LT BAS C;REW NBU OPT DLO 6.1 WIN 100 DT OR LT BAS C;REW NBU OPT DLO 6.1 WIN 100 DT OR LT BAS C;REW NBU OPT DLO 6.1 WIN 100 DT OR LT BAS C;;;;79;;
1;3;2094;1;674,6796;548,52;AE NBU OPT DLO 6.1 WIN 100 DT OR LT ESS S;20942166;;AE NBU OPT DLO 6.1 WIN 100 DT OR LT ESS S;AE NBU OPT DLO 6.1 WIN 100 DT OR LT ESS S;AE NBU OPT DLO 6.1 WIN 100 DT OR LT ESS S;AE NBU OPT DLO 6.1 WIN 100 DT OR LT ESS S;;;;79;;
1;3;2094;1;399,2211;324,57;EXP TSPP NBU DT/LT 6.1WIN 100 DT OR LT BAS 12M S;20942167;;EXP TSPP NBU DT/LT 6.1WIN 100 DT OR LT BAS 12M S;EXP TSPP NBU DT/LT 6.1WIN 100 DT OR LT BAS 12M S;EXP TSPP NBU DT/LT 6.1WIN 100 DT OR LT BAS 12M S;EXP TSPP NBU DT/LT 6.1WIN 100 DT OR LT BAS 12M S;;;;79;;
1;3;2094;1;510,1179;414,73;REW TSPP NBU DT< 6.1WIN 100 DT OR LT ESS 12M A;20942168;;REW TSPP NBU DT< 6.1WIN 100 DT OR LT ESS 12M A;REW TSPP NBU DT< 6.1WIN 100 DT OR LT ESS 12M A;REW TSPP NBU DT< 6.1WIN 100 DT OR LT ESS 12M A;REW TSPP NBU DT< 6.1WIN 100 DT OR LT ESS 12M A;;;;79;;
1;3;2094;1;1863,0318;1514,66;REW NBU OPT DLO 6.1WIN100 DT LT XG LIC BE OPT DLO A;20942169;;REW NBU OPT DLO 6.1WIN100 DT LT XG LIC BE OPT DLO A;REW NBU OPT DLO 6.1WIN100 DT LT XG LIC BE OPT DLO A;REW NBU OPT DLO 6.1WIN100 DT LT XG LIC BE OPT DLO A;REW NBU OPT DLO 6.1WIN100 DT LT XG LIC BE OPT DLO A;;;;79;;
1;3;2094;1;1723,3038;1401,06;REW NBU OPT DLO 6.1WIN100 DT LT XG LIC BE OPT DLO E;20942170;;REW NBU OPT DLO 6.1WIN100 DT LT XG LIC BE OPT DLO E;REW NBU OPT DLO 6.1WIN100 DT LT XG LIC BE OPT DLO E;REW NBU OPT DLO 6.1WIN100 DT LT XG LIC BE OPT DLO E;REW NBU OPT DLO 6.1WIN100 DT LT XG LIC BE OPT DLO E;;;;79;;
1;3;2094;1;674,6796;548,52;GOV NBU OPT DLO 6.1 WIN 100 DT OR LT ESS S;20942172;;GOV NBU OPT DLO 6.1 WIN 100 DT OR LT ESS S;GOV NBU OPT DLO 6.1 WIN 100 DT OR LT ESS S;GOV NBU OPT DLO 6.1 WIN 100 DT OR LT ESS S;GOV NBU OPT DLO 6.1 WIN 100 DT OR LT ESS S;;;;79;;
1;3;2094;1;674,6796;548,52;EXP NBU OPT DLO 6.1 WIN 100 DT OR LT ESS S;20942173;;EXP NBU OPT DLO 6.1 WIN 100 DT OR LT ESS S;EXP NBU OPT DLO 6.1 WIN 100 DT OR LT ESS S;EXP NBU OPT DLO 6.1 WIN 100 DT OR LT ESS S;EXP NBU OPT DLO 6.1 WIN 100 DT OR LT ESS S;;;;79;;
1;3;2094;1;379,2582;308,34;REW TSPP NBU DT< 6.1WIN 100 DT OR LT BAS 12M D;20942174;;REW TSPP NBU DT< 6.1WIN 100 DT OR LT BAS 12M D;REW TSPP NBU DT< 6.1WIN 100 DT OR LT BAS 12M D;REW TSPP NBU DT< 6.1WIN 100 DT OR LT BAS 12M D;REW TSPP NBU DT< 6.1WIN 100 DT OR LT BAS 12M D;;;;79;;
1;3;2094;1;369,2829;300,23;REW TSPP NBU DT< 6.1WIN 100 DT OR LT BAS 12M E;20942175;;REW TSPP NBU DT< 6.1WIN 100 DT OR LT BAS 12M E;REW TSPP NBU DT< 6.1WIN 100 DT OR LT BAS 12M E;REW TSPP NBU DT< 6.1WIN 100 DT OR LT BAS 12M E;REW TSPP NBU DT< 6.1WIN 100 DT OR LT BAS 12M E;;;;79;;
1;3;2094;1;399,2211;324,57;AE TSPP NBU DT/LT 6.1 WIN 100 DT OR LT BAS 12M S;20942176;;AE TSPP NBU DT/LT 6.1 WIN 100 DT OR LT BAS 12M S;AE TSPP NBU DT/LT 6.1 WIN 100 DT OR LT BAS 12M S;AE TSPP NBU DT/LT 6.1 WIN 100 DT OR LT BAS 12M S;AE TSPP NBU DT/LT 6.1 WIN 100 DT OR LT BAS 12M S;;;;79;;
1;3;2094;1;510,1179;414,73;EXP TSPP NETB/U DT LT 6.1 WIN 100DT LT ESS 12M S;20942181;;EXP TSPP NETB/U DT LT 6.1 WIN 100DT LT ESS 12M S;EXP TSPP NETB/U DT LT 6.1 WIN 100DT LT ESS 12M S;EXP TSPP NETB/U DT LT 6.1 WIN 100DT LT ESS 12M S;EXP TSPP NETB/U DT LT 6.1 WIN 100DT LT ESS 12M S;;;;79;;
1;3;2094;1;1769,8962;1438,94;REW NBU OPT DLO 6.1WIN100 DT LT XG LIC BE OPT DLO C;20942182;;REW NBU OPT DLO 6.1WIN100 DT LT XG LIC BE OPT DLO C;REW NBU OPT DLO 6.1WIN100 DT LT XG LIC BE OPT DLO C;REW NBU OPT DLO 6.1WIN100 DT LT XG LIC BE OPT DLO C;REW NBU OPT DLO 6.1WIN100 DT LT XG LIC BE OPT DLO C;;;;79;;
1;3;2094;1;1863,0318;1514,66;AE NBU OPT DLO 6.1 WIN100 DT LT XG LIC BE OPT DLO S;20942184;;AE NBU OPT DLO 6.1 WIN100 DT LT XG LIC BE OPT DLO S;AE NBU OPT DLO 6.1 WIN100 DT LT XG LIC BE OPT DLO S;AE NBU OPT DLO 6.1 WIN100 DT LT XG LIC BE OPT DLO S;AE NBU OPT DLO 6.1 WIN100 DT LT XG LIC BE OPT DLO S;;;;79;;
1;3;2094;1;501,6063;407,81;REW NBU OPT DLO 6.1 WIN 100 DT OR LT BAS D;20942185;;REW NBU OPT DLO 6.1 WIN 100 DT OR LT BAS D;REW NBU OPT DLO 6.1 WIN 100 DT OR LT BAS D;REW NBU OPT DLO 6.1 WIN 100 DT OR LT BAS D;REW NBU OPT DLO 6.1 WIN 100 DT OR LT BAS D;;;;79;;
1;3;2094;1;674,6796;548,52;REW NBU OPT DLO 6.1 WIN 100 DT OR LT ESS B;20942186;;REW NBU OPT DLO 6.1 WIN 100 DT OR LT ESS B;REW NBU OPT DLO 6.1 WIN 100 DT OR LT ESS B;REW NBU OPT DLO 6.1 WIN 100 DT OR LT ESS B;REW NBU OPT DLO 6.1 WIN 100 DT OR LT ESS B;;;;79;;
1;3;2094;1;640,9407;521,09;REW NBU OPT DLO 6.1 WIN 100 DT OR LT ESS C;20942189;;REW NBU OPT DLO 6.1 WIN 100 DT OR LT ESS C;REW NBU OPT DLO 6.1 WIN 100 DT OR LT ESS C;REW NBU OPT DLO 6.1 WIN 100 DT OR LT ESS C;REW NBU OPT DLO 6.1 WIN 100 DT OR LT ESS C;;;;79;;
1;3;2094;1;640,9407;521,09;REW NBU OPT DLO 6.1 WIN 100 DT OR LT ESS D;20942190;;REW NBU OPT DLO 6.1 WIN 100 DT OR LT ESS D;REW NBU OPT DLO 6.1 WIN 100 DT OR LT ESS D;REW NBU OPT DLO 6.1 WIN 100 DT OR LT ESS D;REW NBU OPT DLO 6.1 WIN 100 DT OR LT ESS D;;;;79;;
1;3;2094;1;624,0774;507,38;REW NBU OPT DLO 6.1 WIN 100 DT OR LT ESS E;20942191;;REW NBU OPT DLO 6.1 WIN 100 DT OR LT ESS E;REW NBU OPT DLO 6.1 WIN 100 DT OR LT ESS E;REW NBU OPT DLO 6.1 WIN 100 DT OR LT ESS E;REW NBU OPT DLO 6.1 WIN 100 DT OR LT ESS E;;;;79;;
1;3;2094;1;379,2582;308,34;REW TSPP NBU DT< 6.1WIN 100 DT OR LT BAS 12M C;20942192;;REW TSPP NBU DT< 6.1WIN 100 DT OR LT BAS 12M C;REW TSPP NBU DT< 6.1WIN 100 DT OR LT BAS 12M C;REW TSPP NBU DT< 6.1WIN 100 DT OR LT BAS 12M C;REW TSPP NBU DT< 6.1WIN 100 DT OR LT BAS 12M C;;;;79;;
1;3;2094;1;399,2211;324,57;GOV TSPP NBU DT/LT 6.1WIN 100 DT OR LT BAS 12M S;20942193;;GOV TSPP NBU DT/LT 6.1WIN 100 DT OR LT BAS 12M S;GOV TSPP NBU DT/LT 6.1WIN 100 DT OR LT BAS 12M S;GOV TSPP NBU DT/LT 6.1WIN 100 DT OR LT BAS 12M S;GOV TSPP NBU DT/LT 6.1WIN 100 DT OR LT BAS 12M S;;;;79;;
1;3;2094;1;1863,0318;1514,66;REW NBU OPT DLO 6.1WIN100 DT LT XG LIC BE OPT DLO B;20942196;;REW NBU OPT DLO 6.1WIN100 DT LT XG LIC BE OPT DLO B;REW NBU OPT DLO 6.1WIN100 DT LT XG LIC BE OPT DLO B;REW NBU OPT DLO 6.1WIN100 DT LT XG LIC BE OPT DLO B;REW NBU OPT DLO 6.1WIN100 DT LT XG LIC BE OPT DLO B;;;;79;;
1;3;2094;1;1863,0318;1514,66;GOV NBU OPT DLO 6.1WIN100 DT LT XG LIC BE OPT DLO S;20942197;;GOV NBU OPT DLO 6.1WIN100 DT LT XG LIC BE OPT DLO S;GOV NBU OPT DLO 6.1WIN100 DT LT XG LIC BE OPT DLO S;GOV NBU OPT DLO 6.1WIN100 DT LT XG LIC BE OPT DLO S;GOV NBU OPT DLO 6.1WIN100 DT LT XG LIC BE OPT DLO S;;;;79;;
1;3;2094;1;2217,8991;1803,17;REW NBU OPT DLO 6.1 WIN 100 DT OR LT STD LIC B;20942198;;REW NBU OPT DLO 6.1 WIN 100 DT OR LT STD LIC B;REW NBU OPT DLO 6.1 WIN 100 DT OR LT STD LIC B;REW NBU OPT DLO 6.1 WIN 100 DT OR LT STD LIC B;REW NBU OPT DLO 6.1 WIN 100 DT OR LT STD LIC B;;;;79;;
1;3;2094;1;2051,5539;1667,93;REW NBU OPT DLO 6.1 WIN 100 DT OR LT STD LIC E;20942199;;REW NBU OPT DLO 6.1 WIN 100 DT OR LT STD LIC E;REW NBU OPT DLO 6.1 WIN 100 DT OR LT STD LIC E;REW NBU OPT DLO 6.1 WIN 100 DT OR LT STD LIC E;REW NBU OPT DLO 6.1 WIN 100 DT OR LT STD LIC E;;;;79;;
1;3;2094;1;488,4084;397,08;REW NBU OPT DLO 6.1 WIN 100 DT OR LT BAS E;20942200;;REW NBU OPT DLO 6.1 WIN 100 DT OR LT BAS E;REW NBU OPT DLO 6.1 WIN 100 DT OR LT BAS E;REW NBU OPT DLO 6.1 WIN 100 DT OR LT BAS E;REW NBU OPT DLO 6.1 WIN 100 DT OR LT BAS E;;;;79;;
1;3;2094;1;399,2211;324,57;REW TSPP NBU DT< 6.1WIN 100 DT OR LT BAS 12M A;20942201;;REW TSPP NBU DT< 6.1WIN 100 DT OR LT BAS 12M A;REW TSPP NBU DT< 6.1WIN 100 DT OR LT BAS 12M A;REW TSPP NBU DT< 6.1WIN 100 DT OR LT BAS 12M A;REW TSPP NBU DT< 6.1WIN 100 DT OR LT BAS 12M A;;;;79;;
1;3;2094;1;484,62;394;REW TSPP NBU DT< 6.1WIN 100 DT OR LT ESS 12M C;20942205;;REW TSPP NBU DT< 6.1WIN 100 DT OR LT ESS 12M C;REW TSPP NBU DT< 6.1WIN 100 DT OR LT ESS 12M C;REW TSPP NBU DT< 6.1WIN 100 DT OR LT ESS 12M C;REW TSPP NBU DT< 6.1WIN 100 DT OR LT ESS 12M C;;;;79;;
1;3;2094;1;510,1179;414,73;AE TSPP NBU DT/LT 6.1 WIN 100 DT OR LT ESS 12M S;20942206;;AE TSPP NBU DT/LT 6.1 WIN 100 DT OR LT ESS 12M S;AE TSPP NBU DT/LT 6.1 WIN 100 DT OR LT ESS 12M S;AE TSPP NBU DT/LT 6.1 WIN 100 DT OR LT ESS 12M S;AE TSPP NBU DT/LT 6.1 WIN 100 DT OR LT ESS 12M S;;;;79;;
1;3;2094;1;2217,8991;1803,17;REW NBU OPT DLO 6.1 WIN 100 DT OR LT STD LIC A;20942207;;REW NBU OPT DLO 6.1 WIN 100 DT OR LT STD LIC A;REW NBU OPT DLO 6.1 WIN 100 DT OR LT STD LIC A;REW NBU OPT DLO 6.1 WIN 100 DT OR LT STD LIC A;REW NBU OPT DLO 6.1 WIN 100 DT OR LT STD LIC A;;;;79;;
1;3;2094;1;2107,0146;1713,02;REW NBU OPT DLO 6.1 WIN 100 DT OR LT STD LIC C;20942208;;REW NBU OPT DLO 6.1 WIN 100 DT OR LT STD LIC C;REW NBU OPT DLO 6.1 WIN 100 DT OR LT STD LIC C;REW NBU OPT DLO 6.1 WIN 100 DT OR LT STD LIC C;REW NBU OPT DLO 6.1 WIN 100 DT OR LT STD LIC C;;;;79;;
1;3;2094;1;2217,8991;1803,17;AE NBU OPT DLO 6.1 WIN 100 DT OR LT STD LIC S;20942209;;AE NBU OPT DLO 6.1 WIN 100 DT OR LT STD LIC S;AE NBU OPT DLO 6.1 WIN 100 DT OR LT STD LIC S;AE NBU OPT DLO 6.1 WIN 100 DT OR LT STD LIC S;AE NBU OPT DLO 6.1 WIN 100 DT OR LT STD LIC S;;;;79;;
1;3;2094;1;528,0021;429,27;REW NBU OPT DLO 6.1 WIN 100 DT OR LT BAS A;20942210;;REW NBU OPT DLO 6.1 WIN 100 DT OR LT BAS A;REW NBU OPT DLO 6.1 WIN 100 DT OR LT BAS A;REW NBU OPT DLO 6.1 WIN 100 DT OR LT BAS A;REW NBU OPT DLO 6.1 WIN 100 DT OR LT BAS A;;;;79;;
1;3;2094;1;528,0021;429,27;EXP NBU OPT DLO 6.1 WIN 100 DT OR LT BAS S;20942211;;EXP NBU OPT DLO 6.1 WIN 100 DT OR LT BAS S;EXP NBU OPT DLO 6.1 WIN 100 DT OR LT BAS S;EXP NBU OPT DLO 6.1 WIN 100 DT OR LT BAS S;EXP NBU OPT DLO 6.1 WIN 100 DT OR LT BAS S;;;;79;;
1;3;2094;1;471,8772;383,64;REW TSPP NBU DT< 6.1WIN 100 DT OR LT ESS 12M E;20942214;;REW TSPP NBU DT< 6.1WIN 100 DT OR LT ESS 12M E;REW TSPP NBU DT< 6.1WIN 100 DT OR LT ESS 12M E;REW TSPP NBU DT< 6.1WIN 100 DT OR LT ESS 12M E;REW TSPP NBU DT< 6.1WIN 100 DT OR LT ESS 12M E;;;;79;;
1;3;2094;1;1769,8962;1438,94;REW NBU OPT DLO 6.1WIN100 DT LT XG LIC BE OPT DLO D;20942215;;REW NBU OPT DLO 6.1WIN100 DT LT XG LIC BE OPT DLO D;REW NBU OPT DLO 6.1WIN100 DT LT XG LIC BE OPT DLO D;REW NBU OPT DLO 6.1WIN100 DT LT XG LIC BE OPT DLO D;REW NBU OPT DLO 6.1WIN100 DT LT XG LIC BE OPT DLO D;;;;79;;
1;3;2094;1;2107,0146;1713,02;REW NBU OPT DLO 6.1 WIN 100 DT OR LT STD LIC D;20942216;;REW NBU OPT DLO 6.1 WIN 100 DT OR LT STD LIC D;REW NBU OPT DLO 6.1 WIN 100 DT OR LT STD LIC D;REW NBU OPT DLO 6.1 WIN 100 DT OR LT STD LIC D;REW NBU OPT DLO 6.1 WIN 100 DT OR LT STD LIC D;;;;79;;
1;3;2094;1;2217,8991;1803,17;GOV NBU OPT DLO 6.1 WIN 100 DT OR LT STD LIC S;20942217;;GOV NBU OPT DLO 6.1 WIN 100 DT OR LT STD LIC S;GOV NBU OPT DLO 6.1 WIN 100 DT OR LT STD LIC S;GOV NBU OPT DLO 6.1 WIN 100 DT OR LT STD LIC S;GOV NBU OPT DLO 6.1 WIN 100 DT OR LT STD LIC S;;;;79;;
1;3;2094;1;399,2211;324,57;REW TSPP NBU DT< 6.1WIN 100 DT OR LT BAS 12M B;20942223;;REW TSPP NBU DT< 6.1WIN 100 DT OR LT BAS 12M B;REW TSPP NBU DT< 6.1WIN 100 DT OR LT BAS 12M B;REW TSPP NBU DT< 6.1WIN 100 DT OR LT BAS 12M B;REW TSPP NBU DT< 6.1WIN 100 DT OR LT BAS 12M B;;;;79;;
1;3;2094;1;132,1881;107,47;GOV OPSCENTER ANALYTICS 7.0 XPLAT 1CLT STD LIC S;20945219=A1;;GOV OPSCENTER ANALYTICS 7.0 XPLAT 1CLT STD LIC S;GOV OPSCENTER ANALYTICS 7.0 XPLAT 1CLT STD LIC S;GOV OPSCENTER ANALYTICS 7.0 XPLAT 1CLT STD LIC S;GOV OPSCENTER ANALYTICS 7.0 XPLAT 1CLT STD LIC S;;;;79;;
1;3;2094;1;31,6479;25,73;SYMC OPSCENTER ANALYTICS 7.0 XPLAT 1 CLIENT PARTNER ESSENTIAL 12 MONTHS GOV BANDS;20945237;;SYMC OPSCENTER ANALYTICS 7.0 XPLAT 1 CLIENT PARTNER ESSENTIAL 12 MONTHS GOV BANDS;SYMC OPSCENTER ANALYTICS 7.0 XPLAT 1 CLIENT PARTNER ESSENTIAL 12 MONTHS GOV BANDS;SYMC OPSCENTER ANALYTICS 7.0 XPLAT 1 CLIENT PARTNER ESSENTIAL 12 MONTHS GOV BANDS;SYMC OPSCENTER ANALYTICS 7.0 XPLAT 1 CLIENT PARTNER ESSENTIAL 12 MONTHS GOV BANDS;;;;79;;
1;3;2094;1;3278,4051;2665,37;REW NBU 5 CLT START PK7 WIN/LNX/SOLX64 T2 LIC E;20949235=A1;;REW NBU 5 CLT START PK7 WIN/LNX/SOLX64 T2 LIC E;REW NBU 5 CLT START PK7 WIN/LNX/SOLX64 T2 LIC E;REW NBU 5 CLT START PK7 WIN/LNX/SOLX64 T2 LIC E;REW NBU 5 CLT START PK7 WIN/LNX/SOLX64 T2 LIC E;;;;79;;
1;3;2094;1;69,1383;56,21;LA NORTON 360 4.0 IE 1 USER 3 PC MM;20957171;;LA NORTON 360 4.0 IE 1 USER 3 PC MM;LA NORTON 360 4.0 IE 1 USER 3 PC MM;LA NORTON 360 4.0 IE 1 USER 3 PC MM;LA NORTON 360 4.0 IE 1 USER 3 PC MM;;;;79;;
1;3;2094;1;#ARG!;E-mail;N360 4.0 EN 1U 3PC STPLS DW SEN MM;20957218;;N360 4.0 EN 1U 3PC STPLS DW SEN MM;N360 4.0 EN 1U 3PC STPLS DW SEN MM;N360 4.0 EN 1U 3PC STPLS DW SEN MM;N360 4.0 EN 1U 3PC STPLS DW SEN MM;;;;79;;
1;3;2094;1;73,3326;59,62;AE HOST SEC EMAIL WEB PROTEC A/O SPS3 RNWL A12M;20957465;;AE HOST SEC EMAIL WEB PROTEC A/O SPS3 RNWL A12M;AE HOST SEC EMAIL WEB PROTEC A/O SPS3 RNWL A12M;AE HOST SEC EMAIL WEB PROTEC A/O SPS3 RNWL A12M;AE HOST SEC EMAIL WEB PROTEC A/O SPS3 RNWL A12M;;;;79;;
1;3;2094;1;46,5186;37,82;AE HOST SEC EMAIL WEB PROTEC A/O SPS3 RNWL H12M;20957467;;AE HOST SEC EMAIL WEB PROTEC A/O SPS3 RNWL H12M;AE HOST SEC EMAIL WEB PROTEC A/O SPS3 RNWL H12M;AE HOST SEC EMAIL WEB PROTEC A/O SPS3 RNWL H12M;AE HOST SEC EMAIL WEB PROTEC A/O SPS3 RNWL H12M;;;;79;;
1;3;2094;1;73,3326;59,62;EXP HOST SEC EMAIL WEB PROTEC A/O SPS3 RNWL A12M;20957468;;EXP HOST SEC EMAIL WEB PROTEC A/O SPS3 RNWL A12M;EXP HOST SEC EMAIL WEB PROTEC A/O SPS3 RNWL A12M;EXP HOST SEC EMAIL WEB PROTEC A/O SPS3 RNWL A12M;EXP HOST SEC EMAIL WEB PROTEC A/O SPS3 RNWL A12M;;;;79;;
1;3;2094;1;69,741;56,7;EXP HOST SEC EMAIL WEB PROTEC A/O SPS3 RNWL B12M;20957469;;EXP HOST SEC EMAIL WEB PROTEC A/O SPS3 RNWL B12M;EXP HOST SEC EMAIL WEB PROTEC A/O SPS3 RNWL B12M;EXP HOST SEC EMAIL WEB PROTEC A/O SPS3 RNWL B12M;EXP HOST SEC EMAIL WEB PROTEC A/O SPS3 RNWL B12M;;;;79;;
1;3;2094;1;66,0756;53,72;EXP HOST SEC EMAIL WEB PROTEC A/O SPS3 RNWL C12M;20957470;;EXP HOST SEC EMAIL WEB PROTEC A/O SPS3 RNWL C12M;EXP HOST SEC EMAIL WEB PROTEC A/O SPS3 RNWL C12M;EXP HOST SEC EMAIL WEB PROTEC A/O SPS3 RNWL C12M;EXP HOST SEC EMAIL WEB PROTEC A/O SPS3 RNWL C12M;;;;79;;
1;3;2094;1;62,4225;50,75;EXP HOST SEC EMAIL WEB PROTEC A/O SPS3 RNWL D12M;20957471;;EXP HOST SEC EMAIL WEB PROTEC A/O SPS3 RNWL D12M;EXP HOST SEC EMAIL WEB PROTEC A/O SPS3 RNWL D12M;EXP HOST SEC EMAIL WEB PROTEC A/O SPS3 RNWL D12M;EXP HOST SEC EMAIL WEB PROTEC A/O SPS3 RNWL D12M;;;;79;;
1;3;2094;1;58,7448;47,76;EXP HOST SEC EMAIL WEB PROTEC A/O SPS3 RNWL E12M;20957472;;EXP HOST SEC EMAIL WEB PROTEC A/O SPS3 RNWL E12M;EXP HOST SEC EMAIL WEB PROTEC A/O SPS3 RNWL E12M;EXP HOST SEC EMAIL WEB PROTEC A/O SPS3 RNWL E12M;EXP HOST SEC EMAIL WEB PROTEC A/O SPS3 RNWL E12M;;;;79;;
1;3;2094;1;53,5296;43,52;EXP HOST SEC EMAIL WEB PROTEC A/O SPS3 RNWL F12M;20957473;;EXP HOST SEC EMAIL WEB PROTEC A/O SPS3 RNWL F12M;EXP HOST SEC EMAIL WEB PROTEC A/O SPS3 RNWL F12M;EXP HOST SEC EMAIL WEB PROTEC A/O SPS3 RNWL F12M;EXP HOST SEC EMAIL WEB PROTEC A/O SPS3 RNWL F12M;;;;79;;
1;3;2094;1;73,3326;59,62;GOV HOST SEC EMAIL WEB PROTEC A/O SPS3 RNWL A12M;20957474;;GOV HOST SEC EMAIL WEB PROTEC A/O SPS3 RNWL A12M;GOV HOST SEC EMAIL WEB PROTEC A/O SPS3 RNWL A12M;GOV HOST SEC EMAIL WEB PROTEC A/O SPS3 RNWL A12M;GOV HOST SEC EMAIL WEB PROTEC A/O SPS3 RNWL A12M;;;;79;;
1;3;2094;1;46,5186;37,82;GOV HOST SEC EMAIL WEB PROTEC A/O SPS3 RNWL H12M;20957476;;GOV HOST SEC EMAIL WEB PROTEC A/O SPS3 RNWL H12M;GOV HOST SEC EMAIL WEB PROTEC A/O SPS3 RNWL H12M;GOV HOST SEC EMAIL WEB PROTEC A/O SPS3 RNWL H12M;GOV HOST SEC EMAIL WEB PROTEC A/O SPS3 RNWL H12M;;;;79;;
1;3;2094;1;58,7448;47,76;REW HOST SEC EMAIL WEB PROTEC A/O SPS3 RNWL A12M;20957477;;REW HOST SEC EMAIL WEB PROTEC A/O SPS3 RNWL A12M;REW HOST SEC EMAIL WEB PROTEC A/O SPS3 RNWL A12M;REW HOST SEC EMAIL WEB PROTEC A/O SPS3 RNWL A12M;REW HOST SEC EMAIL WEB PROTEC A/O SPS3 RNWL A12M;;;;79;;
1;3;2094;1;39,7905;32,35;REW HOST SEC EMAIL WEB PROTEC A/O SPS3 RNWL E12M;20957478;;REW HOST SEC EMAIL WEB PROTEC A/O SPS3 RNWL E12M;REW HOST SEC EMAIL WEB PROTEC A/O SPS3 RNWL E12M;REW HOST SEC EMAIL WEB PROTEC A/O SPS3 RNWL E12M;REW HOST SEC EMAIL WEB PROTEC A/O SPS3 RNWL E12M;;;;79;;
1;3;2094;1;47,4411;38,57;AE HOST SEC EMAIL PROTEC CNTRL A/O SPS 3 ADD A 12M;20957479;;AE HOST SEC EMAIL PROTEC CNTRL A/O SPS 3 ADD A 12M;AE HOST SEC EMAIL PROTEC CNTRL A/O SPS 3 ADD A 12M;AE HOST SEC EMAIL PROTEC CNTRL A/O SPS 3 ADD A 12M;AE HOST SEC EMAIL PROTEC CNTRL A/O SPS 3 ADD A 12M;;;;79;;
1;3;2094;1;30,0981;24,47;AE HOST SEC EMAIL PROTEC CNTRL A/O SPS 3 ADD H 12M;20957481;;AE HOST SEC EMAIL PROTEC CNTRL A/O SPS 3 ADD H 12M;AE HOST SEC EMAIL PROTEC CNTRL A/O SPS 3 ADD H 12M;AE HOST SEC EMAIL PROTEC CNTRL A/O SPS 3 ADD H 12M;AE HOST SEC EMAIL PROTEC CNTRL A/O SPS 3 ADD H 12M;;;;79;;
1;3;2094;1;47,4411;38,57;EXP HOST SEC EMAIL PROTEC CNTRL A/O SPS 3 ADD A 12M;20957482;;EXP HOST SEC EMAIL PROTEC CNTRL A/O SPS 3 ADD A 12M;EXP HOST SEC EMAIL PROTEC CNTRL A/O SPS 3 ADD A 12M;EXP HOST SEC EMAIL PROTEC CNTRL A/O SPS 3 ADD A 12M;EXP HOST SEC EMAIL PROTEC CNTRL A/O SPS 3 ADD A 12M;;;;79;;
1;3;2094;1;54,0462;43,94;REW HOST SEC EMAIL WEB PROTEC A/O SPS3 RNWL B12M;20957483;;REW HOST SEC EMAIL WEB PROTEC A/O SPS3 RNWL B12M;REW HOST SEC EMAIL WEB PROTEC A/O SPS3 RNWL B12M;REW HOST SEC EMAIL WEB PROTEC A/O SPS3 RNWL B12M;REW HOST SEC EMAIL WEB PROTEC A/O SPS3 RNWL B12M;;;;79;;
1;3;2094;1;46,986;38,2;REW HOST SEC EMAIL WEB PROTEC A/O SPS3 RNWL C12M;20957484;;REW HOST SEC EMAIL WEB PROTEC A/O SPS3 RNWL C12M;REW HOST SEC EMAIL WEB PROTEC A/O SPS3 RNWL C12M;REW HOST SEC EMAIL WEB PROTEC A/O SPS3 RNWL C12M;REW HOST SEC EMAIL WEB PROTEC A/O SPS3 RNWL C12M;;;;79;;
1;3;2094;1;43,2591;35,17;REW HOST SEC EMAIL WEB PROTEC A/O SPS3 RNWL D12M;20957485;;REW HOST SEC EMAIL WEB PROTEC A/O SPS3 RNWL D12M;REW HOST SEC EMAIL WEB PROTEC A/O SPS3 RNWL D12M;REW HOST SEC EMAIL WEB PROTEC A/O SPS3 RNWL D12M;REW HOST SEC EMAIL WEB PROTEC A/O SPS3 RNWL D12M;;;;79;;
1;3;2094;1;45,1164;36,68;EXP HOST SEC EMAIL PROTEC CNTRL A/O SPS 3 ADD B 12M;20957486;;EXP HOST SEC EMAIL PROTEC CNTRL A/O SPS 3 ADD B 12M;EXP HOST SEC EMAIL PROTEC CNTRL A/O SPS 3 ADD B 12M;EXP HOST SEC EMAIL PROTEC CNTRL A/O SPS 3 ADD B 12M;EXP HOST SEC EMAIL PROTEC CNTRL A/O SPS 3 ADD B 12M;;;;79;;
1;3;2094;1;42,7425;34,75;EXP HOST SEC EMAIL PROTEC CNTRL A/O SPS 3 ADD C 12M;20957487;;EXP HOST SEC EMAIL PROTEC CNTRL A/O SPS 3 ADD C 12M;EXP HOST SEC EMAIL PROTEC CNTRL A/O SPS 3 ADD C 12M;EXP HOST SEC EMAIL PROTEC CNTRL A/O SPS 3 ADD C 12M;EXP HOST SEC EMAIL PROTEC CNTRL A/O SPS 3 ADD C 12M;;;;79;;
1;3;2094;1;40,3809;32,83;EXP HOST SEC EMAIL PROTEC CNTRL A/O SPS 3 ADD D 12M;20957488;;EXP HOST SEC EMAIL PROTEC CNTRL A/O SPS 3 ADD D 12M;EXP HOST SEC EMAIL PROTEC CNTRL A/O SPS 3 ADD D 12M;EXP HOST SEC EMAIL PROTEC CNTRL A/O SPS 3 ADD D 12M;EXP HOST SEC EMAIL PROTEC CNTRL A/O SPS 3 ADD D 12M;;;;79;;
1;3;2094;1;38,007;30,9;EXP HOST SEC EMAIL PROTEC CNTRL A/O SPS 3 ADD E 12M;20957489;;EXP HOST SEC EMAIL PROTEC CNTRL A/O SPS 3 ADD E 12M;EXP HOST SEC EMAIL PROTEC CNTRL A/O SPS 3 ADD E 12M;EXP HOST SEC EMAIL PROTEC CNTRL A/O SPS 3 ADD E 12M;EXP HOST SEC EMAIL PROTEC CNTRL A/O SPS 3 ADD E 12M;;;;79;;
1;3;2094;1;34,6245;28,15;EXP HOST SEC EMAIL PROTEC CNTRL A/O SPS 3 ADD F 12M;20957490;;EXP HOST SEC EMAIL PROTEC CNTRL A/O SPS 3 ADD F 12M;EXP HOST SEC EMAIL PROTEC CNTRL A/O SPS 3 ADD F 12M;EXP HOST SEC EMAIL PROTEC CNTRL A/O SPS 3 ADD F 12M;EXP HOST SEC EMAIL PROTEC CNTRL A/O SPS 3 ADD F 12M;;;;79;;
1;3;2094;1;47,4411;38,57;GOV HOST SEC EMAIL PROTEC CNTRL A/O SPS 3 ADD A 12M;20957491;;GOV HOST SEC EMAIL PROTEC CNTRL A/O SPS 3 ADD A 12M;GOV HOST SEC EMAIL PROTEC CNTRL A/O SPS 3 ADD A 12M;GOV HOST SEC EMAIL PROTEC CNTRL A/O SPS 3 ADD A 12M;GOV HOST SEC EMAIL PROTEC CNTRL A/O SPS 3 ADD A 12M;;;;79;;
1;3;2094;1;30,0981;24,47;GOV HOST SEC EMAIL PROTEC CNTRL A/O SPS 3 ADD H 12M;20957493;;GOV HOST SEC EMAIL PROTEC CNTRL A/O SPS 3 ADD H 12M;GOV HOST SEC EMAIL PROTEC CNTRL A/O SPS 3 ADD H 12M;GOV HOST SEC EMAIL PROTEC CNTRL A/O SPS 3 ADD H 12M;GOV HOST SEC EMAIL PROTEC CNTRL A/O SPS 3 ADD H 12M;;;;79;;
1;3;2094;1;38,007;30,9;REW HOST SEC EMAIL PROTEC CNTRL A/O SPS 3 ADD A 12M;20957494;;REW HOST SEC EMAIL PROTEC CNTRL A/O SPS 3 ADD A 12M;REW HOST SEC EMAIL PROTEC CNTRL A/O SPS 3 ADD A 12M;REW HOST SEC EMAIL PROTEC CNTRL A/O SPS 3 ADD A 12M;REW HOST SEC EMAIL PROTEC CNTRL A/O SPS 3 ADD A 12M;;;;79;;
1;3;2094;1;34,9566;28,42;REW HOST SEC EMAIL PROTEC CNTRL A/O SPS 3 ADD B 12M;20957495;;REW HOST SEC EMAIL PROTEC CNTRL A/O SPS 3 ADD B 12M;REW HOST SEC EMAIL PROTEC CNTRL A/O SPS 3 ADD B 12M;REW HOST SEC EMAIL PROTEC CNTRL A/O SPS 3 ADD B 12M;REW HOST SEC EMAIL PROTEC CNTRL A/O SPS 3 ADD B 12M;;;;79;;
1;3;2094;1;73,3326;59,62;GOV HOST SEC EMAIL WEB PROTEC A/O SPS3 ADD A 12M;20957496;;GOV HOST SEC EMAIL WEB PROTEC A/O SPS3 ADD A 12M;GOV HOST SEC EMAIL WEB PROTEC A/O SPS3 ADD A 12M;GOV HOST SEC EMAIL WEB PROTEC A/O SPS3 ADD A 12M;GOV HOST SEC EMAIL WEB PROTEC A/O SPS3 ADD A 12M;;;;79;;
1;3;2094;1;46,5186;37,82;GOV HOST SEC EMAIL WEB PROTEC A/O SPS3 ADD H 12M;20957498;;GOV HOST SEC EMAIL WEB PROTEC A/O SPS3 ADD H 12M;GOV HOST SEC EMAIL WEB PROTEC A/O SPS3 ADD H 12M;GOV HOST SEC EMAIL WEB PROTEC A/O SPS3 ADD H 12M;GOV HOST SEC EMAIL WEB PROTEC A/O SPS3 ADD H 12M;;;;79;;
1;3;2094;1;58,7448;47,76;REW HOST SEC EMAIL WEB PROTEC A/O SPS3 ADD A 12M;20957499;;REW HOST SEC EMAIL WEB PROTEC A/O SPS3 ADD A 12M;REW HOST SEC EMAIL WEB PROTEC A/O SPS3 ADD A 12M;REW HOST SEC EMAIL WEB PROTEC A/O SPS3 ADD A 12M;REW HOST SEC EMAIL WEB PROTEC A/O SPS3 ADD A 12M;;;;79;;
1;3;2094;1;54,0462;43,94;REW HOST SEC EMAIL WEB PROTEC A/O SPS3 ADD B 12M;20957500;;REW HOST SEC EMAIL WEB PROTEC A/O SPS3 ADD B 12M;REW HOST SEC EMAIL WEB PROTEC A/O SPS3 ADD B 12M;REW HOST SEC EMAIL WEB PROTEC A/O SPS3 ADD B 12M;REW HOST SEC EMAIL WEB PROTEC A/O SPS3 ADD B 12M;;;;79;;
1;3;2094;1;46,986;38,2;REW HOST SEC EMAIL WEB PROTEC A/O SPS3 ADD C 12M;20957501;;REW HOST SEC EMAIL WEB PROTEC A/O SPS3 ADD C 12M;REW HOST SEC EMAIL WEB PROTEC A/O SPS3 ADD C 12M;REW HOST SEC EMAIL WEB PROTEC A/O SPS3 ADD C 12M;REW HOST SEC EMAIL WEB PROTEC A/O SPS3 ADD C 12M;;;;79;;
1;3;2094;1;43,2591;35,17;REW HOST SEC EMAIL WEB PROTEC A/O SPS3 ADD D 12M;20957502;;REW HOST SEC EMAIL WEB PROTEC A/O SPS3 ADD D 12M;REW HOST SEC EMAIL WEB PROTEC A/O SPS3 ADD D 12M;REW HOST SEC EMAIL WEB PROTEC A/O SPS3 ADD D 12M;REW HOST SEC EMAIL WEB PROTEC A/O SPS3 ADD D 12M;;;;79;;
1;3;2094;1;39,7905;32,35;REW HOST SEC EMAIL WEB PROTEC A/O SPS3 ADD E 12M;20957503;;REW HOST SEC EMAIL WEB PROTEC A/O SPS3 ADD E 12M;REW HOST SEC EMAIL WEB PROTEC A/O SPS3 ADD E 12M;REW HOST SEC EMAIL WEB PROTEC A/O SPS3 ADD E 12M;REW HOST SEC EMAIL WEB PROTEC A/O SPS3 ADD E 12M;;;;79;;
1;3;2094;1;30,4056;24,72;REW HOST SEC EMAIL PROTEC CNTRL A/O SPS 3 ADD C 12M;20957504;;REW HOST SEC EMAIL PROTEC CNTRL A/O SPS 3 ADD C 12M;REW HOST SEC EMAIL PROTEC CNTRL A/O SPS 3 ADD C 12M;REW HOST SEC EMAIL PROTEC CNTRL A/O SPS 3 ADD C 12M;REW HOST SEC EMAIL PROTEC CNTRL A/O SPS 3 ADD C 12M;;;;79;;
1;3;2094;1;27,9702;22,74;REW HOST SEC EMAIL PROTEC CNTRL A/O SPS 3 ADD D 12M;20957505;;REW HOST SEC EMAIL PROTEC CNTRL A/O SPS 3 ADD D 12M;REW HOST SEC EMAIL PROTEC CNTRL A/O SPS 3 ADD D 12M;REW HOST SEC EMAIL PROTEC CNTRL A/O SPS 3 ADD D 12M;REW HOST SEC EMAIL PROTEC CNTRL A/O SPS 3 ADD D 12M;;;;79;;
1;3;2094;1;25,7439;20,93;REW HOST SEC EMAIL PROTEC CNTRL A/O SPS 3 ADD E 12M;20957506;;REW HOST SEC EMAIL PROTEC CNTRL A/O SPS 3 ADD E 12M;REW HOST SEC EMAIL PROTEC CNTRL A/O SPS 3 ADD E 12M;REW HOST SEC EMAIL PROTEC CNTRL A/O SPS 3 ADD E 12M;REW HOST SEC EMAIL PROTEC CNTRL A/O SPS 3 ADD E 12M;;;;79;;
1;3;2094;1;47,4411;38,57;AE HOST SEC EMAIL PROTEC CNTRL A/O SPS3 RNWL A 12M;20957507;;AE HOST SEC EMAIL PROTEC CNTRL A/O SPS3 RNWL A 12M;AE HOST SEC EMAIL PROTEC CNTRL A/O SPS3 RNWL A 12M;AE HOST SEC EMAIL PROTEC CNTRL A/O SPS3 RNWL A 12M;AE HOST SEC EMAIL PROTEC CNTRL A/O SPS3 RNWL A 12M;;;;79;;
1;3;2094;1;30,0981;24,47;AE HOST SEC EMAIL PROTEC CNTRL A/O SPS3 RNWL H 12M;20957509;;AE HOST SEC EMAIL PROTEC CNTRL A/O SPS3 RNWL H 12M;AE HOST SEC EMAIL PROTEC CNTRL A/O SPS3 RNWL H 12M;AE HOST SEC EMAIL PROTEC CNTRL A/O SPS3 RNWL H 12M;AE HOST SEC EMAIL PROTEC CNTRL A/O SPS3 RNWL H 12M;;;;79;;
1;3;2094;1;47,4411;38,57;EXP HOST SEC EMAIL PROTEC CNTRL A/O SPS3 RNWL A 12M;20957510;;EXP HOST SEC EMAIL PROTEC CNTRL A/O SPS3 RNWL A 12M;EXP HOST SEC EMAIL PROTEC CNTRL A/O SPS3 RNWL A 12M;EXP HOST SEC EMAIL PROTEC CNTRL A/O SPS3 RNWL A 12M;EXP HOST SEC EMAIL PROTEC CNTRL A/O SPS3 RNWL A 12M;;;;79;;
1;3;2094;1;45,1164;36,68;EXP HOST SEC EMAIL PROTEC CNTRL A/O SPS3 RNWL B 12M;20957511;;EXP HOST SEC EMAIL PROTEC CNTRL A/O SPS3 RNWL B 12M;EXP HOST SEC EMAIL PROTEC CNTRL A/O SPS3 RNWL B 12M;EXP HOST SEC EMAIL PROTEC CNTRL A/O SPS3 RNWL B 12M;EXP HOST SEC EMAIL PROTEC CNTRL A/O SPS3 RNWL B 12M;;;;79;;
1;3;2094;1;42,7425;34,75;EXP HOST SEC EMAIL PROTEC CNTRL A/O SPS3 RNWL C 12M;20957512;;EXP HOST SEC EMAIL PROTEC CNTRL A/O SPS3 RNWL C 12M;EXP HOST SEC EMAIL PROTEC CNTRL A/O SPS3 RNWL C 12M;EXP HOST SEC EMAIL PROTEC CNTRL A/O SPS3 RNWL C 12M;EXP HOST SEC EMAIL PROTEC CNTRL A/O SPS3 RNWL C 12M;;;;79;;
1;3;2094;1;40,3809;32,83;EXP HOST SEC EMAIL PROTEC CNTRL A/O SPS3 RNWL D 12M;20957513;;EXP HOST SEC EMAIL PROTEC CNTRL A/O SPS3 RNWL D 12M;EXP HOST SEC EMAIL PROTEC CNTRL A/O SPS3 RNWL D 12M;EXP HOST SEC EMAIL PROTEC CNTRL A/O SPS3 RNWL D 12M;EXP HOST SEC EMAIL PROTEC CNTRL A/O SPS3 RNWL D 12M;;;;79;;
1;3;2094;1;38,007;30,9;EXP HOST SEC EMAIL PROTEC CNTRL A/O SPS3 RNWL E 12M;20957514;;EXP HOST SEC EMAIL PROTEC CNTRL A/O SPS3 RNWL E 12M;EXP HOST SEC EMAIL PROTEC CNTRL A/O SPS3 RNWL E 12M;EXP HOST SEC EMAIL PROTEC CNTRL A/O SPS3 RNWL E 12M;EXP HOST SEC EMAIL PROTEC CNTRL A/O SPS3 RNWL E 12M;;;;79;;
1;3;2094;1;34,6245;28,15;EXP HOST SEC EMAIL PROTEC CNTRL A/O SPS3 RNWL F 12M;20957515;;EXP HOST SEC EMAIL PROTEC CNTRL A/O SPS3 RNWL F 12M;EXP HOST SEC EMAIL PROTEC CNTRL A/O SPS3 RNWL F 12M;EXP HOST SEC EMAIL PROTEC CNTRL A/O SPS3 RNWL F 12M;EXP HOST SEC EMAIL PROTEC CNTRL A/O SPS3 RNWL F 12M;;;;79;;
1;3;2094;1;47,4411;38,57;GOV HOST SEC EMAIL PROTEC CNTRL A/O SPS3 RNWL A 12M;20957516;;GOV HOST SEC EMAIL PROTEC CNTRL A/O SPS3 RNWL A 12M;GOV HOST SEC EMAIL PROTEC CNTRL A/O SPS3 RNWL A 12M;GOV HOST SEC EMAIL PROTEC CNTRL A/O SPS3 RNWL A 12M;GOV HOST SEC EMAIL PROTEC CNTRL A/O SPS3 RNWL A 12M;;;;79;;
1;3;2094;1;30,0981;24,47;GOV HOST SEC EMAIL PROTEC CNTRL A/O SPS3 RNWL H 12M;20957518;;GOV HOST SEC EMAIL PROTEC CNTRL A/O SPS3 RNWL H 12M;GOV HOST SEC EMAIL PROTEC CNTRL A/O SPS3 RNWL H 12M;GOV HOST SEC EMAIL PROTEC CNTRL A/O SPS3 RNWL H 12M;GOV HOST SEC EMAIL PROTEC CNTRL A/O SPS3 RNWL H 12M;;;;79;;
1;3;2094;1;38,007;30,9;REW HOST SEC EMAIL PROTEC CNTRL A/O SPS3 RNWL A 12M;20957519;;REW HOST SEC EMAIL PROTEC CNTRL A/O SPS3 RNWL A 12M;REW HOST SEC EMAIL PROTEC CNTRL A/O SPS3 RNWL A 12M;REW HOST SEC EMAIL PROTEC CNTRL A/O SPS3 RNWL A 12M;REW HOST SEC EMAIL PROTEC CNTRL A/O SPS3 RNWL A 12M;;;;79;;
1;3;2094;1;34,9566;28,42;REW HOST SEC EMAIL PROTEC CNTRL A/O SPS3 RNWL B 12M;20957520;;REW HOST SEC EMAIL PROTEC CNTRL A/O SPS3 RNWL B 12M;REW HOST SEC EMAIL PROTEC CNTRL A/O SPS3 RNWL B 12M;REW HOST SEC EMAIL PROTEC CNTRL A/O SPS3 RNWL B 12M;REW HOST SEC EMAIL PROTEC CNTRL A/O SPS3 RNWL B 12M;;;;79;;
1;3;2094;1;30,4056;24,72;REW HOST SEC EMAIL PROTEC CNTRL A/O SPS3 RNWL C 12M;20957521;;REW HOST SEC EMAIL PROTEC CNTRL A/O SPS3 RNWL C 12M;REW HOST SEC EMAIL PROTEC CNTRL A/O SPS3 RNWL C 12M;REW HOST SEC EMAIL PROTEC CNTRL A/O SPS3 RNWL C 12M;REW HOST SEC EMAIL PROTEC CNTRL A/O SPS3 RNWL C 12M;;;;79;;
1;3;2094;1;27,9702;22,74;REW HOST SEC EMAIL PROTEC CNTRL A/O SPS3 RNWL D 12M;20957522;;REW HOST SEC EMAIL PROTEC CNTRL A/O SPS3 RNWL D 12M;REW HOST SEC EMAIL PROTEC CNTRL A/O SPS3 RNWL D 12M;REW HOST SEC EMAIL PROTEC CNTRL A/O SPS3 RNWL D 12M;REW HOST SEC EMAIL PROTEC CNTRL A/O SPS3 RNWL D 12M;;;;79;;
1;3;2094;1;25,7439;20,93;REW HOST SEC EMAIL PROTEC CNTRL A/O SPS3 RNWL E 12M;20957523;;REW HOST SEC EMAIL PROTEC CNTRL A/O SPS3 RNWL E 12M;REW HOST SEC EMAIL PROTEC CNTRL A/O SPS3 RNWL E 12M;REW HOST SEC EMAIL PROTEC CNTRL A/O SPS3 RNWL E 12M;REW HOST SEC EMAIL PROTEC CNTRL A/O SPS3 RNWL E 12M;;;;79;;
1;3;2094;1;73,3326;59,62;AE HOST SEC EMAIL WEB PROTEC A/O SPS3 ADD A 12M;20957524;;AE HOST SEC EMAIL WEB PROTEC A/O SPS3 ADD A 12M;AE HOST SEC EMAIL WEB PROTEC A/O SPS3 ADD A 12M;AE HOST SEC EMAIL WEB PROTEC A/O SPS3 ADD A 12M;AE HOST SEC EMAIL WEB PROTEC A/O SPS3 ADD A 12M;;;;79;;
1;3;2094;1;46,5186;37,82;AE HOST SEC EMAIL WEB PROTEC A/O SPS3 ADD H 12M;20957526;;AE HOST SEC EMAIL WEB PROTEC A/O SPS3 ADD H 12M;AE HOST SEC EMAIL WEB PROTEC A/O SPS3 ADD H 12M;AE HOST SEC EMAIL WEB PROTEC A/O SPS3 ADD H 12M;AE HOST SEC EMAIL WEB PROTEC A/O SPS3 ADD H 12M;;;;79;;
1;3;2094;1;73,3326;59,62;EXP HOST SEC EMAIL WEB PROTEC A/O SPS3 ADD A 12M;20957527;;EXP HOST SEC EMAIL WEB PROTEC A/O SPS3 ADD A 12M;EXP HOST SEC EMAIL WEB PROTEC A/O SPS3 ADD A 12M;EXP HOST SEC EMAIL WEB PROTEC A/O SPS3 ADD A 12M;EXP HOST SEC EMAIL WEB PROTEC A/O SPS3 ADD A 12M;;;;79;;
1;3;2094;1;69,741;56,7;EXP HOST SEC EMAIL WEB PROTEC A/O SPS3 ADD B 12M;20957528;;EXP HOST SEC EMAIL WEB PROTEC A/O SPS3 ADD B 12M;EXP HOST SEC EMAIL WEB PROTEC A/O SPS3 ADD B 12M;EXP HOST SEC EMAIL WEB PROTEC A/O SPS3 ADD B 12M;EXP HOST SEC EMAIL WEB PROTEC A/O SPS3 ADD B 12M;;;;79;;
1;3;2094;1;66,0756;53,72;EXP HOST SEC EMAIL WEB PROTEC A/O SPS3 ADD C 12M;20957529;;EXP HOST SEC EMAIL WEB PROTEC A/O SPS3 ADD C 12M;EXP HOST SEC EMAIL WEB PROTEC A/O SPS3 ADD C 12M;EXP HOST SEC EMAIL WEB PROTEC A/O SPS3 ADD C 12M;EXP HOST SEC EMAIL WEB PROTEC A/O SPS3 ADD C 12M;;;;79;;
1;3;2094;1;62,4225;50,75;EXP HOST SEC EMAIL WEB PROTEC A/O SPS3 ADD D 12M;20957530;;EXP HOST SEC EMAIL WEB PROTEC A/O SPS3 ADD D 12M;EXP HOST SEC EMAIL WEB PROTEC A/O SPS3 ADD D 12M;EXP HOST SEC EMAIL WEB PROTEC A/O SPS3 ADD D 12M;EXP HOST SEC EMAIL WEB PROTEC A/O SPS3 ADD D 12M;;;;79;;
1;3;2094;1;58,7448;47,76;EXP HOST SEC EMAIL WEB PROTEC A/O SPS3 ADD E 12M;20957531;;EXP HOST SEC EMAIL WEB PROTEC A/O SPS3 ADD E 12M;EXP HOST SEC EMAIL WEB PROTEC A/O SPS3 ADD E 12M;EXP HOST SEC EMAIL WEB PROTEC A/O SPS3 ADD E 12M;EXP HOST SEC EMAIL WEB PROTEC A/O SPS3 ADD E 12M;;;;79;;
1;3;2094;1;53,5296;43,52;EXP HOST SEC EMAIL WEB PROTEC A/O SPS3 ADD F 12M;20957532;;EXP HOST SEC EMAIL WEB PROTEC A/O SPS3 ADD F 12M;EXP HOST SEC EMAIL WEB PROTEC A/O SPS3 ADD F 12M;EXP HOST SEC EMAIL WEB PROTEC A/O SPS3 ADD F 12M;EXP HOST SEC EMAIL WEB PROTEC A/O SPS3 ADD F 12M;;;;79;;
1;3;2094;1;1757,67;1429;UPGRADING TO NBU 7.0 FOR UNX & WIN 2DAY TRAIN;20958704;;UPGRADING TO NBU 7.0 FOR UNX & WIN 2DAY TRAIN;UPGRADING TO NBU 7.0 FOR UNX & WIN 2DAY TRAIN;UPGRADING TO NBU 7.0 FOR UNX & WIN 2DAY TRAIN;UPGRADING TO NBU 7.0 FOR UNX & WIN 2DAY TRAIN;;;;79;;
1;3;2094;1;1107,6765;900,55;REW BE 2010 VMWARE WIN P HOST SVR C/U LIC C BAS;20959321;;REW BE 2010 VMWARE WIN P HOST SVR C/U LIC C BAS;REW BE 2010 VMWARE WIN P HOST SVR C/U LIC C BAS;REW BE 2010 VMWARE WIN P HOST SVR C/U LIC C BAS;REW BE 2010 VMWARE WIN P HOST SVR C/U LIC C BAS;;;;79;;
1;3;2094;1;1237,995;1006,5;EXP BE2010 VMWRE WIN STE P HOST SVR C/U LIC S BAS;20959322;;EXP BE2010 VMWRE WIN STE P HOST SVR C/U LIC S BAS;EXP BE2010 VMWRE WIN STE P HOST SVR C/U LIC S BAS;EXP BE2010 VMWRE WIN STE P HOST SVR C/U LIC S BAS;EXP BE2010 VMWRE WIN STE P HOST SVR C/U LIC S BAS;;;;79;;
1;3;2094;1;1482,1377;1204,99;GOV BE 2010 VMWARE WIN P HOST SVR STD LIC S BAS;20959323;;GOV BE 2010 VMWARE WIN P HOST SVR STD LIC S BAS;GOV BE 2010 VMWARE WIN P HOST SVR STD LIC S BAS;GOV BE 2010 VMWARE WIN P HOST SVR STD LIC S BAS;GOV BE 2010 VMWARE WIN P HOST SVR STD LIC S BAS;;;;79;;
1;3;2094;1;1834,6311;1491,57;EXP BE2010 VMWRE WIN STE P HOST SVR STD LIC S ESS;20959324;;EXP BE2010 VMWRE WIN STE P HOST SVR STD LIC S ESS;EXP BE2010 VMWRE WIN STE P HOST SVR STD LIC S ESS;EXP BE2010 VMWRE WIN STE P HOST SVR STD LIC S ESS;EXP BE2010 VMWRE WIN STE P HOST SVR STD LIC S ESS;;;;79;;
1;3;2094;1;1226,2239;996,93;REW BE 2010 VMWARE WIN P HOST SVR C/U LIC B ESS;20959326;;REW BE 2010 VMWARE WIN P HOST SVR C/U LIC B ESS;REW BE 2010 VMWARE WIN P HOST SVR C/U LIC B ESS;REW BE 2010 VMWARE WIN P HOST SVR C/U LIC B ESS;REW BE 2010 VMWARE WIN P HOST SVR C/U LIC B ESS;;;;79;;
1;3;2094;1;240,219;195,3;REW BE 2010 VMWARE WIN PER HOST SVR BAS C;20959327;;REW BE 2010 VMWARE WIN PER HOST SVR BAS C;REW BE 2010 VMWARE WIN PER HOST SVR BAS C;REW BE 2010 VMWARE WIN PER HOST SVR BAS C;REW BE 2010 VMWARE WIN PER HOST SVR BAS C;;;;79;;
1;3;2094;1;268,4844;218,28;EXP BE2010 VMWARE WIN STE PER HOST SVR BAS S;20959328;;EXP BE2010 VMWARE WIN STE PER HOST SVR BAS S;EXP BE2010 VMWARE WIN STE PER HOST SVR BAS S;EXP BE2010 VMWARE WIN STE PER HOST SVR BAS S;EXP BE2010 VMWARE WIN STE PER HOST SVR BAS S;;;;79;;
1;3;2094;1;343,0593;278,91;EXP BE2010 VMWARE WIN STE PER HOST SVR ESS S;20959330;;EXP BE2010 VMWARE WIN STE PER HOST SVR ESS S;EXP BE2010 VMWARE WIN STE PER HOST SVR ESS S;EXP BE2010 VMWARE WIN STE PER HOST SVR ESS S;EXP BE2010 VMWARE WIN STE PER HOST SVR ESS S;;;;79;;
1;3;2094;1;288,8901;234,87;REW BE 2010 VMWARE WIN PER HOST SVR ESS D;20959331;;REW BE 2010 VMWARE WIN PER HOST SVR ESS D;REW BE 2010 VMWARE WIN PER HOST SVR ESS D;REW BE 2010 VMWARE WIN PER HOST SVR ESS D;REW BE 2010 VMWARE WIN PER HOST SVR ESS D;;;;79;;
1;3;2094;1;261,4119;212,53;REW BE 2010 VMWARE WIN PER HOST SVR BAS A;20959332;;REW BE 2010 VMWARE WIN PER HOST SVR BAS A;REW BE 2010 VMWARE WIN PER HOST SVR BAS A;REW BE 2010 VMWARE WIN PER HOST SVR BAS A;REW BE 2010 VMWARE WIN PER HOST SVR BAS A;;;;79;;
1;3;2094;1;250,8216;203,92;REW BE 2010 VMWARE WIN PER HOST SVR BAS B;20959333;;REW BE 2010 VMWARE WIN PER HOST SVR BAS B;REW BE 2010 VMWARE WIN PER HOST SVR BAS B;REW BE 2010 VMWARE WIN PER HOST SVR BAS B;REW BE 2010 VMWARE WIN PER HOST SVR BAS B;;;;79;;
1;3;2094;1;320,4888;260,56;REW BE 2010 VMWARE WIN PER HOST SVR ESS B;20959334;;REW BE 2010 VMWARE WIN PER HOST SVR ESS B;REW BE 2010 VMWARE WIN PER HOST SVR ESS B;REW BE 2010 VMWARE WIN PER HOST SVR ESS B;REW BE 2010 VMWARE WIN PER HOST SVR ESS B;;;;79;;
1;3;2094;1;306,9465;249,55;REW BE 2010 VMWARE WIN PER HOST SVR ESS C;20959335;;REW BE 2010 VMWARE WIN PER HOST SVR ESS C;REW BE 2010 VMWARE WIN PER HOST SVR ESS C;REW BE 2010 VMWARE WIN PER HOST SVR ESS C;REW BE 2010 VMWARE WIN PER HOST SVR ESS C;;;;79;;
1;3;2094;1;288,8901;234,87;REW BE 2010 VMWARE WIN PER HOST SVR ESS E;20959336;;REW BE 2010 VMWARE WIN PER HOST SVR ESS E;REW BE 2010 VMWARE WIN PER HOST SVR ESS E;REW BE 2010 VMWARE WIN PER HOST SVR ESS E;REW BE 2010 VMWARE WIN PER HOST SVR ESS E;;;;79;;
1;3;2094;1;288,8901;234,87;AE BE 2010 VMWARE STE WIN HOST SVR ESS S;20959337;;AE BE 2010 VMWARE STE WIN HOST SVR ESS S;AE BE 2010 VMWARE STE WIN HOST SVR ESS S;AE BE 2010 VMWARE STE WIN HOST SVR ESS S;AE BE 2010 VMWARE STE WIN HOST SVR ESS S;;;;79;;
1;3;2094;1;288,8901;234,87;GOV BE 2010 VMWARE WIN PER HOST SVR ESS S;20959339;;GOV BE 2010 VMWARE WIN PER HOST SVR ESS S;GOV BE 2010 VMWARE WIN PER HOST SVR ESS S;GOV BE 2010 VMWARE WIN PER HOST SVR ESS S;GOV BE 2010 VMWARE WIN PER HOST SVR ESS S;;;;79;;
1;3;2094;1;226,074;183,8;GOV BE 2010 VMWARE WIN PER HOST SVR BAS S;20959340;;GOV BE 2010 VMWARE WIN PER HOST SVR BAS S;GOV BE 2010 VMWARE WIN PER HOST SVR BAS S;GOV BE 2010 VMWARE WIN PER HOST SVR BAS S;GOV BE 2010 VMWARE WIN PER HOST SVR BAS S;;;;79;;
1;3;2094;1;226,074;183,8;REW BE 2010 VMWARE WIN PER HOST SVR BAS D;20959341;;REW BE 2010 VMWARE WIN PER HOST SVR BAS D;REW BE 2010 VMWARE WIN PER HOST SVR BAS D;REW BE 2010 VMWARE WIN PER HOST SVR BAS D;REW BE 2010 VMWARE WIN PER HOST SVR BAS D;;;;79;;
1;3;2094;1;226,074;183,8;REW BE 2010 VMWARE WIN PER HOST SVR BAS E;20959342;;REW BE 2010 VMWARE WIN PER HOST SVR BAS E;REW BE 2010 VMWARE WIN PER HOST SVR BAS E;REW BE 2010 VMWARE WIN PER HOST SVR BAS E;REW BE 2010 VMWARE WIN PER HOST SVR BAS E;;;;79;;
1;3;2094;1;226,074;183,8;AE BE 2010 VMWARE STE WIN HOST SVR BAS S;20959343;;AE BE 2010 VMWARE STE WIN HOST SVR BAS S;AE BE 2010 VMWARE STE WIN HOST SVR BAS S;AE BE 2010 VMWARE STE WIN HOST SVR BAS S;AE BE 2010 VMWARE STE WIN HOST SVR BAS S;;;;79;;
1;3;2094;1;334,0311;271,57;REW BE 2010 VMWARE WIN PER HOST SVR ESS A;20959344;;REW BE 2010 VMWARE WIN PER HOST SVR ESS A;REW BE 2010 VMWARE WIN PER HOST SVR ESS A;REW BE 2010 VMWARE WIN PER HOST SVR ESS A;REW BE 2010 VMWARE WIN PER HOST SVR ESS A;;;;79;;
1;3;2094;1;1713,7221;1393,27;REW BE 2010 VMWARE WIN P HOST SVR STD LIC A BAS;20959370;;REW BE 2010 VMWARE WIN P HOST SVR STD LIC A BAS;REW BE 2010 VMWARE WIN P HOST SVR STD LIC A BAS;REW BE 2010 VMWARE WIN P HOST SVR STD LIC A BAS;REW BE 2010 VMWARE WIN P HOST SVR STD LIC A BAS;;;;79;;
1;3;2094;1;1105,3149;898,63;REW BE 2010 VMWARE WIN P HOST SVR C/U LIC D ESS;20959371;;REW BE 2010 VMWARE WIN P HOST SVR C/U LIC D ESS;REW BE 2010 VMWARE WIN P HOST SVR C/U LIC D ESS;REW BE 2010 VMWARE WIN P HOST SVR C/U LIC D ESS;REW BE 2010 VMWARE WIN P HOST SVR C/U LIC D ESS;;;;79;;
1;3;2094;1;1544,9292;1256,04;GOV BE 2010 VMWARE WIN P HOST SVR STD LIC S ESS;20959373;;GOV BE 2010 VMWARE WIN P HOST SVR STD LIC S ESS;GOV BE 2010 VMWARE WIN P HOST SVR STD LIC S ESS;GOV BE 2010 VMWARE WIN P HOST SVR STD LIC S ESS;GOV BE 2010 VMWARE WIN P HOST SVR STD LIC S ESS;;;;79;;
1;3;2094;1;1205,4;980;REW BE 2010 VMWARE WIN P HOST SVR C/U LIC A BAS;20959374;;REW BE 2010 VMWARE WIN P HOST SVR C/U LIC A BAS;REW BE 2010 VMWARE WIN P HOST SVR C/U LIC A BAS;REW BE 2010 VMWARE WIN P HOST SVR C/U LIC A BAS;REW BE 2010 VMWARE WIN P HOST SVR C/U LIC A BAS;;;;79;;
1;3;2094;1;1156,5444;940,28;REW BE 2010 VMWARE WIN P HOST SVR C/U LIC B BAS;20959375;;REW BE 2010 VMWARE WIN P HOST SVR C/U LIC B BAS;REW BE 2010 VMWARE WIN P HOST SVR C/U LIC B BAS;REW BE 2010 VMWARE WIN P HOST SVR C/U LIC B BAS;REW BE 2010 VMWARE WIN P HOST SVR C/U LIC B BAS;;;;79;;
1;3;2094;1;1042,5111;847,57;GOV BE 2010 VMWARE WIN P HOST SVR C/U LIC S BAS;20959376;;GOV BE 2010 VMWARE WIN P HOST SVR C/U LIC S BAS;GOV BE 2010 VMWARE WIN P HOST SVR C/U LIC S BAS;GOV BE 2010 VMWARE WIN P HOST SVR C/U LIC S BAS;GOV BE 2010 VMWARE WIN P HOST SVR C/U LIC S BAS;;;;79;;
1;3;2094;1;1544,9292;1256,04;AE BE 2010 VMWARE STE WIN HOST SVR STD LIC S ESS;20959377;;AE BE 2010 VMWARE STE WIN HOST SVR STD LIC S ESS;AE BE 2010 VMWARE STE WIN HOST SVR STD LIC S ESS;AE BE 2010 VMWARE STE WIN HOST SVR STD LIC S ESS;AE BE 2010 VMWARE STE WIN HOST SVR STD LIC S ESS;;;;79;;
1;3;2094;1;1042,5111;847,57;AE BE 2010 VMWARE STE WIN HOST SVR C/U LIC S BAS;20959378;;AE BE 2010 VMWARE STE WIN HOST SVR C/U LIC S BAS;AE BE 2010 VMWARE STE WIN HOST SVR C/U LIC S BAS;AE BE 2010 VMWARE STE WIN HOST SVR C/U LIC S BAS;AE BE 2010 VMWARE STE WIN HOST SVR C/U LIC S BAS;;;;79;;
1;3;2094;1;1174,404;954,8;REW BE 2010 VMWARE WIN P HOST SVR C/U LIC C ESS;20959379;;REW BE 2010 VMWARE WIN P HOST SVR C/U LIC C ESS;REW BE 2010 VMWARE WIN P HOST SVR C/U LIC C ESS;REW BE 2010 VMWARE WIN P HOST SVR C/U LIC C ESS;REW BE 2010 VMWARE WIN P HOST SVR C/U LIC C ESS;;;;79;;
1;3;2094;1;1105,3149;898,63;GOV BE 2010 VMWARE WIN P HOST SVR C/U LIC S ESS;20959380;;GOV BE 2010 VMWARE WIN P HOST SVR C/U LIC S ESS;GOV BE 2010 VMWARE WIN P HOST SVR C/U LIC S ESS;GOV BE 2010 VMWARE WIN P HOST SVR C/U LIC S ESS;GOV BE 2010 VMWARE WIN P HOST SVR C/U LIC S ESS;;;;79;;
1;3;2094;1;1312,5822;1067,14;EXP BE2010 VMWARE WIN STE P HOST SVR C/U LIC S ESS;20959381;;EXP BE2010 VMWARE WIN STE P HOST SVR C/U LIC S ESS;EXP BE2010 VMWARE WIN STE P HOST SVR C/U LIC S ESS;EXP BE2010 VMWARE WIN STE P HOST SVR C/U LIC S ESS;EXP BE2010 VMWARE WIN STE P HOST SVR C/U LIC S ESS;;;;79;;
1;3;2094;1;1544,9292;1256,04;REW BE 2010 VMWARE WIN P HOST SVR STD LIC D ESS;20959382;;REW BE 2010 VMWARE WIN P HOST SVR STD LIC D ESS;REW BE 2010 VMWARE WIN P HOST SVR STD LIC D ESS;REW BE 2010 VMWARE WIN P HOST SVR STD LIC D ESS;REW BE 2010 VMWARE WIN P HOST SVR STD LIC D ESS;;;;79;;
1;3;2094;1;1544,9292;1256,04;REW BE 2010 VMWARE WIN P HOST SVR STD LIC E ESS;20959383;;REW BE 2010 VMWARE WIN P HOST SVR STD LIC E ESS;REW BE 2010 VMWARE WIN P HOST SVR STD LIC E ESS;REW BE 2010 VMWARE WIN P HOST SVR STD LIC E ESS;REW BE 2010 VMWARE WIN P HOST SVR STD LIC E ESS;;;;79;;
1;3;2094;1;1042,5111;847,57;REW BE 2010 VMWARE WIN P HOST SVR C/U LIC E BAS;20959384;;REW BE 2010 VMWARE WIN P HOST SVR C/U LIC E BAS;REW BE 2010 VMWARE WIN P HOST SVR C/U LIC E BAS;REW BE 2010 VMWARE WIN P HOST SVR C/U LIC E BAS;REW BE 2010 VMWARE WIN P HOST SVR C/U LIC E BAS;;;;79;;
1;3;2094;1;1278,0192;1039,04;REW BE 2010 VMWARE WIN P HOST SVR C/U LIC A ESS;20959385;;REW BE 2010 VMWARE WIN P HOST SVR C/U LIC A ESS;REW BE 2010 VMWARE WIN P HOST SVR C/U LIC A ESS;REW BE 2010 VMWARE WIN P HOST SVR C/U LIC A ESS;REW BE 2010 VMWARE WIN P HOST SVR C/U LIC A ESS;;;;79;;
1;3;2094;1;1105,3149;898,63;REW BE 2010 VMWARE WIN P HOST SVR C/U LIC E ESS;20959386;;REW BE 2010 VMWARE WIN P HOST SVR C/U LIC E ESS;REW BE 2010 VMWARE WIN P HOST SVR C/U LIC E ESS;REW BE 2010 VMWARE WIN P HOST SVR C/U LIC E ESS;REW BE 2010 VMWARE WIN P HOST SVR C/U LIC E ESS;;;;79;;
1;3;2094;1;1482,1377;1204,99;REW BE 2010 VMWARE WIN P HOST SVR STD LIC D BAS;20959387;;REW BE 2010 VMWARE WIN P HOST SVR STD LIC D BAS;REW BE 2010 VMWARE WIN P HOST SVR STD LIC D BAS;REW BE 2010 VMWARE WIN P HOST SVR STD LIC D BAS;REW BE 2010 VMWARE WIN P HOST SVR STD LIC D BAS;;;;79;;
1;3;2094;1;1760,0439;1430,93;EXP BE2010 VMWARE WIN STE P HOST SVR STD LIC S BAS;20959388;;EXP BE2010 VMWARE WIN STE P HOST SVR STD LIC S BAS;EXP BE2010 VMWARE WIN STE P HOST SVR STD LIC S BAS;EXP BE2010 VMWARE WIN STE P HOST SVR STD LIC S BAS;EXP BE2010 VMWARE WIN STE P HOST SVR STD LIC S BAS;;;;79;;
1;3;2094;1;1641,4965;1334,55;REW BE 2010 VMWARE WIN P HOST SVR STD LIC C ESS;20959389;;REW BE 2010 VMWARE WIN P HOST SVR STD LIC C ESS;REW BE 2010 VMWARE WIN P HOST SVR STD LIC C ESS;REW BE 2010 VMWARE WIN P HOST SVR STD LIC C ESS;REW BE 2010 VMWARE WIN P HOST SVR STD LIC C ESS;;;;79;;
1;3;2094;1;1105,3149;898,63;AE BE 2010 VMWARE STE WIN HOST SVR C/U LIC S ESS;20959391;;AE BE 2010 VMWARE STE WIN HOST SVR C/U LIC S ESS;AE BE 2010 VMWARE STE WIN HOST SVR C/U LIC S ESS;AE BE 2010 VMWARE STE WIN HOST SVR C/U LIC S ESS;AE BE 2010 VMWARE STE WIN HOST SVR C/U LIC S ESS;;;;79;;
1;3;2094;1;1574,7813;1280,31;REW BE 2010 VMWARE WIN P HOST SVR STD LIC C BAS;20959392;;REW BE 2010 VMWARE WIN P HOST SVR STD LIC C BAS;REW BE 2010 VMWARE WIN P HOST SVR STD LIC C BAS;REW BE 2010 VMWARE WIN P HOST SVR STD LIC C BAS;REW BE 2010 VMWARE WIN P HOST SVR STD LIC C BAS;;;;79;;
1;3;2094;1;1482,1377;1204,99;AE BE 2010 VMWARE STE WIN HOST SVR STD LIC S BAS;20959393;;AE BE 2010 VMWARE STE WIN HOST SVR STD LIC S BAS;AE BE 2010 VMWARE STE WIN HOST SVR STD LIC S BAS;AE BE 2010 VMWARE STE WIN HOST SVR STD LIC S BAS;AE BE 2010 VMWARE STE WIN HOST SVR STD LIC S BAS;;;;79;;
1;3;2094;1;1786,3413;1452,31;REW BE 2010 VMWARE WIN P HOST SVR STD LIC A ESS;20959394;;REW BE 2010 VMWARE WIN P HOST SVR STD LIC A ESS;REW BE 2010 VMWARE WIN P HOST SVR STD LIC A ESS;REW BE 2010 VMWARE WIN P HOST SVR STD LIC A ESS;REW BE 2010 VMWARE WIN P HOST SVR STD LIC A ESS;;;;79;;
1;3;2094;1;1713,9189;1393,43;REW BE 2010 VMWARE WIN P HOST SVR STD LIC B ESS;20959395;;REW BE 2010 VMWARE WIN P HOST SVR STD LIC B ESS;REW BE 2010 VMWARE WIN P HOST SVR STD LIC B ESS;REW BE 2010 VMWARE WIN P HOST SVR STD LIC B ESS;REW BE 2010 VMWARE WIN P HOST SVR STD LIC B ESS;;;;79;;
1;3;2094;1;1042,5111;847,57;REW BE 2010 VMWARE WIN P HOST SVR C/U LIC D BAS;20959396;;REW BE 2010 VMWARE WIN P HOST SVR C/U LIC D BAS;REW BE 2010 VMWARE WIN P HOST SVR C/U LIC D BAS;REW BE 2010 VMWARE WIN P HOST SVR C/U LIC D BAS;REW BE 2010 VMWARE WIN P HOST SVR C/U LIC D BAS;;;;79;;
1;3;2094;1;1644,2394;1336,78;REW BE 2010 VMWARE WIN P HOST SVR STD LIC B BAS;20959397;;REW BE 2010 VMWARE WIN P HOST SVR STD LIC B BAS;REW BE 2010 VMWARE WIN P HOST SVR STD LIC B BAS;REW BE 2010 VMWARE WIN P HOST SVR STD LIC B BAS;REW BE 2010 VMWARE WIN P HOST SVR STD LIC B BAS;;;;79;;
1;3;2094;1;1482,1377;1204,99;REW BE 2010 VMWARE WIN P HOST SVR STD LIC E BAS;20959398;;REW BE 2010 VMWARE WIN P HOST SVR STD LIC E BAS;REW BE 2010 VMWARE WIN P HOST SVR STD LIC E BAS;REW BE 2010 VMWARE WIN P HOST SVR STD LIC E BAS;REW BE 2010 VMWARE WIN P HOST SVR STD LIC E BAS;;;;79;;
1;3;2094;1;1156,5444;940,28;REW BE 2010 MSFT HYPER-V WIN P HOST C/U LIC B BAS;20959431;;REW BE 2010 MSFT HYPER-V WIN P HOST C/U LIC B BAS;REW BE 2010 MSFT HYPER-V WIN P HOST C/U LIC B BAS;REW BE 2010 MSFT HYPER-V WIN P HOST C/U LIC B BAS;REW BE 2010 MSFT HYPER-V WIN P HOST C/U LIC B BAS;;;;79;;
1;3;2094;1;1042,5111;847,57;AE BE 2010 MSFT HYPER-V WIN P HOST C/U LIC S BAS;20959432;;AE BE 2010 MSFT HYPER-V WIN P HOST C/U LIC S BAS;AE BE 2010 MSFT HYPER-V WIN P HOST C/U LIC S BAS;AE BE 2010 MSFT HYPER-V WIN P HOST C/U LIC S BAS;AE BE 2010 MSFT HYPER-V WIN P HOST C/U LIC S BAS;;;;79;;
1;3;2094;1;1174,404;954,8;REW BE 2010 MSFT HYPER-V WIN P HOST C/U LIC C ESS;20959433;;REW BE 2010 MSFT HYPER-V WIN P HOST C/U LIC C ESS;REW BE 2010 MSFT HYPER-V WIN P HOST C/U LIC C ESS;REW BE 2010 MSFT HYPER-V WIN P HOST C/U LIC C ESS;REW BE 2010 MSFT HYPER-V WIN P HOST C/U LIC C ESS;;;;79;;
1;3;2094;1;1105,3149;898,63;REW BE 2010 MSFT HYPER-V WIN P HOST C/U LIC D ESS;20959434;;REW BE 2010 MSFT HYPER-V WIN P HOST C/U LIC D ESS;REW BE 2010 MSFT HYPER-V WIN P HOST C/U LIC D ESS;REW BE 2010 MSFT HYPER-V WIN P HOST C/U LIC D ESS;REW BE 2010 MSFT HYPER-V WIN P HOST C/U LIC D ESS;;;;79;;
1;3;2094;1;1105,3149;898,63;AE BE 2010 MSFT HYPER-V WIN P HOST C/U LIC S ESS;20959435;;AE BE 2010 MSFT HYPER-V WIN P HOST C/U LIC S ESS;AE BE 2010 MSFT HYPER-V WIN P HOST C/U LIC S ESS;AE BE 2010 MSFT HYPER-V WIN P HOST C/U LIC S ESS;AE BE 2010 MSFT HYPER-V WIN P HOST C/U LIC S ESS;;;;79;;
1;3;2094;1;1574,7813;1280,31;REW BE 2010 MSFT HYPER-V WIN P HOST STD LIC C BAS;20959436;;REW BE 2010 MSFT HYPER-V WIN P HOST STD LIC C BAS;REW BE 2010 MSFT HYPER-V WIN P HOST STD LIC C BAS;REW BE 2010 MSFT HYPER-V WIN P HOST STD LIC C BAS;REW BE 2010 MSFT HYPER-V WIN P HOST STD LIC C BAS;;;;79;;
1;3;2094;1;1482,1377;1204,99;REW BE 2010 MSFT HYPER-V WIN P HOST STD LIC E BAS;20959437;;REW BE 2010 MSFT HYPER-V WIN P HOST STD LIC E BAS;REW BE 2010 MSFT HYPER-V WIN P HOST STD LIC E BAS;REW BE 2010 MSFT HYPER-V WIN P HOST STD LIC E BAS;REW BE 2010 MSFT HYPER-V WIN P HOST STD LIC E BAS;;;;79;;
1;3;2094;1;1713,9189;1393,43;REW BE 2010 MSFT HYPER-V WIN P HOST STD LIC B ESS;20959438;;REW BE 2010 MSFT HYPER-V WIN P HOST STD LIC B ESS;REW BE 2010 MSFT HYPER-V WIN P HOST STD LIC B ESS;REW BE 2010 MSFT HYPER-V WIN P HOST STD LIC B ESS;REW BE 2010 MSFT HYPER-V WIN P HOST STD LIC B ESS;;;;79;;
1;3;2094;1;1544,9292;1256,04;AE BE 2010 MSFT HYPER-V WIN P HOST STD LIC S ESS;20959439;;AE BE 2010 MSFT HYPER-V WIN P HOST STD LIC S ESS;AE BE 2010 MSFT HYPER-V WIN P HOST STD LIC S ESS;AE BE 2010 MSFT HYPER-V WIN P HOST STD LIC S ESS;AE BE 2010 MSFT HYPER-V WIN P HOST STD LIC S ESS;;;;79;;
1;3;2094;1;1042,5111;847,57;REW BE 2010 MSFT HYPER-V WIN P HOST C/U LIC E BAS;20959440;;REW BE 2010 MSFT HYPER-V WIN P HOST C/U LIC E BAS;REW BE 2010 MSFT HYPER-V WIN P HOST C/U LIC E BAS;REW BE 2010 MSFT HYPER-V WIN P HOST C/U LIC E BAS;REW BE 2010 MSFT HYPER-V WIN P HOST C/U LIC E BAS;;;;79;;
1;3;2094;1;1278,0192;1039,04;REW BE 2010 MSFT HYPER-V WIN P HOST C/U LIC A ESS;20959442;;REW BE 2010 MSFT HYPER-V WIN P HOST C/U LIC A ESS;REW BE 2010 MSFT HYPER-V WIN P HOST C/U LIC A ESS;REW BE 2010 MSFT HYPER-V WIN P HOST C/U LIC A ESS;REW BE 2010 MSFT HYPER-V WIN P HOST C/U LIC A ESS;;;;79;;
1;3;2094;1;1226,2239;996,93;REW BE 2010 MSFT HYPER-V WIN P HOST C/U LIC B ESS;20959443;;REW BE 2010 MSFT HYPER-V WIN P HOST C/U LIC B ESS;REW BE 2010 MSFT HYPER-V WIN P HOST C/U LIC B ESS;REW BE 2010 MSFT HYPER-V WIN P HOST C/U LIC B ESS;REW BE 2010 MSFT HYPER-V WIN P HOST C/U LIC B ESS;;;;79;;
1;3;2094;1;1482,1377;1204,99;GOV BE 2010 MSFT HYPER-V WIN P HOST STD LIC S BAS;20959445;;GOV BE 2010 MSFT HYPER-V WIN P HOST STD LIC S BAS;GOV BE 2010 MSFT HYPER-V WIN P HOST STD LIC S BAS;GOV BE 2010 MSFT HYPER-V WIN P HOST STD LIC S BAS;GOV BE 2010 MSFT HYPER-V WIN P HOST STD LIC S BAS;;;;79;;
1;3;2094;1;1641,4965;1334,55;REW BE 2010 MSFT HYPER-V WIN P HOST STD LIC C ESS;20959446;;REW BE 2010 MSFT HYPER-V WIN P HOST STD LIC C ESS;REW BE 2010 MSFT HYPER-V WIN P HOST STD LIC C ESS;REW BE 2010 MSFT HYPER-V WIN P HOST STD LIC C ESS;REW BE 2010 MSFT HYPER-V WIN P HOST STD LIC C ESS;;;;79;;
1;3;2094;1;1834,6311;1491,57;EXP BE2010 MS HYPER-V STE WIN P HOST STD LIC S ESS;20959447;;EXP BE2010 MS HYPER-V STE WIN P HOST STD LIC S ESS;EXP BE2010 MS HYPER-V STE WIN P HOST STD LIC S ESS;EXP BE2010 MS HYPER-V STE WIN P HOST STD LIC S ESS;EXP BE2010 MS HYPER-V STE WIN P HOST STD LIC S ESS;;;;79;;
1;3;2094;1;1042,5111;847,57;GOV BE 2010 MSFT HYPER-V WIN P HOST C/U LIC S BAS;20959448;;GOV BE 2010 MSFT HYPER-V WIN P HOST C/U LIC S BAS;GOV BE 2010 MSFT HYPER-V WIN P HOST C/U LIC S BAS;GOV BE 2010 MSFT HYPER-V WIN P HOST C/U LIC S BAS;GOV BE 2010 MSFT HYPER-V WIN P HOST C/U LIC S BAS;;;;79;;
1;3;2094;1;1760,0439;1430,93;EXP BE2010 MS HYPER-V STE WIN P HOST STD LIC S BAS;20959449;;EXP BE2010 MS HYPER-V STE WIN P HOST STD LIC S BAS;EXP BE2010 MS HYPER-V STE WIN P HOST STD LIC S BAS;EXP BE2010 MS HYPER-V STE WIN P HOST STD LIC S BAS;EXP BE2010 MS HYPER-V STE WIN P HOST STD LIC S BAS;;;;79;;
1;3;2094;1;1544,9292;1256,04;GOV BE 2010 MSFT HYPER-V WIN P HOST STD LIC S ESS;20959450;;GOV BE 2010 MSFT HYPER-V WIN P HOST STD LIC S ESS;GOV BE 2010 MSFT HYPER-V WIN P HOST STD LIC S ESS;GOV BE 2010 MSFT HYPER-V WIN P HOST STD LIC S ESS;GOV BE 2010 MSFT HYPER-V WIN P HOST STD LIC S ESS;;;;79;;
1;3;2094;1;1205,4;980;REW BE 2010 MSFT HYPER-V WIN P HOST C/U LIC A BAS;20959451;;REW BE 2010 MSFT HYPER-V WIN P HOST C/U LIC A BAS;REW BE 2010 MSFT HYPER-V WIN P HOST C/U LIC A BAS;REW BE 2010 MSFT HYPER-V WIN P HOST C/U LIC A BAS;REW BE 2010 MSFT HYPER-V WIN P HOST C/U LIC A BAS;;;;79;;
1;3;2094;1;1237,995;1006,5;EXP BE2010 MS HYPER-V STE WIN P HOST C/U LIC S BAS;20959452;;EXP BE2010 MS HYPER-V STE WIN P HOST C/U LIC S BAS;EXP BE2010 MS HYPER-V STE WIN P HOST C/U LIC S BAS;EXP BE2010 MS HYPER-V STE WIN P HOST C/U LIC S BAS;EXP BE2010 MS HYPER-V STE WIN P HOST C/U LIC S BAS;;;;79;;
1;3;2094;1;1544,9292;1256,04;REW BE 2010 MSFT HYPER-V WIN P HOST STD LIC E ESS;20959454;;REW BE 2010 MSFT HYPER-V WIN P HOST STD LIC E ESS;REW BE 2010 MSFT HYPER-V WIN P HOST STD LIC E ESS;REW BE 2010 MSFT HYPER-V WIN P HOST STD LIC E ESS;REW BE 2010 MSFT HYPER-V WIN P HOST STD LIC E ESS;;;;79;;
1;3;2094;1;1644,2394;1336,78;REW BE 2010 MSFT HYPER-V WIN P HOST STD LIC B BAS;20959456;;REW BE 2010 MSFT HYPER-V WIN P HOST STD LIC B BAS;REW BE 2010 MSFT HYPER-V WIN P HOST STD LIC B BAS;REW BE 2010 MSFT HYPER-V WIN P HOST STD LIC B BAS;REW BE 2010 MSFT HYPER-V WIN P HOST STD LIC B BAS;;;;79;;
1;3;2094;1;1544,9292;1256,04;REW BE 2010 MSFT HYPER-V WIN P HOST STD LIC D ESS;20959457;;REW BE 2010 MSFT HYPER-V WIN P HOST STD LIC D ESS;REW BE 2010 MSFT HYPER-V WIN P HOST STD LIC D ESS;REW BE 2010 MSFT HYPER-V WIN P HOST STD LIC D ESS;REW BE 2010 MSFT HYPER-V WIN P HOST STD LIC D ESS;;;;79;;
1;3;2094;1;1713,7221;1393,27;REW BE 2010 MSFT HYPER-V WIN P HOST STD LIC A BAS;20959458;;REW BE 2010 MSFT HYPER-V WIN P HOST STD LIC A BAS;REW BE 2010 MSFT HYPER-V WIN P HOST STD LIC A BAS;REW BE 2010 MSFT HYPER-V WIN P HOST STD LIC A BAS;REW BE 2010 MSFT HYPER-V WIN P HOST STD LIC A BAS;;;;79;;
1;3;2094;1;1107,6765;900,55;REW BE 2010 MSFT HYPER-V WIN P HOST C/U LIC C BAS;20959459;;REW BE 2010 MSFT HYPER-V WIN P HOST C/U LIC C BAS;REW BE 2010 MSFT HYPER-V WIN P HOST C/U LIC C BAS;REW BE 2010 MSFT HYPER-V WIN P HOST C/U LIC C BAS;REW BE 2010 MSFT HYPER-V WIN P HOST C/U LIC C BAS;;;;79;;
1;3;2094;1;1042,5111;847,57;REW BE 2010 MSFT HYPER-V WIN P HOST C/U LIC D BAS;20959460;;REW BE 2010 MSFT HYPER-V WIN P HOST C/U LIC D BAS;REW BE 2010 MSFT HYPER-V WIN P HOST C/U LIC D BAS;REW BE 2010 MSFT HYPER-V WIN P HOST C/U LIC D BAS;REW BE 2010 MSFT HYPER-V WIN P HOST C/U LIC D BAS;;;;79;;
1;3;2094;1;1105,3149;898,63;GOV BE 2010 MSFT HYPER-V WIN P HOST C/U LIC S ESS;20959461;;GOV BE 2010 MSFT HYPER-V WIN P HOST C/U LIC S ESS;GOV BE 2010 MSFT HYPER-V WIN P HOST C/U LIC S ESS;GOV BE 2010 MSFT HYPER-V WIN P HOST C/U LIC S ESS;GOV BE 2010 MSFT HYPER-V WIN P HOST C/U LIC S ESS;;;;79;;
1;3;2094;1;1312,5822;1067,14;EXP BE2010 MS HYPER-V STE WIN P HOST C/U LIC S ESS;20959462;;EXP BE2010 MS HYPER-V STE WIN P HOST C/U LIC S ESS;EXP BE2010 MS HYPER-V STE WIN P HOST C/U LIC S ESS;EXP BE2010 MS HYPER-V STE WIN P HOST C/U LIC S ESS;EXP BE2010 MS HYPER-V STE WIN P HOST C/U LIC S ESS;;;;79;;
1;3;2094;1;1482,1377;1204,99;REW BE 2010 MSFT HYPER-V WIN P HOST STD LIC D BAS;20959463;;REW BE 2010 MSFT HYPER-V WIN P HOST STD LIC D BAS;REW BE 2010 MSFT HYPER-V WIN P HOST STD LIC D BAS;REW BE 2010 MSFT HYPER-V WIN P HOST STD LIC D BAS;REW BE 2010 MSFT HYPER-V WIN P HOST STD LIC D BAS;;;;79;;
1;3;2094;1;1482,1377;1204,99;AE BE 2010 MSFT HYPER-V WIN P HOST STD LIC S BAS;20959464;;AE BE 2010 MSFT HYPER-V WIN P HOST STD LIC S BAS;AE BE 2010 MSFT HYPER-V WIN P HOST STD LIC S BAS;AE BE 2010 MSFT HYPER-V WIN P HOST STD LIC S BAS;AE BE 2010 MSFT HYPER-V WIN P HOST STD LIC S BAS;;;;79;;
1;3;2094;1;1786,3413;1452,31;REW BE 2010 MSFT HYPER-V WIN P HOST STD LIC A ESS;20959465;;REW BE 2010 MSFT HYPER-V WIN P HOST STD LIC A ESS;REW BE 2010 MSFT HYPER-V WIN P HOST STD LIC A ESS;REW BE 2010 MSFT HYPER-V WIN P HOST STD LIC A ESS;REW BE 2010 MSFT HYPER-V WIN P HOST STD LIC A ESS;;;;79;;
1;3;2094;1;1105,3149;898,63;REW BE 2010 MSFT HYPER-V WIN P HOST C/U LIC E ESS;20959466;;REW BE 2010 MSFT HYPER-V WIN P HOST C/U LIC E ESS;REW BE 2010 MSFT HYPER-V WIN P HOST C/U LIC E ESS;REW BE 2010 MSFT HYPER-V WIN P HOST C/U LIC E ESS;REW BE 2010 MSFT HYPER-V WIN P HOST C/U LIC E ESS;;;;79;;
1;3;2094;1;343,0593;278,91;EXP BE2010 MS HYPER-V STE WIN P HOST SVR ESS S;20959468;;EXP BE2010 MS HYPER-V STE WIN P HOST SVR ESS S;EXP BE2010 MS HYPER-V STE WIN P HOST SVR ESS S;EXP BE2010 MS HYPER-V STE WIN P HOST SVR ESS S;EXP BE2010 MS HYPER-V STE WIN P HOST SVR ESS S;;;;79;;
1;3;2094;1;226,074;183,8;GOV BE 2010 MSFT HYPER-V WIN PER HOST SVR BAS S;20959469;;GOV BE 2010 MSFT HYPER-V WIN PER HOST SVR BAS S;GOV BE 2010 MSFT HYPER-V WIN PER HOST SVR BAS S;GOV BE 2010 MSFT HYPER-V WIN PER HOST SVR BAS S;GOV BE 2010 MSFT HYPER-V WIN PER HOST SVR BAS S;;;;79;;
1;3;2094;1;226,074;183,8;AE BE 2010 MSFT HYPER-V WIN P HOST SVR BAS S;20959470;;AE BE 2010 MSFT HYPER-V WIN P HOST SVR BAS S;AE BE 2010 MSFT HYPER-V WIN P HOST SVR BAS S;AE BE 2010 MSFT HYPER-V WIN P HOST SVR BAS S;AE BE 2010 MSFT HYPER-V WIN P HOST SVR BAS S;;;;79;;
1;3;2094;1;288,8901;234,87;AE BE 2010 MSFT HYPER-V WIN P HOST SVR ESS S;20959471;;AE BE 2010 MSFT HYPER-V WIN P HOST SVR ESS S;AE BE 2010 MSFT HYPER-V WIN P HOST SVR ESS S;AE BE 2010 MSFT HYPER-V WIN P HOST SVR ESS S;AE BE 2010 MSFT HYPER-V WIN P HOST SVR ESS S;;;;79;;
1;3;2094;1;261,4119;212,53;REW BE 2010 MSFT HYPER-V WIN PER HOST SVR BAS A;20959472;;REW BE 2010 MSFT HYPER-V WIN PER HOST SVR BAS A;REW BE 2010 MSFT HYPER-V WIN PER HOST SVR BAS A;REW BE 2010 MSFT HYPER-V WIN PER HOST SVR BAS A;REW BE 2010 MSFT HYPER-V WIN PER HOST SVR BAS A;;;;79;;
1;3;2094;1;306,9465;249,55;REW BE 2010 MSFT HYPER-V WIN PER HOST SVR ESS C;20959473;;REW BE 2010 MSFT HYPER-V WIN PER HOST SVR ESS C;REW BE 2010 MSFT HYPER-V WIN PER HOST SVR ESS C;REW BE 2010 MSFT HYPER-V WIN PER HOST SVR ESS C;REW BE 2010 MSFT HYPER-V WIN PER HOST SVR ESS C;;;;79;;
1;3;2094;1;226,074;183,8;REW BE 2010 MSFT HYPER-V WIN PER HOST SVR BAS D;20959474;;REW BE 2010 MSFT HYPER-V WIN PER HOST SVR BAS D;REW BE 2010 MSFT HYPER-V WIN PER HOST SVR BAS D;REW BE 2010 MSFT HYPER-V WIN PER HOST SVR BAS D;REW BE 2010 MSFT HYPER-V WIN PER HOST SVR BAS D;;;;79;;
1;3;2094;1;268,4844;218,28;EXP BE2010 MS HYPER-V STE WIN P HOST SVR BAS S;20959475;;EXP BE2010 MS HYPER-V STE WIN P HOST SVR BAS S;EXP BE2010 MS HYPER-V STE WIN P HOST SVR BAS S;EXP BE2010 MS HYPER-V STE WIN P HOST SVR BAS S;EXP BE2010 MS HYPER-V STE WIN P HOST SVR BAS S;;;;79;;
1;3;2094;1;334,0311;271,57;REW BE 2010 MSFT HYPER-V WIN PER HOST SVR ESS A;20959477;;REW BE 2010 MSFT HYPER-V WIN PER HOST SVR ESS A;REW BE 2010 MSFT HYPER-V WIN PER HOST SVR ESS A;REW BE 2010 MSFT HYPER-V WIN PER HOST SVR ESS A;REW BE 2010 MSFT HYPER-V WIN PER HOST SVR ESS A;;;;79;;
1;3;2094;1;288,8901;234,87;REW BE 2010 MSFT HYPER-V WIN PER HOST SVR ESS E;20959478;;REW BE 2010 MSFT HYPER-V WIN PER HOST SVR ESS E;REW BE 2010 MSFT HYPER-V WIN PER HOST SVR ESS E;REW BE 2010 MSFT HYPER-V WIN PER HOST SVR ESS E;REW BE 2010 MSFT HYPER-V WIN PER HOST SVR ESS E;;;;79;;
1;3;2094;1;320,4888;260,56;REW BE 2010 MSFT HYPER-V WIN PER HOST SVR ESS B;20959479;;REW BE 2010 MSFT HYPER-V WIN PER HOST SVR ESS B;REW BE 2010 MSFT HYPER-V WIN PER HOST SVR ESS B;REW BE 2010 MSFT HYPER-V WIN PER HOST SVR ESS B;REW BE 2010 MSFT HYPER-V WIN PER HOST SVR ESS B;;;;79;;
1;3;2094;1;288,8901;234,87;REW BE 2010 MSFT HYPER-V WIN PER HOST SVR ESS D;20959480;;REW BE 2010 MSFT HYPER-V WIN PER HOST SVR ESS D;REW BE 2010 MSFT HYPER-V WIN PER HOST SVR ESS D;REW BE 2010 MSFT HYPER-V WIN PER HOST SVR ESS D;REW BE 2010 MSFT HYPER-V WIN PER HOST SVR ESS D;;;;79;;
1;3;2094;1;226,074;183,8;REW BE 2010 MSFT HYPER-V WIN PER HOST SVR BAS E;20959481;;REW BE 2010 MSFT HYPER-V WIN PER HOST SVR BAS E;REW BE 2010 MSFT HYPER-V WIN PER HOST SVR BAS E;REW BE 2010 MSFT HYPER-V WIN PER HOST SVR BAS E;REW BE 2010 MSFT HYPER-V WIN PER HOST SVR BAS E;;;;79;;
1;3;2094;1;240,219;195,3;REW BE 2010 MSFT HYPER-V WIN PER HOST SVR BAS C;20959482;;REW BE 2010 MSFT HYPER-V WIN PER HOST SVR BAS C;REW BE 2010 MSFT HYPER-V WIN PER HOST SVR BAS C;REW BE 2010 MSFT HYPER-V WIN PER HOST SVR BAS C;REW BE 2010 MSFT HYPER-V WIN PER HOST SVR BAS C;;;;79;;
1;3;2094;1;288,8901;234,87;GOV BE 2010 MSFT HYPER-V WIN PER HOST SVR ESS S;20959483;;GOV BE 2010 MSFT HYPER-V WIN PER HOST SVR ESS S;GOV BE 2010 MSFT HYPER-V WIN PER HOST SVR ESS S;GOV BE 2010 MSFT HYPER-V WIN PER HOST SVR ESS S;GOV BE 2010 MSFT HYPER-V WIN PER HOST SVR ESS S;;;;79;;
1;3;2094;1;250,8216;203,92;REW BE 2010 MSFT HYPER-V WIN PER HOST SVR BAS B;20959484;;REW BE 2010 MSFT HYPER-V WIN PER HOST SVR BAS B;REW BE 2010 MSFT HYPER-V WIN PER HOST SVR BAS B;REW BE 2010 MSFT HYPER-V WIN PER HOST SVR BAS B;REW BE 2010 MSFT HYPER-V WIN PER HOST SVR BAS B;;;;79;;
1;3;2094;1;220,6866;179,42;GOV CLST ONE START 5.0 WIN PER CPU T1 STD LIC S;20959492;;GOV CLST ONE START 5.0 WIN PER CPU T1 STD LIC S;GOV CLST ONE START 5.0 WIN PER CPU T1 STD LIC S;GOV CLST ONE START 5.0 WIN PER CPU T1 STD LIC S;GOV CLST ONE START 5.0 WIN PER CPU T1 STD LIC S;;;;79;;
1;3;2094;1;220,6866;179,42;AE CLST SVR ONE START 5.0 WIN PER CPU T1 STD LIC S;20959493;;AE CLST SVR ONE START 5.0 WIN PER CPU T1 STD LIC S;AE CLST SVR ONE START 5.0 WIN PER CPU T1 STD LIC S;AE CLST SVR ONE START 5.0 WIN PER CPU T1 STD LIC S;AE CLST SVR ONE START 5.0 WIN PER CPU T1 STD LIC S;;;;79;;
1;3;2094;1;209,6535;170,45;REW CLST ONE START 5.0 S64LNX P CPU T1 STD LIC C;20959497;;REW CLST ONE START 5.0 S64LNX P CPU T1 STD LIC C;REW CLST ONE START 5.0 S64LNX P CPU T1 STD LIC C;REW CLST ONE START 5.0 S64LNX P CPU T1 STD LIC C;REW CLST ONE START 5.0 S64LNX P CPU T1 STD LIC C;;;;79;;
1;3;2094;1;220,6866;179,42;GOV CLST ONE START 5.0 S64LNX P CPU T1 STD LIC S;20959498;;GOV CLST ONE START 5.0 S64LNX P CPU T1 STD LIC S;GOV CLST ONE START 5.0 S64LNX P CPU T1 STD LIC S;GOV CLST ONE START 5.0 S64LNX P CPU T1 STD LIC S;GOV CLST ONE START 5.0 S64LNX P CPU T1 STD LIC S;;;;79;;
1;3;2094;1;220,6866;179,42;AE CLST SVR ONE START 5.0 S64LNX P CPU T1 STD LIC S;20959499;;AE CLST SVR ONE START 5.0 S64LNX P CPU T1 STD LIC S;AE CLST SVR ONE START 5.0 S64LNX P CPU T1 STD LIC S;AE CLST SVR ONE START 5.0 S64LNX P CPU T1 STD LIC S;AE CLST SVR ONE START 5.0 S64LNX P CPU T1 STD LIC S;;;;79;;
1;3;2094;1;48,5973;39,51;REW CLST ONE START 5.0 S64LNX PER CPU T1 BAS E;20959500;;REW CLST ONE START 5.0 S64LNX PER CPU T1 BAS E;REW CLST ONE START 5.0 S64LNX PER CPU T1 BAS E;REW CLST ONE START 5.0 S64LNX PER CPU T1 BAS E;REW CLST ONE START 5.0 S64LNX PER CPU T1 BAS E;;;;79;;
1;3;2094;1;67,1211;54,57;AE CLST SVR ONE START 5.0 S64LNX PER CPU T1 ESS S;20959501;;AE CLST SVR ONE START 5.0 S64LNX PER CPU T1 ESS S;AE CLST SVR ONE START 5.0 S64LNX PER CPU T1 ESS S;AE CLST SVR ONE START 5.0 S64LNX PER CPU T1 ESS S;AE CLST SVR ONE START 5.0 S64LNX PER CPU T1 ESS S;;;;79;;
1;3;2094;1;209,6535;170,45;REW CLST ONE START 5.0 WIN PER CPU T1 STD LIC C;20959508;;REW CLST ONE START 5.0 WIN PER CPU T1 STD LIC C;REW CLST ONE START 5.0 WIN PER CPU T1 STD LIC C;REW CLST ONE START 5.0 WIN PER CPU T1 STD LIC C;REW CLST ONE START 5.0 WIN PER CPU T1 STD LIC C;;;;79;;
1;3;2094;1;52,5333;42,71;GOV CLST ONE START 5.0 WIN PER CPU T1 BAS S;20959510;;GOV CLST ONE START 5.0 WIN PER CPU T1 BAS S;GOV CLST ONE START 5.0 WIN PER CPU T1 BAS S;GOV CLST ONE START 5.0 WIN PER CPU T1 BAS S;GOV CLST ONE START 5.0 WIN PER CPU T1 BAS S;;;;79;;
1;3;2094;1;67,1211;54,57;REW CLST ONE START 5.0 WIN PER CPU T1 ESS A;20959511;;REW CLST ONE START 5.0 WIN PER CPU T1 ESS A;REW CLST ONE START 5.0 WIN PER CPU T1 ESS A;REW CLST ONE START 5.0 WIN PER CPU T1 ESS A;REW CLST ONE START 5.0 WIN PER CPU T1 ESS A;;;;79;;
1;3;2094;1;52,5333;42,71;AE CLST SVR ONE START 5.0 S64LNX PER CPU T1 BAS S;20959514;;AE CLST SVR ONE START 5.0 S64LNX PER CPU T1 BAS S;AE CLST SVR ONE START 5.0 S64LNX PER CPU T1 BAS S;AE CLST SVR ONE START 5.0 S64LNX PER CPU T1 BAS S;AE CLST SVR ONE START 5.0 S64LNX PER CPU T1 BAS S;;;;79;;
1;3;2094;1;265,68;216;REW CLST ONE START 5.0 WIN PER CPU T2 STD LIC E;20959518;;REW CLST ONE START 5.0 WIN PER CPU T2 STD LIC E;REW CLST ONE START 5.0 WIN PER CPU T2 STD LIC E;REW CLST ONE START 5.0 WIN PER CPU T2 STD LIC E;REW CLST ONE START 5.0 WIN PER CPU T2 STD LIC E;;;;79;;
1;3;2094;1;287,2296;233,52;EXP CLST SVR ONE START 5.0 WIN CPU T2 STD LIC S;20959519;;EXP CLST SVR ONE START 5.0 WIN CPU T2 STD LIC S;EXP CLST SVR ONE START 5.0 WIN CPU T2 STD LIC S;EXP CLST SVR ONE START 5.0 WIN CPU T2 STD LIC S;EXP CLST SVR ONE START 5.0 WIN CPU T2 STD LIC S;;;;79;;
1;3;2094;1;287,2296;233,52;REW CLST ONE START 5.0 S64LNX P CPU T2 STD LIC B;20959523;;REW CLST ONE START 5.0 S64LNX P CPU T2 STD LIC B;REW CLST ONE START 5.0 S64LNX P CPU T2 STD LIC B;REW CLST ONE START 5.0 S64LNX P CPU T2 STD LIC B;REW CLST ONE START 5.0 S64LNX P CPU T2 STD LIC B;;;;79;;
1;3;2094;1;272,8632;221,84;REW CLST ONE START 5.0 S64LNX P CPU T2 STD LIC C;20959524;;REW CLST ONE START 5.0 S64LNX P CPU T2 STD LIC C;REW CLST ONE START 5.0 S64LNX P CPU T2 STD LIC C;REW CLST ONE START 5.0 S64LNX P CPU T2 STD LIC C;REW CLST ONE START 5.0 S64LNX P CPU T2 STD LIC C;;;;79;;
1;3;2094;1;265,68;216;REW CLST ONE START 5.0 S64LNX P CPU T2 STD LIC E;20959525;;REW CLST ONE START 5.0 S64LNX P CPU T2 STD LIC E;REW CLST ONE START 5.0 S64LNX P CPU T2 STD LIC E;REW CLST ONE START 5.0 S64LNX P CPU T2 STD LIC E;REW CLST ONE START 5.0 S64LNX P CPU T2 STD LIC E;;;;79;;
1;3;2094;1;287,2296;233,52;GOV CLST ONE START 5.0 S64LNX P CPU T2 STD LIC S;20959527;;GOV CLST ONE START 5.0 S64LNX P CPU T2 STD LIC S;GOV CLST ONE START 5.0 S64LNX P CPU T2 STD LIC S;GOV CLST ONE START 5.0 S64LNX P CPU T2 STD LIC S;GOV CLST ONE START 5.0 S64LNX P CPU T2 STD LIC S;;;;79;;
1;3;2094;1;68,388;55,6;GOV CLST ONE START 5.0 S64LNX PER CPU T2 BAS S;20959528;;GOV CLST ONE START 5.0 S64LNX PER CPU T2 BAS S;GOV CLST ONE START 5.0 S64LNX PER CPU T2 BAS S;GOV CLST ONE START 5.0 S64LNX PER CPU T2 BAS S;GOV CLST ONE START 5.0 S64LNX PER CPU T2 BAS S;;;;79;;
1;3;2094;1;87,3669;71,03;REW CLST ONE START 5.0 S64LNX PER CPU T2 ESS B;20959529;;REW CLST ONE START 5.0 S64LNX PER CPU T2 ESS B;REW CLST ONE START 5.0 S64LNX PER CPU T2 ESS B;REW CLST ONE START 5.0 S64LNX PER CPU T2 ESS B;REW CLST ONE START 5.0 S64LNX PER CPU T2 ESS B;;;;79;;
1;3;2094;1;95,817;77,9;REW CLST ONE START 5.0 WIN PER CPU T3 ESS C;20959535;;REW CLST ONE START 5.0 WIN PER CPU T3 ESS C;REW CLST ONE START 5.0 WIN PER CPU T3 ESS C;REW CLST ONE START 5.0 WIN PER CPU T3 ESS C;REW CLST ONE START 5.0 WIN PER CPU T3 ESS C;;;;79;;
1;3;2094;1;331,5834;269,58;REW CLST ONE START 5.0 S64LNX P CPU T3 STD LIC A;20959540;;REW CLST ONE START 5.0 S64LNX P CPU T3 STD LIC A;REW CLST ONE START 5.0 S64LNX P CPU T3 STD LIC A;REW CLST ONE START 5.0 S64LNX P CPU T3 STD LIC A;REW CLST ONE START 5.0 S64LNX P CPU T3 STD LIC A;;;;79;;
1;3;2094;1;331,5834;269,58;REW CLST ONE START 5.0 S64LNX P CPU T3 STD LIC B;20959541;;REW CLST ONE START 5.0 S64LNX P CPU T3 STD LIC B;REW CLST ONE START 5.0 S64LNX P CPU T3 STD LIC B;REW CLST ONE START 5.0 S64LNX P CPU T3 STD LIC B;REW CLST ONE START 5.0 S64LNX P CPU T3 STD LIC B;;;;79;;
1;3;2094;1;78,9414;64,18;REW CLST ONE START 5.0 S64LNX PER CPU T3 BAS B;20959542;;REW CLST ONE START 5.0 S64LNX PER CPU T3 BAS B;REW CLST ONE START 5.0 S64LNX PER CPU T3 BAS B;REW CLST ONE START 5.0 S64LNX PER CPU T3 BAS B;REW CLST ONE START 5.0 S64LNX PER CPU T3 BAS B;;;;79;;
1;3;2094;1;93,3078;75,86;REW CLST ONE START 5.0 S64LNX PER CPU T3 ESS E;20959544;;REW CLST ONE START 5.0 S64LNX PER CPU T3 ESS E;REW CLST ONE START 5.0 S64LNX PER CPU T3 ESS E;REW CLST ONE START 5.0 S64LNX PER CPU T3 ESS E;REW CLST ONE START 5.0 S64LNX PER CPU T3 ESS E;;;;79;;
1;3;2094;1;204,1308;165,96;REW CLST ONE START 5.0 WIN PER CPU T1 STD LIC E;20959546;;REW CLST ONE START 5.0 WIN PER CPU T1 STD LIC E;REW CLST ONE START 5.0 WIN PER CPU T1 STD LIC E;REW CLST ONE START 5.0 WIN PER CPU T1 STD LIC E;REW CLST ONE START 5.0 WIN PER CPU T1 STD LIC E;;;;79;;
1;3;2094;1;49,9134;40,58;REW CLST ONE START 5.0 WIN PER CPU T1 BAS D;20959547;;REW CLST ONE START 5.0 WIN PER CPU T1 BAS D;REW CLST ONE START 5.0 WIN PER CPU T1 BAS D;REW CLST ONE START 5.0 WIN PER CPU T1 BAS D;REW CLST ONE START 5.0 WIN PER CPU T1 BAS D;;;;79;;
1;3;2094;1;52,5333;42,71;AE CLST SVR ONE START 5.0 WIN PER CPU T1 BAS S;20959548;;AE CLST SVR ONE START 5.0 WIN PER CPU T1 BAS S;AE CLST SVR ONE START 5.0 WIN PER CPU T1 BAS S;AE CLST SVR ONE START 5.0 WIN PER CPU T1 BAS S;AE CLST SVR ONE START 5.0 WIN PER CPU T1 BAS S;;;;79;;
1;3;2094;1;63,7755;51,85;REW CLST ONE START 5.0 WIN PER CPU T1 ESS C;20959549;;REW CLST ONE START 5.0 WIN PER CPU T1 ESS C;REW CLST ONE START 5.0 WIN PER CPU T1 ESS C;REW CLST ONE START 5.0 WIN PER CPU T1 ESS C;REW CLST ONE START 5.0 WIN PER CPU T1 ESS C;;;;79;;
1;3;2094;1;52,5333;42,71;REW CLST ONE START 5.0 S64LNX PER CPU T1 BAS A;20959550;;REW CLST ONE START 5.0 S64LNX PER CPU T1 BAS A;REW CLST ONE START 5.0 S64LNX PER CPU T1 BAS A;REW CLST ONE START 5.0 S64LNX PER CPU T1 BAS A;REW CLST ONE START 5.0 S64LNX PER CPU T1 BAS A;;;;79;;
1;3;2094;1;52,5333;42,71;GOV CLST ONE START 5.0 S64LNX PER CPU T1 BAS S;20959551;;GOV CLST ONE START 5.0 S64LNX PER CPU T1 BAS S;GOV CLST ONE START 5.0 S64LNX PER CPU T1 BAS S;GOV CLST ONE START 5.0 S64LNX PER CPU T1 BAS S;GOV CLST ONE START 5.0 S64LNX PER CPU T1 BAS S;;;;79;;
1;3;2094;1;67,1211;54,57;GOV CLST ONE START 5.0 S64LNX PER CPU T1 ESS S;20959552;;GOV CLST ONE START 5.0 S64LNX PER CPU T1 ESS S;GOV CLST ONE START 5.0 S64LNX PER CPU T1 ESS S;GOV CLST ONE START 5.0 S64LNX PER CPU T1 ESS S;GOV CLST ONE START 5.0 S64LNX PER CPU T1 ESS S;;;;79;;
1;3;2094;1;80,8233;65,71;REW CLST ONE START 5.0 WIN PER CPU T2 ESS E;20959555;;REW CLST ONE START 5.0 WIN PER CPU T2 ESS E;REW CLST ONE START 5.0 WIN PER CPU T2 ESS E;REW CLST ONE START 5.0 WIN PER CPU T2 ESS E;REW CLST ONE START 5.0 WIN PER CPU T2 ESS E;;;;79;;
1;3;2094;1;64,9563;52,81;REW CLST ONE START 5.0 S64LNX PER CPU T2 BAS D;20959559;;REW CLST ONE START 5.0 S64LNX PER CPU T2 BAS D;REW CLST ONE START 5.0 S64LNX PER CPU T2 BAS D;REW CLST ONE START 5.0 S64LNX PER CPU T2 BAS D;REW CLST ONE START 5.0 S64LNX PER CPU T2 BAS D;;;;79;;
1;3;2094;1;100,8723;82,01;REW CLST ONE START 5.0 WIN PER CPU T3 ESS A;20959560;;REW CLST ONE START 5.0 WIN PER CPU T3 ESS A;REW CLST ONE START 5.0 WIN PER CPU T3 ESS A;REW CLST ONE START 5.0 WIN PER CPU T3 ESS A;REW CLST ONE START 5.0 WIN PER CPU T3 ESS A;;;;79;;
1;3;2094;1;331,5834;269,58;GOV CLST ONE START 5.0 S64LNX P CPU T3 STD LIC S;20959562;;GOV CLST ONE START 5.0 S64LNX P CPU T3 STD LIC S;GOV CLST ONE START 5.0 S64LNX P CPU T3 STD LIC S;GOV CLST ONE START 5.0 S64LNX P CPU T3 STD LIC S;GOV CLST ONE START 5.0 S64LNX P CPU T3 STD LIC S;;;;79;;
1;3;2094;1;78,9414;64,18;GOV CLST ONE START 5.0 S64LNX PER CPU T3 BAS S;20959563;;GOV CLST ONE START 5.0 S64LNX PER CPU T3 BAS S;GOV CLST ONE START 5.0 S64LNX PER CPU T3 BAS S;GOV CLST ONE START 5.0 S64LNX PER CPU T3 BAS S;GOV CLST ONE START 5.0 S64LNX PER CPU T3 BAS S;;;;79;;
1;3;2094;1;220,6866;179,42;EXP CLST SVR ONE START 5.0 WIN CPU T1 STD LIC S;20959566;;EXP CLST SVR ONE START 5.0 WIN CPU T1 STD LIC S;EXP CLST SVR ONE START 5.0 WIN CPU T1 STD LIC S;EXP CLST SVR ONE START 5.0 WIN CPU T1 STD LIC S;EXP CLST SVR ONE START 5.0 WIN CPU T1 STD LIC S;;;;79;;
1;3;2094;1;49,9134;40,58;REW CLST ONE START 5.0 WIN PER CPU T1 BAS C;20959567;;REW CLST ONE START 5.0 WIN PER CPU T1 BAS C;REW CLST ONE START 5.0 WIN PER CPU T1 BAS C;REW CLST ONE START 5.0 WIN PER CPU T1 BAS C;REW CLST ONE START 5.0 WIN PER CPU T1 BAS C;;;;79;;
1;3;2094;1;67,1211;54,57;EXP CLST SVR ONE START 5.0 WIN PER CPU T1 ESS S;20959568;;EXP CLST SVR ONE START 5.0 WIN PER CPU T1 ESS S;EXP CLST SVR ONE START 5.0 WIN PER CPU T1 ESS S;EXP CLST SVR ONE START 5.0 WIN PER CPU T1 ESS S;EXP CLST SVR ONE START 5.0 WIN PER CPU T1 ESS S;;;;79;;
1;3;2094;1;52,5333;42,71;REW CLST ONE START 5.0 S64LNX PER CPU T1 BAS B;20959573;;REW CLST ONE START 5.0 S64LNX PER CPU T1 BAS B;REW CLST ONE START 5.0 S64LNX PER CPU T1 BAS B;REW CLST ONE START 5.0 S64LNX PER CPU T1 BAS B;REW CLST ONE START 5.0 S64LNX PER CPU T1 BAS B;;;;79;;
1;3;2094;1;67,1211;54,57;EXP CLST SVR ONE START 5.0 S64LNX CPU T1 ESS S;20959575;;EXP CLST SVR ONE START 5.0 S64LNX CPU T1 ESS S;EXP CLST SVR ONE START 5.0 S64LNX CPU T1 ESS S;EXP CLST SVR ONE START 5.0 S64LNX CPU T1 ESS S;EXP CLST SVR ONE START 5.0 S64LNX CPU T1 ESS S;;;;79;;
1;3;2094;1;63,2466;51,42;REW CLST ONE START 5.0 WIN PER CPU T2 BAS E;20959578;;REW CLST ONE START 5.0 WIN PER CPU T2 BAS E;REW CLST ONE START 5.0 WIN PER CPU T2 BAS E;REW CLST ONE START 5.0 WIN PER CPU T2 BAS E;REW CLST ONE START 5.0 WIN PER CPU T2 BAS E;;;;79;;
1;3;2094;1;83,0127;67,49;REW CLST ONE START 5.0 WIN PER CPU T2 ESS D;20959579;;REW CLST ONE START 5.0 WIN PER CPU T2 ESS D;REW CLST ONE START 5.0 WIN PER CPU T2 ESS D;REW CLST ONE START 5.0 WIN PER CPU T2 ESS D;REW CLST ONE START 5.0 WIN PER CPU T2 ESS D;;;;79;;
1;3;2094;1;87,3669;71,03;GOV CLST ONE START 5.0 WIN PER CPU T2 ESS S;20959580;;GOV CLST ONE START 5.0 WIN PER CPU T2 ESS S;GOV CLST ONE START 5.0 WIN PER CPU T2 ESS S;GOV CLST ONE START 5.0 WIN PER CPU T2 ESS S;GOV CLST ONE START 5.0 WIN PER CPU T2 ESS S;;;;79;;
1;3;2094;1;287,2296;233,52;REW CLST ONE START 5.0 S64LNX P CPU T2 STD LIC A;20959584;;REW CLST ONE START 5.0 S64LNX P CPU T2 STD LIC A;REW CLST ONE START 5.0 S64LNX P CPU T2 STD LIC A;REW CLST ONE START 5.0 S64LNX P CPU T2 STD LIC A;REW CLST ONE START 5.0 S64LNX P CPU T2 STD LIC A;;;;79;;
1;3;2094;1;272,8632;221,84;REW CLST ONE START 5.0 S64LNX P CPU T2 STD LIC D;20959585;;REW CLST ONE START 5.0 S64LNX P CPU T2 STD LIC D;REW CLST ONE START 5.0 S64LNX P CPU T2 STD LIC D;REW CLST ONE START 5.0 S64LNX P CPU T2 STD LIC D;REW CLST ONE START 5.0 S64LNX P CPU T2 STD LIC D;;;;79;;
1;3;2094;1;68,388;55,6;REW CLST ONE START 5.0 S64LNX PER CPU T2 BAS A;20959586;;REW CLST ONE START 5.0 S64LNX PER CPU T2 BAS A;REW CLST ONE START 5.0 S64LNX PER CPU T2 BAS A;REW CLST ONE START 5.0 S64LNX PER CPU T2 BAS A;REW CLST ONE START 5.0 S64LNX PER CPU T2 BAS A;;;;79;;
1;3;2094;1;87,3669;71,03;GOV CLST ONE START 5.0 S64LNX PER CPU T2 ESS S;20959588;;GOV CLST ONE START 5.0 S64LNX PER CPU T2 ESS S;GOV CLST ONE START 5.0 S64LNX PER CPU T2 ESS S;GOV CLST ONE START 5.0 S64LNX PER CPU T2 ESS S;GOV CLST ONE START 5.0 S64LNX PER CPU T2 ESS S;;;;79;;
1;3;2094;1;87,3669;71,03;EXP CLST SVR ONE START 5.0 S64LNX CPU T2 ESS S;20959589;;EXP CLST SVR ONE START 5.0 S64LNX CPU T2 ESS S;EXP CLST SVR ONE START 5.0 S64LNX CPU T2 ESS S;EXP CLST SVR ONE START 5.0 S64LNX CPU T2 ESS S;EXP CLST SVR ONE START 5.0 S64LNX CPU T2 ESS S;;;;79;;
1;3;2094;1;331,5834;269,58;REW CLST ONE START 5.0 WIN PER CPU T3 STD LIC A;20959593;;REW CLST ONE START 5.0 WIN PER CPU T3 STD LIC A;REW CLST ONE START 5.0 WIN PER CPU T3 STD LIC A;REW CLST ONE START 5.0 WIN PER CPU T3 STD LIC A;REW CLST ONE START 5.0 WIN PER CPU T3 STD LIC A;;;;79;;
1;3;2094;1;331,5834;269,58;GOV CLST ONE START 5.0 WIN PER CPU T3 STD LIC S;20959595;;GOV CLST ONE START 5.0 WIN PER CPU T3 STD LIC S;GOV CLST ONE START 5.0 WIN PER CPU T3 STD LIC S;GOV CLST ONE START 5.0 WIN PER CPU T3 STD LIC S;GOV CLST ONE START 5.0 WIN PER CPU T3 STD LIC S;;;;79;;
1;3;2094;1;78,9414;64,18;REW CLST ONE START 5.0 WIN PER CPU T3 BAS B;20959596;;REW CLST ONE START 5.0 WIN PER CPU T3 BAS B;REW CLST ONE START 5.0 WIN PER CPU T3 BAS B;REW CLST ONE START 5.0 WIN PER CPU T3 BAS B;REW CLST ONE START 5.0 WIN PER CPU T3 BAS B;;;;79;;
1;3;2094;1;93,3078;75,86;REW CLST ONE START 5.0 WIN PER CPU T3 ESS E;20959598;;REW CLST ONE START 5.0 WIN PER CPU T3 ESS E;REW CLST ONE START 5.0 WIN PER CPU T3 ESS E;REW CLST ONE START 5.0 WIN PER CPU T3 ESS E;REW CLST ONE START 5.0 WIN PER CPU T3 ESS E;;;;79;;
1;3;2094;1;100,8723;82,01;GOV CLST ONE START 5.0 WIN PER CPU T3 ESS S;20959599;;GOV CLST ONE START 5.0 WIN PER CPU T3 ESS S;GOV CLST ONE START 5.0 WIN PER CPU T3 ESS S;GOV CLST ONE START 5.0 WIN PER CPU T3 ESS S;GOV CLST ONE START 5.0 WIN PER CPU T3 ESS S;;;;79;;
1;3;2094;1;331,5834;269,58;EXP CLST SVR ONE START 5.0 S64LNX CPU T3 LIC S;20959603;;EXP CLST SVR ONE START 5.0 S64LNX CPU T3 LIC S;EXP CLST SVR ONE START 5.0 S64LNX CPU T3 LIC S;EXP CLST SVR ONE START 5.0 S64LNX CPU T3 LIC S;EXP CLST SVR ONE START 5.0 S64LNX CPU T3 LIC S;;;;79;;
1;3;2094;1;74,9931;60,97;REW CLST ONE START 5.0 S64LNX PER CPU T3 BAS C;20959604;;REW CLST ONE START 5.0 S64LNX PER CPU T3 BAS C;REW CLST ONE START 5.0 S64LNX PER CPU T3 BAS C;REW CLST ONE START 5.0 S64LNX PER CPU T3 BAS C;REW CLST ONE START 5.0 S64LNX PER CPU T3 BAS C;;;;79;;
1;3;2094;1;100,8723;82,01;REW CLST ONE START 5.0 S64LNX PER CPU T3 ESS B;20959605;;REW CLST ONE START 5.0 S64LNX PER CPU T3 ESS B;REW CLST ONE START 5.0 S64LNX PER CPU T3 ESS B;REW CLST ONE START 5.0 S64LNX PER CPU T3 ESS B;REW CLST ONE START 5.0 S64LNX PER CPU T3 ESS B;;;;79;;
1;3;2094;1;95,817;77,9;REW CLST ONE START 5.0 S64LNX PER CPU T3 ESS D;20959606;;REW CLST ONE START 5.0 S64LNX PER CPU T3 ESS D;REW CLST ONE START 5.0 S64LNX PER CPU T3 ESS D;REW CLST ONE START 5.0 S64LNX PER CPU T3 ESS D;REW CLST ONE START 5.0 S64LNX PER CPU T3 ESS D;;;;79;;
1;3;2094;1;220,6866;179,42;REW CLST ONE START 5.0 WIN PER CPU T1 STD LIC A;20959610;;REW CLST ONE START 5.0 WIN PER CPU T1 STD LIC A;REW CLST ONE START 5.0 WIN PER CPU T1 STD LIC A;REW CLST ONE START 5.0 WIN PER CPU T1 STD LIC A;REW CLST ONE START 5.0 WIN PER CPU T1 STD LIC A;;;;79;;
1;3;2094;1;220,6866;179,42;REW CLST ONE START 5.0 WIN PER CPU T1 STD LIC B;20959611;;REW CLST ONE START 5.0 WIN PER CPU T1 STD LIC B;REW CLST ONE START 5.0 WIN PER CPU T1 STD LIC B;REW CLST ONE START 5.0 WIN PER CPU T1 STD LIC B;REW CLST ONE START 5.0 WIN PER CPU T1 STD LIC B;;;;79;;
1;3;2094;1;209,6535;170,45;REW CLST ONE START 5.0 WIN PER CPU T1 STD LIC D;20959612;;REW CLST ONE START 5.0 WIN PER CPU T1 STD LIC D;REW CLST ONE START 5.0 WIN PER CPU T1 STD LIC D;REW CLST ONE START 5.0 WIN PER CPU T1 STD LIC D;REW CLST ONE START 5.0 WIN PER CPU T1 STD LIC D;;;;79;;
1;3;2094;1;48,5973;39,51;REW CLST ONE START 5.0 WIN PER CPU T1 BAS E;20959613;;REW CLST ONE START 5.0 WIN PER CPU T1 BAS E;REW CLST ONE START 5.0 WIN PER CPU T1 BAS E;REW CLST ONE START 5.0 WIN PER CPU T1 BAS E;REW CLST ONE START 5.0 WIN PER CPU T1 BAS E;;;;79;;
1;3;2094;1;67,1211;54,57;REW CLST ONE START 5.0 WIN PER CPU T1 ESS B;20959614;;REW CLST ONE START 5.0 WIN PER CPU T1 ESS B;REW CLST ONE START 5.0 WIN PER CPU T1 ESS B;REW CLST ONE START 5.0 WIN PER CPU T1 ESS B;REW CLST ONE START 5.0 WIN PER CPU T1 ESS B;;;;79;;
1;3;2094;1;63,7755;51,85;REW CLST ONE START 5.0 WIN PER CPU T1 ESS D;20959615;;REW CLST ONE START 5.0 WIN PER CPU T1 ESS D;REW CLST ONE START 5.0 WIN PER CPU T1 ESS D;REW CLST ONE START 5.0 WIN PER CPU T1 ESS D;REW CLST ONE START 5.0 WIN PER CPU T1 ESS D;;;;79;;
1;3;2094;1;62,0781;50,47;REW CLST ONE START 5.0 WIN PER CPU T1 ESS E;20959616;;REW CLST ONE START 5.0 WIN PER CPU T1 ESS E;REW CLST ONE START 5.0 WIN PER CPU T1 ESS E;REW CLST ONE START 5.0 WIN PER CPU T1 ESS E;REW CLST ONE START 5.0 WIN PER CPU T1 ESS E;;;;79;;
1;3;2094;1;67,1211;54,57;REW CLST ONE START 5.0 S64LNX PER CPU T1 ESS B;20959622;;REW CLST ONE START 5.0 S64LNX PER CPU T1 ESS B;REW CLST ONE START 5.0 S64LNX PER CPU T1 ESS B;REW CLST ONE START 5.0 S64LNX PER CPU T1 ESS B;REW CLST ONE START 5.0 S64LNX PER CPU T1 ESS B;;;;79;;
1;3;2094;1;62,0781;50,47;REW CLST ONE START 5.0 S64LNX PER CPU T1 ESS E;20959623;;REW CLST ONE START 5.0 S64LNX PER CPU T1 ESS E;REW CLST ONE START 5.0 S64LNX PER CPU T1 ESS E;REW CLST ONE START 5.0 S64LNX PER CPU T1 ESS E;REW CLST ONE START 5.0 S64LNX PER CPU T1 ESS E;;;;79;;
1;3;2094;1;87,3669;71,03;REW CLST ONE START 5.0 WIN PER CPU T2 ESS A;20959626;;REW CLST ONE START 5.0 WIN PER CPU T2 ESS A;REW CLST ONE START 5.0 WIN PER CPU T2 ESS A;REW CLST ONE START 5.0 WIN PER CPU T2 ESS A;REW CLST ONE START 5.0 WIN PER CPU T2 ESS A;;;;79;;
1;3;2094;1;87,3669;71,03;REW CLST ONE START 5.0 WIN PER CPU T2 ESS B;20959627;;REW CLST ONE START 5.0 WIN PER CPU T2 ESS B;REW CLST ONE START 5.0 WIN PER CPU T2 ESS B;REW CLST ONE START 5.0 WIN PER CPU T2 ESS B;REW CLST ONE START 5.0 WIN PER CPU T2 ESS B;;;;79;;
1;3;2094;1;83,0127;67,49;REW CLST ONE START 5.0 WIN PER CPU T2 ESS C;20959628;;REW CLST ONE START 5.0 WIN PER CPU T2 ESS C;REW CLST ONE START 5.0 WIN PER CPU T2 ESS C;REW CLST ONE START 5.0 WIN PER CPU T2 ESS C;REW CLST ONE START 5.0 WIN PER CPU T2 ESS C;;;;79;;
1;3;2094;1;87,3669;71,03;EXP CLST SVR ONE START 5.0 WIN PER CPU T2 ESS S;20959629;;EXP CLST SVR ONE START 5.0 WIN PER CPU T2 ESS S;EXP CLST SVR ONE START 5.0 WIN PER CPU T2 ESS S;EXP CLST SVR ONE START 5.0 WIN PER CPU T2 ESS S;EXP CLST SVR ONE START 5.0 WIN PER CPU T2 ESS S;;;;79;;
1;3;2094;1;87,3669;71,03;AE CLST SVR ONE START 5.0 WIN PER CPU T2 ESS S;20959630;;AE CLST SVR ONE START 5.0 WIN PER CPU T2 ESS S;AE CLST SVR ONE START 5.0 WIN PER CPU T2 ESS S;AE CLST SVR ONE START 5.0 WIN PER CPU T2 ESS S;AE CLST SVR ONE START 5.0 WIN PER CPU T2 ESS S;;;;79;;
1;3;2094;1;68,388;55,6;REW CLST ONE START 5.0 S64LNX PER CPU T2 BAS B;20959632;;REW CLST ONE START 5.0 S64LNX PER CPU T2 BAS B;REW CLST ONE START 5.0 S64LNX PER CPU T2 BAS B;REW CLST ONE START 5.0 S64LNX PER CPU T2 BAS B;REW CLST ONE START 5.0 S64LNX PER CPU T2 BAS B;;;;79;;
1;3;2094;1;64,9563;52,81;REW CLST ONE START 5.0 S64LNX PER CPU T2 BAS C;20959633;;REW CLST ONE START 5.0 S64LNX PER CPU T2 BAS C;REW CLST ONE START 5.0 S64LNX PER CPU T2 BAS C;REW CLST ONE START 5.0 S64LNX PER CPU T2 BAS C;REW CLST ONE START 5.0 S64LNX PER CPU T2 BAS C;;;;79;;
1;3;2094;1;68,388;55,6;EXP CLST SVR ONE START 5.0 S64LNX CPU T2 BAS S;20959634;;EXP CLST SVR ONE START 5.0 S64LNX CPU T2 BAS S;EXP CLST SVR ONE START 5.0 S64LNX CPU T2 BAS S;EXP CLST SVR ONE START 5.0 S64LNX CPU T2 BAS S;EXP CLST SVR ONE START 5.0 S64LNX CPU T2 BAS S;;;;79;;
1;3;2094;1;331,5834;269,58;REW CLST ONE START 5.0 WIN PER CPU T3 STD LIC B;20959637;;REW CLST ONE START 5.0 WIN PER CPU T3 STD LIC B;REW CLST ONE START 5.0 WIN PER CPU T3 STD LIC B;REW CLST ONE START 5.0 WIN PER CPU T3 STD LIC B;REW CLST ONE START 5.0 WIN PER CPU T3 STD LIC B;;;;79;;
1;3;2094;1;315,003;256,1;REW CLST ONE START 5.0 WIN PER CPU T3 STD LIC D;20959638;;REW CLST ONE START 5.0 WIN PER CPU T3 STD LIC D;REW CLST ONE START 5.0 WIN PER CPU T3 STD LIC D;REW CLST ONE START 5.0 WIN PER CPU T3 STD LIC D;REW CLST ONE START 5.0 WIN PER CPU T3 STD LIC D;;;;79;;
1;3;2094;1;315,003;256,1;REW CLST ONE START 5.0 S64LNX P CPU T3 STD LIC C;20959641;;REW CLST ONE START 5.0 S64LNX P CPU T3 STD LIC C;REW CLST ONE START 5.0 S64LNX P CPU T3 STD LIC C;REW CLST ONE START 5.0 S64LNX P CPU T3 STD LIC C;REW CLST ONE START 5.0 S64LNX P CPU T3 STD LIC C;;;;79;;
1;3;2094;1;78,9414;64,18;AE CLST SVR ONE START 5.0 S64LNX PER CPU T3 BAS S;20959642;;AE CLST SVR ONE START 5.0 S64LNX PER CPU T3 BAS S;AE CLST SVR ONE START 5.0 S64LNX PER CPU T3 BAS S;AE CLST SVR ONE START 5.0 S64LNX PER CPU T3 BAS S;AE CLST SVR ONE START 5.0 S64LNX PER CPU T3 BAS S;;;;79;;
1;3;2094;1;52,5333;42,71;EXP CLST SVR ONE START 5.0 WIN PER CPU T1 BAS S;20959644;;EXP CLST SVR ONE START 5.0 WIN PER CPU T1 BAS S;EXP CLST SVR ONE START 5.0 WIN PER CPU T1 BAS S;EXP CLST SVR ONE START 5.0 WIN PER CPU T1 BAS S;EXP CLST SVR ONE START 5.0 WIN PER CPU T1 BAS S;;;;79;;
1;3;2094;1;204,1308;165,96;REW CLST ONE START 5.0 S64LNX P CPU T1 STD LIC E;20959645;;REW CLST ONE START 5.0 S64LNX P CPU T1 STD LIC E;REW CLST ONE START 5.0 S64LNX P CPU T1 STD LIC E;REW CLST ONE START 5.0 S64LNX P CPU T1 STD LIC E;REW CLST ONE START 5.0 S64LNX P CPU T1 STD LIC E;;;;79;;
1;3;2094;1;272,8632;221,84;REW CLST ONE START 5.0 WIN PER CPU T2 STD LIC C;20959647;;REW CLST ONE START 5.0 WIN PER CPU T2 STD LIC C;REW CLST ONE START 5.0 WIN PER CPU T2 STD LIC C;REW CLST ONE START 5.0 WIN PER CPU T2 STD LIC C;REW CLST ONE START 5.0 WIN PER CPU T2 STD LIC C;;;;79;;
1;3;2094;1;287,2296;233,52;GOV CLST ONE START 5.0 WIN PER CPU T2 STD LIC S;20959648;;GOV CLST ONE START 5.0 WIN PER CPU T2 STD LIC S;GOV CLST ONE START 5.0 WIN PER CPU T2 STD LIC S;GOV CLST ONE START 5.0 WIN PER CPU T2 STD LIC S;GOV CLST ONE START 5.0 WIN PER CPU T2 STD LIC S;;;;79;;
1;3;2094;1;68,388;55,6;REW CLST ONE START 5.0 WIN PER CPU T2 BAS A;20959649;;REW CLST ONE START 5.0 WIN PER CPU T2 BAS A;REW CLST ONE START 5.0 WIN PER CPU T2 BAS A;REW CLST ONE START 5.0 WIN PER CPU T2 BAS A;REW CLST ONE START 5.0 WIN PER CPU T2 BAS A;;;;79;;
1;3;2094;1;68,388;55,6;REW CLST ONE START 5.0 WIN PER CPU T2 BAS B;20959650;;REW CLST ONE START 5.0 WIN PER CPU T2 BAS B;REW CLST ONE START 5.0 WIN PER CPU T2 BAS B;REW CLST ONE START 5.0 WIN PER CPU T2 BAS B;REW CLST ONE START 5.0 WIN PER CPU T2 BAS B;;;;79;;
1;3;2094;1;64,9563;52,81;REW CLST ONE START 5.0 WIN PER CPU T2 BAS C;20959651;;REW CLST ONE START 5.0 WIN PER CPU T2 BAS C;REW CLST ONE START 5.0 WIN PER CPU T2 BAS C;REW CLST ONE START 5.0 WIN PER CPU T2 BAS C;REW CLST ONE START 5.0 WIN PER CPU T2 BAS C;;;;79;;
1;3;2094;1;64,9563;52,81;REW CLST ONE START 5.0 WIN PER CPU T2 BAS D;20959652;;REW CLST ONE START 5.0 WIN PER CPU T2 BAS D;REW CLST ONE START 5.0 WIN PER CPU T2 BAS D;REW CLST ONE START 5.0 WIN PER CPU T2 BAS D;REW CLST ONE START 5.0 WIN PER CPU T2 BAS D;;;;79;;
1;3;2094;1;87,3669;71,03;REW CLST ONE START 5.0 S64LNX PER CPU T2 ESS A;20959654;;REW CLST ONE START 5.0 S64LNX PER CPU T2 ESS A;REW CLST ONE START 5.0 S64LNX PER CPU T2 ESS A;REW CLST ONE START 5.0 S64LNX PER CPU T2 ESS A;REW CLST ONE START 5.0 S64LNX PER CPU T2 ESS A;;;;79;;
1;3;2094;1;331,5834;269,58;AE CLST SVR ONE START 5.0 WIN PER CPU T3 STD LIC S;20959655;;AE CLST SVR ONE START 5.0 WIN PER CPU T3 STD LIC S;AE CLST SVR ONE START 5.0 WIN PER CPU T3 STD LIC S;AE CLST SVR ONE START 5.0 WIN PER CPU T3 STD LIC S;AE CLST SVR ONE START 5.0 WIN PER CPU T3 STD LIC S;;;;79;;
1;3;2094;1;287,2296;233,52;AE CLST SVR ONE START 5.0 WIN PER CPU T2 STD LIC S;20959659;;AE CLST SVR ONE START 5.0 WIN PER CPU T2 STD LIC S;AE CLST SVR ONE START 5.0 WIN PER CPU T2 STD LIC S;AE CLST SVR ONE START 5.0 WIN PER CPU T2 STD LIC S;AE CLST SVR ONE START 5.0 WIN PER CPU T2 STD LIC S;;;;79;;
1;3;2094;1;287,2296;233,52;AE CLST SVR ONE START 5.0 S64LNX P CPU T2 STD LIC S;20959663;;AE CLST SVR ONE START 5.0 S64LNX P CPU T2 STD LIC S;AE CLST SVR ONE START 5.0 S64LNX P CPU T2 STD LIC S;AE CLST SVR ONE START 5.0 S64LNX P CPU T2 STD LIC S;AE CLST SVR ONE START 5.0 S64LNX P CPU T2 STD LIC S;;;;79;;
1;3;2094;1;68,388;55,6;AE CLST SVR ONE START 5.0 S64LNX PER CPU T2 BAS S;20959664;;AE CLST SVR ONE START 5.0 S64LNX PER CPU T2 BAS S;AE CLST SVR ONE START 5.0 S64LNX PER CPU T2 BAS S;AE CLST SVR ONE START 5.0 S64LNX PER CPU T2 BAS S;AE CLST SVR ONE START 5.0 S64LNX PER CPU T2 BAS S;;;;79;;
1;3;2094;1;74,9931;60,97;REW CLST ONE START 5.0 WIN PER CPU T3 BAS C;20959667;;REW CLST ONE START 5.0 WIN PER CPU T3 BAS C;REW CLST ONE START 5.0 WIN PER CPU T3 BAS C;REW CLST ONE START 5.0 WIN PER CPU T3 BAS C;REW CLST ONE START 5.0 WIN PER CPU T3 BAS C;;;;79;;
1;3;2094;1;100,8723;82,01;EXP CLST SVR ONE START 5.0 S64LNX CPU T3 ESS S;20959672;;EXP CLST SVR ONE START 5.0 S64LNX CPU T3 ESS S;EXP CLST SVR ONE START 5.0 S64LNX CPU T3 ESS S;EXP CLST SVR ONE START 5.0 S64LNX CPU T3 ESS S;EXP CLST SVR ONE START 5.0 S64LNX CPU T3 ESS S;;;;79;;
1;3;2094;1;52,5333;42,71;REW CLST ONE START 5.0 WIN PER CPU T1 BAS A;20959674;;REW CLST ONE START 5.0 WIN PER CPU T1 BAS A;REW CLST ONE START 5.0 WIN PER CPU T1 BAS A;REW CLST ONE START 5.0 WIN PER CPU T1 BAS A;REW CLST ONE START 5.0 WIN PER CPU T1 BAS A;;;;79;;
1;3;2094;1;67,1211;54,57;GOV CLST ONE START 5.0 WIN PER CPU T1 ESS S;20959676;;GOV CLST ONE START 5.0 WIN PER CPU T1 ESS S;GOV CLST ONE START 5.0 WIN PER CPU T1 ESS S;GOV CLST ONE START 5.0 WIN PER CPU T1 ESS S;GOV CLST ONE START 5.0 WIN PER CPU T1 ESS S;;;;79;;
1;3;2094;1;315,003;256,1;REW CLST ONE START 5.0 WIN PER CPU T3 STD LIC C;20959680;;REW CLST ONE START 5.0 WIN PER CPU T3 STD LIC C;REW CLST ONE START 5.0 WIN PER CPU T3 STD LIC C;REW CLST ONE START 5.0 WIN PER CPU T3 STD LIC C;REW CLST ONE START 5.0 WIN PER CPU T3 STD LIC C;;;;79;;
1;3;2094;1;78,9414;64,18;REW CLST ONE START 5.0 WIN PER CPU T3 BAS A;20959681;;REW CLST ONE START 5.0 WIN PER CPU T3 BAS A;REW CLST ONE START 5.0 WIN PER CPU T3 BAS A;REW CLST ONE START 5.0 WIN PER CPU T3 BAS A;REW CLST ONE START 5.0 WIN PER CPU T3 BAS A;;;;79;;
1;3;2094;1;78,9414;64,18;GOV CLST ONE START 5.0 WIN PER CPU T3 BAS S;20959682;;GOV CLST ONE START 5.0 WIN PER CPU T3 BAS S;GOV CLST ONE START 5.0 WIN PER CPU T3 BAS S;GOV CLST ONE START 5.0 WIN PER CPU T3 BAS S;GOV CLST ONE START 5.0 WIN PER CPU T3 BAS S;;;;79;;
1;3;2094;1;100,8723;82,01;AE CLST SVR ONE START 5.0 WIN PER CPU T3 ESS S;20959684;;AE CLST SVR ONE START 5.0 WIN PER CPU T3 ESS S;AE CLST SVR ONE START 5.0 WIN PER CPU T3 ESS S;AE CLST SVR ONE START 5.0 WIN PER CPU T3 ESS S;AE CLST SVR ONE START 5.0 WIN PER CPU T3 ESS S;;;;79;;
1;3;2094;1;315,003;256,1;REW CLST ONE START 5.0 S64LNX P CPU T3 STD LIC D;20959685;;REW CLST ONE START 5.0 S64LNX P CPU T3 STD LIC D;REW CLST ONE START 5.0 S64LNX P CPU T3 STD LIC D;REW CLST ONE START 5.0 S64LNX P CPU T3 STD LIC D;REW CLST ONE START 5.0 S64LNX P CPU T3 STD LIC D;;;;79;;
1;3;2094;1;78,9414;64,18;EXP CLST SVR ONE START 5.0 S64LNX CPU T3 BAS S;20959686;;EXP CLST SVR ONE START 5.0 S64LNX CPU T3 BAS S;EXP CLST SVR ONE START 5.0 S64LNX CPU T3 BAS S;EXP CLST SVR ONE START 5.0 S64LNX CPU T3 BAS S;EXP CLST SVR ONE START 5.0 S64LNX CPU T3 BAS S;;;;79;;
1;3;2094;1;100,8723;82,01;AE CLST SVR ONE START 5.0 S64LNX PER CPU T3 ESS S;20959687;;AE CLST SVR ONE START 5.0 S64LNX PER CPU T3 ESS S;AE CLST SVR ONE START 5.0 S64LNX PER CPU T3 ESS S;AE CLST SVR ONE START 5.0 S64LNX PER CPU T3 ESS S;AE CLST SVR ONE START 5.0 S64LNX PER CPU T3 ESS S;;;;79;;
1;3;2094;1;52,5333;42,71;REW CLST ONE START 5.0 WIN PER CPU T1 BAS B;20959690;;REW CLST ONE START 5.0 WIN PER CPU T1 BAS B;REW CLST ONE START 5.0 WIN PER CPU T1 BAS B;REW CLST ONE START 5.0 WIN PER CPU T1 BAS B;REW CLST ONE START 5.0 WIN PER CPU T1 BAS B;;;;79;;
1;3;2094;1;220,6866;179,42;EXP CLST SVR ONE START 5.0 S64LNX CPU T1 LIC S;20959691;;EXP CLST SVR ONE START 5.0 S64LNX CPU T1 LIC S;EXP CLST SVR ONE START 5.0 S64LNX CPU T1 LIC S;EXP CLST SVR ONE START 5.0 S64LNX CPU T1 LIC S;EXP CLST SVR ONE START 5.0 S64LNX CPU T1 LIC S;;;;79;;
1;3;2094;1;49,9134;40,58;REW CLST ONE START 5.0 S64LNX PER CPU T1 BAS C;20959692;;REW CLST ONE START 5.0 S64LNX PER CPU T1 BAS C;REW CLST ONE START 5.0 S64LNX PER CPU T1 BAS C;REW CLST ONE START 5.0 S64LNX PER CPU T1 BAS C;REW CLST ONE START 5.0 S64LNX PER CPU T1 BAS C;;;;79;;
1;3;2094;1;49,9134;40,58;REW CLST ONE START 5.0 S64LNX PER CPU T1 BAS D;20959693;;REW CLST ONE START 5.0 S64LNX PER CPU T1 BAS D;REW CLST ONE START 5.0 S64LNX PER CPU T1 BAS D;REW CLST ONE START 5.0 S64LNX PER CPU T1 BAS D;REW CLST ONE START 5.0 S64LNX PER CPU T1 BAS D;;;;79;;
1;3;2094;1;52,5333;42,71;EXP CLST SVR ONE START 5.0 S64LNX CPU T1 BAS S;20959695;;EXP CLST SVR ONE START 5.0 S64LNX CPU T1 BAS S;EXP CLST SVR ONE START 5.0 S64LNX CPU T1 BAS S;EXP CLST SVR ONE START 5.0 S64LNX CPU T1 BAS S;EXP CLST SVR ONE START 5.0 S64LNX CPU T1 BAS S;;;;79;;
1;3;2094;1;63,7755;51,85;REW CLST ONE START 5.0 S64LNX PER CPU T1 ESS C;20959696;;REW CLST ONE START 5.0 S64LNX PER CPU T1 ESS C;REW CLST ONE START 5.0 S64LNX PER CPU T1 ESS C;REW CLST ONE START 5.0 S64LNX PER CPU T1 ESS C;REW CLST ONE START 5.0 S64LNX PER CPU T1 ESS C;;;;79;;
1;3;2094;1;63,7755;51,85;REW CLST ONE START 5.0 S64LNX PER CPU T1 ESS D;20959697;;REW CLST ONE START 5.0 S64LNX PER CPU T1 ESS D;REW CLST ONE START 5.0 S64LNX PER CPU T1 ESS D;REW CLST ONE START 5.0 S64LNX PER CPU T1 ESS D;REW CLST ONE START 5.0 S64LNX PER CPU T1 ESS D;;;;79;;
1;3;2094;1;287,2296;233,52;REW CLST ONE START 5.0 WIN PER CPU T2 STD LIC A;20959700;;REW CLST ONE START 5.0 WIN PER CPU T2 STD LIC A;REW CLST ONE START 5.0 WIN PER CPU T2 STD LIC A;REW CLST ONE START 5.0 WIN PER CPU T2 STD LIC A;REW CLST ONE START 5.0 WIN PER CPU T2 STD LIC A;;;;79;;
1;3;2094;1;287,2296;233,52;REW CLST ONE START 5.0 WIN PER CPU T2 STD LIC B;20959701;;REW CLST ONE START 5.0 WIN PER CPU T2 STD LIC B;REW CLST ONE START 5.0 WIN PER CPU T2 STD LIC B;REW CLST ONE START 5.0 WIN PER CPU T2 STD LIC B;REW CLST ONE START 5.0 WIN PER CPU T2 STD LIC B;;;;79;;
1;3;2094;1;272,8632;221,84;REW CLST ONE START 5.0 WIN PER CPU T2 STD LIC D;20959702;;REW CLST ONE START 5.0 WIN PER CPU T2 STD LIC D;REW CLST ONE START 5.0 WIN PER CPU T2 STD LIC D;REW CLST ONE START 5.0 WIN PER CPU T2 STD LIC D;REW CLST ONE START 5.0 WIN PER CPU T2 STD LIC D;;;;79;;
1;3;2094;1;67,1211;54,57;AE CLST SVR ONE START 5.0 WIN PER CPU T1 ESS S;20959704;;AE CLST SVR ONE START 5.0 WIN PER CPU T1 ESS S;AE CLST SVR ONE START 5.0 WIN PER CPU T1 ESS S;AE CLST SVR ONE START 5.0 WIN PER CPU T1 ESS S;AE CLST SVR ONE START 5.0 WIN PER CPU T1 ESS S;;;;79;;
1;3;2094;1;220,6866;179,42;REW CLST ONE START 5.0 S64LNX P CPU T1 STD LIC A;20959708;;REW CLST ONE START 5.0 S64LNX P CPU T1 STD LIC A;REW CLST ONE START 5.0 S64LNX P CPU T1 STD LIC A;REW CLST ONE START 5.0 S64LNX P CPU T1 STD LIC A;REW CLST ONE START 5.0 S64LNX P CPU T1 STD LIC A;;;;79;;
1;3;2094;1;220,6866;179,42;REW CLST ONE START 5.0 S64LNX P CPU T1 STD LIC B;20959709;;REW CLST ONE START 5.0 S64LNX P CPU T1 STD LIC B;REW CLST ONE START 5.0 S64LNX P CPU T1 STD LIC B;REW CLST ONE START 5.0 S64LNX P CPU T1 STD LIC B;REW CLST ONE START 5.0 S64LNX P CPU T1 STD LIC B;;;;79;;
1;3;2094;1;209,6535;170,45;REW CLST ONE START 5.0 S64LNX P CPU T1 STD LIC D;20959710;;REW CLST ONE START 5.0 S64LNX P CPU T1 STD LIC D;REW CLST ONE START 5.0 S64LNX P CPU T1 STD LIC D;REW CLST ONE START 5.0 S64LNX P CPU T1 STD LIC D;REW CLST ONE START 5.0 S64LNX P CPU T1 STD LIC D;;;;79;;
1;3;2094;1;67,1211;54,57;REW CLST ONE START 5.0 S64LNX PER CPU T1 ESS A;20959711;;REW CLST ONE START 5.0 S64LNX PER CPU T1 ESS A;REW CLST ONE START 5.0 S64LNX PER CPU T1 ESS A;REW CLST ONE START 5.0 S64LNX PER CPU T1 ESS A;REW CLST ONE START 5.0 S64LNX PER CPU T1 ESS A;;;;79;;
1;3;2094;1;68,388;55,6;GOV CLST ONE START 5.0 WIN PER CPU T2 BAS S;20959715;;GOV CLST ONE START 5.0 WIN PER CPU T2 BAS S;GOV CLST ONE START 5.0 WIN PER CPU T2 BAS S;GOV CLST ONE START 5.0 WIN PER CPU T2 BAS S;GOV CLST ONE START 5.0 WIN PER CPU T2 BAS S;;;;79;;
1;3;2094;1;68,388;55,6;EXP CLST SVR ONE START 5.0 WIN PER CPU T2 BAS S;20959716;;EXP CLST SVR ONE START 5.0 WIN PER CPU T2 BAS S;EXP CLST SVR ONE START 5.0 WIN PER CPU T2 BAS S;EXP CLST SVR ONE START 5.0 WIN PER CPU T2 BAS S;EXP CLST SVR ONE START 5.0 WIN PER CPU T2 BAS S;;;;79;;
1;3;2094;1;83,0127;67,49;REW CLST ONE START 5.0 S64LNX PER CPU T2 ESS C;20959719;;REW CLST ONE START 5.0 S64LNX PER CPU T2 ESS C;REW CLST ONE START 5.0 S64LNX PER CPU T2 ESS C;REW CLST ONE START 5.0 S64LNX PER CPU T2 ESS C;REW CLST ONE START 5.0 S64LNX PER CPU T2 ESS C;;;;79;;
1;3;2094;1;83,0127;67,49;REW CLST ONE START 5.0 S64LNX PER CPU T2 ESS D;20959720;;REW CLST ONE START 5.0 S64LNX PER CPU T2 ESS D;REW CLST ONE START 5.0 S64LNX PER CPU T2 ESS D;REW CLST ONE START 5.0 S64LNX PER CPU T2 ESS D;REW CLST ONE START 5.0 S64LNX PER CPU T2 ESS D;;;;79;;
1;3;2094;1;87,3669;71,03;AE CLST SVR ONE START 5.0 S64LNX PER CPU T2 ESS S;20959721;;AE CLST SVR ONE START 5.0 S64LNX PER CPU T2 ESS S;AE CLST SVR ONE START 5.0 S64LNX PER CPU T2 ESS S;AE CLST SVR ONE START 5.0 S64LNX PER CPU T2 ESS S;AE CLST SVR ONE START 5.0 S64LNX PER CPU T2 ESS S;;;;79;;
1;3;2094;1;68,388;55,6;AE CLST SVR ONE START 5.0 WIN PER CPU T2 BAS S;20959726;;AE CLST SVR ONE START 5.0 WIN PER CPU T2 BAS S;AE CLST SVR ONE START 5.0 WIN PER CPU T2 BAS S;AE CLST SVR ONE START 5.0 WIN PER CPU T2 BAS S;AE CLST SVR ONE START 5.0 WIN PER CPU T2 BAS S;;;;79;;
1;3;2094;1;287,2296;233,52;EXP CLST SVR ONE START 5.0 S64LNX CPU T2 LIC S;20959731;;EXP CLST SVR ONE START 5.0 S64LNX CPU T2 LIC S;EXP CLST SVR ONE START 5.0 S64LNX CPU T2 LIC S;EXP CLST SVR ONE START 5.0 S64LNX CPU T2 LIC S;EXP CLST SVR ONE START 5.0 S64LNX CPU T2 LIC S;;;;79;;
1;3;2094;1;63,2466;51,42;REW CLST ONE START 5.0 S64LNX PER CPU T2 BAS E;20959732;;REW CLST ONE START 5.0 S64LNX PER CPU T2 BAS E;REW CLST ONE START 5.0 S64LNX PER CPU T2 BAS E;REW CLST ONE START 5.0 S64LNX PER CPU T2 BAS E;REW CLST ONE START 5.0 S64LNX PER CPU T2 BAS E;;;;79;;
1;3;2094;1;80,8233;65,71;REW CLST ONE START 5.0 S64LNX PER CPU T2 ESS E;20959733;;REW CLST ONE START 5.0 S64LNX PER CPU T2 ESS E;REW CLST ONE START 5.0 S64LNX PER CPU T2 ESS E;REW CLST ONE START 5.0 S64LNX PER CPU T2 ESS E;REW CLST ONE START 5.0 S64LNX PER CPU T2 ESS E;;;;79;;
1;3;2094;1;331,5834;269,58;EXP CLST SVR ONE START 5.0 WIN CPU T3 STD LIC S;20959735;;EXP CLST SVR ONE START 5.0 WIN CPU T3 STD LIC S;EXP CLST SVR ONE START 5.0 WIN CPU T3 STD LIC S;EXP CLST SVR ONE START 5.0 WIN CPU T3 STD LIC S;EXP CLST SVR ONE START 5.0 WIN CPU T3 STD LIC S;;;;79;;
1;3;2094;1;78,9414;64,18;EXP CLST SVR ONE START 5.0 WIN PER CPU T3 BAS S;20959736;;EXP CLST SVR ONE START 5.0 WIN PER CPU T3 BAS S;EXP CLST SVR ONE START 5.0 WIN PER CPU T3 BAS S;EXP CLST SVR ONE START 5.0 WIN PER CPU T3 BAS S;EXP CLST SVR ONE START 5.0 WIN PER CPU T3 BAS S;;;;79;;
1;3;2094;1;78,9414;64,18;AE CLST SVR ONE START 5.0 WIN PER CPU T3 BAS S;20959737;;AE CLST SVR ONE START 5.0 WIN PER CPU T3 BAS S;AE CLST SVR ONE START 5.0 WIN PER CPU T3 BAS S;AE CLST SVR ONE START 5.0 WIN PER CPU T3 BAS S;AE CLST SVR ONE START 5.0 WIN PER CPU T3 BAS S;;;;79;;
1;3;2094;1;306,7128;249,36;REW CLST ONE START 5.0 WIN PER CPU T3 STD LIC E;20959739;;REW CLST ONE START 5.0 WIN PER CPU T3 STD LIC E;REW CLST ONE START 5.0 WIN PER CPU T3 STD LIC E;REW CLST ONE START 5.0 WIN PER CPU T3 STD LIC E;REW CLST ONE START 5.0 WIN PER CPU T3 STD LIC E;;;;79;;
1;3;2094;1;74,9931;60,97;REW CLST ONE START 5.0 WIN PER CPU T3 BAS D;20959740;;REW CLST ONE START 5.0 WIN PER CPU T3 BAS D;REW CLST ONE START 5.0 WIN PER CPU T3 BAS D;REW CLST ONE START 5.0 WIN PER CPU T3 BAS D;REW CLST ONE START 5.0 WIN PER CPU T3 BAS D;;;;79;;
1;3;2094;1;73,0251;59,37;REW CLST ONE START 5.0 WIN PER CPU T3 BAS E;20959741;;REW CLST ONE START 5.0 WIN PER CPU T3 BAS E;REW CLST ONE START 5.0 WIN PER CPU T3 BAS E;REW CLST ONE START 5.0 WIN PER CPU T3 BAS E;REW CLST ONE START 5.0 WIN PER CPU T3 BAS E;;;;79;;
1;3;2094;1;306,7128;249,36;REW CLST ONE START 5.0 S64LNX P CPU T3 STD LIC E;20959745;;REW CLST ONE START 5.0 S64LNX P CPU T3 STD LIC E;REW CLST ONE START 5.0 S64LNX P CPU T3 STD LIC E;REW CLST ONE START 5.0 S64LNX P CPU T3 STD LIC E;REW CLST ONE START 5.0 S64LNX P CPU T3 STD LIC E;;;;79;;
1;3;2094;1;331,5834;269,58;AE CLST SVR ONE START 5.0 S64LNX P CPU T3 STD LIC S;20959746;;AE CLST SVR ONE START 5.0 S64LNX P CPU T3 STD LIC S;AE CLST SVR ONE START 5.0 S64LNX P CPU T3 STD LIC S;AE CLST SVR ONE START 5.0 S64LNX P CPU T3 STD LIC S;AE CLST SVR ONE START 5.0 S64LNX P CPU T3 STD LIC S;;;;79;;
1;3;2094;1;74,9931;60,97;REW CLST ONE START 5.0 S64LNX PER CPU T3 BAS D;20959747;;REW CLST ONE START 5.0 S64LNX PER CPU T3 BAS D;REW CLST ONE START 5.0 S64LNX PER CPU T3 BAS D;REW CLST ONE START 5.0 S64LNX PER CPU T3 BAS D;REW CLST ONE START 5.0 S64LNX PER CPU T3 BAS D;;;;79;;
1;3;2094;1;100,8723;82,01;GOV CLST ONE START 5.0 S64LNX PER CPU T3 ESS S;20959748;;GOV CLST ONE START 5.0 S64LNX PER CPU T3 ESS S;GOV CLST ONE START 5.0 S64LNX PER CPU T3 ESS S;GOV CLST ONE START 5.0 S64LNX PER CPU T3 ESS S;GOV CLST ONE START 5.0 S64LNX PER CPU T3 ESS S;;;;79;;
1;3;2094;1;100,8723;82,01;REW CLST ONE START 5.0 WIN PER CPU T3 ESS B;20959750;;REW CLST ONE START 5.0 WIN PER CPU T3 ESS B;REW CLST ONE START 5.0 WIN PER CPU T3 ESS B;REW CLST ONE START 5.0 WIN PER CPU T3 ESS B;REW CLST ONE START 5.0 WIN PER CPU T3 ESS B;;;;79;;
1;3;2094;1;95,817;77,9;REW CLST ONE START 5.0 WIN PER CPU T3 ESS D;20959751;;REW CLST ONE START 5.0 WIN PER CPU T3 ESS D;REW CLST ONE START 5.0 WIN PER CPU T3 ESS D;REW CLST ONE START 5.0 WIN PER CPU T3 ESS D;REW CLST ONE START 5.0 WIN PER CPU T3 ESS D;;;;79;;
1;3;2094;1;100,8723;82,01;EXP CLST SVR ONE START 5.0 WIN PER CPU T3 ESS S;20959752;;EXP CLST SVR ONE START 5.0 WIN PER CPU T3 ESS S;EXP CLST SVR ONE START 5.0 WIN PER CPU T3 ESS S;EXP CLST SVR ONE START 5.0 WIN PER CPU T3 ESS S;EXP CLST SVR ONE START 5.0 WIN PER CPU T3 ESS S;;;;79;;
1;3;2094;1;78,9414;64,18;REW CLST ONE START 5.0 S64LNX PER CPU T3 BAS A;20959755;;REW CLST ONE START 5.0 S64LNX PER CPU T3 BAS A;REW CLST ONE START 5.0 S64LNX PER CPU T3 BAS A;REW CLST ONE START 5.0 S64LNX PER CPU T3 BAS A;REW CLST ONE START 5.0 S64LNX PER CPU T3 BAS A;;;;79;;
1;3;2094;1;73,0251;59,37;REW CLST ONE START 5.0 S64LNX PER CPU T3 BAS E;20959756;;REW CLST ONE START 5.0 S64LNX PER CPU T3 BAS E;REW CLST ONE START 5.0 S64LNX PER CPU T3 BAS E;REW CLST ONE START 5.0 S64LNX PER CPU T3 BAS E;REW CLST ONE START 5.0 S64LNX PER CPU T3 BAS E;;;;79;;
1;3;2094;1;100,8723;82,01;REW CLST ONE START 5.0 S64LNX PER CPU T3 ESS A;20959757;;REW CLST ONE START 5.0 S64LNX PER CPU T3 ESS A;REW CLST ONE START 5.0 S64LNX PER CPU T3 ESS A;REW CLST ONE START 5.0 S64LNX PER CPU T3 ESS A;REW CLST ONE START 5.0 S64LNX PER CPU T3 ESS A;;;;79;;
1;3;2094;1;95,817;77,9;REW CLST ONE START 5.0 S64LNX PER CPU T3 ESS C;20959758;;REW CLST ONE START 5.0 S64LNX PER CPU T3 ESS C;REW CLST ONE START 5.0 S64LNX PER CPU T3 ESS C;REW CLST ONE START 5.0 S64LNX PER CPU T3 ESS C;REW CLST ONE START 5.0 S64LNX PER CPU T3 ESS C;;;;79;;
1;3;2094;1;403,4646;328,02;GOV CLST ONE HA 5.0 WIN PER CPU T3 ESS S;20959761;;GOV CLST ONE HA 5.0 WIN PER CPU T3 ESS S;GOV CLST ONE HA 5.0 WIN PER CPU T3 ESS S;GOV CLST ONE HA 5.0 WIN PER CPU T3 ESS S;GOV CLST ONE HA 5.0 WIN PER CPU T3 ESS S;;;;79;;
1;3;2094;1;1326,309;1078,3;REW CLST SVR ONE HA 5.0 S64LNX P CPU T3 STD LIC A;20959763;;REW CLST SVR ONE HA 5.0 S64LNX P CPU T3 STD LIC A;REW CLST SVR ONE HA 5.0 S64LNX P CPU T3 STD LIC A;REW CLST SVR ONE HA 5.0 S64LNX P CPU T3 STD LIC A;REW CLST SVR ONE HA 5.0 S64LNX P CPU T3 STD LIC A;;;;79;;
1;3;2094;1;299,9601;243,87;REW CLST SVR ONE HA 5.0 S64LNX PER CPU T3 BAS C;20959764;;REW CLST SVR ONE HA 5.0 S64LNX PER CPU T3 BAS C;REW CLST SVR ONE HA 5.0 S64LNX PER CPU T3 BAS C;REW CLST SVR ONE HA 5.0 S64LNX PER CPU T3 BAS C;REW CLST SVR ONE HA 5.0 S64LNX PER CPU T3 BAS C;;;;79;;
1;3;2094;1;403,4646;328,02;REW CLST SVR ONE HA 5.0 S64LNX PER CPU T3 ESS B;20959766;;REW CLST SVR ONE HA 5.0 S64LNX PER CPU T3 ESS B;REW CLST SVR ONE HA 5.0 S64LNX PER CPU T3 ESS B;REW CLST SVR ONE HA 5.0 S64LNX PER CPU T3 ESS B;REW CLST SVR ONE HA 5.0 S64LNX PER CPU T3 ESS B;;;;79;;
1;3;2094;1;210,1332;170,84;REW CLST ONE HA 5.0 WIN PER CPU T1 BAS B;20959771;;REW CLST ONE HA 5.0 WIN PER CPU T1 BAS B;REW CLST ONE HA 5.0 WIN PER CPU T1 BAS B;REW CLST ONE HA 5.0 WIN PER CPU T1 BAS B;REW CLST ONE HA 5.0 WIN PER CPU T1 BAS B;;;;79;;
1;3;2094;1;1259,9997;1024,39;REW CLST ONE HA 5.0 WIN PER CPU T3 STD LIC C;20959774;;REW CLST ONE HA 5.0 WIN PER CPU T3 STD LIC C;REW CLST ONE HA 5.0 WIN PER CPU T3 STD LIC C;REW CLST ONE HA 5.0 WIN PER CPU T3 STD LIC C;REW CLST ONE HA 5.0 WIN PER CPU T3 STD LIC C;;;;79;;
1;3;2094;1;299,9601;243,87;REW CLST ONE HA 5.0 WIN PER CPU T3 BAS D;20959775;;REW CLST ONE HA 5.0 WIN PER CPU T3 BAS D;REW CLST ONE HA 5.0 WIN PER CPU T3 BAS D;REW CLST ONE HA 5.0 WIN PER CPU T3 BAS D;REW CLST ONE HA 5.0 WIN PER CPU T3 BAS D;;;;79;;
1;3;2094;1;315,741;256,7;CLUST ONE HA5.0 WINPCPU TIER 3 BAS ACD-S;20959776;;CLUST ONE HA5.0 WINPCPU TIER 3 BAS ACD-S;CLUST ONE HA5.0 WINPCPU TIER 3 BAS ACD-S;CLUST ONE HA5.0 WINPCPU TIER 3 BAS ACD-S;CLUST ONE HA5.0 WINPCPU TIER 3 BAS ACD-S;;;;79;;
1;3;2094;1;1259,9997;1024,39;REW CLST SVR ONE HA 5.0 S64LNX P CPU T3 STD LIC D;20959779;;REW CLST SVR ONE HA 5.0 S64LNX P CPU T3 STD LIC D;REW CLST SVR ONE HA 5.0 S64LNX P CPU T3 STD LIC D;REW CLST SVR ONE HA 5.0 S64LNX P CPU T3 STD LIC D;REW CLST SVR ONE HA 5.0 S64LNX P CPU T3 STD LIC D;;;;79;;
1;3;2094;1;1326,309;1078,3;GOV CLST SVR ONE HA 5.0 S64LNX P CPU T3 STD LIC S;20959780;;GOV CLST SVR ONE HA 5.0 S64LNX P CPU T3 STD LIC S;GOV CLST SVR ONE HA 5.0 S64LNX P CPU T3 STD LIC S;GOV CLST SVR ONE HA 5.0 S64LNX P CPU T3 STD LIC S;GOV CLST SVR ONE HA 5.0 S64LNX P CPU T3 STD LIC S;;;;79;;
1;3;2094;1;315,741;256,7;EXP CLST SVR ONE HA 5.0 S64LNX PER CPU T3 BAS S;20959781;;EXP CLST SVR ONE HA 5.0 S64LNX PER CPU T3 BAS S;EXP CLST SVR ONE HA 5.0 S64LNX PER CPU T3 BAS S;EXP CLST SVR ONE HA 5.0 S64LNX PER CPU T3 BAS S;EXP CLST SVR ONE HA 5.0 S64LNX PER CPU T3 BAS S;;;;79;;
1;3;2094;1;403,4646;328,02;EXP CLST SVR ONE HA 5.0 S64LNX PER CPU T3 ESS S;20959782;;EXP CLST SVR ONE HA 5.0 S64LNX PER CPU T3 ESS S;EXP CLST SVR ONE HA 5.0 S64LNX PER CPU T3 ESS S;EXP CLST SVR ONE HA 5.0 S64LNX PER CPU T3 ESS S;EXP CLST SVR ONE HA 5.0 S64LNX PER CPU T3 ESS S;;;;79;;
1;3;2094;1;882,7341;717,67;REW CLST ONE HA 5.0 WIN PER CPU T1 STD LIC B;20959785;;REW CLST ONE HA 5.0 WIN PER CPU T1 STD LIC B;REW CLST ONE HA 5.0 WIN PER CPU T1 STD LIC B;REW CLST ONE HA 5.0 WIN PER CPU T1 STD LIC B;REW CLST ONE HA 5.0 WIN PER CPU T1 STD LIC B;;;;79;;
1;3;2094;1;838,5894;681,78;REW CLST ONE HA 5.0 WIN PER CPU T1 STD LIC D;20959786;;REW CLST ONE HA 5.0 WIN PER CPU T1 STD LIC D;REW CLST ONE HA 5.0 WIN PER CPU T1 STD LIC D;REW CLST ONE HA 5.0 WIN PER CPU T1 STD LIC D;REW CLST ONE HA 5.0 WIN PER CPU T1 STD LIC D;;;;79;;
1;3;2094;1;210,1332;170,84;CLUST ONE HA5.0 WINPCPU TIER 1 BAS ACD-S;20959787;;CLUST ONE HA5.0 WINPCPU TIER 1 BAS ACD-S;CLUST ONE HA5.0 WINPCPU TIER 1 BAS ACD-S;CLUST ONE HA5.0 WINPCPU TIER 1 BAS ACD-S;CLUST ONE HA5.0 WINPCPU TIER 1 BAS ACD-S;;;;79;;
1;3;2094;1;255,102;207,4;REW CLST ONE HA 5.0 WIN PER CPU T1 ESS D;20959788;;REW CLST ONE HA 5.0 WIN PER CPU T1 ESS D;REW CLST ONE HA 5.0 WIN PER CPU T1 ESS D;REW CLST ONE HA 5.0 WIN PER CPU T1 ESS D;REW CLST ONE HA 5.0 WIN PER CPU T1 ESS D;;;;79;;
1;3;2094;1;332,0139;269,93;REW CLST ONE HA 5.0 WIN PER CPU T2 ESS C;20959795;;REW CLST ONE HA 5.0 WIN PER CPU T2 ESS C;REW CLST ONE HA 5.0 WIN PER CPU T2 ESS C;REW CLST ONE HA 5.0 WIN PER CPU T2 ESS C;REW CLST ONE HA 5.0 WIN PER CPU T2 ESS C;;;;79;;
1;3;2094;1;349,4922;284,14;REW CLST SVR ONE HA 5.0 S64LNX PER CPU T2 ESS A;20959799;;REW CLST SVR ONE HA 5.0 S64LNX PER CPU T2 ESS A;REW CLST SVR ONE HA 5.0 S64LNX PER CPU T2 ESS A;REW CLST SVR ONE HA 5.0 S64LNX PER CPU T2 ESS A;REW CLST SVR ONE HA 5.0 S64LNX PER CPU T2 ESS A;;;;79;;
1;3;2094;1;315,741;256,7;EXP CLST SVR ONE HA 5.0 WIN PER CPU T3 BAS S;20959802;;EXP CLST SVR ONE HA 5.0 WIN PER CPU T3 BAS S;EXP CLST SVR ONE HA 5.0 WIN PER CPU T3 BAS S;EXP CLST SVR ONE HA 5.0 WIN PER CPU T3 BAS S;EXP CLST SVR ONE HA 5.0 WIN PER CPU T3 BAS S;;;;79;;
1;3;2094;1;292,0635;237,45;REW CLST SVR ONE HA 5.0 S64LNX PER CPU T3 BAS E;20959804;;REW CLST SVR ONE HA 5.0 S64LNX PER CPU T3 BAS E;REW CLST SVR ONE HA 5.0 S64LNX PER CPU T3 BAS E;REW CLST SVR ONE HA 5.0 S64LNX PER CPU T3 BAS E;REW CLST SVR ONE HA 5.0 S64LNX PER CPU T3 BAS E;;;;79;;
1;3;2094;1;383,2926;311,62;REW CLST SVR ONE HA 5.0 S64LNX PER CPU T3 ESS C;20959805;;REW CLST SVR ONE HA 5.0 S64LNX PER CPU T3 ESS C;REW CLST SVR ONE HA 5.0 S64LNX PER CPU T3 ESS C;REW CLST SVR ONE HA 5.0 S64LNX PER CPU T3 ESS C;REW CLST SVR ONE HA 5.0 S64LNX PER CPU T3 ESS C;;;;79;;
1;3;2094;1;882,7341;717,67;REW CLST ONE HA 5.0 WIN PER CPU T1 STD LIC A;20959808;;REW CLST ONE HA 5.0 WIN PER CPU T1 STD LIC A;REW CLST ONE HA 5.0 WIN PER CPU T1 STD LIC A;REW CLST ONE HA 5.0 WIN PER CPU T1 STD LIC A;REW CLST ONE HA 5.0 WIN PER CPU T1 STD LIC A;;;;79;;
1;3;2094;1;210,1332;170,84;REW CLST ONE HA 5.0 WIN PER CPU T1 BAS A;20959809;;REW CLST ONE HA 5.0 WIN PER CPU T1 BAS A;REW CLST ONE HA 5.0 WIN PER CPU T1 BAS A;REW CLST ONE HA 5.0 WIN PER CPU T1 BAS A;REW CLST ONE HA 5.0 WIN PER CPU T1 BAS A;;;;79;;
1;3;2094;1;199,6413;162,31;REW CLST ONE HA 5.0 WIN PER CPU T1 BAS D;20959810;;REW CLST ONE HA 5.0 WIN PER CPU T1 BAS D;REW CLST ONE HA 5.0 WIN PER CPU T1 BAS D;REW CLST ONE HA 5.0 WIN PER CPU T1 BAS D;REW CLST ONE HA 5.0 WIN PER CPU T1 BAS D;;;;79;;
1;3;2094;1;194,3892;158,04;REW CLST ONE HA 5.0 WIN PER CPU T1 BAS E;20959811;;REW CLST ONE HA 5.0 WIN PER CPU T1 BAS E;REW CLST ONE HA 5.0 WIN PER CPU T1 BAS E;REW CLST ONE HA 5.0 WIN PER CPU T1 BAS E;REW CLST ONE HA 5.0 WIN PER CPU T1 BAS E;;;;79;;
1;3;2094;1;194,3892;158,04;REW CLST SVR ONE HA 5.0 S64LNX PER CPU T1 BAS E;20959816;;REW CLST SVR ONE HA 5.0 S64LNX PER CPU T1 BAS E;REW CLST SVR ONE HA 5.0 S64LNX PER CPU T1 BAS E;REW CLST SVR ONE HA 5.0 S64LNX PER CPU T1 BAS E;REW CLST SVR ONE HA 5.0 S64LNX PER CPU T1 BAS E;;;;79;;
1;3;2094;1;273,5028;222,36;REW CLST ONE HA 5.0 WIN PER CPU T2 BAS A;20959820;;REW CLST ONE HA 5.0 WIN PER CPU T2 BAS A;REW CLST ONE HA 5.0 WIN PER CPU T2 BAS A;REW CLST ONE HA 5.0 WIN PER CPU T2 BAS A;REW CLST ONE HA 5.0 WIN PER CPU T2 BAS A;;;;79;;
1;3;2094;1;253,011;205,7;REW CLST ONE HA 5.0 WIN PER CPU T2 BAS E;20959821;;REW CLST ONE HA 5.0 WIN PER CPU T2 BAS E;REW CLST ONE HA 5.0 WIN PER CPU T2 BAS E;REW CLST ONE HA 5.0 WIN PER CPU T2 BAS E;REW CLST ONE HA 5.0 WIN PER CPU T2 BAS E;;;;79;;
1;3;2094;1;332,0139;269,93;REW CLST ONE HA 5.0 WIN PER CPU T2 ESS D;20959822;;REW CLST ONE HA 5.0 WIN PER CPU T2 ESS D;REW CLST ONE HA 5.0 WIN PER CPU T2 ESS D;REW CLST ONE HA 5.0 WIN PER CPU T2 ESS D;REW CLST ONE HA 5.0 WIN PER CPU T2 ESS D;;;;79;;
1;3;2094;1;315,741;256,7;REW CLST SVR ONE HA 5.0 S64LNX PER CPU T3 BAS A;20959831;;REW CLST SVR ONE HA 5.0 S64LNX PER CPU T3 BAS A;REW CLST SVR ONE HA 5.0 S64LNX PER CPU T3 BAS A;REW CLST SVR ONE HA 5.0 S64LNX PER CPU T3 BAS A;REW CLST SVR ONE HA 5.0 S64LNX PER CPU T3 BAS A;;;;79;;
1;3;2094;1;838,5894;681,78;REW CLST ONE HA 5.0 WIN PER CPU T1 STD LIC C;20959832;;REW CLST ONE HA 5.0 WIN PER CPU T1 STD LIC C;REW CLST ONE HA 5.0 WIN PER CPU T1 STD LIC C;REW CLST ONE HA 5.0 WIN PER CPU T1 STD LIC C;REW CLST ONE HA 5.0 WIN PER CPU T1 STD LIC C;;;;79;;
1;3;2094;1;816,5232;663,84;REW CLST ONE HA 5.0 WIN PER CPU T1 STD LIC E;20959833;;REW CLST ONE HA 5.0 WIN PER CPU T1 STD LIC E;REW CLST ONE HA 5.0 WIN PER CPU T1 STD LIC E;REW CLST ONE HA 5.0 WIN PER CPU T1 STD LIC E;REW CLST ONE HA 5.0 WIN PER CPU T1 STD LIC E;;;;79;;
1;3;2094;1;248,3985;201,95;REW CLST ONE HA 5.0 WIN PER CPU T1 ESS E;20959835;;REW CLST ONE HA 5.0 WIN PER CPU T1 ESS E;REW CLST ONE HA 5.0 WIN PER CPU T1 ESS E;REW CLST ONE HA 5.0 WIN PER CPU T1 ESS E;REW CLST ONE HA 5.0 WIN PER CPU T1 ESS E;;;;79;;
1;3;2094;1;268,5336;218,32;AE CLST SVR ONE HA 5.0 S64LNX PER CPU T1 ESS S;20959839;;AE CLST SVR ONE HA 5.0 S64LNX PER CPU T1 ESS S;AE CLST SVR ONE HA 5.0 S64LNX PER CPU T1 ESS S;AE CLST SVR ONE HA 5.0 S64LNX PER CPU T1 ESS S;AE CLST SVR ONE HA 5.0 S64LNX PER CPU T1 ESS S;;;;79;;
1;3;2094;1;1148,8692;934,04;REW CLST ONE HA 5.0 WIN PER CPU T2 STD LIC B;20959843;;REW CLST ONE HA 5.0 WIN PER CPU T2 STD LIC B;REW CLST ONE HA 5.0 WIN PER CPU T2 STD LIC B;REW CLST ONE HA 5.0 WIN PER CPU T2 STD LIC B;REW CLST ONE HA 5.0 WIN PER CPU T2 STD LIC B;;;;79;;
1;3;2094;1;1148,8692;934,04;EXP CLST SVR ONE HA 5.0 WIN PER CPU T2 STD LIC S;20959844;;EXP CLST SVR ONE HA 5.0 WIN PER CPU T2 STD LIC S;EXP CLST SVR ONE HA 5.0 WIN PER CPU T2 STD LIC S;EXP CLST SVR ONE HA 5.0 WIN PER CPU T2 STD LIC S;EXP CLST SVR ONE HA 5.0 WIN PER CPU T2 STD LIC S;;;;79;;
1;3;2094;1;323,2809;262,83;REW CLST ONE HA 5.0 WIN PER CPU T2 ESS E;20959845;;REW CLST ONE HA 5.0 WIN PER CPU T2 ESS E;REW CLST ONE HA 5.0 WIN PER CPU T2 ESS E;REW CLST ONE HA 5.0 WIN PER CPU T2 ESS E;REW CLST ONE HA 5.0 WIN PER CPU T2 ESS E;;;;79;;
1;3;2094;1;1148,8692;934,04;REW CLST SVR ONE HA 5.0 S64LNX P CPU T2 STD LIC A;20959849;;REW CLST SVR ONE HA 5.0 S64LNX P CPU T2 STD LIC A;REW CLST SVR ONE HA 5.0 S64LNX P CPU T2 STD LIC A;REW CLST SVR ONE HA 5.0 S64LNX P CPU T2 STD LIC A;REW CLST SVR ONE HA 5.0 S64LNX P CPU T2 STD LIC A;;;;79;;
1;3;2094;1;1148,8692;934,04;GOV CLST SVR ONE HA 5.0 S64LNX P CPU T2 STD LIC S;20959851;;GOV CLST SVR ONE HA 5.0 S64LNX P CPU T2 STD LIC S;GOV CLST SVR ONE HA 5.0 S64LNX P CPU T2 STD LIC S;GOV CLST SVR ONE HA 5.0 S64LNX P CPU T2 STD LIC S;GOV CLST SVR ONE HA 5.0 S64LNX P CPU T2 STD LIC S;;;;79;;
1;3;2094;1;273,5028;222,36;REW CLST SVR ONE HA 5.0 S64LNX PER CPU T2 BAS A;20959852;;REW CLST SVR ONE HA 5.0 S64LNX PER CPU T2 BAS A;REW CLST SVR ONE HA 5.0 S64LNX PER CPU T2 BAS A;REW CLST SVR ONE HA 5.0 S64LNX PER CPU T2 BAS A;REW CLST SVR ONE HA 5.0 S64LNX PER CPU T2 BAS A;;;;79;;
1;3;2094;1;259,8375;211,25;REW CLST SVR ONE HA 5.0 S64LNX PER CPU T2 BAS D;20959853;;REW CLST SVR ONE HA 5.0 S64LNX PER CPU T2 BAS D;REW CLST SVR ONE HA 5.0 S64LNX PER CPU T2 BAS D;REW CLST SVR ONE HA 5.0 S64LNX PER CPU T2 BAS D;REW CLST SVR ONE HA 5.0 S64LNX PER CPU T2 BAS D;;;;79;;
1;3;2094;1;273,5028;222,36;AE CLST SVR ONE HA 5.0 S64LNX PER CPU T2 BAS S;20959854;;AE CLST SVR ONE HA 5.0 S64LNX PER CPU T2 BAS S;AE CLST SVR ONE HA 5.0 S64LNX PER CPU T2 BAS S;AE CLST SVR ONE HA 5.0 S64LNX PER CPU T2 BAS S;AE CLST SVR ONE HA 5.0 S64LNX PER CPU T2 BAS S;;;;79;;
1;3;2094;1;323,2809;262,83;REW CLST SVR ONE HA 5.0 S64LNX PER CPU T2 ESS E;20959855;;REW CLST SVR ONE HA 5.0 S64LNX PER CPU T2 ESS E;REW CLST SVR ONE HA 5.0 S64LNX PER CPU T2 ESS E;REW CLST SVR ONE HA 5.0 S64LNX PER CPU T2 ESS E;REW CLST SVR ONE HA 5.0 S64LNX PER CPU T2 ESS E;;;;79;;
1;3;2094;1;1326,309;1078,3;REW CLST ONE HA 5.0 WIN PER CPU T3 STD LIC B;20959857;;REW CLST ONE HA 5.0 WIN PER CPU T3 STD LIC B;REW CLST ONE HA 5.0 WIN PER CPU T3 STD LIC B;REW CLST ONE HA 5.0 WIN PER CPU T3 STD LIC B;REW CLST ONE HA 5.0 WIN PER CPU T3 STD LIC B;;;;79;;
1;3;2094;1;1226,8389;997,43;REW CLST ONE HA 5.0 WIN PER CPU T3 STD LIC E;20959858;;REW CLST ONE HA 5.0 WIN PER CPU T3 STD LIC E;REW CLST ONE HA 5.0 WIN PER CPU T3 STD LIC E;REW CLST ONE HA 5.0 WIN PER CPU T3 STD LIC E;REW CLST ONE HA 5.0 WIN PER CPU T3 STD LIC E;;;;79;;
1;3;2094;1;1326,309;1078,3;AE CLST ONE HA 5.0 WIN PER CPU T3 STD LIC S;20959859;;AE CLST ONE HA 5.0 WIN PER CPU T3 STD LIC S;AE CLST ONE HA 5.0 WIN PER CPU T3 STD LIC S;AE CLST ONE HA 5.0 WIN PER CPU T3 STD LIC S;AE CLST ONE HA 5.0 WIN PER CPU T3 STD LIC S;;;;79;;
1;3;2094;1;292,0635;237,45;REW CLST ONE HA 5.0 WIN PER CPU T3 BAS E;20959860;;REW CLST ONE HA 5.0 WIN PER CPU T3 BAS E;REW CLST ONE HA 5.0 WIN PER CPU T3 BAS E;REW CLST ONE HA 5.0 WIN PER CPU T3 BAS E;REW CLST ONE HA 5.0 WIN PER CPU T3 BAS E;;;;79;;
1;3;2094;1;315,741;256,7;GOV CLST ONE HA 5.0 WIN PER CPU T3 BAS S;20959861;;GOV CLST ONE HA 5.0 WIN PER CPU T3 BAS S;GOV CLST ONE HA 5.0 WIN PER CPU T3 BAS S;GOV CLST ONE HA 5.0 WIN PER CPU T3 BAS S;GOV CLST ONE HA 5.0 WIN PER CPU T3 BAS S;;;;79;;
1;3;2094;1;403,4646;328,02;REW CLST ONE HA 5.0 WIN PER CPU T3 ESS A;20959862;;REW CLST ONE HA 5.0 WIN PER CPU T3 ESS A;REW CLST ONE HA 5.0 WIN PER CPU T3 ESS A;REW CLST ONE HA 5.0 WIN PER CPU T3 ESS A;REW CLST ONE HA 5.0 WIN PER CPU T3 ESS A;;;;79;;
1;3;2094;1;383,2926;311,62;REW CLST ONE HA 5.0 WIN PER CPU T3 ESS D;20959863;;REW CLST ONE HA 5.0 WIN PER CPU T3 ESS D;REW CLST ONE HA 5.0 WIN PER CPU T3 ESS D;REW CLST ONE HA 5.0 WIN PER CPU T3 ESS D;REW CLST ONE HA 5.0 WIN PER CPU T3 ESS D;;;;79;;
1;3;2094;1;373,1943;303,41;REW CLST ONE HA 5.0 WIN PER CPU T3 ESS E;20959864;;REW CLST ONE HA 5.0 WIN PER CPU T3 ESS E;REW CLST ONE HA 5.0 WIN PER CPU T3 ESS E;REW CLST ONE HA 5.0 WIN PER CPU T3 ESS E;REW CLST ONE HA 5.0 WIN PER CPU T3 ESS E;;;;79;;
1;3;2094;1;403,4646;328,02;CLUST ONE HA5.0 WINPCPU TIER 3 ESS ACD-S;20959865;;CLUST ONE HA5.0 WINPCPU TIER 3 ESS ACD-S;CLUST ONE HA5.0 WINPCPU TIER 3 ESS ACD-S;CLUST ONE HA5.0 WINPCPU TIER 3 ESS ACD-S;CLUST ONE HA5.0 WINPCPU TIER 3 ESS ACD-S;;;;79;;
1;3;2094;1;1226,8389;997,43;REW CLST SVR ONE HA 5.0 S64LNX P CPU T3 STD LIC E;20959869;;REW CLST SVR ONE HA 5.0 S64LNX P CPU T3 STD LIC E;REW CLST SVR ONE HA 5.0 S64LNX P CPU T3 STD LIC E;REW CLST SVR ONE HA 5.0 S64LNX P CPU T3 STD LIC E;REW CLST SVR ONE HA 5.0 S64LNX P CPU T3 STD LIC E;;;;79;;
1;3;2094;1;1326,309;1078,3;AE CLST SVR ONE HA 5.0 S64LNX P CPU T3 STD LIC S;20959870;;AE CLST SVR ONE HA 5.0 S64LNX P CPU T3 STD LIC S;AE CLST SVR ONE HA 5.0 S64LNX P CPU T3 STD LIC S;AE CLST SVR ONE HA 5.0 S64LNX P CPU T3 STD LIC S;AE CLST SVR ONE HA 5.0 S64LNX P CPU T3 STD LIC S;;;;79;;
1;3;2094;1;315,741;256,7;GOV CLST SVR ONE HA 5.0 S64LNX PER CPU T3 BAS S;20959871;;GOV CLST SVR ONE HA 5.0 S64LNX PER CPU T3 BAS S;GOV CLST SVR ONE HA 5.0 S64LNX PER CPU T3 BAS S;GOV CLST SVR ONE HA 5.0 S64LNX PER CPU T3 BAS S;GOV CLST SVR ONE HA 5.0 S64LNX PER CPU T3 BAS S;;;;79;;
1;3;2094;1;383,2926;311,62;REW CLST SVR ONE HA 5.0 S64LNX PER CPU T3 ESS D;20959872;;REW CLST SVR ONE HA 5.0 S64LNX PER CPU T3 ESS D;REW CLST SVR ONE HA 5.0 S64LNX PER CPU T3 ESS D;REW CLST SVR ONE HA 5.0 S64LNX PER CPU T3 ESS D;REW CLST SVR ONE HA 5.0 S64LNX PER CPU T3 ESS D;;;;79;;
1;3;2094;1;403,4646;328,02;GOV CLST SVR ONE HA 5.0 S64LNX PER CPU T3 ESS S;20959874;;GOV CLST SVR ONE HA 5.0 S64LNX PER CPU T3 ESS S;GOV CLST SVR ONE HA 5.0 S64LNX PER CPU T3 ESS S;GOV CLST SVR ONE HA 5.0 S64LNX PER CPU T3 ESS S;GOV CLST SVR ONE HA 5.0 S64LNX PER CPU T3 ESS S;;;;79;;
1;3;2094;1;882,7341;717,67;EXP CLST SVR ONE HA 5.0 WIN PER CPU T1 STD LIC S;20959879;;EXP CLST SVR ONE HA 5.0 WIN PER CPU T1 STD LIC S;EXP CLST SVR ONE HA 5.0 WIN PER CPU T1 STD LIC S;EXP CLST SVR ONE HA 5.0 WIN PER CPU T1 STD LIC S;EXP CLST SVR ONE HA 5.0 WIN PER CPU T1 STD LIC S;;;;79;;
1;3;2094;1;268,5336;218,32;REW CLST ONE HA 5.0 WIN PER CPU T1 ESS B;20959880;;REW CLST ONE HA 5.0 WIN PER CPU T1 ESS B;REW CLST ONE HA 5.0 WIN PER CPU T1 ESS B;REW CLST ONE HA 5.0 WIN PER CPU T1 ESS B;REW CLST ONE HA 5.0 WIN PER CPU T1 ESS B;;;;79;;
1;3;2094;1;268,5336;218,32;GOV CLST ONE HA 5.0 WIN PER CPU T1 ESS S;20959881;;GOV CLST ONE HA 5.0 WIN PER CPU T1 ESS S;GOV CLST ONE HA 5.0 WIN PER CPU T1 ESS S;GOV CLST ONE HA 5.0 WIN PER CPU T1 ESS S;GOV CLST ONE HA 5.0 WIN PER CPU T1 ESS S;;;;79;;
1;3;2094;1;268,5336;218,32;EXP CLST SVR ONE HA 5.0 WIN PER CPU T1 ESS S;20959882;;EXP CLST SVR ONE HA 5.0 WIN PER CPU T1 ESS S;EXP CLST SVR ONE HA 5.0 WIN PER CPU T1 ESS S;EXP CLST SVR ONE HA 5.0 WIN PER CPU T1 ESS S;EXP CLST SVR ONE HA 5.0 WIN PER CPU T1 ESS S;;;;79;;
1;3;2094;1;816,5232;663,84;REW CLST SVR ONE HA 5.0 S64LNX P CPU T1 STD LIC E;20959884;;REW CLST SVR ONE HA 5.0 S64LNX P CPU T1 STD LIC E;REW CLST SVR ONE HA 5.0 S64LNX P CPU T1 STD LIC E;REW CLST SVR ONE HA 5.0 S64LNX P CPU T1 STD LIC E;REW CLST SVR ONE HA 5.0 S64LNX P CPU T1 STD LIC E;;;;79;;
1;3;2094;1;199,6413;162,31;REW CLST SVR ONE HA 5.0 S64LNX PER CPU T1 BAS C;20959885;;REW CLST SVR ONE HA 5.0 S64LNX PER CPU T1 BAS C;REW CLST SVR ONE HA 5.0 S64LNX PER CPU T1 BAS C;REW CLST SVR ONE HA 5.0 S64LNX PER CPU T1 BAS C;REW CLST SVR ONE HA 5.0 S64LNX PER CPU T1 BAS C;;;;79;;
1;3;2094;1;255,102;207,4;REW CLST SVR ONE HA 5.0 S64LNX PER CPU T1 ESS D;20959886;;REW CLST SVR ONE HA 5.0 S64LNX PER CPU T1 ESS D;REW CLST SVR ONE HA 5.0 S64LNX PER CPU T1 ESS D;REW CLST SVR ONE HA 5.0 S64LNX PER CPU T1 ESS D;REW CLST SVR ONE HA 5.0 S64LNX PER CPU T1 ESS D;;;;79;;
1;3;2094;1;268,5336;218,32;GOV CLST SVR ONE HA 5.0 S64LNX PER CPU T1 ESS S;20959887;;GOV CLST SVR ONE HA 5.0 S64LNX PER CPU T1 ESS S;GOV CLST SVR ONE HA 5.0 S64LNX PER CPU T1 ESS S;GOV CLST SVR ONE HA 5.0 S64LNX PER CPU T1 ESS S;GOV CLST SVR ONE HA 5.0 S64LNX PER CPU T1 ESS S;;;;79;;
1;3;2094;1;1091,4405;887,35;REW CLST ONE HA 5.0 WIN PER CPU T2 STD LIC C;20959889;;REW CLST ONE HA 5.0 WIN PER CPU T2 STD LIC C;REW CLST ONE HA 5.0 WIN PER CPU T2 STD LIC C;REW CLST ONE HA 5.0 WIN PER CPU T2 STD LIC C;REW CLST ONE HA 5.0 WIN PER CPU T2 STD LIC C;;;;79;;
1;3;2094;1;1148,8692;934,04;AE CLST ONE HA 5.0 WIN PER CPU T2 STD LIC S;20959891;;AE CLST ONE HA 5.0 WIN PER CPU T2 STD LIC S;AE CLST ONE HA 5.0 WIN PER CPU T2 STD LIC S;AE CLST ONE HA 5.0 WIN PER CPU T2 STD LIC S;AE CLST ONE HA 5.0 WIN PER CPU T2 STD LIC S;;;;79;;
1;3;2094;1;259,8375;211,25;REW CLST ONE HA 5.0 WIN PER CPU T2 BAS D;20959892;;REW CLST ONE HA 5.0 WIN PER CPU T2 BAS D;REW CLST ONE HA 5.0 WIN PER CPU T2 BAS D;REW CLST ONE HA 5.0 WIN PER CPU T2 BAS D;REW CLST ONE HA 5.0 WIN PER CPU T2 BAS D;;;;79;;
1;3;2094;1;253,011;205,7;REW CLST SVR ONE HA 5.0 S64LNX PER CPU T2 BAS E;20959896;;REW CLST SVR ONE HA 5.0 S64LNX PER CPU T2 BAS E;REW CLST SVR ONE HA 5.0 S64LNX PER CPU T2 BAS E;REW CLST SVR ONE HA 5.0 S64LNX PER CPU T2 BAS E;REW CLST SVR ONE HA 5.0 S64LNX PER CPU T2 BAS E;;;;79;;
1;3;2094;1;349,4922;284,14;GOV CLST SVR ONE HA 5.0 S64LNX PER CPU T2 ESS S;20959897;;GOV CLST SVR ONE HA 5.0 S64LNX PER CPU T2 ESS S;GOV CLST SVR ONE HA 5.0 S64LNX PER CPU T2 ESS S;GOV CLST SVR ONE HA 5.0 S64LNX PER CPU T2 ESS S;GOV CLST SVR ONE HA 5.0 S64LNX PER CPU T2 ESS S;;;;79;;
1;3;2094;1;1326,309;1078,3;EXP CLST SVR ONE HA 5.0 WIN PER CPU T3 STD LIC S;20959899;;EXP CLST SVR ONE HA 5.0 WIN PER CPU T3 STD LIC S;EXP CLST SVR ONE HA 5.0 WIN PER CPU T3 STD LIC S;EXP CLST SVR ONE HA 5.0 WIN PER CPU T3 STD LIC S;EXP CLST SVR ONE HA 5.0 WIN PER CPU T3 STD LIC S;;;;79;;
1;3;2094;1;299,9601;243,87;REW CLST ONE HA 5.0 WIN PER CPU T3 BAS C;20959900;;REW CLST ONE HA 5.0 WIN PER CPU T3 BAS C;REW CLST ONE HA 5.0 WIN PER CPU T3 BAS C;REW CLST ONE HA 5.0 WIN PER CPU T3 BAS C;REW CLST ONE HA 5.0 WIN PER CPU T3 BAS C;;;;79;;
1;3;2094;1;383,2926;311,62;REW CLST ONE HA 5.0 WIN PER CPU T3 ESS C;20959901;;REW CLST ONE HA 5.0 WIN PER CPU T3 ESS C;REW CLST ONE HA 5.0 WIN PER CPU T3 ESS C;REW CLST ONE HA 5.0 WIN PER CPU T3 ESS C;REW CLST ONE HA 5.0 WIN PER CPU T3 ESS C;;;;79;;
1;3;2094;1;403,4646;328,02;EXP CLST SVR ONE HA 5.0 WIN PER CPU T3 ESS S;20959902;;EXP CLST SVR ONE HA 5.0 WIN PER CPU T3 ESS S;EXP CLST SVR ONE HA 5.0 WIN PER CPU T3 ESS S;EXP CLST SVR ONE HA 5.0 WIN PER CPU T3 ESS S;EXP CLST SVR ONE HA 5.0 WIN PER CPU T3 ESS S;;;;79;;
1;3;2094;1;1259,9997;1024,39;REW CLST SVR ONE HA 5.0 S64LNX P CPU T3 STD LIC C;20959905;;REW CLST SVR ONE HA 5.0 S64LNX P CPU T3 STD LIC C;REW CLST SVR ONE HA 5.0 S64LNX P CPU T3 STD LIC C;REW CLST SVR ONE HA 5.0 S64LNX P CPU T3 STD LIC C;REW CLST SVR ONE HA 5.0 S64LNX P CPU T3 STD LIC C;;;;79;;
1;3;2094;1;315,741;256,7;REW CLST SVR ONE HA 5.0 S64LNX PER CPU T3 BAS B;20959906;;REW CLST SVR ONE HA 5.0 S64LNX PER CPU T3 BAS B;REW CLST SVR ONE HA 5.0 S64LNX PER CPU T3 BAS B;REW CLST SVR ONE HA 5.0 S64LNX PER CPU T3 BAS B;REW CLST SVR ONE HA 5.0 S64LNX PER CPU T3 BAS B;;;;79;;
1;3;2094;1;299,9601;243,87;REW CLST SVR ONE HA 5.0 S64LNX PER CPU T3 BAS D;20959907;;REW CLST SVR ONE HA 5.0 S64LNX PER CPU T3 BAS D;REW CLST SVR ONE HA 5.0 S64LNX PER CPU T3 BAS D;REW CLST SVR ONE HA 5.0 S64LNX PER CPU T3 BAS D;REW CLST SVR ONE HA 5.0 S64LNX PER CPU T3 BAS D;;;;79;;
1;3;2094;1;373,1943;303,41;REW CLST SVR ONE HA 5.0 S64LNX PER CPU T3 ESS E;20959910;;REW CLST SVR ONE HA 5.0 S64LNX PER CPU T3 ESS E;REW CLST SVR ONE HA 5.0 S64LNX PER CPU T3 ESS E;REW CLST SVR ONE HA 5.0 S64LNX PER CPU T3 ESS E;REW CLST SVR ONE HA 5.0 S64LNX PER CPU T3 ESS E;;;;79;;
1;3;2094;1;882,7341;717,67;AE CLST ONE HA 5.0 WIN PER CPU T1 STD LIC S;20959911;;AE CLST ONE HA 5.0 WIN PER CPU T1 STD LIC S;AE CLST ONE HA 5.0 WIN PER CPU T1 STD LIC S;AE CLST ONE HA 5.0 WIN PER CPU T1 STD LIC S;AE CLST ONE HA 5.0 WIN PER CPU T1 STD LIC S;;;;79;;
1;3;2094;1;210,1332;170,84;EXP CLST SVR ONE HA 5.0 WIN PER CPU T1 BAS S;20959912;;EXP CLST SVR ONE HA 5.0 WIN PER CPU T1 BAS S;EXP CLST SVR ONE HA 5.0 WIN PER CPU T1 BAS S;EXP CLST SVR ONE HA 5.0 WIN PER CPU T1 BAS S;EXP CLST SVR ONE HA 5.0 WIN PER CPU T1 BAS S;;;;79;;
1;3;2094;1;882,7341;717,67;EXP CLST SVR ONE HA 5.0 S64LNX CPU T1 STD LIC S;20959917;;EXP CLST SVR ONE HA 5.0 S64LNX CPU T1 STD LIC S;EXP CLST SVR ONE HA 5.0 S64LNX CPU T1 STD LIC S;EXP CLST SVR ONE HA 5.0 S64LNX CPU T1 STD LIC S;EXP CLST SVR ONE HA 5.0 S64LNX CPU T1 STD LIC S;;;;79;;
1;3;2094;1;210,1332;170,84;REW CLST SVR ONE HA 5.0 S64LNX PER CPU T1 BAS B;20959918;;REW CLST SVR ONE HA 5.0 S64LNX PER CPU T1 BAS B;REW CLST SVR ONE HA 5.0 S64LNX PER CPU T1 BAS B;REW CLST SVR ONE HA 5.0 S64LNX PER CPU T1 BAS B;REW CLST SVR ONE HA 5.0 S64LNX PER CPU T1 BAS B;;;;79;;
1;3;2094;1;210,1332;170,84;GOV CLST SVR ONE HA 5.0 S64LNX PER CPU T1 BAS S;20959919;;GOV CLST SVR ONE HA 5.0 S64LNX PER CPU T1 BAS S;GOV CLST SVR ONE HA 5.0 S64LNX PER CPU T1 BAS S;GOV CLST SVR ONE HA 5.0 S64LNX PER CPU T1 BAS S;GOV CLST SVR ONE HA 5.0 S64LNX PER CPU T1 BAS S;;;;79;;
1;3;2094;1;248,3985;201,95;REW CLST SVR ONE HA 5.0 S64LNX PER CPU T1 ESS E;20959920;;REW CLST SVR ONE HA 5.0 S64LNX PER CPU T1 ESS E;REW CLST SVR ONE HA 5.0 S64LNX PER CPU T1 ESS E;REW CLST SVR ONE HA 5.0 S64LNX PER CPU T1 ESS E;REW CLST SVR ONE HA 5.0 S64LNX PER CPU T1 ESS E;;;;79;;
1;3;2094;1;838,5894;681,78;REW CLST SVR ONE HA 5.0 S64LNX P CPU T1 STD LIC C;20959924;;REW CLST SVR ONE HA 5.0 S64LNX P CPU T1 STD LIC C;REW CLST SVR ONE HA 5.0 S64LNX P CPU T1 STD LIC C;REW CLST SVR ONE HA 5.0 S64LNX P CPU T1 STD LIC C;REW CLST SVR ONE HA 5.0 S64LNX P CPU T1 STD LIC C;;;;79;;
1;3;2094;1;210,1332;170,84;REW CLST SVR ONE HA 5.0 S64LNX PER CPU T1 BAS A;20959925;;REW CLST SVR ONE HA 5.0 S64LNX PER CPU T1 BAS A;REW CLST SVR ONE HA 5.0 S64LNX PER CPU T1 BAS A;REW CLST SVR ONE HA 5.0 S64LNX PER CPU T1 BAS A;REW CLST SVR ONE HA 5.0 S64LNX PER CPU T1 BAS A;;;;79;;
1;3;2094;1;268,5336;218,32;REW CLST SVR ONE HA 5.0 S64LNX PER CPU T1 ESS A;20959926;;REW CLST SVR ONE HA 5.0 S64LNX PER CPU T1 ESS A;REW CLST SVR ONE HA 5.0 S64LNX PER CPU T1 ESS A;REW CLST SVR ONE HA 5.0 S64LNX PER CPU T1 ESS A;REW CLST SVR ONE HA 5.0 S64LNX PER CPU T1 ESS A;;;;79;;
1;3;2094;1;1091,4405;887,35;REW CLST ONE HA 5.0 WIN PER CPU T2 STD LIC D;20959929;;REW CLST ONE HA 5.0 WIN PER CPU T2 STD LIC D;REW CLST ONE HA 5.0 WIN PER CPU T2 STD LIC D;REW CLST ONE HA 5.0 WIN PER CPU T2 STD LIC D;REW CLST ONE HA 5.0 WIN PER CPU T2 STD LIC D;;;;79;;
1;3;2094;1;1062,72;864;REW CLST ONE HA 5.0 WIN PER CPU T2 STD LIC E;20959930;;REW CLST ONE HA 5.0 WIN PER CPU T2 STD LIC E;REW CLST ONE HA 5.0 WIN PER CPU T2 STD LIC E;REW CLST ONE HA 5.0 WIN PER CPU T2 STD LIC E;REW CLST ONE HA 5.0 WIN PER CPU T2 STD LIC E;;;;79;;
1;3;2094;1;1148,8692;934,04;GOV CLST ONE HA 5.0 WIN PER CPU T2 STD LIC S;20959931;;GOV CLST ONE HA 5.0 WIN PER CPU T2 STD LIC S;GOV CLST ONE HA 5.0 WIN PER CPU T2 STD LIC S;GOV CLST ONE HA 5.0 WIN PER CPU T2 STD LIC S;GOV CLST ONE HA 5.0 WIN PER CPU T2 STD LIC S;;;;79;;
1;3;2094;1;259,8375;211,25;REW CLST ONE HA 5.0 WIN PER CPU T2 BAS C;20959932;;REW CLST ONE HA 5.0 WIN PER CPU T2 BAS C;REW CLST ONE HA 5.0 WIN PER CPU T2 BAS C;REW CLST ONE HA 5.0 WIN PER CPU T2 BAS C;REW CLST ONE HA 5.0 WIN PER CPU T2 BAS C;;;;79;;
1;3;2094;1;349,4922;284,14;GOV CLST ONE HA 5.0 WIN PER CPU T2 ESS S;20959933;;GOV CLST ONE HA 5.0 WIN PER CPU T2 ESS S;GOV CLST ONE HA 5.0 WIN PER CPU T2 ESS S;GOV CLST ONE HA 5.0 WIN PER CPU T2 ESS S;GOV CLST ONE HA 5.0 WIN PER CPU T2 ESS S;;;;79;;
1;3;2094;1;349,4922;284,14;CLUST ONE HA5.0 WINPCPU TIER 2 ESS ACD-S;20959936;;CLUST ONE HA5.0 WINPCPU TIER 2 ESS ACD-S;CLUST ONE HA5.0 WINPCPU TIER 2 ESS ACD-S;CLUST ONE HA5.0 WINPCPU TIER 2 ESS ACD-S;CLUST ONE HA5.0 WINPCPU TIER 2 ESS ACD-S;;;;79;;
1;3;2094;1;1148,8692;934,04;REW CLST SVR ONE HA 5.0 S64LNX P CPU T2 STD LIC B;20959939;;REW CLST SVR ONE HA 5.0 S64LNX P CPU T2 STD LIC B;REW CLST SVR ONE HA 5.0 S64LNX P CPU T2 STD LIC B;REW CLST SVR ONE HA 5.0 S64LNX P CPU T2 STD LIC B;REW CLST SVR ONE HA 5.0 S64LNX P CPU T2 STD LIC B;;;;79;;
1;3;2094;1;273,5028;222,36;REW CLST SVR ONE HA 5.0 S64LNX PER CPU T2 BAS B;20959940;;REW CLST SVR ONE HA 5.0 S64LNX PER CPU T2 BAS B;REW CLST SVR ONE HA 5.0 S64LNX PER CPU T2 BAS B;REW CLST SVR ONE HA 5.0 S64LNX PER CPU T2 BAS B;REW CLST SVR ONE HA 5.0 S64LNX PER CPU T2 BAS B;;;;79;;
1;3;2094;1;349,4922;284,14;REW CLST SVR ONE HA 5.0 S64LNX PER CPU T2 ESS B;20959941;;REW CLST SVR ONE HA 5.0 S64LNX PER CPU T2 ESS B;REW CLST SVR ONE HA 5.0 S64LNX PER CPU T2 ESS B;REW CLST SVR ONE HA 5.0 S64LNX PER CPU T2 ESS B;REW CLST SVR ONE HA 5.0 S64LNX PER CPU T2 ESS B;;;;79;;
1;3;2094;1;315,741;256,7;REW CLST ONE HA 5.0 WIN PER CPU T3 BAS A;20959944;;REW CLST ONE HA 5.0 WIN PER CPU T3 BAS A;REW CLST ONE HA 5.0 WIN PER CPU T3 BAS A;REW CLST ONE HA 5.0 WIN PER CPU T3 BAS A;REW CLST ONE HA 5.0 WIN PER CPU T3 BAS A;;;;79;;
1;3;2094;1;1091,4405;887,35;REW CLST SVR ONE HA 5.0 S64LNX P CPU T2 STD LIC D;20959951;;REW CLST SVR ONE HA 5.0 S64LNX P CPU T2 STD LIC D;REW CLST SVR ONE HA 5.0 S64LNX P CPU T2 STD LIC D;REW CLST SVR ONE HA 5.0 S64LNX P CPU T2 STD LIC D;REW CLST SVR ONE HA 5.0 S64LNX P CPU T2 STD LIC D;;;;79;;
1;3;2094;1;1062,72;864;REW CLST SVR ONE HA 5.0 S64LNX P CPU T2 STD LIC E;20959952;;REW CLST SVR ONE HA 5.0 S64LNX P CPU T2 STD LIC E;REW CLST SVR ONE HA 5.0 S64LNX P CPU T2 STD LIC E;REW CLST SVR ONE HA 5.0 S64LNX P CPU T2 STD LIC E;REW CLST SVR ONE HA 5.0 S64LNX P CPU T2 STD LIC E;;;;79;;
1;3;2094;1;273,5028;222,36;GOV CLST SVR ONE HA 5.0 S64LNX PER CPU T2 BAS S;20959953;;GOV CLST SVR ONE HA 5.0 S64LNX PER CPU T2 BAS S;GOV CLST SVR ONE HA 5.0 S64LNX PER CPU T2 BAS S;GOV CLST SVR ONE HA 5.0 S64LNX PER CPU T2 BAS S;GOV CLST SVR ONE HA 5.0 S64LNX PER CPU T2 BAS S;;;;79;;
1;3;2094;1;273,5028;222,36;EXP CLST SVR ONE HA 5.0 S64LNX PER CPU T2 BAS S;20959954;;EXP CLST SVR ONE HA 5.0 S64LNX PER CPU T2 BAS S;EXP CLST SVR ONE HA 5.0 S64LNX PER CPU T2 BAS S;EXP CLST SVR ONE HA 5.0 S64LNX PER CPU T2 BAS S;EXP CLST SVR ONE HA 5.0 S64LNX PER CPU T2 BAS S;;;;79;;
1;3;2094;1;332,0139;269,93;REW CLST SVR ONE HA 5.0 S64LNX PER CPU T2 ESS D;20959955;;REW CLST SVR ONE HA 5.0 S64LNX PER CPU T2 ESS D;REW CLST SVR ONE HA 5.0 S64LNX PER CPU T2 ESS D;REW CLST SVR ONE HA 5.0 S64LNX PER CPU T2 ESS D;REW CLST SVR ONE HA 5.0 S64LNX PER CPU T2 ESS D;;;;79;;
1;3;2094;1;349,4922;284,14;EXP CLST SVR ONE HA 5.0 S64LNX PER CPU T2 ESS S;20959956;;EXP CLST SVR ONE HA 5.0 S64LNX PER CPU T2 ESS S;EXP CLST SVR ONE HA 5.0 S64LNX PER CPU T2 ESS S;EXP CLST SVR ONE HA 5.0 S64LNX PER CPU T2 ESS S;EXP CLST SVR ONE HA 5.0 S64LNX PER CPU T2 ESS S;;;;79;;
1;3;2094;1;349,4922;284,14;AE CLST SVR ONE HA 5.0 S64LNX PER CPU T2 ESS S;20959957;;AE CLST SVR ONE HA 5.0 S64LNX PER CPU T2 ESS S;AE CLST SVR ONE HA 5.0 S64LNX PER CPU T2 ESS S;AE CLST SVR ONE HA 5.0 S64LNX PER CPU T2 ESS S;AE CLST SVR ONE HA 5.0 S64LNX PER CPU T2 ESS S;;;;79;;
1;3;2094;1;1326,309;1078,3;EXP CLST SVR ONE HA 5.0 S64LNX CPU T3 STD LIC S;20959961;;EXP CLST SVR ONE HA 5.0 S64LNX CPU T3 STD LIC S;EXP CLST SVR ONE HA 5.0 S64LNX CPU T3 STD LIC S;EXP CLST SVR ONE HA 5.0 S64LNX CPU T3 STD LIC S;EXP CLST SVR ONE HA 5.0 S64LNX CPU T3 STD LIC S;;;;79;;
1;3;2094;1;403,4646;328,02;AE CLST SVR ONE HA 5.0 S64LNX PER CPU T3 ESS S;20959962;;AE CLST SVR ONE HA 5.0 S64LNX PER CPU T3 ESS S;AE CLST SVR ONE HA 5.0 S64LNX PER CPU T3 ESS S;AE CLST SVR ONE HA 5.0 S64LNX PER CPU T3 ESS S;AE CLST SVR ONE HA 5.0 S64LNX PER CPU T3 ESS S;;;;79;;
1;3;2094;1;882,7341;717,67;GOV CLST ONE HA 5.0 WIN PER CPU T1 STD LIC S;20959965;;GOV CLST ONE HA 5.0 WIN PER CPU T1 STD LIC S;GOV CLST ONE HA 5.0 WIN PER CPU T1 STD LIC S;GOV CLST ONE HA 5.0 WIN PER CPU T1 STD LIC S;GOV CLST ONE HA 5.0 WIN PER CPU T1 STD LIC S;;;;79;;
1;3;2094;1;199,6413;162,31;REW CLST ONE HA 5.0 WIN PER CPU T1 BAS C;20959966;;REW CLST ONE HA 5.0 WIN PER CPU T1 BAS C;REW CLST ONE HA 5.0 WIN PER CPU T1 BAS C;REW CLST ONE HA 5.0 WIN PER CPU T1 BAS C;REW CLST ONE HA 5.0 WIN PER CPU T1 BAS C;;;;79;;
1;3;2094;1;210,1332;170,84;GOV CLST ONE HA 5.0 WIN PER CPU T1 BAS S;20959967;;GOV CLST ONE HA 5.0 WIN PER CPU T1 BAS S;GOV CLST ONE HA 5.0 WIN PER CPU T1 BAS S;GOV CLST ONE HA 5.0 WIN PER CPU T1 BAS S;GOV CLST ONE HA 5.0 WIN PER CPU T1 BAS S;;;;79;;
1;3;2094;1;255,102;207,4;REW CLST ONE HA 5.0 WIN PER CPU T1 ESS C;20959968;;REW CLST ONE HA 5.0 WIN PER CPU T1 ESS C;REW CLST ONE HA 5.0 WIN PER CPU T1 ESS C;REW CLST ONE HA 5.0 WIN PER CPU T1 ESS C;REW CLST ONE HA 5.0 WIN PER CPU T1 ESS C;;;;79;;
1;3;2094;1;882,7341;717,67;REW CLST SVR ONE HA 5.0 S64LNX P CPU T1 STD LIC A;20959970;;REW CLST SVR ONE HA 5.0 S64LNX P CPU T1 STD LIC A;REW CLST SVR ONE HA 5.0 S64LNX P CPU T1 STD LIC A;REW CLST SVR ONE HA 5.0 S64LNX P CPU T1 STD LIC A;REW CLST SVR ONE HA 5.0 S64LNX P CPU T1 STD LIC A;;;;79;;
1;3;2094;1;1326,309;1078,3;REW CLST ONE HA 5.0 WIN PER CPU T3 STD LIC A;20959974;;REW CLST ONE HA 5.0 WIN PER CPU T3 STD LIC A;REW CLST ONE HA 5.0 WIN PER CPU T3 STD LIC A;REW CLST ONE HA 5.0 WIN PER CPU T3 STD LIC A;REW CLST ONE HA 5.0 WIN PER CPU T3 STD LIC A;;;;79;;
1;3;2094;1;403,4646;328,02;REW CLST ONE HA 5.0 WIN PER CPU T3 ESS B;20959975;;REW CLST ONE HA 5.0 WIN PER CPU T3 ESS B;REW CLST ONE HA 5.0 WIN PER CPU T3 ESS B;REW CLST ONE HA 5.0 WIN PER CPU T3 ESS B;REW CLST ONE HA 5.0 WIN PER CPU T3 ESS B;;;;79;;
1;3;2094;1;1326,309;1078,3;REW CLST SVR ONE HA 5.0 S64LNX P CPU T3 STD LIC B;20959979;;REW CLST SVR ONE HA 5.0 S64LNX P CPU T3 STD LIC B;REW CLST SVR ONE HA 5.0 S64LNX P CPU T3 STD LIC B;REW CLST SVR ONE HA 5.0 S64LNX P CPU T3 STD LIC B;REW CLST SVR ONE HA 5.0 S64LNX P CPU T3 STD LIC B;;;;79;;
1;3;2094;1;315,741;256,7;AE CLST SVR ONE HA 5.0 S64LNX PER CPU T3 BAS S;20959980;;AE CLST SVR ONE HA 5.0 S64LNX PER CPU T3 BAS S;AE CLST SVR ONE HA 5.0 S64LNX PER CPU T3 BAS S;AE CLST SVR ONE HA 5.0 S64LNX PER CPU T3 BAS S;AE CLST SVR ONE HA 5.0 S64LNX PER CPU T3 BAS S;;;;79;;
1;3;2094;1;403,4646;328,02;REW CLST SVR ONE HA 5.0 S64LNX PER CPU T3 ESS A;20959981;;REW CLST SVR ONE HA 5.0 S64LNX PER CPU T3 ESS A;REW CLST SVR ONE HA 5.0 S64LNX PER CPU T3 ESS A;REW CLST SVR ONE HA 5.0 S64LNX PER CPU T3 ESS A;REW CLST SVR ONE HA 5.0 S64LNX PER CPU T3 ESS A;;;;79;;
1;3;2094;1;882,7341;717,67;REW CLST SVR ONE HA 5.0 S64LNX P CPU T1 STD LIC B;20959983;;REW CLST SVR ONE HA 5.0 S64LNX P CPU T1 STD LIC B;REW CLST SVR ONE HA 5.0 S64LNX P CPU T1 STD LIC B;REW CLST SVR ONE HA 5.0 S64LNX P CPU T1 STD LIC B;REW CLST SVR ONE HA 5.0 S64LNX P CPU T1 STD LIC B;;;;79;;
1;3;2094;1;882,7341;717,67;GOV CLST SVR ONE HA 5.0 S64LNX P CPU T1 STD LIC S;20959984;;GOV CLST SVR ONE HA 5.0 S64LNX P CPU T1 STD LIC S;GOV CLST SVR ONE HA 5.0 S64LNX P CPU T1 STD LIC S;GOV CLST SVR ONE HA 5.0 S64LNX P CPU T1 STD LIC S;GOV CLST SVR ONE HA 5.0 S64LNX P CPU T1 STD LIC S;;;;79;;
1;3;2094;1;882,7341;717,67;AE CLST SVR ONE HA 5.0 S64LNX P CPU T1 STD LIC S;20959985;;AE CLST SVR ONE HA 5.0 S64LNX P CPU T1 STD LIC S;AE CLST SVR ONE HA 5.0 S64LNX P CPU T1 STD LIC S;AE CLST SVR ONE HA 5.0 S64LNX P CPU T1 STD LIC S;AE CLST SVR ONE HA 5.0 S64LNX P CPU T1 STD LIC S;;;;79;;
1;3;2094;1;199,6413;162,31;REW CLST SVR ONE HA 5.0 S64LNX PER CPU T1 BAS D;20959986;;REW CLST SVR ONE HA 5.0 S64LNX PER CPU T1 BAS D;REW CLST SVR ONE HA 5.0 S64LNX PER CPU T1 BAS D;REW CLST SVR ONE HA 5.0 S64LNX PER CPU T1 BAS D;REW CLST SVR ONE HA 5.0 S64LNX PER CPU T1 BAS D;;;;79;;
1;3;2094;1;210,1332;170,84;EXP CLST SVR ONE HA 5.0 S64LNX PER CPU T1 BAS S;20959987;;EXP CLST SVR ONE HA 5.0 S64LNX PER CPU T1 BAS S;EXP CLST SVR ONE HA 5.0 S64LNX PER CPU T1 BAS S;EXP CLST SVR ONE HA 5.0 S64LNX PER CPU T1 BAS S;EXP CLST SVR ONE HA 5.0 S64LNX PER CPU T1 BAS S;;;;79;;
1;3;2094;1;268,5336;218,32;EXP CLST SVR ONE HA 5.0 S64LNX PER CPU T1 ESS S;20959988;;EXP CLST SVR ONE HA 5.0 S64LNX PER CPU T1 ESS S;EXP CLST SVR ONE HA 5.0 S64LNX PER CPU T1 ESS S;EXP CLST SVR ONE HA 5.0 S64LNX PER CPU T1 ESS S;EXP CLST SVR ONE HA 5.0 S64LNX PER CPU T1 ESS S;;;;79;;
1;3;2094;1;273,5028;222,36;GOV CLST ONE HA 5.0 WIN PER CPU T2 BAS S;20959991;;GOV CLST ONE HA 5.0 WIN PER CPU T2 BAS S;GOV CLST ONE HA 5.0 WIN PER CPU T2 BAS S;GOV CLST ONE HA 5.0 WIN PER CPU T2 BAS S;GOV CLST ONE HA 5.0 WIN PER CPU T2 BAS S;;;;79;;
1;3;2094;1;273,5028;222,36;CLUST ONE HA5.0 WINPCPU TIER 2 BAS ACD-S;20959992;;CLUST ONE HA5.0 WINPCPU TIER 2 BAS ACD-S;CLUST ONE HA5.0 WINPCPU TIER 2 BAS ACD-S;CLUST ONE HA5.0 WINPCPU TIER 2 BAS ACD-S;CLUST ONE HA5.0 WINPCPU TIER 2 BAS ACD-S;;;;79;;
1;3;2094;1;349,4922;284,14;REW CLST ONE HA 5.0 WIN PER CPU T2 ESS B;20959993;;REW CLST ONE HA 5.0 WIN PER CPU T2 ESS B;REW CLST ONE HA 5.0 WIN PER CPU T2 ESS B;REW CLST ONE HA 5.0 WIN PER CPU T2 ESS B;REW CLST ONE HA 5.0 WIN PER CPU T2 ESS B;;;;79;;
1;3;2094;1;1091,4405;887,35;REW CLST SVR ONE HA 5.0 S64LNX P CPU T2 STD LIC C;20959994;;REW CLST SVR ONE HA 5.0 S64LNX P CPU T2 STD LIC C;REW CLST SVR ONE HA 5.0 S64LNX P CPU T2 STD LIC C;REW CLST SVR ONE HA 5.0 S64LNX P CPU T2 STD LIC C;REW CLST SVR ONE HA 5.0 S64LNX P CPU T2 STD LIC C;;;;79;;
1;3;2094;1;268,5336;218,32;REW CLST ONE HA 5.0 WIN PER CPU T1 ESS A;20959997;;REW CLST ONE HA 5.0 WIN PER CPU T1 ESS A;REW CLST ONE HA 5.0 WIN PER CPU T1 ESS A;REW CLST ONE HA 5.0 WIN PER CPU T1 ESS A;REW CLST ONE HA 5.0 WIN PER CPU T1 ESS A;;;;79;;
1;3;2094;1;268,5336;218,32;CLUST ONE HA5.0 WINPCPU TIER 1 ESS ACD-S;20959998;;CLUST ONE HA5.0 WINPCPU TIER 1 ESS ACD-S;CLUST ONE HA5.0 WINPCPU TIER 1 ESS ACD-S;CLUST ONE HA5.0 WINPCPU TIER 1 ESS ACD-S;CLUST ONE HA5.0 WINPCPU TIER 1 ESS ACD-S;;;;79;;
1;3;2094;1;838,5894;681,78;REW CLST SVR ONE HA 5.0 S64LNX P CPU T1 STD LIC D;20960002;;REW CLST SVR ONE HA 5.0 S64LNX P CPU T1 STD LIC D;REW CLST SVR ONE HA 5.0 S64LNX P CPU T1 STD LIC D;REW CLST SVR ONE HA 5.0 S64LNX P CPU T1 STD LIC D;REW CLST SVR ONE HA 5.0 S64LNX P CPU T1 STD LIC D;;;;79;;
1;3;2094;1;210,1332;170,84;AE CLST SVR ONE HA 5.0 S64LNX PER CPU T1 BAS S;20960003;;AE CLST SVR ONE HA 5.0 S64LNX PER CPU T1 BAS S;AE CLST SVR ONE HA 5.0 S64LNX PER CPU T1 BAS S;AE CLST SVR ONE HA 5.0 S64LNX PER CPU T1 BAS S;AE CLST SVR ONE HA 5.0 S64LNX PER CPU T1 BAS S;;;;79;;
1;3;2094;1;268,5336;218,32;REW CLST SVR ONE HA 5.0 S64LNX PER CPU T1 ESS B;20960004;;REW CLST SVR ONE HA 5.0 S64LNX PER CPU T1 ESS B;REW CLST SVR ONE HA 5.0 S64LNX PER CPU T1 ESS B;REW CLST SVR ONE HA 5.0 S64LNX PER CPU T1 ESS B;REW CLST SVR ONE HA 5.0 S64LNX PER CPU T1 ESS B;;;;79;;
1;3;2094;1;255,102;207,4;REW CLST SVR ONE HA 5.0 S64LNX PER CPU T1 ESS C;20960005;;REW CLST SVR ONE HA 5.0 S64LNX PER CPU T1 ESS C;REW CLST SVR ONE HA 5.0 S64LNX PER CPU T1 ESS C;REW CLST SVR ONE HA 5.0 S64LNX PER CPU T1 ESS C;REW CLST SVR ONE HA 5.0 S64LNX PER CPU T1 ESS C;;;;79;;
1;3;2094;1;1148,8692;934,04;EXP CLST SVR ONE HA 5.0 S64LNX CPU T2 STD LIC S;20960007;;EXP CLST SVR ONE HA 5.0 S64LNX CPU T2 STD LIC S;EXP CLST SVR ONE HA 5.0 S64LNX CPU T2 STD LIC S;EXP CLST SVR ONE HA 5.0 S64LNX CPU T2 STD LIC S;EXP CLST SVR ONE HA 5.0 S64LNX CPU T2 STD LIC S;;;;79;;
1;3;2094;1;259,8375;211,25;REW CLST SVR ONE HA 5.0 S64LNX PER CPU T2 BAS C;20960008;;REW CLST SVR ONE HA 5.0 S64LNX PER CPU T2 BAS C;REW CLST SVR ONE HA 5.0 S64LNX PER CPU T2 BAS C;REW CLST SVR ONE HA 5.0 S64LNX PER CPU T2 BAS C;REW CLST SVR ONE HA 5.0 S64LNX PER CPU T2 BAS C;;;;79;;
1;3;2094;1;332,0139;269,93;REW CLST SVR ONE HA 5.0 S64LNX PER CPU T2 ESS C;20960010;;REW CLST SVR ONE HA 5.0 S64LNX PER CPU T2 ESS C;REW CLST SVR ONE HA 5.0 S64LNX PER CPU T2 ESS C;REW CLST SVR ONE HA 5.0 S64LNX PER CPU T2 ESS C;REW CLST SVR ONE HA 5.0 S64LNX PER CPU T2 ESS C;;;;79;;
1;3;2094;1;1259,9997;1024,39;REW CLST ONE HA 5.0 WIN PER CPU T3 STD LIC D;20960013;;REW CLST ONE HA 5.0 WIN PER CPU T3 STD LIC D;REW CLST ONE HA 5.0 WIN PER CPU T3 STD LIC D;REW CLST ONE HA 5.0 WIN PER CPU T3 STD LIC D;REW CLST ONE HA 5.0 WIN PER CPU T3 STD LIC D;;;;79;;
1;3;2094;1;1326,309;1078,3;GOV CLST ONE HA 5.0 WIN PER CPU T3 STD LIC S;20960015;;GOV CLST ONE HA 5.0 WIN PER CPU T3 STD LIC S;GOV CLST ONE HA 5.0 WIN PER CPU T3 STD LIC S;GOV CLST ONE HA 5.0 WIN PER CPU T3 STD LIC S;GOV CLST ONE HA 5.0 WIN PER CPU T3 STD LIC S;;;;79;;
1;3;2094;1;315,741;256,7;REW CLST ONE HA 5.0 WIN PER CPU T3 BAS B;20960016;;REW CLST ONE HA 5.0 WIN PER CPU T3 BAS B;REW CLST ONE HA 5.0 WIN PER CPU T3 BAS B;REW CLST ONE HA 5.0 WIN PER CPU T3 BAS B;REW CLST ONE HA 5.0 WIN PER CPU T3 BAS B;;;;79;;
1;3;2094;1;1148,8692;934,04;REW CLST ONE HA 5.0 WIN PER CPU T2 STD LIC A;20960020;;REW CLST ONE HA 5.0 WIN PER CPU T2 STD LIC A;REW CLST ONE HA 5.0 WIN PER CPU T2 STD LIC A;REW CLST ONE HA 5.0 WIN PER CPU T2 STD LIC A;REW CLST ONE HA 5.0 WIN PER CPU T2 STD LIC A;;;;79;;
1;3;2094;1;273,5028;222,36;REW CLST ONE HA 5.0 WIN PER CPU T2 BAS B;20960021;;REW CLST ONE HA 5.0 WIN PER CPU T2 BAS B;REW CLST ONE HA 5.0 WIN PER CPU T2 BAS B;REW CLST ONE HA 5.0 WIN PER CPU T2 BAS B;REW CLST ONE HA 5.0 WIN PER CPU T2 BAS B;;;;79;;
1;3;2094;1;273,5028;222,36;EXP CLST SVR ONE HA 5.0 WIN PER CPU T2 BAS S;20960023;;EXP CLST SVR ONE HA 5.0 WIN PER CPU T2 BAS S;EXP CLST SVR ONE HA 5.0 WIN PER CPU T2 BAS S;EXP CLST SVR ONE HA 5.0 WIN PER CPU T2 BAS S;EXP CLST SVR ONE HA 5.0 WIN PER CPU T2 BAS S;;;;79;;
1;3;2094;1;349,4922;284,14;REW CLST ONE HA 5.0 WIN PER CPU T2 ESS A;20960024;;REW CLST ONE HA 5.0 WIN PER CPU T2 ESS A;REW CLST ONE HA 5.0 WIN PER CPU T2 ESS A;REW CLST ONE HA 5.0 WIN PER CPU T2 ESS A;REW CLST ONE HA 5.0 WIN PER CPU T2 ESS A;;;;79;;
1;3;2094;1;349,4922;284,14;EXP CLST SVR ONE HA 5.0 WIN PER CPU T2 ESS S;20960025;;EXP CLST SVR ONE HA 5.0 WIN PER CPU T2 ESS S;EXP CLST SVR ONE HA 5.0 WIN PER CPU T2 ESS S;EXP CLST SVR ONE HA 5.0 WIN PER CPU T2 ESS S;EXP CLST SVR ONE HA 5.0 WIN PER CPU T2 ESS S;;;;79;;
1;3;2094;1;1148,8692;934,04;AE CLST SVR ONE HA 5.0 S64LNX P CPU T2 STD LIC S;20960028;;AE CLST SVR ONE HA 5.0 S64LNX P CPU T2 STD LIC S;AE CLST SVR ONE HA 5.0 S64LNX P CPU T2 STD LIC S;AE CLST SVR ONE HA 5.0 S64LNX P CPU T2 STD LIC S;AE CLST SVR ONE HA 5.0 S64LNX P CPU T2 STD LIC S;;;;79;;
1;3;2094;1;1062,72;864;REW CLST ONE HA/DR 5.0 WIN PER CPU T1 STD LIC E;20960049;;REW CLST ONE HA/DR 5.0 WIN PER CPU T1 STD LIC E;REW CLST ONE HA/DR 5.0 WIN PER CPU T1 STD LIC E;REW CLST ONE HA/DR 5.0 WIN PER CPU T1 STD LIC E;REW CLST ONE HA/DR 5.0 WIN PER CPU T1 STD LIC E;;;;79;;
1;3;2094;1;1148,8692;934,04;AE CLST SVR ONE HA/DR 5.0 WIN PER CPU T1 STD LIC S;20960050;;AE CLST SVR ONE HA/DR 5.0 WIN PER CPU T1 STD LIC S;AE CLST SVR ONE HA/DR 5.0 WIN PER CPU T1 STD LIC S;AE CLST SVR ONE HA/DR 5.0 WIN PER CPU T1 STD LIC S;AE CLST SVR ONE HA/DR 5.0 WIN PER CPU T1 STD LIC S;;;;79;;
1;3;2094;1;1148,8692;934,04;GOV CLST ONE HA/DR 5.0 WIN PER CPU T1 STD LIC S;20960051;;GOV CLST ONE HA/DR 5.0 WIN PER CPU T1 STD LIC S;GOV CLST ONE HA/DR 5.0 WIN PER CPU T1 STD LIC S;GOV CLST ONE HA/DR 5.0 WIN PER CPU T1 STD LIC S;GOV CLST ONE HA/DR 5.0 WIN PER CPU T1 STD LIC S;;;;79;;
1;3;2094;1;259,8375;211,25;REW CLST ONE HA/DR 5.0 WIN PER CPU T1 BAS D;20960052;;REW CLST ONE HA/DR 5.0 WIN PER CPU T1 BAS D;REW CLST ONE HA/DR 5.0 WIN PER CPU T1 BAS D;REW CLST ONE HA/DR 5.0 WIN PER CPU T1 BAS D;REW CLST ONE HA/DR 5.0 WIN PER CPU T1 BAS D;;;;79;;
1;3;2094;1;273,5028;222,36;REW CLST ONE HA/DR 5.0 WIN PER CPU T1 BAS A;20960053;;REW CLST ONE HA/DR 5.0 WIN PER CPU T1 BAS A;REW CLST ONE HA/DR 5.0 WIN PER CPU T1 BAS A;REW CLST ONE HA/DR 5.0 WIN PER CPU T1 BAS A;REW CLST ONE HA/DR 5.0 WIN PER CPU T1 BAS A;;;;79;;
1;3;2094;1;332,0139;269,93;REW CLST ONE HA/DR 5.0 WIN PER CPU T1 ESS C;20960054;;REW CLST ONE HA/DR 5.0 WIN PER CPU T1 ESS C;REW CLST ONE HA/DR 5.0 WIN PER CPU T1 ESS C;REW CLST ONE HA/DR 5.0 WIN PER CPU T1 ESS C;REW CLST ONE HA/DR 5.0 WIN PER CPU T1 ESS C;;;;79;;
1;3;2094;1;323,2809;262,83;REW CLST ONE HA/DR 5.0 WIN PER CPU T1 ESS E;20960055;;REW CLST ONE HA/DR 5.0 WIN PER CPU T1 ESS E;REW CLST ONE HA/DR 5.0 WIN PER CPU T1 ESS E;REW CLST ONE HA/DR 5.0 WIN PER CPU T1 ESS E;REW CLST ONE HA/DR 5.0 WIN PER CPU T1 ESS E;;;;79;;
1;3;2094;1;400,2174;325,38;AE CLST SVR ONE HA/DR 5.0 WIN PER CPU T3 BAS S;20960058;;AE CLST SVR ONE HA/DR 5.0 WIN PER CPU T3 BAS S;AE CLST SVR ONE HA/DR 5.0 WIN PER CPU T3 BAS S;AE CLST SVR ONE HA/DR 5.0 WIN PER CPU T3 BAS S;AE CLST SVR ONE HA/DR 5.0 WIN PER CPU T3 BAS S;;;;79;;
1;3;2094;1;400,2174;325,38;GOV CLST ONE HA/DR 5.0 WIN PER CPU T3 BAS S;20960059;;GOV CLST ONE HA/DR 5.0 WIN PER CPU T3 BAS S;GOV CLST ONE HA/DR 5.0 WIN PER CPU T3 BAS S;GOV CLST ONE HA/DR 5.0 WIN PER CPU T3 BAS S;GOV CLST ONE HA/DR 5.0 WIN PER CPU T3 BAS S;;;;79;;
1;3;2094;1;400,2174;325,38;EXP CLST ONE HA/DR 5.0 WIN PER CPU T3 BAS S;20960060;;EXP CLST ONE HA/DR 5.0 WIN PER CPU T3 BAS S;EXP CLST ONE HA/DR 5.0 WIN PER CPU T3 BAS S;EXP CLST ONE HA/DR 5.0 WIN PER CPU T3 BAS S;EXP CLST ONE HA/DR 5.0 WIN PER CPU T3 BAS S;;;;79;;
1;3;2094;1;485,8377;394,99;REW CLST ONE HA/DR 5.0 WIN PER CPU T3 ESS C;20960061;;REW CLST ONE HA/DR 5.0 WIN PER CPU T3 ESS C;REW CLST ONE HA/DR 5.0 WIN PER CPU T3 ESS C;REW CLST ONE HA/DR 5.0 WIN PER CPU T3 ESS C;REW CLST ONE HA/DR 5.0 WIN PER CPU T3 ESS C;;;;79;;
1;3;2094;1;473,0457;384,59;REW CLST ONE HA/DR 5.0 WIN PER CPU T3 ESS E;20960062;;REW CLST ONE HA/DR 5.0 WIN PER CPU T3 ESS E;REW CLST ONE HA/DR 5.0 WIN PER CPU T3 ESS E;REW CLST ONE HA/DR 5.0 WIN PER CPU T3 ESS E;REW CLST ONE HA/DR 5.0 WIN PER CPU T3 ESS E;;;;79;;
1;3;2094;1;511,4094;415,78;AE CLST SVR ONE HA/DR 5.0 WIN PER CPU T3 ESS S;20960063;;AE CLST SVR ONE HA/DR 5.0 WIN PER CPU T3 ESS S;AE CLST SVR ONE HA/DR 5.0 WIN PER CPU T3 ESS S;AE CLST SVR ONE HA/DR 5.0 WIN PER CPU T3 ESS S;AE CLST SVR ONE HA/DR 5.0 WIN PER CPU T3 ESS S;;;;79;;
1;3;2094;1;273,5028;222,36;GOV CLST ONE HA/DR 5.0 S64LNX PER CPU T1 BAS S;20960066;;GOV CLST ONE HA/DR 5.0 S64LNX PER CPU T1 BAS S;GOV CLST ONE HA/DR 5.0 S64LNX PER CPU T1 BAS S;GOV CLST ONE HA/DR 5.0 S64LNX PER CPU T1 BAS S;GOV CLST ONE HA/DR 5.0 S64LNX PER CPU T1 BAS S;;;;79;;
1;3;2094;1;1503,7365;1222,55;REW CLST ONE HA/DR 5.0 WIN PER CPU T2 STD LIC B;20960070;;REW CLST ONE HA/DR 5.0 WIN PER CPU T2 STD LIC B;REW CLST ONE HA/DR 5.0 WIN PER CPU T2 STD LIC B;REW CLST ONE HA/DR 5.0 WIN PER CPU T2 STD LIC B;REW CLST ONE HA/DR 5.0 WIN PER CPU T2 STD LIC B;;;;79;;
1;3;2094;1;340,095;276,5;REW CLST ONE HA/DR 5.0 WIN PER CPU T2 BAS D;20960071;;REW CLST ONE HA/DR 5.0 WIN PER CPU T2 BAS D;REW CLST ONE HA/DR 5.0 WIN PER CPU T2 BAS D;REW CLST ONE HA/DR 5.0 WIN PER CPU T2 BAS D;REW CLST ONE HA/DR 5.0 WIN PER CPU T2 BAS D;;;;79;;
1;3;2094;1;1390,9701;1130,87;REW CLST ONE HA/DR 5.0 S64LNX P CPU T2 STD LIC E;20960073;;REW CLST ONE HA/DR 5.0 S64LNX P CPU T2 STD LIC E;REW CLST ONE HA/DR 5.0 S64LNX P CPU T2 STD LIC E;REW CLST ONE HA/DR 5.0 S64LNX P CPU T2 STD LIC E;REW CLST ONE HA/DR 5.0 S64LNX P CPU T2 STD LIC E;;;;79;;
1;3;2094;1;357,9792;291,04;GOV CLST ONE HA/DR 5.0 S64LNX PER CPU T2 BAS S;20960075;;GOV CLST ONE HA/DR 5.0 S64LNX PER CPU T2 BAS S;GOV CLST ONE HA/DR 5.0 S64LNX PER CPU T2 BAS S;GOV CLST ONE HA/DR 5.0 S64LNX PER CPU T2 BAS S;GOV CLST ONE HA/DR 5.0 S64LNX PER CPU T2 BAS S;;;;79;;
1;3;2094;1;434,5713;353,31;REW CLST ONE HA/DR 5.0 S64LNX PER CPU T2 ESS C;20960076;;REW CLST ONE HA/DR 5.0 S64LNX PER CPU T2 ESS C;REW CLST ONE HA/DR 5.0 S64LNX PER CPU T2 ESS C;REW CLST ONE HA/DR 5.0 S64LNX PER CPU T2 ESS C;REW CLST ONE HA/DR 5.0 S64LNX PER CPU T2 ESS C;;;;79;;
1;3;2094;1;1681,164;1366,8;REW CLST ONE HA/DR 5.0 WIN PER CPU T3 STD LIC A;20960080;;REW CLST ONE HA/DR 5.0 WIN PER CPU T3 STD LIC A;REW CLST ONE HA/DR 5.0 WIN PER CPU T3 STD LIC A;REW CLST ONE HA/DR 5.0 WIN PER CPU T3 STD LIC A;REW CLST ONE HA/DR 5.0 WIN PER CPU T3 STD LIC A;;;;79;;
1;3;2094;1;1597,1181;1298,47;REW CLST ONE HA/DR 5.0 WIN PER CPU T3 STD LIC D;20960081;;REW CLST ONE HA/DR 5.0 WIN PER CPU T3 STD LIC D;REW CLST ONE HA/DR 5.0 WIN PER CPU T3 STD LIC D;REW CLST ONE HA/DR 5.0 WIN PER CPU T3 STD LIC D;REW CLST ONE HA/DR 5.0 WIN PER CPU T3 STD LIC D;;;;79;;
1;3;2094;1;1681,164;1366,8;AE CLST SVR ONE HA/DR 5.0 WIN PER CPU T3 STD LIC S;20960082;;AE CLST SVR ONE HA/DR 5.0 WIN PER CPU T3 STD LIC S;AE CLST SVR ONE HA/DR 5.0 WIN PER CPU T3 STD LIC S;AE CLST SVR ONE HA/DR 5.0 WIN PER CPU T3 STD LIC S;AE CLST SVR ONE HA/DR 5.0 WIN PER CPU T3 STD LIC S;;;;79;;
1;3;2094;1;511,4094;415,78;REW CLST ONE HA/DR 5.0 WIN PER CPU T3 ESS A;20960083;;REW CLST ONE HA/DR 5.0 WIN PER CPU T3 ESS A;REW CLST ONE HA/DR 5.0 WIN PER CPU T3 ESS A;REW CLST ONE HA/DR 5.0 WIN PER CPU T3 ESS A;REW CLST ONE HA/DR 5.0 WIN PER CPU T3 ESS A;;;;79;;
1;3;2094;1;511,4094;415,78;GOV CLST ONE HA/DR 5.0 WIN PER CPU T3 ESS S;20960085;;GOV CLST ONE HA/DR 5.0 WIN PER CPU T3 ESS S;GOV CLST ONE HA/DR 5.0 WIN PER CPU T3 ESS S;GOV CLST ONE HA/DR 5.0 WIN PER CPU T3 ESS S;GOV CLST ONE HA/DR 5.0 WIN PER CPU T3 ESS S;;;;79;;
1;3;2094;1;1681,164;1366,8;AE CLST SVR ONE HA/DR 5.0 S64LNX P CPU T3 STD LIC S;20960088;;AE CLST SVR ONE HA/DR 5.0 S64LNX P CPU T3 STD LIC S;AE CLST SVR ONE HA/DR 5.0 S64LNX P CPU T3 STD LIC S;AE CLST SVR ONE HA/DR 5.0 S64LNX P CPU T3 STD LIC S;AE CLST SVR ONE HA/DR 5.0 S64LNX P CPU T3 STD LIC S;;;;79;;
1;3;2094;1;380,2176;309,12;REW CLST ONE HA/DR 5.0 S64LNX PER CPU T3 BAS D;20960089;;REW CLST ONE HA/DR 5.0 S64LNX PER CPU T3 BAS D;REW CLST ONE HA/DR 5.0 S64LNX PER CPU T3 BAS D;REW CLST ONE HA/DR 5.0 S64LNX PER CPU T3 BAS D;REW CLST ONE HA/DR 5.0 S64LNX PER CPU T3 BAS D;;;;79;;
1;3;2094;1;400,2174;325,38;AE CLST SVR ONE HA/DR 5.0 S64LNX PER CPU T3 BAS S;20960090;;AE CLST SVR ONE HA/DR 5.0 S64LNX PER CPU T3 BAS S;AE CLST SVR ONE HA/DR 5.0 S64LNX PER CPU T3 BAS S;AE CLST SVR ONE HA/DR 5.0 S64LNX PER CPU T3 BAS S;AE CLST SVR ONE HA/DR 5.0 S64LNX PER CPU T3 BAS S;;;;79;;
1;3;2094;1;1091,4405;887,35;REW CLST ONE HA/DR 5.0 WIN PER CPU T1 STD LIC D;20960091;;REW CLST ONE HA/DR 5.0 WIN PER CPU T1 STD LIC D;REW CLST ONE HA/DR 5.0 WIN PER CPU T1 STD LIC D;REW CLST ONE HA/DR 5.0 WIN PER CPU T1 STD LIC D;REW CLST ONE HA/DR 5.0 WIN PER CPU T1 STD LIC D;;;;79;;
1;3;2094;1;1148,8692;934,04;EXP CLST ONE HA/DR 5.0 WIN PER CPU T1 STD LIC S;20960092;;EXP CLST ONE HA/DR 5.0 WIN PER CPU T1 STD LIC S;EXP CLST ONE HA/DR 5.0 WIN PER CPU T1 STD LIC S;EXP CLST ONE HA/DR 5.0 WIN PER CPU T1 STD LIC S;EXP CLST ONE HA/DR 5.0 WIN PER CPU T1 STD LIC S;;;;79;;
1;3;2094;1;259,8375;211,25;REW CLST ONE HA/DR 5.0 WIN PER CPU T1 BAS C;20960093;;REW CLST ONE HA/DR 5.0 WIN PER CPU T1 BAS C;REW CLST ONE HA/DR 5.0 WIN PER CPU T1 BAS C;REW CLST ONE HA/DR 5.0 WIN PER CPU T1 BAS C;REW CLST ONE HA/DR 5.0 WIN PER CPU T1 BAS C;;;;79;;
1;3;2094;1;253,011;205,7;REW CLST ONE HA/DR 5.0 WIN PER CPU T1 BAS E;20960094;;REW CLST ONE HA/DR 5.0 WIN PER CPU T1 BAS E;REW CLST ONE HA/DR 5.0 WIN PER CPU T1 BAS E;REW CLST ONE HA/DR 5.0 WIN PER CPU T1 BAS E;REW CLST ONE HA/DR 5.0 WIN PER CPU T1 BAS E;;;;79;;
1;3;2094;1;349,4922;284,14;GOV CLST ONE HA/DR 5.0 WIN PER CPU T1 ESS S;20960097;;GOV CLST ONE HA/DR 5.0 WIN PER CPU T1 ESS S;GOV CLST ONE HA/DR 5.0 WIN PER CPU T1 ESS S;GOV CLST ONE HA/DR 5.0 WIN PER CPU T1 ESS S;GOV CLST ONE HA/DR 5.0 WIN PER CPU T1 ESS S;;;;79;;
1;3;2094;1;1062,72;864;REW CLST ONE HA/DR 5.0 S64LNX P CPU T1 STD LIC E;20960101;;REW CLST ONE HA/DR 5.0 S64LNX P CPU T1 STD LIC E;REW CLST ONE HA/DR 5.0 S64LNX P CPU T1 STD LIC E;REW CLST ONE HA/DR 5.0 S64LNX P CPU T1 STD LIC E;REW CLST ONE HA/DR 5.0 S64LNX P CPU T1 STD LIC E;;;;79;;
1;3;2094;1;273,5028;222,36;EXP CLST ONE HA/DR 5.0 S64LNX PER CPU T1 BAS S;20960102;;EXP CLST ONE HA/DR 5.0 S64LNX PER CPU T1 BAS S;EXP CLST ONE HA/DR 5.0 S64LNX PER CPU T1 BAS S;EXP CLST ONE HA/DR 5.0 S64LNX PER CPU T1 BAS S;EXP CLST ONE HA/DR 5.0 S64LNX PER CPU T1 BAS S;;;;79;;
1;3;2094;1;349,4922;284,14;REW CLST ONE HA/DR 5.0 S64LNX PER CPU T1 ESS A;20960103;;REW CLST ONE HA/DR 5.0 S64LNX PER CPU T1 ESS A;REW CLST ONE HA/DR 5.0 S64LNX PER CPU T1 ESS A;REW CLST ONE HA/DR 5.0 S64LNX PER CPU T1 ESS A;REW CLST ONE HA/DR 5.0 S64LNX PER CPU T1 ESS A;;;;79;;
1;3;2094;1;332,0139;269,93;REW CLST ONE HA/DR 5.0 S64LNX PER CPU T1 ESS C;20960104;;REW CLST ONE HA/DR 5.0 S64LNX PER CPU T1 ESS C;REW CLST ONE HA/DR 5.0 S64LNX PER CPU T1 ESS C;REW CLST ONE HA/DR 5.0 S64LNX PER CPU T1 ESS C;REW CLST ONE HA/DR 5.0 S64LNX PER CPU T1 ESS C;;;;79;;
1;3;2094;1;332,0139;269,93;REW CLST ONE HA/DR 5.0 S64LNX PER CPU T1 ESS D;20960105;;REW CLST ONE HA/DR 5.0 S64LNX PER CPU T1 ESS D;REW CLST ONE HA/DR 5.0 S64LNX PER CPU T1 ESS D;REW CLST ONE HA/DR 5.0 S64LNX PER CPU T1 ESS D;REW CLST ONE HA/DR 5.0 S64LNX PER CPU T1 ESS D;;;;79;;
1;3;2094;1;1428,5712;1161,44;REW CLST ONE HA/DR 5.0 WIN PER CPU T2 STD LIC C;20960106;;REW CLST ONE HA/DR 5.0 WIN PER CPU T2 STD LIC C;REW CLST ONE HA/DR 5.0 WIN PER CPU T2 STD LIC C;REW CLST ONE HA/DR 5.0 WIN PER CPU T2 STD LIC C;REW CLST ONE HA/DR 5.0 WIN PER CPU T2 STD LIC C;;;;79;;
1;3;2094;1;1390,9701;1130,87;REW CLST ONE HA/DR 5.0 WIN PER CPU T2 STD LIC E;20960107;;REW CLST ONE HA/DR 5.0 WIN PER CPU T2 STD LIC E;REW CLST ONE HA/DR 5.0 WIN PER CPU T2 STD LIC E;REW CLST ONE HA/DR 5.0 WIN PER CPU T2 STD LIC E;REW CLST ONE HA/DR 5.0 WIN PER CPU T2 STD LIC E;;;;79;;
1;3;2094;1;1503,7365;1222,55;GOV CLST ONE HA/DR 5.0 WIN PER CPU T2 STD LIC S;20960108;;GOV CLST ONE HA/DR 5.0 WIN PER CPU T2 STD LIC S;GOV CLST ONE HA/DR 5.0 WIN PER CPU T2 STD LIC S;GOV CLST ONE HA/DR 5.0 WIN PER CPU T2 STD LIC S;GOV CLST ONE HA/DR 5.0 WIN PER CPU T2 STD LIC S;;;;79;;
1;3;2094;1;357,9792;291,04;REW CLST ONE HA/DR 5.0 WIN PER CPU T2 BAS A;20960109;;REW CLST ONE HA/DR 5.0 WIN PER CPU T2 BAS A;REW CLST ONE HA/DR 5.0 WIN PER CPU T2 BAS A;REW CLST ONE HA/DR 5.0 WIN PER CPU T2 BAS A;REW CLST ONE HA/DR 5.0 WIN PER CPU T2 BAS A;;;;79;;
1;3;2094;1;331,1406;269,22;REW CLST ONE HA/DR 5.0 S64LNX PER CPU T2 BAS E;20960111;;REW CLST ONE HA/DR 5.0 S64LNX PER CPU T2 BAS E;REW CLST ONE HA/DR 5.0 S64LNX PER CPU T2 BAS E;REW CLST ONE HA/DR 5.0 S64LNX PER CPU T2 BAS E;REW CLST ONE HA/DR 5.0 S64LNX PER CPU T2 BAS E;;;;79;;
1;3;2094;1;1681,164;1366,8;REW CLST ONE HA/DR 5.0 WIN PER CPU T3 STD LIC B;20960114;;REW CLST ONE HA/DR 5.0 WIN PER CPU T3 STD LIC B;REW CLST ONE HA/DR 5.0 WIN PER CPU T3 STD LIC B;REW CLST ONE HA/DR 5.0 WIN PER CPU T3 STD LIC B;REW CLST ONE HA/DR 5.0 WIN PER CPU T3 STD LIC B;;;;79;;
1;3;2094;1;273,5028;222,36;AE CLST SVR ONE HA/DR 5.0 WIN PER CPU T1 BAS S;20960115;;AE CLST SVR ONE HA/DR 5.0 WIN PER CPU T1 BAS S;AE CLST SVR ONE HA/DR 5.0 WIN PER CPU T1 BAS S;AE CLST SVR ONE HA/DR 5.0 WIN PER CPU T1 BAS S;AE CLST SVR ONE HA/DR 5.0 WIN PER CPU T1 BAS S;;;;79;;
1;3;2094;1;1597,1181;1298,47;REW CLST ONE HA/DR 5.0 S64LNX P CPU T3 STD LIC D;20960120;;REW CLST ONE HA/DR 5.0 S64LNX P CPU T3 STD LIC D;REW CLST ONE HA/DR 5.0 S64LNX P CPU T3 STD LIC D;REW CLST ONE HA/DR 5.0 S64LNX P CPU T3 STD LIC D;REW CLST ONE HA/DR 5.0 S64LNX P CPU T3 STD LIC D;;;;79;;
1;3;2094;1;1681,164;1366,8;EXP CLST ONE HA/DR 5.0 S64LNX P CPU T3 STD LIC S;20960122;;EXP CLST ONE HA/DR 5.0 S64LNX P CPU T3 STD LIC S;EXP CLST ONE HA/DR 5.0 S64LNX P CPU T3 STD LIC S;EXP CLST ONE HA/DR 5.0 S64LNX P CPU T3 STD LIC S;EXP CLST ONE HA/DR 5.0 S64LNX P CPU T3 STD LIC S;;;;79;;
1;3;2094;1;400,2174;325,38;GOV CLST ONE HA/DR 5.0 S64LNX PER CPU T3 BAS S;20960123;;GOV CLST ONE HA/DR 5.0 S64LNX PER CPU T3 BAS S;GOV CLST ONE HA/DR 5.0 S64LNX PER CPU T3 BAS S;GOV CLST ONE HA/DR 5.0 S64LNX PER CPU T3 BAS S;GOV CLST ONE HA/DR 5.0 S64LNX PER CPU T3 BAS S;;;;79;;
1;3;2094;1;1091,4405;887,35;REW CLST ONE HA/DR 5.0 WIN PER CPU T1 STD LIC C;20960130;;REW CLST ONE HA/DR 5.0 WIN PER CPU T1 STD LIC C;REW CLST ONE HA/DR 5.0 WIN PER CPU T1 STD LIC C;REW CLST ONE HA/DR 5.0 WIN PER CPU T1 STD LIC C;REW CLST ONE HA/DR 5.0 WIN PER CPU T1 STD LIC C;;;;79;;
1;3;2094;1;273,5028;222,36;EXP CLST ONE HA/DR 5.0 WIN PER CPU T1 BAS S;20960132;;EXP CLST ONE HA/DR 5.0 WIN PER CPU T1 BAS S;EXP CLST ONE HA/DR 5.0 WIN PER CPU T1 BAS S;EXP CLST ONE HA/DR 5.0 WIN PER CPU T1 BAS S;EXP CLST ONE HA/DR 5.0 WIN PER CPU T1 BAS S;;;;79;;
1;3;2094;1;349,4922;284,14;EXP CLST ONE HA/DR 5.0 WIN PER CPU T1 ESS S;20960133;;EXP CLST ONE HA/DR 5.0 WIN PER CPU T1 ESS S;EXP CLST ONE HA/DR 5.0 WIN PER CPU T1 ESS S;EXP CLST ONE HA/DR 5.0 WIN PER CPU T1 ESS S;EXP CLST ONE HA/DR 5.0 WIN PER CPU T1 ESS S;;;;79;;
1;3;2094;1;1503,7365;1222,55;EXP CLST ONE HA/DR 5.0 WIN PER CPU T2 STD LIC S;20960136;;EXP CLST ONE HA/DR 5.0 WIN PER CPU T2 STD LIC S;EXP CLST ONE HA/DR 5.0 WIN PER CPU T2 STD LIC S;EXP CLST ONE HA/DR 5.0 WIN PER CPU T2 STD LIC S;EXP CLST ONE HA/DR 5.0 WIN PER CPU T2 STD LIC S;;;;79;;
1;3;2094;1;357,9792;291,04;REW CLST ONE HA/DR 5.0 WIN PER CPU T2 BAS B;20960137;;REW CLST ONE HA/DR 5.0 WIN PER CPU T2 BAS B;REW CLST ONE HA/DR 5.0 WIN PER CPU T2 BAS B;REW CLST ONE HA/DR 5.0 WIN PER CPU T2 BAS B;REW CLST ONE HA/DR 5.0 WIN PER CPU T2 BAS B;;;;79;;
1;3;2094;1;340,095;276,5;REW CLST ONE HA/DR 5.0 WIN PER CPU T2 BAS C;20960138;;REW CLST ONE HA/DR 5.0 WIN PER CPU T2 BAS C;REW CLST ONE HA/DR 5.0 WIN PER CPU T2 BAS C;REW CLST ONE HA/DR 5.0 WIN PER CPU T2 BAS C;REW CLST ONE HA/DR 5.0 WIN PER CPU T2 BAS C;;;;79;;
1;3;2094;1;457,4247;371,89;GOV CLST ONE HA/DR 5.0 WIN PER CPU T2 ESS S;20960139;;GOV CLST ONE HA/DR 5.0 WIN PER CPU T2 ESS S;GOV CLST ONE HA/DR 5.0 WIN PER CPU T2 ESS S;GOV CLST ONE HA/DR 5.0 WIN PER CPU T2 ESS S;GOV CLST ONE HA/DR 5.0 WIN PER CPU T2 ESS S;;;;79;;
1;3;2094;1;1428,5712;1161,44;REW CLST ONE HA/DR 5.0 S64LNX P CPU T2 STD LIC D;20960142;;REW CLST ONE HA/DR 5.0 S64LNX P CPU T2 STD LIC D;REW CLST ONE HA/DR 5.0 S64LNX P CPU T2 STD LIC D;REW CLST ONE HA/DR 5.0 S64LNX P CPU T2 STD LIC D;REW CLST ONE HA/DR 5.0 S64LNX P CPU T2 STD LIC D;;;;79;;
1;3;2094;1;1503,7365;1222,55;AE CLST SVR ONE HA/DR 5.0 S64LNX P CPU T2 STD LIC S;20960143;;AE CLST SVR ONE HA/DR 5.0 S64LNX P CPU T2 STD LIC S;AE CLST SVR ONE HA/DR 5.0 S64LNX P CPU T2 STD LIC S;AE CLST SVR ONE HA/DR 5.0 S64LNX P CPU T2 STD LIC S;AE CLST SVR ONE HA/DR 5.0 S64LNX P CPU T2 STD LIC S;;;;79;;
1;3;2094;1;1555,089;1264,3;REW CLST ONE HA/DR 5.0 WIN PER CPU T3 STD LIC E;20960145;;REW CLST ONE HA/DR 5.0 WIN PER CPU T3 STD LIC E;REW CLST ONE HA/DR 5.0 WIN PER CPU T3 STD LIC E;REW CLST ONE HA/DR 5.0 WIN PER CPU T3 STD LIC E;REW CLST ONE HA/DR 5.0 WIN PER CPU T3 STD LIC E;;;;79;;
1;3;2094;1;1148,8692;934,04;REW CLST ONE HA/DR 5.0 S64LNX P CPU T1 STD LIC B;20960150;;REW CLST ONE HA/DR 5.0 S64LNX P CPU T1 STD LIC B;REW CLST ONE HA/DR 5.0 S64LNX P CPU T1 STD LIC B;REW CLST ONE HA/DR 5.0 S64LNX P CPU T1 STD LIC B;REW CLST ONE HA/DR 5.0 S64LNX P CPU T1 STD LIC B;;;;79;;
1;3;2094;1;273,5028;222,36;AE CLST SVR ONE HA/DR 5.0 S64LNX PER CPU T1 BAS S;20960151;;AE CLST SVR ONE HA/DR 5.0 S64LNX PER CPU T1 BAS S;AE CLST SVR ONE HA/DR 5.0 S64LNX PER CPU T1 BAS S;AE CLST SVR ONE HA/DR 5.0 S64LNX PER CPU T1 BAS S;AE CLST SVR ONE HA/DR 5.0 S64LNX PER CPU T1 BAS S;;;;79;;
1;3;2094;1;457,4247;371,89;REW CLST ONE HA/DR 5.0 WIN PER CPU T2 ESS B;20960152;;REW CLST ONE HA/DR 5.0 WIN PER CPU T2 ESS B;REW CLST ONE HA/DR 5.0 WIN PER CPU T2 ESS B;REW CLST ONE HA/DR 5.0 WIN PER CPU T2 ESS B;REW CLST ONE HA/DR 5.0 WIN PER CPU T2 ESS B;;;;79;;
1;3;2094;1;423,12;344;REW CLST ONE HA/DR 5.0 WIN PER CPU T2 ESS E;20960153;;REW CLST ONE HA/DR 5.0 WIN PER CPU T2 ESS E;REW CLST ONE HA/DR 5.0 WIN PER CPU T2 ESS E;REW CLST ONE HA/DR 5.0 WIN PER CPU T2 ESS E;REW CLST ONE HA/DR 5.0 WIN PER CPU T2 ESS E;;;;79;;
1;3;2094;1;1597,1181;1298,47;REW CLST ONE HA/DR 5.0 S64LNX P CPU T3 STD LIC C;20960159;;REW CLST ONE HA/DR 5.0 S64LNX P CPU T3 STD LIC C;REW CLST ONE HA/DR 5.0 S64LNX P CPU T3 STD LIC C;REW CLST ONE HA/DR 5.0 S64LNX P CPU T3 STD LIC C;REW CLST ONE HA/DR 5.0 S64LNX P CPU T3 STD LIC C;;;;79;;
1;3;2094;1;357,9792;291,04;REW CLST ONE HA/DR 5.0 S64LNX PER CPU T2 BAS B;20960164;;REW CLST ONE HA/DR 5.0 S64LNX PER CPU T2 BAS B;REW CLST ONE HA/DR 5.0 S64LNX PER CPU T2 BAS B;REW CLST ONE HA/DR 5.0 S64LNX PER CPU T2 BAS B;REW CLST ONE HA/DR 5.0 S64LNX PER CPU T2 BAS B;;;;79;;
1;3;2094;1;457,4247;371,89;AE CLST SVR ONE HA/DR 5.0 S64LNX PER CPU T2 ESS S;20960165;;AE CLST SVR ONE HA/DR 5.0 S64LNX PER CPU T2 ESS S;AE CLST SVR ONE HA/DR 5.0 S64LNX PER CPU T2 ESS S;AE CLST SVR ONE HA/DR 5.0 S64LNX PER CPU T2 ESS S;AE CLST SVR ONE HA/DR 5.0 S64LNX PER CPU T2 ESS S;;;;79;;
1;3;2094;1;1597,1181;1298,47;REW CLST ONE HA/DR 5.0 WIN PER CPU T3 STD LIC C;20960168;;REW CLST ONE HA/DR 5.0 WIN PER CPU T3 STD LIC C;REW CLST ONE HA/DR 5.0 WIN PER CPU T3 STD LIC C;REW CLST ONE HA/DR 5.0 WIN PER CPU T3 STD LIC C;REW CLST ONE HA/DR 5.0 WIN PER CPU T3 STD LIC C;;;;79;;
1;3;2094;1;511,4094;415,78;EXP CLST ONE HA/DR 5.0 WIN PER CPU T3 ESS S;20960169;;EXP CLST ONE HA/DR 5.0 WIN PER CPU T3 ESS S;EXP CLST ONE HA/DR 5.0 WIN PER CPU T3 ESS S;EXP CLST ONE HA/DR 5.0 WIN PER CPU T3 ESS S;EXP CLST ONE HA/DR 5.0 WIN PER CPU T3 ESS S;;;;79;;
1;3;2094;1;357,9792;291,04;AE CLST SVR ONE HA/DR 5.0 S64LNX PER CPU T2 BAS S;20960173;;AE CLST SVR ONE HA/DR 5.0 S64LNX PER CPU T2 BAS S;AE CLST SVR ONE HA/DR 5.0 S64LNX PER CPU T2 BAS S;AE CLST SVR ONE HA/DR 5.0 S64LNX PER CPU T2 BAS S;AE CLST SVR ONE HA/DR 5.0 S64LNX PER CPU T2 BAS S;;;;79;;
1;3;2094;1;457,4247;371,89;REW CLST ONE HA/DR 5.0 S64LNX PER CPU T2 ESS A;20960174;;REW CLST ONE HA/DR 5.0 S64LNX PER CPU T2 ESS A;REW CLST ONE HA/DR 5.0 S64LNX PER CPU T2 ESS A;REW CLST ONE HA/DR 5.0 S64LNX PER CPU T2 ESS A;REW CLST ONE HA/DR 5.0 S64LNX PER CPU T2 ESS A;;;;79;;
1;3;2094;1;434,5713;353,31;REW CLST ONE HA/DR 5.0 S64LNX PER CPU T2 ESS D;20960175;;REW CLST ONE HA/DR 5.0 S64LNX PER CPU T2 ESS D;REW CLST ONE HA/DR 5.0 S64LNX PER CPU T2 ESS D;REW CLST ONE HA/DR 5.0 S64LNX PER CPU T2 ESS D;REW CLST ONE HA/DR 5.0 S64LNX PER CPU T2 ESS D;;;;79;;
1;3;2094;1;423,12;344;REW CLST ONE HA/DR 5.0 S64LNX PER CPU T2 ESS E;20960176;;REW CLST ONE HA/DR 5.0 S64LNX PER CPU T2 ESS E;REW CLST ONE HA/DR 5.0 S64LNX PER CPU T2 ESS E;REW CLST ONE HA/DR 5.0 S64LNX PER CPU T2 ESS E;REW CLST ONE HA/DR 5.0 S64LNX PER CPU T2 ESS E;;;;79;;
1;3;2094;1;457,4247;371,89;GOV CLST ONE HA/DR 5.0 S64LNX PER CPU T2 ESS S;20960177;;GOV CLST ONE HA/DR 5.0 S64LNX PER CPU T2 ESS S;GOV CLST ONE HA/DR 5.0 S64LNX PER CPU T2 ESS S;GOV CLST ONE HA/DR 5.0 S64LNX PER CPU T2 ESS S;GOV CLST ONE HA/DR 5.0 S64LNX PER CPU T2 ESS S;;;;79;;
1;3;2094;1;457,4247;371,89;EXP CLST ONE HA/DR 5.0 S64LNX PER CPU T2 ESS S;20960178;;EXP CLST ONE HA/DR 5.0 S64LNX PER CPU T2 ESS S;EXP CLST ONE HA/DR 5.0 S64LNX PER CPU T2 ESS S;EXP CLST ONE HA/DR 5.0 S64LNX PER CPU T2 ESS S;EXP CLST ONE HA/DR 5.0 S64LNX PER CPU T2 ESS S;;;;79;;
1;3;2094;1;400,2174;325,38;REW CLST ONE HA/DR 5.0 WIN PER CPU T3 BAS A;20960181;;REW CLST ONE HA/DR 5.0 WIN PER CPU T3 BAS A;REW CLST ONE HA/DR 5.0 WIN PER CPU T3 BAS A;REW CLST ONE HA/DR 5.0 WIN PER CPU T3 BAS A;REW CLST ONE HA/DR 5.0 WIN PER CPU T3 BAS A;;;;79;;
1;3;2094;1;380,2176;309,12;REW CLST ONE HA/DR 5.0 WIN PER CPU T3 BAS D;20960182;;REW CLST ONE HA/DR 5.0 WIN PER CPU T3 BAS D;REW CLST ONE HA/DR 5.0 WIN PER CPU T3 BAS D;REW CLST ONE HA/DR 5.0 WIN PER CPU T3 BAS D;REW CLST ONE HA/DR 5.0 WIN PER CPU T3 BAS D;;;;79;;
1;3;2094;1;1681,164;1366,8;REW CLST ONE HA/DR 5.0 S64LNX P CPU T3 STD LIC B;20960184;;REW CLST ONE HA/DR 5.0 S64LNX P CPU T3 STD LIC B;REW CLST ONE HA/DR 5.0 S64LNX P CPU T3 STD LIC B;REW CLST ONE HA/DR 5.0 S64LNX P CPU T3 STD LIC B;REW CLST ONE HA/DR 5.0 S64LNX P CPU T3 STD LIC B;;;;79;;
1;3;2094;1;1681,164;1366,8;GOV CLST ONE HA/DR 5.0 S64LNX P CPU T3 STD LIC S;20960185;;GOV CLST ONE HA/DR 5.0 S64LNX P CPU T3 STD LIC S;GOV CLST ONE HA/DR 5.0 S64LNX P CPU T3 STD LIC S;GOV CLST ONE HA/DR 5.0 S64LNX P CPU T3 STD LIC S;GOV CLST ONE HA/DR 5.0 S64LNX P CPU T3 STD LIC S;;;;79;;
1;3;2094;1;511,4094;415,78;EXP CLST ONE HA/DR 5.0 S64LNX PER CPU T3 ESS S;20960186;;EXP CLST ONE HA/DR 5.0 S64LNX PER CPU T3 ESS S;EXP CLST ONE HA/DR 5.0 S64LNX PER CPU T3 ESS S;EXP CLST ONE HA/DR 5.0 S64LNX PER CPU T3 ESS S;EXP CLST ONE HA/DR 5.0 S64LNX PER CPU T3 ESS S;;;;79;;
1;3;2094;1;273,5028;222,36;REW CLST ONE HA/DR 5.0 WIN PER CPU T1 BAS B;20960187;;REW CLST ONE HA/DR 5.0 WIN PER CPU T1 BAS B;REW CLST ONE HA/DR 5.0 WIN PER CPU T1 BAS B;REW CLST ONE HA/DR 5.0 WIN PER CPU T1 BAS B;REW CLST ONE HA/DR 5.0 WIN PER CPU T1 BAS B;;;;79;;
1;3;2094;1;332,0139;269,93;REW CLST ONE HA/DR 5.0 WIN PER CPU T1 ESS D;20960188;;REW CLST ONE HA/DR 5.0 WIN PER CPU T1 ESS D;REW CLST ONE HA/DR 5.0 WIN PER CPU T1 ESS D;REW CLST ONE HA/DR 5.0 WIN PER CPU T1 ESS D;REW CLST ONE HA/DR 5.0 WIN PER CPU T1 ESS D;;;;79;;
1;3;2094;1;1148,8692;934,04;REW CLST ONE HA/DR 5.0 S64LNX P CPU T1 STD LIC A;20960189;;REW CLST ONE HA/DR 5.0 S64LNX P CPU T1 STD LIC A;REW CLST ONE HA/DR 5.0 S64LNX P CPU T1 STD LIC A;REW CLST ONE HA/DR 5.0 S64LNX P CPU T1 STD LIC A;REW CLST ONE HA/DR 5.0 S64LNX P CPU T1 STD LIC A;;;;79;;
1;3;2094;1;1148,8692;934,04;AE CLST SVR ONE HA/DR 5.0 S64LNX P CPU T1 STD LIC S;20960190;;AE CLST SVR ONE HA/DR 5.0 S64LNX P CPU T1 STD LIC S;AE CLST SVR ONE HA/DR 5.0 S64LNX P CPU T1 STD LIC S;AE CLST SVR ONE HA/DR 5.0 S64LNX P CPU T1 STD LIC S;AE CLST SVR ONE HA/DR 5.0 S64LNX P CPU T1 STD LIC S;;;;79;;
1;3;2094;1;273,5028;222,36;REW CLST ONE HA/DR 5.0 S64LNX PER CPU T1 BAS B;20960191;;REW CLST ONE HA/DR 5.0 S64LNX PER CPU T1 BAS B;REW CLST ONE HA/DR 5.0 S64LNX PER CPU T1 BAS B;REW CLST ONE HA/DR 5.0 S64LNX PER CPU T1 BAS B;REW CLST ONE HA/DR 5.0 S64LNX PER CPU T1 BAS B;;;;79;;
1;3;2094;1;349,4922;284,14;GOV CLST ONE HA/DR 5.0 S64LNX PER CPU T1 ESS S;20960193;;GOV CLST ONE HA/DR 5.0 S64LNX PER CPU T1 ESS S;GOV CLST ONE HA/DR 5.0 S64LNX PER CPU T1 ESS S;GOV CLST ONE HA/DR 5.0 S64LNX PER CPU T1 ESS S;GOV CLST ONE HA/DR 5.0 S64LNX PER CPU T1 ESS S;;;;79;;
1;3;2094;1;1503,7365;1222,55;AE CLST SVR ONE HA/DR 5.0 WIN PER CPU T2 STD LIC S;20960197;;AE CLST SVR ONE HA/DR 5.0 WIN PER CPU T2 STD LIC S;AE CLST SVR ONE HA/DR 5.0 WIN PER CPU T2 STD LIC S;AE CLST SVR ONE HA/DR 5.0 WIN PER CPU T2 STD LIC S;AE CLST SVR ONE HA/DR 5.0 WIN PER CPU T2 STD LIC S;;;;79;;
1;3;2094;1;457,4247;371,89;AE CLST SVR ONE HA/DR 5.0 WIN PER CPU T2 ESS S;20960200;;AE CLST SVR ONE HA/DR 5.0 WIN PER CPU T2 ESS S;AE CLST SVR ONE HA/DR 5.0 WIN PER CPU T2 ESS S;AE CLST SVR ONE HA/DR 5.0 WIN PER CPU T2 ESS S;AE CLST SVR ONE HA/DR 5.0 WIN PER CPU T2 ESS S;;;;79;;
1;3;2094;1;1503,7365;1222,55;REW CLST ONE HA/DR 5.0 S64LNX P CPU T2 STD LIC A;20960208;;REW CLST ONE HA/DR 5.0 S64LNX P CPU T2 STD LIC A;REW CLST ONE HA/DR 5.0 S64LNX P CPU T2 STD LIC A;REW CLST ONE HA/DR 5.0 S64LNX P CPU T2 STD LIC A;REW CLST ONE HA/DR 5.0 S64LNX P CPU T2 STD LIC A;;;;79;;
1;3;2094;1;340,095;276,5;REW CLST ONE HA/DR 5.0 S64LNX PER CPU T2 BAS C;20960209;;REW CLST ONE HA/DR 5.0 S64LNX PER CPU T2 BAS C;REW CLST ONE HA/DR 5.0 S64LNX PER CPU T2 BAS C;REW CLST ONE HA/DR 5.0 S64LNX PER CPU T2 BAS C;REW CLST ONE HA/DR 5.0 S64LNX PER CPU T2 BAS C;;;;79;;
1;3;2094;1;357,9792;291,04;EXP CLST ONE HA/DR 5.0 S64LNX PER CPU T2 BAS S;20960210;;EXP CLST ONE HA/DR 5.0 S64LNX PER CPU T2 BAS S;EXP CLST ONE HA/DR 5.0 S64LNX PER CPU T2 BAS S;EXP CLST ONE HA/DR 5.0 S64LNX PER CPU T2 BAS S;EXP CLST ONE HA/DR 5.0 S64LNX PER CPU T2 BAS S;;;;79;;
1;3;2094;1;1681,164;1366,8;GOV CLST ONE HA/DR 5.0 WIN PER CPU T3 STD LIC S;20960214;;GOV CLST ONE HA/DR 5.0 WIN PER CPU T3 STD LIC S;GOV CLST ONE HA/DR 5.0 WIN PER CPU T3 STD LIC S;GOV CLST ONE HA/DR 5.0 WIN PER CPU T3 STD LIC S;GOV CLST ONE HA/DR 5.0 WIN PER CPU T3 STD LIC S;;;;79;;
1;3;2094;1;380,2176;309,12;REW CLST ONE HA/DR 5.0 WIN PER CPU T3 BAS C;20960215;;REW CLST ONE HA/DR 5.0 WIN PER CPU T3 BAS C;REW CLST ONE HA/DR 5.0 WIN PER CPU T3 BAS C;REW CLST ONE HA/DR 5.0 WIN PER CPU T3 BAS C;REW CLST ONE HA/DR 5.0 WIN PER CPU T3 BAS C;;;;79;;
1;3;2094;1;473,0457;384,59;REW CLST ONE HA/DR 5.0 S64LNX PER CPU T3 ESS E;20960216;;REW CLST ONE HA/DR 5.0 S64LNX PER CPU T3 ESS E;REW CLST ONE HA/DR 5.0 S64LNX PER CPU T3 ESS E;REW CLST ONE HA/DR 5.0 S64LNX PER CPU T3 ESS E;REW CLST ONE HA/DR 5.0 S64LNX PER CPU T3 ESS E;;;;79;;
1;3;2094;1;1555,089;1264,3;REW CLST ONE HA/DR 5.0 S64LNX P CPU T3 STD LIC E;20960221;;REW CLST ONE HA/DR 5.0 S64LNX P CPU T3 STD LIC E;REW CLST ONE HA/DR 5.0 S64LNX P CPU T3 STD LIC E;REW CLST ONE HA/DR 5.0 S64LNX P CPU T3 STD LIC E;REW CLST ONE HA/DR 5.0 S64LNX P CPU T3 STD LIC E;;;;79;;
1;3;2094;1;380,2176;309,12;REW CLST ONE HA/DR 5.0 S64LNX PER CPU T3 BAS C;20960222;;REW CLST ONE HA/DR 5.0 S64LNX PER CPU T3 BAS C;REW CLST ONE HA/DR 5.0 S64LNX PER CPU T3 BAS C;REW CLST ONE HA/DR 5.0 S64LNX PER CPU T3 BAS C;REW CLST ONE HA/DR 5.0 S64LNX PER CPU T3 BAS C;;;;79;;
1;3;2094;1;511,4094;415,78;GOV CLST ONE HA/DR 5.0 S64LNX PER CPU T3 ESS S;20960223;;GOV CLST ONE HA/DR 5.0 S64LNX PER CPU T3 ESS S;GOV CLST ONE HA/DR 5.0 S64LNX PER CPU T3 ESS S;GOV CLST ONE HA/DR 5.0 S64LNX PER CPU T3 ESS S;GOV CLST ONE HA/DR 5.0 S64LNX PER CPU T3 ESS S;;;;79;;
1;3;2094;1;349,4922;284,14;REW CLST ONE HA/DR 5.0 WIN PER CPU T1 ESS B;20960227;;REW CLST ONE HA/DR 5.0 WIN PER CPU T1 ESS B;REW CLST ONE HA/DR 5.0 WIN PER CPU T1 ESS B;REW CLST ONE HA/DR 5.0 WIN PER CPU T1 ESS B;REW CLST ONE HA/DR 5.0 WIN PER CPU T1 ESS B;;;;79;;
1;3;2094;1;349,4922;284,14;AE CLST SVR ONE HA/DR 5.0 WIN PER CPU T1 ESS S;20960228;;AE CLST SVR ONE HA/DR 5.0 WIN PER CPU T1 ESS S;AE CLST SVR ONE HA/DR 5.0 WIN PER CPU T1 ESS S;AE CLST SVR ONE HA/DR 5.0 WIN PER CPU T1 ESS S;AE CLST SVR ONE HA/DR 5.0 WIN PER CPU T1 ESS S;;;;79;;
1;3;2094;1;259,8375;211,25;REW CLST ONE HA/DR 5.0 S64LNX PER CPU T1 BAS C;20960231;;REW CLST ONE HA/DR 5.0 S64LNX PER CPU T1 BAS C;REW CLST ONE HA/DR 5.0 S64LNX PER CPU T1 BAS C;REW CLST ONE HA/DR 5.0 S64LNX PER CPU T1 BAS C;REW CLST ONE HA/DR 5.0 S64LNX PER CPU T1 BAS C;;;;79;;
1;3;2094;1;259,8375;211,25;REW CLST ONE HA/DR 5.0 S64LNX PER CPU T1 BAS D;20960232;;REW CLST ONE HA/DR 5.0 S64LNX PER CPU T1 BAS D;REW CLST ONE HA/DR 5.0 S64LNX PER CPU T1 BAS D;REW CLST ONE HA/DR 5.0 S64LNX PER CPU T1 BAS D;REW CLST ONE HA/DR 5.0 S64LNX PER CPU T1 BAS D;;;;79;;
1;3;2094;1;349,4922;284,14;AE CLST SVR ONE HA/DR 5.0 S64LNX PER CPU T1 ESS S;20960233;;AE CLST SVR ONE HA/DR 5.0 S64LNX PER CPU T1 ESS S;AE CLST SVR ONE HA/DR 5.0 S64LNX PER CPU T1 ESS S;AE CLST SVR ONE HA/DR 5.0 S64LNX PER CPU T1 ESS S;AE CLST SVR ONE HA/DR 5.0 S64LNX PER CPU T1 ESS S;;;;79;;
1;3;2094;1;357,9792;291,04;AE CLST SVR ONE HA/DR 5.0 WIN PER CPU T2 BAS S;20960238;;AE CLST SVR ONE HA/DR 5.0 WIN PER CPU T2 BAS S;AE CLST SVR ONE HA/DR 5.0 WIN PER CPU T2 BAS S;AE CLST SVR ONE HA/DR 5.0 WIN PER CPU T2 BAS S;AE CLST SVR ONE HA/DR 5.0 WIN PER CPU T2 BAS S;;;;79;;
1;3;2094;1;434,5713;353,31;REW CLST ONE HA/DR 5.0 WIN PER CPU T2 ESS D;20960239;;REW CLST ONE HA/DR 5.0 WIN PER CPU T2 ESS D;REW CLST ONE HA/DR 5.0 WIN PER CPU T2 ESS D;REW CLST ONE HA/DR 5.0 WIN PER CPU T2 ESS D;REW CLST ONE HA/DR 5.0 WIN PER CPU T2 ESS D;;;;79;;
1;3;2094;1;1148,8692;934,04;REW CLST ONE HA/DR 5.0 WIN PER CPU T1 STD LIC B;20960243;;REW CLST ONE HA/DR 5.0 WIN PER CPU T1 STD LIC B;REW CLST ONE HA/DR 5.0 WIN PER CPU T1 STD LIC B;REW CLST ONE HA/DR 5.0 WIN PER CPU T1 STD LIC B;REW CLST ONE HA/DR 5.0 WIN PER CPU T1 STD LIC B;;;;79;;
1;3;2094;1;1148,8692;934,04;GOV CLST ONE HA/DR 5.0 S64LNX P CPU T1 STD LIC S;20960245;;GOV CLST ONE HA/DR 5.0 S64LNX P CPU T1 STD LIC S;GOV CLST ONE HA/DR 5.0 S64LNX P CPU T1 STD LIC S;GOV CLST ONE HA/DR 5.0 S64LNX P CPU T1 STD LIC S;GOV CLST ONE HA/DR 5.0 S64LNX P CPU T1 STD LIC S;;;;79;;
1;3;2094;1;1148,8692;934,04;EXP CLST ONE HA/DR 5.0 S64LNX P CPU T1 STD LIC S;20960246;;EXP CLST ONE HA/DR 5.0 S64LNX P CPU T1 STD LIC S;EXP CLST ONE HA/DR 5.0 S64LNX P CPU T1 STD LIC S;EXP CLST ONE HA/DR 5.0 S64LNX P CPU T1 STD LIC S;EXP CLST ONE HA/DR 5.0 S64LNX P CPU T1 STD LIC S;;;;79;;
1;3;2094;1;273,5028;222,36;REW CLST ONE HA/DR 5.0 S64LNX PER CPU T1 BAS A;20960247;;REW CLST ONE HA/DR 5.0 S64LNX PER CPU T1 BAS A;REW CLST ONE HA/DR 5.0 S64LNX PER CPU T1 BAS A;REW CLST ONE HA/DR 5.0 S64LNX PER CPU T1 BAS A;REW CLST ONE HA/DR 5.0 S64LNX PER CPU T1 BAS A;;;;79;;
1;3;2094;1;1503,7365;1222,55;REW CLST ONE HA/DR 5.0 S64LNX P CPU T2 STD LIC B;20960248;;REW CLST ONE HA/DR 5.0 S64LNX P CPU T2 STD LIC B;REW CLST ONE HA/DR 5.0 S64LNX P CPU T2 STD LIC B;REW CLST ONE HA/DR 5.0 S64LNX P CPU T2 STD LIC B;REW CLST ONE HA/DR 5.0 S64LNX P CPU T2 STD LIC B;;;;79;;
1;3;2094;1;1428,5712;1161,44;REW CLST ONE HA/DR 5.0 S64LNX P CPU T2 STD LIC C;20960249;;REW CLST ONE HA/DR 5.0 S64LNX P CPU T2 STD LIC C;REW CLST ONE HA/DR 5.0 S64LNX P CPU T2 STD LIC C;REW CLST ONE HA/DR 5.0 S64LNX P CPU T2 STD LIC C;REW CLST ONE HA/DR 5.0 S64LNX P CPU T2 STD LIC C;;;;79;;
1;3;2094;1;340,095;276,5;REW CLST ONE HA/DR 5.0 S64LNX PER CPU T2 BAS D;20960251;;REW CLST ONE HA/DR 5.0 S64LNX PER CPU T2 BAS D;REW CLST ONE HA/DR 5.0 S64LNX PER CPU T2 BAS D;REW CLST ONE HA/DR 5.0 S64LNX PER CPU T2 BAS D;REW CLST ONE HA/DR 5.0 S64LNX PER CPU T2 BAS D;;;;79;;
1;3;2094;1;457,4247;371,89;REW CLST ONE HA/DR 5.0 S64LNX PER CPU T2 ESS B;20960252;;REW CLST ONE HA/DR 5.0 S64LNX PER CPU T2 ESS B;REW CLST ONE HA/DR 5.0 S64LNX PER CPU T2 ESS B;REW CLST ONE HA/DR 5.0 S64LNX PER CPU T2 ESS B;REW CLST ONE HA/DR 5.0 S64LNX PER CPU T2 ESS B;;;;79;;
1;3;2094;1;253,011;205,7;REW CLST ONE HA/DR 5.0 S64LNX PER CPU T1 BAS E;20960256;;REW CLST ONE HA/DR 5.0 S64LNX PER CPU T1 BAS E;REW CLST ONE HA/DR 5.0 S64LNX PER CPU T1 BAS E;REW CLST ONE HA/DR 5.0 S64LNX PER CPU T1 BAS E;REW CLST ONE HA/DR 5.0 S64LNX PER CPU T1 BAS E;;;;79;;
1;3;2094;1;323,2809;262,83;REW CLST ONE HA/DR 5.0 S64LNX PER CPU T1 ESS E;20960257;;REW CLST ONE HA/DR 5.0 S64LNX PER CPU T1 ESS E;REW CLST ONE HA/DR 5.0 S64LNX PER CPU T1 ESS E;REW CLST ONE HA/DR 5.0 S64LNX PER CPU T1 ESS E;REW CLST ONE HA/DR 5.0 S64LNX PER CPU T1 ESS E;;;;79;;
1;3;2094;1;1428,5712;1161,44;REW CLST ONE HA/DR 5.0 WIN PER CPU T2 STD LIC D;20960260;;REW CLST ONE HA/DR 5.0 WIN PER CPU T2 STD LIC D;REW CLST ONE HA/DR 5.0 WIN PER CPU T2 STD LIC D;REW CLST ONE HA/DR 5.0 WIN PER CPU T2 STD LIC D;REW CLST ONE HA/DR 5.0 WIN PER CPU T2 STD LIC D;;;;79;;
1;3;2094;1;357,9792;291,04;EXP CLST ONE HA/DR 5.0 WIN PER CPU T2 BAS S;20960261;;EXP CLST ONE HA/DR 5.0 WIN PER CPU T2 BAS S;EXP CLST ONE HA/DR 5.0 WIN PER CPU T2 BAS S;EXP CLST ONE HA/DR 5.0 WIN PER CPU T2 BAS S;EXP CLST ONE HA/DR 5.0 WIN PER CPU T2 BAS S;;;;79;;
1;3;2094;1;457,4247;371,89;REW CLST ONE HA/DR 5.0 WIN PER CPU T2 ESS A;20960262;;REW CLST ONE HA/DR 5.0 WIN PER CPU T2 ESS A;REW CLST ONE HA/DR 5.0 WIN PER CPU T2 ESS A;REW CLST ONE HA/DR 5.0 WIN PER CPU T2 ESS A;REW CLST ONE HA/DR 5.0 WIN PER CPU T2 ESS A;;;;79;;
1;3;2094;1;357,9792;291,04;REW CLST ONE HA/DR 5.0 S64LNX PER CPU T2 BAS A;20960264;;REW CLST ONE HA/DR 5.0 S64LNX PER CPU T2 BAS A;REW CLST ONE HA/DR 5.0 S64LNX PER CPU T2 BAS A;REW CLST ONE HA/DR 5.0 S64LNX PER CPU T2 BAS A;REW CLST ONE HA/DR 5.0 S64LNX PER CPU T2 BAS A;;;;79;;
1;3;2094;1;511,4094;415,78;REW CLST ONE HA/DR 5.0 WIN PER CPU T3 ESS B;20960268;;REW CLST ONE HA/DR 5.0 WIN PER CPU T3 ESS B;REW CLST ONE HA/DR 5.0 WIN PER CPU T3 ESS B;REW CLST ONE HA/DR 5.0 WIN PER CPU T3 ESS B;REW CLST ONE HA/DR 5.0 WIN PER CPU T3 ESS B;;;;79;;
1;3;2094;1;1681,164;1366,8;REW CLST ONE HA/DR 5.0 S64LNX P CPU T3 STD LIC A;20960271;;REW CLST ONE HA/DR 5.0 S64LNX P CPU T3 STD LIC A;REW CLST ONE HA/DR 5.0 S64LNX P CPU T3 STD LIC A;REW CLST ONE HA/DR 5.0 S64LNX P CPU T3 STD LIC A;REW CLST ONE HA/DR 5.0 S64LNX P CPU T3 STD LIC A;;;;79;;
1;3;2094;1;400,2174;325,38;REW CLST ONE HA/DR 5.0 S64LNX PER CPU T3 BAS A;20960272;;REW CLST ONE HA/DR 5.0 S64LNX PER CPU T3 BAS A;REW CLST ONE HA/DR 5.0 S64LNX PER CPU T3 BAS A;REW CLST ONE HA/DR 5.0 S64LNX PER CPU T3 BAS A;REW CLST ONE HA/DR 5.0 S64LNX PER CPU T3 BAS A;;;;79;;
1;3;2094;1;400,2174;325,38;REW CLST ONE HA/DR 5.0 S64LNX PER CPU T3 BAS B;20960273;;REW CLST ONE HA/DR 5.0 S64LNX PER CPU T3 BAS B;REW CLST ONE HA/DR 5.0 S64LNX PER CPU T3 BAS B;REW CLST ONE HA/DR 5.0 S64LNX PER CPU T3 BAS B;REW CLST ONE HA/DR 5.0 S64LNX PER CPU T3 BAS B;;;;79;;
1;3;2094;1;370,2177;300,99;REW CLST ONE HA/DR 5.0 S64LNX PER CPU T3 BAS E;20960274;;REW CLST ONE HA/DR 5.0 S64LNX PER CPU T3 BAS E;REW CLST ONE HA/DR 5.0 S64LNX PER CPU T3 BAS E;REW CLST ONE HA/DR 5.0 S64LNX PER CPU T3 BAS E;REW CLST ONE HA/DR 5.0 S64LNX PER CPU T3 BAS E;;;;79;;
1;3;2094;1;370,2177;300,99;REW CLST ONE HA/DR 5.0 WIN PER CPU T3 BAS E;20960275;;REW CLST ONE HA/DR 5.0 WIN PER CPU T3 BAS E;REW CLST ONE HA/DR 5.0 WIN PER CPU T3 BAS E;REW CLST ONE HA/DR 5.0 WIN PER CPU T3 BAS E;REW CLST ONE HA/DR 5.0 WIN PER CPU T3 BAS E;;;;79;;
1;3;2094;1;511,4094;415,78;REW CLST ONE HA/DR 5.0 S64LNX PER CPU T3 ESS A;20960276;;REW CLST ONE HA/DR 5.0 S64LNX PER CPU T3 ESS A;REW CLST ONE HA/DR 5.0 S64LNX PER CPU T3 ESS A;REW CLST ONE HA/DR 5.0 S64LNX PER CPU T3 ESS A;REW CLST ONE HA/DR 5.0 S64LNX PER CPU T3 ESS A;;;;79;;
1;3;2094;1;511,4094;415,78;REW CLST ONE HA/DR 5.0 S64LNX PER CPU T3 ESS B;20960277;;REW CLST ONE HA/DR 5.0 S64LNX PER CPU T3 ESS B;REW CLST ONE HA/DR 5.0 S64LNX PER CPU T3 ESS B;REW CLST ONE HA/DR 5.0 S64LNX PER CPU T3 ESS B;REW CLST ONE HA/DR 5.0 S64LNX PER CPU T3 ESS B;;;;79;;
1;3;2094;1;1681,164;1366,8;EXP CLST ONE HA/DR 5.0 WIN PER CPU T3 STD LIC S;20960280;;EXP CLST ONE HA/DR 5.0 WIN PER CPU T3 STD LIC S;EXP CLST ONE HA/DR 5.0 WIN PER CPU T3 STD LIC S;EXP CLST ONE HA/DR 5.0 WIN PER CPU T3 STD LIC S;EXP CLST ONE HA/DR 5.0 WIN PER CPU T3 STD LIC S;;;;79;;
1;3;2094;1;400,2174;325,38;REW CLST ONE HA/DR 5.0 WIN PER CPU T3 BAS B;20960281;;REW CLST ONE HA/DR 5.0 WIN PER CPU T3 BAS B;REW CLST ONE HA/DR 5.0 WIN PER CPU T3 BAS B;REW CLST ONE HA/DR 5.0 WIN PER CPU T3 BAS B;REW CLST ONE HA/DR 5.0 WIN PER CPU T3 BAS B;;;;79;;
1;3;2094;1;485,8377;394,99;REW CLST ONE HA/DR 5.0 WIN PER CPU T3 ESS D;20960282;;REW CLST ONE HA/DR 5.0 WIN PER CPU T3 ESS D;REW CLST ONE HA/DR 5.0 WIN PER CPU T3 ESS D;REW CLST ONE HA/DR 5.0 WIN PER CPU T3 ESS D;REW CLST ONE HA/DR 5.0 WIN PER CPU T3 ESS D;;;;79;;
1;3;2094;1;400,2174;325,38;EXP CLST ONE HA/DR 5.0 S64LNX PER CPU T3 BAS S;20960285;;EXP CLST ONE HA/DR 5.0 S64LNX PER CPU T3 BAS S;EXP CLST ONE HA/DR 5.0 S64LNX PER CPU T3 BAS S;EXP CLST ONE HA/DR 5.0 S64LNX PER CPU T3 BAS S;EXP CLST ONE HA/DR 5.0 S64LNX PER CPU T3 BAS S;;;;79;;
1;3;2094;1;485,8377;394,99;REW CLST ONE HA/DR 5.0 S64LNX PER CPU T3 ESS C;20960286;;REW CLST ONE HA/DR 5.0 S64LNX PER CPU T3 ESS C;REW CLST ONE HA/DR 5.0 S64LNX PER CPU T3 ESS C;REW CLST ONE HA/DR 5.0 S64LNX PER CPU T3 ESS C;REW CLST ONE HA/DR 5.0 S64LNX PER CPU T3 ESS C;;;;79;;
1;3;2094;1;485,8377;394,99;REW CLST ONE HA/DR 5.0 S64LNX PER CPU T3 ESS D;20960287;;REW CLST ONE HA/DR 5.0 S64LNX PER CPU T3 ESS D;REW CLST ONE HA/DR 5.0 S64LNX PER CPU T3 ESS D;REW CLST ONE HA/DR 5.0 S64LNX PER CPU T3 ESS D;REW CLST ONE HA/DR 5.0 S64LNX PER CPU T3 ESS D;;;;79;;
1;3;2094;1;511,4094;415,78;AE CLST SVR ONE HA/DR 5.0 S64LNX PER CPU T3 ESS S;20960288;;AE CLST SVR ONE HA/DR 5.0 S64LNX PER CPU T3 ESS S;AE CLST SVR ONE HA/DR 5.0 S64LNX PER CPU T3 ESS S;AE CLST SVR ONE HA/DR 5.0 S64LNX PER CPU T3 ESS S;AE CLST SVR ONE HA/DR 5.0 S64LNX PER CPU T3 ESS S;;;;79;;
1;3;2094;1;1148,8692;934,04;REW CLST ONE HA/DR 5.0 WIN PER CPU T1 STD LIC A;20960295;;REW CLST ONE HA/DR 5.0 WIN PER CPU T1 STD LIC A;REW CLST ONE HA/DR 5.0 WIN PER CPU T1 STD LIC A;REW CLST ONE HA/DR 5.0 WIN PER CPU T1 STD LIC A;REW CLST ONE HA/DR 5.0 WIN PER CPU T1 STD LIC A;;;;79;;
1;3;2094;1;273,5028;222,36;GOV CLST ONE HA/DR 5.0 WIN PER CPU T1 BAS S;20960296;;GOV CLST ONE HA/DR 5.0 WIN PER CPU T1 BAS S;GOV CLST ONE HA/DR 5.0 WIN PER CPU T1 BAS S;GOV CLST ONE HA/DR 5.0 WIN PER CPU T1 BAS S;GOV CLST ONE HA/DR 5.0 WIN PER CPU T1 BAS S;;;;79;;
1;3;2094;1;349,4922;284,14;REW CLST ONE HA/DR 5.0 WIN PER CPU T1 ESS A;20960297;;REW CLST ONE HA/DR 5.0 WIN PER CPU T1 ESS A;REW CLST ONE HA/DR 5.0 WIN PER CPU T1 ESS A;REW CLST ONE HA/DR 5.0 WIN PER CPU T1 ESS A;REW CLST ONE HA/DR 5.0 WIN PER CPU T1 ESS A;;;;79;;
1;3;2094;1;1091,4405;887,35;REW CLST ONE HA/DR 5.0 S64LNX P CPU T1 STD LIC C;20960299;;REW CLST ONE HA/DR 5.0 S64LNX P CPU T1 STD LIC C;REW CLST ONE HA/DR 5.0 S64LNX P CPU T1 STD LIC C;REW CLST ONE HA/DR 5.0 S64LNX P CPU T1 STD LIC C;REW CLST ONE HA/DR 5.0 S64LNX P CPU T1 STD LIC C;;;;79;;
1;3;2094;1;1091,4405;887,35;REW CLST ONE HA/DR 5.0 S64LNX P CPU T1 STD LIC D;20960300;;REW CLST ONE HA/DR 5.0 S64LNX P CPU T1 STD LIC D;REW CLST ONE HA/DR 5.0 S64LNX P CPU T1 STD LIC D;REW CLST ONE HA/DR 5.0 S64LNX P CPU T1 STD LIC D;REW CLST ONE HA/DR 5.0 S64LNX P CPU T1 STD LIC D;;;;79;;
1;3;2094;1;349,4922;284,14;REW CLST ONE HA/DR 5.0 S64LNX PER CPU T1 ESS B;20960301;;REW CLST ONE HA/DR 5.0 S64LNX PER CPU T1 ESS B;REW CLST ONE HA/DR 5.0 S64LNX PER CPU T1 ESS B;REW CLST ONE HA/DR 5.0 S64LNX PER CPU T1 ESS B;REW CLST ONE HA/DR 5.0 S64LNX PER CPU T1 ESS B;;;;79;;
1;3;2094;1;349,4922;284,14;EXP CLST ONE HA/DR 5.0 S64LNX PER CPU T1 ESS S;20960303;;EXP CLST ONE HA/DR 5.0 S64LNX PER CPU T1 ESS S;EXP CLST ONE HA/DR 5.0 S64LNX PER CPU T1 ESS S;EXP CLST ONE HA/DR 5.0 S64LNX PER CPU T1 ESS S;EXP CLST ONE HA/DR 5.0 S64LNX PER CPU T1 ESS S;;;;79;;
1;3;2094;1;1503,7365;1222,55;REW CLST ONE HA/DR 5.0 WIN PER CPU T2 STD LIC A;20960309;;REW CLST ONE HA/DR 5.0 WIN PER CPU T2 STD LIC A;REW CLST ONE HA/DR 5.0 WIN PER CPU T2 STD LIC A;REW CLST ONE HA/DR 5.0 WIN PER CPU T2 STD LIC A;REW CLST ONE HA/DR 5.0 WIN PER CPU T2 STD LIC A;;;;79;;
1;3;2094;1;331,1406;269,22;REW CLST ONE HA/DR 5.0 WIN PER CPU T2 BAS E;20960310;;REW CLST ONE HA/DR 5.0 WIN PER CPU T2 BAS E;REW CLST ONE HA/DR 5.0 WIN PER CPU T2 BAS E;REW CLST ONE HA/DR 5.0 WIN PER CPU T2 BAS E;REW CLST ONE HA/DR 5.0 WIN PER CPU T2 BAS E;;;;79;;
1;3;2094;1;357,9792;291,04;GOV CLST ONE HA/DR 5.0 WIN PER CPU T2 BAS S;20960311;;GOV CLST ONE HA/DR 5.0 WIN PER CPU T2 BAS S;GOV CLST ONE HA/DR 5.0 WIN PER CPU T2 BAS S;GOV CLST ONE HA/DR 5.0 WIN PER CPU T2 BAS S;GOV CLST ONE HA/DR 5.0 WIN PER CPU T2 BAS S;;;;79;;
1;3;2094;1;434,5713;353,31;REW CLST ONE HA/DR 5.0 WIN PER CPU T2 ESS C;20960312;;REW CLST ONE HA/DR 5.0 WIN PER CPU T2 ESS C;REW CLST ONE HA/DR 5.0 WIN PER CPU T2 ESS C;REW CLST ONE HA/DR 5.0 WIN PER CPU T2 ESS C;REW CLST ONE HA/DR 5.0 WIN PER CPU T2 ESS C;;;;79;;
1;3;2094;1;457,4247;371,89;EXP CLST ONE HA/DR 5.0 WIN PER CPU T2 ESS S;20960313;;EXP CLST ONE HA/DR 5.0 WIN PER CPU T2 ESS S;EXP CLST ONE HA/DR 5.0 WIN PER CPU T2 ESS S;EXP CLST ONE HA/DR 5.0 WIN PER CPU T2 ESS S;EXP CLST ONE HA/DR 5.0 WIN PER CPU T2 ESS S;;;;79;;
1;3;2094;1;1503,7365;1222,55;GOV CLST ONE HA/DR 5.0 S64LNX P CPU T2 STD LIC S;20960317;;GOV CLST ONE HA/DR 5.0 S64LNX P CPU T2 STD LIC S;GOV CLST ONE HA/DR 5.0 S64LNX P CPU T2 STD LIC S;GOV CLST ONE HA/DR 5.0 S64LNX P CPU T2 STD LIC S;GOV CLST ONE HA/DR 5.0 S64LNX P CPU T2 STD LIC S;;;;79;;
1;3;2094;1;1503,7365;1222,55;EXP CLST ONE HA/DR 5.0 S64LNX P CPU T2 STD LIC S;20960318;;EXP CLST ONE HA/DR 5.0 S64LNX P CPU T2 STD LIC S;EXP CLST ONE HA/DR 5.0 S64LNX P CPU T2 STD LIC S;EXP CLST ONE HA/DR 5.0 S64LNX P CPU T2 STD LIC S;EXP CLST ONE HA/DR 5.0 S64LNX P CPU T2 STD LIC S;;;;79;;
1;3;2094;1;225,2991;183,17;SYMC NETBACKUP CLIENBAND B ESSENTIAL 1MO;20961127;;SYMC NETBACKUP CLIENBAND B ESSENTIAL 1MO;SYMC NETBACKUP CLIENBAND B ESSENTIAL 1MO;SYMC NETBACKUP CLIENBAND B ESSENTIAL 1MO;SYMC NETBACKUP CLIENBAND B ESSENTIAL 1MO;;;;79;;
1;3;2094;1;1127,8608;916,96;SYMC NETBACKUP CLIENBAND A ESSENTIAL 1MO;20961165;;SYMC NETBACKUP CLIENBAND A ESSENTIAL 1MO;SYMC NETBACKUP CLIENBAND A ESSENTIAL 1MO;SYMC NETBACKUP CLIENBAND A ESSENTIAL 1MO;SYMC NETBACKUP CLIENBAND A ESSENTIAL 1MO;;;;79;;
1;3;2094;1;40,6269;33,03;MEDIA PK MAIL SECURITY EXCH AV & AS 6.5 PORTFOLIO WIN;20961184;;MEDIA PK MAIL SECURITY EXCH AV & AS 6.5 PORTFOLIO WIN;MEDIA PK MAIL SECURITY EXCH AV & AS 6.5 PORTFOLIO WIN;MEDIA PK MAIL SECURITY EXCH AV & AS 6.5 PORTFOLIO WIN;MEDIA PK MAIL SECURITY EXCH AV & AS 6.5 PORTFOLIO WIN;;;;79;;
1;3;2094;1;40,6269;33,03;MAIL SEC MS EXCH AV AS6.5 WIN EN CD PORTFOLIO MEDIA;20961184-DUP;;MAIL SEC MS EXCH AV AS6.5 WIN EN CD PORTFOLIO MEDIA;MAIL SEC MS EXCH AV AS6.5 WIN EN CD PORTFOLIO MEDIA;MAIL SEC MS EXCH AV AS6.5 WIN EN CD PORTFOLIO MEDIA;MAIL SEC MS EXCH AV AS6.5 WIN EN CD PORTFOLIO MEDIA;;;;79;;
1;3;2094;1;40,6269;33,03;MEDIA PK MAIL SECURITY EXCH ANTIVIRUS 6.5 PORTFOLIO WIN;20961197;;MEDIA PK MAIL SECURITY EXCH ANTIVIRUS 6.5 PORTFOLIO WIN;MEDIA PK MAIL SECURITY EXCH ANTIVIRUS 6.5 PORTFOLIO WIN;MEDIA PK MAIL SECURITY EXCH ANTIVIRUS 6.5 PORTFOLIO WIN;MEDIA PK MAIL SECURITY EXCH ANTIVIRUS 6.5 PORTFOLIO WIN;;;;79;;
1;3;2094;1;40,6269;33,03;MAIL SEC MS EXCH AV 6.5 WIN EN CD PORTFOLIO MEDIA;20961197-DUP;;MAIL SEC MS EXCH AV 6.5 WIN EN CD PORTFOLIO MEDIA;MAIL SEC MS EXCH AV 6.5 WIN EN CD PORTFOLIO MEDIA;MAIL SEC MS EXCH AV 6.5 WIN EN CD PORTFOLIO MEDIA;MAIL SEC MS EXCH AV 6.5 WIN EN CD PORTFOLIO MEDIA;;;;79;;
1;3;2094;1;3168,0249;2575,63;SF 5.1 SOL TRAIN BDL VID INSTRUC LED ELIBRARY CERT;20962041;;SF 5.1 SOL TRAIN BDL VID INSTRUC LED ELIBRARY CERT;SF 5.1 SOL TRAIN BDL VID INSTRUC LED ELIBRARY CERT;SF 5.1 SOL TRAIN BDL VID INSTRUC LED ELIBRARY CERT;SF 5.1 SOL TRAIN BDL VID INSTRUC LED ELIBRARY CERT;;;;79;;
1;3;2094;1;5162,7159;4197,33;SF 5.1 SOL TRAIN BDL 5DAY TRAIN VID ELIBRARY CERT;20962091;;SF 5.1 SOL TRAIN BDL 5DAY TRAIN VID ELIBRARY CERT;SF 5.1 SOL TRAIN BDL 5DAY TRAIN VID ELIBRARY CERT;SF 5.1 SOL TRAIN BDL 5DAY TRAIN VID ELIBRARY CERT;SF 5.1 SOL TRAIN BDL 5DAY TRAIN VID ELIBRARY CERT;;;;79;;
1;3;2094;1;4576,0305;3720,35;SF 5.1 5DAY F/SOL TRAINING BNDL TRAINING +VIDEO +CERTIFICATION;20962125;;SF 5.1 5DAY F/SOL TRAINING BNDL TRAINING +VIDEO +CERTIFICATION;SF 5.1 5DAY F/SOL TRAINING BNDL TRAINING +VIDEO +CERTIFICATION;SF 5.1 5DAY F/SOL TRAINING BNDL TRAINING +VIDEO +CERTIFICATION;SF 5.1 5DAY F/SOL TRAINING BNDL TRAINING +VIDEO +CERTIFICATION;;;;79;;
1;3;2094;1;2,7429;2,23;DPLTSOLCONFIGCTRCLTS7.1XNDSTDLICACDB-S;20962540;;DPLTSOLCONFIGCTRCLTS7.1XNDSTDLICACDB-S;DPLTSOLCONFIGCTRCLTS7.1XNDSTDLICACDB-S;DPLTSOLCONFIGCTRCLTS7.1XNDSTDLICACDB-S;DPLTSOLCONFIGCTRCLTS7.1XNDSTDLICACDB-S;;;;79;;
1;3;2094;1;1,6482;1,34;DPLTSOLCNFGCTRCLTS7.1XNDVERUGLICACDB-S;20962542;;DPLTSOLCNFGCTRCLTS7.1XNDVERUGLICACDB-S;DPLTSOLCNFGCTRCLTS7.1XNDVERUGLICACDB-S;DPLTSOLCNFGCTRCLTS7.1XNDVERUGLICACDB-S;DPLTSOLCNFGCTRCLTS7.1XNDVERUGLICACDB-S;;;;79;;
1;3;2094;1;5162,7159;4197,33;VCS 5.X F SOL TRAIN BDL 5 DAY VID + ELIBRARY + CERT;20962585;;VCS 5.X F SOL TRAIN BDL 5 DAY VID + ELIBRARY + CERT;VCS 5.X F SOL TRAIN BDL 5 DAY VID + ELIBRARY + CERT;VCS 5.X F SOL TRAIN BDL 5 DAY VID + ELIBRARY + CERT;VCS 5.X F SOL TRAIN BDL 5 DAY VID + ELIBRARY + CERT;;;;79;;
1;3;2094;1;3168,0249;2575,63;VCS 5.X SOL TRAIN BDL VID INSTR LED TRAIN ELIB CERT;20962610;;VCS 5.X SOL TRAIN BDL VID INSTR LED TRAIN ELIB CERT;VCS 5.X SOL TRAIN BDL VID INSTR LED TRAIN ELIB CERT;VCS 5.X SOL TRAIN BDL VID INSTR LED TRAIN ELIB CERT;VCS 5.X SOL TRAIN BDL VID INSTR LED TRAIN ELIB CERT;;;;79;;
1;3;2094;1;4576,0305;3720,35;VCS 5.X F SOL TRAIN BDL 5 DAY TRAIN + VID + CERT;20962634;;VCS 5.X F SOL TRAIN BDL 5 DAY TRAIN + VID + CERT;VCS 5.X F SOL TRAIN BDL 5 DAY TRAIN + VID + CERT;VCS 5.X F SOL TRAIN BDL 5 DAY TRAIN + VID + CERT;VCS 5.X F SOL TRAIN BDL 5 DAY TRAIN + VID + CERT;;;;79;;
1;3;2094;1;21,5373;17,51;EXP MAIL SEC F MS EXCH AV 6.5 WIN 1U C/U LIC B ESS;20968660;;EXP MAIL SEC F MS EXCH AV 6.5 WIN 1U C/U LIC B ESS;EXP MAIL SEC F MS EXCH AV 6.5 WIN 1U C/U LIC B ESS;EXP MAIL SEC F MS EXCH AV 6.5 WIN 1U C/U LIC B ESS;EXP MAIL SEC F MS EXCH AV 6.5 WIN 1U C/U LIC B ESS;;;;79;;
1;3;2094;1;17,9703;14,61;EXP MAIL SEC F MS EXCH AV 6.5 WIN 1U C/U LIC D ESS;20968661;;EXP MAIL SEC F MS EXCH AV 6.5 WIN 1U C/U LIC D ESS;EXP MAIL SEC F MS EXCH AV 6.5 WIN 1U C/U LIC D ESS;EXP MAIL SEC F MS EXCH AV 6.5 WIN 1U C/U LIC D ESS;EXP MAIL SEC F MS EXCH AV 6.5 WIN 1U C/U LIC D ESS;;;;79;;
1;3;2094;1;11,5374;9,38;MAIL SEC F MS EXCH1USR BNDL STDREW E BAS;20968662;;MAIL SEC F MS EXCH1USR BNDL STDREW E BAS;MAIL SEC F MS EXCH1USR BNDL STDREW E BAS;MAIL SEC F MS EXCH1USR BNDL STDREW E BAS;MAIL SEC F MS EXCH1USR BNDL STDREW E BAS;;;;79;;
1;3;2094;1;11,0946;9,02;REW MAIL SEC MS EXCH AV 6.5 WIN 1U STD LIC E BAS;20968662-A1;;REW MAIL SEC MS EXCH AV 6.5 WIN 1U STD LIC E BAS;REW MAIL SEC MS EXCH AV 6.5 WIN 1U STD LIC E BAS;REW MAIL SEC MS EXCH AV 6.5 WIN 1U STD LIC E BAS;REW MAIL SEC MS EXCH AV 6.5 WIN 1U STD LIC E BAS;;;;79;;
1;3;2094;1;9,1389;7,43;MAIL SEC F MS EXCH 1 USR ESS REW-A;20968664;;MAIL SEC F MS EXCH 1 USR ESS REW-A;MAIL SEC F MS EXCH 1 USR ESS REW-A;MAIL SEC F MS EXCH 1 USR ESS REW-A;MAIL SEC F MS EXCH 1 USR ESS REW-A;;;;79;;
1;3;2094;1;8,7945;7,15;REW MAIL SEC MS EXCH AV 6.5 WIN 1U ESS A;20968664-A1;;REW MAIL SEC MS EXCH AV 6.5 WIN 1U ESS A;REW MAIL SEC MS EXCH AV 6.5 WIN 1U ESS A;REW MAIL SEC MS EXCH AV 6.5 WIN 1U ESS A;REW MAIL SEC MS EXCH AV 6.5 WIN 1U ESS A;;;;79;;
1;3;2094;1;12,423;10,1;EXP MAIL SEC F MS EXCH AV 6.5 WIN 1U ESS E;20968665;;EXP MAIL SEC F MS EXCH AV 6.5 WIN 1U ESS E;EXP MAIL SEC F MS EXCH AV 6.5 WIN 1U ESS E;EXP MAIL SEC F MS EXCH AV 6.5 WIN 1U ESS E;EXP MAIL SEC F MS EXCH AV 6.5 WIN 1U ESS E;;;;79;;
1;3;2094;1;11,2791;9,17;EXP MAIL SEC F MS EXCH AV 6.5 WIN 1U ESS F;20968666;;EXP MAIL SEC F MS EXCH AV 6.5 WIN 1U ESS F;EXP MAIL SEC F MS EXCH AV 6.5 WIN 1U ESS F;EXP MAIL SEC F MS EXCH AV 6.5 WIN 1U ESS F;EXP MAIL SEC F MS EXCH AV 6.5 WIN 1U ESS F;;;;79;;
1;3;2094;1;6,6789;5,43;AE MAIL SEC MS EXCHG AV 6.5 WIN 1U ESS H;20968667;;AE MAIL SEC MS EXCHG AV 6.5 WIN 1U ESS H;AE MAIL SEC MS EXCHG AV 6.5 WIN 1U ESS H;AE MAIL SEC MS EXCHG AV 6.5 WIN 1U ESS H;AE MAIL SEC MS EXCHG AV 6.5 WIN 1U ESS H;;;;79;;
1;3;2094;1;28,4253;23,11;EXP MAIL SEC F MS EXCH AV 6.5 WIN 1U STD LIC B BAS;20968670;;EXP MAIL SEC F MS EXCH AV 6.5 WIN 1U STD LIC B BAS;EXP MAIL SEC F MS EXCH AV 6.5 WIN 1U STD LIC B BAS;EXP MAIL SEC F MS EXCH AV 6.5 WIN 1U STD LIC B BAS;EXP MAIL SEC F MS EXCH AV 6.5 WIN 1U STD LIC B BAS;;;;79;;
1;3;2094;1;23,7267;19,29;EXP MAIL SEC F MS EXCH AV 6.5 WIN 1U STD LIC D BAS;20968671;;EXP MAIL SEC F MS EXCH AV 6.5 WIN 1U STD LIC D BAS;EXP MAIL SEC F MS EXCH AV 6.5 WIN 1U STD LIC D BAS;EXP MAIL SEC F MS EXCH AV 6.5 WIN 1U STD LIC D BAS;EXP MAIL SEC F MS EXCH AV 6.5 WIN 1U STD LIC D BAS;;;;79;;
1;3;2094;1;13,0749;10,63;MAIL SEC F MS EXCH1USR BNDL STDREW D ESS;20968672;;MAIL SEC F MS EXCH1USR BNDL STDREW D ESS;MAIL SEC F MS EXCH1USR BNDL STDREW D ESS;MAIL SEC F MS EXCH1USR BNDL STDREW D ESS;MAIL SEC F MS EXCH1USR BNDL STDREW D ESS;;;;79;;
1;3;2094;1;12,5583;10,21;REW MAIL SEC MS EXCH AV 6.5 WIN 1U STD LIC D ESS;20968672-A1;;REW MAIL SEC MS EXCH AV 6.5 WIN 1U STD LIC D ESS;REW MAIL SEC MS EXCH AV 6.5 WIN 1U STD LIC D ESS;REW MAIL SEC MS EXCH AV 6.5 WIN 1U STD LIC D ESS;REW MAIL SEC MS EXCH AV 6.5 WIN 1U STD LIC D ESS;;;;79;;
1;3;2094;1;11,7096;9,52;GOV MAIL SEC MS EXCH AV 6.5 WIN 1U STD LIC H ESS;20968673;;GOV MAIL SEC MS EXCH AV 6.5 WIN 1U STD LIC H ESS;GOV MAIL SEC MS EXCH AV 6.5 WIN 1U STD LIC H ESS;GOV MAIL SEC MS EXCH AV 6.5 WIN 1U STD LIC H ESS;GOV MAIL SEC MS EXCH AV 6.5 WIN 1U STD LIC H ESS;;;;79;;
1;3;2094;1;26,5311;21,57;GOV MAIL SEC MS EXCH AV 6.5 WIN 1U STD LIC A ESS;20968674;;GOV MAIL SEC MS EXCH AV 6.5 WIN 1U STD LIC A ESS;GOV MAIL SEC MS EXCH AV 6.5 WIN 1U STD LIC A ESS;GOV MAIL SEC MS EXCH AV 6.5 WIN 1U STD LIC A ESS;GOV MAIL SEC MS EXCH AV 6.5 WIN 1U STD LIC A ESS;;;;79;;
1;3;2094;1;10,2336;8,32;MAIL F MS EXCH1USR BNDL VER UG REW B BAS;20968675;;MAIL F MS EXCH1USR BNDL VER UG REW B BAS;MAIL F MS EXCH1USR BNDL VER UG REW B BAS;MAIL F MS EXCH1USR BNDL VER UG REW B BAS;MAIL F MS EXCH1USR BNDL VER UG REW B BAS;;;;79;;
1;3;2094;1;9,84;8;REW MAIL SEC MS EXCH AV 6.5 WIN 1U V/U LIC B BAS;20968675-A1;;REW MAIL SEC MS EXCH AV 6.5 WIN 1U V/U LIC B BAS;REW MAIL SEC MS EXCH AV 6.5 WIN 1U V/U LIC B BAS;REW MAIL SEC MS EXCH AV 6.5 WIN 1U V/U LIC B BAS;REW MAIL SEC MS EXCH AV 6.5 WIN 1U V/U LIC B BAS;;;;79;;
1;3;2094;1;17,8719;14,53;GOV MAIL SEC MS EXCH AV 6.5 WIN 1U V/U LIC A BAS;20968676;;GOV MAIL SEC MS EXCH AV 6.5 WIN 1U V/U LIC A BAS;GOV MAIL SEC MS EXCH AV 6.5 WIN 1U V/U LIC A BAS;GOV MAIL SEC MS EXCH AV 6.5 WIN 1U V/U LIC A BAS;GOV MAIL SEC MS EXCH AV 6.5 WIN 1U V/U LIC A BAS;;;;79;;
1;3;2094;1;7,8843;6,41;AE MAIL SEC MS EXCHG AV 6.5 WIN 1U V/U LIC H BAS;20968677;;AE MAIL SEC MS EXCHG AV 6.5 WIN 1U V/U LIC H BAS;AE MAIL SEC MS EXCHG AV 6.5 WIN 1U V/U LIC H BAS;AE MAIL SEC MS EXCHG AV 6.5 WIN 1U V/U LIC H BAS;AE MAIL SEC MS EXCHG AV 6.5 WIN 1U V/U LIC H BAS;;;;79;;
1;3;2094;1;23,9235;19,45;EXP MAIL SEC F MS EXCH AV 6.5 WIN 1U V/U LIC A ESS;20968679;;EXP MAIL SEC F MS EXCH AV 6.5 WIN 1U V/U LIC A ESS;EXP MAIL SEC F MS EXCH AV 6.5 WIN 1U V/U LIC A ESS;EXP MAIL SEC F MS EXCH AV 6.5 WIN 1U V/U LIC A ESS;EXP MAIL SEC F MS EXCH AV 6.5 WIN 1U V/U LIC A ESS;;;;79;;
1;3;2094;1;20,1105;16,35;EXP MAIL SEC F MS EXCH AV 6.5 WIN 1U C/U LIC B BAS;20968681;;EXP MAIL SEC F MS EXCH AV 6.5 WIN 1U C/U LIC B BAS;EXP MAIL SEC F MS EXCH AV 6.5 WIN 1U C/U LIC B BAS;EXP MAIL SEC F MS EXCH AV 6.5 WIN 1U C/U LIC B BAS;EXP MAIL SEC F MS EXCH AV 6.5 WIN 1U C/U LIC B BAS;;;;79;;
1;3;2094;1;17,8719;14,53;GOV MAIL SEC MS EXCH AV 6.5 WIN 1U C/U LIC A BAS;20968682;;GOV MAIL SEC MS EXCH AV 6.5 WIN 1U C/U LIC A BAS;GOV MAIL SEC MS EXCH AV 6.5 WIN 1U C/U LIC A BAS;GOV MAIL SEC MS EXCH AV 6.5 WIN 1U C/U LIC A BAS;GOV MAIL SEC MS EXCH AV 6.5 WIN 1U C/U LIC A BAS;;;;79;;
1;3;2094;1;10,1598;8,26;MAIL SECFMS 1 USR BNDL COMP UG REW C ESS;20968683;;MAIL SECFMS 1 USR BNDL COMP UG REW C ESS;MAIL SECFMS 1 USR BNDL COMP UG REW C ESS;MAIL SECFMS 1 USR BNDL COMP UG REW C ESS;MAIL SECFMS 1 USR BNDL COMP UG REW C ESS;;;;79;;
1;3;2094;1;9,7539;7,93;REW MAIL SEC MS EXCH AV 6.5 WIN 1U C/U LIC C ESS;20968683-A1;;REW MAIL SEC MS EXCH AV 6.5 WIN 1U C/U LIC C ESS;REW MAIL SEC MS EXCH AV 6.5 WIN 1U C/U LIC C ESS;REW MAIL SEC MS EXCH AV 6.5 WIN 1U C/U LIC C ESS;REW MAIL SEC MS EXCH AV 6.5 WIN 1U C/U LIC C ESS;;;;79;;
1;3;2094;1;14,2557;11,59;EXP MAIL SEC F MS EXCH AV 6.5 WIN 1U C/U LIC F ESS;20968684;;EXP MAIL SEC F MS EXCH AV 6.5 WIN 1U C/U LIC F ESS;EXP MAIL SEC F MS EXCH AV 6.5 WIN 1U C/U LIC F ESS;EXP MAIL SEC F MS EXCH AV 6.5 WIN 1U C/U LIC F ESS;EXP MAIL SEC F MS EXCH AV 6.5 WIN 1U C/U LIC F ESS;;;;79;;
1;3;2094;1;8,4378;6,86;GOV MAIL SEC MS EXCH AV 6.5 WIN 1U C/U LIC H ESS;20968685;;GOV MAIL SEC MS EXCH AV 6.5 WIN 1U C/U LIC H ESS;GOV MAIL SEC MS EXCH AV 6.5 WIN 1U C/U LIC H ESS;GOV MAIL SEC MS EXCH AV 6.5 WIN 1U C/U LIC H ESS;GOV MAIL SEC MS EXCH AV 6.5 WIN 1U C/U LIC H ESS;;;;79;;
1;3;2094;1;6,8511;5,57;MAIL SEC F MS EXCH 1 USR BAS REW-D;20968686;;MAIL SEC F MS EXCH 1 USR BAS REW-D;MAIL SEC F MS EXCH 1 USR BAS REW-D;MAIL SEC F MS EXCH 1 USR BAS REW-D;MAIL SEC F MS EXCH 1 USR BAS REW-D;;;;79;;
1;3;2094;1;6,5805;5,35;REW MAIL SEC MS EXCH AV 6.5 WIN 1U BAS D;20968686-A1;;REW MAIL SEC MS EXCH AV 6.5 WIN 1U BAS D;REW MAIL SEC MS EXCH AV 6.5 WIN 1U BAS D;REW MAIL SEC MS EXCH AV 6.5 WIN 1U BAS D;REW MAIL SEC MS EXCH AV 6.5 WIN 1U BAS D;;;;79;;
1;3;2094;1;17,3676;14,12;EXP MAIL SEC F MS EXCH AV 6.5 WIN 1U BAS A;20968687;;EXP MAIL SEC F MS EXCH AV 6.5 WIN 1U BAS A;EXP MAIL SEC F MS EXCH AV 6.5 WIN 1U BAS A;EXP MAIL SEC F MS EXCH AV 6.5 WIN 1U BAS A;EXP MAIL SEC F MS EXCH AV 6.5 WIN 1U BAS A;;;;79;;
1;3;2094;1;15,621;12,7;EXP MAIL SEC F MS EXCH AV 6.5 WIN 1U BAS B;20968688;;EXP MAIL SEC F MS EXCH AV 6.5 WIN 1U BAS B;EXP MAIL SEC F MS EXCH AV 6.5 WIN 1U BAS B;EXP MAIL SEC F MS EXCH AV 6.5 WIN 1U BAS B;EXP MAIL SEC F MS EXCH AV 6.5 WIN 1U BAS B;;;;79;;
1;3;2094;1;11,1561;9,07;AE MAIL SEC MS EXCHG AV 6.5 WIN 1U STD LIC H BAS;20968689;;AE MAIL SEC MS EXCHG AV 6.5 WIN 1U STD LIC H BAS;AE MAIL SEC MS EXCHG AV 6.5 WIN 1U STD LIC H BAS;AE MAIL SEC MS EXCHG AV 6.5 WIN 1U STD LIC H BAS;AE MAIL SEC MS EXCHG AV 6.5 WIN 1U STD LIC H BAS;;;;79;;
1;3;2094;1;13,8867;11,29;AE MAIL SEC MS EXCHG AV 6.5 WIN 1U BAS A;20968691;;AE MAIL SEC MS EXCHG AV 6.5 WIN 1U BAS A;AE MAIL SEC MS EXCHG AV 6.5 WIN 1U BAS A;AE MAIL SEC MS EXCHG AV 6.5 WIN 1U BAS A;AE MAIL SEC MS EXCHG AV 6.5 WIN 1U BAS A;;;;79;;
1;3;2094;1;15,1782;12,34;GOV MAIL SEC MS EXCH AV 6.5 WIN 1U ESS A;20968692;;GOV MAIL SEC MS EXCH AV 6.5 WIN 1U ESS A;GOV MAIL SEC MS EXCH AV 6.5 WIN 1U ESS A;GOV MAIL SEC MS EXCH AV 6.5 WIN 1U ESS A;GOV MAIL SEC MS EXCH AV 6.5 WIN 1U ESS A;;;;79;;
1;3;2094;1;15,1782;12,34;AE MAIL SEC MS EXCHG AV 6.5 WIN 1U ESS A;20968693;;AE MAIL SEC MS EXCHG AV 6.5 WIN 1U ESS A;AE MAIL SEC MS EXCHG AV 6.5 WIN 1U ESS A;AE MAIL SEC MS EXCHG AV 6.5 WIN 1U ESS A;AE MAIL SEC MS EXCHG AV 6.5 WIN 1U ESS A;;;;79;;
1;3;2094;1;19,1388;15,56;GOV MAIL SEC MS EXCH AV 6.5 WIN 1U V/U LIC A ESS;20968694;;GOV MAIL SEC MS EXCH AV 6.5 WIN 1U V/U LIC A ESS;GOV MAIL SEC MS EXCH AV 6.5 WIN 1U V/U LIC A ESS;GOV MAIL SEC MS EXCH AV 6.5 WIN 1U V/U LIC A ESS;GOV MAIL SEC MS EXCH AV 6.5 WIN 1U V/U LIC A ESS;;;;79;;
1;3;2094;1;22,3368;18,16;EXP MAIL SEC F MS EXCH AV 6.5 WIN 1U C/U LIC A BAS;20968695;;EXP MAIL SEC F MS EXCH AV 6.5 WIN 1U C/U LIC A BAS;EXP MAIL SEC F MS EXCH AV 6.5 WIN 1U C/U LIC A BAS;EXP MAIL SEC F MS EXCH AV 6.5 WIN 1U C/U LIC A BAS;EXP MAIL SEC F MS EXCH AV 6.5 WIN 1U C/U LIC A BAS;;;;79;;
1;3;2094;1;7,9458;6,46;MAIL SEC F MS EXCH 1 USR BAS REW-B;20968696;;MAIL SEC F MS EXCH 1 USR BAS REW-B;MAIL SEC F MS EXCH 1 USR BAS REW-B;MAIL SEC F MS EXCH 1 USR BAS REW-B;MAIL SEC F MS EXCH 1 USR BAS REW-B;;;;79;;
1;3;2094;1;7,6383;6,21;REW MAIL SEC MS EXCH AV 6.5 WIN 1U BAS B;20968696-A1;;REW MAIL SEC MS EXCH AV 6.5 WIN 1U BAS B;REW MAIL SEC MS EXCH AV 6.5 WIN 1U BAS B;REW MAIL SEC MS EXCH AV 6.5 WIN 1U BAS B;REW MAIL SEC MS EXCH AV 6.5 WIN 1U BAS B;;;;79;;
1;3;2094;1;6,1254;4,98;GOV MAIL SEC MS EXCH AV 6.5 WIN 1U BAS H;20968697;;GOV MAIL SEC MS EXCH AV 6.5 WIN 1U BAS H;GOV MAIL SEC MS EXCH AV 6.5 WIN 1U BAS H;GOV MAIL SEC MS EXCH AV 6.5 WIN 1U BAS H;GOV MAIL SEC MS EXCH AV 6.5 WIN 1U BAS H;;;;79;;
1;3;2094;1;13,8867;11,29;GOV MAIL SEC MS EXCH AV 6.5 WIN 1U BAS A;20968698;;GOV MAIL SEC MS EXCH AV 6.5 WIN 1U BAS A;GOV MAIL SEC MS EXCH AV 6.5 WIN 1U BAS A;GOV MAIL SEC MS EXCH AV 6.5 WIN 1U BAS A;GOV MAIL SEC MS EXCH AV 6.5 WIN 1U BAS A;;;;79;;
1;3;2094;1;8,6715;7,05;MAIL SEC F MS EXCH 1 USR ESS REW-B;20968699;;MAIL SEC F MS EXCH 1 USR ESS REW-B;MAIL SEC F MS EXCH 1 USR ESS REW-B;MAIL SEC F MS EXCH 1 USR ESS REW-B;MAIL SEC F MS EXCH 1 USR ESS REW-B;;;;79;;
1;3;2094;1;8,3394;6,78;REW MAIL SEC MS EXCH AV 6.5 WIN 1U ESS B;20968699-A1;;REW MAIL SEC MS EXCH AV 6.5 WIN 1U ESS B;REW MAIL SEC MS EXCH AV 6.5 WIN 1U ESS B;REW MAIL SEC MS EXCH AV 6.5 WIN 1U ESS B;REW MAIL SEC MS EXCH AV 6.5 WIN 1U ESS B;;;;79;;
1;3;2094;1;6,3468;5,16;MAIL SEC F MS EXCH 1 USR BAS REW-E;20968700;;MAIL SEC F MS EXCH 1 USR BAS REW-E;MAIL SEC F MS EXCH 1 USR BAS REW-E;MAIL SEC F MS EXCH 1 USR BAS REW-E;MAIL SEC F MS EXCH 1 USR BAS REW-E;;;;79;;
1;3;2094;1;6,0885;4,95;REW MAIL SEC MS EXCH AV 6.5 WIN 1U BAS E;20968700-A1;;REW MAIL SEC MS EXCH AV 6.5 WIN 1U BAS E;REW MAIL SEC MS EXCH AV 6.5 WIN 1U BAS E;REW MAIL SEC MS EXCH AV 6.5 WIN 1U BAS E;REW MAIL SEC MS EXCH AV 6.5 WIN 1U BAS E;;;;79;;
1;3;2094;1;13,2963;10,81;EXP MAIL SEC F MS EXCH AV 6.5 WIN 1U C/U LIC F BAS;20968702;;EXP MAIL SEC F MS EXCH AV 6.5 WIN 1U C/U LIC F BAS;EXP MAIL SEC F MS EXCH AV 6.5 WIN 1U C/U LIC F BAS;EXP MAIL SEC F MS EXCH AV 6.5 WIN 1U C/U LIC F BAS;EXP MAIL SEC F MS EXCH AV 6.5 WIN 1U C/U LIC F BAS;;;;79;;
1;3;2094;1;8,7576;7,12;MAIL SECFMS 1 USR BNDL COMP UG REW E ESS;20968704;;MAIL SECFMS 1 USR BNDL COMP UG REW E ESS;MAIL SECFMS 1 USR BNDL COMP UG REW E ESS;MAIL SECFMS 1 USR BNDL COMP UG REW E ESS;MAIL SECFMS 1 USR BNDL COMP UG REW E ESS;;;;79;;
1;3;2094;1;8,4132;6,84;REW MAIL SEC MS EXCH AV 6.5 WIN 1U C/U LIC E ESS;20968704-A1;;REW MAIL SEC MS EXCH AV 6.5 WIN 1U C/U LIC E ESS;REW MAIL SEC MS EXCH AV 6.5 WIN 1U C/U LIC E ESS;REW MAIL SEC MS EXCH AV 6.5 WIN 1U C/U LIC E ESS;REW MAIL SEC MS EXCH AV 6.5 WIN 1U C/U LIC E ESS;;;;79;;
1;3;2094;1;20,418;16,6;EXP MAIL SEC F MS EXCH AV 6.5 WIN 1U C/U LIC C ESS;20968705;;EXP MAIL SEC F MS EXCH AV 6.5 WIN 1U C/U LIC C ESS;EXP MAIL SEC F MS EXCH AV 6.5 WIN 1U C/U LIC C ESS;EXP MAIL SEC F MS EXCH AV 6.5 WIN 1U C/U LIC C ESS;EXP MAIL SEC F MS EXCH AV 6.5 WIN 1U C/U LIC C ESS;;;;79;;
1;3;2094;1;20,6886;16,82;EXP MAIL SEC F MS EXCH AV 6.5 WIN 1U STD LIC E BAS;20968706;;EXP MAIL SEC F MS EXCH AV 6.5 WIN 1U STD LIC E BAS;EXP MAIL SEC F MS EXCH AV 6.5 WIN 1U STD LIC E BAS;EXP MAIL SEC F MS EXCH AV 6.5 WIN 1U STD LIC E BAS;EXP MAIL SEC F MS EXCH AV 6.5 WIN 1U STD LIC E BAS;;;;79;;
1;3;2094;1;11,3775;9,25;EXP MAIL SEC F MS EXCH AV 6.5 WIN 1U BAS E;20968707;;EXP MAIL SEC F MS EXCH AV 6.5 WIN 1U BAS E;EXP MAIL SEC F MS EXCH AV 6.5 WIN 1U BAS E;EXP MAIL SEC F MS EXCH AV 6.5 WIN 1U BAS E;EXP MAIL SEC F MS EXCH AV 6.5 WIN 1U BAS E;;;;79;;
1;3;2094;1;8,0442;6,54;MAIL SEC F MS EXCH 1 USR ESS REW-C;20968709;;MAIL SEC F MS EXCH 1 USR ESS REW-C;MAIL SEC F MS EXCH 1 USR ESS REW-C;MAIL SEC F MS EXCH 1 USR ESS REW-C;MAIL SEC F MS EXCH 1 USR ESS REW-C;;;;79;;
1;3;2094;1;7,7244;6,28;REW MAIL SEC MS EXCH AV 6.5 WIN 1U ESS C;20968709-A1;;REW MAIL SEC MS EXCH AV 6.5 WIN 1U ESS C;REW MAIL SEC MS EXCH AV 6.5 WIN 1U ESS C;REW MAIL SEC MS EXCH AV 6.5 WIN 1U ESS C;REW MAIL SEC MS EXCH AV 6.5 WIN 1U ESS C;;;;79;;
1;3;2094;1;18,942;15,4;EXP MAIL SEC F MS EXCH AV 6.5 WIN 1U ESS A;20968710;;EXP MAIL SEC F MS EXCH AV 6.5 WIN 1U ESS A;EXP MAIL SEC F MS EXCH AV 6.5 WIN 1U ESS A;EXP MAIL SEC F MS EXCH AV 6.5 WIN 1U ESS A;EXP MAIL SEC F MS EXCH AV 6.5 WIN 1U ESS A;;;;79;;
1;3;2094;1;11,1561;9,07;GOV MAIL SEC MS EXCH AV 6.5 WIN 1U STD LIC H BAS;20968711;;GOV MAIL SEC MS EXCH AV 6.5 WIN 1U STD LIC H BAS;GOV MAIL SEC MS EXCH AV 6.5 WIN 1U STD LIC H BAS;GOV MAIL SEC MS EXCH AV 6.5 WIN 1U STD LIC H BAS;GOV MAIL SEC MS EXCH AV 6.5 WIN 1U STD LIC H BAS;;;;79;;
1;3;2094;1;25,2519;20,53;AE MAIL SEC MS EXCHG AV 6.5 WIN 1U STD LIC A BAS;20968712;;AE MAIL SEC MS EXCHG AV 6.5 WIN 1U STD LIC A BAS;AE MAIL SEC MS EXCHG AV 6.5 WIN 1U STD LIC A BAS;AE MAIL SEC MS EXCHG AV 6.5 WIN 1U STD LIC A BAS;AE MAIL SEC MS EXCHG AV 6.5 WIN 1U STD LIC A BAS;;;;79;;
1;3;2094;1;24,9075;20,25;EXP MAIL SEC F MS EXCH AV 6.5 WIN 1U STD LIC D ESS;20968713;;EXP MAIL SEC F MS EXCH AV 6.5 WIN 1U STD LIC D ESS;EXP MAIL SEC F MS EXCH AV 6.5 WIN 1U STD LIC D ESS;EXP MAIL SEC F MS EXCH AV 6.5 WIN 1U STD LIC D ESS;EXP MAIL SEC F MS EXCH AV 6.5 WIN 1U STD LIC D ESS;;;;79;;
1;3;2094;1;19,0773;15,51;EXP MAIL SEC F MS EXCH AV 6.5 WIN 1U V/U LIC C BAS;20968715;;EXP MAIL SEC F MS EXCH AV 6.5 WIN 1U V/U LIC C BAS;EXP MAIL SEC F MS EXCH AV 6.5 WIN 1U V/U LIC C BAS;EXP MAIL SEC F MS EXCH AV 6.5 WIN 1U V/U LIC C BAS;EXP MAIL SEC F MS EXCH AV 6.5 WIN 1U V/U LIC C BAS;;;;79;;
1;3;2094;1;8,364;6,8;MAIL SEC F MS EXCH 1 USR BAS REW-A;20968716;;MAIL SEC F MS EXCH 1 USR BAS REW-A;MAIL SEC F MS EXCH 1 USR BAS REW-A;MAIL SEC F MS EXCH 1 USR BAS REW-A;MAIL SEC F MS EXCH 1 USR BAS REW-A;;;;79;;
1;3;2094;1;8,0442;6,54;REW MAIL SEC MS EXCH AV 6.5 WIN 1U BAS A;20968716-A1;;REW MAIL SEC MS EXCH AV 6.5 WIN 1U BAS A;REW MAIL SEC MS EXCH AV 6.5 WIN 1U BAS A;REW MAIL SEC MS EXCH AV 6.5 WIN 1U BAS A;REW MAIL SEC MS EXCH AV 6.5 WIN 1U BAS A;;;;79;;
1;3;2094;1;15,1905;12,35;MAIL SEC F MS EXCH1USR BNDL STDREW B ESS;20968718;;MAIL SEC F MS EXCH1USR BNDL STDREW B ESS;MAIL SEC F MS EXCH1USR BNDL STDREW B ESS;MAIL SEC F MS EXCH1USR BNDL STDREW B ESS;MAIL SEC F MS EXCH1USR BNDL STDREW B ESS;;;;79;;
1;3;2094;1;14,6001;11,87;REW MAIL SEC MS EXCH AV 6.5 WIN 1U STD LIC B ESS;20968718-A1;;REW MAIL SEC MS EXCH AV 6.5 WIN 1U STD LIC B ESS;REW MAIL SEC MS EXCH AV 6.5 WIN 1U STD LIC B ESS;REW MAIL SEC MS EXCH AV 6.5 WIN 1U STD LIC B ESS;REW MAIL SEC MS EXCH AV 6.5 WIN 1U STD LIC B ESS;;;;79;;
1;3;2094;1;12,1278;9,86;MAIL SEC F MS EXCH1USR BNDL STDREW E ESS;20968719;;MAIL SEC F MS EXCH1USR BNDL STDREW E ESS;MAIL SEC F MS EXCH1USR BNDL STDREW E ESS;MAIL SEC F MS EXCH1USR BNDL STDREW E ESS;MAIL SEC F MS EXCH1USR BNDL STDREW E ESS;;;;79;;
1;3;2094;1;11,6481;9,47;REW MAIL SEC MS EXCH AV 6.5 WIN 1U STD LIC E ESS;20968719-A1;;REW MAIL SEC MS EXCH AV 6.5 WIN 1U STD LIC E ESS;REW MAIL SEC MS EXCH AV 6.5 WIN 1U STD LIC E ESS;REW MAIL SEC MS EXCH AV 6.5 WIN 1U STD LIC E ESS;REW MAIL SEC MS EXCH AV 6.5 WIN 1U STD LIC E ESS;;;;79;;
1;3;2094;1;11,7096;9,52;AE MAIL SEC MS EXCHG AV 6.5 WIN 1U STD LIC H ESS;20968720;;AE MAIL SEC MS EXCHG AV 6.5 WIN 1U STD LIC H ESS;AE MAIL SEC MS EXCHG AV 6.5 WIN 1U STD LIC H ESS;AE MAIL SEC MS EXCHG AV 6.5 WIN 1U STD LIC H ESS;AE MAIL SEC MS EXCHG AV 6.5 WIN 1U STD LIC H ESS;;;;79;;
1;3;2094;1;16,0023;13,01;MAIL SEC F MS EXCH1USR BNDL STDREW A ESS;20968723;;MAIL SEC F MS EXCH1USR BNDL STDREW A ESS;MAIL SEC F MS EXCH1USR BNDL STDREW A ESS;MAIL SEC F MS EXCH1USR BNDL STDREW A ESS;MAIL SEC F MS EXCH1USR BNDL STDREW A ESS;;;;79;;
1;3;2094;1;15,375;12,5;REW MAIL SEC MS EXCH AV 6.5 WIN 1U STD LIC A ESS;20968723-A1;;REW MAIL SEC MS EXCH AV 6.5 WIN 1U STD LIC A ESS;REW MAIL SEC MS EXCH AV 6.5 WIN 1U STD LIC A ESS;REW MAIL SEC MS EXCH AV 6.5 WIN 1U STD LIC A ESS;REW MAIL SEC MS EXCH AV 6.5 WIN 1U STD LIC A ESS;;;;79;;
1;3;2094;1;21,7218;17,66;EXP MAIL SEC F MS EXCH AV 6.5 WIN 1U STD LIC E ESS;20968724;;EXP MAIL SEC F MS EXCH AV 6.5 WIN 1U STD LIC E ESS;EXP MAIL SEC F MS EXCH AV 6.5 WIN 1U STD LIC E ESS;EXP MAIL SEC F MS EXCH AV 6.5 WIN 1U STD LIC E ESS;EXP MAIL SEC F MS EXCH AV 6.5 WIN 1U STD LIC E ESS;;;;79;;
1;3;2094;1;8,8068;7,16;MAIL F MS EXCH1USR BNDL VER UG REW D BAS;20968725;;MAIL F MS EXCH1USR BNDL VER UG REW D BAS;MAIL F MS EXCH1USR BNDL VER UG REW D BAS;MAIL F MS EXCH1USR BNDL VER UG REW D BAS;MAIL F MS EXCH1USR BNDL VER UG REW D BAS;;;;79;;
1;3;2094;1;8,4501;6,87;REW MAIL SEC MS EXCH AV 6.5 WIN 1U V/U LIC D BAS;20968725-A1;;REW MAIL SEC MS EXCH AV 6.5 WIN 1U V/U LIC D BAS;REW MAIL SEC MS EXCH AV 6.5 WIN 1U V/U LIC D BAS;REW MAIL SEC MS EXCH AV 6.5 WIN 1U V/U LIC D BAS;REW MAIL SEC MS EXCH AV 6.5 WIN 1U V/U LIC D BAS;;;;79;;
1;3;2094;1;14,6493;11,91;EXP MAIL SEC F MS EXCH AV 6.5 WIN 1U V/U LIC E BAS;20968726;;EXP MAIL SEC F MS EXCH AV 6.5 WIN 1U V/U LIC E BAS;EXP MAIL SEC F MS EXCH AV 6.5 WIN 1U V/U LIC E BAS;EXP MAIL SEC F MS EXCH AV 6.5 WIN 1U V/U LIC E BAS;EXP MAIL SEC F MS EXCH AV 6.5 WIN 1U V/U LIC E BAS;;;;79;;
1;3;2094;1;7,8843;6,41;GOV MAIL SEC MS EXCH AV 6.5 WIN 1U V/U LIC H BAS;20968727;;GOV MAIL SEC MS EXCH AV 6.5 WIN 1U V/U LIC H BAS;GOV MAIL SEC MS EXCH AV 6.5 WIN 1U V/U LIC H BAS;GOV MAIL SEC MS EXCH AV 6.5 WIN 1U V/U LIC H BAS;GOV MAIL SEC MS EXCH AV 6.5 WIN 1U V/U LIC H BAS;;;;79;;
1;3;2094;1;16,7772;13,64;EXP MAIL SEC F MS EXCH AV 6.5 WIN 1U V/U LIC D BAS;20968728;;EXP MAIL SEC F MS EXCH AV 6.5 WIN 1U V/U LIC D BAS;EXP MAIL SEC F MS EXCH AV 6.5 WIN 1U V/U LIC D BAS;EXP MAIL SEC F MS EXCH AV 6.5 WIN 1U V/U LIC D BAS;EXP MAIL SEC F MS EXCH AV 6.5 WIN 1U V/U LIC D BAS;;;;79;;
1;3;2094;1;10,9593;8,91;MAIL F MS EXCH1USR BNDL VER UG REW B ESS;20968730;;MAIL F MS EXCH1USR BNDL VER UG REW B ESS;MAIL F MS EXCH1USR BNDL VER UG REW B ESS;MAIL F MS EXCH1USR BNDL VER UG REW B ESS;MAIL F MS EXCH1USR BNDL VER UG REW B ESS;;;;79;;
1;3;2094;1;10,5411;8,57;REW MAIL SEC MS EXCH AV 6.5 WIN 1U V/U LIC B ESS;20968730-A1;;REW MAIL SEC MS EXCH AV 6.5 WIN 1U V/U LIC B ESS;REW MAIL SEC MS EXCH AV 6.5 WIN 1U V/U LIC B ESS;REW MAIL SEC MS EXCH AV 6.5 WIN 1U V/U LIC B ESS;REW MAIL SEC MS EXCH AV 6.5 WIN 1U V/U LIC B ESS;;;;79;;
1;3;2094;1;8,7576;7,12;MAIL F MS EXCH1USR BNDL VER UG REW E ESS;20968731;;MAIL F MS EXCH1USR BNDL VER UG REW E ESS;MAIL F MS EXCH1USR BNDL VER UG REW E ESS;MAIL F MS EXCH1USR BNDL VER UG REW E ESS;MAIL F MS EXCH1USR BNDL VER UG REW E ESS;;;;79;;
1;3;2094;1;8,4132;6,84;REW MAIL SEC MS EXCH AV 6.5 WIN 1U V/U LIC E ESS;20968731-A1;;REW MAIL SEC MS EXCH AV 6.5 WIN 1U V/U LIC E ESS;REW MAIL SEC MS EXCH AV 6.5 WIN 1U V/U LIC E ESS;REW MAIL SEC MS EXCH AV 6.5 WIN 1U V/U LIC E ESS;REW MAIL SEC MS EXCH AV 6.5 WIN 1U V/U LIC E ESS;;;;79;;
1;3;2094;1;20,418;16,6;EXP MAIL SEC F MS EXCH AV 6.5 WIN 1U V/U LIC C ESS;20968732;;EXP MAIL SEC F MS EXCH AV 6.5 WIN 1U V/U LIC C ESS;EXP MAIL SEC F MS EXCH AV 6.5 WIN 1U V/U LIC C ESS;EXP MAIL SEC F MS EXCH AV 6.5 WIN 1U V/U LIC C ESS;EXP MAIL SEC F MS EXCH AV 6.5 WIN 1U V/U LIC C ESS;;;;79;;
1;3;2094;1;22,3368;18,16;EXP MAIL SEC F MS EXCH AV 6.5 WIN 1U V/U LIC A BAS;20968734;;EXP MAIL SEC F MS EXCH AV 6.5 WIN 1U V/U LIC A BAS;EXP MAIL SEC F MS EXCH AV 6.5 WIN 1U V/U LIC A BAS;EXP MAIL SEC F MS EXCH AV 6.5 WIN 1U V/U LIC A BAS;EXP MAIL SEC F MS EXCH AV 6.5 WIN 1U V/U LIC A BAS;;;;79;;
1;3;2094;1;11,5374;9,38;MAIL F MS EXCH1USR BNDL VER UG REW A ESS;20968735;;MAIL F MS EXCH1USR BNDL VER UG REW A ESS;MAIL F MS EXCH1USR BNDL VER UG REW A ESS;MAIL F MS EXCH1USR BNDL VER UG REW A ESS;MAIL F MS EXCH1USR BNDL VER UG REW A ESS;;;;79;;
1;3;2094;1;11,0946;9,02;REW MAIL SEC MS EXCH AV 6.5 WIN 1U V/U LIC A ESS;20968735-A1;;REW MAIL SEC MS EXCH AV 6.5 WIN 1U V/U LIC A ESS;REW MAIL SEC MS EXCH AV 6.5 WIN 1U V/U LIC A ESS;REW MAIL SEC MS EXCH AV 6.5 WIN 1U V/U LIC A ESS;REW MAIL SEC MS EXCH AV 6.5 WIN 1U V/U LIC A ESS;;;;79;;
1;3;2094;1;15,6579;12,73;EXP MAIL SEC F MS EXCH AV 6.5 WIN 1U V/U LIC E ESS;20968736;;EXP MAIL SEC F MS EXCH AV 6.5 WIN 1U V/U LIC E ESS;EXP MAIL SEC F MS EXCH AV 6.5 WIN 1U V/U LIC E ESS;EXP MAIL SEC F MS EXCH AV 6.5 WIN 1U V/U LIC E ESS;EXP MAIL SEC F MS EXCH AV 6.5 WIN 1U V/U LIC E ESS;;;;79;;
1;3;2094;1;8,4378;6,86;AE MAIL SEC MS EXCHG AV 6.5 WIN 1U V/U LIC H ESS;20968737;;AE MAIL SEC MS EXCHG AV 6.5 WIN 1U V/U LIC H ESS;AE MAIL SEC MS EXCHG AV 6.5 WIN 1U V/U LIC H ESS;AE MAIL SEC MS EXCHG AV 6.5 WIN 1U V/U LIC H ESS;AE MAIL SEC MS EXCHG AV 6.5 WIN 1U V/U LIC H ESS;;;;79;;
1;3;2094;1;19,1388;15,56;AE MAIL SEC MS EXCHG AV 6.5 WIN 1U V/U LIC A ESS;20968738;;AE MAIL SEC MS EXCHG AV 6.5 WIN 1U V/U LIC A ESS;AE MAIL SEC MS EXCHG AV 6.5 WIN 1U V/U LIC A ESS;AE MAIL SEC MS EXCHG AV 6.5 WIN 1U V/U LIC A ESS;AE MAIL SEC MS EXCHG AV 6.5 WIN 1U V/U LIC A ESS;;;;79;;
1;3;2094;1;8,8068;7,16;MAIL SECFMS 1 USR BNDL COMP UG REW D BAS;20968739;;MAIL SECFMS 1 USR BNDL COMP UG REW D BAS;MAIL SECFMS 1 USR BNDL COMP UG REW D BAS;MAIL SECFMS 1 USR BNDL COMP UG REW D BAS;MAIL SECFMS 1 USR BNDL COMP UG REW D BAS;;;;79;;
1;3;2094;1;8,4501;6,87;REW MAIL SEC MS EXCH AV 6.5 WIN 1U C/U LIC D BAS;20968739-A1;;REW MAIL SEC MS EXCH AV 6.5 WIN 1U C/U LIC D BAS;REW MAIL SEC MS EXCH AV 6.5 WIN 1U C/U LIC D BAS;REW MAIL SEC MS EXCH AV 6.5 WIN 1U C/U LIC D BAS;REW MAIL SEC MS EXCH AV 6.5 WIN 1U C/U LIC D BAS;;;;79;;
1;3;2094;1;19,0773;15,51;EXP MAIL SEC F MS EXCH AV 6.5 WIN 1U C/U LIC C BAS;20968740;;EXP MAIL SEC F MS EXCH AV 6.5 WIN 1U C/U LIC C BAS;EXP MAIL SEC F MS EXCH AV 6.5 WIN 1U C/U LIC C BAS;EXP MAIL SEC F MS EXCH AV 6.5 WIN 1U C/U LIC C BAS;EXP MAIL SEC F MS EXCH AV 6.5 WIN 1U C/U LIC C BAS;;;;79;;
1;3;2094;1;7,8843;6,41;AE MAIL SEC MS EXCHG AV 6.5 WIN 1U C/U LIC H BAS;20968741;;AE MAIL SEC MS EXCHG AV 6.5 WIN 1U C/U LIC H BAS;AE MAIL SEC MS EXCHG AV 6.5 WIN 1U C/U LIC H BAS;AE MAIL SEC MS EXCHG AV 6.5 WIN 1U C/U LIC H BAS;AE MAIL SEC MS EXCHG AV 6.5 WIN 1U C/U LIC H BAS;;;;79;;
1;3;2094;1;14,8092;12,04;EXP MAIL SEC F MS EXCH AV 6.5 WIN 1U BAS C;20968742;;EXP MAIL SEC F MS EXCH AV 6.5 WIN 1U BAS C;EXP MAIL SEC F MS EXCH AV 6.5 WIN 1U BAS C;EXP MAIL SEC F MS EXCH AV 6.5 WIN 1U BAS C;EXP MAIL SEC F MS EXCH AV 6.5 WIN 1U BAS C;;;;79;;
1;3;2094;1;6,1254;4,98;AE MAIL SEC MS EXCHG AV 6.5 WIN 1U BAS H;20968743;;AE MAIL SEC MS EXCHG AV 6.5 WIN 1U BAS H;AE MAIL SEC MS EXCHG AV 6.5 WIN 1U BAS H;AE MAIL SEC MS EXCHG AV 6.5 WIN 1U BAS H;AE MAIL SEC MS EXCHG AV 6.5 WIN 1U BAS H;;;;79;;
1;3;2094;1;14,2434;11,58;EXP MAIL SEC F MS EXCH AV 6.5 WIN 1U ESS D;20968744;;EXP MAIL SEC F MS EXCH AV 6.5 WIN 1U ESS D;EXP MAIL SEC F MS EXCH AV 6.5 WIN 1U ESS D;EXP MAIL SEC F MS EXCH AV 6.5 WIN 1U ESS D;EXP MAIL SEC F MS EXCH AV 6.5 WIN 1U ESS D;;;;79;;
1;3;2094;1;9,4341;7,67;MAIL F MS EXCH1USR BNDL VER UG REW D ESS;20968748;;MAIL F MS EXCH1USR BNDL VER UG REW D ESS;MAIL F MS EXCH1USR BNDL VER UG REW D ESS;MAIL F MS EXCH1USR BNDL VER UG REW D ESS;MAIL F MS EXCH1USR BNDL VER UG REW D ESS;;;;79;;
1;3;2094;1;9,0528;7,36;REW MAIL SEC MS EXCH AV 6.5 WIN 1U V/U LIC D ESS;20968748-A1;;REW MAIL SEC MS EXCH AV 6.5 WIN 1U V/U LIC D ESS;REW MAIL SEC MS EXCH AV 6.5 WIN 1U V/U LIC D ESS;REW MAIL SEC MS EXCH AV 6.5 WIN 1U V/U LIC D ESS;REW MAIL SEC MS EXCH AV 6.5 WIN 1U V/U LIC D ESS;;;;79;;
1;3;2094;1;8,4378;6,86;GOV MAIL SEC MS EXCH AV 6.5 WIN 1U V/U LIC H ESS;20968749;;GOV MAIL SEC MS EXCH AV 6.5 WIN 1U V/U LIC H ESS;GOV MAIL SEC MS EXCH AV 6.5 WIN 1U V/U LIC H ESS;GOV MAIL SEC MS EXCH AV 6.5 WIN 1U V/U LIC H ESS;GOV MAIL SEC MS EXCH AV 6.5 WIN 1U V/U LIC H ESS;;;;79;;
1;3;2094;1;9,4833;7,71;MAIL SECFMS 1 USR BNDL COMP UG REW C BAS;20968750;;MAIL SECFMS 1 USR BNDL COMP UG REW C BAS;MAIL SECFMS 1 USR BNDL COMP UG REW C BAS;MAIL SECFMS 1 USR BNDL COMP UG REW C BAS;MAIL SECFMS 1 USR BNDL COMP UG REW C BAS;;;;79;;
1;3;2094;1;9,1143;7,41;REW MAIL SEC MS EXCH AV 6.5 WIN 1U C/U LIC C BAS;20968750-A1;;REW MAIL SEC MS EXCH AV 6.5 WIN 1U C/U LIC C BAS;REW MAIL SEC MS EXCH AV 6.5 WIN 1U C/U LIC C BAS;REW MAIL SEC MS EXCH AV 6.5 WIN 1U C/U LIC C BAS;REW MAIL SEC MS EXCH AV 6.5 WIN 1U C/U LIC C BAS;;;;79;;
1;3;2094;1;7,8843;6,41;GOV MAIL SEC MS EXCH AV 6.5 WIN 1U C/U LIC H BAS;20968751;;GOV MAIL SEC MS EXCH AV 6.5 WIN 1U C/U LIC H BAS;GOV MAIL SEC MS EXCH AV 6.5 WIN 1U C/U LIC H BAS;GOV MAIL SEC MS EXCH AV 6.5 WIN 1U C/U LIC H BAS;GOV MAIL SEC MS EXCH AV 6.5 WIN 1U C/U LIC H BAS;;;;79;;
1;3;2094;1;15,2151;12,37;MAIL SEC F MS EXCH1USR BNDL STDREW A BAS;20968752;;MAIL SEC F MS EXCH1USR BNDL STDREW A BAS;MAIL SEC F MS EXCH1USR BNDL STDREW A BAS;MAIL SEC F MS EXCH1USR BNDL STDREW A BAS;MAIL SEC F MS EXCH1USR BNDL STDREW A BAS;;;;79;;
1;3;2094;1;14,6247;11,89;REW MAIL SEC MS EXCH AV 6.5 WIN 1U STD LIC A BAS;20968752-A1;;REW MAIL SEC MS EXCH AV 6.5 WIN 1U STD LIC A BAS;REW MAIL SEC MS EXCH AV 6.5 WIN 1U STD LIC A BAS;REW MAIL SEC MS EXCH AV 6.5 WIN 1U STD LIC A BAS;REW MAIL SEC MS EXCH AV 6.5 WIN 1U STD LIC A BAS;;;;79;;
1;3;2094;1;14,4771;11,77;MAIL SEC F MS EXCH1USR BNDL STDREW B BAS;20968753;;MAIL SEC F MS EXCH1USR BNDL STDREW B BAS;MAIL SEC F MS EXCH1USR BNDL STDREW B BAS;MAIL SEC F MS EXCH1USR BNDL STDREW B BAS;MAIL SEC F MS EXCH1USR BNDL STDREW B BAS;;;;79;;
1;3;2094;1;13,899;11,3;REW MAIL SEC MS EXCH AV 6.5 WIN 1U STD LIC B BAS;20968753-A1;;REW MAIL SEC MS EXCH AV 6.5 WIN 1U STD LIC B BAS;REW MAIL SEC MS EXCH AV 6.5 WIN 1U STD LIC B BAS;REW MAIL SEC MS EXCH AV 6.5 WIN 1U STD LIC B BAS;REW MAIL SEC MS EXCH AV 6.5 WIN 1U STD LIC B BAS;;;;79;;
1;3;2094;1;14,0712;11,44;MAIL SEC F MS EXCH1USR BNDL STDREW C ESS;20968755;;MAIL SEC F MS EXCH1USR BNDL STDREW C ESS;MAIL SEC F MS EXCH1USR BNDL STDREW C ESS;MAIL SEC F MS EXCH1USR BNDL STDREW C ESS;MAIL SEC F MS EXCH1USR BNDL STDREW C ESS;;;;79;;
1;3;2094;1;13,53;11;REW MAIL SEC MS EXCH AV 6.5 WIN 1U STD LIC C ESS;20968755-A1;;REW MAIL SEC MS EXCH AV 6.5 WIN 1U STD LIC C ESS;REW MAIL SEC MS EXCH AV 6.5 WIN 1U STD LIC C ESS;REW MAIL SEC MS EXCH AV 6.5 WIN 1U STD LIC C ESS;REW MAIL SEC MS EXCH AV 6.5 WIN 1U STD LIC C ESS;;;;79;;
1;3;2094;1;10,7748;8,76;MAIL F MS EXCH1USR BNDL VER UG REW A BAS;20968756;;MAIL F MS EXCH1USR BNDL VER UG REW A BAS;MAIL F MS EXCH1USR BNDL VER UG REW A BAS;MAIL F MS EXCH1USR BNDL VER UG REW A BAS;MAIL F MS EXCH1USR BNDL VER UG REW A BAS;;;;79;;
1;3;2094;1;10,3443;8,41;REW MAIL SEC MS EXCH AV 6.5 WIN 1U V/U LIC A BAS;20968756-A1;;REW MAIL SEC MS EXCH AV 6.5 WIN 1U V/U LIC A BAS;REW MAIL SEC MS EXCH AV 6.5 WIN 1U V/U LIC A BAS;REW MAIL SEC MS EXCH AV 6.5 WIN 1U V/U LIC A BAS;REW MAIL SEC MS EXCH AV 6.5 WIN 1U V/U LIC A BAS;;;;79;;
1;3;2094;1;11,5374;9,38;MAIL SECFMS 1 USR BNDL COMP UG REW A ESS;20968757;;MAIL SECFMS 1 USR BNDL COMP UG REW A ESS;MAIL SECFMS 1 USR BNDL COMP UG REW A ESS;MAIL SECFMS 1 USR BNDL COMP UG REW A ESS;MAIL SECFMS 1 USR BNDL COMP UG REW A ESS;;;;79;;
1;3;2094;1;11,0946;9,02;REW MAIL SEC MS EXCH AV 6.5 WIN 1U C/U LIC A ESS;20968757-A1;;REW MAIL SEC MS EXCH AV 6.5 WIN 1U C/U LIC A ESS;REW MAIL SEC MS EXCH AV 6.5 WIN 1U C/U LIC A ESS;REW MAIL SEC MS EXCH AV 6.5 WIN 1U C/U LIC A ESS;REW MAIL SEC MS EXCH AV 6.5 WIN 1U C/U LIC A ESS;;;;79;;
1;3;2094;1;15,6579;12,73;EXP MAIL SEC F MS EXCH AV 6.5 WIN 1U C/U LIC E ESS;20968758;;EXP MAIL SEC F MS EXCH AV 6.5 WIN 1U C/U LIC E ESS;EXP MAIL SEC F MS EXCH AV 6.5 WIN 1U C/U LIC E ESS;EXP MAIL SEC F MS EXCH AV 6.5 WIN 1U C/U LIC E ESS;EXP MAIL SEC F MS EXCH AV 6.5 WIN 1U C/U LIC E ESS;;;;79;;
1;3;2094;1;12,4353;10,11;MAIL SEC F MS EXCH1USR BNDL STDREW D BAS;20968761;;MAIL SEC F MS EXCH1USR BNDL STDREW D BAS;MAIL SEC F MS EXCH1USR BNDL STDREW D BAS;MAIL SEC F MS EXCH1USR BNDL STDREW D BAS;MAIL SEC F MS EXCH1USR BNDL STDREW D BAS;;;;79;;
1;3;2094;1;11,9433;9,71;REW MAIL SEC MS EXCH AV 6.5 WIN 1U STD LIC D BAS;20968761-A1;;REW MAIL SEC MS EXCH AV 6.5 WIN 1U STD LIC D BAS;REW MAIL SEC MS EXCH AV 6.5 WIN 1U STD LIC D BAS;REW MAIL SEC MS EXCH AV 6.5 WIN 1U STD LIC D BAS;REW MAIL SEC MS EXCH AV 6.5 WIN 1U STD LIC D BAS;;;;79;;
1;3;2094;1;26,937;21,9;EXP MAIL SEC F MS EXCH AV 6.5 WIN 1U STD LIC C BAS;20968762;;EXP MAIL SEC F MS EXCH AV 6.5 WIN 1U STD LIC C BAS;EXP MAIL SEC F MS EXCH AV 6.5 WIN 1U STD LIC C BAS;EXP MAIL SEC F MS EXCH AV 6.5 WIN 1U STD LIC C BAS;EXP MAIL SEC F MS EXCH AV 6.5 WIN 1U STD LIC C BAS;;;;79;;
1;3;2094;1;7,38;6;MAIL SEC F MS EXCH 1 USR BAS REW-C;20968763;;MAIL SEC F MS EXCH 1 USR BAS REW-C;MAIL SEC F MS EXCH 1 USR BAS REW-C;MAIL SEC F MS EXCH 1 USR BAS REW-C;MAIL SEC F MS EXCH 1 USR BAS REW-C;;;;79;;
1;3;2094;1;7,0848;5,76;REW MAIL SEC MS EXCH AV 6.5 WIN 1U BAS C;20968763-A1;;REW MAIL SEC MS EXCH AV 6.5 WIN 1U BAS C;REW MAIL SEC MS EXCH AV 6.5 WIN 1U BAS C;REW MAIL SEC MS EXCH AV 6.5 WIN 1U BAS C;REW MAIL SEC MS EXCH AV 6.5 WIN 1U BAS C;;;;79;;
1;3;2094;1;10,3443;8,41;EXP MAIL SEC F MS EXCH AV 6.5 WIN 1U BAS F;20968764;;EXP MAIL SEC F MS EXCH AV 6.5 WIN 1U BAS F;EXP MAIL SEC F MS EXCH AV 6.5 WIN 1U BAS F;EXP MAIL SEC F MS EXCH AV 6.5 WIN 1U BAS F;EXP MAIL SEC F MS EXCH AV 6.5 WIN 1U BAS F;;;;79;;
1;3;2094;1;7,4661;6,07;MAIL SEC F MS EXCH 1 USR ESS REW-D;20968765;;MAIL SEC F MS EXCH 1 USR ESS REW-D;MAIL SEC F MS EXCH 1 USR ESS REW-D;MAIL SEC F MS EXCH 1 USR ESS REW-D;MAIL SEC F MS EXCH 1 USR ESS REW-D;;;;79;;
1;3;2094;1;7,1709;5,83;REW MAIL SEC MS EXCH AV 6.5 WIN 1U ESS D;20968765-A1;;REW MAIL SEC MS EXCH AV 6.5 WIN 1U ESS D;REW MAIL SEC MS EXCH AV 6.5 WIN 1U ESS D;REW MAIL SEC MS EXCH AV 6.5 WIN 1U ESS D;REW MAIL SEC MS EXCH AV 6.5 WIN 1U ESS D;;;;79;;
1;3;2094;1;13,3947;10,89;MAIL SEC F MS EXCH1USR BNDL STDREW C BAS;20968766;;MAIL SEC F MS EXCH1USR BNDL STDREW C BAS;MAIL SEC F MS EXCH1USR BNDL STDREW C BAS;MAIL SEC F MS EXCH1USR BNDL STDREW C BAS;MAIL SEC F MS EXCH1USR BNDL STDREW C BAS;;;;79;;
1;3;2094;1;12,8781;10,47;REW MAIL SEC MS EXCH AV 6.5 WIN 1U STD LIC C BAS;20968766-A1;;REW MAIL SEC MS EXCH AV 6.5 WIN 1U STD LIC C BAS;REW MAIL SEC MS EXCH AV 6.5 WIN 1U STD LIC C BAS;REW MAIL SEC MS EXCH AV 6.5 WIN 1U STD LIC C BAS;REW MAIL SEC MS EXCH AV 6.5 WIN 1U STD LIC C BAS;;;;79;;
1;3;2094;1;31,5741;25,67;EXP MAIL SEC F MS EXCH AV 6.5 WIN 1U STD LIC A BAS;20968767;;EXP MAIL SEC F MS EXCH AV 6.5 WIN 1U STD LIC A BAS;EXP MAIL SEC F MS EXCH AV 6.5 WIN 1U STD LIC A BAS;EXP MAIL SEC F MS EXCH AV 6.5 WIN 1U STD LIC A BAS;EXP MAIL SEC F MS EXCH AV 6.5 WIN 1U STD LIC A BAS;;;;79;;
1;3;2094;1;18,8067;15,29;EXP MAIL SEC F MS EXCH AV 6.5 WIN 1U STD LIC F BAS;20968768;;EXP MAIL SEC F MS EXCH AV 6.5 WIN 1U STD LIC F BAS;EXP MAIL SEC F MS EXCH AV 6.5 WIN 1U STD LIC F BAS;EXP MAIL SEC F MS EXCH AV 6.5 WIN 1U STD LIC F BAS;EXP MAIL SEC F MS EXCH AV 6.5 WIN 1U STD LIC F BAS;;;;79;;
1;3;2094;1;33,1608;26,96;EXP MAIL SEC F MS EXCH AV 6.5 WIN 1U STD LIC A ESS;20968769;;EXP MAIL SEC F MS EXCH AV 6.5 WIN 1U STD LIC A ESS;EXP MAIL SEC F MS EXCH AV 6.5 WIN 1U STD LIC A ESS;EXP MAIL SEC F MS EXCH AV 6.5 WIN 1U STD LIC A ESS;EXP MAIL SEC F MS EXCH AV 6.5 WIN 1U STD LIC A ESS;;;;79;;
1;3;2094;1;29,8275;24,25;EXP MAIL SEC F MS EXCH AV 6.5 WIN 1U STD LIC B ESS;20968770;;EXP MAIL SEC F MS EXCH AV 6.5 WIN 1U STD LIC B ESS;EXP MAIL SEC F MS EXCH AV 6.5 WIN 1U STD LIC B ESS;EXP MAIL SEC F MS EXCH AV 6.5 WIN 1U STD LIC B ESS;EXP MAIL SEC F MS EXCH AV 6.5 WIN 1U STD LIC B ESS;;;;79;;
1;3;2094;1;26,5311;21,57;AE MAIL SEC MS EXCHG AV 6.5 WIN 1U STD LIC A ESS;20968771;;AE MAIL SEC MS EXCHG AV 6.5 WIN 1U STD LIC A ESS;AE MAIL SEC MS EXCHG AV 6.5 WIN 1U STD LIC A ESS;AE MAIL SEC MS EXCHG AV 6.5 WIN 1U STD LIC A ESS;AE MAIL SEC MS EXCHG AV 6.5 WIN 1U STD LIC A ESS;;;;79;;
1;3;2094;1;13,2963;10,81;EXP MAIL SEC F MS EXCH AV 6.5 WIN 1U V/U LIC F BAS;20968772;;EXP MAIL SEC F MS EXCH AV 6.5 WIN 1U V/U LIC F BAS;EXP MAIL SEC F MS EXCH AV 6.5 WIN 1U V/U LIC F BAS;EXP MAIL SEC F MS EXCH AV 6.5 WIN 1U V/U LIC F BAS;EXP MAIL SEC F MS EXCH AV 6.5 WIN 1U V/U LIC F BAS;;;;79;;
1;3;2094;1;17,9703;14,61;EXP MAIL SEC F MS EXCH AV 6.5 WIN 1U V/U LIC D ESS;20968774;;EXP MAIL SEC F MS EXCH AV 6.5 WIN 1U V/U LIC D ESS;EXP MAIL SEC F MS EXCH AV 6.5 WIN 1U V/U LIC D ESS;EXP MAIL SEC F MS EXCH AV 6.5 WIN 1U V/U LIC D ESS;EXP MAIL SEC F MS EXCH AV 6.5 WIN 1U V/U LIC D ESS;;;;79;;
1;3;2094;1;10,2336;8,32;MAIL SECFMS 1 USR BNDL COMP UG REW B BAS;20968775;;MAIL SECFMS 1 USR BNDL COMP UG REW B BAS;MAIL SECFMS 1 USR BNDL COMP UG REW B BAS;MAIL SECFMS 1 USR BNDL COMP UG REW B BAS;MAIL SECFMS 1 USR BNDL COMP UG REW B BAS;;;;79;;
1;3;2094;1;9,84;8;REW MAIL SEC MS EXCH AV 6.5 WIN 1U C/U LIC B BAS;20968775-A1;;REW MAIL SEC MS EXCH AV 6.5 WIN 1U C/U LIC B BAS;REW MAIL SEC MS EXCH AV 6.5 WIN 1U C/U LIC B BAS;REW MAIL SEC MS EXCH AV 6.5 WIN 1U C/U LIC B BAS;REW MAIL SEC MS EXCH AV 6.5 WIN 1U C/U LIC B BAS;;;;79;;
1;3;2094;1;14,6493;11,91;EXP MAIL SEC F MS EXCH AV 6.5 WIN 1U C/U LIC E BAS;20968776;;EXP MAIL SEC F MS EXCH AV 6.5 WIN 1U C/U LIC E BAS;EXP MAIL SEC F MS EXCH AV 6.5 WIN 1U C/U LIC E BAS;EXP MAIL SEC F MS EXCH AV 6.5 WIN 1U C/U LIC E BAS;EXP MAIL SEC F MS EXCH AV 6.5 WIN 1U C/U LIC E BAS;;;;79;;
1;3;2094;1;23,9235;19,45;EXP MAIL SEC F MS EXCH AV 6.5 WIN 1U C/U LIC A ESS;20968777;;EXP MAIL SEC F MS EXCH AV 6.5 WIN 1U C/U LIC A ESS;EXP MAIL SEC F MS EXCH AV 6.5 WIN 1U C/U LIC A ESS;EXP MAIL SEC F MS EXCH AV 6.5 WIN 1U C/U LIC A ESS;EXP MAIL SEC F MS EXCH AV 6.5 WIN 1U C/U LIC A ESS;;;;79;;
1;3;2094;1;28,29;23;EXP MAIL SEC F MS EXCH AV 6.5 WIN 1U STD LIC C ESS;20968778;;EXP MAIL SEC F MS EXCH AV 6.5 WIN 1U STD LIC C ESS;EXP MAIL SEC F MS EXCH AV 6.5 WIN 1U STD LIC C ESS;EXP MAIL SEC F MS EXCH AV 6.5 WIN 1U STD LIC C ESS;EXP MAIL SEC F MS EXCH AV 6.5 WIN 1U STD LIC C ESS;;;;79;;
1;3;2094;1;19,7415;16,05;EXP MAIL SEC F MS EXCH AV 6.5 WIN 1U STD LIC F ESS;20968779;;EXP MAIL SEC F MS EXCH AV 6.5 WIN 1U STD LIC F ESS;EXP MAIL SEC F MS EXCH AV 6.5 WIN 1U STD LIC F ESS;EXP MAIL SEC F MS EXCH AV 6.5 WIN 1U STD LIC F ESS;EXP MAIL SEC F MS EXCH AV 6.5 WIN 1U STD LIC F ESS;;;;79;;
1;3;2094;1;17,8719;14,53;AE MAIL SEC MS EXCHG AV 6.5 WIN 1U V/U LIC A BAS;20968780;;AE MAIL SEC MS EXCHG AV 6.5 WIN 1U V/U LIC A BAS;AE MAIL SEC MS EXCHG AV 6.5 WIN 1U V/U LIC A BAS;AE MAIL SEC MS EXCHG AV 6.5 WIN 1U V/U LIC A BAS;AE MAIL SEC MS EXCHG AV 6.5 WIN 1U V/U LIC A BAS;;;;79;;
1;3;2094;1;14,2557;11,59;EXP MAIL SEC F MS EXCH AV 6.5 WIN 1U V/U LIC F ESS;20968781;;EXP MAIL SEC F MS EXCH AV 6.5 WIN 1U V/U LIC F ESS;EXP MAIL SEC F MS EXCH AV 6.5 WIN 1U V/U LIC F ESS;EXP MAIL SEC F MS EXCH AV 6.5 WIN 1U V/U LIC F ESS;EXP MAIL SEC F MS EXCH AV 6.5 WIN 1U V/U LIC F ESS;;;;79;;
1;3;2094;1;8,1795;6,65;MAIL SECFMS 1 USR BNDL COMP UG REW E BAS;20968782;;MAIL SECFMS 1 USR BNDL COMP UG REW E BAS;MAIL SECFMS 1 USR BNDL COMP UG REW E BAS;MAIL SECFMS 1 USR BNDL COMP UG REW E BAS;MAIL SECFMS 1 USR BNDL COMP UG REW E BAS;;;;79;;
1;3;2094;1;7,8474;6,38;REW MAIL SEC MS EXCH AV 6.5 WIN 1U C/U LIC E BAS;20968782-A1;;REW MAIL SEC MS EXCH AV 6.5 WIN 1U C/U LIC E BAS;REW MAIL SEC MS EXCH AV 6.5 WIN 1U C/U LIC E BAS;REW MAIL SEC MS EXCH AV 6.5 WIN 1U C/U LIC E BAS;REW MAIL SEC MS EXCH AV 6.5 WIN 1U C/U LIC E BAS;;;;79;;
1;3;2094;1;6,9249;5,63;MAIL SEC F MS EXCH 1 USR ESS REW-E;20968783;;MAIL SEC F MS EXCH 1 USR ESS REW-E;MAIL SEC F MS EXCH 1 USR ESS REW-E;MAIL SEC F MS EXCH 1 USR ESS REW-E;MAIL SEC F MS EXCH 1 USR ESS REW-E;;;;79;;
1;3;2094;1;6,6543;5,41;REW MAIL SEC MS EXCH AV 6.5 WIN 1U ESS E;20968783-A1;;REW MAIL SEC MS EXCH AV 6.5 WIN 1U ESS E;REW MAIL SEC MS EXCH AV 6.5 WIN 1U ESS E;REW MAIL SEC MS EXCH AV 6.5 WIN 1U ESS E;REW MAIL SEC MS EXCH AV 6.5 WIN 1U ESS E;;;;79;;
1;3;2094;1;17,0478;13,86;EXP MAIL SEC F MS EXCH AV 6.5 WIN 1U ESS B;20968784;;EXP MAIL SEC F MS EXCH AV 6.5 WIN 1U ESS B;EXP MAIL SEC F MS EXCH AV 6.5 WIN 1U ESS B;EXP MAIL SEC F MS EXCH AV 6.5 WIN 1U ESS B;EXP MAIL SEC F MS EXCH AV 6.5 WIN 1U ESS B;;;;79;;
1;3;2094;1;16,1622;13,14;EXP MAIL SEC F MS EXCH AV 6.5 WIN 1U ESS C;20968785;;EXP MAIL SEC F MS EXCH AV 6.5 WIN 1U ESS C;EXP MAIL SEC F MS EXCH AV 6.5 WIN 1U ESS C;EXP MAIL SEC F MS EXCH AV 6.5 WIN 1U ESS C;EXP MAIL SEC F MS EXCH AV 6.5 WIN 1U ESS C;;;;79;;
1;3;2094;1;6,6789;5,43;GOV MAIL SEC MS EXCH AV 6.5 WIN 1U ESS H;20968786;;GOV MAIL SEC MS EXCH AV 6.5 WIN 1U ESS H;GOV MAIL SEC MS EXCH AV 6.5 WIN 1U ESS H;GOV MAIL SEC MS EXCH AV 6.5 WIN 1U ESS H;GOV MAIL SEC MS EXCH AV 6.5 WIN 1U ESS H;;;;79;;
1;3;2094;1;10,9593;8,91;MAIL SECFMS 1 USR BNDL COMP UG REW B ESS;20968788;;MAIL SECFMS 1 USR BNDL COMP UG REW B ESS;MAIL SECFMS 1 USR BNDL COMP UG REW B ESS;MAIL SECFMS 1 USR BNDL COMP UG REW B ESS;MAIL SECFMS 1 USR BNDL COMP UG REW B ESS;;;;79;;
1;3;2094;1;10,5411;8,57;REW MAIL SEC MS EXCH AV 6.5 WIN 1U C/U LIC B ESS;20968788-A1;;REW MAIL SEC MS EXCH AV 6.5 WIN 1U C/U LIC B ESS;REW MAIL SEC MS EXCH AV 6.5 WIN 1U C/U LIC B ESS;REW MAIL SEC MS EXCH AV 6.5 WIN 1U C/U LIC B ESS;REW MAIL SEC MS EXCH AV 6.5 WIN 1U C/U LIC B ESS;;;;79;;
1;3;2094;1;19,1388;15,56;GOV MAIL SEC MS EXCH AV 6.5 WIN 1U C/U LIC A ESS;20968789;;GOV MAIL SEC MS EXCH AV 6.5 WIN 1U C/U LIC A ESS;GOV MAIL SEC MS EXCH AV 6.5 WIN 1U C/U LIC A ESS;GOV MAIL SEC MS EXCH AV 6.5 WIN 1U C/U LIC A ESS;GOV MAIL SEC MS EXCH AV 6.5 WIN 1U C/U LIC A ESS;;;;79;;
1;3;2094;1;8,4378;6,86;AE MAIL SEC MS EXCHG AV 6.5 WIN 1U C/U LIC H ESS;20968790;;AE MAIL SEC MS EXCHG AV 6.5 WIN 1U C/U LIC H ESS;AE MAIL SEC MS EXCHG AV 6.5 WIN 1U C/U LIC H ESS;AE MAIL SEC MS EXCHG AV 6.5 WIN 1U C/U LIC H ESS;AE MAIL SEC MS EXCHG AV 6.5 WIN 1U C/U LIC H ESS;;;;79;;
1;3;2094;1;19,1388;15,56;AE MAIL SEC MS EXCHG AV 6.5 WIN 1U C/U LIC A ESS;20968792;;AE MAIL SEC MS EXCHG AV 6.5 WIN 1U C/U LIC A ESS;AE MAIL SEC MS EXCHG AV 6.5 WIN 1U C/U LIC A ESS;AE MAIL SEC MS EXCHG AV 6.5 WIN 1U C/U LIC A ESS;AE MAIL SEC MS EXCHG AV 6.5 WIN 1U C/U LIC A ESS;;;;79;;
1;3;2094;1;25,2519;20,53;GOV MAIL SEC MS EXCH AV 6.5 WIN 1U STD LIC A BAS;20968793;;GOV MAIL SEC MS EXCH AV 6.5 WIN 1U STD LIC A BAS;GOV MAIL SEC MS EXCH AV 6.5 WIN 1U STD LIC A BAS;GOV MAIL SEC MS EXCH AV 6.5 WIN 1U STD LIC A BAS;GOV MAIL SEC MS EXCH AV 6.5 WIN 1U STD LIC A BAS;;;;79;;
1;3;2094;1;9,4833;7,71;MAIL F MS EXCH1USR BNDL VER UG REW C BAS;20968795;;MAIL F MS EXCH1USR BNDL VER UG REW C BAS;MAIL F MS EXCH1USR BNDL VER UG REW C BAS;MAIL F MS EXCH1USR BNDL VER UG REW C BAS;MAIL F MS EXCH1USR BNDL VER UG REW C BAS;;;;79;;
1;3;2094;1;9,1143;7,41;REW MAIL SEC MS EXCH AV 6.5 WIN 1U V/U LIC C BAS;20968795-A1;;REW MAIL SEC MS EXCH AV 6.5 WIN 1U V/U LIC C BAS;REW MAIL SEC MS EXCH AV 6.5 WIN 1U V/U LIC C BAS;REW MAIL SEC MS EXCH AV 6.5 WIN 1U V/U LIC C BAS;REW MAIL SEC MS EXCH AV 6.5 WIN 1U V/U LIC C BAS;;;;79;;
1;3;2094;1;8,1795;6,65;MAIL F MS EXCH1USR BNDL VER UG REW E BAS;20968796;;MAIL F MS EXCH1USR BNDL VER UG REW E BAS;MAIL F MS EXCH1USR BNDL VER UG REW E BAS;MAIL F MS EXCH1USR BNDL VER UG REW E BAS;MAIL F MS EXCH1USR BNDL VER UG REW E BAS;;;;79;;
1;3;2094;1;7,8474;6,38;REW MAIL SEC MS EXCH AV 6.5 WIN 1U V/U LIC E BAS;20968796-A1;;REW MAIL SEC MS EXCH AV 6.5 WIN 1U V/U LIC E BAS;REW MAIL SEC MS EXCH AV 6.5 WIN 1U V/U LIC E BAS;REW MAIL SEC MS EXCH AV 6.5 WIN 1U V/U LIC E BAS;REW MAIL SEC MS EXCH AV 6.5 WIN 1U V/U LIC E BAS;;;;79;;
1;3;2094;1;20,1105;16,35;EXP MAIL SEC F MS EXCH AV 6.5 WIN 1U V/U LIC B BAS;20968797;;EXP MAIL SEC F MS EXCH AV 6.5 WIN 1U V/U LIC B BAS;EXP MAIL SEC F MS EXCH AV 6.5 WIN 1U V/U LIC B BAS;EXP MAIL SEC F MS EXCH AV 6.5 WIN 1U V/U LIC B BAS;EXP MAIL SEC F MS EXCH AV 6.5 WIN 1U V/U LIC B BAS;;;;79;;
1;3;2094;1;21,5373;17,51;EXP MAIL SEC F MS EXCH AV 6.5 WIN 1U V/U LIC B ESS;20968799;;EXP MAIL SEC F MS EXCH AV 6.5 WIN 1U V/U LIC B ESS;EXP MAIL SEC F MS EXCH AV 6.5 WIN 1U V/U LIC B ESS;EXP MAIL SEC F MS EXCH AV 6.5 WIN 1U V/U LIC B ESS;EXP MAIL SEC F MS EXCH AV 6.5 WIN 1U V/U LIC B ESS;;;;79;;
1;3;2094;1;13,0503;10,61;EXP MAIL SEC F MS EXCH AV 6.5 WIN 1U BAS D;20968800;;EXP MAIL SEC F MS EXCH AV 6.5 WIN 1U BAS D;EXP MAIL SEC F MS EXCH AV 6.5 WIN 1U BAS D;EXP MAIL SEC F MS EXCH AV 6.5 WIN 1U BAS D;EXP MAIL SEC F MS EXCH AV 6.5 WIN 1U BAS D;;;;79;;
1;3;2094;1;10,1598;8,26;MAIL F MS EXCH1USR BNDL VER UG REW C ESS;20968801;;MAIL F MS EXCH1USR BNDL VER UG REW C ESS;MAIL F MS EXCH1USR BNDL VER UG REW C ESS;MAIL F MS EXCH1USR BNDL VER UG REW C ESS;MAIL F MS EXCH1USR BNDL VER UG REW C ESS;;;;79;;
1;3;2094;1;9,7539;7,93;REW MAIL SEC MS EXCH AV 6.5 WIN 1U V/U LIC C ESS;20968801-A1;;REW MAIL SEC MS EXCH AV 6.5 WIN 1U V/U LIC C ESS;REW MAIL SEC MS EXCH AV 6.5 WIN 1U V/U LIC C ESS;REW MAIL SEC MS EXCH AV 6.5 WIN 1U V/U LIC C ESS;REW MAIL SEC MS EXCH AV 6.5 WIN 1U V/U LIC C ESS;;;;79;;
1;3;2094;1;10,7748;8,76;MAIL SECFMS 1 USR BNDL COMP UG REW A BAS;20968802;;MAIL SECFMS 1 USR BNDL COMP UG REW A BAS;MAIL SECFMS 1 USR BNDL COMP UG REW A BAS;MAIL SECFMS 1 USR BNDL COMP UG REW A BAS;MAIL SECFMS 1 USR BNDL COMP UG REW A BAS;;;;79;;
1;3;2094;1;10,3443;8,41;REW MAIL SEC MS EXCH AV 6.5 WIN 1U C/U LIC A BAS;20968802-A1;;REW MAIL SEC MS EXCH AV 6.5 WIN 1U C/U LIC A BAS;REW MAIL SEC MS EXCH AV 6.5 WIN 1U C/U LIC A BAS;REW MAIL SEC MS EXCH AV 6.5 WIN 1U C/U LIC A BAS;REW MAIL SEC MS EXCH AV 6.5 WIN 1U C/U LIC A BAS;;;;79;;
1;3;2094;1;16,7772;13,64;EXP MAIL SEC F MS EXCH AV 6.5 WIN 1U C/U LIC D BAS;20968803;;EXP MAIL SEC F MS EXCH AV 6.5 WIN 1U C/U LIC D BAS;EXP MAIL SEC F MS EXCH AV 6.5 WIN 1U C/U LIC D BAS;EXP MAIL SEC F MS EXCH AV 6.5 WIN 1U C/U LIC D BAS;EXP MAIL SEC F MS EXCH AV 6.5 WIN 1U C/U LIC D BAS;;;;79;;
1;3;2094;1;17,8719;14,53;AE MAIL SEC MS EXCHG AV 6.5 WIN 1U C/U LIC A BAS;20968804;;AE MAIL SEC MS EXCHG AV 6.5 WIN 1U C/U LIC A BAS;AE MAIL SEC MS EXCHG AV 6.5 WIN 1U C/U LIC A BAS;AE MAIL SEC MS EXCHG AV 6.5 WIN 1U C/U LIC A BAS;AE MAIL SEC MS EXCHG AV 6.5 WIN 1U C/U LIC A BAS;;;;79;;
1;3;2094;1;9,4341;7,67;MAIL SECFMS 1 USR BNDL COMP UG REW D ESS;20968805;;MAIL SECFMS 1 USR BNDL COMP UG REW D ESS;MAIL SECFMS 1 USR BNDL COMP UG REW D ESS;MAIL SECFMS 1 USR BNDL COMP UG REW D ESS;MAIL SECFMS 1 USR BNDL COMP UG REW D ESS;;;;79;;
1;3;2094;1;9,0528;7,36;REW MAIL SEC MS EXCH AV 6.5 WIN 1U C/U LIC D ESS;20968805-A1;;REW MAIL SEC MS EXCH AV 6.5 WIN 1U C/U LIC D ESS;REW MAIL SEC MS EXCH AV 6.5 WIN 1U C/U LIC D ESS;REW MAIL SEC MS EXCH AV 6.5 WIN 1U C/U LIC D ESS;REW MAIL SEC MS EXCH AV 6.5 WIN 1U C/U LIC D ESS;;;;79;;
1;3;2094;1;6,8511;5,57;MAIL SEC F MS EXCH 1 USR BAS REW-D;20968806;;MAIL SEC F MS EXCH 1 USR BAS REW-D;MAIL SEC F MS EXCH 1 USR BAS REW-D;MAIL SEC F MS EXCH 1 USR BAS REW-D;MAIL SEC F MS EXCH 1 USR BAS REW-D;;;;79;;
1;3;2094;1;6,5805;5,35;REW MAIL SEC MS EXCH AV 6.5 WIN 1U BAS D;20968806-A1;;REW MAIL SEC MS EXCH AV 6.5 WIN 1U BAS D;REW MAIL SEC MS EXCH AV 6.5 WIN 1U BAS D;REW MAIL SEC MS EXCH AV 6.5 WIN 1U BAS D;REW MAIL SEC MS EXCH AV 6.5 WIN 1U BAS D;;;;79;;
1;3;2094;1;13,0503;10,61;EXP MAIL SEC F MS EXCH AV 6.5 WIN 1U BAS D;20968807;;EXP MAIL SEC F MS EXCH AV 6.5 WIN 1U BAS D;EXP MAIL SEC F MS EXCH AV 6.5 WIN 1U BAS D;EXP MAIL SEC F MS EXCH AV 6.5 WIN 1U BAS D;EXP MAIL SEC F MS EXCH AV 6.5 WIN 1U BAS D;;;;79;;
1;3;2094;1;8,0442;6,54;MAIL SEC F MS EXCH 1 USR ESS REW-C;20968808;;MAIL SEC F MS EXCH 1 USR ESS REW-C;MAIL SEC F MS EXCH 1 USR ESS REW-C;MAIL SEC F MS EXCH 1 USR ESS REW-C;MAIL SEC F MS EXCH 1 USR ESS REW-C;;;;79;;
1;3;2094;1;7,7244;6,28;REW MAIL SEC MS EXCH AV 6.5 WIN 1U ESS C;20968808-A1;;REW MAIL SEC MS EXCH AV 6.5 WIN 1U ESS C;REW MAIL SEC MS EXCH AV 6.5 WIN 1U ESS C;REW MAIL SEC MS EXCH AV 6.5 WIN 1U ESS C;REW MAIL SEC MS EXCH AV 6.5 WIN 1U ESS C;;;;79;;
1;3;2094;1;7,9458;6,46;MAIL SEC F MS EXCH 1 USR BAS REW-B;20968809;;MAIL SEC F MS EXCH 1 USR BAS REW-B;MAIL SEC F MS EXCH 1 USR BAS REW-B;MAIL SEC F MS EXCH 1 USR BAS REW-B;MAIL SEC F MS EXCH 1 USR BAS REW-B;;;;79;;
1;3;2094;1;7,6383;6,21;REW MAIL SEC MS EXCH AV 6.5 WIN 1U BAS B;20968809-A1;;REW MAIL SEC MS EXCH AV 6.5 WIN 1U BAS B;REW MAIL SEC MS EXCH AV 6.5 WIN 1U BAS B;REW MAIL SEC MS EXCH AV 6.5 WIN 1U BAS B;REW MAIL SEC MS EXCH AV 6.5 WIN 1U BAS B;;;;79;;
1;3;2094;1;7,4661;6,07;MAIL SEC F MS EXCH 1 USR ESS REW-D;20968810;;MAIL SEC F MS EXCH 1 USR ESS REW-D;MAIL SEC F MS EXCH 1 USR ESS REW-D;MAIL SEC F MS EXCH 1 USR ESS REW-D;MAIL SEC F MS EXCH 1 USR ESS REW-D;;;;79;;
1;3;2094;1;7,1709;5,83;REW MAIL SEC MS EXCH AV 6.5 WIN 1U ESS D;20968810-A1;;REW MAIL SEC MS EXCH AV 6.5 WIN 1U ESS D;REW MAIL SEC MS EXCH AV 6.5 WIN 1U ESS D;REW MAIL SEC MS EXCH AV 6.5 WIN 1U ESS D;REW MAIL SEC MS EXCH AV 6.5 WIN 1U ESS D;;;;79;;
1;3;2094;1;16,1622;13,14;EXP MAIL SEC F MS EXCH AV 6.5 WIN 1U ESS C;20968811;;EXP MAIL SEC F MS EXCH AV 6.5 WIN 1U ESS C;EXP MAIL SEC F MS EXCH AV 6.5 WIN 1U ESS C;EXP MAIL SEC F MS EXCH AV 6.5 WIN 1U ESS C;EXP MAIL SEC F MS EXCH AV 6.5 WIN 1U ESS C;;;;79;;
1;3;2094;1;13,8867;11,29;GOV MAIL SEC MS EXCH AV 6.5 WIN 1U BAS A;20968812;;GOV MAIL SEC MS EXCH AV 6.5 WIN 1U BAS A;GOV MAIL SEC MS EXCH AV 6.5 WIN 1U BAS A;GOV MAIL SEC MS EXCH AV 6.5 WIN 1U BAS A;GOV MAIL SEC MS EXCH AV 6.5 WIN 1U BAS A;;;;79;;
1;3;2094;1;13,8867;11,29;AE MAIL SEC MS EXCHG AV 6.5 WIN 1U BAS A;20968814;;AE MAIL SEC MS EXCHG AV 6.5 WIN 1U BAS A;AE MAIL SEC MS EXCHG AV 6.5 WIN 1U BAS A;AE MAIL SEC MS EXCHG AV 6.5 WIN 1U BAS A;AE MAIL SEC MS EXCHG AV 6.5 WIN 1U BAS A;;;;79;;
1;3;2094;1;9,1389;7,43;MAIL SEC F MS EXCH 1 USR ESS REW-A;20968815;;MAIL SEC F MS EXCH 1 USR ESS REW-A;MAIL SEC F MS EXCH 1 USR ESS REW-A;MAIL SEC F MS EXCH 1 USR ESS REW-A;MAIL SEC F MS EXCH 1 USR ESS REW-A;;;;79;;
1;3;2094;1;8,7945;7,15;REW MAIL SEC MS EXCH AV 6.5 WIN 1U ESS A;20968815-A1;;REW MAIL SEC MS EXCH AV 6.5 WIN 1U ESS A;REW MAIL SEC MS EXCH AV 6.5 WIN 1U ESS A;REW MAIL SEC MS EXCH AV 6.5 WIN 1U ESS A;REW MAIL SEC MS EXCH AV 6.5 WIN 1U ESS A;;;;79;;
1;3;2094;1;6,9249;5,63;MAIL SEC F MS EXCH 1 USR ESS REW-E;20968816;;MAIL SEC F MS EXCH 1 USR ESS REW-E;MAIL SEC F MS EXCH 1 USR ESS REW-E;MAIL SEC F MS EXCH 1 USR ESS REW-E;MAIL SEC F MS EXCH 1 USR ESS REW-E;;;;79;;
1;3;2094;1;6,6543;5,41;REW MAIL SEC MS EXCH AV 6.5 WIN 1U ESS E;20968816-A1;;REW MAIL SEC MS EXCH AV 6.5 WIN 1U ESS E;REW MAIL SEC MS EXCH AV 6.5 WIN 1U ESS E;REW MAIL SEC MS EXCH AV 6.5 WIN 1U ESS E;REW MAIL SEC MS EXCH AV 6.5 WIN 1U ESS E;;;;79;;
1;3;2094;1;18,942;15,4;EXP MAIL SEC F MS EXCH AV 6.5 WIN 1U ESS A;20968818;;EXP MAIL SEC F MS EXCH AV 6.5 WIN 1U ESS A;EXP MAIL SEC F MS EXCH AV 6.5 WIN 1U ESS A;EXP MAIL SEC F MS EXCH AV 6.5 WIN 1U ESS A;EXP MAIL SEC F MS EXCH AV 6.5 WIN 1U ESS A;;;;79;;
1;3;2094;1;14,2434;11,58;EXP MAIL SEC F MS EXCH AV 6.5 WIN 1U ESS D;20968820;;EXP MAIL SEC F MS EXCH AV 6.5 WIN 1U ESS D;EXP MAIL SEC F MS EXCH AV 6.5 WIN 1U ESS D;EXP MAIL SEC F MS EXCH AV 6.5 WIN 1U ESS D;EXP MAIL SEC F MS EXCH AV 6.5 WIN 1U ESS D;;;;79;;
1;3;2094;1;6,6789;5,43;AE MAIL SEC MS EXCHG AV 6.5 WIN 1U ESS H;20968821;;AE MAIL SEC MS EXCHG AV 6.5 WIN 1U ESS H;AE MAIL SEC MS EXCHG AV 6.5 WIN 1U ESS H;AE MAIL SEC MS EXCHG AV 6.5 WIN 1U ESS H;AE MAIL SEC MS EXCHG AV 6.5 WIN 1U ESS H;;;;79;;
1;3;2094;1;6,1254;4,98;GOV MAIL SEC MS EXCH AV 6.5 WIN 1U BAS H;20968822;;GOV MAIL SEC MS EXCH AV 6.5 WIN 1U BAS H;GOV MAIL SEC MS EXCH AV 6.5 WIN 1U BAS H;GOV MAIL SEC MS EXCH AV 6.5 WIN 1U BAS H;GOV MAIL SEC MS EXCH AV 6.5 WIN 1U BAS H;;;;79;;
1;3;2094;1;6,1254;4,98;AE MAIL SEC MS EXCHG AV 6.5 WIN 1U BAS H;20968823;;AE MAIL SEC MS EXCHG AV 6.5 WIN 1U BAS H;AE MAIL SEC MS EXCHG AV 6.5 WIN 1U BAS H;AE MAIL SEC MS EXCHG AV 6.5 WIN 1U BAS H;AE MAIL SEC MS EXCHG AV 6.5 WIN 1U BAS H;;;;79;;
1;3;2094;1;12,423;10,1;EXP MAIL SEC F MS EXCH AV 6.5 WIN 1U ESS E;20968824;;EXP MAIL SEC F MS EXCH AV 6.5 WIN 1U ESS E;EXP MAIL SEC F MS EXCH AV 6.5 WIN 1U ESS E;EXP MAIL SEC F MS EXCH AV 6.5 WIN 1U ESS E;EXP MAIL SEC F MS EXCH AV 6.5 WIN 1U ESS E;;;;79;;
1;3;2094;1;11,3775;9,25;EXP MAIL SEC F MS EXCH AV 6.5 WIN 1U BAS E;20968825;;EXP MAIL SEC F MS EXCH AV 6.5 WIN 1U BAS E;EXP MAIL SEC F MS EXCH AV 6.5 WIN 1U BAS E;EXP MAIL SEC F MS EXCH AV 6.5 WIN 1U BAS E;EXP MAIL SEC F MS EXCH AV 6.5 WIN 1U BAS E;;;;79;;
1;3;2094;1;15,1782;12,34;GOV MAIL SEC MS EXCH AV 6.5 WIN 1U ESS A;20968826;;GOV MAIL SEC MS EXCH AV 6.5 WIN 1U ESS A;GOV MAIL SEC MS EXCH AV 6.5 WIN 1U ESS A;GOV MAIL SEC MS EXCH AV 6.5 WIN 1U ESS A;GOV MAIL SEC MS EXCH AV 6.5 WIN 1U ESS A;;;;79;;
1;3;2094;1;10,3443;8,41;EXP MAIL SEC F MS EXCH AV 6.5 WIN 1U BAS F;20968829;;EXP MAIL SEC F MS EXCH AV 6.5 WIN 1U BAS F;EXP MAIL SEC F MS EXCH AV 6.5 WIN 1U BAS F;EXP MAIL SEC F MS EXCH AV 6.5 WIN 1U BAS F;EXP MAIL SEC F MS EXCH AV 6.5 WIN 1U BAS F;;;;79;;
1;3;2094;1;8,364;6,8;MAIL SEC F MS EXCH 1 USR BAS REW-A;20968830;;MAIL SEC F MS EXCH 1 USR BAS REW-A;MAIL SEC F MS EXCH 1 USR BAS REW-A;MAIL SEC F MS EXCH 1 USR BAS REW-A;MAIL SEC F MS EXCH 1 USR BAS REW-A;;;;79;;
1;3;2094;1;8,0442;6,54;REW MAIL SEC MS EXCH AV 6.5 WIN 1U BAS A;20968830-A1;;REW MAIL SEC MS EXCH AV 6.5 WIN 1U BAS A;REW MAIL SEC MS EXCH AV 6.5 WIN 1U BAS A;REW MAIL SEC MS EXCH AV 6.5 WIN 1U BAS A;REW MAIL SEC MS EXCH AV 6.5 WIN 1U BAS A;;;;79;;
1;3;2094;1;17,3676;14,12;EXP MAIL SEC F MS EXCH AV 6.5 WIN 1U BAS A;20968831;;EXP MAIL SEC F MS EXCH AV 6.5 WIN 1U BAS A;EXP MAIL SEC F MS EXCH AV 6.5 WIN 1U BAS A;EXP MAIL SEC F MS EXCH AV 6.5 WIN 1U BAS A;EXP MAIL SEC F MS EXCH AV 6.5 WIN 1U BAS A;;;;79;;
1;3;2094;1;15,621;12,7;EXP MAIL SEC F MS EXCH AV 6.5 WIN 1U BAS B;20968832;;EXP MAIL SEC F MS EXCH AV 6.5 WIN 1U BAS B;EXP MAIL SEC F MS EXCH AV 6.5 WIN 1U BAS B;EXP MAIL SEC F MS EXCH AV 6.5 WIN 1U BAS B;EXP MAIL SEC F MS EXCH AV 6.5 WIN 1U BAS B;;;;79;;
1;3;2094;1;17,0478;13,86;EXP MAIL SEC F MS EXCH AV 6.5 WIN 1U ESS B;20968833;;EXP MAIL SEC F MS EXCH AV 6.5 WIN 1U ESS B;EXP MAIL SEC F MS EXCH AV 6.5 WIN 1U ESS B;EXP MAIL SEC F MS EXCH AV 6.5 WIN 1U ESS B;EXP MAIL SEC F MS EXCH AV 6.5 WIN 1U ESS B;;;;79;;
1;3;2094;1;14,8092;12,04;EXP MAIL SEC F MS EXCH AV 6.5 WIN 1U BAS C;20968834;;EXP MAIL SEC F MS EXCH AV 6.5 WIN 1U BAS C;EXP MAIL SEC F MS EXCH AV 6.5 WIN 1U BAS C;EXP MAIL SEC F MS EXCH AV 6.5 WIN 1U BAS C;EXP MAIL SEC F MS EXCH AV 6.5 WIN 1U BAS C;;;;79;;
1;3;2094;1;15,1782;12,34;AE MAIL SEC MS EXCHG AV 6.5 WIN 1U ESS A;20968835;;AE MAIL SEC MS EXCHG AV 6.5 WIN 1U ESS A;AE MAIL SEC MS EXCHG AV 6.5 WIN 1U ESS A;AE MAIL SEC MS EXCHG AV 6.5 WIN 1U ESS A;AE MAIL SEC MS EXCHG AV 6.5 WIN 1U ESS A;;;;79;;
1;3;2094;1;7,38;6;MAIL SEC F MS EXCH 1 USR BAS REW-C;20968836;;MAIL SEC F MS EXCH 1 USR BAS REW-C;MAIL SEC F MS EXCH 1 USR BAS REW-C;MAIL SEC F MS EXCH 1 USR BAS REW-C;MAIL SEC F MS EXCH 1 USR BAS REW-C;;;;79;;
1;3;2094;1;7,0848;5,76;REW MAIL SEC MS EXCH AV 6.5 WIN 1U BAS C;20968836-A1;;REW MAIL SEC MS EXCH AV 6.5 WIN 1U BAS C;REW MAIL SEC MS EXCH AV 6.5 WIN 1U BAS C;REW MAIL SEC MS EXCH AV 6.5 WIN 1U BAS C;REW MAIL SEC MS EXCH AV 6.5 WIN 1U BAS C;;;;79;;
1;3;2094;1;8,6715;7,05;MAIL SEC F MS EXCH 1 USR ESS REW-B;20968838;;MAIL SEC F MS EXCH 1 USR ESS REW-B;MAIL SEC F MS EXCH 1 USR ESS REW-B;MAIL SEC F MS EXCH 1 USR ESS REW-B;MAIL SEC F MS EXCH 1 USR ESS REW-B;;;;79;;
1;3;2094;1;8,3394;6,78;REW MAIL SEC MS EXCH AV 6.5 WIN 1U ESS B;20968838-A1;;REW MAIL SEC MS EXCH AV 6.5 WIN 1U ESS B;REW MAIL SEC MS EXCH AV 6.5 WIN 1U ESS B;REW MAIL SEC MS EXCH AV 6.5 WIN 1U ESS B;REW MAIL SEC MS EXCH AV 6.5 WIN 1U ESS B;;;;79;;
1;3;2094;1;6,3468;5,16;MAIL SEC F MS EXCH 1 USR BAS REW-E;20968839;;MAIL SEC F MS EXCH 1 USR BAS REW-E;MAIL SEC F MS EXCH 1 USR BAS REW-E;MAIL SEC F MS EXCH 1 USR BAS REW-E;MAIL SEC F MS EXCH 1 USR BAS REW-E;;;;79;;
1;3;2094;1;6,0885;4,95;REW MAIL SEC MS EXCH AV 6.5 WIN 1U BAS E;20968839-A1;;REW MAIL SEC MS EXCH AV 6.5 WIN 1U BAS E;REW MAIL SEC MS EXCH AV 6.5 WIN 1U BAS E;REW MAIL SEC MS EXCH AV 6.5 WIN 1U BAS E;REW MAIL SEC MS EXCH AV 6.5 WIN 1U BAS E;;;;79;;
1;3;2094;1;11,2791;9,17;EXP MAIL SEC F MS EXCH AV 6.5 WIN 1U ESS F;20968840;;EXP MAIL SEC F MS EXCH AV 6.5 WIN 1U ESS F;EXP MAIL SEC F MS EXCH AV 6.5 WIN 1U ESS F;EXP MAIL SEC F MS EXCH AV 6.5 WIN 1U ESS F;EXP MAIL SEC F MS EXCH AV 6.5 WIN 1U ESS F;;;;79;;
1;3;2094;1;6,6789;5,43;GOV MAIL SEC MS EXCH AV 6.5 WIN 1U ESS H;20968841;;GOV MAIL SEC MS EXCH AV 6.5 WIN 1U ESS H;GOV MAIL SEC MS EXCH AV 6.5 WIN 1U ESS H;GOV MAIL SEC MS EXCH AV 6.5 WIN 1U ESS H;GOV MAIL SEC MS EXCH AV 6.5 WIN 1U ESS H;;;;79;;
1;3;2094;1;362,1735;294,45;EXP MAIL SEC F MS EXCH AV 6.5 WIN 25U ESS S;20968881;;EXP MAIL SEC F MS EXCH AV 6.5 WIN 25U ESS S;EXP MAIL SEC F MS EXCH AV 6.5 WIN 25U ESS S;EXP MAIL SEC F MS EXCH AV 6.5 WIN 25U ESS S;EXP MAIL SEC F MS EXCH AV 6.5 WIN 25U ESS S;;;;79;;
1;3;2094;1;638,9358;519,46;EXP MAIL SEC F MS EXCH AV 6.5 WIN 50U BAS S;20968882;;EXP MAIL SEC F MS EXCH AV 6.5 WIN 50U BAS S;EXP MAIL SEC F MS EXCH AV 6.5 WIN 50U BAS S;EXP MAIL SEC F MS EXCH AV 6.5 WIN 50U BAS S;EXP MAIL SEC F MS EXCH AV 6.5 WIN 50U BAS S;;;;79;;
1;3;2094;1;166,8618;135,66;EXP MAIL SEC F MS EXCH AV 6.5 WIN 10U ESS S;20968887;;EXP MAIL SEC F MS EXCH AV 6.5 WIN 10U ESS S;EXP MAIL SEC F MS EXCH AV 6.5 WIN 10U ESS S;EXP MAIL SEC F MS EXCH AV 6.5 WIN 10U ESS S;EXP MAIL SEC F MS EXCH AV 6.5 WIN 10U ESS S;;;;79;;
1;3;2094;1;331,9893;269,91;EXP MAIL SEC F MS EXCH AV 6.5 WIN 25U BAS S;20968888;;EXP MAIL SEC F MS EXCH AV 6.5 WIN 25U BAS S;EXP MAIL SEC F MS EXCH AV 6.5 WIN 25U BAS S;EXP MAIL SEC F MS EXCH AV 6.5 WIN 25U BAS S;EXP MAIL SEC F MS EXCH AV 6.5 WIN 25U BAS S;;;;79;;
1;3;2094;1;152,9505;124,35;EXP MAIL SEC F MS EXCH AV 6.5 WIN 10U BAS S;20968890;;EXP MAIL SEC F MS EXCH AV 6.5 WIN 10U BAS S;EXP MAIL SEC F MS EXCH AV 6.5 WIN 10U BAS S;EXP MAIL SEC F MS EXCH AV 6.5 WIN 10U BAS S;EXP MAIL SEC F MS EXCH AV 6.5 WIN 10U BAS S;;;;79;;
1;3;2094;1;697,0041;566,67;EXP MAIL SEC F MS EXCH AV 6.5 WIN 50U ESS S;20968891;;EXP MAIL SEC F MS EXCH AV 6.5 WIN 50U ESS S;EXP MAIL SEC F MS EXCH AV 6.5 WIN 50U ESS S;EXP MAIL SEC F MS EXCH AV 6.5 WIN 50U ESS S;EXP MAIL SEC F MS EXCH AV 6.5 WIN 50U ESS S;;;;79;;
1;3;2094;1;292,002;237,4;EXP MAIL SEC F MS EXCH AV 6.5 WIN 10U STD LIC S ESS;20968892;;EXP MAIL SEC F MS EXCH AV 6.5 WIN 10U STD LIC S ESS;EXP MAIL SEC F MS EXCH AV 6.5 WIN 10U STD LIC S ESS;EXP MAIL SEC F MS EXCH AV 6.5 WIN 10U STD LIC S ESS;EXP MAIL SEC F MS EXCH AV 6.5 WIN 10U STD LIC S ESS;;;;79;;
1;3;2094;1;278,103;226,1;EXP MAIL SEC F MS EXCH AV 6.5 WIN 10U STD LIC S BAS;20968893;;EXP MAIL SEC F MS EXCH AV 6.5 WIN 10U STD LIC S BAS;EXP MAIL SEC F MS EXCH AV 6.5 WIN 10U STD LIC S BAS;EXP MAIL SEC F MS EXCH AV 6.5 WIN 10U STD LIC S BAS;EXP MAIL SEC F MS EXCH AV 6.5 WIN 10U STD LIC S BAS;;;;79;;
1;3;2094;1;633,8067;515,29;EXP MAIL SEC F MS EXCH AV 6.5 WIN 25U STD LIC S ESS;20968894;;EXP MAIL SEC F MS EXCH AV 6.5 WIN 25U STD LIC S ESS;EXP MAIL SEC F MS EXCH AV 6.5 WIN 25U STD LIC S ESS;EXP MAIL SEC F MS EXCH AV 6.5 WIN 25U STD LIC S ESS;EXP MAIL SEC F MS EXCH AV 6.5 WIN 25U STD LIC S ESS;;;;79;;
1;3;2094;1;603,6225;490,75;EXP MAIL SEC F MS EXCH AV 6.5 WIN 25U STD LIC S BAS;20968895;;EXP MAIL SEC F MS EXCH AV 6.5 WIN 25U STD LIC S BAS;EXP MAIL SEC F MS EXCH AV 6.5 WIN 25U STD LIC S BAS;EXP MAIL SEC F MS EXCH AV 6.5 WIN 25U STD LIC S BAS;EXP MAIL SEC F MS EXCH AV 6.5 WIN 25U STD LIC S BAS;;;;79;;
1;3;2094;1;1161,6858;944,46;EXP MAIL SEC F MS EXCH AV 6.5 WIN 50U STD LIC S BAS;20968896;;EXP MAIL SEC F MS EXCH AV 6.5 WIN 50U STD LIC S BAS;EXP MAIL SEC F MS EXCH AV 6.5 WIN 50U STD LIC S BAS;EXP MAIL SEC F MS EXCH AV 6.5 WIN 50U STD LIC S BAS;EXP MAIL SEC F MS EXCH AV 6.5 WIN 50U STD LIC S BAS;;;;79;;
1;3;2094;1;1219,7541;991,67;EXP MAIL SEC F MS EXCH AV 6.5 WIN 50U STD LIC S ESS;20968897;;EXP MAIL SEC F MS EXCH AV 6.5 WIN 50U STD LIC S ESS;EXP MAIL SEC F MS EXCH AV 6.5 WIN 50U STD LIC S ESS;EXP MAIL SEC F MS EXCH AV 6.5 WIN 50U STD LIC S ESS;EXP MAIL SEC F MS EXCH AV 6.5 WIN 50U STD LIC S ESS;;;;79;;
1;3;2094;1;331,9893;269,91;EXP MAIL SEC F MS EXCH AV 6.5 WIN 25U BAS S;20968898;;EXP MAIL SEC F MS EXCH AV 6.5 WIN 25U BAS S;EXP MAIL SEC F MS EXCH AV 6.5 WIN 25U BAS S;EXP MAIL SEC F MS EXCH AV 6.5 WIN 25U BAS S;EXP MAIL SEC F MS EXCH AV 6.5 WIN 25U BAS S;;;;79;;
1;3;2094;1;697,0041;566,67;EXP MAIL SEC F MS EXCH AV 6.5 WIN 50U ESS S;20968899;;EXP MAIL SEC F MS EXCH AV 6.5 WIN 50U ESS S;EXP MAIL SEC F MS EXCH AV 6.5 WIN 50U ESS S;EXP MAIL SEC F MS EXCH AV 6.5 WIN 50U ESS S;EXP MAIL SEC F MS EXCH AV 6.5 WIN 50U ESS S;;;;79;;
1;3;2094;1;152,9505;124,35;EXP MAIL SEC F MS EXCH AV 6.5 WIN 10U BAS S;20968900;;EXP MAIL SEC F MS EXCH AV 6.5 WIN 10U BAS S;EXP MAIL SEC F MS EXCH AV 6.5 WIN 10U BAS S;EXP MAIL SEC F MS EXCH AV 6.5 WIN 10U BAS S;EXP MAIL SEC F MS EXCH AV 6.5 WIN 10U BAS S;;;;79;;
1;3;2094;1;362,1735;294,45;EXP MAIL SEC F MS EXCH AV 6.5 WIN 25U ESS S;20968901;;EXP MAIL SEC F MS EXCH AV 6.5 WIN 25U ESS S;EXP MAIL SEC F MS EXCH AV 6.5 WIN 25U ESS S;EXP MAIL SEC F MS EXCH AV 6.5 WIN 25U ESS S;EXP MAIL SEC F MS EXCH AV 6.5 WIN 25U ESS S;;;;79;;
1;3;2094;1;166,8618;135,66;EXP MAIL SEC F MS EXCH AV 6.5 WIN 10U ESS S;20968902;;EXP MAIL SEC F MS EXCH AV 6.5 WIN 10U ESS S;EXP MAIL SEC F MS EXCH AV 6.5 WIN 10U ESS S;EXP MAIL SEC F MS EXCH AV 6.5 WIN 10U ESS S;EXP MAIL SEC F MS EXCH AV 6.5 WIN 10U ESS S;;;;79;;
1;3;2094;1;638,9358;519,46;EXP MAIL SEC F MS EXCH AV 6.5 WIN 50U BAS S;20968903;;EXP MAIL SEC F MS EXCH AV 6.5 WIN 50U BAS S;EXP MAIL SEC F MS EXCH AV 6.5 WIN 50U BAS S;EXP MAIL SEC F MS EXCH AV 6.5 WIN 50U BAS S;EXP MAIL SEC F MS EXCH AV 6.5 WIN 50U BAS S;;;;79;;
1;3;2094;1;19,2003;15,61;EXP MAIL SEC MS EXCH AV AS 6.5 WIN 1U BAS D;20968922;;EXP MAIL SEC MS EXCH AV AS 6.5 WIN 1U BAS D;EXP MAIL SEC MS EXCH AV AS 6.5 WIN 1U BAS D;EXP MAIL SEC MS EXCH AV AS 6.5 WIN 1U BAS D;EXP MAIL SEC MS EXCH AV AS 6.5 WIN 1U BAS D;;;;79;;
1;3;2094;1;9,84;8;GOV MAIL SEC MS EXCH AV AS 6.5 WIN 1U ESS H;20968923;;GOV MAIL SEC MS EXCH AV AS 6.5 WIN 1U ESS H;GOV MAIL SEC MS EXCH AV AS 6.5 WIN 1U ESS H;GOV MAIL SEC MS EXCH AV AS 6.5 WIN 1U ESS H;GOV MAIL SEC MS EXCH AV AS 6.5 WIN 1U ESS H;;;;79;;
1;3;2094;1;11,7096;9,52;MAIL SEC F MS EXCH 1 USR BAS REW-B;20968927;;MAIL SEC F MS EXCH 1 USR BAS REW-B;MAIL SEC F MS EXCH 1 USR BAS REW-B;MAIL SEC F MS EXCH 1 USR BAS REW-B;MAIL SEC F MS EXCH 1 USR BAS REW-B;;;;79;;
1;3;2094;1;11,2422;9,14;REW MAIL SEC MS EXCH AV AS 6.5 WIN 1U BAS B;20968927-A1;;REW MAIL SEC MS EXCH AV AS 6.5 WIN 1U BAS B;REW MAIL SEC MS EXCH AV AS 6.5 WIN 1U BAS B;REW MAIL SEC MS EXCH AV AS 6.5 WIN 1U BAS B;REW MAIL SEC MS EXCH AV AS 6.5 WIN 1U BAS B;;;;79;;
1;3;2094;1;25,5594;20,78;EXP MAIL SEC MS EXCH AV AS 6.5 WIN 1U BAS A;20968929;;EXP MAIL SEC MS EXCH AV AS 6.5 WIN 1U BAS A;EXP MAIL SEC MS EXCH AV AS 6.5 WIN 1U BAS A;EXP MAIL SEC MS EXCH AV AS 6.5 WIN 1U BAS A;EXP MAIL SEC MS EXCH AV AS 6.5 WIN 1U BAS A;;;;79;;
1;3;2094;1;9,0159;7,33;AE MAIL SEC MS EXCHG AV AS 6.5 WIN 1U BAS H;20968930;;AE MAIL SEC MS EXCHG AV AS 6.5 WIN 1U BAS H;AE MAIL SEC MS EXCHG AV AS 6.5 WIN 1U BAS H;AE MAIL SEC MS EXCHG AV AS 6.5 WIN 1U BAS H;AE MAIL SEC MS EXCHG AV AS 6.5 WIN 1U BAS H;;;;79;;
1;3;2094;1;23,7759;19,33;EXP MAIL SEC MS EXCH AV AS 6.5 WIN 1U ESS C;20968931;;EXP MAIL SEC MS EXCH AV AS 6.5 WIN 1U ESS C;EXP MAIL SEC MS EXCH AV AS 6.5 WIN 1U ESS C;EXP MAIL SEC MS EXCH AV AS 6.5 WIN 1U ESS C;EXP MAIL SEC MS EXCH AV AS 6.5 WIN 1U ESS C;;;;79;;
1;3;2094;1;32,8656;26,72;EXP MAIL SEC MS EXCH AV AS 6.5 WIN C/U LIC A BAS;20968933;;EXP MAIL SEC MS EXCH AV AS 6.5 WIN C/U LIC A BAS;EXP MAIL SEC MS EXCH AV AS 6.5 WIN C/U LIC A BAS;EXP MAIL SEC MS EXCH AV AS 6.5 WIN C/U LIC A BAS;EXP MAIL SEC MS EXCH AV AS 6.5 WIN C/U LIC A BAS;;;;79;;
1;3;2094;1;12,8781;10,47;MAIL SECFMS 1 USR BNDL COMP UG REW E ESS;20968934;;MAIL SECFMS 1 USR BNDL COMP UG REW E ESS;MAIL SECFMS 1 USR BNDL COMP UG REW E ESS;MAIL SECFMS 1 USR BNDL COMP UG REW E ESS;MAIL SECFMS 1 USR BNDL COMP UG REW E ESS;;;;79;;
1;3;2094;1;12,3861;10,07;REW MAIL SEC MS EXCH AV AS 6.5 WIN C/U LIC E ESS;20968934-A1;;REW MAIL SEC MS EXCH AV AS 6.5 WIN C/U LIC E ESS;REW MAIL SEC MS EXCH AV AS 6.5 WIN C/U LIC E ESS;REW MAIL SEC MS EXCH AV AS 6.5 WIN C/U LIC E ESS;REW MAIL SEC MS EXCH AV AS 6.5 WIN C/U LIC E ESS;;;;79;;
1;3;2094;1;34,9074;28,38;EXP MAIL SEC MS EXCH AV AS 6.5 WIN STD LIC D BAS;20968935;;EXP MAIL SEC MS EXCH AV AS 6.5 WIN STD LIC D BAS;EXP MAIL SEC MS EXCH AV AS 6.5 WIN STD LIC D BAS;EXP MAIL SEC MS EXCH AV AS 6.5 WIN STD LIC D BAS;EXP MAIL SEC MS EXCH AV AS 6.5 WIN STD LIC D BAS;;;;79;;
1;3;2094;1;19,2249;15,63;MAIL SEC F MS EXCH1USR BNDL STDREW D ESS;20968936;;MAIL SEC F MS EXCH1USR BNDL STDREW D ESS;MAIL SEC F MS EXCH1USR BNDL STDREW D ESS;MAIL SEC F MS EXCH1USR BNDL STDREW D ESS;MAIL SEC F MS EXCH1USR BNDL STDREW D ESS;;;;79;;
1;3;2094;1;18,4746;15,02;REW MAIL SEC MS EXCH AV AS 6.5 WIN STD LIC D ESS;20968936-A1;;REW MAIL SEC MS EXCH AV AS 6.5 WIN STD LIC D ESS;REW MAIL SEC MS EXCH AV AS 6.5 WIN STD LIC D ESS;REW MAIL SEC MS EXCH AV AS 6.5 WIN STD LIC D ESS;REW MAIL SEC MS EXCH AV AS 6.5 WIN STD LIC D ESS;;;;79;;
1;3;2094;1;16,605;13,5;EXP MAIL SEC MS EXCH AV AS 6.5 WIN 1U ESS F;20968941;;EXP MAIL SEC MS EXCH AV AS 6.5 WIN 1U ESS F;EXP MAIL SEC MS EXCH AV AS 6.5 WIN 1U ESS F;EXP MAIL SEC MS EXCH AV AS 6.5 WIN 1U ESS F;EXP MAIL SEC MS EXCH AV AS 6.5 WIN 1U ESS F;;;;79;;
1;3;2094;1;23,7759;19,33;EXP MAIL SEC MS EXCH AV AS 6.5 WIN 1U ESS C;20968943;;EXP MAIL SEC MS EXCH AV AS 6.5 WIN 1U ESS C;EXP MAIL SEC MS EXCH AV AS 6.5 WIN 1U ESS C;EXP MAIL SEC MS EXCH AV AS 6.5 WIN 1U ESS C;EXP MAIL SEC MS EXCH AV AS 6.5 WIN 1U ESS C;;;;79;;
1;3;2094;1;11,7096;9,52;MAIL SEC F MS EXCH 1 USR BAS REW-B;20968944;;MAIL SEC F MS EXCH 1 USR BAS REW-B;MAIL SEC F MS EXCH 1 USR BAS REW-B;MAIL SEC F MS EXCH 1 USR BAS REW-B;MAIL SEC F MS EXCH 1 USR BAS REW-B;;;;79;;
1;3;2094;1;11,2422;9,14;REW MAIL SEC MS EXCH AV AS 6.5 WIN 1U BAS B;20968944-A1;;REW MAIL SEC MS EXCH AV AS 6.5 WIN 1U BAS B;REW MAIL SEC MS EXCH AV AS 6.5 WIN 1U BAS B;REW MAIL SEC MS EXCH AV AS 6.5 WIN 1U BAS B;REW MAIL SEC MS EXCH AV AS 6.5 WIN 1U BAS B;;;;79;;
1;3;2094;1;10,0614;8,18;MAIL SEC F MS EXCH 1 USR BAS REW-D;20968945;;MAIL SEC F MS EXCH 1 USR BAS REW-D;MAIL SEC F MS EXCH 1 USR BAS REW-D;MAIL SEC F MS EXCH 1 USR BAS REW-D;MAIL SEC F MS EXCH 1 USR BAS REW-D;;;;79;;
1;3;2094;1;9,6678;7,86;REW MAIL SEC MS EXCH AV AS 6.5 WIN 1U BAS D;20968945-A1;;REW MAIL SEC MS EXCH AV AS 6.5 WIN 1U BAS D;REW MAIL SEC MS EXCH AV AS 6.5 WIN 1U BAS D;REW MAIL SEC MS EXCH AV AS 6.5 WIN 1U BAS D;REW MAIL SEC MS EXCH AV AS 6.5 WIN 1U BAS D;;;;79;;
1;3;2094;1;25,5594;20,78;EXP MAIL SEC MS EXCH AV AS 6.5 WIN 1U BAS A;20968947;;EXP MAIL SEC MS EXCH AV AS 6.5 WIN 1U BAS A;EXP MAIL SEC MS EXCH AV AS 6.5 WIN 1U BAS A;EXP MAIL SEC MS EXCH AV AS 6.5 WIN 1U BAS A;EXP MAIL SEC MS EXCH AV AS 6.5 WIN 1U BAS A;;;;79;;
1;3;2094;1;13,4439;10,93;MAIL SEC F MS EXCH 1 USR ESS REW-A;20968948;;MAIL SEC F MS EXCH 1 USR ESS REW-A;MAIL SEC F MS EXCH 1 USR ESS REW-A;MAIL SEC F MS EXCH 1 USR ESS REW-A;MAIL SEC F MS EXCH 1 USR ESS REW-A;;;;79;;
1;3;2094;1;12,9273;10,51;REW MAIL SEC MS EXCH AV AS 6.5 WIN 1U ESS A;20968948-A1;;REW MAIL SEC MS EXCH AV AS 6.5 WIN 1U ESS A;REW MAIL SEC MS EXCH AV AS 6.5 WIN 1U ESS A;REW MAIL SEC MS EXCH AV AS 6.5 WIN 1U ESS A;REW MAIL SEC MS EXCH AV AS 6.5 WIN 1U ESS A;;;;79;;
1;3;2094;1;12,7551;10,37;MAIL SEC F MS EXCH 1 USR ESS REW-B;20968949;;MAIL SEC F MS EXCH 1 USR ESS REW-B;MAIL SEC F MS EXCH 1 USR ESS REW-B;MAIL SEC F MS EXCH 1 USR ESS REW-B;MAIL SEC F MS EXCH 1 USR ESS REW-B;;;;79;;
1;3;2094;1;12,2631;9,97;REW MAIL SEC MS EXCH AV AS 6.5 WIN 1U ESS B;20968949-A1;;REW MAIL SEC MS EXCH AV AS 6.5 WIN 1U ESS B;REW MAIL SEC MS EXCH AV AS 6.5 WIN 1U ESS B;REW MAIL SEC MS EXCH AV AS 6.5 WIN 1U ESS B;REW MAIL SEC MS EXCH AV AS 6.5 WIN 1U ESS B;;;;79;;
1;3;2094;1;9,3357;7,59;MAIL SEC F MS EXCH 1 USR BAS REW-E;20968950;;MAIL SEC F MS EXCH 1 USR BAS REW-E;MAIL SEC F MS EXCH 1 USR BAS REW-E;MAIL SEC F MS EXCH 1 USR BAS REW-E;MAIL SEC F MS EXCH 1 USR BAS REW-E;;;;79;;
1;3;2094;1;8,9667;7,29;REW MAIL SEC MS EXCH AV AS 6.5 WIN 1U BAS E;20968950-A1;;REW MAIL SEC MS EXCH AV AS 6.5 WIN 1U BAS E;REW MAIL SEC MS EXCH AV AS 6.5 WIN 1U BAS E;REW MAIL SEC MS EXCH AV AS 6.5 WIN 1U BAS E;REW MAIL SEC MS EXCH AV AS 6.5 WIN 1U BAS E;;;;79;;
1;3;2094;1;9,0159;7,33;GOV MAIL SEC MS EXCH AV AS 6.5 WIN 1U BAS H;20968951;;GOV MAIL SEC MS EXCH AV AS 6.5 WIN 1U BAS H;GOV MAIL SEC MS EXCH AV AS 6.5 WIN 1U BAS H;GOV MAIL SEC MS EXCH AV AS 6.5 WIN 1U BAS H;GOV MAIL SEC MS EXCH AV AS 6.5 WIN 1U BAS H;;;;79;;
1;3;2094;1;18,2778;14,86;EXP MAIL SEC MS EXCH AV AS 6.5 WIN 1U ESS E;20968952;;EXP MAIL SEC MS EXCH AV AS 6.5 WIN 1U ESS E;EXP MAIL SEC MS EXCH AV AS 6.5 WIN 1U ESS E;EXP MAIL SEC MS EXCH AV AS 6.5 WIN 1U ESS E;EXP MAIL SEC MS EXCH AV AS 6.5 WIN 1U ESS E;;;;79;;
1;3;2094;1;20,4426;16,62;AE MAIL SEC MS EXCHG AV AS 6.5 WIN 1U BAS A;20968955;;AE MAIL SEC MS EXCHG AV AS 6.5 WIN 1U BAS A;AE MAIL SEC MS EXCHG AV AS 6.5 WIN 1U BAS A;AE MAIL SEC MS EXCHG AV AS 6.5 WIN 1U BAS A;AE MAIL SEC MS EXCHG AV AS 6.5 WIN 1U BAS A;;;;79;;
1;3;2094;1;10,9962;8,94;MAIL SEC F MS EXCH 1 USR ESS REW-D;20968960;;MAIL SEC F MS EXCH 1 USR ESS REW-D;MAIL SEC F MS EXCH 1 USR ESS REW-D;MAIL SEC F MS EXCH 1 USR ESS REW-D;MAIL SEC F MS EXCH 1 USR ESS REW-D;;;;79;;
1;3;2094;1;10,5657;8,59;REW MAIL SEC MS EXCH AV AS 6.5 WIN 1U ESS D;20968960-A1;;REW MAIL SEC MS EXCH AV AS 6.5 WIN 1U ESS D;REW MAIL SEC MS EXCH AV AS 6.5 WIN 1U ESS D;REW MAIL SEC MS EXCH AV AS 6.5 WIN 1U ESS D;REW MAIL SEC MS EXCH AV AS 6.5 WIN 1U ESS D;;;;79;;
1;3;2094;1;10,1844;8,28;MAIL SEC F MS EXCH 1 USR ESS REW-E;20968961;;MAIL SEC F MS EXCH 1 USR ESS REW-E;MAIL SEC F MS EXCH 1 USR ESS REW-E;MAIL SEC F MS EXCH 1 USR ESS REW-E;MAIL SEC F MS EXCH 1 USR ESS REW-E;;;;79;;
1;3;2094;1;9,7785;7,95;REW MAIL SEC MS EXCH AV AS 6.5 WIN 1U ESS E;20968961-A1;;REW MAIL SEC MS EXCH AV AS 6.5 WIN 1U ESS E;REW MAIL SEC MS EXCH AV AS 6.5 WIN 1U ESS E;REW MAIL SEC MS EXCH AV AS 6.5 WIN 1U ESS E;REW MAIL SEC MS EXCH AV AS 6.5 WIN 1U ESS E;;;;79;;
1;3;2094;1;25,0797;20,39;EXP MAIL SEC MS EXCH AV AS 6.5 WIN 1U ESS B;20968962;;EXP MAIL SEC MS EXCH AV AS 6.5 WIN 1U ESS B;EXP MAIL SEC MS EXCH AV AS 6.5 WIN 1U ESS B;EXP MAIL SEC MS EXCH AV AS 6.5 WIN 1U ESS B;EXP MAIL SEC MS EXCH AV AS 6.5 WIN 1U ESS B;;;;79;;
1;3;2094;1;11,8203;9,61;MAIL SEC F MS EXCH 1 USR ESS REW-C;20968963;;MAIL SEC F MS EXCH 1 USR ESS REW-C;MAIL SEC F MS EXCH 1 USR ESS REW-C;MAIL SEC F MS EXCH 1 USR ESS REW-C;MAIL SEC F MS EXCH 1 USR ESS REW-C;;;;79;;
1;3;2094;1;11,3652;9,24;REW MAIL SEC MS EXCH AV AS 6.5 WIN 1U ESS C;20968963-A1;;REW MAIL SEC MS EXCH AV AS 6.5 WIN 1U ESS C;REW MAIL SEC MS EXCH AV AS 6.5 WIN 1U ESS C;REW MAIL SEC MS EXCH AV AS 6.5 WIN 1U ESS C;REW MAIL SEC MS EXCH AV AS 6.5 WIN 1U ESS C;;;;79;;
1;3;2094;1;21,8079;17,73;EXP MAIL SEC MS EXCH AV AS 6.5 WIN 1U BAS C;20968964;;EXP MAIL SEC MS EXCH AV AS 6.5 WIN 1U BAS C;EXP MAIL SEC MS EXCH AV AS 6.5 WIN 1U BAS C;EXP MAIL SEC MS EXCH AV AS 6.5 WIN 1U BAS C;EXP MAIL SEC MS EXCH AV AS 6.5 WIN 1U BAS C;;;;79;;
1;3;2094;1;9,84;8;GOV MAIL SEC MS EXCH AV AS 6.5 WIN 1U ESS H;20968965;;GOV MAIL SEC MS EXCH AV AS 6.5 WIN 1U ESS H;GOV MAIL SEC MS EXCH AV AS 6.5 WIN 1U ESS H;GOV MAIL SEC MS EXCH AV AS 6.5 WIN 1U ESS H;GOV MAIL SEC MS EXCH AV AS 6.5 WIN 1U ESS H;;;;79;;
1;3;2094;1;22,3122;18,14;AE MAIL SEC MS EXCHG AV AS 6.5 WIN 1U ESS A;20968966;;AE MAIL SEC MS EXCHG AV AS 6.5 WIN 1U ESS A;AE MAIL SEC MS EXCHG AV AS 6.5 WIN 1U ESS A;AE MAIL SEC MS EXCHG AV AS 6.5 WIN 1U ESS A;AE MAIL SEC MS EXCHG AV AS 6.5 WIN 1U ESS A;;;;79;;
1;3;2094;1;19,2003;15,61;EXP MAIL SEC MS EXCH AV AS 6.5 WIN 1U BAS D;20968974;;EXP MAIL SEC MS EXCH AV AS 6.5 WIN 1U BAS D;EXP MAIL SEC MS EXCH AV AS 6.5 WIN 1U BAS D;EXP MAIL SEC MS EXCH AV AS 6.5 WIN 1U BAS D;EXP MAIL SEC MS EXCH AV AS 6.5 WIN 1U BAS D;;;;79;;
1;3;2094;1;16,7403;13,61;EXP MAIL SEC MS EXCH AV AS 6.5 WIN 1U BAS E;20968975;;EXP MAIL SEC MS EXCH AV AS 6.5 WIN 1U BAS E;EXP MAIL SEC MS EXCH AV AS 6.5 WIN 1U BAS E;EXP MAIL SEC MS EXCH AV AS 6.5 WIN 1U BAS E;EXP MAIL SEC MS EXCH AV AS 6.5 WIN 1U BAS E;;;;79;;
1;3;2094;1;20,4426;16,62;GOV MAIL SEC MS EXCH AV AS 6.5 WIN 1U BAS A;20968976;;GOV MAIL SEC MS EXCH AV AS 6.5 WIN 1U BAS A;GOV MAIL SEC MS EXCH AV AS 6.5 WIN 1U BAS A;GOV MAIL SEC MS EXCH AV AS 6.5 WIN 1U BAS A;GOV MAIL SEC MS EXCH AV AS 6.5 WIN 1U BAS A;;;;79;;
1;3;2094;1;23,001;18,7;EXP MAIL SEC MS EXCH AV AS 6.5 WIN 1U BAS B;20968979;;EXP MAIL SEC MS EXCH AV AS 6.5 WIN 1U BAS B;EXP MAIL SEC MS EXCH AV AS 6.5 WIN 1U BAS B;EXP MAIL SEC MS EXCH AV AS 6.5 WIN 1U BAS B;EXP MAIL SEC MS EXCH AV AS 6.5 WIN 1U BAS B;;;;79;;
1;3;2094;1;20,9469;17,03;EXP MAIL SEC MS EXCH AV AS 6.5 WIN 1U ESS D;20968980;;EXP MAIL SEC MS EXCH AV AS 6.5 WIN 1U ESS D;EXP MAIL SEC MS EXCH AV AS 6.5 WIN 1U ESS D;EXP MAIL SEC MS EXCH AV AS 6.5 WIN 1U ESS D;EXP MAIL SEC MS EXCH AV AS 6.5 WIN 1U ESS D;;;;79;;
1;3;2094;1;9,84;8;AE MAIL SEC MS EXCHG AV AS 6.5 WIN 1U ESS H;20968985;;AE MAIL SEC MS EXCHG AV AS 6.5 WIN 1U ESS H;AE MAIL SEC MS EXCHG AV AS 6.5 WIN 1U ESS H;AE MAIL SEC MS EXCHG AV AS 6.5 WIN 1U ESS H;AE MAIL SEC MS EXCHG AV AS 6.5 WIN 1U ESS H;;;;79;;
1;3;2094;1;27,8718;22,66;EXP MAIL SEC MS EXCH AV AS 6.5 WIN 1U ESS A;20968986;;EXP MAIL SEC MS EXCH AV AS 6.5 WIN 1U ESS A;EXP MAIL SEC MS EXCH AV AS 6.5 WIN 1U ESS A;EXP MAIL SEC MS EXCH AV AS 6.5 WIN 1U ESS A;EXP MAIL SEC MS EXCH AV AS 6.5 WIN 1U ESS A;;;;79;;
1;3;2094;1;22,3122;18,14;GOV MAIL SEC MS EXCH AV AS 6.5 WIN 1U ESS A;20968987;;GOV MAIL SEC MS EXCH AV AS 6.5 WIN 1U ESS A;GOV MAIL SEC MS EXCH AV AS 6.5 WIN 1U ESS A;GOV MAIL SEC MS EXCH AV AS 6.5 WIN 1U ESS A;GOV MAIL SEC MS EXCH AV AS 6.5 WIN 1U ESS A;;;;79;;
1;3;2094;1;10,8486;8,82;MAIL SEC F MS EXCH 1 USR BAS REW-C;20968989;;MAIL SEC F MS EXCH 1 USR BAS REW-C;MAIL SEC F MS EXCH 1 USR BAS REW-C;MAIL SEC F MS EXCH 1 USR BAS REW-C;MAIL SEC F MS EXCH 1 USR BAS REW-C;;;;79;;
1;3;2094;1;10,4181;8,47;REW MAIL SEC MS EXCH AV AS 6.5 WIN 1U BAS C;20968989-A1;;REW MAIL SEC MS EXCH AV AS 6.5 WIN 1U BAS C;REW MAIL SEC MS EXCH AV AS 6.5 WIN 1U BAS C;REW MAIL SEC MS EXCH AV AS 6.5 WIN 1U BAS C;REW MAIL SEC MS EXCH AV AS 6.5 WIN 1U BAS C;;;;79;;
1;3;2094;1;9,0159;7,33;AE MAIL SEC MS EXCHG AV AS 6.5 WIN 1U BAS H;20968994;;AE MAIL SEC MS EXCHG AV AS 6.5 WIN 1U BAS H;AE MAIL SEC MS EXCHG AV AS 6.5 WIN 1U BAS H;AE MAIL SEC MS EXCHG AV AS 6.5 WIN 1U BAS H;AE MAIL SEC MS EXCHG AV AS 6.5 WIN 1U BAS H;;;;79;;
1;3;2094;1;12,3123;10,01;MAIL SEC F MS EXCH 1 USR BAS REW-A;20969005;;MAIL SEC F MS EXCH 1 USR BAS REW-A;MAIL SEC F MS EXCH 1 USR BAS REW-A;MAIL SEC F MS EXCH 1 USR BAS REW-A;MAIL SEC F MS EXCH 1 USR BAS REW-A;;;;79;;
1;3;2094;1;11,8326;9,62;REW MAIL SEC MS EXCH AV AS 6.5 WIN 1U BAS A;20969005-A1;;REW MAIL SEC MS EXCH AV AS 6.5 WIN 1U BAS A;REW MAIL SEC MS EXCH AV AS 6.5 WIN 1U BAS A;REW MAIL SEC MS EXCH AV AS 6.5 WIN 1U BAS A;REW MAIL SEC MS EXCH AV AS 6.5 WIN 1U BAS A;;;;79;;
1;3;2094;1;15,2151;12,37;EXP MAIL SEC MS EXCH AV AS 6.5 WIN 1U BAS F;20969006;;EXP MAIL SEC MS EXCH AV AS 6.5 WIN 1U BAS F;EXP MAIL SEC MS EXCH AV AS 6.5 WIN 1U BAS F;EXP MAIL SEC MS EXCH AV AS 6.5 WIN 1U BAS F;EXP MAIL SEC MS EXCH AV AS 6.5 WIN 1U BAS F;;;;79;;
1;3;2094;1;12,9519;10,53;MAIL SECFMS 1 USR BNDL COMP UG REW D BAS;20969010;;MAIL SECFMS 1 USR BNDL COMP UG REW D BAS;MAIL SECFMS 1 USR BNDL COMP UG REW D BAS;MAIL SECFMS 1 USR BNDL COMP UG REW D BAS;MAIL SECFMS 1 USR BNDL COMP UG REW D BAS;;;;79;;
1;3;2094;1;12,4476;10,12;REW MAIL SEC MS EXCH AV AS 6.5 WIN C/U LIC D BAS;20969010-A1;;REW MAIL SEC MS EXCH AV AS 6.5 WIN C/U LIC D BAS;REW MAIL SEC MS EXCH AV AS 6.5 WIN C/U LIC D BAS;REW MAIL SEC MS EXCH AV AS 6.5 WIN C/U LIC D BAS;REW MAIL SEC MS EXCH AV AS 6.5 WIN C/U LIC D BAS;;;;79;;
1;3;2094;1;21,5373;17,51;EXP MAIL SEC MS EXCH AV AS 6.5 WIN C/U LIC E BAS;20969011;;EXP MAIL SEC MS EXCH AV AS 6.5 WIN C/U LIC E BAS;EXP MAIL SEC MS EXCH AV AS 6.5 WIN C/U LIC E BAS;EXP MAIL SEC MS EXCH AV AS 6.5 WIN C/U LIC E BAS;EXP MAIL SEC MS EXCH AV AS 6.5 WIN C/U LIC E BAS;;;;79;;
1;3;2094;1;20,9592;17,04;EXP MAIL SEC MS EXCH AV AS 6.5 WIN C/U LIC F ESS;20969013;;EXP MAIL SEC MS EXCH AV AS 6.5 WIN C/U LIC F ESS;EXP MAIL SEC MS EXCH AV AS 6.5 WIN C/U LIC F ESS;EXP MAIL SEC MS EXCH AV AS 6.5 WIN C/U LIC F ESS;EXP MAIL SEC MS EXCH AV AS 6.5 WIN C/U LIC F ESS;;;;79;;
1;3;2094;1;30,4302;24,74;EXP MAIL SEC MS EXCH AV AS 6.5 WIN STD LIC E BAS;20969014;;EXP MAIL SEC MS EXCH AV AS 6.5 WIN STD LIC E BAS;EXP MAIL SEC MS EXCH AV AS 6.5 WIN STD LIC E BAS;EXP MAIL SEC MS EXCH AV AS 6.5 WIN STD LIC E BAS;EXP MAIL SEC MS EXCH AV AS 6.5 WIN STD LIC E BAS;;;;79;;
1;3;2094;1;37,1583;30,21;GOV MAIL SEC MS EXCH AV AS 6.5 WIN STD LIC A BAS;20969015;;GOV MAIL SEC MS EXCH AV AS 6.5 WIN STD LIC A BAS;GOV MAIL SEC MS EXCH AV AS 6.5 WIN STD LIC A BAS;GOV MAIL SEC MS EXCH AV AS 6.5 WIN STD LIC A BAS;GOV MAIL SEC MS EXCH AV AS 6.5 WIN STD LIC A BAS;;;;79;;
1;3;2094;1;17,22;14;GOV MAIL SEC MS EXCH AV AS 6.5 WIN STD LIC H ESS;20969016;;GOV MAIL SEC MS EXCH AV AS 6.5 WIN STD LIC H ESS;GOV MAIL SEC MS EXCH AV AS 6.5 WIN STD LIC H ESS;GOV MAIL SEC MS EXCH AV AS 6.5 WIN STD LIC H ESS;GOV MAIL SEC MS EXCH AV AS 6.5 WIN STD LIC H ESS;;;;79;;
1;3;2094;1;17,22;14;AE MAIL SEC MS EXCHG AV AS 6.5 WIN STD LIC H ESS;20969017;;AE MAIL SEC MS EXCHG AV AS 6.5 WIN STD LIC H ESS;AE MAIL SEC MS EXCHG AV AS 6.5 WIN STD LIC H ESS;AE MAIL SEC MS EXCHG AV AS 6.5 WIN STD LIC H ESS;AE MAIL SEC MS EXCHG AV AS 6.5 WIN STD LIC H ESS;;;;79;;
1;3;2094;1;9,3357;7,59;MAIL SEC F MS EXCH 1 USR BAS REW-E;20969018;;MAIL SEC F MS EXCH 1 USR BAS REW-E;MAIL SEC F MS EXCH 1 USR BAS REW-E;MAIL SEC F MS EXCH 1 USR BAS REW-E;MAIL SEC F MS EXCH 1 USR BAS REW-E;;;;79;;
1;3;2094;1;8,9667;7,29;REW MAIL SEC MS EXCH AV AS 6.5 WIN 1U BAS E;20969018-A1;;REW MAIL SEC MS EXCH AV AS 6.5 WIN 1U BAS E;REW MAIL SEC MS EXCH AV AS 6.5 WIN 1U BAS E;REW MAIL SEC MS EXCH AV AS 6.5 WIN 1U BAS E;REW MAIL SEC MS EXCH AV AS 6.5 WIN 1U BAS E;;;;79;;
1;3;2094;1;20,4426;16,62;GOV MAIL SEC MS EXCH AV AS 6.5 WIN 1U BAS A;20969019;;GOV MAIL SEC MS EXCH AV AS 6.5 WIN 1U BAS A;GOV MAIL SEC MS EXCH AV AS 6.5 WIN 1U BAS A;GOV MAIL SEC MS EXCH AV AS 6.5 WIN 1U BAS A;GOV MAIL SEC MS EXCH AV AS 6.5 WIN 1U BAS A;;;;79;;
1;3;2094;1;12,7551;10,37;MAIL SEC F MS EXCH 1 USR ESS REW-B;20969020;;MAIL SEC F MS EXCH 1 USR ESS REW-B;MAIL SEC F MS EXCH 1 USR ESS REW-B;MAIL SEC F MS EXCH 1 USR ESS REW-B;MAIL SEC F MS EXCH 1 USR ESS REW-B;;;;79;;
1;3;2094;1;12,2631;9,97;REW MAIL SEC MS EXCH AV AS 6.5 WIN 1U ESS B;20969020-A1;;REW MAIL SEC MS EXCH AV AS 6.5 WIN 1U ESS B;REW MAIL SEC MS EXCH AV AS 6.5 WIN 1U ESS B;REW MAIL SEC MS EXCH AV AS 6.5 WIN 1U ESS B;REW MAIL SEC MS EXCH AV AS 6.5 WIN 1U ESS B;;;;79;;
1;3;2094;1;10,1844;8,28;MAIL SEC F MS EXCH 1 USR ESS REW-E;20969021;;MAIL SEC F MS EXCH 1 USR ESS REW-E;MAIL SEC F MS EXCH 1 USR ESS REW-E;MAIL SEC F MS EXCH 1 USR ESS REW-E;MAIL SEC F MS EXCH 1 USR ESS REW-E;;;;79;;
1;3;2094;1;9,7785;7,95;REW MAIL SEC MS EXCH AV AS 6.5 WIN 1U ESS E;20969021-A1;;REW MAIL SEC MS EXCH AV AS 6.5 WIN 1U ESS E;REW MAIL SEC MS EXCH AV AS 6.5 WIN 1U ESS E;REW MAIL SEC MS EXCH AV AS 6.5 WIN 1U ESS E;REW MAIL SEC MS EXCH AV AS 6.5 WIN 1U ESS E;;;;79;;
1;3;2094;1;18,2778;14,86;EXP MAIL SEC MS EXCH AV AS 6.5 WIN 1U ESS E;20969023;;EXP MAIL SEC MS EXCH AV AS 6.5 WIN 1U ESS E;EXP MAIL SEC MS EXCH AV AS 6.5 WIN 1U ESS E;EXP MAIL SEC MS EXCH AV AS 6.5 WIN 1U ESS E;EXP MAIL SEC MS EXCH AV AS 6.5 WIN 1U ESS E;;;;79;;
1;3;2094;1;23,001;18,7;EXP MAIL SEC MS EXCH AV AS 6.5 WIN 1U BAS B;20969027;;EXP MAIL SEC MS EXCH AV AS 6.5 WIN 1U BAS B;EXP MAIL SEC MS EXCH AV AS 6.5 WIN 1U BAS B;EXP MAIL SEC MS EXCH AV AS 6.5 WIN 1U BAS B;EXP MAIL SEC MS EXCH AV AS 6.5 WIN 1U BAS B;;;;79;;
1;3;2094;1;21,8079;17,73;EXP MAIL SEC MS EXCH AV AS 6.5 WIN 1U BAS C;20969028;;EXP MAIL SEC MS EXCH AV AS 6.5 WIN 1U BAS C;EXP MAIL SEC MS EXCH AV AS 6.5 WIN 1U BAS C;EXP MAIL SEC MS EXCH AV AS 6.5 WIN 1U BAS C;EXP MAIL SEC MS EXCH AV AS 6.5 WIN 1U BAS C;;;;79;;
1;3;2094;1;16,7403;13,61;EXP MAIL SEC MS EXCH AV AS 6.5 WIN 1U BAS E;20969029;;EXP MAIL SEC MS EXCH AV AS 6.5 WIN 1U BAS E;EXP MAIL SEC MS EXCH AV AS 6.5 WIN 1U BAS E;EXP MAIL SEC MS EXCH AV AS 6.5 WIN 1U BAS E;EXP MAIL SEC MS EXCH AV AS 6.5 WIN 1U BAS E;;;;79;;
1;3;2094;1;15,2151;12,37;EXP MAIL SEC MS EXCH AV AS 6.5 WIN 1U BAS F;20969030;;EXP MAIL SEC MS EXCH AV AS 6.5 WIN 1U BAS F;EXP MAIL SEC MS EXCH AV AS 6.5 WIN 1U BAS F;EXP MAIL SEC MS EXCH AV AS 6.5 WIN 1U BAS F;EXP MAIL SEC MS EXCH AV AS 6.5 WIN 1U BAS F;;;;79;;
1;3;2094;1;20,4426;16,62;AE MAIL SEC MS EXCHG AV AS 6.5 WIN 1U BAS A;20969031;;AE MAIL SEC MS EXCHG AV AS 6.5 WIN 1U BAS A;AE MAIL SEC MS EXCHG AV AS 6.5 WIN 1U BAS A;AE MAIL SEC MS EXCHG AV AS 6.5 WIN 1U BAS A;AE MAIL SEC MS EXCHG AV AS 6.5 WIN 1U BAS A;;;;79;;
1;3;2094;1;16,605;13,5;EXP MAIL SEC MS EXCH AV AS 6.5 WIN 1U ESS F;20969032;;EXP MAIL SEC MS EXCH AV AS 6.5 WIN 1U ESS F;EXP MAIL SEC MS EXCH AV AS 6.5 WIN 1U ESS F;EXP MAIL SEC MS EXCH AV AS 6.5 WIN 1U ESS F;EXP MAIL SEC MS EXCH AV AS 6.5 WIN 1U ESS F;;;;79;;
1;3;2094;1;22,3122;18,14;AE MAIL SEC MS EXCHG AV AS 6.5 WIN 1U ESS A;20969033;;AE MAIL SEC MS EXCHG AV AS 6.5 WIN 1U ESS A;AE MAIL SEC MS EXCHG AV AS 6.5 WIN 1U ESS A;AE MAIL SEC MS EXCHG AV AS 6.5 WIN 1U ESS A;AE MAIL SEC MS EXCHG AV AS 6.5 WIN 1U ESS A;;;;79;;
1;3;2094;1;13,9605;11,35;MAIL SECFMS 1 USR BNDL COMP UG REW C BAS;20969034;;MAIL SECFMS 1 USR BNDL COMP UG REW C BAS;MAIL SECFMS 1 USR BNDL COMP UG REW C BAS;MAIL SECFMS 1 USR BNDL COMP UG REW C BAS;MAIL SECFMS 1 USR BNDL COMP UG REW C BAS;;;;79;;
1;3;2094;1;13,4193;10,91;REW MAIL SEC MS EXCH AV AS 6.5 WIN C/U LIC C BAS;20969034-A1;;REW MAIL SEC MS EXCH AV AS 6.5 WIN C/U LIC C BAS;REW MAIL SEC MS EXCH AV AS 6.5 WIN C/U LIC C BAS;REW MAIL SEC MS EXCH AV AS 6.5 WIN C/U LIC C BAS;REW MAIL SEC MS EXCH AV AS 6.5 WIN C/U LIC C BAS;;;;79;;
1;3;2094;1;28,044;22,8;EXP MAIL SEC MS EXCH AV AS 6.5 WIN C/U LIC C BAS;20969035;;EXP MAIL SEC MS EXCH AV AS 6.5 WIN C/U LIC C BAS;EXP MAIL SEC MS EXCH AV AS 6.5 WIN C/U LIC C BAS;EXP MAIL SEC MS EXCH AV AS 6.5 WIN C/U LIC C BAS;EXP MAIL SEC MS EXCH AV AS 6.5 WIN C/U LIC C BAS;;;;79;;
1;3;2094;1;19,5816;15,92;EXP MAIL SEC MS EXCH AV AS 6.5 WIN C/U LIC F BAS;20969036;;EXP MAIL SEC MS EXCH AV AS 6.5 WIN C/U LIC F BAS;EXP MAIL SEC MS EXCH AV AS 6.5 WIN C/U LIC F BAS;EXP MAIL SEC MS EXCH AV AS 6.5 WIN C/U LIC F BAS;EXP MAIL SEC MS EXCH AV AS 6.5 WIN C/U LIC F BAS;;;;79;;
1;3;2094;1;30,0366;24,42;EXP MAIL SEC MS EXCH AV AS 6.5 WIN C/U LIC C ESS;20969037;;EXP MAIL SEC MS EXCH AV AS 6.5 WIN C/U LIC C ESS;EXP MAIL SEC MS EXCH AV AS 6.5 WIN C/U LIC C ESS;EXP MAIL SEC MS EXCH AV AS 6.5 WIN C/U LIC C ESS;EXP MAIL SEC MS EXCH AV AS 6.5 WIN C/U LIC C ESS;;;;79;;
1;3;2094;1;19,7169;16,03;MAIL SEC F MS EXCH1USR BNDL STDREW C BAS;20969038;;MAIL SEC F MS EXCH1USR BNDL STDREW C BAS;MAIL SEC F MS EXCH1USR BNDL STDREW C BAS;MAIL SEC F MS EXCH1USR BNDL STDREW C BAS;MAIL SEC F MS EXCH1USR BNDL STDREW C BAS;;;;79;;
1;3;2094;1;18,942;15,4;REW MAIL SEC MS EXCH AV AS 6.5 WIN STD LIC C BAS;20969038-A1;;REW MAIL SEC MS EXCH AV AS 6.5 WIN STD LIC C BAS;REW MAIL SEC MS EXCH AV AS 6.5 WIN STD LIC C BAS;REW MAIL SEC MS EXCH AV AS 6.5 WIN STD LIC C BAS;REW MAIL SEC MS EXCH AV AS 6.5 WIN STD LIC C BAS;;;;79;;
1;3;2094;1;27,675;22,5;EXP MAIL SEC MS EXCH AV AS 6.5 WIN STD LIC F BAS;20969039;;EXP MAIL SEC MS EXCH AV AS 6.5 WIN STD LIC F BAS;EXP MAIL SEC MS EXCH AV AS 6.5 WIN STD LIC F BAS;EXP MAIL SEC MS EXCH AV AS 6.5 WIN STD LIC F BAS;EXP MAIL SEC MS EXCH AV AS 6.5 WIN STD LIC F BAS;;;;79;;
1;3;2094;1;16,3959;13,33;AE MAIL SEC MS EXCHG AV AS 6.5 WIN STD LIC H BAS;20969040;;AE MAIL SEC MS EXCHG AV AS 6.5 WIN STD LIC H BAS;AE MAIL SEC MS EXCHG AV AS 6.5 WIN STD LIC H BAS;AE MAIL SEC MS EXCHG AV AS 6.5 WIN STD LIC H BAS;AE MAIL SEC MS EXCHG AV AS 6.5 WIN STD LIC H BAS;;;;79;;
1;3;2094;1;41,6232;33,84;EXP MAIL SEC MS EXCH AV AS 6.5 WIN STD LIC C ESS;20969041;;EXP MAIL SEC MS EXCH AV AS 6.5 WIN STD LIC C ESS;EXP MAIL SEC MS EXCH AV AS 6.5 WIN STD LIC C ESS;EXP MAIL SEC MS EXCH AV AS 6.5 WIN STD LIC C ESS;EXP MAIL SEC MS EXCH AV AS 6.5 WIN STD LIC C ESS;;;;79;;
1;3;2094;1;29,0649;23,63;EXP MAIL SEC MS EXCH AV AS 6.5 WIN STD LIC F ESS;20969042;;EXP MAIL SEC MS EXCH AV AS 6.5 WIN STD LIC F ESS;EXP MAIL SEC MS EXCH AV AS 6.5 WIN STD LIC F ESS;EXP MAIL SEC MS EXCH AV AS 6.5 WIN STD LIC F ESS;EXP MAIL SEC MS EXCH AV AS 6.5 WIN STD LIC F ESS;;;;79;;
1;3;2094;1;12,3123;10,01;MAIL SEC F MS EXCH 1 USR BAS REW-A;20969043;;MAIL SEC F MS EXCH 1 USR BAS REW-A;MAIL SEC F MS EXCH 1 USR BAS REW-A;MAIL SEC F MS EXCH 1 USR BAS REW-A;MAIL SEC F MS EXCH 1 USR BAS REW-A;;;;79;;
1;3;2094;1;11,8326;9,62;REW MAIL SEC MS EXCH AV AS 6.5 WIN 1U BAS A;20969043-A1;;REW MAIL SEC MS EXCH AV AS 6.5 WIN 1U BAS A;REW MAIL SEC MS EXCH AV AS 6.5 WIN 1U BAS A;REW MAIL SEC MS EXCH AV AS 6.5 WIN 1U BAS A;REW MAIL SEC MS EXCH AV AS 6.5 WIN 1U BAS A;;;;79;;
1;3;2094;1;10,0614;8,18;MAIL SEC F MS EXCH 1 USR BAS REW-D;20969044;;MAIL SEC F MS EXCH 1 USR BAS REW-D;MAIL SEC F MS EXCH 1 USR BAS REW-D;MAIL SEC F MS EXCH 1 USR BAS REW-D;MAIL SEC F MS EXCH 1 USR BAS REW-D;;;;79;;
1;3;2094;1;9,6678;7,86;REW MAIL SEC MS EXCH AV AS 6.5 WIN 1U BAS D;20969044-A1;;REW MAIL SEC MS EXCH AV AS 6.5 WIN 1U BAS D;REW MAIL SEC MS EXCH AV AS 6.5 WIN 1U BAS D;REW MAIL SEC MS EXCH AV AS 6.5 WIN 1U BAS D;REW MAIL SEC MS EXCH AV AS 6.5 WIN 1U BAS D;;;;79;;
1;3;2094;1;11,8203;9,61;MAIL SEC F MS EXCH 1 USR ESS REW-C;20969045;;MAIL SEC F MS EXCH 1 USR ESS REW-C;MAIL SEC F MS EXCH 1 USR ESS REW-C;MAIL SEC F MS EXCH 1 USR ESS REW-C;MAIL SEC F MS EXCH 1 USR ESS REW-C;;;;79;;
1;3;2094;1;11,3652;9,24;REW MAIL SEC MS EXCH AV AS 6.5 WIN 1U ESS C;20969045-A1;;REW MAIL SEC MS EXCH AV AS 6.5 WIN 1U ESS C;REW MAIL SEC MS EXCH AV AS 6.5 WIN 1U ESS C;REW MAIL SEC MS EXCH AV AS 6.5 WIN 1U ESS C;REW MAIL SEC MS EXCH AV AS 6.5 WIN 1U ESS C;;;;79;;
1;3;2094;1;22,3122;18,14;GOV MAIL SEC MS EXCH AV AS 6.5 WIN 1U ESS A;20969046;;GOV MAIL SEC MS EXCH AV AS 6.5 WIN 1U ESS A;GOV MAIL SEC MS EXCH AV AS 6.5 WIN 1U ESS A;GOV MAIL SEC MS EXCH AV AS 6.5 WIN 1U ESS A;GOV MAIL SEC MS EXCH AV AS 6.5 WIN 1U ESS A;;;;79;;
1;3;2094;1;12,0171;9,77;MAIL SECFMS 1 USR BNDL COMP UG REW E BAS;20969047;;MAIL SECFMS 1 USR BNDL COMP UG REW E BAS;MAIL SECFMS 1 USR BNDL COMP UG REW E BAS;MAIL SECFMS 1 USR BNDL COMP UG REW E BAS;MAIL SECFMS 1 USR BNDL COMP UG REW E BAS;;;;79;;
1;3;2094;1;11,5374;9,38;REW MAIL SEC MS EXCH AV AS 6.5 WIN C/U LIC E BAS;20969047-A1;;REW MAIL SEC MS EXCH AV AS 6.5 WIN C/U LIC E BAS;REW MAIL SEC MS EXCH AV AS 6.5 WIN C/U LIC E BAS;REW MAIL SEC MS EXCH AV AS 6.5 WIN C/U LIC E BAS;REW MAIL SEC MS EXCH AV AS 6.5 WIN C/U LIC E BAS;;;;79;;
1;3;2094;1;29,5815;24,05;EXP MAIL SEC MS EXCH AV AS 6.5 WIN C/U LIC B BAS;20969049;;EXP MAIL SEC MS EXCH AV AS 6.5 WIN C/U LIC B BAS;EXP MAIL SEC MS EXCH AV AS 6.5 WIN C/U LIC B BAS;EXP MAIL SEC MS EXCH AV AS 6.5 WIN C/U LIC B BAS;EXP MAIL SEC MS EXCH AV AS 6.5 WIN C/U LIC B BAS;;;;79;;
1;3;2094;1;24,6984;20,08;EXP MAIL SEC MS EXCH AV AS 6.5 WIN C/U LIC D BAS;20969050;;EXP MAIL SEC MS EXCH AV AS 6.5 WIN C/U LIC D BAS;EXP MAIL SEC MS EXCH AV AS 6.5 WIN C/U LIC D BAS;EXP MAIL SEC MS EXCH AV AS 6.5 WIN C/U LIC D BAS;EXP MAIL SEC MS EXCH AV AS 6.5 WIN C/U LIC D BAS;;;;79;;
1;3;2094;1;11,6112;9,44;GOV MAIL SEC MS EXCH AV AS 6.5 WIN C/U LIC H BAS;20969051;;GOV MAIL SEC MS EXCH AV AS 6.5 WIN C/U LIC H BAS;GOV MAIL SEC MS EXCH AV AS 6.5 WIN C/U LIC H BAS;GOV MAIL SEC MS EXCH AV AS 6.5 WIN C/U LIC H BAS;GOV MAIL SEC MS EXCH AV AS 6.5 WIN C/U LIC H BAS;;;;79;;
1;3;2094;1;26,2974;21,38;AE MAIL SEC MS EXCHG AV AS 6.5 WIN C/U LIC A BAS;20969053;;AE MAIL SEC MS EXCHG AV AS 6.5 WIN C/U LIC A BAS;AE MAIL SEC MS EXCHG AV AS 6.5 WIN C/U LIC A BAS;AE MAIL SEC MS EXCHG AV AS 6.5 WIN C/U LIC A BAS;AE MAIL SEC MS EXCHG AV AS 6.5 WIN C/U LIC A BAS;;;;79;;
1;3;2094;1;11,6112;9,44;AE MAIL SEC MS EXCHG AV AS 6.5 WIN C/U LIC H BAS;20969054;;AE MAIL SEC MS EXCHG AV AS 6.5 WIN C/U LIC H BAS;AE MAIL SEC MS EXCHG AV AS 6.5 WIN C/U LIC H BAS;AE MAIL SEC MS EXCHG AV AS 6.5 WIN C/U LIC H BAS;AE MAIL SEC MS EXCHG AV AS 6.5 WIN C/U LIC H BAS;;;;79;;
1;3;2094;1;16,974;13,8;MAIL SECFMS 1 USR BNDL COMP UG REW A ESS;20969055;;MAIL SECFMS 1 USR BNDL COMP UG REW A ESS;MAIL SECFMS 1 USR BNDL COMP UG REW A ESS;MAIL SECFMS 1 USR BNDL COMP UG REW A ESS;MAIL SECFMS 1 USR BNDL COMP UG REW A ESS;;;;79;;
1;3;2094;1;16,3098;13,26;REW MAIL SEC MS EXCH AV AS 6.5 WIN C/U LIC A ESS;20969055-A1;;REW MAIL SEC MS EXCH AV AS 6.5 WIN C/U LIC A ESS;REW MAIL SEC MS EXCH AV AS 6.5 WIN C/U LIC A ESS;REW MAIL SEC MS EXCH AV AS 6.5 WIN C/U LIC A ESS;REW MAIL SEC MS EXCH AV AS 6.5 WIN C/U LIC A ESS;;;;79;;
1;3;2094;1;28,1547;22,89;GOV MAIL SEC MS EXCH AV AS 6.5 WIN C/U LIC A ESS;20969056;;GOV MAIL SEC MS EXCH AV AS 6.5 WIN C/U LIC A ESS;GOV MAIL SEC MS EXCH AV AS 6.5 WIN C/U LIC A ESS;GOV MAIL SEC MS EXCH AV AS 6.5 WIN C/U LIC A ESS;GOV MAIL SEC MS EXCH AV AS 6.5 WIN C/U LIC A ESS;;;;79;;
1;3;2094;1;16,9863;13,81;MAIL SEC F MS EXCH1USR BNDL STDREW E BAS;20969057;;MAIL SEC F MS EXCH1USR BNDL STDREW E BAS;MAIL SEC F MS EXCH1USR BNDL STDREW E BAS;MAIL SEC F MS EXCH1USR BNDL STDREW E BAS;MAIL SEC F MS EXCH1USR BNDL STDREW E BAS;;;;79;;
1;3;2094;1;16,3221;13,27;REW MAIL SEC MS EXCH AV AS 6.5 WIN STD LIC E BAS;20969057-A1;;REW MAIL SEC MS EXCH AV AS 6.5 WIN STD LIC E BAS;REW MAIL SEC MS EXCH AV AS 6.5 WIN STD LIC E BAS;REW MAIL SEC MS EXCH AV AS 6.5 WIN STD LIC E BAS;REW MAIL SEC MS EXCH AV AS 6.5 WIN STD LIC E BAS;;;;79;;
1;3;2094;1;37,1583;30,21;AE MAIL SEC MS EXCHG AV AS 6.5 WIN STD LIC A BAS;20969058;;AE MAIL SEC MS EXCHG AV AS 6.5 WIN STD LIC A BAS;AE MAIL SEC MS EXCHG AV AS 6.5 WIN STD LIC A BAS;AE MAIL SEC MS EXCHG AV AS 6.5 WIN STD LIC A BAS;AE MAIL SEC MS EXCHG AV AS 6.5 WIN STD LIC A BAS;;;;79;;
1;3;2094;1;23,5299;19,13;MAIL SEC F MS EXCH1USR BNDL STDREW A ESS;20969059;;MAIL SEC F MS EXCH1USR BNDL STDREW A ESS;MAIL SEC F MS EXCH1USR BNDL STDREW A ESS;MAIL SEC F MS EXCH1USR BNDL STDREW A ESS;MAIL SEC F MS EXCH1USR BNDL STDREW A ESS;;;;79;;
1;3;2094;1;22,6074;18,38;REW MAIL SEC MS EXCH AV AS 6.5 WIN STD LIC A ESS;20969059-A1;;REW MAIL SEC MS EXCH AV AS 6.5 WIN STD LIC A ESS;REW MAIL SEC MS EXCH AV AS 6.5 WIN STD LIC A ESS;REW MAIL SEC MS EXCH AV AS 6.5 WIN STD LIC A ESS;REW MAIL SEC MS EXCH AV AS 6.5 WIN STD LIC A ESS;;;;79;;
1;3;2094;1;31,9554;25,98;EXP MAIL SEC MS EXCH AV AS 6.5 WIN STD LIC E ESS;20969060;;EXP MAIL SEC MS EXCH AV AS 6.5 WIN STD LIC E ESS;EXP MAIL SEC MS EXCH AV AS 6.5 WIN STD LIC E ESS;EXP MAIL SEC MS EXCH AV AS 6.5 WIN STD LIC E ESS;EXP MAIL SEC MS EXCH AV AS 6.5 WIN STD LIC E ESS;;;;79;;
1;3;2094;1;9,84;8;AE MAIL SEC MS EXCHG AV AS 6.5 WIN 1U ESS H;20969061;;AE MAIL SEC MS EXCHG AV AS 6.5 WIN 1U ESS H;AE MAIL SEC MS EXCHG AV AS 6.5 WIN 1U ESS H;AE MAIL SEC MS EXCHG AV AS 6.5 WIN 1U ESS H;AE MAIL SEC MS EXCHG AV AS 6.5 WIN 1U ESS H;;;;79;;
1;3;2094;1;26,4327;21,49;EXP MAIL SEC MS EXCH AV AS 6.5 WIN C/U LIC D ESS;20969067;;EXP MAIL SEC MS EXCH AV AS 6.5 WIN C/U LIC D ESS;EXP MAIL SEC MS EXCH AV AS 6.5 WIN C/U LIC D ESS;EXP MAIL SEC MS EXCH AV AS 6.5 WIN C/U LIC D ESS;EXP MAIL SEC MS EXCH AV AS 6.5 WIN C/U LIC D ESS;;;;79;;
1;3;2094;1;12,423;10,1;AE MAIL SEC MS EXCHG AV AS 6.5 WIN C/U LIC H ESS;20969068;;AE MAIL SEC MS EXCHG AV AS 6.5 WIN C/U LIC H ESS;AE MAIL SEC MS EXCHG AV AS 6.5 WIN C/U LIC H ESS;AE MAIL SEC MS EXCHG AV AS 6.5 WIN C/U LIC H ESS;AE MAIL SEC MS EXCHG AV AS 6.5 WIN C/U LIC H ESS;;;;79;;
1;3;2094;1;28,1547;22,89;AE MAIL SEC MS EXCHG AV AS 6.5 WIN C/U LIC A ESS;20969069;;AE MAIL SEC MS EXCHG AV AS 6.5 WIN C/U LIC A ESS;AE MAIL SEC MS EXCHG AV AS 6.5 WIN C/U LIC A ESS;AE MAIL SEC MS EXCHG AV AS 6.5 WIN C/U LIC A ESS;AE MAIL SEC MS EXCHG AV AS 6.5 WIN C/U LIC A ESS;;;;79;;
1;3;2094;1;21,279;17,3;MAIL SEC F MS EXCH1USR BNDL STDREW B BAS;20969070;;MAIL SEC F MS EXCH1USR BNDL STDREW B BAS;MAIL SEC F MS EXCH1USR BNDL STDREW B BAS;MAIL SEC F MS EXCH1USR BNDL STDREW B BAS;MAIL SEC F MS EXCH1USR BNDL STDREW B BAS;;;;79;;
1;3;2094;1;20,4426;16,62;REW MAIL SEC MS EXCH AV AS 6.5 WIN STD LIC B BAS;20969070-A1;;REW MAIL SEC MS EXCH AV AS 6.5 WIN STD LIC B BAS;REW MAIL SEC MS EXCH AV AS 6.5 WIN STD LIC B BAS;REW MAIL SEC MS EXCH AV AS 6.5 WIN STD LIC B BAS;REW MAIL SEC MS EXCH AV AS 6.5 WIN STD LIC B BAS;;;;79;;
1;3;2094;1;16,3959;13,33;GOV MAIL SEC MS EXCH AV AS 6.5 WIN STD LIC H BAS;20969072;;GOV MAIL SEC MS EXCH AV AS 6.5 WIN STD LIC H BAS;GOV MAIL SEC MS EXCH AV AS 6.5 WIN STD LIC H BAS;GOV MAIL SEC MS EXCH AV AS 6.5 WIN STD LIC H BAS;GOV MAIL SEC MS EXCH AV AS 6.5 WIN STD LIC H BAS;;;;79;;
1;3;2094;1;48,7818;39,66;EXP MAIL SEC MS EXCH AV AS 6.5 WIN STD LIC A ESS;20969073;;EXP MAIL SEC MS EXCH AV AS 6.5 WIN STD LIC A ESS;EXP MAIL SEC MS EXCH AV AS 6.5 WIN STD LIC A ESS;EXP MAIL SEC MS EXCH AV AS 6.5 WIN STD LIC A ESS;EXP MAIL SEC MS EXCH AV AS 6.5 WIN STD LIC A ESS;;;;79;;
1;3;2094;1;13,8621;11,27;MAIL SECFMS 1 USR BNDL COMP UG REW D ESS;20969074;;MAIL SECFMS 1 USR BNDL COMP UG REW D ESS;MAIL SECFMS 1 USR BNDL COMP UG REW D ESS;MAIL SECFMS 1 USR BNDL COMP UG REW D ESS;MAIL SECFMS 1 USR BNDL COMP UG REW D ESS;;;;79;;
1;3;2094;1;13,3209;10,83;REW MAIL SEC MS EXCH AV AS 6.5 WIN C/U LIC D ESS;20969074-A1;;REW MAIL SEC MS EXCH AV AS 6.5 WIN C/U LIC D ESS;REW MAIL SEC MS EXCH AV AS 6.5 WIN C/U LIC D ESS;REW MAIL SEC MS EXCH AV AS 6.5 WIN C/U LIC D ESS;REW MAIL SEC MS EXCH AV AS 6.5 WIN C/U LIC D ESS;;;;79;;
1;3;2094;1;35,2026;28,62;EXP MAIL SEC MS EXCH AV AS 6.5 WIN C/U LIC A ESS;20969076;;EXP MAIL SEC MS EXCH AV AS 6.5 WIN C/U LIC A ESS;EXP MAIL SEC MS EXCH AV AS 6.5 WIN C/U LIC A ESS;EXP MAIL SEC MS EXCH AV AS 6.5 WIN C/U LIC A ESS;EXP MAIL SEC MS EXCH AV AS 6.5 WIN C/U LIC A ESS;;;;79;;
1;3;2094;1;31,6602;25,74;EXP MAIL SEC MS EXCH AV AS 6.5 WIN C/U LIC B ESS;20969077;;EXP MAIL SEC MS EXCH AV AS 6.5 WIN C/U LIC B ESS;EXP MAIL SEC MS EXCH AV AS 6.5 WIN C/U LIC B ESS;EXP MAIL SEC MS EXCH AV AS 6.5 WIN C/U LIC B ESS;EXP MAIL SEC MS EXCH AV AS 6.5 WIN C/U LIC B ESS;;;;79;;
1;3;2094;1;23,0502;18,74;EXP MAIL SEC MS EXCH AV AS 6.5 WIN C/U LIC E ESS;20969078;;EXP MAIL SEC MS EXCH AV AS 6.5 WIN C/U LIC E ESS;EXP MAIL SEC MS EXCH AV AS 6.5 WIN C/U LIC E ESS;EXP MAIL SEC MS EXCH AV AS 6.5 WIN C/U LIC E ESS;EXP MAIL SEC MS EXCH AV AS 6.5 WIN C/U LIC E ESS;;;;79;;
1;3;2094;1;46,4571;37,77;EXP MAIL SEC MS EXCH AV AS 6.5 WIN STD LIC A BAS;20969079;;EXP MAIL SEC MS EXCH AV AS 6.5 WIN STD LIC A BAS;EXP MAIL SEC MS EXCH AV AS 6.5 WIN STD LIC A BAS;EXP MAIL SEC MS EXCH AV AS 6.5 WIN STD LIC A BAS;EXP MAIL SEC MS EXCH AV AS 6.5 WIN STD LIC A BAS;;;;79;;
1;3;2094;1;10,8486;8,82;MAIL SEC F MS EXCH 1 USR BAS REW-C;20969080;;MAIL SEC F MS EXCH 1 USR BAS REW-C;MAIL SEC F MS EXCH 1 USR BAS REW-C;MAIL SEC F MS EXCH 1 USR BAS REW-C;MAIL SEC F MS EXCH 1 USR BAS REW-C;;;;79;;
1;3;2094;1;10,4181;8,47;REW MAIL SEC MS EXCH AV AS 6.5 WIN 1U BAS C;20969080-A1;;REW MAIL SEC MS EXCH AV AS 6.5 WIN 1U BAS C;REW MAIL SEC MS EXCH AV AS 6.5 WIN 1U BAS C;REW MAIL SEC MS EXCH AV AS 6.5 WIN 1U BAS C;REW MAIL SEC MS EXCH AV AS 6.5 WIN 1U BAS C;;;;79;;
1;3;2094;1;9,0159;7,33;GOV MAIL SEC MS EXCH AV AS 6.5 WIN 1U BAS H;20969081;;GOV MAIL SEC MS EXCH AV AS 6.5 WIN 1U BAS H;GOV MAIL SEC MS EXCH AV AS 6.5 WIN 1U BAS H;GOV MAIL SEC MS EXCH AV AS 6.5 WIN 1U BAS H;GOV MAIL SEC MS EXCH AV AS 6.5 WIN 1U BAS H;;;;79;;
1;3;2094;1;13,4439;10,93;MAIL SEC F MS EXCH 1 USR ESS REW-A;20969082;;MAIL SEC F MS EXCH 1 USR ESS REW-A;MAIL SEC F MS EXCH 1 USR ESS REW-A;MAIL SEC F MS EXCH 1 USR ESS REW-A;MAIL SEC F MS EXCH 1 USR ESS REW-A;;;;79;;
1;3;2094;1;12,9273;10,51;REW MAIL SEC MS EXCH AV AS 6.5 WIN 1U ESS A;20969082-A1;;REW MAIL SEC MS EXCH AV AS 6.5 WIN 1U ESS A;REW MAIL SEC MS EXCH AV AS 6.5 WIN 1U ESS A;REW MAIL SEC MS EXCH AV AS 6.5 WIN 1U ESS A;REW MAIL SEC MS EXCH AV AS 6.5 WIN 1U ESS A;;;;79;;
1;3;2094;1;26,2974;21,38;GOV MAIL SEC MS EXCH AV AS 6.5 WIN C/U LIC A BAS;20969084;;GOV MAIL SEC MS EXCH AV AS 6.5 WIN C/U LIC A BAS;GOV MAIL SEC MS EXCH AV AS 6.5 WIN C/U LIC A BAS;GOV MAIL SEC MS EXCH AV AS 6.5 WIN C/U LIC A BAS;GOV MAIL SEC MS EXCH AV AS 6.5 WIN C/U LIC A BAS;;;;79;;
1;3;2094;1;14,9322;12,14;MAIL SECFMS 1 USR BNDL COMP UG REW C ESS;20969085;;MAIL SECFMS 1 USR BNDL COMP UG REW C ESS;MAIL SECFMS 1 USR BNDL COMP UG REW C ESS;MAIL SECFMS 1 USR BNDL COMP UG REW C ESS;MAIL SECFMS 1 USR BNDL COMP UG REW C ESS;;;;79;;
1;3;2094;1;14,3541;11,67;REW MAIL SEC MS EXCH AV AS 6.5 WIN C/U LIC C ESS;20969085-A1;;REW MAIL SEC MS EXCH AV AS 6.5 WIN C/U LIC C ESS;REW MAIL SEC MS EXCH AV AS 6.5 WIN C/U LIC C ESS;REW MAIL SEC MS EXCH AV AS 6.5 WIN C/U LIC C ESS;REW MAIL SEC MS EXCH AV AS 6.5 WIN C/U LIC C ESS;;;;79;;
1;3;2094;1;41,8077;33,99;EXP MAIL SEC MS EXCH AV AS 6.5 WIN STD LIC B BAS;20969087;;EXP MAIL SEC MS EXCH AV AS 6.5 WIN STD LIC B BAS;EXP MAIL SEC MS EXCH AV AS 6.5 WIN STD LIC B BAS;EXP MAIL SEC MS EXCH AV AS 6.5 WIN STD LIC B BAS;EXP MAIL SEC MS EXCH AV AS 6.5 WIN STD LIC B BAS;;;;79;;
1;3;2094;1;20,6886;16,82;MAIL SEC F MS EXCH1USR BNDL STDREW C ESS;20969088;;MAIL SEC F MS EXCH1USR BNDL STDREW C ESS;MAIL SEC F MS EXCH1USR BNDL STDREW C ESS;MAIL SEC F MS EXCH1USR BNDL STDREW C ESS;MAIL SEC F MS EXCH1USR BNDL STDREW C ESS;;;;79;;
1;3;2094;1;19,8891;16,17;REW MAIL SEC MS EXCH AV AS 6.5 WIN STD LIC C ESS;20969088-A1;;REW MAIL SEC MS EXCH AV AS 6.5 WIN STD LIC C ESS;REW MAIL SEC MS EXCH AV AS 6.5 WIN STD LIC C ESS;REW MAIL SEC MS EXCH AV AS 6.5 WIN STD LIC C ESS;REW MAIL SEC MS EXCH AV AS 6.5 WIN STD LIC C ESS;;;;79;;
1;3;2094;1;39,6429;32,23;EXP MAIL SEC MS EXCH AV AS 6.5 WIN STD LIC C BAS;20969091;;EXP MAIL SEC MS EXCH AV AS 6.5 WIN STD LIC C BAS;EXP MAIL SEC MS EXCH AV AS 6.5 WIN STD LIC C BAS;EXP MAIL SEC MS EXCH AV AS 6.5 WIN STD LIC C BAS;EXP MAIL SEC MS EXCH AV AS 6.5 WIN STD LIC C BAS;;;;79;;
1;3;2094;1;22,3614;18,18;MAIL SEC F MS EXCH1USR BNDL STDREW B ESS;20969092;;MAIL SEC F MS EXCH1USR BNDL STDREW B ESS;MAIL SEC F MS EXCH1USR BNDL STDREW B ESS;MAIL SEC F MS EXCH1USR BNDL STDREW B ESS;MAIL SEC F MS EXCH1USR BNDL STDREW B ESS;;;;79;;
1;3;2094;1;21,4758;17,46;REW MAIL SEC MS EXCH AV AS 6.5 WIN STD LIC B ESS;20969092-A1;;REW MAIL SEC MS EXCH AV AS 6.5 WIN STD LIC B ESS;REW MAIL SEC MS EXCH AV AS 6.5 WIN STD LIC B ESS;REW MAIL SEC MS EXCH AV AS 6.5 WIN STD LIC B ESS;REW MAIL SEC MS EXCH AV AS 6.5 WIN STD LIC B ESS;;;;79;;
1;3;2094;1;17,8473;14,51;MAIL SEC F MS EXCH1USR BNDL STDREW E ESS;20969093;;MAIL SEC F MS EXCH1USR BNDL STDREW E ESS;MAIL SEC F MS EXCH1USR BNDL STDREW E ESS;MAIL SEC F MS EXCH1USR BNDL STDREW E ESS;MAIL SEC F MS EXCH1USR BNDL STDREW E ESS;;;;79;;
1;3;2094;1;17,1462;13,94;REW MAIL SEC MS EXCH AV AS 6.5 WIN STD LIC E ESS;20969093-A1;;REW MAIL SEC MS EXCH AV AS 6.5 WIN STD LIC E ESS;REW MAIL SEC MS EXCH AV AS 6.5 WIN STD LIC E ESS;REW MAIL SEC MS EXCH AV AS 6.5 WIN STD LIC E ESS;REW MAIL SEC MS EXCH AV AS 6.5 WIN STD LIC E ESS;;;;79;;
1;3;2094;1;43,8987;35,69;EXP MAIL SEC MS EXCH AV AS 6.5 WIN STD LIC B ESS;20969094;;EXP MAIL SEC MS EXCH AV AS 6.5 WIN STD LIC B ESS;EXP MAIL SEC MS EXCH AV AS 6.5 WIN STD LIC B ESS;EXP MAIL SEC MS EXCH AV AS 6.5 WIN STD LIC B ESS;EXP MAIL SEC MS EXCH AV AS 6.5 WIN STD LIC B ESS;;;;79;;
1;3;2094;1;36,654;29,8;EXP MAIL SEC MS EXCH AV AS 6.5 WIN STD LIC D ESS;20969095;;EXP MAIL SEC MS EXCH AV AS 6.5 WIN STD LIC D ESS;EXP MAIL SEC MS EXCH AV AS 6.5 WIN STD LIC D ESS;EXP MAIL SEC MS EXCH AV AS 6.5 WIN STD LIC D ESS;EXP MAIL SEC MS EXCH AV AS 6.5 WIN STD LIC D ESS;;;;79;;
1;3;2094;1;39,0279;31,73;GOV MAIL SEC MS EXCH AV AS 6.5 WIN STD LIC A ESS;20969097;;GOV MAIL SEC MS EXCH AV AS 6.5 WIN STD LIC A ESS;GOV MAIL SEC MS EXCH AV AS 6.5 WIN STD LIC A ESS;GOV MAIL SEC MS EXCH AV AS 6.5 WIN STD LIC A ESS;GOV MAIL SEC MS EXCH AV AS 6.5 WIN STD LIC A ESS;;;;79;;
1;3;2094;1;10,9962;8,94;MAIL SEC F MS EXCH 1 USR ESS REW-D;20969101;;MAIL SEC F MS EXCH 1 USR ESS REW-D;MAIL SEC F MS EXCH 1 USR ESS REW-D;MAIL SEC F MS EXCH 1 USR ESS REW-D;MAIL SEC F MS EXCH 1 USR ESS REW-D;;;;79;;
1;3;2094;1;10,5657;8,59;REW MAIL SEC MS EXCH AV AS 6.5 WIN 1U ESS D;20969101=A1;;REW MAIL SEC MS EXCH AV AS 6.5 WIN 1U ESS D;REW MAIL SEC MS EXCH AV AS 6.5 WIN 1U ESS D;REW MAIL SEC MS EXCH AV AS 6.5 WIN 1U ESS D;REW MAIL SEC MS EXCH AV AS 6.5 WIN 1U ESS D;;;;79;;
1;3;2094;1;27,8718;22,66;EXP MAIL SEC MS EXCH AV AS 6.5 WIN 1U ESS A;20969102;;EXP MAIL SEC MS EXCH AV AS 6.5 WIN 1U ESS A;EXP MAIL SEC MS EXCH AV AS 6.5 WIN 1U ESS A;EXP MAIL SEC MS EXCH AV AS 6.5 WIN 1U ESS A;EXP MAIL SEC MS EXCH AV AS 6.5 WIN 1U ESS A;;;;79;;
1;3;2094;1;25,0797;20,39;EXP MAIL SEC MS EXCH AV AS 6.5 WIN 1U ESS B;20969103;;EXP MAIL SEC MS EXCH AV AS 6.5 WIN 1U ESS B;EXP MAIL SEC MS EXCH AV AS 6.5 WIN 1U ESS B;EXP MAIL SEC MS EXCH AV AS 6.5 WIN 1U ESS B;EXP MAIL SEC MS EXCH AV AS 6.5 WIN 1U ESS B;;;;79;;
1;3;2094;1;20,9469;17,03;EXP MAIL SEC MS EXCH AV AS 6.5 WIN 1U ESS D;20969104;;EXP MAIL SEC MS EXCH AV AS 6.5 WIN 1U ESS D;EXP MAIL SEC MS EXCH AV AS 6.5 WIN 1U ESS D;EXP MAIL SEC MS EXCH AV AS 6.5 WIN 1U ESS D;EXP MAIL SEC MS EXCH AV AS 6.5 WIN 1U ESS D;;;;79;;
1;3;2094;1;15,8547;12,89;MAIL SECFMS 1 USR BNDL COMP UG REW A BAS;20969111;;MAIL SECFMS 1 USR BNDL COMP UG REW A BAS;MAIL SECFMS 1 USR BNDL COMP UG REW A BAS;MAIL SECFMS 1 USR BNDL COMP UG REW A BAS;MAIL SECFMS 1 USR BNDL COMP UG REW A BAS;;;;79;;
1;3;2094;1;15,2397;12,39;REW MAIL SEC MS EXCH AV AS 6.5 WIN C/U LIC A BAS;20969111-A1;;REW MAIL SEC MS EXCH AV AS 6.5 WIN C/U LIC A BAS;REW MAIL SEC MS EXCH AV AS 6.5 WIN C/U LIC A BAS;REW MAIL SEC MS EXCH AV AS 6.5 WIN C/U LIC A BAS;REW MAIL SEC MS EXCH AV AS 6.5 WIN C/U LIC A BAS;;;;79;;
1;3;2094;1;15,0675;12,25;MAIL SECFMS 1 USR BNDL COMP UG REW B BAS;20969112;;MAIL SECFMS 1 USR BNDL COMP UG REW B BAS;MAIL SECFMS 1 USR BNDL COMP UG REW B BAS;MAIL SECFMS 1 USR BNDL COMP UG REW B BAS;MAIL SECFMS 1 USR BNDL COMP UG REW B BAS;;;;79;;
1;3;2094;1;14,4648;11,76;REW MAIL SEC MS EXCH AV AS 6.5 WIN C/U LIC B BAS;20969112-A1;;REW MAIL SEC MS EXCH AV AS 6.5 WIN C/U LIC B BAS;REW MAIL SEC MS EXCH AV AS 6.5 WIN C/U LIC B BAS;REW MAIL SEC MS EXCH AV AS 6.5 WIN C/U LIC B BAS;REW MAIL SEC MS EXCH AV AS 6.5 WIN C/U LIC B BAS;;;;79;;
1;3;2094;1;16,1253;13,11;MAIL SECFMS 1 USR BNDL COMP UG REW B ESS;20969113;;MAIL SECFMS 1 USR BNDL COMP UG REW B ESS;MAIL SECFMS 1 USR BNDL COMP UG REW B ESS;MAIL SECFMS 1 USR BNDL COMP UG REW B ESS;MAIL SECFMS 1 USR BNDL COMP UG REW B ESS;;;;79;;
1;3;2094;1;15,498;12,6;REW MAIL SEC MS EXCH AV AS 6.5 WIN C/U LIC B ESS;20969113-A1;;REW MAIL SEC MS EXCH AV AS 6.5 WIN C/U LIC B ESS;REW MAIL SEC MS EXCH AV AS 6.5 WIN C/U LIC B ESS;REW MAIL SEC MS EXCH AV AS 6.5 WIN C/U LIC B ESS;REW MAIL SEC MS EXCH AV AS 6.5 WIN C/U LIC B ESS;;;;79;;
1;3;2094;1;12,423;10,1;GOV MAIL SEC MS EXCH AV AS 6.5 WIN C/U LIC H ESS;20969114;;GOV MAIL SEC MS EXCH AV AS 6.5 WIN C/U LIC H ESS;GOV MAIL SEC MS EXCH AV AS 6.5 WIN C/U LIC H ESS;GOV MAIL SEC MS EXCH AV AS 6.5 WIN C/U LIC H ESS;GOV MAIL SEC MS EXCH AV AS 6.5 WIN C/U LIC H ESS;;;;79;;
1;3;2094;1;22,4106;18,22;MAIL SEC F MS EXCH1USR BNDL STDREW A BAS;20969116;;MAIL SEC F MS EXCH1USR BNDL STDREW A BAS;MAIL SEC F MS EXCH1USR BNDL STDREW A BAS;MAIL SEC F MS EXCH1USR BNDL STDREW A BAS;MAIL SEC F MS EXCH1USR BNDL STDREW A BAS;;;;79;;
1;3;2094;1;21,5373;17,51;REW MAIL SEC MS EXCH AV AS 6.5 WIN STD LIC A BAS;20969116-A1;;REW MAIL SEC MS EXCH AV AS 6.5 WIN STD LIC A BAS;REW MAIL SEC MS EXCH AV AS 6.5 WIN STD LIC A BAS;REW MAIL SEC MS EXCH AV AS 6.5 WIN STD LIC A BAS;REW MAIL SEC MS EXCH AV AS 6.5 WIN STD LIC A BAS;;;;79;;
1;3;2094;1;18,3024;14,88;MAIL SEC F MS EXCH1USR BNDL STDREW D BAS;20969117;;MAIL SEC F MS EXCH1USR BNDL STDREW D BAS;MAIL SEC F MS EXCH1USR BNDL STDREW D BAS;MAIL SEC F MS EXCH1USR BNDL STDREW D BAS;MAIL SEC F MS EXCH1USR BNDL STDREW D BAS;;;;79;;
1;3;2094;1;17,589;14,3;REW MAIL SEC MS EXCH AV AS 6.5 WIN STD LIC D BAS;20969117-A1;;REW MAIL SEC MS EXCH AV AS 6.5 WIN STD LIC D BAS;REW MAIL SEC MS EXCH AV AS 6.5 WIN STD LIC D BAS;REW MAIL SEC MS EXCH AV AS 6.5 WIN STD LIC D BAS;REW MAIL SEC MS EXCH AV AS 6.5 WIN STD LIC D BAS;;;;79;;
1;3;2094;1;39,0279;31,73;AE MAIL SEC MS EXCHG AV AS 6.5 WIN STD LIC A ESS;20969119;;AE MAIL SEC MS EXCHG AV AS 6.5 WIN STD LIC A ESS;AE MAIL SEC MS EXCHG AV AS 6.5 WIN STD LIC A ESS;AE MAIL SEC MS EXCHG AV AS 6.5 WIN STD LIC A ESS;AE MAIL SEC MS EXCHG AV AS 6.5 WIN STD LIC A ESS;;;;79;;
1;3;2094;1;976,0419;793,53;EXP MAIL SEC MS EXCH AV AS 6.5 WIN 50U ESS S;20969125;;EXP MAIL SEC MS EXCH AV AS 6.5 WIN 50U ESS S;EXP MAIL SEC MS EXCH AV AS 6.5 WIN 50U ESS S;EXP MAIL SEC MS EXCH AV AS 6.5 WIN 50U ESS S;EXP MAIL SEC MS EXCH AV AS 6.5 WIN 50U ESS S;;;;79;;
1;3;2094;1;222,6546;181,02;EXP MAIL SEC MS EXCH AV AS 6.5 WIN 10U ESS S;20969126;;EXP MAIL SEC MS EXCH AV AS 6.5 WIN 10U ESS S;EXP MAIL SEC MS EXCH AV AS 6.5 WIN 10U ESS S;EXP MAIL SEC MS EXCH AV AS 6.5 WIN 10U ESS S;EXP MAIL SEC MS EXCH AV AS 6.5 WIN 10U ESS S;;;;79;;
1;3;2094;1;485,4564;394,68;EXP MAIL SEC MS EXCH AV AS 6.5 WIN 25U BAS S;20969127;;EXP MAIL SEC MS EXCH AV AS 6.5 WIN 25U BAS S;EXP MAIL SEC MS EXCH AV AS 6.5 WIN 25U BAS S;EXP MAIL SEC MS EXCH AV AS 6.5 WIN 25U BAS S;EXP MAIL SEC MS EXCH AV AS 6.5 WIN 25U BAS S;;;;79;;
1;3;2094;1;894,702;727,4;EXP MAIL SEC MS EXCH AV AS 6.5 WIN 50U BAS S;20969129;;EXP MAIL SEC MS EXCH AV AS 6.5 WIN 50U BAS S;EXP MAIL SEC MS EXCH AV AS 6.5 WIN 50U BAS S;EXP MAIL SEC MS EXCH AV AS 6.5 WIN 50U BAS S;EXP MAIL SEC MS EXCH AV AS 6.5 WIN 50U BAS S;;;;79;;
1;3;2094;1;204,1062;165,94;EXP MAIL SEC MS EXCH AV AS 6.5 WIN 10U BAS S;20969130;;EXP MAIL SEC MS EXCH AV AS 6.5 WIN 10U BAS S;EXP MAIL SEC MS EXCH AV AS 6.5 WIN 10U BAS S;EXP MAIL SEC MS EXCH AV AS 6.5 WIN 10U BAS S;EXP MAIL SEC MS EXCH AV AS 6.5 WIN 10U BAS S;;;;79;;
1;3;2094;1;529,6011;430,57;EXP MAIL SEC MS EXCH AV AS 6.5 WIN 25U ESS S;20969131;;EXP MAIL SEC MS EXCH AV AS 6.5 WIN 25U ESS S;EXP MAIL SEC MS EXCH AV AS 6.5 WIN 25U ESS S;EXP MAIL SEC MS EXCH AV AS 6.5 WIN 25U ESS S;EXP MAIL SEC MS EXCH AV AS 6.5 WIN 25U ESS S;;;;79;;
1;3;2094;1;669,5505;544,35;EXP MAIL SEC MS EXCH AV AS6.5 WIN25U XG LIC S BAS;20969132;;EXP MAIL SEC MS EXCH AV AS6.5 WIN25U XG LIC S BAS;EXP MAIL SEC MS EXCH AV AS6.5 WIN25U XG LIC S BAS;EXP MAIL SEC MS EXCH AV AS6.5 WIN25U XG LIC S BAS;EXP MAIL SEC MS EXCH AV AS6.5 WIN25U XG LIC S BAS;;;;79;;
1;3;2094;1;389,664;316,8;EXP MAIL SEC MS EXCH AV AS 6.5 WIN 10U LIC S ESS;20969133;;EXP MAIL SEC MS EXCH AV AS 6.5 WIN 10U LIC S ESS;EXP MAIL SEC MS EXCH AV AS 6.5 WIN 10U LIC S ESS;EXP MAIL SEC MS EXCH AV AS 6.5 WIN 10U LIC S ESS;EXP MAIL SEC MS EXCH AV AS 6.5 WIN 10U LIC S ESS;;;;79;;
1;3;2094;1;1232,2509;1001,83;EXP MAIL SEC MS EXCH AV AS6.5 WIN50U XG LIC S BAS;20969134;;EXP MAIL SEC MS EXCH AV AS6.5 WIN50U XG LIC S BAS;EXP MAIL SEC MS EXCH AV AS6.5 WIN50U XG LIC S BAS;EXP MAIL SEC MS EXCH AV AS6.5 WIN50U XG LIC S BAS;EXP MAIL SEC MS EXCH AV AS6.5 WIN50U XG LIC S BAS;;;;79;;
1;3;2094;1;262,5681;213,47;EXP MAIL SEC MS EXCH AV AS 6.5 WIN 10U XG S ESS;20969135;;EXP MAIL SEC MS EXCH AV AS 6.5 WIN 10U XG S ESS;EXP MAIL SEC MS EXCH AV AS 6.5 WIN 10U XG S ESS;EXP MAIL SEC MS EXCH AV AS 6.5 WIN 10U XG S ESS;EXP MAIL SEC MS EXCH AV AS 6.5 WIN 10U XG S ESS;;;;79;;
1;3;2094;1;624,471;507,7;EXP MAIL SEC MS EXCH AV AS6.5 WIN25U XG S ESS;20969136;;EXP MAIL SEC MS EXCH AV AS6.5 WIN25U XG S ESS;EXP MAIL SEC MS EXCH AV AS6.5 WIN25U XG S ESS;EXP MAIL SEC MS EXCH AV AS6.5 WIN25U XG S ESS;EXP MAIL SEC MS EXCH AV AS6.5 WIN25U XG S ESS;;;;79;;
1;3;2094;1;882,648;717,6;EXP MAIL SEC MS EXCH AV AS 6.5 WIN 25U LIC S BAS;20969137;;EXP MAIL SEC MS EXCH AV AS 6.5 WIN 25U LIC S BAS;EXP MAIL SEC MS EXCH AV AS 6.5 WIN 25U LIC S BAS;EXP MAIL SEC MS EXCH AV AS 6.5 WIN 25U LIC S BAS;EXP MAIL SEC MS EXCH AV AS 6.5 WIN 25U LIC S BAS;;;;79;;
1;3;2094;1;1150,911;935,7;EXP MAIL SEC MS EXCH AV AS6.5 WIN50U XG LIC S ESS;20969138;;EXP MAIL SEC MS EXCH AV AS6.5 WIN50U XG LIC S ESS;EXP MAIL SEC MS EXCH AV AS6.5 WIN50U XG LIC S ESS;EXP MAIL SEC MS EXCH AV AS6.5 WIN50U XG LIC S ESS;EXP MAIL SEC MS EXCH AV AS6.5 WIN50U XG LIC S ESS;;;;79;;
1;3;2094;1;1708,0641;1388,67;EXP MAIL SEC MS EXCH AV AS 6.5 WIN 50U LIC S ESS;20969139;;EXP MAIL SEC MS EXCH AV AS 6.5 WIN 50U LIC S ESS;EXP MAIL SEC MS EXCH AV AS 6.5 WIN 50U LIC S ESS;EXP MAIL SEC MS EXCH AV AS 6.5 WIN 50U LIC S ESS;EXP MAIL SEC MS EXCH AV AS 6.5 WIN 50U LIC S ESS;;;;79;;
1;3;2094;1;281,1165;228,55;EXP MAIL SEC MS EXCH AV AS 6.5 WIN 10U XG S BAS;20969140;;EXP MAIL SEC MS EXCH AV AS 6.5 WIN 10U XG S BAS;EXP MAIL SEC MS EXCH AV AS 6.5 WIN 10U XG S BAS;EXP MAIL SEC MS EXCH AV AS 6.5 WIN 10U XG S BAS;EXP MAIL SEC MS EXCH AV AS 6.5 WIN 10U XG S BAS;;;;79;;
1;3;2094;1;1626,7242;1322,54;EXP MAIL SEC MS EXCH AV AS 6.5 WIN 50U LIC S BAS;20969141;;EXP MAIL SEC MS EXCH AV AS 6.5 WIN 50U LIC S BAS;EXP MAIL SEC MS EXCH AV AS 6.5 WIN 50U LIC S BAS;EXP MAIL SEC MS EXCH AV AS 6.5 WIN 50U LIC S BAS;EXP MAIL SEC MS EXCH AV AS 6.5 WIN 50U LIC S BAS;;;;79;;
1;3;2094;1;926,7927;753,49;EXP MAIL SEC MS EXCH AV AS 6.5 WIN 25U LIC S ESS;20969142;;EXP MAIL SEC MS EXCH AV AS 6.5 WIN 25U LIC S ESS;EXP MAIL SEC MS EXCH AV AS 6.5 WIN 25U LIC S ESS;EXP MAIL SEC MS EXCH AV AS 6.5 WIN 25U LIC S ESS;EXP MAIL SEC MS EXCH AV AS 6.5 WIN 25U LIC S ESS;;;;79;;
1;3;2094;1;371,1033;301,71;EXP MAIL SEC MS EXCH AV AS 6.5 WIN 10U LIC S BAS;20969143;;EXP MAIL SEC MS EXCH AV AS 6.5 WIN 10U LIC S BAS;EXP MAIL SEC MS EXCH AV AS 6.5 WIN 10U LIC S BAS;EXP MAIL SEC MS EXCH AV AS 6.5 WIN 10U LIC S BAS;EXP MAIL SEC MS EXCH AV AS 6.5 WIN 10U LIC S BAS;;;;79;;
1;3;2094;1;529,6011;430,57;EXP MAIL SEC MS EXCH AV AS 6.5 WIN 25U ESS S;20969146;;EXP MAIL SEC MS EXCH AV AS 6.5 WIN 25U ESS S;EXP MAIL SEC MS EXCH AV AS 6.5 WIN 25U ESS S;EXP MAIL SEC MS EXCH AV AS 6.5 WIN 25U ESS S;EXP MAIL SEC MS EXCH AV AS 6.5 WIN 25U ESS S;;;;79;;
1;3;2094;1;485,4564;394,68;EXP MAIL SEC MS EXCH AV AS 6.5 WIN 25U BAS S;20969148;;EXP MAIL SEC MS EXCH AV AS 6.5 WIN 25U BAS S;EXP MAIL SEC MS EXCH AV AS 6.5 WIN 25U BAS S;EXP MAIL SEC MS EXCH AV AS 6.5 WIN 25U BAS S;EXP MAIL SEC MS EXCH AV AS 6.5 WIN 25U BAS S;;;;79;;
1;3;2094;1;222,6546;181,02;EXP MAIL SEC MS EXCH AV AS 6.5 WIN 10U ESS S;20969151;;EXP MAIL SEC MS EXCH AV AS 6.5 WIN 10U ESS S;EXP MAIL SEC MS EXCH AV AS 6.5 WIN 10U ESS S;EXP MAIL SEC MS EXCH AV AS 6.5 WIN 10U ESS S;EXP MAIL SEC MS EXCH AV AS 6.5 WIN 10U ESS S;;;;79;;
1;3;2094;1;976,0419;793,53;EXP MAIL SEC MS EXCH AV AS 6.5 WIN 50U ESS S;20969152;;EXP MAIL SEC MS EXCH AV AS 6.5 WIN 50U ESS S;EXP MAIL SEC MS EXCH AV AS 6.5 WIN 50U ESS S;EXP MAIL SEC MS EXCH AV AS 6.5 WIN 50U ESS S;EXP MAIL SEC MS EXCH AV AS 6.5 WIN 50U ESS S;;;;79;;
1;3;2094;1;204,1062;165,94;EXP MAIL SEC MS EXCH AV AS 6.5 WIN 10U BAS S;20969153;;EXP MAIL SEC MS EXCH AV AS 6.5 WIN 10U BAS S;EXP MAIL SEC MS EXCH AV AS 6.5 WIN 10U BAS S;EXP MAIL SEC MS EXCH AV AS 6.5 WIN 10U BAS S;EXP MAIL SEC MS EXCH AV AS 6.5 WIN 10U BAS S;;;;79;;
1;3;2094;1;894,702;727,4;EXP MAIL SEC MS EXCH AV AS 6.5 WIN 50U BAS S;20969154;;EXP MAIL SEC MS EXCH AV AS 6.5 WIN 50U BAS S;EXP MAIL SEC MS EXCH AV AS 6.5 WIN 50U BAS S;EXP MAIL SEC MS EXCH AV AS 6.5 WIN 50U BAS S;EXP MAIL SEC MS EXCH AV AS 6.5 WIN 50U BAS S;;;;79;;
1;3;2094;1;821,8983;668,21;EXP MAIL SEC F MS EXCH AV 6.5 WIN 50U C/U LIC S BAS;20969500;;EXP MAIL SEC F MS EXCH AV 6.5 WIN 50U C/U LIC S BAS;EXP MAIL SEC F MS EXCH AV 6.5 WIN 50U C/U LIC S BAS;EXP MAIL SEC F MS EXCH AV 6.5 WIN 50U C/U LIC S BAS;EXP MAIL SEC F MS EXCH AV 6.5 WIN 50U C/U LIC S BAS;;;;79;;
1;3;2094;1;210,6498;171,26;EXP MAIL SEC F MS EXCH AV 6.5 WIN 10U C/U LIC S ESS;20969501;;EXP MAIL SEC F MS EXCH AV 6.5 WIN 10U C/U LIC S ESS;EXP MAIL SEC F MS EXCH AV 6.5 WIN 10U C/U LIC S ESS;EXP MAIL SEC F MS EXCH AV 6.5 WIN 10U C/U LIC S ESS;EXP MAIL SEC F MS EXCH AV 6.5 WIN 10U C/U LIC S ESS;;;;79;;
1;3;2094;1;196,7508;159,96;EXP MAIL SEC F MS EXCH AV 6.5 WIN 10U C/U LIC S BAS;20969502;;EXP MAIL SEC F MS EXCH AV 6.5 WIN 10U C/U LIC S BAS;EXP MAIL SEC F MS EXCH AV 6.5 WIN 10U C/U LIC S BAS;EXP MAIL SEC F MS EXCH AV 6.5 WIN 10U C/U LIC S BAS;EXP MAIL SEC F MS EXCH AV 6.5 WIN 10U C/U LIC S BAS;;;;79;;
1;3;2094;1;879,9789;715,43;EXP MAIL SEC F MS EXCH AV 6.5 WIN 50U C/U LIC S ESS;20969503;;EXP MAIL SEC F MS EXCH AV 6.5 WIN 50U C/U LIC S ESS;EXP MAIL SEC F MS EXCH AV 6.5 WIN 50U C/U LIC S ESS;EXP MAIL SEC F MS EXCH AV 6.5 WIN 50U C/U LIC S ESS;EXP MAIL SEC F MS EXCH AV 6.5 WIN 50U C/U LIC S ESS;;;;79;;
1;3;2094;1;457,2402;371,74;EXP MAIL SEC F MS EXCH AV 6.5 WIN 25U C/U LIC S ESS;20969504;;EXP MAIL SEC F MS EXCH AV 6.5 WIN 25U C/U LIC S ESS;EXP MAIL SEC F MS EXCH AV 6.5 WIN 25U C/U LIC S ESS;EXP MAIL SEC F MS EXCH AV 6.5 WIN 25U C/U LIC S ESS;EXP MAIL SEC F MS EXCH AV 6.5 WIN 25U C/U LIC S ESS;;;;79;;
1;3;2094;1;427,0683;347,21;EXP MAIL SEC F MS EXCH AV 6.5 WIN 25U C/U LIC S BAS;20969505;;EXP MAIL SEC F MS EXCH AV 6.5 WIN 25U C/U LIC S BAS;EXP MAIL SEC F MS EXCH AV 6.5 WIN 25U C/U LIC S BAS;EXP MAIL SEC F MS EXCH AV 6.5 WIN 25U C/U LIC S BAS;EXP MAIL SEC F MS EXCH AV 6.5 WIN 25U C/U LIC S BAS;;;;79;;
1;3;2094;1;624,471;507,7;EXP MAIL SEC MS EXCH AV AS6.5WIN25U C/U LIC S BAS;20969520;;EXP MAIL SEC MS EXCH AV AS6.5WIN25U C/U LIC S BAS;EXP MAIL SEC MS EXCH AV AS6.5WIN25U C/U LIC S BAS;EXP MAIL SEC MS EXCH AV AS6.5WIN25U C/U LIC S BAS;EXP MAIL SEC MS EXCH AV AS6.5WIN25U C/U LIC S BAS;;;;79;;
1;3;2094;1;1150,911;935,7;EXP MAIL SEC MS EXCH AV AS6.5WIN50U C/U LIC S BAS;20969521;;EXP MAIL SEC MS EXCH AV AS6.5WIN50U C/U LIC S BAS;EXP MAIL SEC MS EXCH AV AS6.5WIN50U C/U LIC S BAS;EXP MAIL SEC MS EXCH AV AS6.5WIN50U C/U LIC S BAS;EXP MAIL SEC MS EXCH AV AS6.5WIN50U C/U LIC S BAS;;;;79;;
1;3;2094;1;281,1165;228,55;EXP MAIL SEC MS EXCH AV AS6.5WIN10U C/U LIC S ESS;20969522;;EXP MAIL SEC MS EXCH AV AS6.5WIN10U C/U LIC S ESS;EXP MAIL SEC MS EXCH AV AS6.5WIN10U C/U LIC S ESS;EXP MAIL SEC MS EXCH AV AS6.5WIN10U C/U LIC S ESS;EXP MAIL SEC MS EXCH AV AS6.5WIN10U C/U LIC S ESS;;;;79;;
1;3;2094;1;262,5681;213,47;EXP MAIL SEC MS EXCH AV AS6.5WIN10U C/U LIC S BAS;20969523;;EXP MAIL SEC MS EXCH AV AS6.5WIN10U C/U LIC S BAS;EXP MAIL SEC MS EXCH AV AS6.5WIN10U C/U LIC S BAS;EXP MAIL SEC MS EXCH AV AS6.5WIN10U C/U LIC S BAS;EXP MAIL SEC MS EXCH AV AS6.5WIN10U C/U LIC S BAS;;;;79;;
1;3;2094;1;669,5505;544,35;EXP MAIL SEC MS EXCH AV AS6.5WIN25U C/U LIC S ESS;20969524;;EXP MAIL SEC MS EXCH AV AS6.5WIN25U C/U LIC S ESS;EXP MAIL SEC MS EXCH AV AS6.5WIN25U C/U LIC S ESS;EXP MAIL SEC MS EXCH AV AS6.5WIN25U C/U LIC S ESS;EXP MAIL SEC MS EXCH AV AS6.5WIN25U C/U LIC S ESS;;;;79;;
1;3;2094;1;1232,2509;1001,83;EXP MAIL SEC MS EXCH AV AS6.5WIN50U C/U LIC S ESS;20969525;;EXP MAIL SEC MS EXCH AV AS6.5WIN50U C/U LIC S ESS;EXP MAIL SEC MS EXCH AV AS6.5WIN50U C/U LIC S ESS;EXP MAIL SEC MS EXCH AV AS6.5WIN50U C/U LIC S ESS;EXP MAIL SEC MS EXCH AV AS6.5WIN50U C/U LIC S ESS;;;;79;;
1;3;2094;1;46,0266;37,42;OPSCENTER 7.0 XPLAT EN DVD MEDIA;20970622;;OPSCENTER 7.0 XPLAT EN DVD MEDIA;OPSCENTER 7.0 XPLAT EN DVD MEDIA;OPSCENTER 7.0 XPLAT EN DVD MEDIA;OPSCENTER 7.0 XPLAT EN DVD MEDIA;;;;79;;
1;3;2094;1;46275,675;37622,5;SYMC FILESTORE N8300 CLUSTER ENGINE NAS-D0224096S (TWO NODES/220V AC/24 SLOT/96MAX HDD/SAS SATA/UPS CACHE/HS SAS IN-BAND MGNT SW/HS SAS CONTROL SW);20970920;;SYMC FILESTORE N8300 CLUSTER ENGINE NAS-D0224096S (TWO NODES/220V AC/24 SLOT/96MAX HDD/SAS SATA/UPS CACHE/HS SAS IN-BAND MGNT SW/HS SAS CONTROL SW);SYMC FILESTORE N8300 CLUSTER ENGINE NAS-D0224096S (TWO NODES/220V AC/24 SLOT/96MAX HDD/SAS SATA/UPS CACHE/HS SAS IN-BAND MGNT SW/HS SAS CONTROL SW);SYMC FILESTORE N8300 CLUSTER ENGINE NAS-D0224096S (TWO NODES/220V AC/24 SLOT/96MAX HDD/SAS SATA/UPS CACHE/HS SAS IN-BAND MGNT SW/HS SAS CONTROL SW);SYMC FILESTORE N8300 CLUSTER ENGINE NAS-D0224096S (TWO NODES/220V AC/24 SLOT/96MAX HDD/SAS SATA/UPS CACHE/HS SAS IN-BAND MGNT SW/HS SAS CONTROL SW);;;;79;;
1;3;2094;1;112113,3069;91149,03;SYMC FILESTORE N8300 CLUSTER ENGINE NAS-D0224240F (TWO NODES/220V AC/STANDARD 24SLOT/96-240 HDDS/FC/SATA WITH UPS CACHE PROTECTED MODULE WITH HS FC IN-BAND MAN;20970921;;SYMC FILESTORE N8300 CLUSTER ENGINE NAS-D0224240F (TWO NODES/220V AC/STANDARD 24SLOT/96-240 HDDS/FC/SATA WITH UPS CACHE PROTECTED MODULE WITH HS FC IN-BAND MAN;SYMC FILESTORE N8300 CLUSTER ENGINE NAS-D0224240F (TWO NODES/220V AC/STANDARD 24SLOT/96-240 HDDS/FC/SATA WITH UPS CACHE PROTECTED MODULE WITH HS FC IN-BAND MAN;SYMC FILESTORE N8300 CLUSTER ENGINE NAS-D0224240F (TWO NODES/220V AC/STANDARD 24SLOT/96-240 HDDS/FC/SATA WITH UPS CACHE PROTECTED MODULE WITH HS FC IN-BAND MAN;SYMC FILESTORE N8300 CLUSTER ENGINE NAS-D0224240F (TWO NODES/220V AC/STANDARD 24SLOT/96-240 HDDS/FC/SATA WITH UPS CACHE PROTECTED MODULE WITH HS FC IN-BAND MAN;;;;79;;
1;3;2094;1;144516,5499;117493,13;SYMC FILESTORE N8300 CLUSTER ENGINE NAS-S0248480F (TWO NODES/220V AC/STANDARD 48SLOT/MAXIMUM 480 HDDS/FC/SATA WITH UPS CACHE PROTECTED MODULE WITH HS FC IN-BAN;20970922;;SYMC FILESTORE N8300 CLUSTER ENGINE NAS-S0248480F (TWO NODES/220V AC/STANDARD 48SLOT/MAXIMUM 480 HDDS/FC/SATA WITH UPS CACHE PROTECTED MODULE WITH HS FC IN-BAN;SYMC FILESTORE N8300 CLUSTER ENGINE NAS-S0248480F (TWO NODES/220V AC/STANDARD 48SLOT/MAXIMUM 480 HDDS/FC/SATA WITH UPS CACHE PROTECTED MODULE WITH HS FC IN-BAN;SYMC FILESTORE N8300 CLUSTER ENGINE NAS-S0248480F (TWO NODES/220V AC/STANDARD 48SLOT/MAXIMUM 480 HDDS/FC/SATA WITH UPS CACHE PROTECTED MODULE WITH HS FC IN-BAN;SYMC FILESTORE N8300 CLUSTER ENGINE NAS-S0248480F (TWO NODES/220V AC/STANDARD 48SLOT/MAXIMUM 480 HDDS/FC/SATA WITH UPS CACHE PROTECTED MODULE WITH HS FC IN-BAN;;;;79;;
1;3;2094;1;196,7508;159,96;EXP MAIL SEC F MS EXCH AV 6.5 WIN 10U V/U LIC S BAS;20971260;;EXP MAIL SEC F MS EXCH AV 6.5 WIN 10U V/U LIC S BAS;EXP MAIL SEC F MS EXCH AV 6.5 WIN 10U V/U LIC S BAS;EXP MAIL SEC F MS EXCH AV 6.5 WIN 10U V/U LIC S BAS;EXP MAIL SEC F MS EXCH AV 6.5 WIN 10U V/U LIC S BAS;;;;79;;
1;3;2094;1;879,9789;715,43;EXP MAIL SEC F MS EXCH AV 6.5 WIN 50U V/U LIC S ESS;20971261;;EXP MAIL SEC F MS EXCH AV 6.5 WIN 50U V/U LIC S ESS;EXP MAIL SEC F MS EXCH AV 6.5 WIN 50U V/U LIC S ESS;EXP MAIL SEC F MS EXCH AV 6.5 WIN 50U V/U LIC S ESS;EXP MAIL SEC F MS EXCH AV 6.5 WIN 50U V/U LIC S ESS;;;;79;;
1;3;2094;1;210,6498;171,26;EXP MAIL SEC F MS EXCH AV 6.5 WIN 10U V/U LIC S ESS;20971262;;EXP MAIL SEC F MS EXCH AV 6.5 WIN 10U V/U LIC S ESS;EXP MAIL SEC F MS EXCH AV 6.5 WIN 10U V/U LIC S ESS;EXP MAIL SEC F MS EXCH AV 6.5 WIN 10U V/U LIC S ESS;EXP MAIL SEC F MS EXCH AV 6.5 WIN 10U V/U LIC S ESS;;;;79;;
1;3;2094;1;427,0683;347,21;EXP MAIL SEC F MS EXCH AV 6.5 WIN 25U V/U LIC S BAS;20971263;;EXP MAIL SEC F MS EXCH AV 6.5 WIN 25U V/U LIC S BAS;EXP MAIL SEC F MS EXCH AV 6.5 WIN 25U V/U LIC S BAS;EXP MAIL SEC F MS EXCH AV 6.5 WIN 25U V/U LIC S BAS;EXP MAIL SEC F MS EXCH AV 6.5 WIN 25U V/U LIC S BAS;;;;79;;
1;3;2094;1;821,8983;668,21;EXP MAIL SEC F MS EXCH AV 6.5 WIN 50U V/U LIC S BAS;20971264;;EXP MAIL SEC F MS EXCH AV 6.5 WIN 50U V/U LIC S BAS;EXP MAIL SEC F MS EXCH AV 6.5 WIN 50U V/U LIC S BAS;EXP MAIL SEC F MS EXCH AV 6.5 WIN 50U V/U LIC S BAS;EXP MAIL SEC F MS EXCH AV 6.5 WIN 50U V/U LIC S BAS;;;;79;;
1;3;2094;1;457,2402;371,74;EXP MAIL SEC F MS EXCH AV 6.5 WIN 25U V/U LIC S ESS;20971265;;EXP MAIL SEC F MS EXCH AV 6.5 WIN 25U V/U LIC S ESS;EXP MAIL SEC F MS EXCH AV 6.5 WIN 25U V/U LIC S ESS;EXP MAIL SEC F MS EXCH AV 6.5 WIN 25U V/U LIC S ESS;EXP MAIL SEC F MS EXCH AV 6.5 WIN 25U V/U LIC S ESS;;;;79;;
1;3;2094;1;1913,511;1555,7;BE 2010 VMWARE STE BDL BP BAS;20971320;;BE 2010 VMWARE STE BDL BP BAS;BE 2010 VMWARE STE BDL BP BAS;BE 2010 VMWARE STE BDL BP BAS;BE 2010 VMWARE STE BDL BP BAS;;;;79;;
1;3;2094;1;1994,5803;1621,61;BE 2010 VMWARE STE BDL BP ESS;20971321;;BE 2010 VMWARE STE BDL BP ESS;BE 2010 VMWARE STE BDL BP ESS;BE 2010 VMWARE STE BDL BP ESS;BE 2010 VMWARE STE BDL BP ESS;;;;79;;
1;3;2094;1;3294,2967;2678,29;BE 2010 DEDUPLICATION & ARCHIVING STE BDL BP ESS;20971322;;BE 2010 DEDUPLICATION & ARCHIVING STE BDL BP ESS;BE 2010 DEDUPLICATION & ARCHIVING STE BDL BP ESS;BE 2010 DEDUPLICATION & ARCHIVING STE BDL BP ESS;BE 2010 DEDUPLICATION & ARCHIVING STE BDL BP ESS;;;;79;;
1;3;2094;1;1913,511;1555,7;BE2010 MICRSFT HYP-V STE BNDL BP BAS;20971325;;BE2010 MICRSFT HYP-V STE BNDL BP BAS;BE2010 MICRSFT HYP-V STE BNDL BP BAS;BE2010 MICRSFT HYP-V STE BNDL BP BAS;BE2010 MICRSFT HYP-V STE BNDL BP BAS;;;;79;;
1;3;2094;1;1994,5803;1621,61;BE2010 MICRSFT HYP-V STE BNDL BP ESS;20971326;;BE2010 MICRSFT HYP-V STE BNDL BP ESS;BE2010 MICRSFT HYP-V STE BNDL BP ESS;BE2010 MICRSFT HYP-V STE BNDL BP ESS;BE2010 MICRSFT HYP-V STE BNDL BP ESS;;;;79;;
1;3;2094;1;2201,2326;1789,62;BE 2010 DEDUPLICATION STE BDL BP BAS;20971328;;BE 2010 DEDUPLICATION STE BDL BP BAS;BE 2010 DEDUPLICATION STE BDL BP BAS;BE 2010 DEDUPLICATION STE BDL BP BAS;BE 2010 DEDUPLICATION STE BDL BP BAS;;;;79;;
1;3;2094;1;3160,3866;2569,42;BE 2010 DEDUPLICATION & ARCHIVING STE BDL BP BAS;20971330;;BE 2010 DEDUPLICATION & ARCHIVING STE BDL BP BAS;BE 2010 DEDUPLICATION & ARCHIVING STE BDL BP BAS;BE 2010 DEDUPLICATION & ARCHIVING STE BDL BP BAS;BE 2010 DEDUPLICATION & ARCHIVING STE BDL BP BAS;;;;79;;
1;3;2094;1;2294,5158;1865,46;BE 2010 DEDUPLICATION STE BDL BP ESS;20971331;;BE 2010 DEDUPLICATION STE BDL BP ESS;BE 2010 DEDUPLICATION STE BDL BP ESS;BE 2010 DEDUPLICATION STE BDL BP ESS;BE 2010 DEDUPLICATION STE BDL BP ESS;;;;79;;
1;3;2094;1;121,0566;98,42;SYMC BACKUP EXEC BAND B ESSENTIAL 1MO;20971340;;SYMC BACKUP EXEC BAND B ESSENTIAL 1MO;SYMC BACKUP EXEC BAND B ESSENTIAL 1MO;SYMC BACKUP EXEC BAND B ESSENTIAL 1MO;SYMC BACKUP EXEC BAND B ESSENTIAL 1MO;;;;79;;
1;3;2094;1;1490,0343;1211,41;AE 2010 DEDUP ARCHIVING WIN 2ND SUB LIC D ESS;20971343;;AE 2010 DEDUP ARCHIVING WIN 2ND SUB LIC D ESS;AE 2010 DEDUP ARCHIVING WIN 2ND SUB LIC D ESS;AE 2010 DEDUP ARCHIVING WIN 2ND SUB LIC D ESS;AE 2010 DEDUP ARCHIVING WIN 2ND SUB LIC D ESS;;;;79;;
1;3;2094;1;1402,3968;1140,16;AE 2010 DEDUP ARCHIVING WIN 2ND SUB LIC E ESS;20971344;;AE 2010 DEDUP ARCHIVING WIN 2ND SUB LIC E ESS;AE 2010 DEDUP ARCHIVING WIN 2ND SUB LIC E ESS;AE 2010 DEDUP ARCHIVING WIN 2ND SUB LIC E ESS;AE 2010 DEDUP ARCHIVING WIN 2ND SUB LIC E ESS;;;;79;;
1;3;2094;1;142,6062;115,94;BE 2010 DEDUPLICAT STE WIN I/O SUB XSP A ESS 1MO;20971346;;BE 2010 DEDUPLICAT STE WIN I/O SUB XSP A ESS 1MO;BE 2010 DEDUPLICAT STE WIN I/O SUB XSP A ESS 1MO;BE 2010 DEDUPLICAT STE WIN I/O SUB XSP A ESS 1MO;BE 2010 DEDUPLICAT STE WIN I/O SUB XSP A ESS 1MO;;;;79;;
1;3;2094;1;1220,9595;992,65;AE 2010 DEDUP STE WIN SVR SECONDARY SUB LIC A ESS;20971348;;AE 2010 DEDUP STE WIN SVR SECONDARY SUB LIC A ESS;AE 2010 DEDUP STE WIN SVR SECONDARY SUB LIC A ESS;AE 2010 DEDUP STE WIN SVR SECONDARY SUB LIC A ESS;AE 2010 DEDUP STE WIN SVR SECONDARY SUB LIC A ESS;;;;79;;
1;3;2094;1;1159,9269;943,03;AE 2010 DEDUP STE WIN SVR SECONDARY SUB LIC B ESS;20971349;;AE 2010 DEDUP STE WIN SVR SECONDARY SUB LIC B ESS;AE 2010 DEDUP STE WIN SVR SECONDARY SUB LIC B ESS;AE 2010 DEDUP STE WIN SVR SECONDARY SUB LIC B ESS;AE 2010 DEDUP STE WIN SVR SECONDARY SUB LIC B ESS;;;;79;;
1;3;2094;1;1098,8574;893,38;AE 2010 DEDUP STE WIN SVR SECONDARY SUB LIC C ESS;20971350;;AE 2010 DEDUP STE WIN SVR SECONDARY SUB LIC C ESS;AE 2010 DEDUP STE WIN SVR SECONDARY SUB LIC C ESS;AE 2010 DEDUP STE WIN SVR SECONDARY SUB LIC C ESS;AE 2010 DEDUP STE WIN SVR SECONDARY SUB LIC C ESS;;;;79;;
1;3;2094;1;199,9488;162,56;SYMC BACKUP EXEC BAND B ESSENTIAL 1MO;20971352;;SYMC BACKUP EXEC BAND B ESSENTIAL 1MO;SYMC BACKUP EXEC BAND B ESSENTIAL 1MO;SYMC BACKUP EXEC BAND B ESSENTIAL 1MO;SYMC BACKUP EXEC BAND B ESSENTIAL 1MO;;;;79;;
1;3;2094;1;139,2729;113,23;SYMC BACKUP EXEC BAND B ESSENTIAL 1MO;20971354;;SYMC BACKUP EXEC BAND B ESSENTIAL 1MO;SYMC BACKUP EXEC BAND B ESSENTIAL 1MO;SYMC BACKUP EXEC BAND B ESSENTIAL 1MO;SYMC BACKUP EXEC BAND B ESSENTIAL 1MO;;;;79;;
1;3;2094;1;1037,8125;843,75;AE 2010 DEDUP STE WIN SVR SECONDARY SUB LIC D ESS;20971355;;AE 2010 DEDUP STE WIN SVR SECONDARY SUB LIC D ESS;AE 2010 DEDUP STE WIN SVR SECONDARY SUB LIC D ESS;AE 2010 DEDUP STE WIN SVR SECONDARY SUB LIC D ESS;AE 2010 DEDUP STE WIN SVR SECONDARY SUB LIC D ESS;;;;79;;
1;3;2094;1;191,4987;155,69;SYMC BACKUP EXEC BAND C ESSENTIAL 1MO;20971357;;SYMC BACKUP EXEC BAND C ESSENTIAL 1MO;SYMC BACKUP EXEC BAND C ESSENTIAL 1MO;SYMC BACKUP EXEC BAND C ESSENTIAL 1MO;SYMC BACKUP EXEC BAND C ESSENTIAL 1MO;;;;79;;
1;3;2094;1;1752,9714;1425,18;AE 2010 DEDUP ARCHIVING WIN 2ND SUB LIC A ESS;20971358;;AE 2010 DEDUP ARCHIVING WIN 2ND SUB LIC A ESS;AE 2010 DEDUP ARCHIVING WIN 2ND SUB LIC A ESS;AE 2010 DEDUP ARCHIVING WIN 2ND SUB LIC A ESS;AE 2010 DEDUP ARCHIVING WIN 2ND SUB LIC A ESS;;;;79;;
1;3;2094;1;1665,3339;1353,93;AE 2010 DEDUP ARCHIVING WIN 2ND SUB LIC B ESS;20971359;;AE 2010 DEDUP ARCHIVING WIN 2ND SUB LIC B ESS;AE 2010 DEDUP ARCHIVING WIN 2ND SUB LIC B ESS;AE 2010 DEDUP ARCHIVING WIN 2ND SUB LIC B ESS;AE 2010 DEDUP ARCHIVING WIN 2ND SUB LIC B ESS;;;;79;;
1;3;2094;1;133,3812;108,44;SYMC BACKUP EXEC BAND C ESSENTIAL 1MO;20971361;;SYMC BACKUP EXEC BAND C ESSENTIAL 1MO;SYMC BACKUP EXEC BAND C ESSENTIAL 1MO;SYMC BACKUP EXEC BAND C ESSENTIAL 1MO;SYMC BACKUP EXEC BAND C ESSENTIAL 1MO;;;;79;;
1;3;2094;1;976,7799;794,13;AE 2010 DEDUP STE WIN SVR SECONDARY SUB LIC E ESS;20971362;;AE 2010 DEDUP STE WIN SVR SECONDARY SUB LIC E ESS;AE 2010 DEDUP STE WIN SVR SECONDARY SUB LIC E ESS;AE 2010 DEDUP STE WIN SVR SECONDARY SUB LIC E ESS;AE 2010 DEDUP STE WIN SVR SECONDARY SUB LIC E ESS;;;;79;;
1;3;2094;1;204,7335;166,45;BE 2010 DEDUPLICAT ARCHIV WIN I/O SUB XSP A ESS 1MO;20971367;;BE 2010 DEDUPLICAT ARCHIV WIN I/O SUB XSP A ESS 1MO;BE 2010 DEDUPLICAT ARCHIV WIN I/O SUB XSP A ESS 1MO;BE 2010 DEDUPLICAT ARCHIV WIN I/O SUB XSP A ESS 1MO;BE 2010 DEDUPLICAT ARCHIV WIN I/O SUB XSP A ESS 1MO;;;;79;;
1;3;2094;1;180,2442;146,54;SYMC BACKUP EXEC BAND D ESSENTIAL 1MO;20971368;;SYMC BACKUP EXEC BAND D ESSENTIAL 1MO;SYMC BACKUP EXEC BAND D ESSENTIAL 1MO;SYMC BACKUP EXEC BAND D ESSENTIAL 1MO;SYMC BACKUP EXEC BAND D ESSENTIAL 1MO;;;;79;;
1;3;2094;1;109,1256;88,72;SYMC BACKUP EXEC BAND D ESSENTIAL 1MO;20971370;;SYMC BACKUP EXEC BAND D ESSENTIAL 1MO;SYMC BACKUP EXEC BAND D ESSENTIAL 1MO;SYMC BACKUP EXEC BAND D ESSENTIAL 1MO;SYMC BACKUP EXEC BAND D ESSENTIAL 1MO;;;;79;;
1;3;2094;1;115,9644;94,28;SYMC BACKUP EXEC BAND C ESSENTIAL 1MO;20971371;;SYMC BACKUP EXEC BAND C ESSENTIAL 1MO;SYMC BACKUP EXEC BAND C ESSENTIAL 1MO;SYMC BACKUP EXEC BAND C ESSENTIAL 1MO;SYMC BACKUP EXEC BAND C ESSENTIAL 1MO;;;;79;;
1;3;2094;1;109,1256;88,72;SYMC BACKUP EXEC BAND D ESSENTIAL 1MO;20971373;;SYMC BACKUP EXEC BAND D ESSENTIAL 1MO;SYMC BACKUP EXEC BAND D ESSENTIAL 1MO;SYMC BACKUP EXEC BAND D ESSENTIAL 1MO;SYMC BACKUP EXEC BAND D ESSENTIAL 1MO;;;;79;;
1;3;2094;1;115,9644;94,28;SYMC BACKUP EXEC BAND C ESSENTIAL 1MO;20971374;;SYMC BACKUP EXEC BAND C ESSENTIAL 1MO;SYMC BACKUP EXEC BAND C ESSENTIAL 1MO;SYMC BACKUP EXEC BAND C ESSENTIAL 1MO;SYMC BACKUP EXEC BAND C ESSENTIAL 1MO;;;;79;;
1;3;2094;1;1061,3547;862,89;AE 2010 VMWARE STE WIN P HOST 2ND SUB LIC A ESS;20971375;;AE 2010 VMWARE STE WIN P HOST 2ND SUB LIC A ESS;AE 2010 VMWARE STE WIN P HOST 2ND SUB LIC A ESS;AE 2010 VMWARE STE WIN P HOST 2ND SUB LIC A ESS;AE 2010 VMWARE STE WIN P HOST 2ND SUB LIC A ESS;;;;79;;
1;3;2094;1;1008,2925;819,75;AE 2010 VMWARE STE WIN P HOST 2ND SUB LIC A ESS;20971376;;AE 2010 VMWARE STE WIN P HOST 2ND SUB LIC A ESS;AE 2010 VMWARE STE WIN P HOST 2ND SUB LIC A ESS;AE 2010 VMWARE STE WIN P HOST 2ND SUB LIC A ESS;AE 2010 VMWARE STE WIN P HOST 2ND SUB LIC A ESS;;;;79;;
1;3;2094;1;955,2426;776,62;AE 2010 MS HYPER-V WIN P HOST 2ND SUB LIC C ESS;20971377;;AE 2010 MS HYPER-V WIN P HOST 2ND SUB LIC C ESS;AE 2010 MS HYPER-V WIN P HOST 2ND SUB LIC C ESS;AE 2010 MS HYPER-V WIN P HOST 2ND SUB LIC C ESS;AE 2010 MS HYPER-V WIN P HOST 2ND SUB LIC C ESS;;;;79;;
1;3;2094;1;902,1558;733,46;AE 2010 MS HYPER-V WIN P HOST 2ND SUB LIC D ESS;20971378;;AE 2010 MS HYPER-V WIN P HOST 2ND SUB LIC D ESS;AE 2010 MS HYPER-V WIN P HOST 2ND SUB LIC D ESS;AE 2010 MS HYPER-V WIN P HOST 2ND SUB LIC D ESS;AE 2010 MS HYPER-V WIN P HOST 2ND SUB LIC D ESS;;;;79;;
1;3;2094;1;849,0936;690,32;AE 2010 VMWARE STE WIN P HOST 2ND SUB LIC A ESS;20971379;;AE 2010 VMWARE STE WIN P HOST 2ND SUB LIC A ESS;AE 2010 VMWARE STE WIN P HOST 2ND SUB LIC A ESS;AE 2010 VMWARE STE WIN P HOST 2ND SUB LIC A ESS;AE 2010 VMWARE STE WIN P HOST 2ND SUB LIC A ESS;;;;79;;
1;3;2094;1;125,5338;102,06;SYMC BACKUP EXEC BAND D ESSENTIAL 1MO;20971381;;SYMC BACKUP EXEC BAND D ESSENTIAL 1MO;SYMC BACKUP EXEC BAND D ESSENTIAL 1MO;SYMC BACKUP EXEC BAND D ESSENTIAL 1MO;SYMC BACKUP EXEC BAND D ESSENTIAL 1MO;;;;79;;
1;3;2094;1;123,9471;100,77;BE 2010 VMWARE STE WIN P HOST I/O SUB XSP A ESS1MO;20971382;;BE 2010 VMWARE STE WIN P HOST I/O SUB XSP A ESS1MO;BE 2010 VMWARE STE WIN P HOST I/O SUB XSP A ESS1MO;BE 2010 VMWARE STE WIN P HOST I/O SUB XSP A ESS1MO;BE 2010 VMWARE STE WIN P HOST I/O SUB XSP A ESS1MO;;;;79;;
1;3;2094;1;121,0566;98,42;SYMC BACKUP EXEC BAND B ESSENTIAL 1MO;20971383;;SYMC BACKUP EXEC BAND B ESSENTIAL 1MO;SYMC BACKUP EXEC BAND B ESSENTIAL 1MO;SYMC BACKUP EXEC BAND B ESSENTIAL 1MO;SYMC BACKUP EXEC BAND B ESSENTIAL 1MO;;;;79;;
1;3;2094;1;109,1256;88,72;SYMC BACKUP EXEC BAND E ESSENTIAL 1MO;20971387;;SYMC BACKUP EXEC BAND E ESSENTIAL 1MO;SYMC BACKUP EXEC BAND E ESSENTIAL 1MO;SYMC BACKUP EXEC BAND E ESSENTIAL 1MO;SYMC BACKUP EXEC BAND E ESSENTIAL 1MO;;;;79;;
1;3;2094;1;1061,3547;862,89;AE 2010 MS HYPER-V WIN P HOST 2ND SUB LIC A ESS;20971388;;AE 2010 MS HYPER-V WIN P HOST 2ND SUB LIC A ESS;AE 2010 MS HYPER-V WIN P HOST 2ND SUB LIC A ESS;AE 2010 MS HYPER-V WIN P HOST 2ND SUB LIC A ESS;AE 2010 MS HYPER-V WIN P HOST 2ND SUB LIC A ESS;;;;79;;
1;3;2094;1;955,2426;776,62;AE 2010 VMWARE STE WIN P HOST 2ND SUB LIC A ESS;20971389;;AE 2010 VMWARE STE WIN P HOST 2ND SUB LIC A ESS;AE 2010 VMWARE STE WIN P HOST 2ND SUB LIC A ESS;AE 2010 VMWARE STE WIN P HOST 2ND SUB LIC A ESS;AE 2010 VMWARE STE WIN P HOST 2ND SUB LIC A ESS;;;;79;;
1;3;2094;1;849,0936;690,32;AE 2010 MS HYPER-V WIN P HOST 2ND SUB LIC E ESS;20971390;;AE 2010 MS HYPER-V WIN P HOST 2ND SUB LIC E ESS;AE 2010 MS HYPER-V WIN P HOST 2ND SUB LIC E ESS;AE 2010 MS HYPER-V WIN P HOST 2ND SUB LIC E ESS;AE 2010 MS HYPER-V WIN P HOST 2ND SUB LIC E ESS;;;;79;;
1;3;2094;1;123,9471;100,77;BE 2010 MSFT HYPER-V WIN HOST I/O SUB XSP A ESS1MO;20971391;;BE 2010 MSFT HYPER-V WIN HOST I/O SUB XSP A ESS1MO;BE 2010 MSFT HYPER-V WIN HOST I/O SUB XSP A ESS1MO;BE 2010 MSFT HYPER-V WIN HOST I/O SUB XSP A ESS1MO;BE 2010 MSFT HYPER-V WIN HOST I/O SUB XSP A ESS1MO;;;;79;;
1;3;2094;1;180,2442;146,54;SYMC BACKUP EXEC BAND E ESSENTIAL 1MO;20971392;;SYMC BACKUP EXEC BAND E ESSENTIAL 1MO;SYMC BACKUP EXEC BAND E ESSENTIAL 1MO;SYMC BACKUP EXEC BAND E ESSENTIAL 1MO;SYMC BACKUP EXEC BAND E ESSENTIAL 1MO;;;;79;;
1;3;2094;1;125,5338;102,06;SYMC BACKUP EXEC BAND E ESSENTIAL 1MO;20971394;;SYMC BACKUP EXEC BAND E ESSENTIAL 1MO;SYMC BACKUP EXEC BAND E ESSENTIAL 1MO;SYMC BACKUP EXEC BAND E ESSENTIAL 1MO;SYMC BACKUP EXEC BAND E ESSENTIAL 1MO;;;;79;;
1;3;2094;1;1577,6718;1282,66;AE 2010 DEDUP ARCHIVING WIN 2ND SUB LIC C ESS;20971395;;AE 2010 DEDUP ARCHIVING WIN 2ND SUB LIC C ESS;AE 2010 DEDUP ARCHIVING WIN 2ND SUB LIC C ESS;AE 2010 DEDUP ARCHIVING WIN 2ND SUB LIC C ESS;AE 2010 DEDUP ARCHIVING WIN 2ND SUB LIC C ESS;;;;79;;
1;3;2094;1;109,1256;88,72;SYMC BACKUP EXEC BAND E ESSENTIAL 1MO;20971396;;SYMC BACKUP EXEC BAND E ESSENTIAL 1MO;SYMC BACKUP EXEC BAND E ESSENTIAL 1MO;SYMC BACKUP EXEC BAND E ESSENTIAL 1MO;SYMC BACKUP EXEC BAND E ESSENTIAL 1MO;;;;79;;
1;3;2094;1;1008,2925;819,75;AE 2010 MS HYPER-V WIN P HOST 2ND SUB LIC B ESS;20971397;;AE 2010 MS HYPER-V WIN P HOST 2ND SUB LIC B ESS;AE 2010 MS HYPER-V WIN P HOST 2ND SUB LIC B ESS;AE 2010 MS HYPER-V WIN P HOST 2ND SUB LIC B ESS;AE 2010 MS HYPER-V WIN P HOST 2ND SUB LIC B ESS;;;;79;;
1;3;2094;1;902,1558;733,46;AE 2010 VMWARE STE WIN P HOST 2ND SUB LIC A ESS;20971398;;AE 2010 VMWARE STE WIN P HOST 2ND SUB LIC A ESS;AE 2010 VMWARE STE WIN P HOST 2ND SUB LIC A ESS;AE 2010 VMWARE STE WIN P HOST 2ND SUB LIC A ESS;AE 2010 VMWARE STE WIN P HOST 2ND SUB LIC A ESS;;;;79;;
1;3;2094;1;#ARG!;E-mail;BE 2010 DEDUPLICAT STE WIN BDL LIC XSP ESS 36MO;20971561;;BE 2010 DEDUPLICAT STE WIN BDL LIC XSP ESS 36MO;BE 2010 DEDUPLICAT STE WIN BDL LIC XSP ESS 36MO;BE 2010 DEDUPLICAT STE WIN BDL LIC XSP ESS 36MO;BE 2010 DEDUPLICAT STE WIN BDL LIC XSP ESS 36MO;;;;79;;
1;3;2094;1;#ARG!;E-mail;BE 2010 VMWARE STE WIN P HOST BDL LIC XSP ESS 36MO;20971562;;BE 2010 VMWARE STE WIN P HOST BDL LIC XSP ESS 36MO;BE 2010 VMWARE STE WIN P HOST BDL LIC XSP ESS 36MO;BE 2010 VMWARE STE WIN P HOST BDL LIC XSP ESS 36MO;BE 2010 VMWARE STE WIN P HOST BDL LIC XSP ESS 36MO;;;;79;;
1;3;2094;1;#ARG!;E-mail;BE 2010 DEDUPLICATION ARCHIV WIN LIC XSP ESS36M;20971566;;BE 2010 DEDUPLICATION ARCHIV WIN LIC XSP ESS36M;BE 2010 DEDUPLICATION ARCHIV WIN LIC XSP ESS36M;BE 2010 DEDUPLICATION ARCHIV WIN LIC XSP ESS36M;BE 2010 DEDUPLICATION ARCHIV WIN LIC XSP ESS36M;;;;79;;
1;3;2094;1;#ARG!;E-mail;BE 2010 MSFT HYPER-V STE WIN HOST LIC XSP ESS 36MO;20971567;;BE 2010 MSFT HYPER-V STE WIN HOST LIC XSP ESS 36MO;BE 2010 MSFT HYPER-V STE WIN HOST LIC XSP ESS 36MO;BE 2010 MSFT HYPER-V STE WIN HOST LIC XSP ESS 36MO;BE 2010 MSFT HYPER-V STE WIN HOST LIC XSP ESS 36MO;;;;79;;
1;3;2094;1;40,8237;33,19;MEDIA PK BRIGHTMAIL GATEWAY 9.0;20972300;;MEDIA PK BRIGHTMAIL GATEWAY 9.0;MEDIA PK BRIGHTMAIL GATEWAY 9.0;MEDIA PK BRIGHTMAIL GATEWAY 9.0;MEDIA PK BRIGHTMAIL GATEWAY 9.0;;;;79;;
1;3;2094;1;2496,6417;2029,79;8340 BMAIL GWAY AV 8.0 250 USR ESS 12 MO;20972660;;8340 BMAIL GWAY AV 8.0 250 USR ESS 12 MO;8340 BMAIL GWAY AV 8.0 250 USR ESS 12 MO;8340 BMAIL GWAY AV 8.0 250 USR ESS 12 MO;8340 BMAIL GWAY AV 8.0 250 USR ESS 12 MO;;;;79;;
1;3;2094;1;3226,3638;2623,06;8340 BMAIL GWAY AV 8.0 250 USR ESS 36 MO;20972661;;8340 BMAIL GWAY AV 8.0 250 USR ESS 36 MO;8340 BMAIL GWAY AV 8.0 250 USR ESS 36 MO;8340 BMAIL GWAY AV 8.0 250 USR ESS 36 MO;8340 BMAIL GWAY AV 8.0 250 USR ESS 36 MO;;;;79;;
1;3;2094;1;3330,594;2707,8;8340 BMAIL GWAY AV 9.0 250 USR ESS 12 MO;20972662;;8340 BMAIL GWAY AV 9.0 250 USR ESS 12 MO;8340 BMAIL GWAY AV 9.0 250 USR ESS 12 MO;8340 BMAIL GWAY AV 9.0 250 USR ESS 12 MO;8340 BMAIL GWAY AV 9.0 250 USR ESS 12 MO;;;;79;;
1;3;2094;1;4060,3161;3301,07;8340 BMAIL GWAY AV 9.0 250 USR ESS 36 MO;20972663;;8340 BMAIL GWAY AV 9.0 250 USR ESS 36 MO;8340 BMAIL GWAY AV 9.0 250 USR ESS 36 MO;8340 BMAIL GWAY AV 9.0 250 USR ESS 36 MO;8340 BMAIL GWAY AV 9.0 250 USR ESS 36 MO;;;;79;;
1;3;2094;1;704,0028;572,36;NBU PD 6.6 ADMIN WEB BASED TRAINING;20972720;;NBU PD 6.6 ADMIN WEB BASED TRAINING;NBU PD 6.6 ADMIN WEB BASED TRAINING;NBU PD 6.6 ADMIN WEB BASED TRAINING;NBU PD 6.6 ADMIN WEB BASED TRAINING;;;;79;;
1;3;2094;1;2464,0221;2003,27;NBU 6.5 WIN ADMIN 1YR ON DEMAND INSTRUCT LED TRAIN;20972721;;NBU 6.5 WIN ADMIN 1YR ON DEMAND INSTRUCT LED TRAIN;NBU 6.5 WIN ADMIN 1YR ON DEMAND INSTRUCT LED TRAIN;NBU 6.5 WIN ADMIN 1YR ON DEMAND INSTRUCT LED TRAIN;NBU 6.5 WIN ADMIN 1YR ON DEMAND INSTRUCT LED TRAIN;;;;79;;
1;3;2094;1;2464,0221;2003,27;NBU 6.5 UNX ADMIN 1YR ON DEMAND INSTURCT LED TRAIN;20972722;;NBU 6.5 UNX ADMIN 1YR ON DEMAND INSTURCT LED TRAIN;NBU 6.5 UNX ADMIN 1YR ON DEMAND INSTURCT LED TRAIN;NBU 6.5 UNX ADMIN 1YR ON DEMAND INSTURCT LED TRAIN;NBU 6.5 UNX ADMIN 1YR ON DEMAND INSTURCT LED TRAIN;;;;79;;
1;3;2094;1;16,974;13,8;MAIL SECFMS EXCH1USR LICFRMAIL REW A ESS;20973080;;MAIL SECFMS EXCH1USR LICFRMAIL REW A ESS;MAIL SECFMS EXCH1USR LICFRMAIL REW A ESS;MAIL SECFMS EXCH1USR LICFRMAIL REW A ESS;MAIL SECFMS EXCH1USR LICFRMAIL REW A ESS;;;;79;;
1;3;2094;1;16,3098;13,26;REW MAIL SEC MS EXCH AV AS 6.5 WIN XG LIC A ESS;20973080-A1;;REW MAIL SEC MS EXCH AV AS 6.5 WIN XG LIC A ESS;REW MAIL SEC MS EXCH AV AS 6.5 WIN XG LIC A ESS;REW MAIL SEC MS EXCH AV AS 6.5 WIN XG LIC A ESS;REW MAIL SEC MS EXCH AV AS 6.5 WIN XG LIC A ESS;;;;79;;
1;3;2094;1;13,8621;11,27;MAIL SECFMS EXCH1USR LICFRMAIL REW D ESS;20973081;;MAIL SECFMS EXCH1USR LICFRMAIL REW D ESS;MAIL SECFMS EXCH1USR LICFRMAIL REW D ESS;MAIL SECFMS EXCH1USR LICFRMAIL REW D ESS;MAIL SECFMS EXCH1USR LICFRMAIL REW D ESS;;;;79;;
1;3;2094;1;13,3209;10,83;REW MAIL SEC MS EXCH AV AS 6.5 WIN XG LIC D ESS;20973081-A1;;REW MAIL SEC MS EXCH AV AS 6.5 WIN XG LIC D ESS;REW MAIL SEC MS EXCH AV AS 6.5 WIN XG LIC D ESS;REW MAIL SEC MS EXCH AV AS 6.5 WIN XG LIC D ESS;REW MAIL SEC MS EXCH AV AS 6.5 WIN XG LIC D ESS;;;;79;;
1;3;2094;1;14,9322;12,14;MAIL SECFMS EXCH1USR LICFRMAIL REW C ESS;20973082;;MAIL SECFMS EXCH1USR LICFRMAIL REW C ESS;MAIL SECFMS EXCH1USR LICFRMAIL REW C ESS;MAIL SECFMS EXCH1USR LICFRMAIL REW C ESS;MAIL SECFMS EXCH1USR LICFRMAIL REW C ESS;;;;79;;
1;3;2094;1;14,3541;11,67;REW MAIL SEC MS EXCH AV AS 6.5 WIN XG LIC C ESS;20973082-A1;;REW MAIL SEC MS EXCH AV AS 6.5 WIN XG LIC C ESS;REW MAIL SEC MS EXCH AV AS 6.5 WIN XG LIC C ESS;REW MAIL SEC MS EXCH AV AS 6.5 WIN XG LIC C ESS;REW MAIL SEC MS EXCH AV AS 6.5 WIN XG LIC C ESS;;;;79;;
1;3;2094;1;16,1253;13,11;MAIL SECFMS EXCH1USR LICFRMAIL REW B ESS;20973083;;MAIL SECFMS EXCH1USR LICFRMAIL REW B ESS;MAIL SECFMS EXCH1USR LICFRMAIL REW B ESS;MAIL SECFMS EXCH1USR LICFRMAIL REW B ESS;MAIL SECFMS EXCH1USR LICFRMAIL REW B ESS;;;;79;;
1;3;2094;1;15,498;12,6;REW MAIL SEC MS EXCH AV AS 6.5 WIN XG LIC B ESS;20973083-A1;;REW MAIL SEC MS EXCH AV AS 6.5 WIN XG LIC B ESS;REW MAIL SEC MS EXCH AV AS 6.5 WIN XG LIC B ESS;REW MAIL SEC MS EXCH AV AS 6.5 WIN XG LIC B ESS;REW MAIL SEC MS EXCH AV AS 6.5 WIN XG LIC B ESS;;;;79;;
1;3;2094;1;12,8781;10,47;MAIL SECFMS EXCH1USR LICFRMAIL REW E ESS;20973084;;MAIL SECFMS EXCH1USR LICFRMAIL REW E ESS;MAIL SECFMS EXCH1USR LICFRMAIL REW E ESS;MAIL SECFMS EXCH1USR LICFRMAIL REW E ESS;MAIL SECFMS EXCH1USR LICFRMAIL REW E ESS;;;;79;;
1;3;2094;1;12,3861;10,07;REW MAIL SEC MS EXCH AV AS 6.5 WIN XG LIC E ESS;20973084-A1;;REW MAIL SEC MS EXCH AV AS 6.5 WIN XG LIC E ESS;REW MAIL SEC MS EXCH AV AS 6.5 WIN XG LIC E ESS;REW MAIL SEC MS EXCH AV AS 6.5 WIN XG LIC E ESS;REW MAIL SEC MS EXCH AV AS 6.5 WIN XG LIC E ESS;;;;79;;
1;3;2094;1;26,4327;21,49;EXP MAIL SEC MS EXCH AV AS 6.5 WIN XG LIC D ESS;20973121;;EXP MAIL SEC MS EXCH AV AS 6.5 WIN XG LIC D ESS;EXP MAIL SEC MS EXCH AV AS 6.5 WIN XG LIC D ESS;EXP MAIL SEC MS EXCH AV AS 6.5 WIN XG LIC D ESS;EXP MAIL SEC MS EXCH AV AS 6.5 WIN XG LIC D ESS;;;;79;;
1;3;2094;1;12,423;10,1;GOV MAIL SEC MS EXCH AV AS 6.5 WIN XG LIC H ESS;20973122;;GOV MAIL SEC MS EXCH AV AS 6.5 WIN XG LIC H ESS;GOV MAIL SEC MS EXCH AV AS 6.5 WIN XG LIC H ESS;GOV MAIL SEC MS EXCH AV AS 6.5 WIN XG LIC H ESS;GOV MAIL SEC MS EXCH AV AS 6.5 WIN XG LIC H ESS;;;;79;;
1;3;2094;1;12,423;10,1;AE MAIL SEC MS EXCHG AV AS 6.5 WIN XG LIC H ESS;20973124;;AE MAIL SEC MS EXCHG AV AS 6.5 WIN XG LIC H ESS;AE MAIL SEC MS EXCHG AV AS 6.5 WIN XG LIC H ESS;AE MAIL SEC MS EXCHG AV AS 6.5 WIN XG LIC H ESS;AE MAIL SEC MS EXCHG AV AS 6.5 WIN XG LIC H ESS;;;;79;;
1;3;2094;1;35,2026;28,62;EXP MAIL SEC MS EXCH AV AS 6.5 WIN XG LIC A ESS;20973125;;EXP MAIL SEC MS EXCH AV AS 6.5 WIN XG LIC A ESS;EXP MAIL SEC MS EXCH AV AS 6.5 WIN XG LIC A ESS;EXP MAIL SEC MS EXCH AV AS 6.5 WIN XG LIC A ESS;EXP MAIL SEC MS EXCH AV AS 6.5 WIN XG LIC A ESS;;;;79;;
1;3;2094;1;20,9592;17,04;EXP MAIL SEC MS EXCH AV AS 6.5 WIN XG LIC F ESS;20973126;;EXP MAIL SEC MS EXCH AV AS 6.5 WIN XG LIC F ESS;EXP MAIL SEC MS EXCH AV AS 6.5 WIN XG LIC F ESS;EXP MAIL SEC MS EXCH AV AS 6.5 WIN XG LIC F ESS;EXP MAIL SEC MS EXCH AV AS 6.5 WIN XG LIC F ESS;;;;79;;
1;3;2094;1;23,0502;18,74;EXP MAIL SEC MS EXCH AV AS 6.5 WIN XG LIC E ESS;20973128;;EXP MAIL SEC MS EXCH AV AS 6.5 WIN XG LIC E ESS;EXP MAIL SEC MS EXCH AV AS 6.5 WIN XG LIC E ESS;EXP MAIL SEC MS EXCH AV AS 6.5 WIN XG LIC E ESS;EXP MAIL SEC MS EXCH AV AS 6.5 WIN XG LIC E ESS;;;;79;;
1;3;2094;1;28,1547;22,89;AE MAIL SEC MS EXCHG AV AS 6.5 WIN XG LIC A ESS;20973130;;AE MAIL SEC MS EXCHG AV AS 6.5 WIN XG LIC A ESS;AE MAIL SEC MS EXCHG AV AS 6.5 WIN XG LIC A ESS;AE MAIL SEC MS EXCHG AV AS 6.5 WIN XG LIC A ESS;AE MAIL SEC MS EXCHG AV AS 6.5 WIN XG LIC A ESS;;;;79;;
1;3;2094;1;30,0366;24,42;EXP MAIL SEC MS EXCH AV AS 6.5 WIN XG LIC C ESS;20973132;;EXP MAIL SEC MS EXCH AV AS 6.5 WIN XG LIC C ESS;EXP MAIL SEC MS EXCH AV AS 6.5 WIN XG LIC C ESS;EXP MAIL SEC MS EXCH AV AS 6.5 WIN XG LIC C ESS;EXP MAIL SEC MS EXCH AV AS 6.5 WIN XG LIC C ESS;;;;79;;
1;3;2094;1;28,1547;22,89;GOV MAIL SEC MS EXCH AV AS 6.5 WIN XG LIC A ESS;20973133;;GOV MAIL SEC MS EXCH AV AS 6.5 WIN XG LIC A ESS;GOV MAIL SEC MS EXCH AV AS 6.5 WIN XG LIC A ESS;GOV MAIL SEC MS EXCH AV AS 6.5 WIN XG LIC A ESS;GOV MAIL SEC MS EXCH AV AS 6.5 WIN XG LIC A ESS;;;;79;;
1;3;2094;1;31,6602;25,74;EXP MAIL SEC MS EXCH AV AS 6.5 WIN XG LIC B ESS;20973134;;EXP MAIL SEC MS EXCH AV AS 6.5 WIN XG LIC B ESS;EXP MAIL SEC MS EXCH AV AS 6.5 WIN XG LIC B ESS;EXP MAIL SEC MS EXCH AV AS 6.5 WIN XG LIC B ESS;EXP MAIL SEC MS EXCH AV AS 6.5 WIN XG LIC B ESS;;;;79;;
1;3;2094;1;24,6984;20,08;EXP MAIL SEC MS EXCH AV AS 6.5 WIN XG LIC D BAS;20973580;;EXP MAIL SEC MS EXCH AV AS 6.5 WIN XG LIC D BAS;EXP MAIL SEC MS EXCH AV AS 6.5 WIN XG LIC D BAS;EXP MAIL SEC MS EXCH AV AS 6.5 WIN XG LIC D BAS;EXP MAIL SEC MS EXCH AV AS 6.5 WIN XG LIC D BAS;;;;79;;
1;3;2094;1;29,5815;24,05;EXP MAIL SEC MS EXCH AV AS 6.5 WIN XG LIC B BAS;20973581;;EXP MAIL SEC MS EXCH AV AS 6.5 WIN XG LIC B BAS;EXP MAIL SEC MS EXCH AV AS 6.5 WIN XG LIC B BAS;EXP MAIL SEC MS EXCH AV AS 6.5 WIN XG LIC B BAS;EXP MAIL SEC MS EXCH AV AS 6.5 WIN XG LIC B BAS;;;;79;;
1;3;2094;1;26,2974;21,38;GOV MAIL SEC MS EXCH AV AS 6.5 WIN XG LIC A BAS;20973582;;GOV MAIL SEC MS EXCH AV AS 6.5 WIN XG LIC A BAS;GOV MAIL SEC MS EXCH AV AS 6.5 WIN XG LIC A BAS;GOV MAIL SEC MS EXCH AV AS 6.5 WIN XG LIC A BAS;GOV MAIL SEC MS EXCH AV AS 6.5 WIN XG LIC A BAS;;;;79;;
1;3;2094;1;12,0171;9,77;MAIL SECFMS EXCH1USR LICFRMAIL REW E BAS;20973583;;MAIL SECFMS EXCH1USR LICFRMAIL REW E BAS;MAIL SECFMS EXCH1USR LICFRMAIL REW E BAS;MAIL SECFMS EXCH1USR LICFRMAIL REW E BAS;MAIL SECFMS EXCH1USR LICFRMAIL REW E BAS;;;;79;;
1;3;2094;1;11,5374;9,38;REW MAIL SEC MS EXCH AV AS 6.5 WIN XG LIC E BAS;20973583-A1;;REW MAIL SEC MS EXCH AV AS 6.5 WIN XG LIC E BAS;REW MAIL SEC MS EXCH AV AS 6.5 WIN XG LIC E BAS;REW MAIL SEC MS EXCH AV AS 6.5 WIN XG LIC E BAS;REW MAIL SEC MS EXCH AV AS 6.5 WIN XG LIC E BAS;;;;79;;
1;3;2094;1;11,6112;9,44;AE MAIL SEC MS EXCHG AV AS 6.5 WIN XG LIC H BAS;20973584;;AE MAIL SEC MS EXCHG AV AS 6.5 WIN XG LIC H BAS;AE MAIL SEC MS EXCHG AV AS 6.5 WIN XG LIC H BAS;AE MAIL SEC MS EXCHG AV AS 6.5 WIN XG LIC H BAS;AE MAIL SEC MS EXCHG AV AS 6.5 WIN XG LIC H BAS;;;;79;;
1;3;2094;1;28,044;22,8;EXP MAIL SEC MS EXCH AV AS 6.5 WIN XG LIC C BAS;20973585;;EXP MAIL SEC MS EXCH AV AS 6.5 WIN XG LIC C BAS;EXP MAIL SEC MS EXCH AV AS 6.5 WIN XG LIC C BAS;EXP MAIL SEC MS EXCH AV AS 6.5 WIN XG LIC C BAS;EXP MAIL SEC MS EXCH AV AS 6.5 WIN XG LIC C BAS;;;;79;;
1;3;2094;1;19,5816;15,92;EXP MAIL SEC MS EXCH AV AS 6.5 WIN XG LIC F BAS;20973586;;EXP MAIL SEC MS EXCH AV AS 6.5 WIN XG LIC F BAS;EXP MAIL SEC MS EXCH AV AS 6.5 WIN XG LIC F BAS;EXP MAIL SEC MS EXCH AV AS 6.5 WIN XG LIC F BAS;EXP MAIL SEC MS EXCH AV AS 6.5 WIN XG LIC F BAS;;;;79;;
1;3;2094;1;13,9605;11,35;MAIL SECFMS EXCH1USR LICFRMAIL REW C BAS;20973588;;MAIL SECFMS EXCH1USR LICFRMAIL REW C BAS;MAIL SECFMS EXCH1USR LICFRMAIL REW C BAS;MAIL SECFMS EXCH1USR LICFRMAIL REW C BAS;MAIL SECFMS EXCH1USR LICFRMAIL REW C BAS;;;;79;;
1;3;2094;1;13,4193;10,91;REW MAIL SEC MS EXCH AV AS 6.5 WIN XG LIC C BAS;20973588-A1;;REW MAIL SEC MS EXCH AV AS 6.5 WIN XG LIC C BAS;REW MAIL SEC MS EXCH AV AS 6.5 WIN XG LIC C BAS;REW MAIL SEC MS EXCH AV AS 6.5 WIN XG LIC C BAS;REW MAIL SEC MS EXCH AV AS 6.5 WIN XG LIC C BAS;;;;79;;
1;3;2094;1;12,9519;10,53;MAIL SECFMS EXCH1USR LICFRMAIL REW D BAS;20973589;;MAIL SECFMS EXCH1USR LICFRMAIL REW D BAS;MAIL SECFMS EXCH1USR LICFRMAIL REW D BAS;MAIL SECFMS EXCH1USR LICFRMAIL REW D BAS;MAIL SECFMS EXCH1USR LICFRMAIL REW D BAS;;;;79;;
1;3;2094;1;12,4476;10,12;REW MAIL SEC MS EXCH AV AS 6.5 WIN XG LIC D BAS;20973589-A1;;REW MAIL SEC MS EXCH AV AS 6.5 WIN XG LIC D BAS;REW MAIL SEC MS EXCH AV AS 6.5 WIN XG LIC D BAS;REW MAIL SEC MS EXCH AV AS 6.5 WIN XG LIC D BAS;REW MAIL SEC MS EXCH AV AS 6.5 WIN XG LIC D BAS;;;;79;;
1;3;2094;1;26,2974;21,38;AE MAIL SEC MS EXCHG AV AS 6.5 WIN XG LIC A BAS;20973590;;AE MAIL SEC MS EXCHG AV AS 6.5 WIN XG LIC A BAS;AE MAIL SEC MS EXCHG AV AS 6.5 WIN XG LIC A BAS;AE MAIL SEC MS EXCHG AV AS 6.5 WIN XG LIC A BAS;AE MAIL SEC MS EXCHG AV AS 6.5 WIN XG LIC A BAS;;;;79;;
1;3;2094;1;21,5373;17,51;EXP MAIL SEC MS EXCH AV AS 6.5 WIN XG LIC E BAS;20973591;;EXP MAIL SEC MS EXCH AV AS 6.5 WIN XG LIC E BAS;EXP MAIL SEC MS EXCH AV AS 6.5 WIN XG LIC E BAS;EXP MAIL SEC MS EXCH AV AS 6.5 WIN XG LIC E BAS;EXP MAIL SEC MS EXCH AV AS 6.5 WIN XG LIC E BAS;;;;79;;
1;3;2094;1;11,6112;9,44;GOV MAIL SEC MS EXCH AV AS 6.5 WIN XG LIC H BAS;20973593;;GOV MAIL SEC MS EXCH AV AS 6.5 WIN XG LIC H BAS;GOV MAIL SEC MS EXCH AV AS 6.5 WIN XG LIC H BAS;GOV MAIL SEC MS EXCH AV AS 6.5 WIN XG LIC H BAS;GOV MAIL SEC MS EXCH AV AS 6.5 WIN XG LIC H BAS;;;;79;;
1;3;2094;1;15,8547;12,89;MAIL SECFMS EXCH1USR LICFRMAIL REW A BAS;20973594;;MAIL SECFMS EXCH1USR LICFRMAIL REW A BAS;MAIL SECFMS EXCH1USR LICFRMAIL REW A BAS;MAIL SECFMS EXCH1USR LICFRMAIL REW A BAS;MAIL SECFMS EXCH1USR LICFRMAIL REW A BAS;;;;79;;
1;3;2094;1;15,2397;12,39;REW MAIL SEC MS EXCH AV AS 6.5 WIN XG LIC A BAS;20973594-A1;;REW MAIL SEC MS EXCH AV AS 6.5 WIN XG LIC A BAS;REW MAIL SEC MS EXCH AV AS 6.5 WIN XG LIC A BAS;REW MAIL SEC MS EXCH AV AS 6.5 WIN XG LIC A BAS;REW MAIL SEC MS EXCH AV AS 6.5 WIN XG LIC A BAS;;;;79;;
1;3;2094;1;15,0675;12,25;MAIL SECFMS EXCH1USR LICFRMAIL REW B BAS;20973595;;MAIL SECFMS EXCH1USR LICFRMAIL REW B BAS;MAIL SECFMS EXCH1USR LICFRMAIL REW B BAS;MAIL SECFMS EXCH1USR LICFRMAIL REW B BAS;MAIL SECFMS EXCH1USR LICFRMAIL REW B BAS;;;;79;;
1;3;2094;1;14,4648;11,76;REW MAIL SEC MS EXCH AV AS 6.5 WIN XG LIC B BAS;20973595-A1;;REW MAIL SEC MS EXCH AV AS 6.5 WIN XG LIC B BAS;REW MAIL SEC MS EXCH AV AS 6.5 WIN XG LIC B BAS;REW MAIL SEC MS EXCH AV AS 6.5 WIN XG LIC B BAS;REW MAIL SEC MS EXCH AV AS 6.5 WIN XG LIC B BAS;;;;79;;
1;3;2094;1;32,8656;26,72;EXP MAIL SEC MS EXCH AV AS 6.5 WIN XG LIC A BAS;20973597;;EXP MAIL SEC MS EXCH AV AS 6.5 WIN XG LIC A BAS;EXP MAIL SEC MS EXCH AV AS 6.5 WIN XG LIC A BAS;EXP MAIL SEC MS EXCH AV AS 6.5 WIN XG LIC A BAS;EXP MAIL SEC MS EXCH AV AS 6.5 WIN XG LIC A BAS;;;;79;;
1;3;2094;1;30,9099;25,13;GSS SVR 2.5 WIN PER MGD SVR STD LIC VPA;20973820;;GSS SVR 2.5 WIN PER MGD SVR STD LIC VPA;GSS SVR 2.5 WIN PER MGD SVR STD LIC VPA;GSS SVR 2.5 WIN PER MGD SVR STD LIC VPA;GSS SVR 2.5 WIN PER MGD SVR STD LIC VPA;;;;79;;
1;3;2094;1;18,6837;15,19;GSS SVR 2.5 WIN MGD SVR XGRD GSS VPA;20973821;;GSS SVR 2.5 WIN MGD SVR XGRD GSS VPA;GSS SVR 2.5 WIN MGD SVR XGRD GSS VPA;GSS SVR 2.5 WIN MGD SVR XGRD GSS VPA;GSS SVR 2.5 WIN MGD SVR XGRD GSS VPA;;;;79;;
1;3;2094;1;26,2728;21,36;GSS SVR VAR 2.5 WIN MGD SVR STD LIC VPA;20973822;;GSS SVR VAR 2.5 WIN MGD SVR STD LIC VPA;GSS SVR VAR 2.5 WIN MGD SVR STD LIC VPA;GSS SVR VAR 2.5 WIN MGD SVR STD LIC VPA;GSS SVR VAR 2.5 WIN MGD SVR STD LIC VPA;;;;79;;
1;3;2094;1;71,1309;57,83;PCA HOST 12.5 P DVC STD LIC VPA;20973823;;PCA HOST 12.5 P DVC STD LIC VPA;PCA HOST 12.5 P DVC STD LIC VPA;PCA HOST 12.5 P DVC STD LIC VPA;PCA HOST 12.5 P DVC STD LIC VPA;;;;79;;
1;3;2094;1;56,9121;46,27;PCA HOST 12.5 P DVC VER UG LIC VPA;20973824;;PCA HOST 12.5 P DVC VER UG LIC VPA;PCA HOST 12.5 P DVC VER UG LIC VPA;PCA HOST 12.5 P DVC VER UG LIC VPA;PCA HOST 12.5 P DVC VER UG LIC VPA;;;;79;;
1;3;2094;1;8,1057;6,59;GHST SLT STE VAR 2.5 WIN DVC STD LIC VPA;20973825;;GHST SLT STE VAR 2.5 WIN DVC STD LIC VPA;GHST SLT STE VAR 2.5 WIN DVC STD LIC VPA;GHST SLT STE VAR 2.5 WIN DVC STD LIC VPA;GHST SLT STE VAR 2.5 WIN DVC STD LIC VPA;;;;79;;
1;3;2094;1;2,2017;1,79;GSS 2.5 WIN DVC BAS VPA;20973826;;GSS 2.5 WIN DVC BAS VPA;GSS 2.5 WIN DVC BAS VPA;GSS 2.5 WIN DVC BAS VPA;GSS 2.5 WIN DVC BAS VPA;;;;79;;
1;3;2094;1;2,8044;2,28;SYMC GHOST SOLUTION SUITE 2.5 WIN DEVICE ESSENTIAL 12 MONTHS VPA;20973827;;SYMC GHOST SOLUTION SUITE 2.5 WIN DEVICE ESSENTIAL 12 MONTHS VPA;SYMC GHOST SOLUTION SUITE 2.5 WIN DEVICE ESSENTIAL 12 MONTHS VPA;SYMC GHOST SOLUTION SUITE 2.5 WIN DEVICE ESSENTIAL 12 MONTHS VPA;SYMC GHOST SOLUTION SUITE 2.5 WIN DEVICE ESSENTIAL 12 MONTHS VPA;;;;79;;
1;3;2094;1;27,2937;22,19;PCA HOST &REM 12.5 P DVC INITIAL BAS VPA;20973828;;PCA HOST &REM 12.5 P DVC INITIAL BAS VPA;PCA HOST &REM 12.5 P DVC INITIAL BAS VPA;PCA HOST &REM 12.5 P DVC INITIAL BAS VPA;PCA HOST &REM 12.5 P DVC INITIAL BAS VPA;;;;79;;
1;3;2094;1;34,8705;28,35;PCA HOST &REM 12.5 P DVC INITIAL ESS VPA;20973829;;PCA HOST &REM 12.5 P DVC INITIAL ESS VPA;PCA HOST &REM 12.5 P DVC INITIAL ESS VPA;PCA HOST &REM 12.5 P DVC INITIAL ESS VPA;PCA HOST &REM 12.5 P DVC INITIAL ESS VPA;;;;79;;
1;3;2094;1;27,2937;22,19;PCA HOST &REM 12.5 P DVC RNW BAS VPA;20973830;;PCA HOST &REM 12.5 P DVC RNW BAS VPA;PCA HOST &REM 12.5 P DVC RNW BAS VPA;PCA HOST &REM 12.5 P DVC RNW BAS VPA;PCA HOST &REM 12.5 P DVC RNW BAS VPA;;;;79;;
1;3;2094;1;34,8705;28,35;PCA HOST &REM 12.5 P DVC RNW ESS VPA;20973831;;PCA HOST &REM 12.5 P DVC RNW ESS VPA;PCA HOST &REM 12.5 P DVC RNW ESS VPA;PCA HOST &REM 12.5 P DVC RNW ESS VPA;PCA HOST &REM 12.5 P DVC RNW ESS VPA;;;;79;;
1;3;2094;1;151,6344;123,28;PCA HOST & REM 12.5 P DVC STD LIC VPA;20973832;;PCA HOST & REM 12.5 P DVC STD LIC VPA;PCA HOST & REM 12.5 P DVC STD LIC VPA;PCA HOST & REM 12.5 P DVC STD LIC VPA;PCA HOST & REM 12.5 P DVC STD LIC VPA;;;;79;;
1;3;2094;1;2,2017;1,79;GSS 2.5 WIN DVC BAS RNW VPA;20973833;;GSS 2.5 WIN DVC BAS RNW VPA;GSS 2.5 WIN DVC BAS RNW VPA;GSS 2.5 WIN DVC BAS RNW VPA;GSS 2.5 WIN DVC BAS RNW VPA;;;;79;;
1;3;2094;1;2,8044;2,28;GSS 2.5 WIN DVC ESS RNW VPA;20973834;;GSS 2.5 WIN DVC ESS RNW VPA;GSS 2.5 WIN DVC ESS RNW VPA;GSS 2.5 WIN DVC ESS RNW VPA;GSS 2.5 WIN DVC ESS RNW VPA;;;;79;;
1;3;2094;1;121,3026;98,62;PCA HOST & REM 12.5 P DVC VER UG LIC VPA;20973835;;PCA HOST & REM 12.5 P DVC VER UG LIC VPA;PCA HOST & REM 12.5 P DVC VER UG LIC VPA;PCA HOST & REM 12.5 P DVC VER UG LIC VPA;PCA HOST & REM 12.5 P DVC VER UG LIC VPA;;;;79;;
1;3;2094;1;12,2385;9,95;SYMC GHOST SOLUTION SUITE 2.5 WIN DEVICE STD LIC VPA;20973836;;SYMC GHOST SOLUTION SUITE 2.5 WIN DEVICE STD LIC VPA;SYMC GHOST SOLUTION SUITE 2.5 WIN DEVICE STD LIC VPA;SYMC GHOST SOLUTION SUITE 2.5 WIN DEVICE STD LIC VPA;SYMC GHOST SOLUTION SUITE 2.5 WIN DEVICE STD LIC VPA;;;;79;;
1;3;2094;1;7,3308;5,96;GSS 2.5 WIN DVC VER UG LIC VPA;20973837;;GSS 2.5 WIN DVC VER UG LIC VPA;GSS 2.5 WIN DVC VER UG LIC VPA;GSS 2.5 WIN DVC VER UG LIC VPA;GSS 2.5 WIN DVC VER UG LIC VPA;;;;79;;
1;3;2094;1;5,5719;4,53;GSS SVR 2.5 WIN MGD SVR INITIAL BAS VPA;20973838;;GSS SVR 2.5 WIN MGD SVR INITIAL BAS VPA;GSS SVR 2.5 WIN MGD SVR INITIAL BAS VPA;GSS SVR 2.5 WIN MGD SVR INITIAL BAS VPA;GSS SVR 2.5 WIN MGD SVR INITIAL BAS VPA;;;;79;;
1;3;2094;1;12,8166;10,42;PCA HOST 12.5 P DVC INITIAL BAS VPA;20973839;;PCA HOST 12.5 P DVC INITIAL BAS VPA;PCA HOST 12.5 P DVC INITIAL BAS VPA;PCA HOST 12.5 P DVC INITIAL BAS VPA;PCA HOST 12.5 P DVC INITIAL BAS VPA;;;;79;;
1;3;2094;1;7,0971;5,77;GSS SVR 2.5 WIN MGD SVR INITIAL ESS VPA;20973840;;GSS SVR 2.5 WIN MGD SVR INITIAL ESS VPA;GSS SVR 2.5 WIN MGD SVR INITIAL ESS VPA;GSS SVR 2.5 WIN MGD SVR INITIAL ESS VPA;GSS SVR 2.5 WIN MGD SVR INITIAL ESS VPA;;;;79;;
1;3;2094;1;16,359;13,3;PCA HOST 12.5 P DVC INITIAL ESS VPA;20973841;;PCA HOST 12.5 P DVC INITIAL ESS VPA;PCA HOST 12.5 P DVC INITIAL ESS VPA;PCA HOST 12.5 P DVC INITIAL ESS VPA;PCA HOST 12.5 P DVC INITIAL ESS VPA;;;;79;;
1;3;2094;1;5,5719;4,53;GSS SVR 2.5 WIN PER MGD SVR RNW BAS VPA;20973842;;GSS SVR 2.5 WIN PER MGD SVR RNW BAS VPA;GSS SVR 2.5 WIN PER MGD SVR RNW BAS VPA;GSS SVR 2.5 WIN PER MGD SVR RNW BAS VPA;GSS SVR 2.5 WIN PER MGD SVR RNW BAS VPA;;;;79;;
1;3;2094;1;7,0971;5,77;GSS SVR 2.5 WIN PER MGD SVR RNW ESS VPA;20973843;;GSS SVR 2.5 WIN PER MGD SVR RNW ESS VPA;GSS SVR 2.5 WIN PER MGD SVR RNW ESS VPA;GSS SVR 2.5 WIN PER MGD SVR RNW ESS VPA;GSS SVR 2.5 WIN PER MGD SVR RNW ESS VPA;;;;79;;
1;3;2094;1;12,8166;10,42;PCA HOST 12.5 P DVC RNW BAS VPA;20973844;;PCA HOST 12.5 P DVC RNW BAS VPA;PCA HOST 12.5 P DVC RNW BAS VPA;PCA HOST 12.5 P DVC RNW BAS VPA;PCA HOST 12.5 P DVC RNW BAS VPA;;;;79;;
1;3;2094;1;16,359;13,3;PCA HOST 12.5 P DVC RNW ESS VPA;20973845;;PCA HOST 12.5 P DVC RNW ESS VPA;PCA HOST 12.5 P DVC RNW ESS VPA;PCA HOST 12.5 P DVC RNW ESS VPA;PCA HOST 12.5 P DVC RNW ESS VPA;;;;79;;
1;3;2094;1;253,3185;205,95;WSP CORP 6.2WINNODE BNDL STD LIC VPA BAS;20974029;;WSP CORP 6.2WINNODE BNDL STD LIC VPA BAS;WSP CORP 6.2WINNODE BNDL STD LIC VPA BAS;WSP CORP 6.2WINNODE BNDL STD LIC VPA BAS;WSP CORP 6.2WINNODE BNDL STD LIC VPA BAS;;;;79;;
1;3;2094;1;264,0441;214,67;WSP CORP 6.2WINNODE BNDL STD LIC VPA ESS;20974030;;WSP CORP 6.2WINNODE BNDL STD LIC VPA ESS;WSP CORP 6.2WINNODE BNDL STD LIC VPA ESS;WSP CORP 6.2WINNODE BNDL STD LIC VPA ESS;WSP CORP 6.2WINNODE BNDL STD LIC VPA ESS;;;;79;;
1;3;2094;1;168,879;137,3;WSP CORP 6.2 WINUSR BNDL STD LIC VPA BAS;20974033;;WSP CORP 6.2 WINUSR BNDL STD LIC VPA BAS;WSP CORP 6.2 WINUSR BNDL STD LIC VPA BAS;WSP CORP 6.2 WINUSR BNDL STD LIC VPA BAS;WSP CORP 6.2 WINUSR BNDL STD LIC VPA BAS;;;;79;;
1;3;2094;1;176,0376;143,12;WSP CORP 6.2 WINUSR BNDL STD LIC VPA ESS;20974034;;WSP CORP 6.2 WINUSR BNDL STD LIC VPA ESS;WSP CORP 6.2 WINUSR BNDL STD LIC VPA ESS;WSP CORP 6.2 WINUSR BNDL STD LIC VPA ESS;WSP CORP 6.2 WINUSR BNDL STD LIC VPA ESS;;;;79;;
1;3;2094;1;42,2259;34,33;WSP VIRT 6.1WINNODE BNDL STD LIC VPA BAS;20974050;;WSP VIRT 6.1WINNODE BNDL STD LIC VPA BAS;WSP VIRT 6.1WINNODE BNDL STD LIC VPA BAS;WSP VIRT 6.1WINNODE BNDL STD LIC VPA BAS;WSP VIRT 6.1WINNODE BNDL STD LIC VPA BAS;;;;79;;
1;3;2094;1;44,0094;35,78;WSP VIRT 6.1WINNODE BNDL STD LIC VPA ESS;20974051;;WSP VIRT 6.1WINNODE BNDL STD LIC VPA ESS;WSP VIRT 6.1WINNODE BNDL STD LIC VPA ESS;WSP VIRT 6.1WINNODE BNDL STD LIC VPA ESS;WSP VIRT 6.1WINNODE BNDL STD LIC VPA ESS;;;;79;;
1;3;2094;1;12,1401;9,87;MAIL SECMS AV 6.5 1 BNDL UG LIC VPA BAS;20974175;;MAIL SECMS AV 6.5 1 BNDL UG LIC VPA BAS;MAIL SECMS AV 6.5 1 BNDL UG LIC VPA BAS;MAIL SECMS AV 6.5 1 BNDL UG LIC VPA BAS;MAIL SECMS AV 6.5 1 BNDL UG LIC VPA BAS;;;;79;;
1;3;2094;1;13,0257;10,59;MAIL SECMS AV 6.5 1 BNDL UG LIC VPA ESS;20974176;;MAIL SECMS AV 6.5 1 BNDL UG LIC VPA ESS;MAIL SECMS AV 6.5 1 BNDL UG LIC VPA ESS;MAIL SECMS AV 6.5 1 BNDL UG LIC VPA ESS;MAIL SECMS AV 6.5 1 BNDL UG LIC VPA ESS;;;;79;;
1;3;2094;1;17,1708;13,96;MAIL SECMS AV 6.5 WIN 1 BNDL LIC VPA BAS;20974177;;MAIL SECMS AV 6.5 WIN 1 BNDL LIC VPA BAS;MAIL SECMS AV 6.5 WIN 1 BNDL LIC VPA BAS;MAIL SECMS AV 6.5 WIN 1 BNDL LIC VPA BAS;MAIL SECMS AV 6.5 WIN 1 BNDL LIC VPA BAS;;;;79;;
1;3;2094;1;18,0441;14,67;MAIL SECMS AV 6.5 WIN 1 BNDL LIC VPA ESS;20974178;;MAIL SECMS AV 6.5 WIN 1 BNDL LIC VPA ESS;MAIL SECMS AV 6.5 WIN 1 BNDL LIC VPA ESS;MAIL SECMS AV 6.5 WIN 1 BNDL LIC VPA ESS;MAIL SECMS AV 6.5 WIN 1 BNDL LIC VPA ESS;;;;79;;
1;3;2094;1;12,1401;9,87;MAIL SECMS AV 6.5 1 BNDL UG LIC VPA BAS;20974179;;MAIL SECMS AV 6.5 1 BNDL UG LIC VPA BAS;MAIL SECMS AV 6.5 1 BNDL UG LIC VPA BAS;MAIL SECMS AV 6.5 1 BNDL UG LIC VPA BAS;MAIL SECMS AV 6.5 1 BNDL UG LIC VPA BAS;;;;79;;
1;3;2094;1;13,0257;10,59;MAIL SECMS AV 6.5 1 BNDL UG LIC VPA ESS;20974180;;MAIL SECMS AV 6.5 1 BNDL UG LIC VPA ESS;MAIL SECMS AV 6.5 1 BNDL UG LIC VPA ESS;MAIL SECMS AV 6.5 1 BNDL UG LIC VPA ESS;MAIL SECMS AV 6.5 1 BNDL UG LIC VPA ESS;;;;79;;
1;3;2094;1;32,5458;26,46;DEPLOYMENT SOLSVRS 7.1 XPLATNODE ESS VPA;20974244;;DEPLOYMENT SOLSVRS 7.1 XPLATNODE ESS VPA;DEPLOYMENT SOLSVRS 7.1 XPLATNODE ESS VPA;DEPLOYMENT SOLSVRS 7.1 XPLATNODE ESS VPA;DEPLOYMENT SOLSVRS 7.1 XPLATNODE ESS VPA;;;;79;;
1;3;2094;1;9,471;7,7;MAIL SECMS EXCH AV 6.5 WIN 1 USR BAS VPA;20974294;;MAIL SECMS EXCH AV 6.5 WIN 1 USR BAS VPA;MAIL SECMS EXCH AV 6.5 WIN 1 USR BAS VPA;MAIL SECMS EXCH AV 6.5 WIN 1 USR BAS VPA;MAIL SECMS EXCH AV 6.5 WIN 1 USR BAS VPA;;;;79;;
1;3;2094;1;10,3443;8,41;MAIL SECMS EXCH AV 6.5 WIN 1 USR ESS VPA;20974295;;MAIL SECMS EXCH AV 6.5 WIN 1 USR ESS VPA;MAIL SECMS EXCH AV 6.5 WIN 1 USR ESS VPA;MAIL SECMS EXCH AV 6.5 WIN 1 USR ESS VPA;MAIL SECMS EXCH AV 6.5 WIN 1 USR ESS VPA;;;;79;;
1;3;2094;1;9,4464;7,68;MAIL SECMS AV 6.5 WIN 1 USR RNW BAS VPA;20974304;;MAIL SECMS AV 6.5 WIN 1 USR RNW BAS VPA;MAIL SECMS AV 6.5 WIN 1 USR RNW BAS VPA;MAIL SECMS AV 6.5 WIN 1 USR RNW BAS VPA;MAIL SECMS AV 6.5 WIN 1 USR RNW BAS VPA;;;;79;;
1;3;2094;1;10,2951;8,37;MAIL SECMS AV 6.5 WIN 1 USR RNW ESS VPA;20974305;;MAIL SECMS AV 6.5 WIN 1 USR RNW ESS VPA;MAIL SECMS AV 6.5 WIN 1 USR RNW ESS VPA;MAIL SECMS AV 6.5 WIN 1 USR RNW ESS VPA;MAIL SECMS AV 6.5 WIN 1 USR RNW ESS VPA;;;;79;;
1;3;2094;1;6,4329;5,23;WORKSPACE VIRT 6.1 WIN P NODE BAS VPA;20974347;;WORKSPACE VIRT 6.1 WIN P NODE BAS VPA;WORKSPACE VIRT 6.1 WIN P NODE BAS VPA;WORKSPACE VIRT 6.1 WIN P NODE BAS VPA;WORKSPACE VIRT 6.1 WIN P NODE BAS VPA;;;;79;;
1;3;2094;1;8,2287;6,69;WORKSPACE VIRT 6.1 WIN P NODE ESS VPA;20974348;;WORKSPACE VIRT 6.1 WIN P NODE ESS VPA;WORKSPACE VIRT 6.1 WIN P NODE ESS VPA;WORKSPACE VIRT 6.1 WIN P NODE ESS VPA;WORKSPACE VIRT 6.1 WIN P NODE ESS VPA;;;;79;;
1;3;2094;1;6,4329;5,23;WORKSPACE VIRT 6.1 WINNODE RNW BAS VPA;20974349;;WORKSPACE VIRT 6.1 WINNODE RNW BAS VPA;WORKSPACE VIRT 6.1 WINNODE RNW BAS VPA;WORKSPACE VIRT 6.1 WINNODE RNW BAS VPA;WORKSPACE VIRT 6.1 WINNODE RNW BAS VPA;;;;79;;
1;3;2094;1;8,2287;6,69;WORKSPACE VIRT 6.1 WINNODE RNW ESS VPA;20974350;;WORKSPACE VIRT 6.1 WINNODE RNW ESS VPA;WORKSPACE VIRT 6.1 WINNODE RNW ESS VPA;WORKSPACE VIRT 6.1 WINNODE RNW ESS VPA;WORKSPACE VIRT 6.1 WINNODE RNW ESS VPA;;;;79;;
1;3;2094;1;38,6343;31,41;WORKSPACE REMOTE 6.2 WIN P NODE BAS VPA;20974485;;WORKSPACE REMOTE 6.2 WIN P NODE BAS VPA;WORKSPACE REMOTE 6.2 WIN P NODE BAS VPA;WORKSPACE REMOTE 6.2 WIN P NODE BAS VPA;WORKSPACE REMOTE 6.2 WIN P NODE BAS VPA;;;;79;;
1;3;2094;1;49,3845;40,15;WORKSPACE REMOTE 6.2 WIN P NODE ESS VPA;20974486;;WORKSPACE REMOTE 6.2 WIN P NODE ESS VPA;WORKSPACE REMOTE 6.2 WIN P NODE ESS VPA;WORKSPACE REMOTE 6.2 WIN P NODE ESS VPA;WORKSPACE REMOTE 6.2 WIN P NODE ESS VPA;;;;79;;
1;3;2094;1;38,6343;31,41;WORKSPACE REMOTE 6.2 WINNODE RNW BAS VPA;20974487;;WORKSPACE REMOTE 6.2 WINNODE RNW BAS VPA;WORKSPACE REMOTE 6.2 WINNODE RNW BAS VPA;WORKSPACE REMOTE 6.2 WINNODE RNW BAS VPA;WORKSPACE REMOTE 6.2 WINNODE RNW BAS VPA;;;;79;;
1;3;2094;1;49,3845;40,15;WORKSPACE REMOTE 6.2 WINNODE RNW ESS VPA;20974488;;WORKSPACE REMOTE 6.2 WINNODE RNW ESS VPA;WORKSPACE REMOTE 6.2 WINNODE RNW ESS VPA;WORKSPACE REMOTE 6.2 WINNODE RNW ESS VPA;WORKSPACE REMOTE 6.2 WINNODE RNW ESS VPA;;;;79;;
1;3;2094;1;110,208;89,6;WSP REMOTE 6.2 WINNODE SUB LIC VPA BAS;20974489;;WSP REMOTE 6.2 WINNODE SUB LIC VPA BAS;WSP REMOTE 6.2 WINNODE SUB LIC VPA BAS;WSP REMOTE 6.2 WINNODE SUB LIC VPA BAS;WSP REMOTE 6.2 WINNODE SUB LIC VPA BAS;;;;79;;
1;3;2094;1;120,9336;98,32;WSP REMOTE 6.2 WINNODE SUB LIC VPA ESS;20974490;;WSP REMOTE 6.2 WINNODE SUB LIC VPA ESS;WSP REMOTE 6.2 WINNODE SUB LIC VPA ESS;WSP REMOTE 6.2 WINNODE SUB LIC VPA ESS;WSP REMOTE 6.2 WINNODE SUB LIC VPA ESS;;;;79;;
1;3;2094;1;25,7685;20,95;WORKSPACE REMOTE 6.2 WIN P USR BAS VPA;20974491;;WORKSPACE REMOTE 6.2 WIN P USR BAS VPA;WORKSPACE REMOTE 6.2 WIN P USR BAS VPA;WORKSPACE REMOTE 6.2 WIN P USR BAS VPA;WORKSPACE REMOTE 6.2 WIN P USR BAS VPA;;;;79;;
1;3;2094;1;20,1597;16,39;WSP VIRT 6.1 WINNODE SUB LIC VPA ESS;20974505;;WSP VIRT 6.1 WINNODE SUB LIC VPA ESS;WSP VIRT 6.1 WINNODE SUB LIC VPA ESS;WSP VIRT 6.1 WINNODE SUB LIC VPA ESS;WSP VIRT 6.1 WINNODE SUB LIC VPA ESS;;;;79;;
1;3;2094;1;18,3762;14,94;WSP VIRT 6.1 WINNODE SUB LIC VPA BAS;20974523;;WSP VIRT 6.1 WINNODE SUB LIC VPA BAS;WSP VIRT 6.1 WINNODE SUB LIC VPA BAS;WSP VIRT 6.1 WINNODE SUB LIC VPA BAS;WSP VIRT 6.1 WINNODE SUB LIC VPA BAS;;;;79;;
1;3;2094;1;25,4733;20,71;DEPLOYMENT SOLSVRS 7.1 XPLATNODE BAS VPA;20974544;;DEPLOYMENT SOLSVRS 7.1 XPLATNODE BAS VPA;DEPLOYMENT SOLSVRS 7.1 XPLATNODE BAS VPA;DEPLOYMENT SOLSVRS 7.1 XPLATNODE BAS VPA;DEPLOYMENT SOLSVRS 7.1 XPLATNODE BAS VPA;;;;79;;
1;3;2094;1;1110,7761;903,07;MSFT SQL EMBEDD 1.0 WIN LIC VPA;20974609;;MSFT SQL EMBEDD 1.0 WIN LIC VPA;MSFT SQL EMBEDD 1.0 WIN LIC VPA;MSFT SQL EMBEDD 1.0 WIN LIC VPA;MSFT SQL EMBEDD 1.0 WIN LIC VPA;;;;79;;
1;3;2094;1;666,4755;541,85;MSFT SQL EMBEDD 1.0 WIN UG LIC VPA;20974610;;MSFT SQL EMBEDD 1.0 WIN UG LIC VPA;MSFT SQL EMBEDD 1.0 WIN UG LIC VPA;MSFT SQL EMBEDD 1.0 WIN UG LIC VPA;MSFT SQL EMBEDD 1.0 WIN UG LIC VPA;;;;79;;
1;3;2094;1;856,8918;696,66;MSFT SQL EMBEDD WORKGROUP 1.0 LIC VPA;20974611;;MSFT SQL EMBEDD WORKGROUP 1.0 LIC VPA;MSFT SQL EMBEDD WORKGROUP 1.0 LIC VPA;MSFT SQL EMBEDD WORKGROUP 1.0 LIC VPA;MSFT SQL EMBEDD WORKGROUP 1.0 LIC VPA;;;;79;;
1;3;2094;1;514,14;418;MSFT SQL EMBEDD WORKGROUP 1.0 UG LIC VPA;20974612;;MSFT SQL EMBEDD WORKGROUP 1.0 UG LIC VPA;MSFT SQL EMBEDD WORKGROUP 1.0 UG LIC VPA;MSFT SQL EMBEDD WORKGROUP 1.0 UG LIC VPA;MSFT SQL EMBEDD WORKGROUP 1.0 UG LIC VPA;;;;79;;
1;3;2094;1;25,7685;20,95;WORKSPACE CORP 6.2 WIN P USR RNW BAS VPA;20974627;;WORKSPACE CORP 6.2 WIN P USR RNW BAS VPA;WORKSPACE CORP 6.2 WIN P USR RNW BAS VPA;WORKSPACE CORP 6.2 WIN P USR RNW BAS VPA;WORKSPACE CORP 6.2 WIN P USR RNW BAS VPA;;;;79;;
1;3;2094;1;32,9025;26,75;WORKSPACE CORP 6.2 WIN P USR RNW ESS VPA;20974628;;WORKSPACE CORP 6.2 WIN P USR RNW ESS VPA;WORKSPACE CORP 6.2 WIN P USR RNW ESS VPA;WORKSPACE CORP 6.2 WIN P USR RNW ESS VPA;WORKSPACE CORP 6.2 WIN P USR RNW ESS VPA;;;;79;;
1;3;2094;1;73,4802;59,74;WSP CORP 6.2 WINUSR SUB LIC VPA BAS;20974629;;WSP CORP 6.2 WINUSR SUB LIC VPA BAS;WSP CORP 6.2 WINUSR SUB LIC VPA BAS;WSP CORP 6.2 WINUSR SUB LIC VPA BAS;WSP CORP 6.2 WINUSR SUB LIC VPA BAS;;;;79;;
1;3;2094;1;80,6265;65,55;WSP CORP 6.2 WINUSR SUB LIC VPA ESS;20974630;;WSP CORP 6.2 WINUSR SUB LIC VPA ESS;WSP CORP 6.2 WINUSR SUB LIC VPA ESS;WSP CORP 6.2 WINUSR SUB LIC VPA ESS;WSP CORP 6.2 WINUSR SUB LIC VPA ESS;;;;79;;
1;3;2094;1;38,6343;31,41;WORKSPACE CORP 6.2 WIN P NODE BAS VPA;20974638;;WORKSPACE CORP 6.2 WIN P NODE BAS VPA;WORKSPACE CORP 6.2 WIN P NODE BAS VPA;WORKSPACE CORP 6.2 WIN P NODE BAS VPA;WORKSPACE CORP 6.2 WIN P NODE BAS VPA;;;;79;;
1;3;2094;1;49,3845;40,15;WORKSPACE CORP 6.2 WIN P NODE ESS VPA;20974639;;WORKSPACE CORP 6.2 WIN P NODE ESS VPA;WORKSPACE CORP 6.2 WIN P NODE ESS VPA;WORKSPACE CORP 6.2 WIN P NODE ESS VPA;WORKSPACE CORP 6.2 WIN P NODE ESS VPA;;;;79;;
1;3;2094;1;38,6343;31,41;WORKSPACE CORP 6.2 WINNODE RNW BAS VPA;20974640;;WORKSPACE CORP 6.2 WINNODE RNW BAS VPA;WORKSPACE CORP 6.2 WINNODE RNW BAS VPA;WORKSPACE CORP 6.2 WINNODE RNW BAS VPA;WORKSPACE CORP 6.2 WINNODE RNW BAS VPA;;;;79;;
1;3;2094;1;49,3845;40,15;WORKSPACE CORP 6.2 WINNODE RNW ESS VPA;20974641;;WORKSPACE CORP 6.2 WINNODE RNW ESS VPA;WORKSPACE CORP 6.2 WINNODE RNW ESS VPA;WORKSPACE CORP 6.2 WINNODE RNW ESS VPA;WORKSPACE CORP 6.2 WINNODE RNW ESS VPA;;;;79;;
1;3;2094;1;110,208;89,6;WSP CORP 6.2 WINNODE SUB LIC VPA BAS;20974642;;WSP CORP 6.2 WINNODE SUB LIC VPA BAS;WSP CORP 6.2 WINNODE SUB LIC VPA BAS;WSP CORP 6.2 WINNODE SUB LIC VPA BAS;WSP CORP 6.2 WINNODE SUB LIC VPA BAS;;;;79;;
1;3;2094;1;120,9336;98,32;WSP CORP 6.2 WINNODE SUB LIC VPA ESS;20974643;;WSP CORP 6.2 WINNODE SUB LIC VPA ESS;WSP CORP 6.2 WINNODE SUB LIC VPA ESS;WSP CORP 6.2 WINNODE SUB LIC VPA ESS;WSP CORP 6.2 WINNODE SUB LIC VPA ESS;;;;79;;
1;3;2094;1;25,7685;20,95;WORKSPACE CORP 6.2 WIN P USR BAS VPA;20974644;;WORKSPACE CORP 6.2 WIN P USR BAS VPA;WORKSPACE CORP 6.2 WIN P USR BAS VPA;WORKSPACE CORP 6.2 WIN P USR BAS VPA;WORKSPACE CORP 6.2 WIN P USR BAS VPA;;;;79;;
1;3;2094;1;32,9025;26,75;WORKSPACE CORP 6.2 WIN P USR ESS VPA;20974645;;WORKSPACE CORP 6.2 WIN P USR ESS VPA;WORKSPACE CORP 6.2 WIN P USR ESS VPA;WORKSPACE CORP 6.2 WIN P USR ESS VPA;WORKSPACE CORP 6.2 WIN P USR ESS VPA;;;;79;;
1;3;2094;1;32,9025;26,75;WORKSPACE REMOTE 6.2 WIN P USR ESS VPA;20974647;;WORKSPACE REMOTE 6.2 WIN P USR ESS VPA;WORKSPACE REMOTE 6.2 WIN P USR ESS VPA;WORKSPACE REMOTE 6.2 WIN P USR ESS VPA;WORKSPACE REMOTE 6.2 WIN P USR ESS VPA;;;;79;;
1;3;2094;1;25,7685;20,95;WORKSPACE REMOTE 6.2 WINUSR RNW BAS VPA;20974648;;WORKSPACE REMOTE 6.2 WINUSR RNW BAS VPA;WORKSPACE REMOTE 6.2 WINUSR RNW BAS VPA;WORKSPACE REMOTE 6.2 WINUSR RNW BAS VPA;WORKSPACE REMOTE 6.2 WINUSR RNW BAS VPA;;;;79;;
1;3;2094;1;32,9025;26,75;WORKSPACE REMOTE 6.2 WINUSR RNW ESS VPA;20974649;;WORKSPACE REMOTE 6.2 WINUSR RNW ESS VPA;WORKSPACE REMOTE 6.2 WINUSR RNW ESS VPA;WORKSPACE REMOTE 6.2 WINUSR RNW ESS VPA;WORKSPACE REMOTE 6.2 WINUSR RNW ESS VPA;;;;79;;
1;3;2094;1;73,4802;59,74;WSP REMOTE 6.2 WINUSR SUB LIC VPA BAS;20974656;;WSP REMOTE 6.2 WINUSR SUB LIC VPA BAS;WSP REMOTE 6.2 WINUSR SUB LIC VPA BAS;WSP REMOTE 6.2 WINUSR SUB LIC VPA BAS;WSP REMOTE 6.2 WINUSR SUB LIC VPA BAS;;;;79;;
1;3;2094;1;80,6265;65,55;WSP REMOTE 6.2 WINUSR SUB LIC VPA ESS;20974657;;WSP REMOTE 6.2 WINUSR SUB LIC VPA ESS;WSP REMOTE 6.2 WINUSR SUB LIC VPA ESS;WSP REMOTE 6.2 WINUSR SUB LIC VPA ESS;WSP REMOTE 6.2 WINUSR SUB LIC VPA ESS;;;;79;;
1;3;2094;1;9,9999;8,13;WORKSPACE STREAMING 6.1 WINNODE BAS VPA;20974658;;WORKSPACE STREAMING 6.1 WINNODE BAS VPA;WORKSPACE STREAMING 6.1 WINNODE BAS VPA;WORKSPACE STREAMING 6.1 WINNODE BAS VPA;WORKSPACE STREAMING 6.1 WINNODE BAS VPA;;;;79;;
1;3;2094;1;12,8166;10,42;WORKSPACE STREAMING 6.1 WINNODE ESS VPA;20974659;;WORKSPACE STREAMING 6.1 WINNODE ESS VPA;WORKSPACE STREAMING 6.1 WINNODE ESS VPA;WORKSPACE STREAMING 6.1 WINNODE ESS VPA;WORKSPACE STREAMING 6.1 WINNODE ESS VPA;;;;79;;
1;3;2094;1;9,9999;8,13;WSP STREAMING 6.1 WINNODE RNW BAS VPA;20974660;;WSP STREAMING 6.1 WINNODE RNW BAS VPA;WSP STREAMING 6.1 WINNODE RNW BAS VPA;WSP STREAMING 6.1 WINNODE RNW BAS VPA;WSP STREAMING 6.1 WINNODE RNW BAS VPA;;;;79;;
1;3;2094;1;12,8166;10,42;WSP STREAMING 6.1 WINNODE RNW ESS VPA;20974661;;WSP STREAMING 6.1 WINNODE RNW ESS VPA;WSP STREAMING 6.1 WINNODE RNW ESS VPA;WSP STREAMING 6.1 WINNODE RNW ESS VPA;WSP STREAMING 6.1 WINNODE RNW ESS VPA;;;;79;;
1;3;2094;1;28,5729;23,23;WSP STREAMING 6.1WINNODE SUB LIC VPA BAS;20974662;;WSP STREAMING 6.1WINNODE SUB LIC VPA BAS;WSP STREAMING 6.1WINNODE SUB LIC VPA BAS;WSP STREAMING 6.1WINNODE SUB LIC VPA BAS;WSP STREAMING 6.1WINNODE SUB LIC VPA BAS;;;;79;;
1;3;2094;1;31,3404;25,48;WSP STREAMING 6.1WINNODE SUB LIC VPA ESS;20974663;;WSP STREAMING 6.1WINNODE SUB LIC VPA ESS;WSP STREAMING 6.1WINNODE SUB LIC VPA ESS;WSP STREAMING 6.1WINNODE SUB LIC VPA ESS;WSP STREAMING 6.1WINNODE SUB LIC VPA ESS;;;;79;;
1;3;2094;1;885,5016;719,92;BE 2010 AGTDB2 WINSVR BNDLCU LIC VPA BAS;20975000;;BE 2010 AGTDB2 WINSVR BNDLCU LIC VPA BAS;BE 2010 AGTDB2 WINSVR BNDLCU LIC VPA BAS;BE 2010 AGTDB2 WINSVR BNDLCU LIC VPA BAS;BE 2010 AGTDB2 WINSVR BNDLCU LIC VPA BAS;;;;79;;
1;3;2094;1;1218,2412;990,44;BE 2010 AGTORCL WINSVR BNDL LIC VPA ESS;20975001;;BE 2010 AGTORCL WINSVR BNDL LIC VPA ESS;BE 2010 AGTORCL WINSVR BNDL LIC VPA ESS;BE 2010 AGTORCL WINSVR BNDL LIC VPA ESS;BE 2010 AGTORCL WINSVR BNDL LIC VPA ESS;;;;79;;
1;3;2094;1;1500,4647;1219,89;SIM 4.7 100 BNDL MULTI LIC ESS VPA;20975002;;SIM 4.7 100 BNDL MULTI LIC ESS VPA;SIM 4.7 100 BNDL MULTI LIC ESS VPA;SIM 4.7 100 BNDL MULTI LIC ESS VPA;SIM 4.7 100 BNDL MULTI LIC ESS VPA;;;;79;;
1;3;2094;1;1500,4647;1219,89;BE 2010 HYPER-V WINHOST BNDL LIC VPA ESS;20975003;;BE 2010 HYPER-V WINHOST BNDL LIC VPA ESS;BE 2010 HYPER-V WINHOST BNDL LIC VPA ESS;BE 2010 HYPER-V WINHOST BNDL LIC VPA ESS;BE 2010 HYPER-V WINHOST BNDL LIC VPA ESS;;;;79;;
1;3;2094;1;1702,7874;1384,38;BE 2010 AGTORCL BNDL STD LIC VPA ESS;20975004;;BE 2010 AGTORCL BNDL STD LIC VPA ESS;BE 2010 AGTORCL BNDL STD LIC VPA ESS;BE 2010 AGTORCL BNDL STD LIC VPA ESS;BE 2010 AGTORCL BNDL STD LIC VPA ESS;;;;79;;
1;3;2094;1;1255,1289;1020,43;BE 2010 AGTDB2 BNDL STD LIC VPA BAS;20975005;;BE 2010 AGTDB2 BNDL STD LIC VPA BAS;BE 2010 AGTDB2 BNDL STD LIC VPA BAS;BE 2010 AGTDB2 BNDL STD LIC VPA BAS;BE 2010 AGTDB2 BNDL STD LIC VPA BAS;;;;79;;
1;3;2094;1;936,03;761;SIM 4.7 100 BNDL MULTI LIC ESS VPA;20975006;;SIM 4.7 100 BNDL MULTI LIC ESS VPA;SIM 4.7 100 BNDL MULTI LIC ESS VPA;SIM 4.7 100 BNDL MULTI LIC ESS VPA;SIM 4.7 100 BNDL MULTI LIC ESS VPA;;;;79;;
1;3;2094;1;2895,0141;2353,67;BE 2010 DEDUPLICATION BNDL LIC VPA BAS;20975007;;BE 2010 DEDUPLICATION BNDL LIC VPA BAS;BE 2010 DEDUPLICATION BNDL LIC VPA BAS;BE 2010 DEDUPLICATION BNDL LIC VPA BAS;BE 2010 DEDUPLICATION BNDL LIC VPA BAS;;;;79;;
1;3;2094;1;3017,682;2453,4;BE 2010 DEDUPLICATION BNDL LIC VPA ESS;20975008;;BE 2010 DEDUPLICATION BNDL LIC VPA ESS;BE 2010 DEDUPLICATION BNDL LIC VPA ESS;BE 2010 DEDUPLICATION BNDL LIC VPA ESS;BE 2010 DEDUPLICATION BNDL LIC VPA ESS;;;;79;;
1;3;2094;1;1770,1299;1439,13;SIM 4.7 100 BNDL MULTI LIC ESS VPA;20975010;;SIM 4.7 100 BNDL MULTI LIC ESS VPA;SIM 4.7 100 BNDL MULTI LIC ESS VPA;SIM 4.7 100 BNDL MULTI LIC ESS VPA;SIM 4.7 100 BNDL MULTI LIC ESS VPA;;;;79;;
1;3;2094;1;1876,7709;1525,83;SIM 4.7 100 BNDL MULTI LIC ESS VPA;20975011;;SIM 4.7 100 BNDL MULTI LIC ESS VPA;SIM 4.7 100 BNDL MULTI LIC ESS VPA;SIM 4.7 100 BNDL MULTI LIC ESS VPA;SIM 4.7 100 BNDL MULTI LIC ESS VPA;;;;79;;
1;3;2094;1;2516,5677;2045,99;BE 2010 MSFT WINHOST BNDL LIC VPA BAS;20975012;;BE 2010 MSFT WINHOST BNDL LIC VPA BAS;BE 2010 MSFT WINHOST BNDL LIC VPA BAS;BE 2010 MSFT WINHOST BNDL LIC VPA BAS;BE 2010 MSFT WINHOST BNDL LIC VPA BAS;;;;79;;
1;3;2094;1;2623,2087;2132,69;BE 2010 MSFT WINHOST BNDL LIC VPA ESS;20975013;;BE 2010 MSFT WINHOST BNDL LIC VPA ESS;BE 2010 MSFT WINHOST BNDL LIC VPA ESS;BE 2010 MSFT WINHOST BNDL LIC VPA ESS;BE 2010 MSFT WINHOST BNDL LIC VPA ESS;;;;79;;
1;3;2094;1;439,2084;357,08;BE 2010 ADV DISK BACKUP BNDL LIC VPA BAS;20975014;;BE 2010 ADV DISK BACKUP BNDL LIC VPA BAS;BE 2010 ADV DISK BACKUP BNDL LIC VPA BAS;BE 2010 ADV DISK BACKUP BNDL LIC VPA BAS;BE 2010 ADV DISK BACKUP BNDL LIC VPA BAS;;;;79;;
1;3;2094;1;1876,7709;1525,83;BE 2010 DEDUPLICATION BNDL LIC VPA ESS;20975015;;BE 2010 DEDUPLICATION BNDL LIC VPA ESS;BE 2010 DEDUPLICATION BNDL LIC VPA ESS;BE 2010 DEDUPLICATION BNDL LIC VPA ESS;BE 2010 DEDUPLICATION BNDL LIC VPA ESS;;;;79;;
1;3;2094;1;371,5953;302,11;SIM 4.7 100 BNDL MULTI LIC ESS VPA;20975016;;SIM 4.7 100 BNDL MULTI LIC ESS VPA;SIM 4.7 100 BNDL MULTI LIC ESS VPA;SIM 4.7 100 BNDL MULTI LIC ESS VPA;SIM 4.7 100 BNDL MULTI LIC ESS VPA;;;;79;;
1;3;2094;1;256,4058;208,46;SIM 4.7 100 BNDL MULTI LIC ESS VPA;20975017;;SIM 4.7 100 BNDL MULTI LIC ESS VPA;SIM 4.7 100 BNDL MULTI LIC ESS VPA;SIM 4.7 100 BNDL MULTI LIC ESS VPA;SIM 4.7 100 BNDL MULTI LIC ESS VPA;;;;79;;
1;3;2094;1;616,6605;501,35;BE 2010 OPEN FILENTWRBNDL LIC VPA BAS;20975018;;BE 2010 OPEN FILENTWRBNDL LIC VPA BAS;BE 2010 OPEN FILENTWRBNDL LIC VPA BAS;BE 2010 OPEN FILENTWRBNDL LIC VPA BAS;BE 2010 OPEN FILENTWRBNDL LIC VPA BAS;;;;79;;
1;3;2094;1;653,8188;531,56;BE 2010 OPEN FILENTWRBNDL VU LIC VPA ESS;20975019;;BE 2010 OPEN FILENTWRBNDL VU LIC VPA ESS;BE 2010 OPEN FILENTWRBNDL VU LIC VPA ESS;BE 2010 OPEN FILENTWRBNDL VU LIC VPA ESS;BE 2010 OPEN FILENTWRBNDL VU LIC VPA ESS;;;;79;;
1;3;2094;1;527,9283;429,21;BE 2010 AGTWIN SYS BNDL LIC VPA BAS;20975020;;BE 2010 AGTWIN SYS BNDL LIC VPA BAS;BE 2010 AGTWIN SYS BNDL LIC VPA BAS;BE 2010 AGTWIN SYS BNDL LIC VPA BAS;BE 2010 AGTWIN SYS BNDL LIC VPA BAS;;;;79;;
1;3;2094;1;559,7361;455,07;BE 2010 AGTWIN SYS BNDL VU LIC VPA ESS;20975021;;BE 2010 AGTWIN SYS BNDL VU LIC VPA ESS;BE 2010 AGTWIN SYS BNDL VU LIC VPA ESS;BE 2010 AGTWIN SYS BNDL VU LIC VPA ESS;BE 2010 AGTWIN SYS BNDL VU LIC VPA ESS;;;;79;;
1;3;2094;1;371,5953;302,11;SIM 4.7 100 BNDL MULTI LIC ESS VPA;20975022;;SIM 4.7 100 BNDL MULTI LIC ESS VPA;SIM 4.7 100 BNDL MULTI LIC ESS VPA;SIM 4.7 100 BNDL MULTI LIC ESS VPA;SIM 4.7 100 BNDL MULTI LIC ESS VPA;;;;79;;
1;3;2094;1;371,5953;302,11;BE 2010 AGT SYS MACBNDL LIC VPA ESS;20975023;;BE 2010 AGT SYS MACBNDL LIC VPA ESS;BE 2010 AGT SYS MACBNDL LIC VPA ESS;BE 2010 AGT SYS MACBNDL LIC VPA ESS;BE 2010 AGT SYS MACBNDL LIC VPA ESS;;;;79;;
1;3;2094;1;350,4762;284,94;BE 2010 AGT SYS MACBNDL VU LIC VPA BAS;20975024;;BE 2010 AGT SYS MACBNDL VU LIC VPA BAS;BE 2010 AGT SYS MACBNDL VU LIC VPA BAS;BE 2010 AGT SYS MACBNDL VU LIC VPA BAS;BE 2010 AGT SYS MACBNDL VU LIC VPA BAS;;;;79;;
1;3;2094;1;2923,6116;2376,92;SIM 4.7 100 BNDL MULTI LIC ESS VPA;20975025;;SIM 4.7 100 BNDL MULTI LIC ESS VPA;SIM 4.7 100 BNDL MULTI LIC ESS VPA;SIM 4.7 100 BNDL MULTI LIC ESS VPA;SIM 4.7 100 BNDL MULTI LIC ESS VPA;;;;79;;
1;3;2094;1;3099,723;2520,1;SIM 4.7 100 BNDL MULTI LIC ESS VPA;20975026;;SIM 4.7 100 BNDL MULTI LIC ESS VPA;SIM 4.7 100 BNDL MULTI LIC ESS VPA;SIM 4.7 100 BNDL MULTI LIC ESS VPA;SIM 4.7 100 BNDL MULTI LIC ESS VPA;;;;79;;
1;3;2094;1;4156,4529;3379,23;BE 2010 DEDUPLICBNDL LIC VPA BAS;20975027;;BE 2010 DEDUPLICBNDL LIC VPA BAS;BE 2010 DEDUPLICBNDL LIC VPA BAS;BE 2010 DEDUPLICBNDL LIC VPA BAS;BE 2010 DEDUPLICBNDL LIC VPA BAS;;;;79;;
1;3;2094;1;4332,5766;3522,42;BE 2010 DEDUPLICBNDL LIC VPA ESS;20975028;;BE 2010 DEDUPLICBNDL LIC VPA ESS;BE 2010 DEDUPLICBNDL LIC VPA ESS;BE 2010 DEDUPLICBNDL LIC VPA ESS;BE 2010 DEDUPLICBNDL LIC VPA ESS;;;;79;;
1;3;2094;1;2035,9452;1655,24;BE 2010 DEDUPLICATBNDL UG LIC VPA BAS;20975030;;BE 2010 DEDUPLICATBNDL UG LIC VPA BAS;BE 2010 DEDUPLICATBNDL UG LIC VPA BAS;BE 2010 DEDUPLICATBNDL UG LIC VPA BAS;BE 2010 DEDUPLICATBNDL UG LIC VPA BAS;;;;79;;
1;3;2094;1;2158,9944;1755,28;BE 2010 DEDUPLICATBNDL UG LIC VPA ESS;20975031;;BE 2010 DEDUPLICATBNDL UG LIC VPA ESS;BE 2010 DEDUPLICATBNDL UG LIC VPA ESS;BE 2010 DEDUPLICATBNDL UG LIC VPA ESS;BE 2010 DEDUPLICATBNDL UG LIC VPA ESS;;;;79;;
1;3;2094;1;2011,9971;1635,77;SIM 4.7 100 BNDL MULTI LIC ESS VPA;20975032;;SIM 4.7 100 BNDL MULTI LIC ESS VPA;SIM 4.7 100 BNDL MULTI LIC ESS VPA;SIM 4.7 100 BNDL MULTI LIC ESS VPA;SIM 4.7 100 BNDL MULTI LIC ESS VPA;;;;79;;
1;3;2094;1;1149,0414;934,18;BE 2010 AGTORCL BNDL VU LIC VPA BAS;20975033;;BE 2010 AGTORCL BNDL VU LIC VPA BAS;BE 2010 AGTORCL BNDL VU LIC VPA BAS;BE 2010 AGTORCL BNDL VU LIC VPA BAS;BE 2010 AGTORCL BNDL VU LIC VPA BAS;;;;79;;
1;3;2094;1;885,5016;719,92;BE 2010 AGTDB2 WINSVR BNDLVU LIC VPA BAS;20975034;;BE 2010 AGTDB2 WINSVR BNDLVU LIC VPA BAS;BE 2010 AGTDB2 WINSVR BNDLVU LIC VPA BAS;BE 2010 AGTDB2 WINSVR BNDLVU LIC VPA BAS;BE 2010 AGTDB2 WINSVR BNDLVU LIC VPA BAS;;;;79;;
1;3;2094;1;4201,0896;3415,52;BE 2010 UNLIMITDRIVE BNDL LIC VPA ESS;20975035;;BE 2010 UNLIMITDRIVE BNDL LIC VPA ESS;BE 2010 UNLIMITDRIVE BNDL LIC VPA ESS;BE 2010 UNLIMITDRIVE BNDL LIC VPA ESS;BE 2010 UNLIMITDRIVE BNDL LIC VPA ESS;;;;79;;
1;3;2094;1;938,8344;763,28;BE 2010 SVR WINSVR BNDL CU LIC VPA ESS;20975036;;BE 2010 SVR WINSVR BNDL CU LIC VPA ESS;BE 2010 SVR WINSVR BNDL CU LIC VPA ESS;BE 2010 SVR WINSVR BNDL CU LIC VPA ESS;BE 2010 SVR WINSVR BNDL CU LIC VPA ESS;;;;79;;
1;3;2094;1;1770,1299;1439,13;BE 2010 VMWARE WINHOST BNDL LIC VPA BAS;20975037;;BE 2010 VMWARE WINHOST BNDL LIC VPA BAS;BE 2010 VMWARE WINHOST BNDL LIC VPA BAS;BE 2010 VMWARE WINHOST BNDL LIC VPA BAS;BE 2010 VMWARE WINHOST BNDL LIC VPA BAS;;;;79;;
1;3;2094;1;1876,7709;1525,83;BE 2010 VMWARE WINHOST BNDL LIC VPA ESS;20975038;;BE 2010 VMWARE WINHOST BNDL LIC VPA ESS;BE 2010 VMWARE WINHOST BNDL LIC VPA ESS;BE 2010 VMWARE WINHOST BNDL LIC VPA ESS;BE 2010 VMWARE WINHOST BNDL LIC VPA ESS;;;;79;;
1;3;2094;1;2516,5677;2045,99;BE 2010 VMWARE WINHOST BNDL LIC VPA BAS;20975039;;BE 2010 VMWARE WINHOST BNDL LIC VPA BAS;BE 2010 VMWARE WINHOST BNDL LIC VPA BAS;BE 2010 VMWARE WINHOST BNDL LIC VPA BAS;BE 2010 VMWARE WINHOST BNDL LIC VPA BAS;;;;79;;
1;3;2094;1;2623,2087;2132,69;BE 2010 VMWARE WINHOST BNDL LIC VPA ESS;20975040;;BE 2010 VMWARE WINHOST BNDL LIC VPA ESS;BE 2010 VMWARE WINHOST BNDL LIC VPA ESS;BE 2010 VMWARE WINHOST BNDL LIC VPA ESS;BE 2010 VMWARE WINHOST BNDL LIC VPA ESS;;;;79;;
1;3;2094;1;882,8448;717,76;BE 2010 AGTMSFT SQL BNDL VU LIC VPA BAS;20975042;;BE 2010 AGTMSFT SQL BNDL VU LIC VPA BAS;BE 2010 AGTMSFT SQL BNDL VU LIC VPA BAS;BE 2010 AGTMSFT SQL BNDL VU LIC VPA BAS;BE 2010 AGTMSFT SQL BNDL VU LIC VPA BAS;;;;79;;
1;3;2094;1;936,03;761;BE 2010 AGTMSFT EXCH BNDL LIC VPA ESS;20975043;;BE 2010 AGTMSFT EXCH BNDL LIC VPA ESS;BE 2010 AGTMSFT EXCH BNDL LIC VPA ESS;BE 2010 AGTMSFT EXCH BNDL LIC VPA ESS;BE 2010 AGTMSFT EXCH BNDL LIC VPA ESS;;;;79;;
1;3;2094;1;882,8448;717,76;BE 2010 AGTMSFT EXCH BNDL VU LIC VPA BAS;20975044;;BE 2010 AGTMSFT EXCH BNDL VU LIC VPA BAS;BE 2010 AGTMSFT EXCH BNDL VU LIC VPA BAS;BE 2010 AGTMSFT EXCH BNDL VU LIC VPA BAS;BE 2010 AGTMSFT EXCH BNDL VU LIC VPA BAS;;;;79;;
1;3;2094;1;938,8344;763,28;BE 2010 AGTDB2 WINSVR BNDLVU LIC VPA ESS;20975045;;BE 2010 AGTDB2 WINSVR BNDLVU LIC VPA ESS;BE 2010 AGTDB2 WINSVR BNDLVU LIC VPA ESS;BE 2010 AGTDB2 WINSVR BNDLVU LIC VPA ESS;BE 2010 AGTDB2 WINSVR BNDLVU LIC VPA ESS;;;;79;;
1;3;2094;1;1218,2412;990,44;BE 2010 AGTORCL BNDL VU LIC VPA ESS;20975046;;BE 2010 AGTORCL BNDL VU LIC VPA ESS;BE 2010 AGTORCL BNDL VU LIC VPA ESS;BE 2010 AGTORCL BNDL VU LIC VPA ESS;BE 2010 AGTORCL BNDL VU LIC VPA ESS;;;;79;;
1;3;2094;1;936,03;761;BE 2010 AGTLTS DMNO BNDL LIC VPA ESS;20975047;;BE 2010 AGTLTS DMNO BNDL LIC VPA ESS;BE 2010 AGTLTS DMNO BNDL LIC VPA ESS;BE 2010 AGTLTS DMNO BNDL LIC VPA ESS;BE 2010 AGTLTS DMNO BNDL LIC VPA ESS;;;;79;;
1;3;2094;1;385,0392;313,04;BE 2010 VMWARE STE WINHOST SVR BAS VPA;20975065;;BE 2010 VMWARE STE WINHOST SVR BAS VPA;BE 2010 VMWARE STE WINHOST SVR BAS VPA;BE 2010 VMWARE STE WINHOST SVR BAS VPA;BE 2010 VMWARE STE WINHOST SVR BAS VPA;;;;79;;
1;3;2094;1;383,883;312,1;BE 2010 MSFT HYP-V STE WINHOST BAS VPA;20975066;;BE 2010 MSFT HYP-V STE WINHOST BAS VPA;BE 2010 MSFT HYP-V STE WINHOST BAS VPA;BE 2010 MSFT HYP-V STE WINHOST BAS VPA;BE 2010 MSFT HYP-V STE WINHOST BAS VPA;;;;79;;
1;3;2094;1;491,9877;399,99;BE 2010 VMWARE STE WINHOST SVR ESS VPA;20975067;;BE 2010 VMWARE STE WINHOST SVR ESS VPA;BE 2010 VMWARE STE WINHOST SVR ESS VPA;BE 2010 VMWARE STE WINHOST SVR ESS VPA;BE 2010 VMWARE STE WINHOST SVR ESS VPA;;;;79;;
1;3;2094;1;490,5117;398,79;BE 2010 MSFT HYP-V STE WINHOST ESS VPA;20975068;;BE 2010 MSFT HYP-V STE WINHOST ESS VPA;BE 2010 MSFT HYP-V STE WINHOST ESS VPA;BE 2010 MSFT HYP-V STE WINHOST ESS VPA;BE 2010 MSFT HYP-V STE WINHOST ESS VPA;;;;79;;
1;3;2094;1;634,0281;515,47;BE 2010 DEDUPLICATAND ARCHIVING BAS VPA;20975076;;BE 2010 DEDUPLICATAND ARCHIVING BAS VPA;BE 2010 DEDUPLICATAND ARCHIVING BAS VPA;BE 2010 DEDUPLICATAND ARCHIVING BAS VPA;BE 2010 DEDUPLICATAND ARCHIVING BAS VPA;;;;79;;
1;3;2094;1;810,1518;658,66;BE 2010 DEDUPLICATAND ARCHIVING ESS VPA;20975078;;BE 2010 DEDUPLICATAND ARCHIVING ESS VPA;BE 2010 DEDUPLICATAND ARCHIVING ESS VPA;BE 2010 DEDUPLICATAND ARCHIVING ESS VPA;BE 2010 DEDUPLICATAND ARCHIVING ESS VPA;;;;79;;
1;3;2094;1;442,9353;360,11;BE 2010 DEDUPLICATION STE WINSVR BAS VPA;20975081;;BE 2010 DEDUPLICATION STE WINSVR BAS VPA;BE 2010 DEDUPLICATION STE WINSVR BAS VPA;BE 2010 DEDUPLICATION STE WINSVR BAS VPA;BE 2010 DEDUPLICATION STE WINSVR BAS VPA;;;;79;;
1;3;2094;1;565,9722;460,14;BE 2010 DEDUPLICATION STE WINSVR ESS VPA;20975082;;BE 2010 DEDUPLICATION STE WINSVR ESS VPA;BE 2010 DEDUPLICATION STE WINSVR ESS VPA;BE 2010 DEDUPLICATION STE WINSVR ESS VPA;BE 2010 DEDUPLICATION STE WINSVR ESS VPA;;;;79;;
1;3;2094;1;938,8344;763,28;BE 2010 AGTDB2 WINSVRBNDL CU LIC VPA ESS;20975100;;BE 2010 AGTDB2 WINSVRBNDL CU LIC VPA ESS;BE 2010 AGTDB2 WINSVRBNDL CU LIC VPA ESS;BE 2010 AGTDB2 WINSVRBNDL CU LIC VPA ESS;BE 2010 AGTDB2 WINSVRBNDL CU LIC VPA ESS;;;;79;;
1;3;2094;1;1308,3141;1063,67;BE 2010 AGTDB2 BNDL STD LIC VPA ESS;20975101;;BE 2010 AGTDB2 BNDL STD LIC VPA ESS;BE 2010 AGTDB2 BNDL STD LIC VPA ESS;BE 2010 AGTDB2 BNDL STD LIC VPA ESS;BE 2010 AGTDB2 BNDL STD LIC VPA ESS;;;;79;;
1;3;2094;1;1419,4692;1154,04;BE 2010 AGTEV WINSVR BNDL CU LIC VPA BAS;20975102;;BE 2010 AGTEV WINSVR BNDL CU LIC VPA BAS;BE 2010 AGTEV WINSVR BNDL CU LIC VPA BAS;BE 2010 AGTEV WINSVR BNDL CU LIC VPA BAS;BE 2010 AGTEV WINSVR BNDL CU LIC VPA BAS;;;;79;;
1;3;2094;1;372,1242;302,54;BE 2010 AGT REMNTWR NTWRBNDL LIC VPA BAS;20975103;;BE 2010 AGT REMNTWR NTWRBNDL LIC VPA BAS;BE 2010 AGT REMNTWR NTWRBNDL LIC VPA BAS;BE 2010 AGT REMNTWR NTWRBNDL LIC VPA BAS;BE 2010 AGT REMNTWR NTWRBNDL LIC VPA BAS;;;;79;;
1;3;2094;1;387,8805;315,35;BE 2010 AGT REMNTWR NTWRBNDL LIC VPA ESS;20975104;;BE 2010 AGT REMNTWR NTWRBNDL LIC VPA ESS;BE 2010 AGT REMNTWR NTWRBNDL LIC VPA ESS;BE 2010 AGT REMNTWR NTWRBNDL LIC VPA ESS;BE 2010 AGT REMNTWR NTWRBNDL LIC VPA ESS;;;;79;;
1;3;2094;1;261,7563;212,81;BE 2010 AGT NTWRBNDL VU LIC VPA BAS;20975105;;BE 2010 AGT NTWRBNDL VU LIC VPA BAS;BE 2010 AGT NTWRBNDL VU LIC VPA BAS;BE 2010 AGT NTWRBNDL VU LIC VPA BAS;BE 2010 AGT NTWRBNDL VU LIC VPA BAS;;;;79;;
1;3;2094;1;277,5126;225,62;BE 2010 AGT NTWRBNDL VU LIC VPA ESS;20975106;;BE 2010 AGT NTWRBNDL VU LIC VPA ESS;BE 2010 AGT NTWRBNDL VU LIC VPA ESS;BE 2010 AGT NTWRBNDL VU LIC VPA ESS;BE 2010 AGT NTWRBNDL VU LIC VPA ESS;;;;79;;
1;3;2094;1;705,3927;573,49;BE 2010 REM MEDIALNX LNXBNDL LIC VPA BAS;20975107;;BE 2010 REM MEDIALNX LNXBNDL LIC VPA BAS;BE 2010 REM MEDIALNX LNXBNDL LIC VPA BAS;BE 2010 REM MEDIALNX LNXBNDL LIC VPA BAS;BE 2010 REM MEDIALNX LNXBNDL LIC VPA BAS;;;;79;;
1;3;2094;1;747,8769;608,03;BE 2010 REM MEDIALNX LNXBNDL LIC VPA ESS;20975108;;BE 2010 REM MEDIALNX LNXBNDL LIC VPA ESS;BE 2010 REM MEDIALNX LNXBNDL LIC VPA ESS;BE 2010 REM MEDIALNX LNXBNDL LIC VPA ESS;BE 2010 REM MEDIALNX LNXBNDL LIC VPA ESS;;;;79;;
1;3;2094;1;1002,8436;815,32;BE 2010 REM MEDIALNX LNXBNDL LIC VPA BAS;20975109;;BE 2010 REM MEDIALNX LNXBNDL LIC VPA BAS;BE 2010 REM MEDIALNX LNXBNDL LIC VPA BAS;BE 2010 REM MEDIALNX LNXBNDL LIC VPA BAS;BE 2010 REM MEDIALNX LNXBNDL LIC VPA BAS;;;;79;;
1;3;2094;1;1045,3278;849,86;BE 2010 REM MEDIALNX LNXBNDL LIC VPA ESS;20975110;;BE 2010 REM MEDIALNX LNXBNDL LIC VPA ESS;BE 2010 REM MEDIALNX LNXBNDL LIC VPA ESS;BE 2010 REM MEDIALNX LNXBNDL LIC VPA ESS;BE 2010 REM MEDIALNX LNXBNDL LIC VPA ESS;;;;79;;
1;3;2094;1;559,7361;455,07;BE 2010 AGTWIN SYS BNDL LIC VPA ESS;20975111;;BE 2010 AGTWIN SYS BNDL LIC VPA ESS;BE 2010 AGTWIN SYS BNDL LIC VPA ESS;BE 2010 AGTWIN SYS BNDL LIC VPA ESS;BE 2010 AGTWIN SYS BNDL LIC VPA ESS;;;;79;;
1;3;2094;1;750,546;610,2;BE 2010 AGTWIN SYS BNDL STD LIC VPA BAS;20975112;;BE 2010 AGTWIN SYS BNDL STD LIC VPA BAS;BE 2010 AGTWIN SYS BNDL STD LIC VPA BAS;BE 2010 AGTWIN SYS BNDL STD LIC VPA BAS;BE 2010 AGTWIN SYS BNDL STD LIC VPA BAS;;;;79;;
1;3;2094;1;782,3661;636,07;BE 2010 AGTWIN SYS BNDL STD LIC VPA ESS;20975113;;BE 2010 AGTWIN SYS BNDL STD LIC VPA ESS;BE 2010 AGTWIN SYS BNDL STD LIC VPA ESS;BE 2010 AGTWIN SYS BNDL STD LIC VPA ESS;BE 2010 AGTWIN SYS BNDL STD LIC VPA ESS;;;;79;;
1;3;2094;1;527,9283;429,21;BE 2010 AGTWIN SYS BNDL VU LIC VPA BAS;20975114;;BE 2010 AGTWIN SYS BNDL VU LIC VPA BAS;BE 2010 AGTWIN SYS BNDL VU LIC VPA BAS;BE 2010 AGTWIN SYS BNDL VU LIC VPA BAS;BE 2010 AGTWIN SYS BNDL VU LIC VPA BAS;;;;79;;
1;3;2094;1;350,4762;284,94;SIM 4.7 100 BNDL MULTI LIC ESS VPA;20975115;;SIM 4.7 100 BNDL MULTI LIC ESS VPA;SIM 4.7 100 BNDL MULTI LIC ESS VPA;SIM 4.7 100 BNDL MULTI LIC ESS VPA;SIM 4.7 100 BNDL MULTI LIC ESS VPA;;;;79;;
1;3;2094;1;498,273;405,1;SIM 4.7 100 BNDL MULTI LIC ESS VPA;20975116;;SIM 4.7 100 BNDL MULTI LIC ESS VPA;SIM 4.7 100 BNDL MULTI LIC ESS VPA;SIM 4.7 100 BNDL MULTI LIC ESS VPA;SIM 4.7 100 BNDL MULTI LIC ESS VPA;;;;79;;
1;3;2094;1;519,3798;422,26;SIM 4.7 100 BNDL MULTI LIC ESS VPA;20975117;;SIM 4.7 100 BNDL MULTI LIC ESS VPA;SIM 4.7 100 BNDL MULTI LIC ESS VPA;SIM 4.7 100 BNDL MULTI LIC ESS VPA;SIM 4.7 100 BNDL MULTI LIC ESS VPA;;;;79;;
1;3;2094;1;350,4762;284,94;SIM 4.7 100 BNDL MULTI LIC ESS VPA;20975118;;SIM 4.7 100 BNDL MULTI LIC ESS VPA;SIM 4.7 100 BNDL MULTI LIC ESS VPA;SIM 4.7 100 BNDL MULTI LIC ESS VPA;SIM 4.7 100 BNDL MULTI LIC ESS VPA;;;;79;;
1;3;2094;1;371,5953;302,11;SIM 4.7 100 BNDL MULTI LIC ESS VPA;20975119;;SIM 4.7 100 BNDL MULTI LIC ESS VPA;SIM 4.7 100 BNDL MULTI LIC ESS VPA;SIM 4.7 100 BNDL MULTI LIC ESS VPA;SIM 4.7 100 BNDL MULTI LIC ESS VPA;;;;79;;
1;3;2094;1;350,4762;284,94;BE 2010 AGT SYS MACBNDL LIC VPA BAS;20975120;;BE 2010 AGT SYS MACBNDL LIC VPA BAS;BE 2010 AGT SYS MACBNDL LIC VPA BAS;BE 2010 AGT SYS MACBNDL LIC VPA BAS;BE 2010 AGT SYS MACBNDL LIC VPA BAS;;;;79;;
1;3;2094;1;498,273;405,1;BE 2010 AGT SYS MACBNDL LIC VPA BAS;20975121;;BE 2010 AGT SYS MACBNDL LIC VPA BAS;BE 2010 AGT SYS MACBNDL LIC VPA BAS;BE 2010 AGT SYS MACBNDL LIC VPA BAS;BE 2010 AGT SYS MACBNDL LIC VPA BAS;;;;79;;
1;3;2094;1;519,3798;422,26;BE 2010 AGT SYS MACBNDL LIC VPA ESS;20975122;;BE 2010 AGT SYS MACBNDL LIC VPA ESS;BE 2010 AGT SYS MACBNDL LIC VPA ESS;BE 2010 AGT SYS MACBNDL LIC VPA ESS;BE 2010 AGT SYS MACBNDL LIC VPA ESS;;;;79;;
1;3;2094;1;371,5953;302,11;BE 2010 AGT SYS MACBNDL VU LIC VPA ESS;20975123;;BE 2010 AGT SYS MACBNDL VU LIC VPA ESS;BE 2010 AGT SYS MACBNDL VU LIC VPA ESS;BE 2010 AGT SYS MACBNDL VU LIC VPA ESS;BE 2010 AGT SYS MACBNDL VU LIC VPA ESS;;;;79;;
1;3;2094;1;261,7563;212,81;BE 2010 AGT REMNTWR NTWRBNDL LIC VPA BAS;20975124;;BE 2010 AGT REMNTWR NTWRBNDL LIC VPA BAS;BE 2010 AGT REMNTWR NTWRBNDL LIC VPA BAS;BE 2010 AGT REMNTWR NTWRBNDL LIC VPA BAS;BE 2010 AGT REMNTWR NTWRBNDL LIC VPA BAS;;;;79;;
1;3;2094;1;277,5126;225,62;BE 2010 AGT REMNTWR NTWRBNDL LIC VPA ESS;20975125;;BE 2010 AGT REMNTWR NTWRBNDL LIC VPA ESS;BE 2010 AGT REMNTWR NTWRBNDL LIC VPA ESS;BE 2010 AGT REMNTWR NTWRBNDL LIC VPA ESS;BE 2010 AGT REMNTWR NTWRBNDL LIC VPA ESS;;;;79;;
1;3;2094;1;1770,1299;1439,13;BE 2010 OPT NDMP BNDL VU LIC VPA BAS;20975126;;BE 2010 OPT NDMP BNDL VU LIC VPA BAS;BE 2010 OPT NDMP BNDL VU LIC VPA BAS;BE 2010 OPT NDMP BNDL VU LIC VPA BAS;BE 2010 OPT NDMP BNDL VU LIC VPA BAS;;;;79;;
1;3;2094;1;1876,7709;1525,83;BE 2010 OPT NDMP BNDL VU LIC VPA ESS;20975127;;BE 2010 OPT NDMP BNDL VU LIC VPA ESS;BE 2010 OPT NDMP BNDL VU LIC VPA ESS;BE 2010 OPT NDMP BNDL VU LIC VPA ESS;BE 2010 OPT NDMP BNDL VU LIC VPA ESS;;;;79;;
1;3;2094;1;936,03;761;BE 2010 OPT SAN SHARBNDL VU LIC VPA ESS;20975128;;BE 2010 OPT SAN SHARBNDL VU LIC VPA ESS;BE 2010 OPT SAN SHARBNDL VU LIC VPA ESS;BE 2010 OPT SAN SHARBNDL VU LIC VPA ESS;BE 2010 OPT SAN SHARBNDL VU LIC VPA ESS;;;;79;;
1;3;2094;1;2834,8671;2304,77;BE 2010 UNLIMITDRIVE BNDL LIC VPA BAS;20975129;;BE 2010 UNLIMITDRIVE BNDL LIC VPA BAS;BE 2010 UNLIMITDRIVE BNDL LIC VPA BAS;BE 2010 UNLIMITDRIVE BNDL LIC VPA BAS;BE 2010 UNLIMITDRIVE BNDL LIC VPA BAS;;;;79;;
1;3;2094;1;3005,6526;2443,62;BE 2010 UNLIMITDRIVE BNDL LIC VPA ESS;20975130;;BE 2010 UNLIMITDRIVE BNDL LIC VPA ESS;BE 2010 UNLIMITDRIVE BNDL LIC VPA ESS;BE 2010 UNLIMITDRIVE BNDL LIC VPA ESS;BE 2010 UNLIMITDRIVE BNDL LIC VPA ESS;;;;79;;
1;3;2094;1;4030,3164;3276,68;BE 2010 UNLIMITDRIVE BNDL LIC VPA BAS;20975131;;BE 2010 UNLIMITDRIVE BNDL LIC VPA BAS;BE 2010 UNLIMITDRIVE BNDL LIC VPA BAS;BE 2010 UNLIMITDRIVE BNDL LIC VPA BAS;BE 2010 UNLIMITDRIVE BNDL LIC VPA BAS;;;;79;;
1;3;2094;1;885,5016;719,92;BE 2010 SVR WINSVR BNDL CU LIC VPA BAS;20975132;;BE 2010 SVR WINSVR BNDL CU LIC VPA BAS;BE 2010 SVR WINSVR BNDL CU LIC VPA BAS;BE 2010 SVR WINSVR BNDL CU LIC VPA BAS;BE 2010 SVR WINSVR BNDL CU LIC VPA BAS;;;;79;;
1;3;2094;1;1258,8927;1023,49;BE 2010 SVR WINSVR BNDL STD LIC VPA BAS;20975133;;BE 2010 SVR WINSVR BNDL STD LIC VPA BAS;BE 2010 SVR WINSVR BNDL STD LIC VPA BAS;BE 2010 SVR WINSVR BNDL STD LIC VPA BAS;BE 2010 SVR WINSVR BNDL STD LIC VPA BAS;;;;79;;
1;3;2094;1;1312,2378;1066,86;BE 2010 SVR WINSVR BNDL STD LIC VPA ESS;20975134;;BE 2010 SVR WINSVR BNDL STD LIC VPA ESS;BE 2010 SVR WINSVR BNDL STD LIC VPA ESS;BE 2010 SVR WINSVR BNDL STD LIC VPA ESS;BE 2010 SVR WINSVR BNDL STD LIC VPA ESS;;;;79;;
1;3;2094;1;885,5016;719,92;BE 2010 SVR WINSVR BNDL VU LIC VPA BAS;20975135;;BE 2010 SVR WINSVR BNDL VU LIC VPA BAS;BE 2010 SVR WINSVR BNDL VU LIC VPA BAS;BE 2010 SVR WINSVR BNDL VU LIC VPA BAS;BE 2010 SVR WINSVR BNDL VU LIC VPA BAS;;;;79;;
1;3;2094;1;653,8188;531,56;BE 2010 OPEN FILENTWRBNDL LIC VPA ESS;20975136;;BE 2010 OPEN FILENTWRBNDL LIC VPA ESS;BE 2010 OPEN FILENTWRBNDL LIC VPA ESS;BE 2010 OPEN FILENTWRBNDL LIC VPA ESS;BE 2010 OPEN FILENTWRBNDL LIC VPA ESS;;;;79;;
1;3;2094;1;876,6948;712,76;BE 2010 OPEN FILENTWRBNDL LIC VPA BAS;20975137;;BE 2010 OPEN FILENTWRBNDL LIC VPA BAS;BE 2010 OPEN FILENTWRBNDL LIC VPA BAS;BE 2010 OPEN FILENTWRBNDL LIC VPA BAS;BE 2010 OPEN FILENTWRBNDL LIC VPA BAS;;;;79;;
1;3;2094;1;913,8531;742,97;BE 2010 OPEN FILENTWRBNDL LIC VPA ESS;20975138;;BE 2010 OPEN FILENTWRBNDL LIC VPA ESS;BE 2010 OPEN FILENTWRBNDL LIC VPA ESS;BE 2010 OPEN FILENTWRBNDL LIC VPA ESS;BE 2010 OPEN FILENTWRBNDL LIC VPA ESS;;;;79;;
1;3;2094;1;616,6605;501,35;BE 2010 OPEN FILENTWRBNDL VU LIC VPA BAS;20975139;;BE 2010 OPEN FILENTWRBNDL VU LIC VPA BAS;BE 2010 OPEN FILENTWRBNDL VU LIC VPA BAS;BE 2010 OPEN FILENTWRBNDL VU LIC VPA BAS;BE 2010 OPEN FILENTWRBNDL VU LIC VPA BAS;;;;79;;
1;3;2094;1;882,8448;717,76;BE 2010 OPT SAN SHARBNDL LIC VPA BAS;20975140;;BE 2010 OPT SAN SHARBNDL LIC VPA BAS;BE 2010 OPT SAN SHARBNDL LIC VPA BAS;BE 2010 OPT SAN SHARBNDL LIC VPA BAS;BE 2010 OPT SAN SHARBNDL LIC VPA BAS;;;;79;;
1;3;2094;1;936,03;761;BE 2010 OPT SAN SHARBNDL LIC VPA ESS;20975141;;BE 2010 OPT SAN SHARBNDL LIC VPA ESS;BE 2010 OPT SAN SHARBNDL LIC VPA ESS;BE 2010 OPT SAN SHARBNDL LIC VPA ESS;BE 2010 OPT SAN SHARBNDL LIC VPA ESS;;;;79;;
1;3;2094;1;1255,1289;1020,43;BE 2010 OPT SAN SHARBNDL STD LIC VPA BAS;20975142;;BE 2010 OPT SAN SHARBNDL STD LIC VPA BAS;BE 2010 OPT SAN SHARBNDL STD LIC VPA BAS;BE 2010 OPT SAN SHARBNDL STD LIC VPA BAS;BE 2010 OPT SAN SHARBNDL STD LIC VPA BAS;;;;79;;
1;3;2094;1;1308,3141;1063,67;BE 2010 OPT SAN SHARBNDL STD LIC VPA ESS;20975143;;BE 2010 OPT SAN SHARBNDL STD LIC VPA ESS;BE 2010 OPT SAN SHARBNDL STD LIC VPA ESS;BE 2010 OPT SAN SHARBNDL STD LIC VPA ESS;BE 2010 OPT SAN SHARBNDL STD LIC VPA ESS;;;;79;;
1;3;2094;1;882,8448;717,76;BE 2010 OPT SAN SHARBNDL VU LIC VPA BAS;20975144;;BE 2010 OPT SAN SHARBNDL VU LIC VPA BAS;BE 2010 OPT SAN SHARBNDL VU LIC VPA BAS;BE 2010 OPT SAN SHARBNDL VU LIC VPA BAS;BE 2010 OPT SAN SHARBNDL VU LIC VPA BAS;;;;79;;
1;3;2094;1;936,03;761;SIM 4.7 100 BNDL MULTI LIC ESS VPA;20975145;;SIM 4.7 100 BNDL MULTI LIC ESS VPA;SIM 4.7 100 BNDL MULTI LIC ESS VPA;SIM 4.7 100 BNDL MULTI LIC ESS VPA;SIM 4.7 100 BNDL MULTI LIC ESS VPA;;;;79;;
1;3;2094;1;1770,1299;1439,13;BE 2010 OPT NDMP WINSVR BNDL LIC VPA BAS;20975146;;BE 2010 OPT NDMP WINSVR BNDL LIC VPA BAS;BE 2010 OPT NDMP WINSVR BNDL LIC VPA BAS;BE 2010 OPT NDMP WINSVR BNDL LIC VPA BAS;BE 2010 OPT NDMP WINSVR BNDL LIC VPA BAS;;;;79;;
1;3;2094;1;1876,7709;1525,83;BE 2010 OPT NDMP WINSVR BNDL LIC VPA ESS;20975147;;BE 2010 OPT NDMP WINSVR BNDL LIC VPA ESS;BE 2010 OPT NDMP WINSVR BNDL LIC VPA ESS;BE 2010 OPT NDMP WINSVR BNDL LIC VPA ESS;BE 2010 OPT NDMP WINSVR BNDL LIC VPA ESS;;;;79;;
1;3;2094;1;2516,5677;2045,99;BE 2010 OPT NDMP BNDL STD LIC VPA BAS;20975148;;BE 2010 OPT NDMP BNDL STD LIC VPA BAS;BE 2010 OPT NDMP BNDL STD LIC VPA BAS;BE 2010 OPT NDMP BNDL STD LIC VPA BAS;BE 2010 OPT NDMP BNDL STD LIC VPA BAS;;;;79;;
1;3;2094;1;2623,2087;2132,69;BE 2010 OPT NDMP BNDL STD LIC VPA ESS;20975149;;BE 2010 OPT NDMP BNDL STD LIC VPA ESS;BE 2010 OPT NDMP BNDL STD LIC VPA ESS;BE 2010 OPT NDMP BNDL STD LIC VPA ESS;BE 2010 OPT NDMP BNDL STD LIC VPA ESS;;;;79;;
1;3;2094;1;938,8344;763,28;BE 2010 SVR WINSVR BNDL VU LIC VPA ESS;20975157;;BE 2010 SVR WINSVR BNDL VU LIC VPA ESS;BE 2010 SVR WINSVR BNDL VU LIC VPA ESS;BE 2010 SVR WINSVR BNDL VU LIC VPA ESS;BE 2010 SVR WINSVR BNDL VU LIC VPA ESS;;;;79;;
1;3;2094;1;936,03;761;BE 2010 AGTLTS DMNO BNDL VU LIC VPA ESS;20975158;;BE 2010 AGTLTS DMNO BNDL VU LIC VPA ESS;BE 2010 AGTLTS DMNO BNDL VU LIC VPA ESS;BE 2010 AGTLTS DMNO BNDL VU LIC VPA ESS;BE 2010 AGTLTS DMNO BNDL VU LIC VPA ESS;;;;79;;
1;3;2094;1;1415,2257;1150,59;BE 2010 HYPER-V WINHOST BNDL LIC VPA BAS;20975159;;BE 2010 HYPER-V WINHOST BNDL LIC VPA BAS;BE 2010 HYPER-V WINHOST BNDL LIC VPA BAS;BE 2010 HYPER-V WINHOST BNDL LIC VPA BAS;BE 2010 HYPER-V WINHOST BNDL LIC VPA BAS;;;;79;;
1;3;2094;1;2097,2484;1705,08;SIM 4.7 100 BNDL MULTI LIC ESS VPA;20975160;;SIM 4.7 100 BNDL MULTI LIC ESS VPA;SIM 4.7 100 BNDL MULTI LIC ESS VPA;SIM 4.7 100 BNDL MULTI LIC ESS VPA;SIM 4.7 100 BNDL MULTI LIC ESS VPA;;;;79;;
1;3;2094;1;1415,2257;1150,59;BE 2010 WINHOST BNDL VU LIC VPA BAS;20975161;;BE 2010 WINHOST BNDL VU LIC VPA BAS;BE 2010 WINHOST BNDL VU LIC VPA BAS;BE 2010 WINHOST BNDL VU LIC VPA BAS;BE 2010 WINHOST BNDL VU LIC VPA BAS;;;;79;;
1;3;2094;1;1500,4647;1219,89;BE 2010 WINHOST BNDL VU LIC VPA ESS;20975162;;BE 2010 WINHOST BNDL VU LIC VPA ESS;BE 2010 WINHOST BNDL VU LIC VPA ESS;BE 2010 WINHOST BNDL VU LIC VPA ESS;BE 2010 WINHOST BNDL VU LIC VPA ESS;;;;79;;
1;3;2094;1;882,8448;717,76;SIM 4.7 100 BNDL MULTI LIC ESS VPA;20975163;;SIM 4.7 100 BNDL MULTI LIC ESS VPA;SIM 4.7 100 BNDL MULTI LIC ESS VPA;SIM 4.7 100 BNDL MULTI LIC ESS VPA;SIM 4.7 100 BNDL MULTI LIC ESS VPA;;;;79;;
1;3;2094;1;936,03;761;SIM 4.7 100 BNDL MULTI LIC ESS VPA;20975164;;SIM 4.7 100 BNDL MULTI LIC ESS VPA;SIM 4.7 100 BNDL MULTI LIC ESS VPA;SIM 4.7 100 BNDL MULTI LIC ESS VPA;SIM 4.7 100 BNDL MULTI LIC ESS VPA;;;;79;;
1;3;2094;1;1255,1289;1020,43;SIM 4.7 100 BNDL MULTI LIC ESS VPA;20975165;;SIM 4.7 100 BNDL MULTI LIC ESS VPA;SIM 4.7 100 BNDL MULTI LIC ESS VPA;SIM 4.7 100 BNDL MULTI LIC ESS VPA;SIM 4.7 100 BNDL MULTI LIC ESS VPA;;;;79;;
1;3;2094;1;1308,3141;1063,67;SIM 4.7 100 BNDL MULTI LIC ESS VPA;20975166;;SIM 4.7 100 BNDL MULTI LIC ESS VPA;SIM 4.7 100 BNDL MULTI LIC ESS VPA;SIM 4.7 100 BNDL MULTI LIC ESS VPA;SIM 4.7 100 BNDL MULTI LIC ESS VPA;;;;79;;
1;3;2094;1;882,8448;717,76;SIM 4.7 100 BNDL MULTI LIC ESS VPA;20975167;;SIM 4.7 100 BNDL MULTI LIC ESS VPA;SIM 4.7 100 BNDL MULTI LIC ESS VPA;SIM 4.7 100 BNDL MULTI LIC ESS VPA;SIM 4.7 100 BNDL MULTI LIC ESS VPA;;;;79;;
1;3;2094;1;882,8448;717,76;BE 2010 AGTMSFT EXCH BNDL LIC VPA BAS;20975168;;BE 2010 AGTMSFT EXCH BNDL LIC VPA BAS;BE 2010 AGTMSFT EXCH BNDL LIC VPA BAS;BE 2010 AGTMSFT EXCH BNDL LIC VPA BAS;BE 2010 AGTMSFT EXCH BNDL LIC VPA BAS;;;;79;;
1;3;2094;1;1255,1289;1020,43;BE 2010 AGTMSFT BNDL STD LIC VPA BAS;20975169;;BE 2010 AGTMSFT BNDL STD LIC VPA BAS;BE 2010 AGTMSFT BNDL STD LIC VPA BAS;BE 2010 AGTMSFT BNDL STD LIC VPA BAS;BE 2010 AGTMSFT BNDL STD LIC VPA BAS;;;;79;;
1;3;2094;1;1504,9665;1223,55;BE 2010 AGTEV WINSVR BNDL CU LIC VPA ESS;20975170;;BE 2010 AGTEV WINSVR BNDL CU LIC VPA ESS;BE 2010 AGTEV WINSVR BNDL CU LIC VPA ESS;BE 2010 AGTEV WINSVR BNDL CU LIC VPA ESS;BE 2010 AGTEV WINSVR BNDL CU LIC VPA ESS;;;;79;;
1;3;2094;1;2018,0364;1640,68;BE 2010 AGTEV WINSVRBNDL STD LIC VPA BAS;20975171;;BE 2010 AGTEV WINSVRBNDL STD LIC VPA BAS;BE 2010 AGTEV WINSVRBNDL STD LIC VPA BAS;BE 2010 AGTEV WINSVRBNDL STD LIC VPA BAS;BE 2010 AGTEV WINSVRBNDL STD LIC VPA BAS;;;;79;;
1;3;2094;1;1419,4692;1154,04;BE 2010 AGTEV WINSVR BNDL VU LIC VPA BAS;20975172;;BE 2010 AGTEV WINSVR BNDL VU LIC VPA BAS;BE 2010 AGTEV WINSVR BNDL VU LIC VPA BAS;BE 2010 AGTEV WINSVR BNDL VU LIC VPA BAS;BE 2010 AGTEV WINSVR BNDL VU LIC VPA BAS;;;;79;;
1;3;2094;1;1504,9665;1223,55;BE 2010 AGTEV WINSVR BNDL VU LIC VPA ESS;20975173;;BE 2010 AGTEV WINSVR BNDL VU LIC VPA ESS;BE 2010 AGTEV WINSVR BNDL VU LIC VPA ESS;BE 2010 AGTEV WINSVR BNDL VU LIC VPA ESS;BE 2010 AGTEV WINSVR BNDL VU LIC VPA ESS;;;;79;;
1;3;2094;1;1255,1289;1020,43;BE 2010 AGTLTS DMNO BNDL STD LIC VPA BAS;20975174;;BE 2010 AGTLTS DMNO BNDL STD LIC VPA BAS;BE 2010 AGTLTS DMNO BNDL STD LIC VPA BAS;BE 2010 AGTLTS DMNO BNDL STD LIC VPA BAS;BE 2010 AGTLTS DMNO BNDL STD LIC VPA BAS;;;;79;;
1;3;2094;1;1308,3141;1063,67;BE 2010 AGTLTS DMNO BNDL STD LIC VPA ESS;20975175;;BE 2010 AGTLTS DMNO BNDL STD LIC VPA ESS;BE 2010 AGTLTS DMNO BNDL STD LIC VPA ESS;BE 2010 AGTLTS DMNO BNDL STD LIC VPA ESS;BE 2010 AGTLTS DMNO BNDL STD LIC VPA ESS;;;;79;;
1;3;2094;1;2011,9971;1635,77;SIM 4.7 100 BNDL MULTI LIC ESS VPA;20975176;;SIM 4.7 100 BNDL MULTI LIC ESS VPA;SIM 4.7 100 BNDL MULTI LIC ESS VPA;SIM 4.7 100 BNDL MULTI LIC ESS VPA;SIM 4.7 100 BNDL MULTI LIC ESS VPA;;;;79;;
1;3;2094;1;1308,3141;1063,67;BE 2010 AGTMSFT BNDL STD LIC VPA ESS;20975177;;BE 2010 AGTMSFT BNDL STD LIC VPA ESS;BE 2010 AGTMSFT BNDL STD LIC VPA ESS;BE 2010 AGTMSFT BNDL STD LIC VPA ESS;BE 2010 AGTMSFT BNDL STD LIC VPA ESS;;;;79;;
1;3;2094;1;936,03;761;BE 2010 AGTMSFT EXCH BNDL VU LIC VPA ESS;20975178;;BE 2010 AGTMSFT EXCH BNDL VU LIC VPA ESS;BE 2010 AGTMSFT EXCH BNDL VU LIC VPA ESS;BE 2010 AGTMSFT EXCH BNDL VU LIC VPA ESS;BE 2010 AGTMSFT EXCH BNDL VU LIC VPA ESS;;;;79;;
1;3;2094;1;2103,546;1710,2;BE 2010 AGTEV WINSVRBNDL STD LIC VPA ESS;20975179;;BE 2010 AGTEV WINSVRBNDL STD LIC VPA ESS;BE 2010 AGTEV WINSVRBNDL STD LIC VPA ESS;BE 2010 AGTEV WINSVRBNDL STD LIC VPA ESS;BE 2010 AGTEV WINSVRBNDL STD LIC VPA ESS;;;;79;;
1;3;2094;1;882,8448;717,76;BE 2010 AGTLTS DMNO BNDL LIC VPA BAS;20975180;;BE 2010 AGTLTS DMNO BNDL LIC VPA BAS;BE 2010 AGTLTS DMNO BNDL LIC VPA BAS;BE 2010 AGTLTS DMNO BNDL LIC VPA BAS;BE 2010 AGTLTS DMNO BNDL LIC VPA BAS;;;;79;;
1;3;2094;1;882,8448;717,76;BE 2010 AGTLTS DMNO BNDL VU LIC VPA BAS;20975181;;BE 2010 AGTLTS DMNO BNDL VU LIC VPA BAS;BE 2010 AGTLTS DMNO BNDL VU LIC VPA BAS;BE 2010 AGTLTS DMNO BNDL VU LIC VPA BAS;BE 2010 AGTLTS DMNO BNDL VU LIC VPA BAS;;;;79;;
1;3;2094;1;844,4934;686,58;BE 2010WIN SBS WINSVR BNDLCU LIC VPA ESS;20975182;;BE 2010WIN SBS WINSVR BNDLCU LIC VPA ESS;BE 2010WIN SBS WINSVR BNDLCU LIC VPA ESS;BE 2010WIN SBS WINSVR BNDLCU LIC VPA ESS;BE 2010WIN SBS WINSVR BNDLCU LIC VPA ESS;;;;79;;
1;3;2094;1;1128,9924;917,88;BE 2010WIN SBS BNDL STD LIC VPA BAS;20975183;;BE 2010WIN SBS BNDL STD LIC VPA BAS;BE 2010WIN SBS BNDL STD LIC VPA BAS;BE 2010WIN SBS BNDL STD LIC VPA BAS;BE 2010WIN SBS BNDL STD LIC VPA BAS;;;;79;;
1;3;2094;1;1176,8271;956,77;BE 2010WIN SBS BNDL STD LIC VPA ESS;20975184;;BE 2010WIN SBS BNDL STD LIC VPA ESS;BE 2010WIN SBS BNDL STD LIC VPA ESS;BE 2010WIN SBS BNDL STD LIC VPA ESS;BE 2010WIN SBS BNDL STD LIC VPA ESS;;;;79;;
1;3;2094;1;1770,1299;1439,13;BE 2010 CENTRAL ADMIN BNDL LIC VPA BAS;20975185;;BE 2010 CENTRAL ADMIN BNDL LIC VPA BAS;BE 2010 CENTRAL ADMIN BNDL LIC VPA BAS;BE 2010 CENTRAL ADMIN BNDL LIC VPA BAS;BE 2010 CENTRAL ADMIN BNDL LIC VPA BAS;;;;79;;
1;3;2094;1;1876,7709;1525,83;BE 2010 CENTRAL ADMIN BNDL LIC VPA ESS;20975186;;BE 2010 CENTRAL ADMIN BNDL LIC VPA ESS;BE 2010 CENTRAL ADMIN BNDL LIC VPA ESS;BE 2010 CENTRAL ADMIN BNDL LIC VPA ESS;BE 2010 CENTRAL ADMIN BNDL LIC VPA ESS;;;;79;;
1;3;2094;1;2516,5677;2045,99;BE 2010 CENTRAL ADMIN BNDL LIC VPA BAS;20975187;;BE 2010 CENTRAL ADMIN BNDL LIC VPA BAS;BE 2010 CENTRAL ADMIN BNDL LIC VPA BAS;BE 2010 CENTRAL ADMIN BNDL LIC VPA BAS;BE 2010 CENTRAL ADMIN BNDL LIC VPA BAS;;;;79;;
1;3;2094;1;2623,2087;2132,69;BE 2010 CENTRAL ADMIN BNDL LIC VPA ESS;20975188;;BE 2010 CENTRAL ADMIN BNDL LIC VPA ESS;BE 2010 CENTRAL ADMIN BNDL LIC VPA ESS;BE 2010 CENTRAL ADMIN BNDL LIC VPA ESS;BE 2010 CENTRAL ADMIN BNDL LIC VPA ESS;;;;79;;
1;3;2094;1;1770,1299;1439,13;BE 2010 CENTRAL ADMIN BNDL LIC VPA BAS;20975189;;BE 2010 CENTRAL ADMIN BNDL LIC VPA BAS;BE 2010 CENTRAL ADMIN BNDL LIC VPA BAS;BE 2010 CENTRAL ADMIN BNDL LIC VPA BAS;BE 2010 CENTRAL ADMIN BNDL LIC VPA BAS;;;;79;;
1;3;2094;1;1876,7709;1525,83;BE 2010 CENTRAL ADMIN BNDL LIC VPA ESS;20975190;;BE 2010 CENTRAL ADMIN BNDL LIC VPA ESS;BE 2010 CENTRAL ADMIN BNDL LIC VPA ESS;BE 2010 CENTRAL ADMIN BNDL LIC VPA ESS;BE 2010 CENTRAL ADMIN BNDL LIC VPA ESS;;;;79;;
1;3;2094;1;1770,1299;1439,13;BE 2010 DEDUPLICATION BNDL LIC VPA BAS;20975191;;BE 2010 DEDUPLICATION BNDL LIC VPA BAS;BE 2010 DEDUPLICATION BNDL LIC VPA BAS;BE 2010 DEDUPLICATION BNDL LIC VPA BAS;BE 2010 DEDUPLICATION BNDL LIC VPA BAS;;;;79;;
1;3;2094;1;2516,5677;2045,99;BE 2010 DEDUPLICATION BNDL LIC VPA BAS;20975192;;BE 2010 DEDUPLICATION BNDL LIC VPA BAS;BE 2010 DEDUPLICATION BNDL LIC VPA BAS;BE 2010 DEDUPLICATION BNDL LIC VPA BAS;BE 2010 DEDUPLICATION BNDL LIC VPA BAS;;;;79;;
1;3;2094;1;2631,0807;2139,09;BE 2010 DEDUPLICATION BNDL LIC VPA ESS;20975193;;BE 2010 DEDUPLICATION BNDL LIC VPA ESS;BE 2010 DEDUPLICATION BNDL LIC VPA ESS;BE 2010 DEDUPLICATION BNDL LIC VPA ESS;BE 2010 DEDUPLICATION BNDL LIC VPA ESS;;;;79;;
1;3;2094;1;796,5111;647,57;BE 2010WIN SBS WINSVR BNDLVU LIC VPA BAS;20975194;;BE 2010WIN SBS WINSVR BNDLVU LIC VPA BAS;BE 2010WIN SBS WINSVR BNDLVU LIC VPA BAS;BE 2010WIN SBS WINSVR BNDLVU LIC VPA BAS;BE 2010WIN SBS WINSVR BNDLVU LIC VPA BAS;;;;79;;
1;3;2094;1;844,4934;686,58;BE 2010WIN SBS WINSVR BNDLVU LIC VPA ESS;20975195;;BE 2010WIN SBS WINSVR BNDLVU LIC VPA ESS;BE 2010WIN SBS WINSVR BNDLVU LIC VPA ESS;BE 2010WIN SBS WINSVR BNDLVU LIC VPA ESS;BE 2010WIN SBS WINSVR BNDLVU LIC VPA ESS;;;;79;;
1;3;2094;1;794,1126;645,62;BE 2010WIN BNDL XG LIC FR BEQS VPA BAS;20975196;;BE 2010WIN BNDL XG LIC FR BEQS VPA BAS;BE 2010WIN BNDL XG LIC FR BEQS VPA BAS;BE 2010WIN BNDL XG LIC FR BEQS VPA BAS;BE 2010WIN BNDL XG LIC FR BEQS VPA BAS;;;;79;;
1;3;2094;1;841,9596;684,52;BE 2010WIN BNDL XG LIC FR BEQS VPA ESS;20975197;;BE 2010WIN BNDL XG LIC FR BEQS VPA ESS;BE 2010WIN BNDL XG LIC FR BEQS VPA ESS;BE 2010WIN BNDL XG LIC FR BEQS VPA ESS;BE 2010WIN BNDL XG LIC FR BEQS VPA ESS;;;;79;;
1;3;2094;1;465,6534;378,58;BE 2010 ADV DISK BACKUP BNDL LIC VPA ESS;20975198;;BE 2010 ADV DISK BACKUP BNDL LIC VPA ESS;BE 2010 ADV DISK BACKUP BNDL LIC VPA ESS;BE 2010 ADV DISK BACKUP BNDL LIC VPA ESS;BE 2010 ADV DISK BACKUP BNDL LIC VPA ESS;;;;79;;
1;3;2094;1;624,4218;507,66;BE 2010 ADV DISK BACKUP BNDL LIC VPA BAS;20975199;;BE 2010 ADV DISK BACKUP BNDL LIC VPA BAS;BE 2010 ADV DISK BACKUP BNDL LIC VPA BAS;BE 2010 ADV DISK BACKUP BNDL LIC VPA BAS;BE 2010 ADV DISK BACKUP BNDL LIC VPA BAS;;;;79;;
1;3;2094;1;650,8668;529,16;BE 2010 ADV DISK BACKUP BNDL LIC VPA ESS;20975200;;BE 2010 ADV DISK BACKUP BNDL LIC VPA ESS;BE 2010 ADV DISK BACKUP BNDL LIC VPA ESS;BE 2010 ADV DISK BACKUP BNDL LIC VPA ESS;BE 2010 ADV DISK BACKUP BNDL LIC VPA ESS;;;;79;;
1;3;2094;1;439,2084;357,08;BE 2010 ADV DISK BNDL VU LIC VPA BAS;20975201;;BE 2010 ADV DISK BNDL VU LIC VPA BAS;BE 2010 ADV DISK BNDL VU LIC VPA BAS;BE 2010 ADV DISK BNDL VU LIC VPA BAS;BE 2010 ADV DISK BNDL VU LIC VPA BAS;;;;79;;
1;3;2094;1;465,6534;378,58;BE 2010 ADV DISK BNDL VU LIC VPA ESS;20975202;;BE 2010 ADV DISK BNDL VU LIC VPA ESS;BE 2010 ADV DISK BNDL VU LIC VPA ESS;BE 2010 ADV DISK BNDL VU LIC VPA ESS;BE 2010 ADV DISK BNDL VU LIC VPA ESS;;;;79;;
1;3;2094;1;705,3927;573,49;BE 2010 AGT REM LNXBNDL VU LIC VPA BAS;20975203;;BE 2010 AGT REM LNXBNDL VU LIC VPA BAS;BE 2010 AGT REM LNXBNDL VU LIC VPA BAS;BE 2010 AGT REM LNXBNDL VU LIC VPA BAS;BE 2010 AGT REM LNXBNDL VU LIC VPA BAS;;;;79;;
1;3;2094;1;747,8769;608,03;BE 2010 AGT REM LNXBNDL VU LIC VPA ESS;20975204;;BE 2010 AGT REM LNXBNDL VU LIC VPA ESS;BE 2010 AGT REM LNXBNDL VU LIC VPA ESS;BE 2010 AGT REM LNXBNDL VU LIC VPA ESS;BE 2010 AGT REM LNXBNDL VU LIC VPA ESS;;;;79;;
1;3;2094;1;796,5111;647,57;BE 2010WIN SBS WINSVR BNDLCU LIC VPA BAS;20975205;;BE 2010WIN SBS WINSVR BNDLCU LIC VPA BAS;BE 2010WIN SBS WINSVR BNDLCU LIC VPA BAS;BE 2010WIN SBS WINSVR BNDLCU LIC VPA BAS;BE 2010WIN SBS WINSVR BNDLCU LIC VPA BAS;;;;79;;
1;3;2094;1;936,03;761;BE 2010 BNDL XG LIC FR SBE WIN VPA ESS;20975206;;BE 2010 BNDL XG LIC FR SBE WIN VPA ESS;BE 2010 BNDL XG LIC FR SBE WIN VPA ESS;BE 2010 BNDL XG LIC FR SBE WIN VPA ESS;BE 2010 BNDL XG LIC FR SBE WIN VPA ESS;;;;79;;
1;3;2094;1;882,8448;717,76;BE 2010 SVR BNDL XG LIC FR BEQS VPA BAS;20975226;;BE 2010 SVR BNDL XG LIC FR BEQS VPA BAS;BE 2010 SVR BNDL XG LIC FR BEQS VPA BAS;BE 2010 SVR BNDL XG LIC FR BEQS VPA BAS;BE 2010 SVR BNDL XG LIC FR BEQS VPA BAS;;;;79;;
1;3;2094;1;936,03;761;BE 2010 SVR BNDL XG LIC FR BEQS VPA ESS;20975227;;BE 2010 SVR BNDL XG LIC FR BEQS VPA ESS;BE 2010 SVR BNDL XG LIC FR BEQS VPA ESS;BE 2010 SVR BNDL XG LIC FR BEQS VPA ESS;BE 2010 SVR BNDL XG LIC FR BEQS VPA ESS;;;;79;;
1;3;2094;1;882,8448;717,76;BE 2010 BNDL XG LIC FR SBE WIN VPA BAS;20975228;;BE 2010 BNDL XG LIC FR SBE WIN VPA BAS;BE 2010 BNDL XG LIC FR SBE WIN VPA BAS;BE 2010 BNDL XG LIC FR SBE WIN VPA BAS;BE 2010 BNDL XG LIC FR SBE WIN VPA BAS;;;;79;;
1;3;2094;1;1500,4647;1219,89;SIM 4.7 100 BNDL MULTI LIC ESS VPA;20975229;;SIM 4.7 100 BNDL MULTI LIC ESS VPA;SIM 4.7 100 BNDL MULTI LIC ESS VPA;SIM 4.7 100 BNDL MULTI LIC ESS VPA;SIM 4.7 100 BNDL MULTI LIC ESS VPA;;;;79;;
1;3;2094;1;2097,2484;1705,08;SIM 4.7 100 BNDL MULTI LIC ESS VPA;20975230;;SIM 4.7 100 BNDL MULTI LIC ESS VPA;SIM 4.7 100 BNDL MULTI LIC ESS VPA;SIM 4.7 100 BNDL MULTI LIC ESS VPA;SIM 4.7 100 BNDL MULTI LIC ESS VPA;;;;79;;
1;3;2094;1;882,8448;717,76;BE 2010 AGTMSFT SHAREPT BNDL LIC VPA BAS;20975231;;BE 2010 AGTMSFT SHAREPT BNDL LIC VPA BAS;BE 2010 AGTMSFT SHAREPT BNDL LIC VPA BAS;BE 2010 AGTMSFT SHAREPT BNDL LIC VPA BAS;BE 2010 AGTMSFT SHAREPT BNDL LIC VPA BAS;;;;79;;
1;3;2094;1;1255,1289;1020,43;BE 2010 AGTMSFT SHAREPT BNDL LIC VPA BAS;20975232;;BE 2010 AGTMSFT SHAREPT BNDL LIC VPA BAS;BE 2010 AGTMSFT SHAREPT BNDL LIC VPA BAS;BE 2010 AGTMSFT SHAREPT BNDL LIC VPA BAS;BE 2010 AGTMSFT SHAREPT BNDL LIC VPA BAS;;;;79;;
1;3;2094;1;1308,3141;1063,67;BE 2010 AGTMSFT SHAREPT BNDL LIC VPA ESS;20975233;;BE 2010 AGTMSFT SHAREPT BNDL LIC VPA ESS;BE 2010 AGTMSFT SHAREPT BNDL LIC VPA ESS;BE 2010 AGTMSFT SHAREPT BNDL LIC VPA ESS;BE 2010 AGTMSFT SHAREPT BNDL LIC VPA ESS;;;;79;;
1;3;2094;1;936,03;761;BE 2010 SHAREPT BNDL VU LIC VPA ESS;20975234;;BE 2010 SHAREPT BNDL VU LIC VPA ESS;BE 2010 SHAREPT BNDL VU LIC VPA ESS;BE 2010 SHAREPT BNDL VU LIC VPA ESS;BE 2010 SHAREPT BNDL VU LIC VPA ESS;;;;79;;
1;3;2094;1;882,8448;717,76;BE 2010 AGTMSFT SQL BNDL LIC VPA BAS;20975235;;BE 2010 AGTMSFT SQL BNDL LIC VPA BAS;BE 2010 AGTMSFT SQL BNDL LIC VPA BAS;BE 2010 AGTMSFT SQL BNDL LIC VPA BAS;BE 2010 AGTMSFT SQL BNDL LIC VPA BAS;;;;79;;
1;3;2094;1;1255,1289;1020,43;BE 2010 AGTMSFT SQL BNDL STD LIC VPA BAS;20975236;;BE 2010 AGTMSFT SQL BNDL STD LIC VPA BAS;BE 2010 AGTMSFT SQL BNDL STD LIC VPA BAS;BE 2010 AGTMSFT SQL BNDL STD LIC VPA BAS;BE 2010 AGTMSFT SQL BNDL STD LIC VPA BAS;;;;79;;
1;3;2094;1;1308,3141;1063,67;BE 2010 AGTMSFT SQL BNDL STD LIC VPA ESS;20975237;;BE 2010 AGTMSFT SQL BNDL STD LIC VPA ESS;BE 2010 AGTMSFT SQL BNDL STD LIC VPA ESS;BE 2010 AGTMSFT SQL BNDL STD LIC VPA ESS;BE 2010 AGTMSFT SQL BNDL STD LIC VPA ESS;;;;79;;
1;3;2094;1;1149,0414;934,18;BE 2010 AGTORCL WINSVR BNDL LIC VPA BAS;20975238;;BE 2010 AGTORCL WINSVR BNDL LIC VPA BAS;BE 2010 AGTORCL WINSVR BNDL LIC VPA BAS;BE 2010 AGTORCL WINSVR BNDL LIC VPA BAS;BE 2010 AGTORCL WINSVR BNDL LIC VPA BAS;;;;79;;
1;3;2094;1;1633,563;1328,1;BE 2010 AGTORCL BNDL STD LIC VPA BAS;20975239;;BE 2010 AGTORCL BNDL STD LIC VPA BAS;BE 2010 AGTORCL BNDL STD LIC VPA BAS;BE 2010 AGTORCL BNDL STD LIC VPA BAS;BE 2010 AGTORCL BNDL STD LIC VPA BAS;;;;79;;
1;3;2094;1;3014,6685;2450,95;BE 2010 AGTSAP WINSVR BNDLCU LIC VPA ESS;20975240;;BE 2010 AGTSAP WINSVR BNDLCU LIC VPA ESS;BE 2010 AGTSAP WINSVR BNDLCU LIC VPA ESS;BE 2010 AGTSAP WINSVR BNDLCU LIC VPA ESS;BE 2010 AGTSAP WINSVR BNDLCU LIC VPA ESS;;;;79;;
1;3;2094;1;4030,3164;3276,68;BE 2010 AGTSAP BNDL STD LIC VPA BAS;20975241;;BE 2010 AGTSAP BNDL STD LIC VPA BAS;BE 2010 AGTSAP BNDL STD LIC VPA BAS;BE 2010 AGTSAP BNDL STD LIC VPA BAS;BE 2010 AGTSAP BNDL STD LIC VPA BAS;;;;79;;
1;3;2094;1;2843,3787;2311,69;BE 2010 AGTSAP WINSVR BNDLVU LIC VPA BAS;20975242;;BE 2010 AGTSAP WINSVR BNDLVU LIC VPA BAS;BE 2010 AGTSAP WINSVR BNDLVU LIC VPA BAS;BE 2010 AGTSAP WINSVR BNDLVU LIC VPA BAS;BE 2010 AGTSAP WINSVR BNDLVU LIC VPA BAS;;;;79;;
1;3;2094;1;3014,6685;2450,95;BE 2010 AGTSAP WINSVR BNDLVU LIC VPA ESS;20975243;;BE 2010 AGTSAP WINSVR BNDLVU LIC VPA ESS;BE 2010 AGTSAP WINSVR BNDLVU LIC VPA ESS;BE 2010 AGTSAP WINSVR BNDLVU LIC VPA ESS;BE 2010 AGTSAP WINSVR BNDLVU LIC VPA ESS;;;;79;;
1;3;2094;1;1415,2257;1150,59;SIM 4.7 100 BNDL MULTI LIC ESS VPA;20975244;;SIM 4.7 100 BNDL MULTI LIC ESS VPA;SIM 4.7 100 BNDL MULTI LIC ESS VPA;SIM 4.7 100 BNDL MULTI LIC ESS VPA;SIM 4.7 100 BNDL MULTI LIC ESS VPA;;;;79;;
1;3;2094;1;1415,2257;1150,59;SIM 4.7 100 BNDL MULTI LIC ESS VPA;20975245;;SIM 4.7 100 BNDL MULTI LIC ESS VPA;SIM 4.7 100 BNDL MULTI LIC ESS VPA;SIM 4.7 100 BNDL MULTI LIC ESS VPA;SIM 4.7 100 BNDL MULTI LIC ESS VPA;;;;79;;
1;3;2094;1;936,03;761;BE 2010 AGTMSFT SHAREPT BNDL LIC VPA ESS;20975246;;BE 2010 AGTMSFT SHAREPT BNDL LIC VPA ESS;BE 2010 AGTMSFT SHAREPT BNDL LIC VPA ESS;BE 2010 AGTMSFT SHAREPT BNDL LIC VPA ESS;BE 2010 AGTMSFT SHAREPT BNDL LIC VPA ESS;;;;79;;
1;3;2094;1;882,8448;717,76;BE 2010 SHAREPT BNDL VU LIC VPA BAS;20975247;;BE 2010 SHAREPT BNDL VU LIC VPA BAS;BE 2010 SHAREPT BNDL VU LIC VPA BAS;BE 2010 SHAREPT BNDL VU LIC VPA BAS;BE 2010 SHAREPT BNDL VU LIC VPA BAS;;;;79;;
1;3;2094;1;936,03;761;BE 2010 AGTMSFT SQL BNDL LIC VPA ESS;20975248;;BE 2010 AGTMSFT SQL BNDL LIC VPA ESS;BE 2010 AGTMSFT SQL BNDL LIC VPA ESS;BE 2010 AGTMSFT SQL BNDL LIC VPA ESS;BE 2010 AGTMSFT SQL BNDL LIC VPA ESS;;;;79;;
1;3;2094;1;936,03;761;BE 2010 AGTMSFT SQL BNDL VU LIC VPA ESS;20975249;;BE 2010 AGTMSFT SQL BNDL VU LIC VPA ESS;BE 2010 AGTMSFT SQL BNDL VU LIC VPA ESS;BE 2010 AGTMSFT SQL BNDL VU LIC VPA ESS;BE 2010 AGTMSFT SQL BNDL VU LIC VPA ESS;;;;79;;
1;3;2094;1;2843,3787;2311,69;BE 2010 AGTSAP WINSVR BNDLCU LIC VPA BAS;20975250;;BE 2010 AGTSAP WINSVR BNDLCU LIC VPA BAS;BE 2010 AGTSAP WINSVR BNDLCU LIC VPA BAS;BE 2010 AGTSAP WINSVR BNDLCU LIC VPA BAS;BE 2010 AGTSAP WINSVR BNDLCU LIC VPA BAS;;;;79;;
1;3;2094;1;4201,0896;3415,52;BE 2010 AGTSAP BNDL STD LIC VPA ESS;20975251;;BE 2010 AGTSAP BNDL STD LIC VPA ESS;BE 2010 AGTSAP BNDL STD LIC VPA ESS;BE 2010 AGTSAP BNDL STD LIC VPA ESS;BE 2010 AGTSAP BNDL STD LIC VPA ESS;;;;79;;
1;3;2094;1;350,4762;284,94;SIM 4.7 100 BNDL MULTI LIC ESS VPA;20975252;;SIM 4.7 100 BNDL MULTI LIC ESS VPA;SIM 4.7 100 BNDL MULTI LIC ESS VPA;SIM 4.7 100 BNDL MULTI LIC ESS VPA;SIM 4.7 100 BNDL MULTI LIC ESS VPA;;;;79;;
1;3;2094;1;371,5953;302,11;SIM 4.7 100 BNDL MULTI LIC ESS VPA;20975253;;SIM 4.7 100 BNDL MULTI LIC ESS VPA;SIM 4.7 100 BNDL MULTI LIC ESS VPA;SIM 4.7 100 BNDL MULTI LIC ESS VPA;SIM 4.7 100 BNDL MULTI LIC ESS VPA;;;;79;;
1;3;2094;1;1002,8436;815,32;BE 2010 FILE ARCHIVING BNDL LIC VPA BAS;20975254;;BE 2010 FILE ARCHIVING BNDL LIC VPA BAS;BE 2010 FILE ARCHIVING BNDL LIC VPA BAS;BE 2010 FILE ARCHIVING BNDL LIC VPA BAS;BE 2010 FILE ARCHIVING BNDL LIC VPA BAS;;;;79;;
1;3;2094;1;1045,3278;849,86;BE 2010 FILE ARCHIVING BNDL LIC VPA ESS;20975255;;BE 2010 FILE ARCHIVING BNDL LIC VPA ESS;BE 2010 FILE ARCHIVING BNDL LIC VPA ESS;BE 2010 FILE ARCHIVING BNDL LIC VPA ESS;BE 2010 FILE ARCHIVING BNDL LIC VPA ESS;;;;79;;
1;3;2094;1;882,8448;717,76;BE 2010 LIBRARY EXPBNDL LIC VPA BAS;20975256;;BE 2010 LIBRARY EXPBNDL LIC VPA BAS;BE 2010 LIBRARY EXPBNDL LIC VPA BAS;BE 2010 LIBRARY EXPBNDL LIC VPA BAS;BE 2010 LIBRARY EXPBNDL LIC VPA BAS;;;;79;;
1;3;2094;1;936,03;761;BE 2010 LIBRARY EXPBNDL LIC VPA ESS;20975257;;BE 2010 LIBRARY EXPBNDL LIC VPA ESS;BE 2010 LIBRARY EXPBNDL LIC VPA ESS;BE 2010 LIBRARY EXPBNDL LIC VPA ESS;BE 2010 LIBRARY EXPBNDL LIC VPA ESS;;;;79;;
1;3;2094;1;1255,1289;1020,43;BE 2010 LIBRARY EXPBNDL LIC VPA BAS;20975258;;BE 2010 LIBRARY EXPBNDL LIC VPA BAS;BE 2010 LIBRARY EXPBNDL LIC VPA BAS;BE 2010 LIBRARY EXPBNDL LIC VPA BAS;BE 2010 LIBRARY EXPBNDL LIC VPA BAS;;;;79;;
1;3;2094;1;1308,3141;1063,67;BE 2010 LIBRARY EXPBNDL LIC VPA ESS;20975259;;BE 2010 LIBRARY EXPBNDL LIC VPA ESS;BE 2010 LIBRARY EXPBNDL LIC VPA ESS;BE 2010 LIBRARY EXPBNDL LIC VPA ESS;BE 2010 LIBRARY EXPBNDL LIC VPA ESS;;;;79;;
1;3;2094;1;882,8448;717,76;SIM 4.7 100 BNDL MULTI LIC ESS VPA;20975260;;SIM 4.7 100 BNDL MULTI LIC ESS VPA;SIM 4.7 100 BNDL MULTI LIC ESS VPA;SIM 4.7 100 BNDL MULTI LIC ESS VPA;SIM 4.7 100 BNDL MULTI LIC ESS VPA;;;;79;;
1;3;2094;1;173,0118;140,66;SIM 4.7 100 BNDL MULTI LIC ESS VPA;20975261;;SIM 4.7 100 BNDL MULTI LIC ESS VPA;SIM 4.7 100 BNDL MULTI LIC ESS VPA;SIM 4.7 100 BNDL MULTI LIC ESS VPA;SIM 4.7 100 BNDL MULTI LIC ESS VPA;;;;79;;
1;3;2094;1;183,4299;149,13;SIM 4.7 100 BNDL MULTI LIC ESS VPA;20975262;;SIM 4.7 100 BNDL MULTI LIC ESS VPA;SIM 4.7 100 BNDL MULTI LIC ESS VPA;SIM 4.7 100 BNDL MULTI LIC ESS VPA;SIM 4.7 100 BNDL MULTI LIC ESS VPA;;;;79;;
1;3;2094;1;245,9754;199,98;SIM 4.7 100 BNDL MULTI LIC ESS VPA;20975263;;SIM 4.7 100 BNDL MULTI LIC ESS VPA;SIM 4.7 100 BNDL MULTI LIC ESS VPA;SIM 4.7 100 BNDL MULTI LIC ESS VPA;SIM 4.7 100 BNDL MULTI LIC ESS VPA;;;;79;;
1;3;2094;1;1730,2041;1406,67;SIM 4.7 100 BNDL MULTI LIC ESS VPA;20975264;;SIM 4.7 100 BNDL MULTI LIC ESS VPA;SIM 4.7 100 BNDL MULTI LIC ESS VPA;SIM 4.7 100 BNDL MULTI LIC ESS VPA;SIM 4.7 100 BNDL MULTI LIC ESS VPA;;;;79;;
1;3;2094;1;1834,4343;1491,41;SIM 4.7 100 BNDL MULTI LIC ESS VPA;20975265;;SIM 4.7 100 BNDL MULTI LIC ESS VPA;SIM 4.7 100 BNDL MULTI LIC ESS VPA;SIM 4.7 100 BNDL MULTI LIC ESS VPA;SIM 4.7 100 BNDL MULTI LIC ESS VPA;;;;79;;
1;3;2094;1;2459,8155;1999,85;SIM 4.7 100 BNDL MULTI LIC ESS VPA;20975266;;SIM 4.7 100 BNDL MULTI LIC ESS VPA;SIM 4.7 100 BNDL MULTI LIC ESS VPA;SIM 4.7 100 BNDL MULTI LIC ESS VPA;SIM 4.7 100 BNDL MULTI LIC ESS VPA;;;;79;;
1;3;2094;1;2564,0457;2084,59;SIM 4.7 100 BNDL MULTI LIC ESS VPA;20975267;;SIM 4.7 100 BNDL MULTI LIC ESS VPA;SIM 4.7 100 BNDL MULTI LIC ESS VPA;SIM 4.7 100 BNDL MULTI LIC ESS VPA;SIM 4.7 100 BNDL MULTI LIC ESS VPA;;;;79;;
1;3;2094;1;705,3927;573,49;BE 2010 FILE ARCHIVING BNDL LIC VPA BAS;20975268;;BE 2010 FILE ARCHIVING BNDL LIC VPA BAS;BE 2010 FILE ARCHIVING BNDL LIC VPA BAS;BE 2010 FILE ARCHIVING BNDL LIC VPA BAS;BE 2010 FILE ARCHIVING BNDL LIC VPA BAS;;;;79;;
1;3;2094;1;747,8769;608,03;BE 2010 FILE ARCHIVING BNDL LIC VPA ESS;20975269;;BE 2010 FILE ARCHIVING BNDL LIC VPA ESS;BE 2010 FILE ARCHIVING BNDL LIC VPA ESS;BE 2010 FILE ARCHIVING BNDL LIC VPA ESS;BE 2010 FILE ARCHIVING BNDL LIC VPA ESS;;;;79;;
1;3;2094;1;350,4762;284,94;SIM 4.7 100 BNDL MULTI LIC ESS VPA;20975270;;SIM 4.7 100 BNDL MULTI LIC ESS VPA;SIM 4.7 100 BNDL MULTI LIC ESS VPA;SIM 4.7 100 BNDL MULTI LIC ESS VPA;SIM 4.7 100 BNDL MULTI LIC ESS VPA;;;;79;;
1;3;2094;1;498,273;405,1;SIM 4.7 100 BNDL MULTI LIC ESS VPA;20975271;;SIM 4.7 100 BNDL MULTI LIC ESS VPA;SIM 4.7 100 BNDL MULTI LIC ESS VPA;SIM 4.7 100 BNDL MULTI LIC ESS VPA;SIM 4.7 100 BNDL MULTI LIC ESS VPA;;;;79;;
1;3;2094;1;519,3798;422,26;SIM 4.7 100 BNDL MULTI LIC ESS VPA;20975272;;SIM 4.7 100 BNDL MULTI LIC ESS VPA;SIM 4.7 100 BNDL MULTI LIC ESS VPA;SIM 4.7 100 BNDL MULTI LIC ESS VPA;SIM 4.7 100 BNDL MULTI LIC ESS VPA;;;;79;;
1;3;2094;1;192,0276;156,12;BE 2010 AGT F DB2 WIN P SVR RNW BAS VPA;20975300;;BE 2010 AGT F DB2 WIN P SVR RNW BAS VPA;BE 2010 AGT F DB2 WIN P SVR RNW BAS VPA;BE 2010 AGT F DB2 WIN P SVR RNW BAS VPA;BE 2010 AGT F DB2 WIN P SVR RNW BAS VPA;;;;79;;
1;3;2094;1;192,0276;156,12;BE 2010 AGT F DB2 WIN P SVR BAS VPA;20975301;;BE 2010 AGT F DB2 WIN P SVR BAS VPA;BE 2010 AGT F DB2 WIN P SVR BAS VPA;BE 2010 AGT F DB2 WIN P SVR BAS VPA;BE 2010 AGT F DB2 WIN P SVR BAS VPA;;;;79;;
1;3;2094;1;245,3727;199,49;BE 2010 AGT F DB2 WIN P SVR ESS VPA;20975302;;BE 2010 AGT F DB2 WIN P SVR ESS VPA;BE 2010 AGT F DB2 WIN P SVR ESS VPA;BE 2010 AGT F DB2 WIN P SVR ESS VPA;BE 2010 AGT F DB2 WIN P SVR ESS VPA;;;;79;;
1;3;2094;1;191,4495;155,65;BE 2010 ACTIVE WINDOMAIN CTRL BAS VPA;20975303;;BE 2010 ACTIVE WINDOMAIN CTRL BAS VPA;BE 2010 ACTIVE WINDOMAIN CTRL BAS VPA;BE 2010 ACTIVE WINDOMAIN CTRL BAS VPA;BE 2010 ACTIVE WINDOMAIN CTRL BAS VPA;;;;79;;
1;3;2094;1;244,6347;198,89;BE 2010 ACTIVE WINDOMAIN CTRL ESS VPA;20975304;;BE 2010 ACTIVE WINDOMAIN CTRL ESS VPA;BE 2010 ACTIVE WINDOMAIN CTRL ESS VPA;BE 2010 ACTIVE WINDOMAIN CTRL ESS VPA;BE 2010 ACTIVE WINDOMAIN CTRL ESS VPA;;;;79;;
1;3;2094;1;192,0276;156,12;BE 2010 AGTMSFT SHAREPT WINSVR BAS VPA;20975306;;BE 2010 AGTMSFT SHAREPT WINSVR BAS VPA;BE 2010 AGTMSFT SHAREPT WINSVR BAS VPA;BE 2010 AGTMSFT SHAREPT WINSVR BAS VPA;BE 2010 AGTMSFT SHAREPT WINSVR BAS VPA;;;;79;;
1;3;2094;1;245,3727;199,49;BE 2010 AGTMSFT SHAREPT WINSVR ESS VPA;20975307;;BE 2010 AGTMSFT SHAREPT WINSVR ESS VPA;BE 2010 AGTMSFT SHAREPT WINSVR ESS VPA;BE 2010 AGTMSFT SHAREPT WINSVR ESS VPA;BE 2010 AGTMSFT SHAREPT WINSVR ESS VPA;;;;79;;
1;3;2094;1;192,0276;156,12;BE 2010 AGTMSFT EXCH WINSVR BAS VPA;20975316;;BE 2010 AGTMSFT EXCH WINSVR BAS VPA;BE 2010 AGTMSFT EXCH WINSVR BAS VPA;BE 2010 AGTMSFT EXCH WINSVR BAS VPA;BE 2010 AGTMSFT EXCH WINSVR BAS VPA;;;;79;;
1;3;2094;1;245,3727;199,49;BE 2010 AGTMSFT EXCH WINSVR ESS VPA;20975317;;BE 2010 AGTMSFT EXCH WINSVR ESS VPA;BE 2010 AGTMSFT EXCH WINSVR ESS VPA;BE 2010 AGTMSFT EXCH WINSVR ESS VPA;BE 2010 AGTMSFT EXCH WINSVR ESS VPA;;;;79;;
1;3;2094;1;392,1609;318,83;BE 2010 AGTMFST HYPER-V WINHOST ESS VPA;20975322;;BE 2010 AGTMFST HYPER-V WINHOST ESS VPA;BE 2010 AGTMFST HYPER-V WINHOST ESS VPA;BE 2010 AGTMFST HYPER-V WINHOST ESS VPA;BE 2010 AGTMFST HYPER-V WINHOST ESS VPA;;;;79;;
1;3;2094;1;56,9244;46,28;BE 2010 AGT REM F NTWRNTWR PRNW BAS VPA;20975328;;BE 2010 AGT REM F NTWRNTWR PRNW BAS VPA;BE 2010 AGT REM F NTWRNTWR PRNW BAS VPA;BE 2010 AGT REM F NTWRNTWR PRNW BAS VPA;BE 2010 AGT REM F NTWRNTWR PRNW BAS VPA;;;;79;;
1;3;2094;1;72,7422;59,14;BE 2010 AGT REM F NTWRNTWR PRNW ESS VPA;20975329;;BE 2010 AGT REM F NTWRNTWR PRNW ESS VPA;BE 2010 AGT REM F NTWRNTWR PRNW ESS VPA;BE 2010 AGT REM F NTWRNTWR PRNW ESS VPA;BE 2010 AGT REM F NTWRNTWR PRNW ESS VPA;;;;79;;
1;3;2094;1;220,7112;179,44;BE 2010 F WIN SBS WIN P SVR ESS VPA;20975330;;BE 2010 F WIN SBS WIN P SVR ESS VPA;BE 2010 F WIN SBS WIN P SVR ESS VPA;BE 2010 F WIN SBS WIN P SVR ESS VPA;BE 2010 F WIN SBS WIN P SVR ESS VPA;;;;79;;
1;3;2094;1;152,9751;124,37;BE 2010 AGT REM MEDIALNX SVRS LNXBAS VPA;20975338;;BE 2010 AGT REM MEDIALNX SVRS LNXBAS VPA;BE 2010 AGT REM MEDIALNX SVRS LNXBAS VPA;BE 2010 AGT REM MEDIALNX SVRS LNXBAS VPA;BE 2010 AGT REM MEDIALNX SVRS LNXBAS VPA;;;;79;;
1;3;2094;1;195,4716;158,92;BE 2010 AGT REM MEDIALNX SVRS LNXESS VPA;20975339;;BE 2010 AGT REM MEDIALNX SVRS LNXESS VPA;BE 2010 AGT REM MEDIALNX SVRS LNXESS VPA;BE 2010 AGT REM MEDIALNX SVRS LNXESS VPA;BE 2010 AGT REM MEDIALNX SVRS LNXESS VPA;;;;79;;
1;3;2094;1;172,7289;140,43;BE 2010 F WIN SBS WIN P SVR BAS VPA;20975345;;BE 2010 F WIN SBS WIN P SVR BAS VPA;BE 2010 F WIN SBS WIN P SVR BAS VPA;BE 2010 F WIN SBS WIN P SVR BAS VPA;BE 2010 F WIN SBS WIN P SVR BAS VPA;;;;79;;
1;3;2094;1;56,9244;46,28;BE 2010 AGT REMNTWR SVR NTWRSVR BAS VPA;20975350;;BE 2010 AGT REMNTWR SVR NTWRSVR BAS VPA;BE 2010 AGT REMNTWR SVR NTWRSVR BAS VPA;BE 2010 AGT REMNTWR SVR NTWRSVR BAS VPA;BE 2010 AGT REMNTWR SVR NTWRSVR BAS VPA;;;;79;;
1;3;2094;1;72,7422;59,14;BE 2010 AGT REMNTWR SVR NTWRSVR ESS VPA;20975351;;BE 2010 AGT REMNTWR SVR NTWRSVR ESS VPA;BE 2010 AGT REMNTWR SVR NTWRSVR ESS VPA;BE 2010 AGT REMNTWR SVR NTWRSVR ESS VPA;BE 2010 AGT REMNTWR SVR NTWRSVR ESS VPA;;;;79;;
1;3;2094;1;385,0392;313,04;BE 2010 OPT NDMP WIN P SVR BAS VPA;20975353;;BE 2010 OPT NDMP WIN P SVR BAS VPA;BE 2010 OPT NDMP WIN P SVR BAS VPA;BE 2010 OPT NDMP WIN P SVR BAS VPA;BE 2010 OPT NDMP WIN P SVR BAS VPA;;;;79;;
1;3;2094;1;191,4495;155,65;BE 2010 OPT SAN SHARED STOR BAS VPA;20975355;;BE 2010 OPT SAN SHARED STOR BAS VPA;BE 2010 OPT SAN SHARED STOR BAS VPA;BE 2010 OPT SAN SHARED STOR BAS VPA;BE 2010 OPT SAN SHARED STOR BAS VPA;;;;79;;
1;3;2094;1;244,6347;198,89;BE 2010 OPT SAN SHARED STOR ESS VPA;20975356;;BE 2010 OPT SAN SHARED STOR ESS VPA;BE 2010 OPT SAN SHARED STOR ESS VPA;BE 2010 OPT SAN SHARED STOR ESS VPA;BE 2010 OPT SAN SHARED STOR ESS VPA;;;;79;;
1;3;2094;1;491,9877;399,99;BE 2010 OPT NDMP WIN P SVR ESS VPA;20975359;;BE 2010 OPT NDMP WIN P SVR ESS VPA;BE 2010 OPT NDMP WIN P SVR ESS VPA;BE 2010 OPT NDMP WIN P SVR ESS VPA;BE 2010 OPT NDMP WIN P SVR ESS VPA;;;;79;;
1;3;2094;1;134,1438;109,06;BE 2010 OPT OPEN FILENTWRSVR BAS VPA;20975365;;BE 2010 OPT OPEN FILENTWRSVR BAS VPA;BE 2010 OPT OPEN FILENTWRSVR BAS VPA;BE 2010 OPT OPEN FILENTWRSVR BAS VPA;BE 2010 OPT OPEN FILENTWRSVR BAS VPA;;;;79;;
1;3;2094;1;171,3882;139,34;BE 2010 OPT OPEN FILENTWRSVR ESS VPA;20975366;;BE 2010 OPT OPEN FILENTWRSVR ESS VPA;BE 2010 OPT OPEN FILENTWRSVR ESS VPA;BE 2010 OPT OPEN FILENTWRSVR ESS VPA;BE 2010 OPT OPEN FILENTWRSVR ESS VPA;;;;79;;
1;3;2094;1;134,1438;109,06;BE 2010 OPEN FILE F NTWR PRNW BAS VPA;20975367;;BE 2010 OPEN FILE F NTWR PRNW BAS VPA;BE 2010 OPEN FILE F NTWR PRNW BAS VPA;BE 2010 OPEN FILE F NTWR PRNW BAS VPA;BE 2010 OPEN FILE F NTWR PRNW BAS VPA;;;;79;;
1;3;2094;1;171,3882;139,34;BE 2010 OPEN FILE F NTWR PRNW ESS VPA;20975368;;BE 2010 OPEN FILE F NTWR PRNW ESS VPA;BE 2010 OPEN FILE F NTWR PRNW ESS VPA;BE 2010 OPEN FILE F NTWR PRNW ESS VPA;BE 2010 OPEN FILE F NTWR PRNW ESS VPA;;;;79;;
1;3;2094;1;191,4495;155,65;BE 2010 OPT LIBRARY EXPANSION BAS VPA;20975371;;BE 2010 OPT LIBRARY EXPANSION BAS VPA;BE 2010 OPT LIBRARY EXPANSION BAS VPA;BE 2010 OPT LIBRARY EXPANSION BAS VPA;BE 2010 OPT LIBRARY EXPANSION BAS VPA;;;;79;;
1;3;2094;1;244,6347;198,89;BE 2010 OPT LIBRARY EXPANSION ESS VPA;20975372;;BE 2010 OPT LIBRARY EXPANSION ESS VPA;BE 2010 OPT LIBRARY EXPANSION ESS VPA;BE 2010 OPT LIBRARY EXPANSION ESS VPA;BE 2010 OPT LIBRARY EXPANSION ESS VPA;;;;79;;
1;3;2094;1;787,9257;640,59;BE 2010 AGT F SAP WIN P SVR RNW ESS VPA;20975403;;BE 2010 AGT F SAP WIN P SVR RNW ESS VPA;BE 2010 AGT F SAP WIN P SVR RNW ESS VPA;BE 2010 AGT F SAP WIN P SVR RNW ESS VPA;BE 2010 AGT F SAP WIN P SVR RNW ESS VPA;;;;79;;
1;3;2094;1;306,9096;249,52;BE 2010 AGTVMWARE INFRA WINHOST BAS VPA;20975407;;BE 2010 AGTVMWARE INFRA WINHOST BAS VPA;BE 2010 AGTVMWARE INFRA WINHOST BAS VPA;BE 2010 AGTVMWARE INFRA WINHOST BAS VPA;BE 2010 AGTVMWARE INFRA WINHOST BAS VPA;;;;79;;
1;3;2094;1;249,936;203,2;BE 2010 AGT F ORCL WIN P SVR BAS VPA;20975410;;BE 2010 AGT F ORCL WIN P SVR BAS VPA;BE 2010 AGT F ORCL WIN P SVR BAS VPA;BE 2010 AGT F ORCL WIN P SVR BAS VPA;BE 2010 AGT F ORCL WIN P SVR BAS VPA;;;;79;;
1;3;2094;1;319,3572;259,64;BE 2010 AGT F ORCL WIN P SVR ESS VPA;20975411;;BE 2010 AGT F ORCL WIN P SVR ESS VPA;BE 2010 AGT F ORCL WIN P SVR ESS VPA;BE 2010 AGT F ORCL WIN P SVR ESS VPA;BE 2010 AGT F ORCL WIN P SVR ESS VPA;;;;79;;
1;3;2094;1;616,6359;501,33;BE 2010 AGT F SAP WIN P SVR BAS VPA;20975417;;BE 2010 AGT F SAP WIN P SVR BAS VPA;BE 2010 AGT F SAP WIN P SVR BAS VPA;BE 2010 AGT F SAP WIN P SVR BAS VPA;BE 2010 AGT F SAP WIN P SVR BAS VPA;;;;79;;
1;3;2094;1;787,9257;640,59;BE 2010 AGT F SAP WIN P SVR ESS VPA;20975418;;BE 2010 AGT F SAP WIN P SVR ESS VPA;BE 2010 AGT F SAP WIN P SVR ESS VPA;BE 2010 AGT F SAP WIN P SVR ESS VPA;BE 2010 AGT F SAP WIN P SVR ESS VPA;;;;79;;
1;3;2094;1;616,6359;501,33;BE 2010 AGT F SAP WIN P SVR RNW BAS VPA;20975419;;BE 2010 AGT F SAP WIN P SVR RNW BAS VPA;BE 2010 AGT F SAP WIN P SVR RNW BAS VPA;BE 2010 AGT F SAP WIN P SVR RNW BAS VPA;BE 2010 AGT F SAP WIN P SVR RNW BAS VPA;;;;79;;
1;3;2094;1;192,0276;156,12;BE 2010 AGT F MSFT SQL WIN P SVR BAS VPA;20975422;;BE 2010 AGT F MSFT SQL WIN P SVR BAS VPA;BE 2010 AGT F MSFT SQL WIN P SVR BAS VPA;BE 2010 AGT F MSFT SQL WIN P SVR BAS VPA;BE 2010 AGT F MSFT SQL WIN P SVR BAS VPA;;;;79;;
1;3;2094;1;245,3727;199,49;BE 2010 AGT F MSFT SQL WIN P SVR ESS VPA;20975423;;BE 2010 AGT F MSFT SQL WIN P SVR ESS VPA;BE 2010 AGT F MSFT SQL WIN P SVR ESS VPA;BE 2010 AGT F MSFT SQL WIN P SVR ESS VPA;BE 2010 AGT F MSFT SQL WIN P SVR ESS VPA;;;;79;;
1;3;2094;1;76,0017;61,79;SIM 4.7 100 BNDL MULTI LIC ESS VPA;20975430;;SIM 4.7 100 BNDL MULTI LIC ESS VPA;SIM 4.7 100 BNDL MULTI LIC ESS VPA;SIM 4.7 100 BNDL MULTI LIC ESS VPA;SIM 4.7 100 BNDL MULTI LIC ESS VPA;;;;79;;
1;3;2094;1;97,1085;78,95;SIM 4.7 100 BNDL MULTI LIC ESS VPA;20975431;;SIM 4.7 100 BNDL MULTI LIC ESS VPA;SIM 4.7 100 BNDL MULTI LIC ESS VPA;SIM 4.7 100 BNDL MULTI LIC ESS VPA;SIM 4.7 100 BNDL MULTI LIC ESS VPA;;;;79;;
1;3;2094;1;76,2354;61,98;BE 2010 A LPTP WIN P DVC RNW BAS VPA;20975432;;BE 2010 A LPTP WIN P DVC RNW BAS VPA;BE 2010 A LPTP WIN P DVC RNW BAS VPA;BE 2010 A LPTP WIN P DVC RNW BAS VPA;BE 2010 A LPTP WIN P DVC RNW BAS VPA;;;;79;;
1;3;2094;1;383,883;312,1;BE 2010 OPT CENTRAL ADMIN SVR BAS VPA;20975433;;BE 2010 OPT CENTRAL ADMIN SVR BAS VPA;BE 2010 OPT CENTRAL ADMIN SVR BAS VPA;BE 2010 OPT CENTRAL ADMIN SVR BAS VPA;BE 2010 OPT CENTRAL ADMIN SVR BAS VPA;;;;79;;
1;3;2094;1;490,5117;398,79;BE 2010 OPT CENTRAL ADMIN SVR ESS VPA;20975434;;BE 2010 OPT CENTRAL ADMIN SVR ESS VPA;BE 2010 OPT CENTRAL ADMIN SVR ESS VPA;BE 2010 OPT CENTRAL ADMIN SVR ESS VPA;BE 2010 OPT CENTRAL ADMIN SVR ESS VPA;;;;79;;
1;3;2094;1;385,0392;313,04;BE 2010 OPT DEDUPLICATION WINSVR BAS VPA;20975440;;BE 2010 OPT DEDUPLICATION WINSVR BAS VPA;BE 2010 OPT DEDUPLICATION WINSVR BAS VPA;BE 2010 OPT DEDUPLICATION WINSVR BAS VPA;BE 2010 OPT DEDUPLICATION WINSVR BAS VPA;;;;79;;
1;3;2094;1;491,9877;399,99;BE 2010 OPT DEDUPLICATION WINSVR ESS VPA;20975441;;BE 2010 OPT DEDUPLICATION WINSVR ESS VPA;BE 2010 OPT DEDUPLICATION WINSVR ESS VPA;BE 2010 OPT DEDUPLICATION WINSVR ESS VPA;BE 2010 OPT DEDUPLICATION WINSVR ESS VPA;;;;79;;
1;3;2094;1;95,2512;77,44;BE 2010 OPT ADV DISK BACKUP BAS VPA;20975446;;BE 2010 OPT ADV DISK BACKUP BAS VPA;BE 2010 OPT ADV DISK BACKUP BAS VPA;BE 2010 OPT ADV DISK BACKUP BAS VPA;BE 2010 OPT ADV DISK BACKUP BAS VPA;;;;79;;
1;3;2094;1;121,7085;98,95;BE 2010 OPT ADV DISK BACKUP ESS VPA;20975447;;BE 2010 OPT ADV DISK BACKUP ESS VPA;BE 2010 OPT ADV DISK BACKUP ESS VPA;BE 2010 OPT ADV DISK BACKUP ESS VPA;BE 2010 OPT ADV DISK BACKUP ESS VPA;;;;79;;
1;3;2094;1;614,7909;499,83;BE 2010 OPT VTL UNLIMITED DRIVE BAS VPA;20975457;;BE 2010 OPT VTL UNLIMITED DRIVE BAS VPA;BE 2010 OPT VTL UNLIMITED DRIVE BAS VPA;BE 2010 OPT VTL UNLIMITED DRIVE BAS VPA;BE 2010 OPT VTL UNLIMITED DRIVE BAS VPA;;;;79;;
1;3;2094;1;785,5641;638,67;BE 2010 OPT VTL UNLIMITED DRIVE ESS VPA;20975458;;BE 2010 OPT VTL UNLIMITED DRIVE ESS VPA;BE 2010 OPT VTL UNLIMITED DRIVE ESS VPA;BE 2010 OPT VTL UNLIMITED DRIVE ESS VPA;BE 2010 OPT VTL UNLIMITED DRIVE ESS VPA;;;;79;;
1;3;2094;1;192,0276;156,12;BE 2010 SVR WIN P SVR BAS VPA;20975463;;BE 2010 SVR WIN P SVR BAS VPA;BE 2010 SVR WIN P SVR BAS VPA;BE 2010 SVR WIN P SVR BAS VPA;BE 2010 SVR WIN P SVR BAS VPA;;;;79;;
1;3;2094;1;245,3727;199,49;BE 2010 SVR WIN P SVR ESS VPA;20975464;;BE 2010 SVR WIN P SVR ESS VPA;BE 2010 SVR WIN P SVR ESS VPA;BE 2010 SVR WIN P SVR ESS VPA;BE 2010 SVR WIN P SVR ESS VPA;;;;79;;
1;3;2094;1;245,3727;199,49;BE 2010 AGT F DB2 WIN P SVR RNW ESS VPA;20975475;;BE 2010 AGT F DB2 WIN P SVR RNW ESS VPA;BE 2010 AGT F DB2 WIN P SVR RNW ESS VPA;BE 2010 AGT F DB2 WIN P SVR RNW ESS VPA;BE 2010 AGT F DB2 WIN P SVR RNW ESS VPA;;;;79;;
1;3;2094;1;307,8321;250,27;BE 2010 AGT F EV WIN P SVR BAS VPA;20975485;;BE 2010 AGT F EV WIN P SVR BAS VPA;BE 2010 AGT F EV WIN P SVR BAS VPA;BE 2010 AGT F EV WIN P SVR BAS VPA;BE 2010 AGT F EV WIN P SVR BAS VPA;;;;79;;
1;3;2094;1;192,0276;156,12;BE 2010 AGT F LTS DMNO WIN P SVR BAS VPA;20975486;;BE 2010 AGT F LTS DMNO WIN P SVR BAS VPA;BE 2010 AGT F LTS DMNO WIN P SVR BAS VPA;BE 2010 AGT F LTS DMNO WIN P SVR BAS VPA;BE 2010 AGT F LTS DMNO WIN P SVR BAS VPA;;;;79;;
1;3;2094;1;245,3727;199,49;BE 2010 AGT F LTS DMNO WIN P SVR ESS VPA;20975487;;BE 2010 AGT F LTS DMNO WIN P SVR ESS VPA;BE 2010 AGT F LTS DMNO WIN P SVR ESS VPA;BE 2010 AGT F LTS DMNO WIN P SVR ESS VPA;BE 2010 AGT F LTS DMNO WIN P SVR ESS VPA;;;;79;;
1;3;2094;1;393,354;319,8;BE 2010 AGT F EV WIN P SVR ESS VPA;20975489;;BE 2010 AGT F EV WIN P SVR ESS VPA;BE 2010 AGT F EV WIN P SVR ESS VPA;BE 2010 AGT F EV WIN P SVR ESS VPA;BE 2010 AGT F EV WIN P SVR ESS VPA;;;;79;;
1;3;2094;1;306,9096;249,52;BE 2010 AGTMFST HYPER-V WINHOST BAS VPA;20975491;;BE 2010 AGTMFST HYPER-V WINHOST BAS VPA;BE 2010 AGTMFST HYPER-V WINHOST BAS VPA;BE 2010 AGTMFST HYPER-V WINHOST BAS VPA;BE 2010 AGTMFST HYPER-V WINHOST BAS VPA;;;;79;;
1;3;2094;1;114,8328;93,36;BE 2010 AGT F WIN SYS WIN P SVR BAS VPA;20975495;;BE 2010 AGT F WIN SYS WIN P SVR BAS VPA;BE 2010 AGT F WIN SYS WIN P SVR BAS VPA;BE 2010 AGT F WIN SYS WIN P SVR BAS VPA;BE 2010 AGT F WIN SYS WIN P SVR BAS VPA;;;;79;;
1;3;2094;1;76,2354;61,98;BE 2010 AGT REMMAC SYS MACSVR BAS VPA;20975498;;BE 2010 AGT REMMAC SYS MACSVR BAS VPA;BE 2010 AGT REMMAC SYS MACSVR BAS VPA;BE 2010 AGT REMMAC SYS MACSVR BAS VPA;BE 2010 AGT REMMAC SYS MACSVR BAS VPA;;;;79;;
1;3;2094;1;97,4037;79,19;BE 2010 AGT REMMAC SYS MACSVR ESS VPA;20975499;;BE 2010 AGT REMMAC SYS MACSVR ESS VPA;BE 2010 AGT REMMAC SYS MACSVR ESS VPA;BE 2010 AGT REMMAC SYS MACSVR ESS VPA;BE 2010 AGT REMMAC SYS MACSVR ESS VPA;;;;79;;
1;3;2094;1;146,7267;119,29;BE 2010 AGT F WIN SYS WIN P SVR ESS VPA;20975501;;BE 2010 AGT F WIN SYS WIN P SVR ESS VPA;BE 2010 AGT F WIN SYS WIN P SVR ESS VPA;BE 2010 AGT F WIN SYS WIN P SVR ESS VPA;BE 2010 AGT F WIN SYS WIN P SVR ESS VPA;;;;79;;
1;3;2094;1;76,0017;61,79;BE 2010 AGT REMLNX OR UNIX LNX UNX VPA;20975507;;BE 2010 AGT REMLNX OR UNIX LNX UNX VPA;BE 2010 AGT REMLNX OR UNIX LNX UNX VPA;BE 2010 AGT REMLNX OR UNIX LNX UNX VPA;BE 2010 AGT REMLNX OR UNIX LNX UNX VPA;;;;79;;
1;3;2094;1;97,1085;78,95;BE 2010 AGT REMLNX OR UNIX LNX UNX VPA;20975508;;BE 2010 AGT REMLNX OR UNIX LNX UNX VPA;BE 2010 AGT REMLNX OR UNIX LNX UNX VPA;BE 2010 AGT REMLNX OR UNIX LNX UNX VPA;BE 2010 AGT REMLNX OR UNIX LNX UNX VPA;;;;79;;
1;3;2094;1;392,1609;318,83;BE 2010 AGTVMWARE INFRA WINHOST ESS VPA;20975512;;BE 2010 AGTVMWARE INFRA WINHOST ESS VPA;BE 2010 AGTVMWARE INFRA WINHOST ESS VPA;BE 2010 AGTVMWARE INFRA WINHOST ESS VPA;BE 2010 AGTVMWARE INFRA WINHOST ESS VPA;;;;79;;
1;3;2094;1;47,9454;38,98;BE 2010 MBOX ARCHIV 1 TO 10 MBOX ESS VPA;20975517;;BE 2010 MBOX ARCHIV 1 TO 10 MBOX ESS VPA;BE 2010 MBOX ARCHIV 1 TO 10 MBOX ESS VPA;BE 2010 MBOX ARCHIV 1 TO 10 MBOX ESS VPA;BE 2010 MBOX ARCHIV 1 TO 10 MBOX ESS VPA;;;;79;;
1;3;2094;1;375,2238;305,06;BE 2010 ARCHIV 1 TO 100 BAS VPA;20975526;;BE 2010 ARCHIV 1 TO 100 BAS VPA;BE 2010 ARCHIV 1 TO 100 BAS VPA;BE 2010 ARCHIV 1 TO 100 BAS VPA;BE 2010 ARCHIV 1 TO 100 BAS VPA;;;;79;;
1;3;2094;1;479,454;389,8;BE 2010 ARCHIV 1 TO 100 ESS VPA;20975527;;BE 2010 ARCHIV 1 TO 100 ESS VPA;BE 2010 ARCHIV 1 TO 100 ESS VPA;BE 2010 ARCHIV 1 TO 100 ESS VPA;BE 2010 ARCHIV 1 TO 100 ESS VPA;;;;79;;
1;3;2094;1;152,9751;124,37;BE 2010 OPT FILE SYS ARCHIVING BAS VPA;20975532;;BE 2010 OPT FILE SYS ARCHIVING BAS VPA;BE 2010 OPT FILE SYS ARCHIVING BAS VPA;BE 2010 OPT FILE SYS ARCHIVING BAS VPA;BE 2010 OPT FILE SYS ARCHIVING BAS VPA;;;;79;;
1;3;2094;1;195,4716;158,92;BE 2010 OPT FILE SYS ARCHIVING ESS VPA;20975533;;BE 2010 OPT FILE SYS ARCHIVING ESS VPA;BE 2010 OPT FILE SYS ARCHIVING ESS VPA;BE 2010 OPT FILE SYS ARCHIVING ESS VPA;BE 2010 OPT FILE SYS ARCHIVING ESS VPA;;;;79;;
1;3;2094;1;97,4037;79,19;BE 2010 A LPTP WIN P DVC RNW ESS VPA;20975534;;BE 2010 A LPTP WIN P DVC RNW ESS VPA;BE 2010 A LPTP WIN P DVC RNW ESS VPA;BE 2010 A LPTP WIN P DVC RNW ESS VPA;BE 2010 A LPTP WIN P DVC RNW ESS VPA;;;;79;;
1;3;2094;1;37,515;30,5;BE 2010 MBOX ARCHIV 1 TO 10 MBOX BAS VPA;20975537;;BE 2010 MBOX ARCHIV 1 TO 10 MBOX BAS VPA;BE 2010 MBOX ARCHIV 1 TO 10 MBOX BAS VPA;BE 2010 MBOX ARCHIV 1 TO 10 MBOX BAS VPA;BE 2010 MBOX ARCHIV 1 TO 10 MBOX BAS VPA;;;;79;;
1;3;2094;1;476,2806;387,22;VRTS STORAGE FOUNDATION 5.1 WIN FOR OS TIER ENTERPRISE EDITION ESSENTIAL 12 MONTHS VPA;20976950;;VRTS STORAGE FOUNDATION 5.1 WIN FOR OS TIER ENTERPRISE EDITION ESSENTIAL 12 MONTHS VPA;VRTS STORAGE FOUNDATION 5.1 WIN FOR OS TIER ENTERPRISE EDITION ESSENTIAL 12 MONTHS VPA;VRTS STORAGE FOUNDATION 5.1 WIN FOR OS TIER ENTERPRISE EDITION ESSENTIAL 12 MONTHS VPA;VRTS STORAGE FOUNDATION 5.1 WIN FOR OS TIER ENTERPRISE EDITION ESSENTIAL 12 MONTHS VPA;;;;79;;
1;3;2094;1;2070,7419;1683,53;VRTS STORAGE FOUNDATION 5.1 WIN FOR OS TIER ENTERPRISE EDITION STD LIC VPA;20976999;;VRTS STORAGE FOUNDATION 5.1 WIN FOR OS TIER ENTERPRISE EDITION STD LIC VPA;VRTS STORAGE FOUNDATION 5.1 WIN FOR OS TIER ENTERPRISE EDITION STD LIC VPA;VRTS STORAGE FOUNDATION 5.1 WIN FOR OS TIER ENTERPRISE EDITION STD LIC VPA;VRTS STORAGE FOUNDATION 5.1 WIN FOR OS TIER ENTERPRISE EDITION STD LIC VPA;;;;79;;
1;3;2094;1;368,5695;299,65;VRTS STORAGE FOUNDATION OPTION MICROSOFT CLUSTER 5.1 WIN FOR OS TIER ENTERPRISEEDITION STD LIC VPA;20977116;;VRTS STORAGE FOUNDATION OPTION MICROSOFT CLUSTER 5.1 WIN FOR OS TIER ENTERPRISEEDITION STD LIC VPA;VRTS STORAGE FOUNDATION OPTION MICROSOFT CLUSTER 5.1 WIN FOR OS TIER ENTERPRISEEDITION STD LIC VPA;VRTS STORAGE FOUNDATION OPTION MICROSOFT CLUSTER 5.1 WIN FOR OS TIER ENTERPRISEEDITION STD LIC VPA;VRTS STORAGE FOUNDATION OPTION MICROSOFT CLUSTER 5.1 WIN FOR OS TIER ENTERPRISEEDITION STD LIC VPA;;;;79;;
1;3;2094;1;84,7839;68,93;VRTS STORAGE FOUNDATION OPTION MICROSOFT CLUSTER 5.1 WIN FOR OS TIER ENTERPRISEEDITION ESSENTIAL 12 MONTHS VPA;20977407;;VRTS STORAGE FOUNDATION OPTION MICROSOFT CLUSTER 5.1 WIN FOR OS TIER ENTERPRISEEDITION ESSENTIAL 12 MONTHS VPA;VRTS STORAGE FOUNDATION OPTION MICROSOFT CLUSTER 5.1 WIN FOR OS TIER ENTERPRISEEDITION ESSENTIAL 12 MONTHS VPA;VRTS STORAGE FOUNDATION OPTION MICROSOFT CLUSTER 5.1 WIN FOR OS TIER ENTERPRISEEDITION ESSENTIAL 12 MONTHS VPA;VRTS STORAGE FOUNDATION OPTION MICROSOFT CLUSTER 5.1 WIN FOR OS TIER ENTERPRISEEDITION ESSENTIAL 12 MONTHS VPA;;;;79;;
1;3;2094;1;2586,2964;2102,68;NORTON GHOST 15.0 EN SYS BUILDER 100PK;20982823;;NORTON GHOST 15.0 EN SYS BUILDER 100PK;NORTON GHOST 15.0 EN SYS BUILDER 100PK;NORTON GHOST 15.0 EN SYS BUILDER 100PK;NORTON GHOST 15.0 EN SYS BUILDER 100PK;;;;79;;
1;3;2094;1;166,2468;135,16;NORTON GHOST 15.0 EN SYSTEM BUILDER 3 PA;20982852;;NORTON GHOST 15.0 EN SYSTEM BUILDER 3 PA;NORTON GHOST 15.0 EN SYSTEM BUILDER 3 PA;NORTON GHOST 15.0 EN SYSTEM BUILDER 3 PA;NORTON GHOST 15.0 EN SYSTEM BUILDER 3 PA;;;;79;;
1;3;2094;1;1241,4144;1009,28;NORTON GHOST 15.0 EN SYS BUILDER 30PK;20982881;;NORTON GHOST 15.0 EN SYS BUILDER 30PK;NORTON GHOST 15.0 EN SYS BUILDER 30PK;NORTON GHOST 15.0 EN SYS BUILDER 30PK;NORTON GHOST 15.0 EN SYS BUILDER 30PK;;;;79;;
1;3;2094;1;40,7622;33,14;BRIGHTMAIL GATEWAY SMALL BUS ED 9.0 EN CDV MEDIA;20982910;;BRIGHTMAIL GATEWAY SMALL BUS ED 9.0 EN CDV MEDIA;BRIGHTMAIL GATEWAY SMALL BUS ED 9.0 EN CDV MEDIA;BRIGHTMAIL GATEWAY SMALL BUS ED 9.0 EN CDV MEDIA;BRIGHTMAIL GATEWAY SMALL BUS ED 9.0 EN CDV MEDIA;;;;79;;
1;3;2094;1;3961,2888;3220,56;8340 BMAIL GWAY AV 9.0 250 USR BAS 36 MO;20982989;;8340 BMAIL GWAY AV 9.0 250 USR BAS 36 MO;8340 BMAIL GWAY AV 9.0 250 USR BAS 36 MO;8340 BMAIL GWAY AV 9.0 250 USR BAS 36 MO;8340 BMAIL GWAY AV 9.0 250 USR BAS 36 MO;;;;79;;
1;3;2094;1;2475,7932;2012,84;8340 BMAIL GWAY AV 9.0 100 USR BAS 12 MO;20982998;;8340 BMAIL GWAY AV 9.0 100 USR BAS 12 MO;8340 BMAIL GWAY AV 9.0 100 USR BAS 12 MO;8340 BMAIL GWAY AV 9.0 100 USR BAS 12 MO;8340 BMAIL GWAY AV 9.0 100 USR BAS 12 MO;;;;79;;
1;3;2094;1;3268,0608;2656,96;8340 BMAIL GWAY AV 9.0 250 USR BAS 12 MO;20982999;;8340 BMAIL GWAY AV 9.0 250 USR BAS 12 MO;8340 BMAIL GWAY AV 9.0 250 USR BAS 12 MO;8340 BMAIL GWAY AV 9.0 250 USR BAS 12 MO;8340 BMAIL GWAY AV 9.0 250 USR BAS 12 MO;;;;79;;
1;3;2094;1;3169,0335;2576,45;8340 BMAIL GWAY AV 9.0 100 USR BAS 36 MO;20983000;;8340 BMAIL GWAY AV 9.0 100 USR BAS 36 MO;8340 BMAIL GWAY AV 9.0 100 USR BAS 36 MO;8340 BMAIL GWAY AV 9.0 100 USR BAS 36 MO;8340 BMAIL GWAY AV 9.0 100 USR BAS 36 MO;;;;79;;
1;3;2094;1;7,749;6,3;SNAC MOBILE ED 6.0 XPLATDVC RNW BAS VPA;20984219;;SNAC MOBILE ED 6.0 XPLATDVC RNW BAS VPA;SNAC MOBILE ED 6.0 XPLATDVC RNW BAS VPA;SNAC MOBILE ED 6.0 XPLATDVC RNW BAS VPA;SNAC MOBILE ED 6.0 XPLATDVC RNW BAS VPA;;;;79;;
1;3;2094;1;9,4587;7,69;SNAC MOBILE ED 6.0 XPLATDVC RNW ESS VPA;20984220;;SNAC MOBILE ED 6.0 XPLATDVC RNW ESS VPA;SNAC MOBILE ED 6.0 XPLATDVC RNW ESS VPA;SNAC MOBILE ED 6.0 XPLATDVC RNW ESS VPA;SNAC MOBILE ED 6.0 XPLATDVC RNW ESS VPA;;;;79;;
1;3;2094;1;667,1643;542,41;NTWK ACS CTRL SCNNER 5.1 SVR BAS RNW VPA;20984221;;NTWK ACS CTRL SCNNER 5.1 SVR BAS RNW VPA;NTWK ACS CTRL SCNNER 5.1 SVR BAS RNW VPA;NTWK ACS CTRL SCNNER 5.1 SVR BAS RNW VPA;NTWK ACS CTRL SCNNER 5.1 SVR BAS RNW VPA;;;;79;;
1;3;2094;1;812,2059;660,33;NTWK ACS CTRL SCNNER 5.1 SVR ESS RNW VPA;20984222;;NTWK ACS CTRL SCNNER 5.1 SVR ESS RNW VPA;NTWK ACS CTRL SCNNER 5.1 SVR ESS RNW VPA;NTWK ACS CTRL SCNNER 5.1 SVR ESS RNW VPA;NTWK ACS CTRL SCNNER 5.1 SVR ESS RNW VPA;;;;79;;
1;3;2094;1;15,3504;12,48;SMS F DMNO 8.0 WIN PER USER RNW ESS VPA;20984224;;SMS F DMNO 8.0 WIN PER USER RNW ESS VPA;SMS F DMNO 8.0 WIN PER USER RNW ESS VPA;SMS F DMNO 8.0 WIN PER USER RNW ESS VPA;SMS F DMNO 8.0 WIN PER USER RNW ESS VPA;;;;79;;
1;3;2094;1;7,749;6,3;SNAC MOBILE ED 6.0 XPLAT P DVC BAS VPA;20984241;;SNAC MOBILE ED 6.0 XPLAT P DVC BAS VPA;SNAC MOBILE ED 6.0 XPLAT P DVC BAS VPA;SNAC MOBILE ED 6.0 XPLAT P DVC BAS VPA;SNAC MOBILE ED 6.0 XPLAT P DVC BAS VPA;;;;79;;
1;3;2094;1;9,4587;7,69;SNAC MOBILE ED 6.0 XPLAT P DVC ESS VPA;20984242;;SNAC MOBILE ED 6.0 XPLAT P DVC ESS VPA;SNAC MOBILE ED 6.0 XPLAT P DVC ESS VPA;SNAC MOBILE ED 6.0 XPLAT P DVC ESS VPA;SNAC MOBILE ED 6.0 XPLAT P DVC ESS VPA;;;;79;;
1;3;2094;1;8,0442;6,54;SAV 4.3 F MSFT ISA SVR BAS RNW VPA;20984248;;SAV 4.3 F MSFT ISA SVR BAS RNW VPA;SAV 4.3 F MSFT ISA SVR BAS RNW VPA;SAV 4.3 F MSFT ISA SVR BAS RNW VPA;SAV 4.3 F MSFT ISA SVR BAS RNW VPA;;;;79;;
1;3;2094;1;8,7699;7,13;SAV 4.3 F MSFT ISA SVR ESS RNW VPA;20984249;;SAV 4.3 F MSFT ISA SVR ESS RNW VPA;SAV 4.3 F MSFT ISA SVR ESS RNW VPA;SAV 4.3 F MSFT ISA SVR ESS RNW VPA;SAV 4.3 F MSFT ISA SVR ESS RNW VPA;;;;79;;
1;3;2094;1;4,0959;3,33;AV CLEARSWIFT 4.3 NODE BAS RNW VPA;20984250;;AV CLEARSWIFT 4.3 NODE BAS RNW VPA;AV CLEARSWIFT 4.3 NODE BAS RNW VPA;AV CLEARSWIFT 4.3 NODE BAS RNW VPA;AV CLEARSWIFT 4.3 NODE BAS RNW VPA;;;;79;;
1;3;2094;1;4,4895;3,65;AV CLEARSWIFT 4.3 NODE ESS RNW VPA;20984251;;AV CLEARSWIFT 4.3 NODE ESS RNW VPA;AV CLEARSWIFT 4.3 NODE ESS RNW VPA;AV CLEARSWIFT 4.3 NODE ESS RNW VPA;AV CLEARSWIFT 4.3 NODE ESS RNW VPA;;;;79;;
1;3;2094;1;6,5067;5,29;SAV F CACHING 5.2 USER RNW BAS VPA;20984254;;SAV F CACHING 5.2 USER RNW BAS VPA;SAV F CACHING 5.2 USER RNW BAS VPA;SAV F CACHING 5.2 USER RNW BAS VPA;SAV F CACHING 5.2 USER RNW BAS VPA;;;;79;;
1;3;2094;1;7,0848;5,76;SAV F CACHING 5.2 USER RNW ESS VPA;20984255;;SAV F CACHING 5.2 USER RNW ESS VPA;SAV F CACHING 5.2 USER RNW ESS VPA;SAV F CACHING 5.2 USER RNW ESS VPA;SAV F CACHING 5.2 USER RNW ESS VPA;;;;79;;
1;3;2094;1;8,2779;6,73;SAV F MESSAGING 5.2 USER RNW BAS VPA;20984260;;SAV F MESSAGING 5.2 USER RNW BAS VPA;SAV F MESSAGING 5.2 USER RNW BAS VPA;SAV F MESSAGING 5.2 USER RNW BAS VPA;SAV F MESSAGING 5.2 USER RNW BAS VPA;;;;79;;
1;3;2094;1;9,0282;7,34;SAV F MESSAGING 5.2 USER RNW ESS VPA;20984261;;SAV F MESSAGING 5.2 USER RNW ESS VPA;SAV F MESSAGING 5.2 USER RNW ESS VPA;SAV F MESSAGING 5.2 USER RNW ESS VPA;SAV F MESSAGING 5.2 USER RNW ESS VPA;;;;79;;
1;3;2094;1;7,1463;5,81;SAV FOR NAS 5.2 USR RNW BAS 12M VPA;20984264;;SAV FOR NAS 5.2 USR RNW BAS 12M VPA;SAV FOR NAS 5.2 USR RNW BAS 12M VPA;SAV FOR NAS 5.2 USR RNW BAS 12M VPA;SAV FOR NAS 5.2 USR RNW BAS 12M VPA;;;;79;;
1;3;2094;1;7,7736;6,32;SAV FOR NAS 5.2 USR RNW ESS 12 MON VPA;20984265;;SAV FOR NAS 5.2 USR RNW ESS 12 MON VPA;SAV FOR NAS 5.2 USR RNW ESS 12 MON VPA;SAV FOR NAS 5.2 USR RNW ESS 12 MON VPA;SAV FOR NAS 5.2 USR RNW ESS 12 MON VPA;;;;79;;
1;3;2094;1;7,8351;6,37;CRITICAL PROTEC 5.2 BNDL LIC RNW VPA ESS;20984327;;CRITICAL PROTEC 5.2 BNDL LIC RNW VPA ESS;CRITICAL PROTEC 5.2 BNDL LIC RNW VPA ESS;CRITICAL PROTEC 5.2 BNDL LIC RNW VPA ESS;CRITICAL PROTEC 5.2 BNDL LIC RNW VPA ESS;;;;79;;
1;3;2094;1;9,5694;7,78;CRITICAL PROTEC 5.2 BNDL LIC RNW VPA BAS;20984328;;CRITICAL PROTEC 5.2 BNDL LIC RNW VPA BAS;CRITICAL PROTEC 5.2 BNDL LIC RNW VPA BAS;CRITICAL PROTEC 5.2 BNDL LIC RNW VPA BAS;CRITICAL PROTEC 5.2 BNDL LIC RNW VPA BAS;;;;79;;
1;3;2094;1;254,733;207,1;CRITICAL PROTEC 5.2 MAINT RNW VPA BAS;20984329;;CRITICAL PROTEC 5.2 MAINT RNW VPA BAS;CRITICAL PROTEC 5.2 MAINT RNW VPA BAS;CRITICAL PROTEC 5.2 MAINT RNW VPA BAS;CRITICAL PROTEC 5.2 MAINT RNW VPA BAS;;;;79;;
1;3;2094;1;310,1322;252,14;CRITICAL PROTEC 5.2 MAINT RNW VPA ESS;20984330;;CRITICAL PROTEC 5.2 MAINT RNW VPA ESS;CRITICAL PROTEC 5.2 MAINT RNW VPA ESS;CRITICAL PROTEC 5.2 MAINT RNW VPA ESS;CRITICAL PROTEC 5.2 MAINT RNW VPA ESS;;;;79;;
1;3;2094;1;8,8314;7,18;SAVSE 5.2 BAS RNW VPA;20984366;;SAVSE 5.2 BAS RNW VPA;SAVSE 5.2 BAS RNW VPA;SAVSE 5.2 BAS RNW VPA;SAVSE 5.2 BAS RNW VPA;;;;79;;
1;3;2094;1;9,6432;7,84;SAVSE 5.2 ESS RNW VPA;20984367;;SAVSE 5.2 ESS RNW VPA;SAVSE 5.2 ESS RNW VPA;SAVSE 5.2 ESS RNW VPA;SAVSE 5.2 ESS RNW VPA;;;;79;;
1;3;2094;1;2710,0221;2203,27;SAVSE WEB SERVER 5.2 BAS RNW VPA;20984368;;SAVSE WEB SERVER 5.2 BAS RNW VPA;SAVSE WEB SERVER 5.2 BAS RNW VPA;SAVSE WEB SERVER 5.2 BAS RNW VPA;SAVSE WEB SERVER 5.2 BAS RNW VPA;;;;79;;
1;3;2094;1;2956,3911;2403,57;SAVSE WEB SERVER 5.2 ESS RNW VPA;20984369;;SAVSE WEB SERVER 5.2 ESS RNW VPA;SAVSE WEB SERVER 5.2 ESS RNW VPA;SAVSE WEB SERVER 5.2 ESS RNW VPA;SAVSE WEB SERVER 5.2 ESS RNW VPA;;;;79;;
1;3;2094;1;10573,4982;8596,34;SIM 4.7 P SVR RNW BAS VPA;20984370;;SIM 4.7 P SVR RNW BAS VPA;SIM 4.7 P SVR RNW BAS VPA;SIM 4.7 P SVR RNW BAS VPA;SIM 4.7 P SVR RNW BAS VPA;;;;79;;
1;3;2094;1;12872,073;10465,1;SYMC SECURITY INFORMATION MANAGER 4.7 PER SERVER RENEWAL ESSENTIAL 12 MONTHS VPA;20984371;;SYMC SECURITY INFORMATION MANAGER 4.7 PER SERVER RENEWAL ESSENTIAL 12 MONTHS VPA;SYMC SECURITY INFORMATION MANAGER 4.7 PER SERVER RENEWAL ESSENTIAL 12 MONTHS VPA;SYMC SECURITY INFORMATION MANAGER 4.7 PER SERVER RENEWAL ESSENTIAL 12 MONTHS VPA;SYMC SECURITY INFORMATION MANAGER 4.7 PER SERVER RENEWAL ESSENTIAL 12 MONTHS VPA;;;;79;;
1;3;2094;1;12471,8925;10139,75;SIM GL INTELLIGENCE 4.7SUB LIC VPA BAS;20984372;;SIM GL INTELLIGENCE 4.7SUB LIC VPA BAS;SIM GL INTELLIGENCE 4.7SUB LIC VPA BAS;SIM GL INTELLIGENCE 4.7SUB LIC VPA BAS;SIM GL INTELLIGENCE 4.7SUB LIC VPA BAS;;;;79;;
1;3;2094;1;13134,7764;10678,68;SYMC SECURITY INFORMATION MANAGER GLOBAL INTELLIGENCE NETWORK 4.7 PER SERVER SUBLIC VPA ESSENTIAL 12 MONTHS;20984373;;SYMC SECURITY INFORMATION MANAGER GLOBAL INTELLIGENCE NETWORK 4.7 PER SERVER SUBLIC VPA ESSENTIAL 12 MONTHS;SYMC SECURITY INFORMATION MANAGER GLOBAL INTELLIGENCE NETWORK 4.7 PER SERVER SUBLIC VPA ESSENTIAL 12 MONTHS;SYMC SECURITY INFORMATION MANAGER GLOBAL INTELLIGENCE NETWORK 4.7 PER SERVER SUBLIC VPA ESSENTIAL 12 MONTHS;SYMC SECURITY INFORMATION MANAGER GLOBAL INTELLIGENCE NETWORK 4.7 PER SERVER SUBLIC VPA ESSENTIAL 12 MONTHS;;;;79;;
1;3;2094;1;60,2331;48,97;SIM MNTRD OR NODE 4.7MGD DVC RNW BAS VPA;20984374;;SIM MNTRD OR NODE 4.7MGD DVC RNW BAS VPA;SIM MNTRD OR NODE 4.7MGD DVC RNW BAS VPA;SIM MNTRD OR NODE 4.7MGD DVC RNW BAS VPA;SIM MNTRD OR NODE 4.7MGD DVC RNW BAS VPA;;;;79;;
1;3;2094;1;73,554;59,8;SYMC SECURITY INFORMATION MANAGER MONITORED SERVER OR NETWORK NODE 4.7 PER MGD DEVICE RENEWAL ESSENTIAL 12 MONTHS VPA;20984375;;SYMC SECURITY INFORMATION MANAGER MONITORED SERVER OR NETWORK NODE 4.7 PER MGD DEVICE RENEWAL ESSENTIAL 12 MONTHS VPA;SYMC SECURITY INFORMATION MANAGER MONITORED SERVER OR NETWORK NODE 4.7 PER MGD DEVICE RENEWAL ESSENTIAL 12 MONTHS VPA;SYMC SECURITY INFORMATION MANAGER MONITORED SERVER OR NETWORK NODE 4.7 PER MGD DEVICE RENEWAL ESSENTIAL 12 MONTHS VPA;SYMC SECURITY INFORMATION MANAGER MONITORED SERVER OR NETWORK NODE 4.7 PER MGD DEVICE RENEWAL ESSENTIAL 12 MONTHS VPA;;;;79;;
1;3;2094;1;1,5252;1,24;SIM MNTRD WKST 4.7 P MGD DVC RNW BAS VPA;20984376;;SIM MNTRD WKST 4.7 P MGD DVC RNW BAS VPA;SIM MNTRD WKST 4.7 P MGD DVC RNW BAS VPA;SIM MNTRD WKST 4.7 P MGD DVC RNW BAS VPA;SIM MNTRD WKST 4.7 P MGD DVC RNW BAS VPA;;;;79;;
1;3;2094;1;1,8327;1,49;SYMC SECURITY INFORMATION MANAGER MONITORED WORKSTATION 4.7 PER MGD DEVICE RENEWAL ESSENTIAL 12 MONTHS VPA;20984377;;SYMC SECURITY INFORMATION MANAGER MONITORED WORKSTATION 4.7 PER MGD DEVICE RENEWAL ESSENTIAL 12 MONTHS VPA;SYMC SECURITY INFORMATION MANAGER MONITORED WORKSTATION 4.7 PER MGD DEVICE RENEWAL ESSENTIAL 12 MONTHS VPA;SYMC SECURITY INFORMATION MANAGER MONITORED WORKSTATION 4.7 PER MGD DEVICE RENEWAL ESSENTIAL 12 MONTHS VPA;SYMC SECURITY INFORMATION MANAGER MONITORED WORKSTATION 4.7 PER MGD DEVICE RENEWAL ESSENTIAL 12 MONTHS VPA;;;;79;;
1;3;2094;1;14,0712;11,44;SMS F DMNO 8.0 WIN PER USER RNW BAS VPA;20984472;;SMS F DMNO 8.0 WIN PER USER RNW BAS VPA;SMS F DMNO 8.0 WIN PER USER RNW BAS VPA;SMS F DMNO 8.0 WIN PER USER RNW BAS VPA;SMS F DMNO 8.0 WIN PER USER RNW BAS VPA;;;;79;;
1;3;2094;1;13,9359;11,33;ENDPOINT PROTEC 5.1 WIN USER BAS RNW VPA;20984478;;ENDPOINT PROTEC 5.1 WIN USER BAS RNW VPA;ENDPOINT PROTEC 5.1 WIN USER BAS RNW VPA;ENDPOINT PROTEC 5.1 WIN USER BAS RNW VPA;ENDPOINT PROTEC 5.1 WIN USER BAS RNW VPA;;;;79;;
1;3;2094;1;15,1905;12,35;ENDPOINT PROTEC 5.1 WIN USER ESS RNW VPA;20984479;;ENDPOINT PROTEC 5.1 WIN USER ESS RNW VPA;ENDPOINT PROTEC 5.1 WIN USER ESS RNW VPA;ENDPOINT PROTEC 5.1 WIN USER ESS RNW VPA;ENDPOINT PROTEC 5.1 WIN USER ESS RNW VPA;;;;79;;
1;3;2094;1;24,6738;20,06;PROTEC 6.0 XPLATDVC INITIAL BAS VPA;20984481;;PROTEC 6.0 XPLATDVC INITIAL BAS VPA;PROTEC 6.0 XPLATDVC INITIAL BAS VPA;PROTEC 6.0 XPLATDVC INITIAL BAS VPA;PROTEC 6.0 XPLATDVC INITIAL BAS VPA;;;;79;;
1;3;2094;1;26,937;21,9;PROTEC 6.0 XPLATDVC INITIAL ESS VPA;20984482;;PROTEC 6.0 XPLATDVC INITIAL ESS VPA;PROTEC 6.0 XPLATDVC INITIAL ESS VPA;PROTEC 6.0 XPLATDVC INITIAL ESS VPA;PROTEC 6.0 XPLATDVC INITIAL ESS VPA;;;;79;;
1;3;2094;1;24,6738;20,06;PROTEC MOBILE 6.0 XPLATDVC RNW BAS VPA;20984483;;PROTEC MOBILE 6.0 XPLATDVC RNW BAS VPA;PROTEC MOBILE 6.0 XPLATDVC RNW BAS VPA;PROTEC MOBILE 6.0 XPLATDVC RNW BAS VPA;PROTEC MOBILE 6.0 XPLATDVC RNW BAS VPA;;;;79;;
1;3;2094;1;26,937;21,9;PROTEC MOBILE 6.0 XPLATDVC RNW ESS VPA;20984484;;PROTEC MOBILE 6.0 XPLATDVC RNW ESS VPA;PROTEC MOBILE 6.0 XPLATDVC RNW ESS VPA;PROTEC MOBILE 6.0 XPLATDVC RNW ESS VPA;PROTEC MOBILE 6.0 XPLATDVC RNW ESS VPA;;;;79;;
1;3;2094;1;25,83;21;VPA ENDPOINT PROTECTION 11.0 BNDL STD LIC ESSENTIAL 12MO;20984554;;VPA ENDPOINT PROTECTION 11.0 BNDL STD LIC ESSENTIAL 12MO;VPA ENDPOINT PROTECTION 11.0 BNDL STD LIC ESSENTIAL 12MO;VPA ENDPOINT PROTECTION 11.0 BNDL STD LIC ESSENTIAL 12MO;VPA ENDPOINT PROTECTION 11.0 BNDL STD LIC ESSENTIAL 12MO;;;;79;;
1;3;2094;1;28,9665;23,55;CRITICAL PROTEC 5.2 BNDL UG LIC VPA ESS;20984561;;CRITICAL PROTEC 5.2 BNDL UG LIC VPA ESS;CRITICAL PROTEC 5.2 BNDL UG LIC VPA ESS;CRITICAL PROTEC 5.2 BNDL UG LIC VPA ESS;CRITICAL PROTEC 5.2 BNDL UG LIC VPA ESS;;;;79;;
1;3;2094;1;609,1452;495,24;CRITICAL PROTC 5.2 BNDL UG LIC VPA BAS;20984562;;CRITICAL PROTC 5.2 BNDL UG LIC VPA BAS;CRITICAL PROTC 5.2 BNDL UG LIC VPA BAS;CRITICAL PROTC 5.2 BNDL UG LIC VPA BAS;CRITICAL PROTC 5.2 BNDL UG LIC VPA BAS;;;;79;;
1;3;2094;1;6,3345;5,15;AV 4.3 USER BNDL UG LIC VPA ESS;20984567;;AV 4.3 USER BNDL UG LIC VPA ESS;AV 4.3 USER BNDL UG LIC VPA ESS;AV 4.3 USER BNDL UG LIC VPA ESS;AV 4.3 USER BNDL UG LIC VPA ESS;;;;79;;
1;3;2094;1;5,9532;4,84;AV 4.3 USER BNDL UG LIC VPA BAS;20984569;;AV 4.3 USER BNDL UG LIC VPA BAS;AV 4.3 USER BNDL UG LIC VPA BAS;AV 4.3 USER BNDL UG LIC VPA BAS;AV 4.3 USER BNDL UG LIC VPA BAS;;;;79;;
1;3;2094;1;664,5321;540,27;CRITICAL PROTC 5.2 BNDL UG LIC VPA ESS;20984572;;CRITICAL PROTC 5.2 BNDL UG LIC VPA ESS;CRITICAL PROTC 5.2 BNDL UG LIC VPA ESS;CRITICAL PROTC 5.2 BNDL UG LIC VPA ESS;CRITICAL PROTC 5.2 BNDL UG LIC VPA ESS;;;;79;;
1;3;2094;1;1107,5658;900,46;CRITICAL SYS PROTC 5.2 BNDL LIC VPA BAS;20984579;;CRITICAL SYS PROTC 5.2 BNDL LIC VPA BAS;CRITICAL SYS PROTC 5.2 BNDL LIC VPA BAS;CRITICAL SYS PROTC 5.2 BNDL LIC VPA BAS;CRITICAL SYS PROTC 5.2 BNDL LIC VPA BAS;;;;79;;
1;3;2094;1;1162,9281;945,47;CRITICAL SYS PROTC 5.2 BNDL LIC VPA ESS;20984580;;CRITICAL SYS PROTC 5.2 BNDL LIC VPA ESS;CRITICAL SYS PROTC 5.2 BNDL LIC VPA ESS;CRITICAL SYS PROTC 5.2 BNDL LIC VPA ESS;CRITICAL SYS PROTC 5.2 BNDL LIC VPA ESS;;;;79;;
1;3;2094;1;44,8827;36,49;PROTEC 6.0 XPLATDVC BNDL LIC VPA BAS;20984581;;PROTEC 6.0 XPLATDVC BNDL LIC VPA BAS;PROTEC 6.0 XPLATDVC BNDL LIC VPA BAS;PROTEC 6.0 XPLATDVC BNDL LIC VPA BAS;PROTEC 6.0 XPLATDVC BNDL LIC VPA BAS;;;;79;;
1;3;2094;1;281553,0885;228904,95;SIM 4.7 100 BNDL MULTI LIC ESS VPA;20984587;;SIM 4.7 100 BNDL MULTI LIC ESS VPA;SIM 4.7 100 BNDL MULTI LIC ESS VPA;SIM 4.7 100 BNDL MULTI LIC ESS VPA;SIM 4.7 100 BNDL MULTI LIC ESS VPA;;;;79;;
1;3;2094;1;58929,7059;47910,33;SIM 4.7 100 BNDL MULTI LIC ESS VPA;20984588;;SIM 4.7 100 BNDL MULTI LIC ESS VPA;SIM 4.7 100 BNDL MULTI LIC ESS VPA;SIM 4.7 100 BNDL MULTI LIC ESS VPA;SIM 4.7 100 BNDL MULTI LIC ESS VPA;;;;79;;
1;3;2094;1;261,9039;212,93;SIM MNTRD OR 4.7MGD DVC BNDL LIC VPA BAS;20984589;;SIM MNTRD OR 4.7MGD DVC BNDL LIC VPA BAS;SIM MNTRD OR 4.7MGD DVC BNDL LIC VPA BAS;SIM MNTRD OR 4.7MGD DVC BNDL LIC VPA BAS;SIM MNTRD OR 4.7MGD DVC BNDL LIC VPA BAS;;;;79;;
1;3;2094;1;275,0034;223,58;SIM MNTRD OR 4.7MGD DVC BNDL LIC VPA ESS;20984590;;SIM MNTRD OR 4.7MGD DVC BNDL LIC VPA ESS;SIM MNTRD OR 4.7MGD DVC BNDL LIC VPA ESS;SIM MNTRD OR 4.7MGD DVC BNDL LIC VPA ESS;SIM MNTRD OR 4.7MGD DVC BNDL LIC VPA ESS;;;;79;;
1;3;2094;1;222,63;181;SIM OR 4.7MGD DVC BNDL UG LIC VPA ESS;20984591;;SIM OR 4.7MGD DVC BNDL UG LIC VPA ESS;SIM OR 4.7MGD DVC BNDL UG LIC VPA ESS;SIM OR 4.7MGD DVC BNDL UG LIC VPA ESS;SIM OR 4.7MGD DVC BNDL UG LIC VPA ESS;;;;79;;
1;3;2094;1;6,5559;5,33;SIM WKST 4.7MGD DVC BNDL LIC VPA BAS;20984592;;SIM WKST 4.7MGD DVC BNDL LIC VPA BAS;SIM WKST 4.7MGD DVC BNDL LIC VPA BAS;SIM WKST 4.7MGD DVC BNDL LIC VPA BAS;SIM WKST 4.7MGD DVC BNDL LIC VPA BAS;;;;79;;
1;3;2094;1;20,418;16,6;SMS F DMNO 8.0 WIN BNDL UG LIC VPA BAS;20984593;;SMS F DMNO 8.0 WIN BNDL UG LIC VPA BAS;SMS F DMNO 8.0 WIN BNDL UG LIC VPA BAS;SMS F DMNO 8.0 WIN BNDL UG LIC VPA BAS;SMS F DMNO 8.0 WIN BNDL UG LIC VPA BAS;;;;79;;
1;3;2094;1;22,7796;18,52;SMS F DMNO 8.0 WIN BNDL UG LIC VPA ESS;20984594;;SMS F DMNO 8.0 WIN BNDL UG LIC VPA ESS;SMS F DMNO 8.0 WIN BNDL UG LIC VPA ESS;SMS F DMNO 8.0 WIN BNDL UG LIC VPA ESS;SMS F DMNO 8.0 WIN BNDL UG LIC VPA ESS;;;;79;;
1;3;2094;1;25,5225;20,75;SMS F DMNO 8.0 WIN BNDL LIC VPA BAS;20984595;;SMS F DMNO 8.0 WIN BNDL LIC VPA BAS;SMS F DMNO 8.0 WIN BNDL LIC VPA BAS;SMS F DMNO 8.0 WIN BNDL LIC VPA BAS;SMS F DMNO 8.0 WIN BNDL LIC VPA BAS;;;;79;;
1;3;2094;1;25,0551;20,37;MBL SEC F 5.1 BNDL XGRD LIC SMAV VPA ESS;20984596;;MBL SEC F 5.1 BNDL XGRD LIC SMAV VPA ESS;MBL SEC F 5.1 BNDL XGRD LIC SMAV VPA ESS;MBL SEC F 5.1 BNDL XGRD LIC SMAV VPA ESS;MBL SEC F 5.1 BNDL XGRD LIC SMAV VPA ESS;;;;79;;
1;3;2094;1;9,9015;8,05;SAV 5.2 USER BNDL COMP UG LIC VPA ESS;20984600;;SAV 5.2 USER BNDL COMP UG LIC VPA ESS;SAV 5.2 USER BNDL COMP UG LIC VPA ESS;SAV 5.2 USER BNDL COMP UG LIC VPA ESS;SAV 5.2 USER BNDL COMP UG LIC VPA ESS;;;;79;;
1;3;2094;1;11,7957;9,59;SAV 5.2 USER BNDL STD LIC VPA BAS;20984601;;SAV 5.2 USER BNDL STD LIC VPA BAS;SAV 5.2 USER BNDL STD LIC VPA BAS;SAV 5.2 USER BNDL STD LIC VPA BAS;SAV 5.2 USER BNDL STD LIC VPA BAS;;;;79;;
1;3;2094;1;15,7317;12,79;SAV 5.2 USER BNDL STD LIC VPA ESS;20984602;;SAV 5.2 USER BNDL STD LIC VPA ESS;SAV 5.2 USER BNDL STD LIC VPA ESS;SAV 5.2 USER BNDL STD LIC VPA ESS;SAV 5.2 USER BNDL STD LIC VPA ESS;;;;79;;
1;3;2094;1;11,9925;9,75;SAV 5.2 USER BNDL VER UG LIC VPA BAS;20984603;;SAV 5.2 USER BNDL VER UG LIC VPA BAS;SAV 5.2 USER BNDL VER UG LIC VPA BAS;SAV 5.2 USER BNDL VER UG LIC VPA BAS;SAV 5.2 USER BNDL VER UG LIC VPA BAS;;;;79;;
1;3;2094;1;13,6038;11,06;SAV FOR NAS 5.2 USR BNDL STD LIC VPA ESS;20984604;;SAV FOR NAS 5.2 USR BNDL STD LIC VPA ESS;SAV FOR NAS 5.2 USR BNDL STD LIC VPA ESS;SAV FOR NAS 5.2 USR BNDL STD LIC VPA ESS;SAV FOR NAS 5.2 USR BNDL STD LIC VPA ESS;;;;79;;
1;3;2094;1;16,8264;13,68;SCAN ENGINE 5.2 1 BNDL LIC VPA ESS 12MO;20984605;;SCAN ENGINE 5.2 1 BNDL LIC VPA ESS 12MO;SCAN ENGINE 5.2 1 BNDL LIC VPA ESS 12MO;SCAN ENGINE 5.2 1 BNDL LIC VPA ESS 12MO;SCAN ENGINE 5.2 1 BNDL LIC VPA ESS 12MO;;;;79;;
1;3;2094;1;12,8166;10,42;SCAN 5.2 1 BNDL UG LIC VPA BAS 12MO;20984606;;SCAN 5.2 1 BNDL UG LIC VPA BAS 12MO;SCAN 5.2 1 BNDL UG LIC VPA BAS 12MO;SCAN 5.2 1 BNDL UG LIC VPA BAS 12MO;SCAN 5.2 1 BNDL UG LIC VPA BAS 12MO;;;;79;;
1;3;2094;1;13,6038;11,06;SCAN 5.2 1 BNDL UG LIC VPA ESS 12MO;20984607;;SCAN 5.2 1 BNDL UG LIC VPA ESS 12MO;SCAN 5.2 1 BNDL UG LIC VPA ESS 12MO;SCAN 5.2 1 BNDL UG LIC VPA ESS 12MO;SCAN 5.2 1 BNDL UG LIC VPA ESS 12MO;;;;79;;
1;3;2094;1;3930,0591;3195,17;SCAN WEB 5.2 BNDL UG LIC VPA BAS 12MO;20984608;;SCAN WEB 5.2 BNDL UG LIC VPA BAS 12MO;SCAN WEB 5.2 BNDL UG LIC VPA BAS 12MO;SCAN WEB 5.2 BNDL UG LIC VPA BAS 12MO;SCAN WEB 5.2 BNDL UG LIC VPA BAS 12MO;;;;79;;
1;3;2094;1;4175,7024;3394,88;SCAN WEB 5.2 BNDL UG LIC VPA ESS 12MO;20984609;;SCAN WEB 5.2 BNDL UG LIC VPA ESS 12MO;SCAN WEB 5.2 BNDL UG LIC VPA ESS 12MO;SCAN WEB 5.2 BNDL UG LIC VPA ESS 12MO;SCAN WEB 5.2 BNDL UG LIC VPA ESS 12MO;;;;79;;
1;3;2094;1;28,6221;23,27;SNAC 6.0 XPLATDVC BNDL UG LIC VPA ESS;20984615;;SNAC 6.0 XPLATDVC BNDL UG LIC VPA ESS;SNAC 6.0 XPLATDVC BNDL UG LIC VPA ESS;SNAC 6.0 XPLATDVC BNDL UG LIC VPA ESS;SNAC 6.0 XPLATDVC BNDL UG LIC VPA ESS;;;;79;;
1;3;2094;1;45971,7297;37375,39;SIM 4.7 P SVR BNDL STD LIC VPA BAS;20984617;;SIM 4.7 P SVR BNDL STD LIC VPA BAS;SIM 4.7 P SVR BNDL STD LIC VPA BAS;SIM 4.7 P SVR BNDL STD LIC VPA BAS;SIM 4.7 P SVR BNDL STD LIC VPA BAS;;;;79;;
1;3;2094;1;48270,3045;39244,15;SIM 4.7 P SVR BNDL STD LIC VPA ESS;20984618;;SIM 4.7 P SVR BNDL STD LIC VPA ESS;SIM 4.7 P SVR BNDL STD LIC VPA ESS;SIM 4.7 P SVR BNDL STD LIC VPA ESS;SIM 4.7 P SVR BNDL STD LIC VPA ESS;;;;79;;
1;3;2094;1;5,2398;4,26;SIM WKST 4.7MGD DVC BNDL UG LIC VPA BAS;20984619;;SIM WKST 4.7MGD DVC BNDL UG LIC VPA BAS;SIM WKST 4.7MGD DVC BNDL UG LIC VPA BAS;SIM WKST 4.7MGD DVC BNDL UG LIC VPA BAS;SIM WKST 4.7MGD DVC BNDL UG LIC VPA BAS;;;;79;;
1;3;2094;1;5,5596;4,52;SIM WKST 4.7MGD DVC BNDL UG LIC VPA ESS;20984620;;SIM WKST 4.7MGD DVC BNDL UG LIC VPA ESS;SIM WKST 4.7MGD DVC BNDL UG LIC VPA ESS;SIM WKST 4.7MGD DVC BNDL UG LIC VPA ESS;SIM WKST 4.7MGD DVC BNDL UG LIC VPA ESS;;;;79;;
1;3;2094;1;20,418;16,6;SMS F DMNO 8.0 WIN BNDL UG LIC VPA BAS;20984621;;SMS F DMNO 8.0 WIN BNDL UG LIC VPA BAS;SMS F DMNO 8.0 WIN BNDL UG LIC VPA BAS;SMS F DMNO 8.0 WIN BNDL UG LIC VPA BAS;SMS F DMNO 8.0 WIN BNDL UG LIC VPA BAS;;;;79;;
1;3;2094;1;21,6849;17,63;SMS F DMNO 8.0 WIN BNDL UG LIC VPA ESS;20984622;;SMS F DMNO 8.0 WIN BNDL UG LIC VPA ESS;SMS F DMNO 8.0 WIN BNDL UG LIC VPA ESS;SMS F DMNO 8.0 WIN BNDL UG LIC VPA ESS;SMS F DMNO 8.0 WIN BNDL UG LIC VPA ESS;;;;79;;
1;3;2094;1;9,4341;7,67;SAV 5.2 USER BNDL VER UG LIC VPA BAS;20984626;;SAV 5.2 USER BNDL VER UG LIC VPA BAS;SAV 5.2 USER BNDL VER UG LIC VPA BAS;SAV 5.2 USER BNDL VER UG LIC VPA BAS;SAV 5.2 USER BNDL VER UG LIC VPA BAS;;;;79;;
1;3;2094;1;9,9015;8,05;SAV 5.2 USER BNDL VER UG LIC VPA ESS;20984627;;SAV 5.2 USER BNDL VER UG LIC VPA ESS;SAV 5.2 USER BNDL VER UG LIC VPA ESS;SAV 5.2 USER BNDL VER UG LIC VPA ESS;SAV 5.2 USER BNDL VER UG LIC VPA ESS;;;;79;;
1;3;2094;1;10,3443;8,41;SAV 5.2 USR BNDL COMP UG LIC VPA BAS;20984628;;SAV 5.2 USR BNDL COMP UG LIC VPA BAS;SAV 5.2 USR BNDL COMP UG LIC VPA BAS;SAV 5.2 USR BNDL COMP UG LIC VPA BAS;SAV 5.2 USR BNDL COMP UG LIC VPA BAS;;;;79;;
1;3;2094;1;10,9716;8,92;SAV 5.2 USR BNDL COMP UG LIC VPA ESS;20984629;;SAV 5.2 USR BNDL COMP UG LIC VPA ESS;SAV 5.2 USR BNDL COMP UG LIC VPA ESS;SAV 5.2 USR BNDL COMP UG LIC VPA ESS;SAV 5.2 USR BNDL COMP UG LIC VPA ESS;;;;79;;
1;3;2094;1;10,3443;8,41;SAV 5.2 USR BNDL VER UG LIC VPA BAS;20984630;;SAV 5.2 USR BNDL VER UG LIC VPA BAS;SAV 5.2 USR BNDL VER UG LIC VPA BAS;SAV 5.2 USR BNDL VER UG LIC VPA BAS;SAV 5.2 USR BNDL VER UG LIC VPA BAS;;;;79;;
1;3;2094;1;10,9716;8,92;SAV 5.2 USR BNDL VER UG LIC VPA ESS;20984631;;SAV 5.2 USR BNDL VER UG LIC VPA ESS;SAV 5.2 USR BNDL VER UG LIC VPA ESS;SAV 5.2 USR BNDL VER UG LIC VPA ESS;SAV 5.2 USR BNDL VER UG LIC VPA ESS;;;;79;;
1;3;2094;1;35,3502;28,74;SNAC 6.0 XPLATDVC BNDL LIC VPA ESS;20984635;;SNAC 6.0 XPLATDVC BNDL LIC VPA ESS;SNAC 6.0 XPLATDVC BNDL LIC VPA ESS;SNAC 6.0 XPLATDVC BNDL LIC VPA ESS;SNAC 6.0 XPLATDVC BNDL LIC VPA ESS;;;;79;;
1;3;2094;1;36777,3936;29900,32;SIM 4.7 P SVR BNDL VER UG LIC VPA BAS;20984638;;SIM 4.7 P SVR BNDL VER UG LIC VPA BAS;SIM 4.7 P SVR BNDL VER UG LIC VPA BAS;SIM 4.7 P SVR BNDL VER UG LIC VPA BAS;SIM 4.7 P SVR BNDL VER UG LIC VPA BAS;;;;79;;
1;3;2094;1;39075,9684;31769,08;SIM 4.7 P SVR BNDL VER UG LIC VPA ESS;20984639;;SIM 4.7 P SVR BNDL VER UG LIC VPA ESS;SIM 4.7 P SVR BNDL VER UG LIC VPA ESS;SIM 4.7 P SVR BNDL VER UG LIC VPA ESS;SIM 4.7 P SVR BNDL VER UG LIC VPA ESS;;;;79;;
1;3;2094;1;2900,709;2358,3;SIM 4.7 100 BNDL MULTI LIC ESS VPA;20984640;;SIM 4.7 100 BNDL MULTI LIC ESS VPA;SIM 4.7 100 BNDL MULTI LIC ESS VPA;SIM 4.7 100 BNDL MULTI LIC ESS VPA;SIM 4.7 100 BNDL MULTI LIC ESS VPA;;;;79;;
1;3;2094;1;3045,7383;2476,21;SIM 4.7 100 BNDL MULTI LIC ESS VPA;20984641;;SIM 4.7 100 BNDL MULTI LIC ESS VPA;SIM 4.7 100 BNDL MULTI LIC ESS VPA;SIM 4.7 100 BNDL MULTI LIC ESS VPA;SIM 4.7 100 BNDL MULTI LIC ESS VPA;;;;79;;
1;3;2094;1;25,338;20,6;ENDPOINT EMBD 5.1 USER BNDL LIC VPA BAS;20984643;;ENDPOINT EMBD 5.1 USER BNDL LIC VPA BAS;ENDPOINT EMBD 5.1 USER BNDL LIC VPA BAS;ENDPOINT EMBD 5.1 USER BNDL LIC VPA BAS;ENDPOINT EMBD 5.1 USER BNDL LIC VPA BAS;;;;79;;
1;3;2094;1;26,5803;21,61;ENDPOINT EMBD 5.1 USER BNDL LIC VPA ESS;20984648;;ENDPOINT EMBD 5.1 USER BNDL LIC VPA ESS;ENDPOINT EMBD 5.1 USER BNDL LIC VPA ESS;ENDPOINT EMBD 5.1 USER BNDL LIC VPA ESS;ENDPOINT EMBD 5.1 USER BNDL LIC VPA ESS;;;;79;;
1;3;2094;1;19,6185;15,95;SIM 4.7 100 BNDL MULTI LIC ESS VPA;20984655;;SIM 4.7 100 BNDL MULTI LIC ESS VPA;SIM 4.7 100 BNDL MULTI LIC ESS VPA;SIM 4.7 100 BNDL MULTI LIC ESS VPA;SIM 4.7 100 BNDL MULTI LIC ESS VPA;;;;79;;
1;3;2094;1;20,8854;16,98;SIM 4.7 100 BNDL MULTI LIC ESS VPA;20984656;;SIM 4.7 100 BNDL MULTI LIC ESS VPA;SIM 4.7 100 BNDL MULTI LIC ESS VPA;SIM 4.7 100 BNDL MULTI LIC ESS VPA;SIM 4.7 100 BNDL MULTI LIC ESS VPA;;;;79;;
1;3;2094;1;35,8914;29,18;PROTEC 6.0 XPLATDVC BNDL UG LIC VPA BAS;20984662;;PROTEC 6.0 XPLATDVC BNDL UG LIC VPA BAS;PROTEC 6.0 XPLATDVC BNDL UG LIC VPA BAS;PROTEC 6.0 XPLATDVC BNDL UG LIC VPA BAS;PROTEC 6.0 XPLATDVC BNDL UG LIC VPA BAS;;;;79;;
1;3;2094;1;38,1546;31,02;PROTEC 6.0 XPLATDVC BNDL UG LIC VPA ESS;20984663;;PROTEC 6.0 XPLATDVC BNDL UG LIC VPA ESS;PROTEC 6.0 XPLATDVC BNDL UG LIC VPA ESS;PROTEC 6.0 XPLATDVC BNDL UG LIC VPA ESS;PROTEC 6.0 XPLATDVC BNDL UG LIC VPA ESS;;;;79;;
1;3;2094;1;12,7428;10,36;MESSAG 5.2 USER BNDL VER UG LIC VPA ESS;20984666;;MESSAG 5.2 USER BNDL VER UG LIC VPA ESS;MESSAG 5.2 USER BNDL VER UG LIC VPA ESS;MESSAG 5.2 USER BNDL VER UG LIC VPA ESS;MESSAG 5.2 USER BNDL VER UG LIC VPA ESS;;;;79;;
1;3;2094;1;47,1336;38,32;PROTEC 6.0 XPLATDVC BNDL LIC VPA ESS;20984669;;PROTEC 6.0 XPLATDVC BNDL LIC VPA ESS;PROTEC 6.0 XPLATDVC BNDL LIC VPA ESS;PROTEC 6.0 XPLATDVC BNDL LIC VPA ESS;PROTEC 6.0 XPLATDVC BNDL LIC VPA ESS;;;;79;;
1;3;2094;1;18,7575;15,25;CRITICAL SYS PROTEC CLT 5.2 NODE BAS VPA;20984674;;CRITICAL SYS PROTEC CLT 5.2 NODE BAS VPA;CRITICAL SYS PROTEC CLT 5.2 NODE BAS VPA;CRITICAL SYS PROTEC CLT 5.2 NODE BAS VPA;CRITICAL SYS PROTEC CLT 5.2 NODE BAS VPA;;;;79;;
1;3;2094;1;886,0428;720,36;CRITICAL PROTEC SER5.2 BNDL LIC VPA BAS;20984675;;CRITICAL PROTEC SER5.2 BNDL LIC VPA BAS;CRITICAL PROTEC SER5.2 BNDL LIC VPA BAS;CRITICAL PROTEC SER5.2 BNDL LIC VPA BAS;CRITICAL PROTEC SER5.2 BNDL LIC VPA BAS;;;;79;;
1;3;2094;1;941,4174;765,38;CRITICAL PROTEC SER5.2 BNDL LIC VPA ESS;20984676;;CRITICAL PROTEC SER5.2 BNDL LIC VPA ESS;CRITICAL PROTEC SER5.2 BNDL LIC VPA ESS;CRITICAL PROTEC SER5.2 BNDL LIC VPA ESS;CRITICAL PROTEC SER5.2 BNDL LIC VPA ESS;;;;79;;
1;3;2094;1;20,4549;16,63;CRITICAL SYS PROTEC CLT 5.2 NODE ESS VPA;20984679;;CRITICAL SYS PROTEC CLT 5.2 NODE ESS VPA;CRITICAL SYS PROTEC CLT 5.2 NODE ESS VPA;CRITICAL SYS PROTEC CLT 5.2 NODE ESS VPA;CRITICAL SYS PROTEC CLT 5.2 NODE ESS VPA;;;;79;;
1;3;2094;1;14,6247;11,89;SAV 4.3MSFT ISA SVR BNDL STD LIC VPA BAS;20984683;;SAV 4.3MSFT ISA SVR BNDL STD LIC VPA BAS;SAV 4.3MSFT ISA SVR BNDL STD LIC VPA BAS;SAV 4.3MSFT ISA SVR BNDL STD LIC VPA BAS;SAV 4.3MSFT ISA SVR BNDL STD LIC VPA BAS;;;;79;;
1;3;2094;1;15,3504;12,48;SAV 4.3MSFT ISA SVR BNDL STD LIC VPA ESS;20984684;;SAV 4.3MSFT ISA SVR BNDL STD LIC VPA ESS;SAV 4.3MSFT ISA SVR BNDL STD LIC VPA ESS;SAV 4.3MSFT ISA SVR BNDL STD LIC VPA ESS;SAV 4.3MSFT ISA SVR BNDL STD LIC VPA ESS;;;;79;;
1;3;2094;1;34,0956;27,72;CRITICAL PROTEC 5.2 BNDL LIC VPA BAS;20984687;;CRITICAL PROTEC 5.2 BNDL LIC VPA BAS;CRITICAL PROTEC 5.2 BNDL LIC VPA BAS;CRITICAL PROTEC 5.2 BNDL LIC VPA BAS;CRITICAL PROTEC 5.2 BNDL LIC VPA BAS;;;;79;;
1;3;2094;1;35,793;29,1;CRITICAL PROTEC 5.2 BNDL LIC VPA ESS;20984688;;CRITICAL PROTEC 5.2 BNDL LIC VPA ESS;CRITICAL PROTEC 5.2 BNDL LIC VPA ESS;CRITICAL PROTEC 5.2 BNDL LIC VPA ESS;CRITICAL PROTEC 5.2 BNDL LIC VPA ESS;;;;79;;
1;3;2094;1;11,6727;9,49;SAV 4.3MSFT ISA BNDL VER UG LIC VPA BAS;20984691;;SAV 4.3MSFT ISA BNDL VER UG LIC VPA BAS;SAV 4.3MSFT ISA BNDL VER UG LIC VPA BAS;SAV 4.3MSFT ISA BNDL VER UG LIC VPA BAS;SAV 4.3MSFT ISA BNDL VER UG LIC VPA BAS;;;;79;;
1;3;2094;1;12,3861;10,07;SAV 4.3MSFT ISA BNDL VER UG LIC VPA ESS;20984692;;SAV 4.3MSFT ISA BNDL VER UG LIC VPA ESS;SAV 4.3MSFT ISA BNDL VER UG LIC VPA ESS;SAV 4.3MSFT ISA BNDL VER UG LIC VPA ESS;SAV 4.3MSFT ISA BNDL VER UG LIC VPA ESS;;;;79;;
1;3;2094;1;27,2691;22,17;CRITICAL PROTEC 5.2 BNDL UG LIC VPA BAS;20984694;;CRITICAL PROTEC 5.2 BNDL UG LIC VPA BAS;CRITICAL PROTEC 5.2 BNDL UG LIC VPA BAS;CRITICAL PROTEC 5.2 BNDL UG LIC VPA BAS;CRITICAL PROTEC 5.2 BNDL UG LIC VPA BAS;;;;79;;
1;3;2094;1;209,5182;170,34;SIM OR 4.7MGD DVC BNDL UG LIC VPA BAS;20984698;;SIM OR 4.7MGD DVC BNDL UG LIC VPA BAS;SIM OR 4.7MGD DVC BNDL UG LIC VPA BAS;SIM OR 4.7MGD DVC BNDL UG LIC VPA BAS;SIM OR 4.7MGD DVC BNDL UG LIC VPA BAS;;;;79;;
1;3;2094;1;23,4069;19,03;MBL SEC 5.1 BNDL XGRD LIC SMAV VPA BAS;20984699;;MBL SEC 5.1 BNDL XGRD LIC SMAV VPA BAS;MBL SEC 5.1 BNDL XGRD LIC SMAV VPA BAS;MBL SEC 5.1 BNDL XGRD LIC SMAV VPA BAS;MBL SEC 5.1 BNDL XGRD LIC SMAV VPA BAS;;;;79;;
1;3;2094;1;9,4341;7,67;SAVCACH5.2 USER BNDL COMP UG LIC VPA BAS;20984701;;SAVCACH5.2 USER BNDL COMP UG LIC VPA BAS;SAVCACH5.2 USER BNDL COMP UG LIC VPA BAS;SAVCACH5.2 USER BNDL COMP UG LIC VPA BAS;SAVCACH5.2 USER BNDL COMP UG LIC VPA BAS;;;;79;;
1;3;2094;1;14,9937;12,19;MESSAG 5.2 USER BNDL STD LIC VPA BAS;20984702;;MESSAG 5.2 USER BNDL STD LIC VPA BAS;MESSAG 5.2 USER BNDL STD LIC VPA BAS;MESSAG 5.2 USER BNDL STD LIC VPA BAS;MESSAG 5.2 USER BNDL STD LIC VPA BAS;;;;79;;
1;3;2094;1;12,9519;10,53;SAV FOR NAS 5.2 USR BNDL STD LIC VPA BAS;20984703;;SAV FOR NAS 5.2 USR BNDL STD LIC VPA BAS;SAV FOR NAS 5.2 USR BNDL STD LIC VPA BAS;SAV FOR NAS 5.2 USR BNDL STD LIC VPA BAS;SAV FOR NAS 5.2 USR BNDL STD LIC VPA BAS;;;;79;;
1;3;2094;1;16,0269;13,03;SCAN ENGINE 5.2 1 BNDL LIC VPA BAS 12MO;20984704;;SCAN ENGINE 5.2 1 BNDL LIC VPA BAS 12MO;SCAN ENGINE 5.2 1 BNDL LIC VPA BAS 12MO;SCAN ENGINE 5.2 1 BNDL LIC VPA BAS 12MO;SCAN ENGINE 5.2 1 BNDL LIC VPA BAS 12MO;;;;79;;
1;3;2094;1;5158,2141;4193,67;SCAN WEB 5.2 BNDL LIC VPA ESS 12MO;20984705;;SCAN WEB 5.2 BNDL LIC VPA ESS 12MO;SCAN WEB 5.2 BNDL LIC VPA ESS 12MO;SCAN WEB 5.2 BNDL LIC VPA ESS 12MO;SCAN WEB 5.2 BNDL LIC VPA ESS 12MO;;;;79;;
1;3;2094;1;26,937;21,9;SNAC 6.0 XPLATDVC BNDL UG LIC VPA BAS;20984708;;SNAC 6.0 XPLATDVC BNDL UG LIC VPA BAS;SNAC 6.0 XPLATDVC BNDL UG LIC VPA BAS;SNAC 6.0 XPLATDVC BNDL UG LIC VPA BAS;SNAC 6.0 XPLATDVC BNDL UG LIC VPA BAS;;;;79;;
1;3;2094;1;6,888;5,6;SIM WKST 4.7MGD DVC BNDL LIC VPA ESS;20984710;;SIM WKST 4.7MGD DVC BNDL LIC VPA ESS;SIM WKST 4.7MGD DVC BNDL LIC VPA ESS;SIM WKST 4.7MGD DVC BNDL LIC VPA ESS;SIM WKST 4.7MGD DVC BNDL LIC VPA ESS;;;;79;;
1;3;2094;1;26,8878;21,86;SMSDMNO 8.0 WIN PER USERBNDL LIC VPA ESS;20984711;;SMSDMNO 8.0 WIN PER USERBNDL LIC VPA ESS;SMSDMNO 8.0 WIN PER USERBNDL LIC VPA ESS;SMSDMNO 8.0 WIN PER USERBNDL LIC VPA ESS;SMSDMNO 8.0 WIN PER USERBNDL LIC VPA ESS;;;;79;;
1;3;2094;1;12,4107;10,09;SAVCACHING 5.2 USER BNDL STD LIC VPA ESS;20984712;;SAVCACHING 5.2 USER BNDL STD LIC VPA ESS;SAVCACHING 5.2 USER BNDL STD LIC VPA ESS;SAVCACHING 5.2 USER BNDL STD LIC VPA ESS;SAVCACHING 5.2 USER BNDL STD LIC VPA ESS;;;;79;;
1;3;2094;1;4912,5708;3993,96;SCAN WEB 5.2 BNDL LIC VPA BAS 12MO;20984713;;SCAN WEB 5.2 BNDL LIC VPA BAS 12MO;SCAN WEB 5.2 BNDL LIC VPA BAS 12MO;SCAN WEB 5.2 BNDL LIC VPA BAS 12MO;SCAN WEB 5.2 BNDL LIC VPA BAS 12MO;;;;79;;
1;3;2094;1;40,7622;33,14;MEDIA PK BRIGHTMAIL GATEWAY 9.0;20985800;;MEDIA PK BRIGHTMAIL GATEWAY 9.0;MEDIA PK BRIGHTMAIL GATEWAY 9.0;MEDIA PK BRIGHTMAIL GATEWAY 9.0;MEDIA PK BRIGHTMAIL GATEWAY 9.0;;;;79;;
1;3;2094;1;40,6269;33,03;BMAIL MSG FLT AS AV 6.2 EN CD MEDIA;20985837;;BMAIL MSG FLT AS AV 6.2 EN CD MEDIA;BMAIL MSG FLT AS AV 6.2 EN CD MEDIA;BMAIL MSG FLT AS AV 6.2 EN CD MEDIA;BMAIL MSG FLT AS AV 6.2 EN CD MEDIA;;;;79;;
1;3;2094;1;416,9946;339,02;PROTECT STE ADV BUS ED 3.0 EN CD 5U BDL PK BAS;20985879;;PROTECT STE ADV BUS ED 3.0 EN CD 5U BDL PK BAS;PROTECT STE ADV BUS ED 3.0 EN CD 5U BDL PK BAS;PROTECT STE ADV BUS ED 3.0 EN CD 5U BDL PK BAS;PROTECT STE ADV BUS ED 3.0 EN CD 5U BDL PK BAS;;;;79;;
1;3;2094;1;791,8371;643,77;PROTECT STE ADV BUS ED 3.0 EN CD 10U BDL PK BAS;20985880;;PROTECT STE ADV BUS ED 3.0 EN CD 10U BDL PK BAS;PROTECT STE ADV BUS ED 3.0 EN CD 10U BDL PK BAS;PROTECT STE ADV BUS ED 3.0 EN CD 10U BDL PK BAS;PROTECT STE ADV BUS ED 3.0 EN CD 10U BDL PK BAS;;;;79;;
1;3;2094;1;1790,0805;1455,35;PROTECT STE ADV BUS ED 3.0 EN CD 25U BDL PK BAS;20985881;;PROTECT STE ADV BUS ED 3.0 EN CD 25U BDL PK BAS;PROTECT STE ADV BUS ED 3.0 EN CD 25U BDL PK BAS;PROTECT STE ADV BUS ED 3.0 EN CD 25U BDL PK BAS;PROTECT STE ADV BUS ED 3.0 EN CD 25U BDL PK BAS;;;;79;;
1;3;2094;1;40,6269;33,03;PROT SUITE ENT ED F/ SVRS 3.0 EN DVD MEDIA;20985929;;PROT SUITE ENT ED F/ SVRS 3.0 EN DVD MEDIA;PROT SUITE ENT ED F/ SVRS 3.0 EN DVD MEDIA;PROT SUITE ENT ED F/ SVRS 3.0 EN DVD MEDIA;PROT SUITE ENT ED F/ SVRS 3.0 EN DVD MEDIA;;;;79;;
1;3;2094;1;109,2855;88,85;PROT SUITE ENT ED F/ ENDPOINTS 3.0 EN CDV MEDIA;20985960;;PROT SUITE ENT ED F/ ENDPOINTS 3.0 EN CDV MEDIA;PROT SUITE ENT ED F/ ENDPOINTS 3.0 EN CDV MEDIA;PROT SUITE ENT ED F/ ENDPOINTS 3.0 EN CDV MEDIA;PROT SUITE ENT ED F/ ENDPOINTS 3.0 EN CDV MEDIA;;;;79;;
1;3;2094;1;40,8237;33,19;PROT SUITE ENT ED F/ GATEWAY 3.0 EN CDV MEDIA;20986053;;PROT SUITE ENT ED F/ GATEWAY 3.0 EN CDV MEDIA;PROT SUITE ENT ED F/ GATEWAY 3.0 EN CDV MEDIA;PROT SUITE ENT ED F/ GATEWAY 3.0 EN CDV MEDIA;PROT SUITE ENT ED F/ GATEWAY 3.0 EN CDV MEDIA;;;;79;;
1;3;2094;1;20,8485;16,95;SPA ADDON 1.0 USER SUB LIC VPA ESS 36MO;20986140;;SPA ADDON 1.0 USER SUB LIC VPA ESS 36MO;SPA ADDON 1.0 USER SUB LIC VPA ESS 36MO;SPA ADDON 1.0 USER SUB LIC VPA ESS 36MO;SPA ADDON 1.0 USER SUB LIC VPA ESS 36MO;;;;79;;
1;3;2094;1;1,1439;0,93;PCANYWHERE ACS SVR 1.0 MGD DVC BAS S VPA;20986181;;PCANYWHERE ACS SVR 1.0 MGD DVC BAS S VPA;PCANYWHERE ACS SVR 1.0 MGD DVC BAS S VPA;PCANYWHERE ACS SVR 1.0 MGD DVC BAS S VPA;PCANYWHERE ACS SVR 1.0 MGD DVC BAS S VPA;;;;79;;
1;3;2094;1;1,476;1,2;PCANYWHERE ACS SVR 1.0 MGD DVC ESS S VPA;20986182;;PCANYWHERE ACS SVR 1.0 MGD DVC ESS S VPA;PCANYWHERE ACS SVR 1.0 MGD DVC ESS S VPA;PCANYWHERE ACS SVR 1.0 MGD DVC ESS S VPA;PCANYWHERE ACS SVR 1.0 MGD DVC ESS S VPA;;;;79;;
1;3;2094;1;6,4083;5,21;PCANYWHERE ACS SVR 1.0 MGD DVC VPA;20986214;;PCANYWHERE ACS SVR 1.0 MGD DVC VPA;PCANYWHERE ACS SVR 1.0 MGD DVC VPA;PCANYWHERE ACS SVR 1.0 MGD DVC VPA;PCANYWHERE ACS SVR 1.0 MGD DVC VPA;;;;79;;
1;3;2094;1;10,8855;8,85;CLT SEC NOKIA 3.0 DVC BAS S RNW VPA;20986215;;CLT SEC NOKIA 3.0 DVC BAS S RNW VPA;CLT SEC NOKIA 3.0 DVC BAS S RNW VPA;CLT SEC NOKIA 3.0 DVC BAS S RNW VPA;CLT SEC NOKIA 3.0 DVC BAS S RNW VPA;;;;79;;
1;3;2094;1;8,9544;7,28;SPA ADDON 1.0 USER SUB LIC VPA BAS;20986288;;SPA ADDON 1.0 USER SUB LIC VPA BAS;SPA ADDON 1.0 USER SUB LIC VPA BAS;SPA ADDON 1.0 USER SUB LIC VPA BAS;SPA ADDON 1.0 USER SUB LIC VPA BAS;;;;79;;
1;3;2094;1;9,4095;7,65;SPA ADDON 1.0 USER SUB LIC VPA ESS;20986327;;SPA ADDON 1.0 USER SUB LIC VPA ESS;SPA ADDON 1.0 USER SUB LIC VPA ESS;SPA ADDON 1.0 USER SUB LIC VPA ESS;SPA ADDON 1.0 USER SUB LIC VPA ESS;;;;79;;
1;3;2094;1;16,3467;13,29;SPA ADDON 1.0 USER SUB LIC VPA ESS 24MO;20986328;;SPA ADDON 1.0 USER SUB LIC VPA ESS 24MO;SPA ADDON 1.0 USER SUB LIC VPA ESS 24MO;SPA ADDON 1.0 USER SUB LIC VPA ESS 24MO;SPA ADDON 1.0 USER SUB LIC VPA ESS 24MO;;;;79;;
1;3;2094;1;1,1439;0,93;PCANYWHERE ACS 1.0 MGD DVC BAS S RNW VPA;20986405;;PCANYWHERE ACS 1.0 MGD DVC BAS S RNW VPA;PCANYWHERE ACS 1.0 MGD DVC BAS S RNW VPA;PCANYWHERE ACS 1.0 MGD DVC BAS S RNW VPA;PCANYWHERE ACS 1.0 MGD DVC BAS S RNW VPA;;;;79;;
1;3;2094;1;11,8572;9,64;CLT SEC NOKIA 3.0 DVC ESS S RNW VPA;20986428;;CLT SEC NOKIA 3.0 DVC ESS S RNW VPA;CLT SEC NOKIA 3.0 DVC ESS S RNW VPA;CLT SEC NOKIA 3.0 DVC ESS S RNW VPA;CLT SEC NOKIA 3.0 DVC ESS S RNW VPA;;;;79;;
1;3;2094;1;15,5841;12,67;SPA ADDON 1.0 USER SUB LIC VPA BAS 24MO;20986475;;SPA ADDON 1.0 USER SUB LIC VPA BAS 24MO;SPA ADDON 1.0 USER SUB LIC VPA BAS 24MO;SPA ADDON 1.0 USER SUB LIC VPA BAS 24MO;SPA ADDON 1.0 USER SUB LIC VPA BAS 24MO;;;;79;;
1;3;2094;1;19,8522;16,14;SPA ADDON 1.0 USER SUB LIC VPA BAS 36MO;20986476;;SPA ADDON 1.0 USER SUB LIC VPA BAS 36MO;SPA ADDON 1.0 USER SUB LIC VPA BAS 36MO;SPA ADDON 1.0 USER SUB LIC VPA BAS 36MO;SPA ADDON 1.0 USER SUB LIC VPA BAS 36MO;;;;79;;
1;3;2094;1;1,4637;1,19;PCANYWHERE ACS 1.0 MGD DVC ESS S RNW VPA;20986579;;PCANYWHERE ACS 1.0 MGD DVC ESS S RNW VPA;PCANYWHERE ACS 1.0 MGD DVC ESS S RNW VPA;PCANYWHERE ACS 1.0 MGD DVC ESS S RNW VPA;PCANYWHERE ACS 1.0 MGD DVC ESS S RNW VPA;;;;79;;
1;3;2094;1;20,7747;16,89;CLT SEC NOKIA 3.0 DVC BNDL VPA ESS;20986669;;CLT SEC NOKIA 3.0 DVC BNDL VPA ESS;CLT SEC NOKIA 3.0 DVC BNDL VPA ESS;CLT SEC NOKIA 3.0 DVC BNDL VPA ESS;CLT SEC NOKIA 3.0 DVC BNDL VPA ESS;;;;79;;
1;3;2094;1;19,7907;16,09;CLT SEC NOKIA 3.0 DVC BNDL VPA BAS;20986675;;CLT SEC NOKIA 3.0 DVC BNDL VPA BAS;CLT SEC NOKIA 3.0 DVC BNDL VPA BAS;CLT SEC NOKIA 3.0 DVC BNDL VPA BAS;CLT SEC NOKIA 3.0 DVC BNDL VPA BAS;;;;79;;
1;3;2094;1;10,7994;8,78;SYMC DLP ENDPOINT DISCOVER WITH SYMC MGMT PLATFORM AND INTEGRATION COMPONENT 10.5 XPLAT PER MGD DEVICE INITIAL ESSENTIAL 12 MONTHS;20986753;;SYMC DLP ENDPOINT DISCOVER WITH SYMC MGMT PLATFORM AND INTEGRATION COMPONENT 10.5 XPLAT PER MGD DEVICE INITIAL ESSENTIAL 12 MONTHS;SYMC DLP ENDPOINT DISCOVER WITH SYMC MGMT PLATFORM AND INTEGRATION COMPONENT 10.5 XPLAT PER MGD DEVICE INITIAL ESSENTIAL 12 MONTHS;SYMC DLP ENDPOINT DISCOVER WITH SYMC MGMT PLATFORM AND INTEGRATION COMPONENT 10.5 XPLAT PER MGD DEVICE INITIAL ESSENTIAL 12 MONTHS;SYMC DLP ENDPOINT DISCOVER WITH SYMC MGMT PLATFORM AND INTEGRATION COMPONENT 10.5 XPLAT PER MGD DEVICE INITIAL ESSENTIAL 12 MONTHS;;;;79;;
1;3;2094;1;15,9285;12,95;SYMC DLP ENDPOINT PREVENT WITH SYMC MGMT PLATFORM AND INTEGRATION COMPONENT 10.5XPLAT PER MGD DEVICE INITIAL ESSENTIAL 12 MONTHS;20986861;;SYMC DLP ENDPOINT PREVENT WITH SYMC MGMT PLATFORM AND INTEGRATION COMPONENT 10.5XPLAT PER MGD DEVICE INITIAL ESSENTIAL 12 MONTHS;SYMC DLP ENDPOINT PREVENT WITH SYMC MGMT PLATFORM AND INTEGRATION COMPONENT 10.5XPLAT PER MGD DEVICE INITIAL ESSENTIAL 12 MONTHS;SYMC DLP ENDPOINT PREVENT WITH SYMC MGMT PLATFORM AND INTEGRATION COMPONENT 10.5XPLAT PER MGD DEVICE INITIAL ESSENTIAL 12 MONTHS;SYMC DLP ENDPOINT PREVENT WITH SYMC MGMT PLATFORM AND INTEGRATION COMPONENT 10.5XPLAT PER MGD DEVICE INITIAL ESSENTIAL 12 MONTHS;;;;79;;
1;3;2094;1;55,0794;44,78;SYMC PROTECTION SUITBAND C ESSENTIAL 1MO;20988258;;SYMC PROTECTION SUITBAND C ESSENTIAL 1MO;SYMC PROTECTION SUITBAND C ESSENTIAL 1MO;SYMC PROTECTION SUITBAND C ESSENTIAL 1MO;SYMC PROTECTION SUITBAND C ESSENTIAL 1MO;;;;79;;
1;3;2094;1;53,997;43,9;SYMC PROTECTION SUITBAND D ESSENTIAL 1MO;20988259;;SYMC PROTECTION SUITBAND D ESSENTIAL 1MO;SYMC PROTECTION SUITBAND D ESSENTIAL 1MO;SYMC PROTECTION SUITBAND D ESSENTIAL 1MO;SYMC PROTECTION SUITBAND D ESSENTIAL 1MO;;;;79;;
1;3;2094;1;52,89;43;SYMC PROTECTION SUITBAND E ESSENTIAL 1MO;20988260;;SYMC PROTECTION SUITBAND E ESSENTIAL 1MO;SYMC PROTECTION SUITBAND E ESSENTIAL 1MO;SYMC PROTECTION SUITBAND E ESSENTIAL 1MO;SYMC PROTECTION SUITBAND E ESSENTIAL 1MO;;;;79;;
1;3;2094;1;64,821;52,7;SYMC PROTECTION SUITBAND A ESSENTIAL 1MO;20988276;;SYMC PROTECTION SUITBAND A ESSENTIAL 1MO;SYMC PROTECTION SUITBAND A ESSENTIAL 1MO;SYMC PROTECTION SUITBAND A ESSENTIAL 1MO;SYMC PROTECTION SUITBAND A ESSENTIAL 1MO;;;;79;;
1;3;2094;1;64,821;52,7;SYMC PROTECTION SUITBAND B ESSENTIAL 1MO;20988277;;SYMC PROTECTION SUITBAND B ESSENTIAL 1MO;SYMC PROTECTION SUITBAND B ESSENTIAL 1MO;SYMC PROTECTION SUITBAND B ESSENTIAL 1MO;SYMC PROTECTION SUITBAND B ESSENTIAL 1MO;;;;79;;
1;3;2094;1;#ARG!;E-mail;PROTEC STE ENT SVR3.0 SVR BDL MULTI LIC XSP ESS 36M;20988302;;PROTEC STE ENT SVR3.0 SVR BDL MULTI LIC XSP ESS 36M;PROTEC STE ENT SVR3.0 SVR BDL MULTI LIC XSP ESS 36M;PROTEC STE ENT SVR3.0 SVR BDL MULTI LIC XSP ESS 36M;PROTEC STE ENT SVR3.0 SVR BDL MULTI LIC XSP ESS 36M;;;;79;;
1;3;2094;1;180,9207;147,09;REW PROTECT ENT SVR 3.0 PER SVR BAS 12M C;20989266;;REW PROTECT ENT SVR 3.0 PER SVR BAS 12M C;REW PROTECT ENT SVR 3.0 PER SVR BAS 12M C;REW PROTECT ENT SVR 3.0 PER SVR BAS 12M C;REW PROTECT ENT SVR 3.0 PER SVR BAS 12M C;;;;79;;
1;3;2094;1;259,1241;210,67;REW PROTECT ENT SVR 3.0 PER SVR ESS 12M B;20989268;;REW PROTECT ENT SVR 3.0 PER SVR ESS 12M B;REW PROTECT ENT SVR 3.0 PER SVR ESS 12M B;REW PROTECT ENT SVR 3.0 PER SVR ESS 12M B;REW PROTECT ENT SVR 3.0 PER SVR ESS 12M B;;;;79;;
1;3;2094;1;259,1241;210,67;REW PROTECT ENT SVR 3.0 PER SVR ESS 12M A;20989272;;REW PROTECT ENT SVR 3.0 PER SVR ESS 12M A;REW PROTECT ENT SVR 3.0 PER SVR ESS 12M A;REW PROTECT ENT SVR 3.0 PER SVR ESS 12M A;REW PROTECT ENT SVR 3.0 PER SVR ESS 12M A;;;;79;;
1;3;2094;1;215,8527;175,49;REW PROTECT ENT SVR 3.0 PER SVR ESS 12M D;20989275;;REW PROTECT ENT SVR 3.0 PER SVR ESS 12M D;REW PROTECT ENT SVR 3.0 PER SVR ESS 12M D;REW PROTECT ENT SVR 3.0 PER SVR ESS 12M D;REW PROTECT ENT SVR 3.0 PER SVR ESS 12M D;;;;79;;
1;3;2094;1;786,6219;639,53;REW PROTECT ENT SVR 3.0 P SVR VU MULTI LIC A ESS12M;20989279;;REW PROTECT ENT SVR 3.0 P SVR VU MULTI LIC A ESS12M;REW PROTECT ENT SVR 3.0 P SVR VU MULTI LIC A ESS12M;REW PROTECT ENT SVR 3.0 P SVR VU MULTI LIC A ESS12M;REW PROTECT ENT SVR 3.0 P SVR VU MULTI LIC A ESS12M;;;;79;;
1;3;2094;1;786,6219;639,53;REW PROTECT ENT SVR 3.0 P SVR VU MULTI LIC B ESS12M;20989280;;REW PROTECT ENT SVR 3.0 P SVR VU MULTI LIC B ESS12M;REW PROTECT ENT SVR 3.0 P SVR VU MULTI LIC B ESS12M;REW PROTECT ENT SVR 3.0 P SVR VU MULTI LIC B ESS12M;REW PROTECT ENT SVR 3.0 P SVR VU MULTI LIC B ESS12M;;;;79;;
1;3;2094;1;825,9573;671,51;REW PROTECT ENT SVR 3.0 P SVR MULTI LIC C ESS 12M;20989284;;REW PROTECT ENT SVR 3.0 P SVR MULTI LIC C ESS 12M;REW PROTECT ENT SVR 3.0 P SVR MULTI LIC C ESS 12M;REW PROTECT ENT SVR 3.0 P SVR MULTI LIC C ESS 12M;REW PROTECT ENT SVR 3.0 P SVR MULTI LIC C ESS 12M;;;;79;;
1;3;2094;1;212,8515;173,05;REW PROTECT ENT SVR 3.0 PER SVR BAS 12M A;20989292;;REW PROTECT ENT SVR 3.0 PER SVR BAS 12M A;REW PROTECT ENT SVR 3.0 PER SVR BAS 12M A;REW PROTECT ENT SVR 3.0 PER SVR BAS 12M A;REW PROTECT ENT SVR 3.0 PER SVR BAS 12M A;;;;79;;
1;3;2094;1;220,2561;179,07;REW PROTECT ENT SVR 3.0 PER SVR ESS 12M C;20989308;;REW PROTECT ENT SVR 3.0 PER SVR ESS 12M C;REW PROTECT ENT SVR 3.0 PER SVR ESS 12M C;REW PROTECT ENT SVR 3.0 PER SVR ESS 12M C;REW PROTECT ENT SVR 3.0 PER SVR ESS 12M C;;;;79;;
1;3;2094;1;786,6219;639,53;REW PROTECT ENT SVR 3.0 P SVR MULTI LIC C BAS 12M;20989324;;REW PROTECT ENT SVR 3.0 P SVR MULTI LIC C BAS 12M;REW PROTECT ENT SVR 3.0 P SVR MULTI LIC C BAS 12M;REW PROTECT ENT SVR 3.0 P SVR MULTI LIC C BAS 12M;REW PROTECT ENT SVR 3.0 P SVR MULTI LIC C BAS 12M;;;;79;;
1;3;2094;1;211,4493;171,91;REW PROTECT ENT SVR 3.0 PER SVR ESS 12M E;20989334;;REW PROTECT ENT SVR 3.0 PER SVR ESS 12M E;REW PROTECT ENT SVR 3.0 PER SVR ESS 12M E;REW PROTECT ENT SVR 3.0 PER SVR ESS 12M E;REW PROTECT ENT SVR 3.0 PER SVR ESS 12M E;;;;79;;
1;3;2094;1;809,4261;658,07;REW PROTECT ENT SVR 3.0 P SVR MULTI LIC D ESS 12M;20989338;;REW PROTECT ENT SVR 3.0 P SVR MULTI LIC D ESS 12M;REW PROTECT ENT SVR 3.0 P SVR MULTI LIC D ESS 12M;REW PROTECT ENT SVR 3.0 P SVR MULTI LIC D ESS 12M;REW PROTECT ENT SVR 3.0 P SVR MULTI LIC D ESS 12M;;;;79;;
1;3;2094;1;740,3493;601,91;REW PROTECT ENT SVR 3.0 P SVR VU MULTI LIC A BAS12M;20989339;;REW PROTECT ENT SVR 3.0 P SVR VU MULTI LIC A BAS12M;REW PROTECT ENT SVR 3.0 P SVR VU MULTI LIC A BAS12M;REW PROTECT ENT SVR 3.0 P SVR VU MULTI LIC A BAS12M;REW PROTECT ENT SVR 3.0 P SVR VU MULTI LIC A BAS12M;;;;79;;
1;3;2094;1;604,1268;491,16;REW PROTECT ENT SVR 3.0 P SVR VU MULTI LIC E BAS12M;20989340;;REW PROTECT ENT SVR 3.0 P SVR VU MULTI LIC E BAS12M;REW PROTECT ENT SVR 3.0 P SVR VU MULTI LIC E BAS12M;REW PROTECT ENT SVR 3.0 P SVR VU MULTI LIC E BAS12M;REW PROTECT ENT SVR 3.0 P SVR VU MULTI LIC E BAS12M;;;;79;;
1;3;2094;1;432,6402;351,74;REW PROTECT ENT SVR 3.0 P SVR CU MULTI LIC C BAS12M;20989346;;REW PROTECT ENT SVR 3.0 P SVR CU MULTI LIC C BAS12M;REW PROTECT ENT SVR 3.0 P SVR CU MULTI LIC C BAS12M;REW PROTECT ENT SVR 3.0 P SVR CU MULTI LIC C BAS12M;REW PROTECT ENT SVR 3.0 P SVR CU MULTI LIC C BAS12M;;;;79;;
1;3;2094;1;173,676;141,2;REW PROTECT ENT SVR 3.0 PER SVR BAS 12M E;20989350;;REW PROTECT ENT SVR 3.0 PER SVR BAS 12M E;REW PROTECT ENT SVR 3.0 PER SVR BAS 12M E;REW PROTECT ENT SVR 3.0 PER SVR BAS 12M E;REW PROTECT ENT SVR 3.0 PER SVR BAS 12M E;;;;79;;
1;3;2094;1;211,4493;171,91;REW PROTECT ENT SVR 3.0 PER SVR RNWL ESS 12M E;20989356;;REW PROTECT ENT SVR 3.0 PER SVR RNWL ESS 12M E;REW PROTECT ENT SVR 3.0 PER SVR RNWL ESS 12M E;REW PROTECT ENT SVR 3.0 PER SVR RNWL ESS 12M E;REW PROTECT ENT SVR 3.0 PER SVR RNWL ESS 12M E;;;;79;;
1;3;2094;1;415,3464;337,68;REW PROTECT ENT SVR 3.0 P SVR CU MULTI LIC E BAS12M;20989362;;REW PROTECT ENT SVR 3.0 P SVR CU MULTI LIC E BAS12M;REW PROTECT ENT SVR 3.0 P SVR CU MULTI LIC E BAS12M;REW PROTECT ENT SVR 3.0 P SVR CU MULTI LIC E BAS12M;REW PROTECT ENT SVR 3.0 P SVR CU MULTI LIC E BAS12M;;;;79;;
1;3;2094;1;555,2712;451,44;REW PROTECT ENT SVR 3.0 P SVR CU MULTI LIC A ESS12M;20989363;;REW PROTECT ENT SVR 3.0 P SVR CU MULTI LIC A ESS12M;REW PROTECT ENT SVR 3.0 P SVR CU MULTI LIC A ESS12M;REW PROTECT ENT SVR 3.0 P SVR CU MULTI LIC A ESS12M;REW PROTECT ENT SVR 3.0 P SVR CU MULTI LIC A ESS12M;;;;79;;
1;3;2094;1;555,2712;451,44;REW PROTECT ENT SVR 3.0 P SVR CU MULTI LIC B ESS12M;20989364;;REW PROTECT ENT SVR 3.0 P SVR CU MULTI LIC B ESS12M;REW PROTECT ENT SVR 3.0 P SVR CU MULTI LIC B ESS12M;REW PROTECT ENT SVR 3.0 P SVR CU MULTI LIC B ESS12M;REW PROTECT ENT SVR 3.0 P SVR CU MULTI LIC B ESS12M;;;;79;;
1;3;2094;1;925,4274;752,38;REW PROTECT ENT SVR 3.0 P SVR MULTI LIC A BAS 12M;20989371;;REW PROTECT ENT SVR 3.0 P SVR MULTI LIC A BAS 12M;REW PROTECT ENT SVR 3.0 P SVR MULTI LIC A BAS 12M;REW PROTECT ENT SVR 3.0 P SVR MULTI LIC A BAS 12M;REW PROTECT ENT SVR 3.0 P SVR MULTI LIC A BAS 12M;;;;79;;
1;3;2094;1;1162,9281;945,47;PROTEC ED3.0BNDL MULTI LIC VPA ESS 12MO;20989374;;PROTEC ED3.0BNDL MULTI LIC VPA ESS 12MO;PROTEC ED3.0BNDL MULTI LIC VPA ESS 12MO;PROTEC ED3.0BNDL MULTI LIC VPA ESS 12MO;PROTEC ED3.0BNDL MULTI LIC VPA ESS 12MO;;;;79;;
1;3;2094;1;212,8515;173,05;REW PROTECT ENT SVR 3.0 PER SVR RNWL BAS 12M A;20989378;;REW PROTECT ENT SVR 3.0 PER SVR RNWL BAS 12M A;REW PROTECT ENT SVR 3.0 PER SVR RNWL BAS 12M A;REW PROTECT ENT SVR 3.0 PER SVR RNWL BAS 12M A;REW PROTECT ENT SVR 3.0 PER SVR RNWL BAS 12M A;;;;79;;
1;3;2094;1;180,9207;147,09;REW PROTECT ENT SVR 3.0 PER SVR RNWL BAS 12M C;20989382;;REW PROTECT ENT SVR 3.0 PER SVR RNWL BAS 12M C;REW PROTECT ENT SVR 3.0 PER SVR RNWL BAS 12M C;REW PROTECT ENT SVR 3.0 PER SVR RNWL BAS 12M C;REW PROTECT ENT SVR 3.0 PER SVR RNWL BAS 12M C;;;;79;;
1;3;2094;1;259,1241;210,67;REW PROTECT ENT SVR 3.0 PER SVR RNWL ESS 12M B;20989384;;REW PROTECT ENT SVR 3.0 PER SVR RNWL ESS 12M B;REW PROTECT ENT SVR 3.0 PER SVR RNWL ESS 12M B;REW PROTECT ENT SVR 3.0 PER SVR RNWL ESS 12M B;REW PROTECT ENT SVR 3.0 PER SVR RNWL ESS 12M B;;;;79;;
1;3;2094;1;629,2926;511,62;REW PROTECT ENT SVR 3.0 P SVR VU MULTI LIC C BAS12M;20989385;;REW PROTECT ENT SVR 3.0 P SVR VU MULTI LIC C BAS12M;REW PROTECT ENT SVR 3.0 P SVR VU MULTI LIC C BAS12M;REW PROTECT ENT SVR 3.0 P SVR VU MULTI LIC C BAS12M;REW PROTECT ENT SVR 3.0 P SVR VU MULTI LIC C BAS12M;;;;79;;
1;3;2094;1;655,2579;532,73;REW PROTECT ENT SVR 3.0 P SVR VU MULTI LIC D ESS12M;20989387;;REW PROTECT ENT SVR 3.0 P SVR VU MULTI LIC D ESS12M;REW PROTECT ENT SVR 3.0 P SVR VU MULTI LIC D ESS12M;REW PROTECT ENT SVR 3.0 P SVR VU MULTI LIC D ESS12M;REW PROTECT ENT SVR 3.0 P SVR VU MULTI LIC D ESS12M;;;;79;;
1;3;2094;1;641,8878;521,86;REW PROTECT ENT SVR 3.0 P SVR VU MULTI LIC E ESS12M;20989388;;REW PROTECT ENT SVR 3.0 P SVR VU MULTI LIC E ESS12M;REW PROTECT ENT SVR 3.0 P SVR VU MULTI LIC E ESS12M;REW PROTECT ENT SVR 3.0 P SVR VU MULTI LIC E ESS12M;REW PROTECT ENT SVR 3.0 P SVR VU MULTI LIC E ESS12M;;;;79;;
1;3;2094;1;471,9756;383,72;REW PROTECT ENT SVR 3.0 P SVR CU MULTI LIC C ESS12M;20989392;;REW PROTECT ENT SVR 3.0 P SVR CU MULTI LIC C ESS12M;REW PROTECT ENT SVR 3.0 P SVR CU MULTI LIC C ESS12M;REW PROTECT ENT SVR 3.0 P SVR CU MULTI LIC C ESS12M;REW PROTECT ENT SVR 3.0 P SVR CU MULTI LIC C ESS12M;;;;79;;
1;3;2094;1;259,1241;210,67;REW PROTECT ENT SVR 3.0 PER SVR RNWL ESS 12M A;20989395;;REW PROTECT ENT SVR 3.0 PER SVR RNWL ESS 12M A;REW PROTECT ENT SVR 3.0 PER SVR RNWL ESS 12M A;REW PROTECT ENT SVR 3.0 PER SVR RNWL ESS 12M A;REW PROTECT ENT SVR 3.0 PER SVR RNWL ESS 12M A;;;;79;;
1;3;2094;1;215,8527;175,49;REW PROTECT ENT SVR 3.0 PER SVR RNWL ESS 12M D;20989396;;REW PROTECT ENT SVR 3.0 PER SVR RNWL ESS 12M D;REW PROTECT ENT SVR 3.0 PER SVR RNWL ESS 12M D;REW PROTECT ENT SVR 3.0 PER SVR RNWL ESS 12M D;REW PROTECT ENT SVR 3.0 PER SVR RNWL ESS 12M D;;;;79;;
1;3;2094;1;177,3045;144,15;REW PROTECT ENT SVR 3.0 PER SVR RNWL BAS 12M D;20989397;;REW PROTECT ENT SVR 3.0 PER SVR RNWL BAS 12M D;REW PROTECT ENT SVR 3.0 PER SVR RNWL BAS 12M D;REW PROTECT ENT SVR 3.0 PER SVR RNWL BAS 12M D;REW PROTECT ENT SVR 3.0 PER SVR RNWL BAS 12M D;;;;79;;
1;3;2094;1;508,9863;413,81;REW PROTECT ENT SVR 3.0 P SVR CU MULTI LIC A BAS12M;20989406;;REW PROTECT ENT SVR 3.0 P SVR CU MULTI LIC A BAS12M;REW PROTECT ENT SVR 3.0 P SVR CU MULTI LIC A BAS12M;REW PROTECT ENT SVR 3.0 P SVR CU MULTI LIC A BAS12M;REW PROTECT ENT SVR 3.0 P SVR CU MULTI LIC A BAS12M;;;;79;;
1;3;2094;1;508,9863;413,81;REW PROTECT ENT SVR 3.0 P SVR CU MULTI LIC B BAS12M;20989407;;REW PROTECT ENT SVR 3.0 P SVR CU MULTI LIC B BAS12M;REW PROTECT ENT SVR 3.0 P SVR CU MULTI LIC B BAS12M;REW PROTECT ENT SVR 3.0 P SVR CU MULTI LIC B BAS12M;REW PROTECT ENT SVR 3.0 P SVR CU MULTI LIC B BAS12M;;;;79;;
1;3;2094;1;925,4274;752,38;REW PROTECT ENT SVR 3.0 P SVR MULTI LIC B BAS 12M;20989412;;REW PROTECT ENT SVR 3.0 P SVR MULTI LIC B BAS 12M;REW PROTECT ENT SVR 3.0 P SVR MULTI LIC B BAS 12M;REW PROTECT ENT SVR 3.0 P SVR MULTI LIC B BAS 12M;REW PROTECT ENT SVR 3.0 P SVR MULTI LIC B BAS 12M;;;;79;;
1;3;2094;1;770,9025;626,75;REW PROTECT ENT SVR 3.0 P SVR MULTI LIC D BAS 12M;20989413;;REW PROTECT ENT SVR 3.0 P SVR MULTI LIC D BAS 12M;REW PROTECT ENT SVR 3.0 P SVR MULTI LIC D BAS 12M;REW PROTECT ENT SVR 3.0 P SVR MULTI LIC D BAS 12M;REW PROTECT ENT SVR 3.0 P SVR MULTI LIC D BAS 12M;;;;79;;
1;3;2094;1;453,0951;368,37;REW PROTECT ENT SVR 3.0 P SVR CU MULTI LIC E ESS12M;20989417;;REW PROTECT ENT SVR 3.0 P SVR CU MULTI LIC E ESS12M;REW PROTECT ENT SVR 3.0 P SVR CU MULTI LIC E ESS12M;REW PROTECT ENT SVR 3.0 P SVR CU MULTI LIC E ESS12M;REW PROTECT ENT SVR 3.0 P SVR CU MULTI LIC E ESS12M;;;;79;;
1;3;2094;1;423,9933;344,71;REW PROTECT ENT SVR 3.0 P SVR CU MULTI LIC D BAS12M;20989427;;REW PROTECT ENT SVR 3.0 P SVR CU MULTI LIC D BAS12M;REW PROTECT ENT SVR 3.0 P SVR CU MULTI LIC D BAS12M;REW PROTECT ENT SVR 3.0 P SVR CU MULTI LIC D BAS12M;REW PROTECT ENT SVR 3.0 P SVR CU MULTI LIC D BAS12M;;;;79;;
1;3;2094;1;664,5321;540,27;PROTEC ED3.0BNDL MULTI LIC VPA ESS 12MO;20989428;;PROTEC ED3.0BNDL MULTI LIC VPA ESS 12MO;PROTEC ED3.0BNDL MULTI LIC VPA ESS 12MO;PROTEC ED3.0BNDL MULTI LIC VPA ESS 12MO;PROTEC ED3.0BNDL MULTI LIC VPA ESS 12MO;;;;79;;
1;3;2094;1;1107,5658;900,46;PROTEC ED3.0BNDL MULTI LIC VPA BAS 12MO;20989431;;PROTEC ED3.0BNDL MULTI LIC VPA BAS 12MO;PROTEC ED3.0BNDL MULTI LIC VPA BAS 12MO;PROTEC ED3.0BNDL MULTI LIC VPA BAS 12MO;PROTEC ED3.0BNDL MULTI LIC VPA BAS 12MO;;;;79;;
1;3;2094;1;971,7123;790,01;REW PROTECT ENT SVR 3.0 P SVR MULTI LIC A ESS 12M;20989439;;REW PROTECT ENT SVR 3.0 P SVR MULTI LIC A ESS 12M;REW PROTECT ENT SVR 3.0 P SVR MULTI LIC A ESS 12M;REW PROTECT ENT SVR 3.0 P SVR MULTI LIC A ESS 12M;REW PROTECT ENT SVR 3.0 P SVR MULTI LIC A ESS 12M;;;;79;;
1;3;2094;1;971,7123;790,01;REW PROTECT ENT SVR 3.0 P SVR MULTI LIC B ESS 12M;20989440;;REW PROTECT ENT SVR 3.0 P SVR MULTI LIC B ESS 12M;REW PROTECT ENT SVR 3.0 P SVR MULTI LIC B ESS 12M;REW PROTECT ENT SVR 3.0 P SVR MULTI LIC B ESS 12M;REW PROTECT ENT SVR 3.0 P SVR MULTI LIC B ESS 12M;;;;79;;
1;3;2094;1;792,9318;644,66;REW PROTECT ENT SVR 3.0 P SVR MULTI LIC E ESS 12M;20989441;;REW PROTECT ENT SVR 3.0 P SVR MULTI LIC E ESS 12M;REW PROTECT ENT SVR 3.0 P SVR MULTI LIC E ESS 12M;REW PROTECT ENT SVR 3.0 P SVR MULTI LIC E ESS 12M;REW PROTECT ENT SVR 3.0 P SVR MULTI LIC E ESS 12M;;;;79;;
1;3;2094;1;609,1452;495,24;PROTEC ED3.0BNDL MULTI LIC VPA BAS 12MO;20989449;;PROTEC ED3.0BNDL MULTI LIC VPA BAS 12MO;PROTEC ED3.0BNDL MULTI LIC VPA BAS 12MO;PROTEC ED3.0BNDL MULTI LIC VPA BAS 12MO;PROTEC ED3.0BNDL MULTI LIC VPA BAS 12MO;;;;79;;
1;3;2094;1;616,722;501,4;REW PROTECT ENT SVR 3.0 P SVR VU MULTI LIC D BAS12M;20989458;;REW PROTECT ENT SVR 3.0 P SVR VU MULTI LIC D BAS12M;REW PROTECT ENT SVR 3.0 P SVR VU MULTI LIC D BAS12M;REW PROTECT ENT SVR 3.0 P SVR VU MULTI LIC D BAS12M;REW PROTECT ENT SVR 3.0 P SVR VU MULTI LIC D BAS12M;;;;79;;
1;3;2094;1;668,6403;543,61;REW PROTECT ENT SVR 3.0 P SVR VU MULTI LIC C ESS12M;20989461;;REW PROTECT ENT SVR 3.0 P SVR VU MULTI LIC C ESS12M;REW PROTECT ENT SVR 3.0 P SVR VU MULTI LIC C ESS12M;REW PROTECT ENT SVR 3.0 P SVR VU MULTI LIC C ESS12M;REW PROTECT ENT SVR 3.0 P SVR VU MULTI LIC C ESS12M;;;;79;;
1;3;2094;1;212,8515;173,05;REW PROTECT ENT SVR 3.0 PER SVR RNWL BAS 12M B;20989470;;REW PROTECT ENT SVR 3.0 PER SVR RNWL BAS 12M B;REW PROTECT ENT SVR 3.0 PER SVR RNWL BAS 12M B;REW PROTECT ENT SVR 3.0 PER SVR RNWL BAS 12M B;REW PROTECT ENT SVR 3.0 PER SVR RNWL BAS 12M B;;;;79;;
1;3;2094;1;173,676;141,2;REW PROTECT ENT SVR 3.0 PER SVR RNWL BAS 12M E;20989471;;REW PROTECT ENT SVR 3.0 PER SVR RNWL BAS 12M E;REW PROTECT ENT SVR 3.0 PER SVR RNWL BAS 12M E;REW PROTECT ENT SVR 3.0 PER SVR RNWL BAS 12M E;REW PROTECT ENT SVR 3.0 PER SVR RNWL BAS 12M E;;;;79;;
1;3;2094;1;220,2561;179,07;REW PROTECT ENT SVR 3.0 PER SVR RNWL ESS 12M C;20989475;;REW PROTECT ENT SVR 3.0 PER SVR RNWL ESS 12M C;REW PROTECT ENT SVR 3.0 PER SVR RNWL ESS 12M C;REW PROTECT ENT SVR 3.0 PER SVR RNWL ESS 12M C;REW PROTECT ENT SVR 3.0 PER SVR RNWL ESS 12M C;;;;79;;
1;3;2094;1;177,3045;144,15;REW PROTECT ENT SVR 3.0 PER SVR BAS 12M D;20989486;;REW PROTECT ENT SVR 3.0 PER SVR BAS 12M D;REW PROTECT ENT SVR 3.0 PER SVR BAS 12M D;REW PROTECT ENT SVR 3.0 PER SVR BAS 12M D;REW PROTECT ENT SVR 3.0 PER SVR BAS 12M D;;;;79;;
1;3;2094;1;740,3493;601,91;REW PROTECT ENT SVR 3.0 P SVR VU MULTI LIC B BAS12M;20989496;;REW PROTECT ENT SVR 3.0 P SVR VU MULTI LIC B BAS12M;REW PROTECT ENT SVR 3.0 P SVR VU MULTI LIC B BAS12M;REW PROTECT ENT SVR 3.0 P SVR VU MULTI LIC B BAS12M;REW PROTECT ENT SVR 3.0 P SVR VU MULTI LIC B BAS12M;;;;79;;
1;3;2094;1;886,0428;720,36;PROTEC ED3.0BNDL MULTI LIC VPA BAS 12MO;20989497;;PROTEC ED3.0BNDL MULTI LIC VPA BAS 12MO;PROTEC ED3.0BNDL MULTI LIC VPA BAS 12MO;PROTEC ED3.0BNDL MULTI LIC VPA BAS 12MO;PROTEC ED3.0BNDL MULTI LIC VPA BAS 12MO;;;;79;;
1;3;2094;1;941,4174;765,38;PROTEC ED3.0BNDL MULTI LIC VPA ESS 12MO;20989498;;PROTEC ED3.0BNDL MULTI LIC VPA ESS 12MO;PROTEC ED3.0BNDL MULTI LIC VPA ESS 12MO;PROTEC ED3.0BNDL MULTI LIC VPA ESS 12MO;PROTEC ED3.0BNDL MULTI LIC VPA ESS 12MO;;;;79;;
1;3;2094;1;462,5415;376,05;REW PROTECT ENT SVR 3.0 P SVR CU MULTI LIC D ESS12M;20989501;;REW PROTECT ENT SVR 3.0 P SVR CU MULTI LIC D ESS12M;REW PROTECT ENT SVR 3.0 P SVR CU MULTI LIC D ESS12M;REW PROTECT ENT SVR 3.0 P SVR CU MULTI LIC D ESS12M;REW PROTECT ENT SVR 3.0 P SVR CU MULTI LIC D ESS12M;;;;79;;
1;3;2094;1;755,1585;613,95;REW PROTECT ENT SVR 3.0 P SVR MULTI LIC E BAS 12M;20989513;;REW PROTECT ENT SVR 3.0 P SVR MULTI LIC E BAS 12M;REW PROTECT ENT SVR 3.0 P SVR MULTI LIC E BAS 12M;REW PROTECT ENT SVR 3.0 P SVR MULTI LIC E BAS 12M;REW PROTECT ENT SVR 3.0 P SVR MULTI LIC E BAS 12M;;;;79;;
1;3;2094;1;212,8515;173,05;REW PROTECT ENT SVR 3.0 PER SVR BAS 12M B;20989519;;REW PROTECT ENT SVR 3.0 PER SVR BAS 12M B;REW PROTECT ENT SVR 3.0 PER SVR BAS 12M B;REW PROTECT ENT SVR 3.0 PER SVR BAS 12M B;REW PROTECT ENT SVR 3.0 PER SVR BAS 12M B;;;;79;;
1;3;2094;1;1107,5658;900,46;SIM 4.7 100 BNDL MULTI LIC ESS VPA;20989658;;SIM 4.7 100 BNDL MULTI LIC ESS VPA;SIM 4.7 100 BNDL MULTI LIC ESS VPA;SIM 4.7 100 BNDL MULTI LIC ESS VPA;SIM 4.7 100 BNDL MULTI LIC ESS VPA;;;;79;;
1;3;2094;1;971,7123;790,01;REW PROTECT ENT SVR 3.0XG MULTI LIC GEN B ESS 12M;20989660;;REW PROTECT ENT SVR 3.0XG MULTI LIC GEN B ESS 12M;REW PROTECT ENT SVR 3.0XG MULTI LIC GEN B ESS 12M;REW PROTECT ENT SVR 3.0XG MULTI LIC GEN B ESS 12M;REW PROTECT ENT SVR 3.0XG MULTI LIC GEN B ESS 12M;;;;79;;
1;3;2094;1;1162,9281;945,47;SIM 4.7 100 BNDL MULTI LIC ESS VPA;20989661;;SIM 4.7 100 BNDL MULTI LIC ESS VPA;SIM 4.7 100 BNDL MULTI LIC ESS VPA;SIM 4.7 100 BNDL MULTI LIC ESS VPA;SIM 4.7 100 BNDL MULTI LIC ESS VPA;;;;79;;
1;3;2094;1;770,9025;626,75;REW PROTECT ENT SVR 3.0XG MULTI LIC GEN D BAS 12M;20989667;;REW PROTECT ENT SVR 3.0XG MULTI LIC GEN D BAS 12M;REW PROTECT ENT SVR 3.0XG MULTI LIC GEN D BAS 12M;REW PROTECT ENT SVR 3.0XG MULTI LIC GEN D BAS 12M;REW PROTECT ENT SVR 3.0XG MULTI LIC GEN D BAS 12M;;;;79;;
1;3;2094;1;786,6219;639,53;REW PROTECT ENT SVR 3.0XG MULTI LIC GEN C BAS 12M;20989673;;REW PROTECT ENT SVR 3.0XG MULTI LIC GEN C BAS 12M;REW PROTECT ENT SVR 3.0XG MULTI LIC GEN C BAS 12M;REW PROTECT ENT SVR 3.0XG MULTI LIC GEN C BAS 12M;REW PROTECT ENT SVR 3.0XG MULTI LIC GEN C BAS 12M;;;;79;;
1;3;2094;1;809,4261;658,07;REW PROTECT ENT SVR 3.0XG MULTI LIC GEN D ESS 12M;20989676;;REW PROTECT ENT SVR 3.0XG MULTI LIC GEN D ESS 12M;REW PROTECT ENT SVR 3.0XG MULTI LIC GEN D ESS 12M;REW PROTECT ENT SVR 3.0XG MULTI LIC GEN D ESS 12M;REW PROTECT ENT SVR 3.0XG MULTI LIC GEN D ESS 12M;;;;79;;
1;3;2094;1;925,4274;752,38;REW PROTECT ENT SVR 3.0XG MULTI LIC GEN A BAS 12M;20989679;;REW PROTECT ENT SVR 3.0XG MULTI LIC GEN A BAS 12M;REW PROTECT ENT SVR 3.0XG MULTI LIC GEN A BAS 12M;REW PROTECT ENT SVR 3.0XG MULTI LIC GEN A BAS 12M;REW PROTECT ENT SVR 3.0XG MULTI LIC GEN A BAS 12M;;;;79;;
1;3;2094;1;971,7123;790,01;REW PROTECT ENT SVR 3.0XG MULTI LIC GEN A ESS 12M;20989680;;REW PROTECT ENT SVR 3.0XG MULTI LIC GEN A ESS 12M;REW PROTECT ENT SVR 3.0XG MULTI LIC GEN A ESS 12M;REW PROTECT ENT SVR 3.0XG MULTI LIC GEN A ESS 12M;REW PROTECT ENT SVR 3.0XG MULTI LIC GEN A ESS 12M;;;;79;;
1;3;2094;1;792,9318;644,66;REW PROTECT ENT SVR 3.0XG MULTI LIC GEN E ESS 12M;20989685;;REW PROTECT ENT SVR 3.0XG MULTI LIC GEN E ESS 12M;REW PROTECT ENT SVR 3.0XG MULTI LIC GEN E ESS 12M;REW PROTECT ENT SVR 3.0XG MULTI LIC GEN E ESS 12M;REW PROTECT ENT SVR 3.0XG MULTI LIC GEN E ESS 12M;;;;79;;
1;3;2094;1;925,4274;752,38;REW PROTECT ENT SVR 3.0XG MULTI LIC GEN B BAS 12M;20989687;;REW PROTECT ENT SVR 3.0XG MULTI LIC GEN B BAS 12M;REW PROTECT ENT SVR 3.0XG MULTI LIC GEN B BAS 12M;REW PROTECT ENT SVR 3.0XG MULTI LIC GEN B BAS 12M;REW PROTECT ENT SVR 3.0XG MULTI LIC GEN B BAS 12M;;;;79;;
1;3;2094;1;755,1585;613,95;REW PROTECT ENT SVR 3.0XG MULTI LIC GEN E BAS 12M;20989691;;REW PROTECT ENT SVR 3.0XG MULTI LIC GEN E BAS 12M;REW PROTECT ENT SVR 3.0XG MULTI LIC GEN E BAS 12M;REW PROTECT ENT SVR 3.0XG MULTI LIC GEN E BAS 12M;REW PROTECT ENT SVR 3.0XG MULTI LIC GEN E BAS 12M;;;;79;;
1;3;2094;1;825,9573;671,51;REW PROTECT ENT SVR 3.0XG MULTI LIC GEN C ESS 12M;20989692;;REW PROTECT ENT SVR 3.0XG MULTI LIC GEN C ESS 12M;REW PROTECT ENT SVR 3.0XG MULTI LIC GEN C ESS 12M;REW PROTECT ENT SVR 3.0XG MULTI LIC GEN C ESS 12M;REW PROTECT ENT SVR 3.0XG MULTI LIC GEN C ESS 12M;;;;79;;
1;3;2094;1;311,0301;252,87;PROTEC STE EDSVRS 3.0RNW ESS 12MO VPA;20989757;;PROTEC STE EDSVRS 3.0RNW ESS 12MO VPA;PROTEC STE EDSVRS 3.0RNW ESS 12MO VPA;PROTEC STE EDSVRS 3.0RNW ESS 12MO VPA;PROTEC STE EDSVRS 3.0RNW ESS 12MO VPA;;;;79;;
1;3;2094;1;255,5079;207,73;PROTEC STE ENT EDSVRS3.0SVR BAS 12MO VPA;20989758;;PROTEC STE ENT EDSVRS3.0SVR BAS 12MO VPA;PROTEC STE ENT EDSVRS3.0SVR BAS 12MO VPA;PROTEC STE ENT EDSVRS3.0SVR BAS 12MO VPA;PROTEC STE ENT EDSVRS3.0SVR BAS 12MO VPA;;;;79;;
1;3;2094;1;311,0301;252,87;PROTEC STE ENT EDSVRS3.0SVR ESS 12MO VPA;20989759;;PROTEC STE ENT EDSVRS3.0SVR ESS 12MO VPA;PROTEC STE ENT EDSVRS3.0SVR ESS 12MO VPA;PROTEC STE ENT EDSVRS3.0SVR ESS 12MO VPA;PROTEC STE ENT EDSVRS3.0SVR ESS 12MO VPA;;;;79;;
1;3;2094;1;254,733;207,1;PROTEC STE EDSVRS 3.0RNW BAS 12MO VPA;20989760;;PROTEC STE EDSVRS 3.0RNW BAS 12MO VPA;PROTEC STE EDSVRS 3.0RNW BAS 12MO VPA;PROTEC STE EDSVRS 3.0RNW BAS 12MO VPA;PROTEC STE EDSVRS 3.0RNW BAS 12MO VPA;;;;79;;
1;3;2094;1;40,6269;33,03;MAIL SEC FOR DOMINO 8.0 WIN EN DVD MEDIA;20992505;;MAIL SEC FOR DOMINO 8.0 WIN EN DVD MEDIA;MAIL SEC FOR DOMINO 8.0 WIN EN DVD MEDIA;MAIL SEC FOR DOMINO 8.0 WIN EN DVD MEDIA;MAIL SEC FOR DOMINO 8.0 WIN EN DVD MEDIA;;;;79;;
1;3;2094;1;40,6269;33,03;MAIL SEC DOM MULTI 8.0 XPLAT EN DVD MEDIA;20992507;;MAIL SEC DOM MULTI 8.0 XPLAT EN DVD MEDIA;MAIL SEC DOM MULTI 8.0 XPLAT EN DVD MEDIA;MAIL SEC DOM MULTI 8.0 XPLAT EN DVD MEDIA;MAIL SEC DOM MULTI 8.0 XPLAT EN DVD MEDIA;;;;79;;
1;3;2094;1;40,6269;33,03;CNTRL COMP STE RESPONSE ASSES MOD BASE 10.0 EN DVD MEDIA;20994567;;CNTRL COMP STE RESPONSE ASSES MOD BASE 10.0 EN DVD MEDIA;CNTRL COMP STE RESPONSE ASSES MOD BASE 10.0 EN DVD MEDIA;CNTRL COMP STE RESPONSE ASSES MOD BASE 10.0 EN DVD MEDIA;CNTRL COMP STE RESPONSE ASSES MOD BASE 10.0 EN DVD MEDIA;;;;79;;
1;3;2094;1;40,6269;33,03;CONTROL COMPLIANCE SUITE STDS MODULE ESM 10.0 EN DVD MEDIA;20994573;;CONTROL COMPLIANCE SUITE STDS MODULE ESM 10.0 EN DVD MEDIA;CONTROL COMPLIANCE SUITE STDS MODULE ESM 10.0 EN DVD MEDIA;CONTROL COMPLIANCE SUITE STDS MODULE ESM 10.0 EN DVD MEDIA;CONTROL COMPLIANCE SUITE STDS MODULE ESM 10.0 EN DVD MEDIA;;;;79;;
1;3;2094;1;40,6269;33,03;CNTRL COMP STE STDS MODULE 10.0 INFRASTRUCTURE EN DVD MEDIA;20994578;;CNTRL COMP STE STDS MODULE 10.0 INFRASTRUCTURE EN DVD MEDIA;CNTRL COMP STE STDS MODULE 10.0 INFRASTRUCTURE EN DVD MEDIA;CNTRL COMP STE STDS MODULE 10.0 INFRASTRUCTURE EN DVD MEDIA;CNTRL COMP STE STDS MODULE 10.0 INFRASTRUCTURE EN DVD MEDIA;;;;79;;
1;3;2094;1;68,2158;55,46;SYMC CONTROL COMPLIABAND D ESSENTIAL 1MO;20997567;;SYMC CONTROL COMPLIABAND D ESSENTIAL 1MO;SYMC CONTROL COMPLIABAND D ESSENTIAL 1MO;SYMC CONTROL COMPLIABAND D ESSENTIAL 1MO;SYMC CONTROL COMPLIABAND D ESSENTIAL 1MO;;;;79;;
1;3;2094;1;7,7859;6,33;SYMC CONTROL COMPLIABAND D ESSENTIAL 1MO;20997568;;SYMC CONTROL COMPLIABAND D ESSENTIAL 1MO;SYMC CONTROL COMPLIABAND D ESSENTIAL 1MO;SYMC CONTROL COMPLIABAND D ESSENTIAL 1MO;SYMC CONTROL COMPLIABAND D ESSENTIAL 1MO;;;;79;;
1;3;2094;1;136,0872;110,64;SYMC CONTROL COMPLIABAND D ESSENTIAL 1MO;20997569;;SYMC CONTROL COMPLIABAND D ESSENTIAL 1MO;SYMC CONTROL COMPLIABAND D ESSENTIAL 1MO;SYMC CONTROL COMPLIABAND D ESSENTIAL 1MO;SYMC CONTROL COMPLIABAND D ESSENTIAL 1MO;;;;79;;
1;3;2094;1;148,461;120,7;SYMC CONTROL COMPLIABAND D ESSENTIAL 1MO;20997570;;SYMC CONTROL COMPLIABAND D ESSENTIAL 1MO;SYMC CONTROL COMPLIABAND D ESSENTIAL 1MO;SYMC CONTROL COMPLIABAND D ESSENTIAL 1MO;SYMC CONTROL COMPLIABAND D ESSENTIAL 1MO;;;;79;;
1;3;2094;1;68,2158;55,46;SYMC CONTROL COMPLIABAND D ESSENTIAL 1MO;20997571;;SYMC CONTROL COMPLIABAND D ESSENTIAL 1MO;SYMC CONTROL COMPLIABAND D ESSENTIAL 1MO;SYMC CONTROL COMPLIABAND D ESSENTIAL 1MO;SYMC CONTROL COMPLIABAND D ESSENTIAL 1MO;;;;79;;
1;3;2094;1;81,8811;66,57;SYMC CONTROL COMPLIABAND B ESSENTIAL 1MO;20997599;;SYMC CONTROL COMPLIABAND B ESSENTIAL 1MO;SYMC CONTROL COMPLIABAND B ESSENTIAL 1MO;SYMC CONTROL COMPLIABAND B ESSENTIAL 1MO;SYMC CONTROL COMPLIABAND B ESSENTIAL 1MO;;;;79;;
1;3;2094;1;9,3357;7,59;SYMC CONTROL COMPLIABAND B ESSENTIAL 1MO;20997600;;SYMC CONTROL COMPLIABAND B ESSENTIAL 1MO;SYMC CONTROL COMPLIABAND B ESSENTIAL 1MO;SYMC CONTROL COMPLIABAND B ESSENTIAL 1MO;SYMC CONTROL COMPLIABAND B ESSENTIAL 1MO;;;;79;;
1;3;2094;1;163,3686;132,82;SYMC CONTROL COMPLIABAND B ESSENTIAL 1MO;20997601;;SYMC CONTROL COMPLIABAND B ESSENTIAL 1MO;SYMC CONTROL COMPLIABAND B ESSENTIAL 1MO;SYMC CONTROL COMPLIABAND B ESSENTIAL 1MO;SYMC CONTROL COMPLIABAND B ESSENTIAL 1MO;;;;79;;
1;3;2094;1;178,227;144,9;SYMC CONTROL COMPLIABAND B ESSENTIAL 1MO;20997602;;SYMC CONTROL COMPLIABAND B ESSENTIAL 1MO;SYMC CONTROL COMPLIABAND B ESSENTIAL 1MO;SYMC CONTROL COMPLIABAND B ESSENTIAL 1MO;SYMC CONTROL COMPLIABAND B ESSENTIAL 1MO;;;;79;;
1;3;2094;1;81,8811;66,57;SYMC CONTROL COMPLIABAND B ESSENTIAL 1MO;20997603;;SYMC CONTROL COMPLIABAND B ESSENTIAL 1MO;SYMC CONTROL COMPLIABAND B ESSENTIAL 1MO;SYMC CONTROL COMPLIABAND B ESSENTIAL 1MO;SYMC CONTROL COMPLIABAND B ESSENTIAL 1MO;;;;79;;
1;3;2094;1;69,618;56,6;SYMC CONTROL COMPLIABAND C ESSENTIAL 1MO;20997649;;SYMC CONTROL COMPLIABAND C ESSENTIAL 1MO;SYMC CONTROL COMPLIABAND C ESSENTIAL 1MO;SYMC CONTROL COMPLIABAND C ESSENTIAL 1MO;SYMC CONTROL COMPLIABAND C ESSENTIAL 1MO;;;;79;;
1;3;2094;1;7,9335;6,45;SYMC CONTROL COMPLIABAND C ESSENTIAL 1MO;20997650;;SYMC CONTROL COMPLIABAND C ESSENTIAL 1MO;SYMC CONTROL COMPLIABAND C ESSENTIAL 1MO;SYMC CONTROL COMPLIABAND C ESSENTIAL 1MO;SYMC CONTROL COMPLIABAND C ESSENTIAL 1MO;;;;79;;
1;3;2094;1;138,867;112,9;SYMC CONTROL COMPLIABAND C ESSENTIAL 1MO;20997651;;SYMC CONTROL COMPLIABAND C ESSENTIAL 1MO;SYMC CONTROL COMPLIABAND C ESSENTIAL 1MO;SYMC CONTROL COMPLIABAND C ESSENTIAL 1MO;SYMC CONTROL COMPLIABAND C ESSENTIAL 1MO;;;;79;;
1;3;2094;1;151,4991;123,17;SYMC CONTROL COMPLIABAND C ESSENTIAL 1MO;20997652;;SYMC CONTROL COMPLIABAND C ESSENTIAL 1MO;SYMC CONTROL COMPLIABAND C ESSENTIAL 1MO;SYMC CONTROL COMPLIABAND C ESSENTIAL 1MO;SYMC CONTROL COMPLIABAND C ESSENTIAL 1MO;;;;79;;
1;3;2094;1;69,618;56,6;SYMC CONTROL COMPLIABAND C ESSENTIAL 1MO;20997653;;SYMC CONTROL COMPLIABAND C ESSENTIAL 1MO;SYMC CONTROL COMPLIABAND C ESSENTIAL 1MO;SYMC CONTROL COMPLIABAND C ESSENTIAL 1MO;SYMC CONTROL COMPLIABAND C ESSENTIAL 1MO;;;;79;;
1;3;2094;1;66,8628;54,36;SYMC CONTROL COMPLIABAND E ESSENTIAL 1MO;20997701;;SYMC CONTROL COMPLIABAND E ESSENTIAL 1MO;SYMC CONTROL COMPLIABAND E ESSENTIAL 1MO;SYMC CONTROL COMPLIABAND E ESSENTIAL 1MO;SYMC CONTROL COMPLIABAND E ESSENTIAL 1MO;;;;79;;
1;3;2094;1;7,6137;6,19;SYMC CONTROL COMPLIABAND E ESSENTIAL 1MO;20997702;;SYMC CONTROL COMPLIABAND E ESSENTIAL 1MO;SYMC CONTROL COMPLIABAND E ESSENTIAL 1MO;SYMC CONTROL COMPLIABAND E ESSENTIAL 1MO;SYMC CONTROL COMPLIABAND E ESSENTIAL 1MO;;;;79;;
1;3;2094;1;133,3566;108,42;SYMC CONTROL COMPLIABAND E ESSENTIAL 1MO;20997703;;SYMC CONTROL COMPLIABAND E ESSENTIAL 1MO;SYMC CONTROL COMPLIABAND E ESSENTIAL 1MO;SYMC CONTROL COMPLIABAND E ESSENTIAL 1MO;SYMC CONTROL COMPLIABAND E ESSENTIAL 1MO;;;;79;;
1;3;2094;1;145,4967;118,29;SYMC CONTROL COMPLIABAND E ESSENTIAL 1MO;20997704;;SYMC CONTROL COMPLIABAND E ESSENTIAL 1MO;SYMC CONTROL COMPLIABAND E ESSENTIAL 1MO;SYMC CONTROL COMPLIABAND E ESSENTIAL 1MO;SYMC CONTROL COMPLIABAND E ESSENTIAL 1MO;;;;79;;
1;3;2094;1;66,8628;54,36;SYMC CONTROL COMPLIABAND E ESSENTIAL 1MO;20997705;;SYMC CONTROL COMPLIABAND E ESSENTIAL 1MO;SYMC CONTROL COMPLIABAND E ESSENTIAL 1MO;SYMC CONTROL COMPLIABAND E ESSENTIAL 1MO;SYMC CONTROL COMPLIABAND E ESSENTIAL 1MO;;;;79;;
1;3;2094;1;81,8811;66,57;SYMC CONTROL COMPLIABAND A ESSENTIAL 1MO;20997751;;SYMC CONTROL COMPLIABAND A ESSENTIAL 1MO;SYMC CONTROL COMPLIABAND A ESSENTIAL 1MO;SYMC CONTROL COMPLIABAND A ESSENTIAL 1MO;SYMC CONTROL COMPLIABAND A ESSENTIAL 1MO;;;;79;;
1;3;2094;1;9,3357;7,59;SYMC CONTROL COMPLIABAND A ESSENTIAL 1MO;20997752;;SYMC CONTROL COMPLIABAND A ESSENTIAL 1MO;SYMC CONTROL COMPLIABAND A ESSENTIAL 1MO;SYMC CONTROL COMPLIABAND A ESSENTIAL 1MO;SYMC CONTROL COMPLIABAND A ESSENTIAL 1MO;;;;79;;
1;3;2094;1;163,3686;132,82;SYMC CONTROL COMPLIABAND A ESSENTIAL 1MO;20997753;;SYMC CONTROL COMPLIABAND A ESSENTIAL 1MO;SYMC CONTROL COMPLIABAND A ESSENTIAL 1MO;SYMC CONTROL COMPLIABAND A ESSENTIAL 1MO;SYMC CONTROL COMPLIABAND A ESSENTIAL 1MO;;;;79;;
1;3;2094;1;178,227;144,9;SYMC CONTROL COMPLIABAND A ESSENTIAL 1MO;20997754;;SYMC CONTROL COMPLIABAND A ESSENTIAL 1MO;SYMC CONTROL COMPLIABAND A ESSENTIAL 1MO;SYMC CONTROL COMPLIABAND A ESSENTIAL 1MO;SYMC CONTROL COMPLIABAND A ESSENTIAL 1MO;;;;79;;
1;3;2094;1;81,8811;66,57;SYMC CONTROL COMPLIABAND A ESSENTIAL 1MO;20997755;;SYMC CONTROL COMPLIABAND A ESSENTIAL 1MO;SYMC CONTROL COMPLIABAND A ESSENTIAL 1MO;SYMC CONTROL COMPLIABAND A ESSENTIAL 1MO;SYMC CONTROL COMPLIABAND A ESSENTIAL 1MO;;;;79;;
1;3;2094;1;16532,3931;13440,97;ENDPT VIRT SOL ENABLE4TO7WEEKSSPECIALIST;20997798;;ENDPT VIRT SOL ENABLE4TO7WEEKSSPECIALIST;ENDPT VIRT SOL ENABLE4TO7WEEKSSPECIALIST;ENDPT VIRT SOL ENABLE4TO7WEEKSSPECIALIST;ENDPT VIRT SOL ENABLE4TO7WEEKSSPECIALIST;;;;79;;
1;3;2094;1;852,2424;692,88;REW CCS MOD ESM DB 10.0 PER MGD DB STD LIC D;20998724;;REW CCS MOD ESM DB 10.0 PER MGD DB STD LIC D;REW CCS MOD ESM DB 10.0 PER MGD DB STD LIC D;REW CCS MOD ESM DB 10.0 PER MGD DB STD LIC D;REW CCS MOD ESM DB 10.0 PER MGD DB STD LIC D;;;;79;;
1;3;2094;1;196,0251;159,37;REW CCS MOD ESM DB 10.0 PER MGD DB BAS D;20998725;;REW CCS MOD ESM DB 10.0 PER MGD DB BAS D;REW CCS MOD ESM DB 10.0 PER MGD DB BAS D;REW CCS MOD ESM DB 10.0 PER MGD DB BAS D;REW CCS MOD ESM DB 10.0 PER MGD DB BAS D;;;;79;;
1;3;2094;1;235,3113;191,31;REW CCS MOD ESM DB 10.0 PER MGD DB RNWL BAS A;20998726;;REW CCS MOD ESM DB 10.0 PER MGD DB RNWL BAS A;REW CCS MOD ESM DB 10.0 PER MGD DB RNWL BAS A;REW CCS MOD ESM DB 10.0 PER MGD DB RNWL BAS A;REW CCS MOD ESM DB 10.0 PER MGD DB RNWL BAS A;;;;79;;
1;3;2094;1;342,8256;278,72;STDS DB 10.0MGD DB INSTANCE RNW ESS VPA;20998727;;STDS DB 10.0MGD DB INSTANCE RNW ESS VPA;STDS DB 10.0MGD DB INSTANCE RNW ESS VPA;STDS DB 10.0MGD DB INSTANCE RNW ESS VPA;STDS DB 10.0MGD DB INSTANCE RNW ESS VPA;;;;79;;
1;3;2094;1;280,7475;228,25;GOV CCS STD MOD ESM DB 10.0 P MGD DB RNWL ESS S;20998728;;GOV CCS STD MOD ESM DB 10.0 P MGD DB RNWL ESS S;GOV CCS STD MOD ESM DB 10.0 P MGD DB RNWL ESS S;GOV CCS STD MOD ESM DB 10.0 P MGD DB RNWL ESS S;GOV CCS STD MOD ESM DB 10.0 P MGD DB RNWL ESS S;;;;79;;
1;3;2094;1;192,1014;156,18;REW CCS MOD ESM DB 10.0 PER MGD DB BAS E;20998729;;REW CCS MOD ESM DB 10.0 PER MGD DB BAS E;REW CCS MOD ESM DB 10.0 PER MGD DB BAS E;REW CCS MOD ESM DB 10.0 PER MGD DB BAS E;REW CCS MOD ESM DB 10.0 PER MGD DB BAS E;;;;79;;
1;3;2094;1;235,3113;191,31;EXP CCS STD MOD ESM DB 10.0 PER MGD DB BAS S;20998730;;EXP CCS STD MOD ESM DB 10.0 PER MGD DB BAS S;EXP CCS STD MOD ESM DB 10.0 PER MGD DB BAS S;EXP CCS STD MOD ESM DB 10.0 PER MGD DB BAS S;EXP CCS STD MOD ESM DB 10.0 PER MGD DB BAS S;;;;79;;
1;3;2094;1;188,2515;153,05;AE CCS STD MOD ESM DB 10.0 P MGD DB BAS S;20998731;;AE CCS STD MOD ESM DB 10.0 P MGD DB BAS S;AE CCS STD MOD ESM DB 10.0 P MGD DB BAS S;AE CCS STD MOD ESM DB 10.0 P MGD DB BAS S;AE CCS STD MOD ESM DB 10.0 P MGD DB BAS S;;;;79;;
1;3;2094;1;229,1736;186,32;AE CCS STD MOD ESM DB 10.0 P MGD DB ESS S;20998732;;AE CCS STD MOD ESM DB 10.0 P MGD DB ESS S;AE CCS STD MOD ESM DB 10.0 P MGD DB ESS S;AE CCS STD MOD ESM DB 10.0 P MGD DB ESS S;AE CCS STD MOD ESM DB 10.0 P MGD DB ESS S;;;;79;;
1;3;2094;1;196,0251;159,37;REW CCS MOD ESM DB 10.0 PER MGD DB RNWL BAS D;20998733;;REW CCS MOD ESM DB 10.0 PER MGD DB RNWL BAS D;REW CCS MOD ESM DB 10.0 PER MGD DB RNWL BAS D;REW CCS MOD ESM DB 10.0 PER MGD DB RNWL BAS D;REW CCS MOD ESM DB 10.0 PER MGD DB RNWL BAS D;;;;79;;
1;3;2094;1;200,0103;162,61;REW CCS MOD ESM DB 10.0 PER MGD DB BAS C;20998734;;REW CCS MOD ESM DB 10.0 PER MGD DB BAS C;REW CCS MOD ESM DB 10.0 PER MGD DB BAS C;REW CCS MOD ESM DB 10.0 PER MGD DB BAS C;REW CCS MOD ESM DB 10.0 PER MGD DB BAS C;;;;79;;
1;3;2094;1;233,8599;190,13;REW CCS MOD ESM DB 10.0 PER MGD DB ESS E;20998736;;REW CCS MOD ESM DB 10.0 PER MGD DB ESS E;REW CCS MOD ESM DB 10.0 PER MGD DB ESS E;REW CCS MOD ESM DB 10.0 PER MGD DB ESS E;REW CCS MOD ESM DB 10.0 PER MGD DB ESS E;;;;79;;
1;3;2094;1;230,6127;187,49;GOV CCS STD MOD ESM DB 10.0 P MGD DB RNWL BAS S;20998738;;GOV CCS STD MOD ESM DB 10.0 P MGD DB RNWL BAS S;GOV CCS STD MOD ESM DB 10.0 P MGD DB RNWL BAS S;GOV CCS STD MOD ESM DB 10.0 P MGD DB RNWL BAS S;GOV CCS STD MOD ESM DB 10.0 P MGD DB RNWL BAS S;;;;79;;
1;3;2094;1;1023,1017;831,79;REW CCS MOD ESM DB 10.0 PER MGD DB STD LIC A;20998739;;REW CCS MOD ESM DB 10.0 PER MGD DB STD LIC A;REW CCS MOD ESM DB 10.0 PER MGD DB STD LIC A;REW CCS MOD ESM DB 10.0 PER MGD DB STD LIC A;REW CCS MOD ESM DB 10.0 PER MGD DB STD LIC A;;;;79;;
1;3;2094;1;869,6346;707,02;REW CCS MOD ESM DB 10.0 PER MGD DB STD LIC C;20998740;;REW CCS MOD ESM DB 10.0 PER MGD DB STD LIC C;REW CCS MOD ESM DB 10.0 PER MGD DB STD LIC C;REW CCS MOD ESM DB 10.0 PER MGD DB STD LIC C;REW CCS MOD ESM DB 10.0 PER MGD DB STD LIC C;;;;79;;
1;3;2094;1;835,2069;679,03;REW CCS MOD ESM DB 10.0 PER MGD DB STD LIC E;20998741;;REW CCS MOD ESM DB 10.0 PER MGD DB STD LIC E;REW CCS MOD ESM DB 10.0 PER MGD DB STD LIC E;REW CCS MOD ESM DB 10.0 PER MGD DB STD LIC E;REW CCS MOD ESM DB 10.0 PER MGD DB STD LIC E;;;;79;;
1;3;2094;1;1224,4281;995,47;STDS DB 10.0MGD DB INSTANCE LIC VPA;20998742;;STDS DB 10.0MGD DB INSTANCE LIC VPA;STDS DB 10.0MGD DB INSTANCE LIC VPA;STDS DB 10.0MGD DB INSTANCE LIC VPA;STDS DB 10.0MGD DB INSTANCE LIC VPA;;;;79;;
1;3;2094;1;1023,1017;831,79;EXP CCS STD MOD ESM DB 10.0 PER MGD DB STD LIC S;20998743;;EXP CCS STD MOD ESM DB 10.0 PER MGD DB STD LIC S;EXP CCS STD MOD ESM DB 10.0 PER MGD DB STD LIC S;EXP CCS STD MOD ESM DB 10.0 PER MGD DB STD LIC S;EXP CCS STD MOD ESM DB 10.0 PER MGD DB STD LIC S;;;;79;;
1;3;2094;1;192,1014;156,18;REW CCS MOD ESM DB 10.0 PER MGD DB RNWL BAS E;20998744;;REW CCS MOD ESM DB 10.0 PER MGD DB RNWL BAS E;REW CCS MOD ESM DB 10.0 PER MGD DB RNWL BAS E;REW CCS MOD ESM DB 10.0 PER MGD DB RNWL BAS E;REW CCS MOD ESM DB 10.0 PER MGD DB RNWL BAS E;;;;79;;
1;3;2094;1;235,3113;191,31;EXP CCS STD MOD ESM DB 10.0 P MGD DB RNWL BAS S;20998746;;EXP CCS STD MOD ESM DB 10.0 P MGD DB RNWL BAS S;EXP CCS STD MOD ESM DB 10.0 P MGD DB RNWL BAS S;EXP CCS STD MOD ESM DB 10.0 P MGD DB RNWL BAS S;EXP CCS STD MOD ESM DB 10.0 P MGD DB RNWL BAS S;;;;79;;
1;3;2094;1;233,8599;190,13;REW CCS MOD ESM DB 10.0 PER MGD DB RNWL ESS E;20998747;;REW CCS MOD ESM DB 10.0 PER MGD DB RNWL ESS E;REW CCS MOD ESM DB 10.0 PER MGD DB RNWL ESS E;REW CCS MOD ESM DB 10.0 PER MGD DB RNWL ESS E;REW CCS MOD ESM DB 10.0 PER MGD DB RNWL ESS E;;;;79;;
1;3;2094;1;286,467;232,9;REW CCS MOD ESM DB 10.0 PER MGD DB ESS A;20998748;;REW CCS MOD ESM DB 10.0 PER MGD DB ESS A;REW CCS MOD ESM DB 10.0 PER MGD DB ESS A;REW CCS MOD ESM DB 10.0 PER MGD DB ESS A;REW CCS MOD ESM DB 10.0 PER MGD DB ESS A;;;;79;;
1;3;2094;1;286,467;232,9;REW CCS MOD ESM DB 10.0 PER MGD DB RNWL ESS A;20998749;;REW CCS MOD ESM DB 10.0 PER MGD DB RNWL ESS A;REW CCS MOD ESM DB 10.0 PER MGD DB RNWL ESS A;REW CCS MOD ESM DB 10.0 PER MGD DB RNWL ESS A;REW CCS MOD ESM DB 10.0 PER MGD DB RNWL ESS A;;;;79;;
1;3;2094;1;286,467;232,9;EXP CCS STD MOD ESM DB 10.0 P MGD DB RNWL ESS S;20998750;;EXP CCS STD MOD ESM DB 10.0 P MGD DB RNWL ESS S;EXP CCS STD MOD ESM DB 10.0 P MGD DB RNWL ESS S;EXP CCS STD MOD ESM DB 10.0 P MGD DB RNWL ESS S;EXP CCS STD MOD ESM DB 10.0 P MGD DB RNWL ESS S;;;;79;;
1;3;2094;1;230,6127;187,49;GOV CCS STD MOD ESM DB 10.0 P MGD DB BAS S;20998751;;GOV CCS STD MOD ESM DB 10.0 P MGD DB BAS S;GOV CCS STD MOD ESM DB 10.0 P MGD DB BAS S;GOV CCS STD MOD ESM DB 10.0 P MGD DB BAS S;GOV CCS STD MOD ESM DB 10.0 P MGD DB BAS S;;;;79;;
1;3;2094;1;235,3113;191,31;REW CCS MOD ESM DB 10.0 PER MGD DB RNWL BAS B;20998752;;REW CCS MOD ESM DB 10.0 PER MGD DB RNWL BAS B;REW CCS MOD ESM DB 10.0 PER MGD DB RNWL BAS B;REW CCS MOD ESM DB 10.0 PER MGD DB RNWL BAS B;REW CCS MOD ESM DB 10.0 PER MGD DB RNWL BAS B;;;;79;;
1;3;2094;1;235,3113;191,31;REW CCS MOD ESM DB 10.0 PER MGD DB BAS A;20998754;;REW CCS MOD ESM DB 10.0 PER MGD DB BAS A;REW CCS MOD ESM DB 10.0 PER MGD DB BAS A;REW CCS MOD ESM DB 10.0 PER MGD DB BAS A;REW CCS MOD ESM DB 10.0 PER MGD DB BAS A;;;;79;;
1;3;2094;1;286,467;232,9;REW CCS MOD ESM DB 10.0 PER MGD DB ESS B;20998755;;REW CCS MOD ESM DB 10.0 PER MGD DB ESS B;REW CCS MOD ESM DB 10.0 PER MGD DB ESS B;REW CCS MOD ESM DB 10.0 PER MGD DB ESS B;REW CCS MOD ESM DB 10.0 PER MGD DB ESS B;;;;79;;
1;3;2094;1;342,8256;278,72;STDS DB 10.0MGD DB INSTANCE ESS VPA;20998756;;STDS DB 10.0MGD DB INSTANCE ESS VPA;STDS DB 10.0MGD DB INSTANCE ESS VPA;STDS DB 10.0MGD DB INSTANCE ESS VPA;STDS DB 10.0MGD DB INSTANCE ESS VPA;;;;79;;
1;3;2094;1;286,467;232,9;EXP CCS STD MOD ESM DB 10.0 PER MGD DB ESS S;20998757;;EXP CCS STD MOD ESM DB 10.0 PER MGD DB ESS S;EXP CCS STD MOD ESM DB 10.0 PER MGD DB ESS S;EXP CCS STD MOD ESM DB 10.0 PER MGD DB ESS S;EXP CCS STD MOD ESM DB 10.0 PER MGD DB ESS S;;;;79;;
1;3;2094;1;200,0103;162,61;REW CCS MOD ESM DB 10.0 PER MGD DB RNWL BAS C;20998758;;REW CCS MOD ESM DB 10.0 PER MGD DB RNWL BAS C;REW CCS MOD ESM DB 10.0 PER MGD DB RNWL BAS C;REW CCS MOD ESM DB 10.0 PER MGD DB RNWL BAS C;REW CCS MOD ESM DB 10.0 PER MGD DB RNWL BAS C;;;;79;;
1;3;2094;1;243,5031;197,97;REW CCS MOD ESM DB 10.0 PER MGD DB RNWL ESS C;20998759;;REW CCS MOD ESM DB 10.0 PER MGD DB RNWL ESS C;REW CCS MOD ESM DB 10.0 PER MGD DB RNWL ESS C;REW CCS MOD ESM DB 10.0 PER MGD DB RNWL ESS C;REW CCS MOD ESM DB 10.0 PER MGD DB RNWL ESS C;;;;79;;
1;3;2094;1;238,6323;194,01;REW CCS MOD ESM DB 10.0 PER MGD DB RNWL ESS D;20998760;;REW CCS MOD ESM DB 10.0 PER MGD DB RNWL ESS D;REW CCS MOD ESM DB 10.0 PER MGD DB RNWL ESS D;REW CCS MOD ESM DB 10.0 PER MGD DB RNWL ESS D;REW CCS MOD ESM DB 10.0 PER MGD DB RNWL ESS D;;;;79;;
1;3;2094;1;1002,6345;815,15;GOV CCS STD MOD ESM DB 10.0 P MGD DB STD LIC S;20998761;;GOV CCS STD MOD ESM DB 10.0 P MGD DB STD LIC S;GOV CCS STD MOD ESM DB 10.0 P MGD DB STD LIC S;GOV CCS STD MOD ESM DB 10.0 P MGD DB STD LIC S;GOV CCS STD MOD ESM DB 10.0 P MGD DB STD LIC S;;;;79;;
1;3;2094;1;818,4789;665,43;AE CCS STD MOD ESM DB 10.0 P MGD DB STD LIC S;20998762;;AE CCS STD MOD ESM DB 10.0 P MGD DB STD LIC S;AE CCS STD MOD ESM DB 10.0 P MGD DB STD LIC S;AE CCS STD MOD ESM DB 10.0 P MGD DB STD LIC S;AE CCS STD MOD ESM DB 10.0 P MGD DB STD LIC S;;;;79;;
1;3;2094;1;243,5031;197,97;REW CCS MOD ESM DB 10.0 PER MGD DB ESS C;20998763;;REW CCS MOD ESM DB 10.0 PER MGD DB ESS C;REW CCS MOD ESM DB 10.0 PER MGD DB ESS C;REW CCS MOD ESM DB 10.0 PER MGD DB ESS C;REW CCS MOD ESM DB 10.0 PER MGD DB ESS C;;;;79;;
1;3;2094;1;280,7475;228,25;GOV CCS STD MOD ESM DB 10.0 P MGD DB ESS S;20998764;;GOV CCS STD MOD ESM DB 10.0 P MGD DB ESS S;GOV CCS STD MOD ESM DB 10.0 P MGD DB ESS S;GOV CCS STD MOD ESM DB 10.0 P MGD DB ESS S;GOV CCS STD MOD ESM DB 10.0 P MGD DB ESS S;;;;79;;
1;3;2094;1;188,2515;153,05;AE CCS STD MOD ESM DB 10.0 P MGD DB RNWL BAS S;20998765;;AE CCS STD MOD ESM DB 10.0 P MGD DB RNWL BAS S;AE CCS STD MOD ESM DB 10.0 P MGD DB RNWL BAS S;AE CCS STD MOD ESM DB 10.0 P MGD DB RNWL BAS S;AE CCS STD MOD ESM DB 10.0 P MGD DB RNWL BAS S;;;;79;;
1;3;2094;1;286,467;232,9;REW CCS MOD ESM DB 10.0 PER MGD DB RNWL ESS B;20998766;;REW CCS MOD ESM DB 10.0 PER MGD DB RNWL ESS B;REW CCS MOD ESM DB 10.0 PER MGD DB RNWL ESS B;REW CCS MOD ESM DB 10.0 PER MGD DB RNWL ESS B;REW CCS MOD ESM DB 10.0 PER MGD DB RNWL ESS B;;;;79;;
1;3;2094;1;235,3113;191,31;REW CCS MOD ESM DB 10.0 PER MGD DB BAS B;20998768;;REW CCS MOD ESM DB 10.0 PER MGD DB BAS B;REW CCS MOD ESM DB 10.0 PER MGD DB BAS B;REW CCS MOD ESM DB 10.0 PER MGD DB BAS B;REW CCS MOD ESM DB 10.0 PER MGD DB BAS B;;;;79;;
1;3;2094;1;281,6208;228,96;STDS DB 10.0MGD DB INSTANCE BAS VPA;20998769;;STDS DB 10.0MGD DB INSTANCE BAS VPA;STDS DB 10.0MGD DB INSTANCE BAS VPA;STDS DB 10.0MGD DB INSTANCE BAS VPA;STDS DB 10.0MGD DB INSTANCE BAS VPA;;;;79;;
1;3;2094;1;238,6323;194,01;REW CCS MOD ESM DB 10.0 PER MGD DB ESS D;20998770;;REW CCS MOD ESM DB 10.0 PER MGD DB ESS D;REW CCS MOD ESM DB 10.0 PER MGD DB ESS D;REW CCS MOD ESM DB 10.0 PER MGD DB ESS D;REW CCS MOD ESM DB 10.0 PER MGD DB ESS D;;;;79;;
1;3;2094;1;281,6208;228,96;STDS DB 10.0MGD DB INSTANCE RNW BAS VPA;20998771;;STDS DB 10.0MGD DB INSTANCE RNW BAS VPA;STDS DB 10.0MGD DB INSTANCE RNW BAS VPA;STDS DB 10.0MGD DB INSTANCE RNW BAS VPA;STDS DB 10.0MGD DB INSTANCE RNW BAS VPA;;;;79;;
1;3;2094;1;229,1736;186,32;AE CCS STD MOD ESM DB 10.0 P MGD DB RNWL ESS S;20998772;;AE CCS STD MOD ESM DB 10.0 P MGD DB RNWL ESS S;AE CCS STD MOD ESM DB 10.0 P MGD DB RNWL ESS S;AE CCS STD MOD ESM DB 10.0 P MGD DB RNWL ESS S;AE CCS STD MOD ESM DB 10.0 P MGD DB RNWL ESS S;;;;79;;
1;3;2094;1;1023,1017;831,79;REW CCS MOD ESM DB 10.0 PER MGD DB STD LIC B;20998773;;REW CCS MOD ESM DB 10.0 PER MGD DB STD LIC B;REW CCS MOD ESM DB 10.0 PER MGD DB STD LIC B;REW CCS MOD ESM DB 10.0 PER MGD DB STD LIC B;REW CCS MOD ESM DB 10.0 PER MGD DB STD LIC B;;;;79;;
1;3;2094;1;22,3614;18,18;REW CCS STD MOD ESM DT AGT 10.0 MGD RNWL BAS D;20998774;;REW CCS STD MOD ESM DT AGT 10.0 MGD RNWL BAS D;REW CCS STD MOD ESM DT AGT 10.0 MGD RNWL BAS D;REW CCS STD MOD ESM DT AGT 10.0 MGD RNWL BAS D;REW CCS STD MOD ESM DT AGT 10.0 MGD RNWL BAS D;;;;79;;
1;3;2094;1;26,2974;21,38;GOV CCS STD MOD ESM DT AGT 10.0 MGD RNWL BAS S;20998775;;GOV CCS STD MOD ESM DT AGT 10.0 MGD RNWL BAS S;GOV CCS STD MOD ESM DT AGT 10.0 MGD RNWL BAS S;GOV CCS STD MOD ESM DT AGT 10.0 MGD RNWL BAS S;GOV CCS STD MOD ESM DT AGT 10.0 MGD RNWL BAS S;;;;79;;
1;3;2094;1;32,6565;26,55;EXP CCS STD MOD ESM DT AGT 10.0 MGD RNWL ESS S;20998777;;EXP CCS STD MOD ESM DT AGT 10.0 MGD RNWL ESS S;EXP CCS STD MOD ESM DT AGT 10.0 MGD RNWL ESS S;EXP CCS STD MOD ESM DT AGT 10.0 MGD RNWL ESS S;EXP CCS STD MOD ESM DT AGT 10.0 MGD RNWL ESS S;;;;79;;
1;3;2094;1;114,2916;92,92;GOV CCS STD MOD ESM DT AGT 10.0 P MGD DEV LIC S;20998778;;GOV CCS STD MOD ESM DT AGT 10.0 P MGD DEV LIC S;GOV CCS STD MOD ESM DT AGT 10.0 P MGD DEV LIC S;GOV CCS STD MOD ESM DT AGT 10.0 P MGD DEV LIC S;GOV CCS STD MOD ESM DT AGT 10.0 P MGD DEV LIC S;;;;79;;
1;3;2094;1;26,8263;21,81;REW CCS STD MOD ESM DT AGT 10.0 P MGD DEV BAS B;20998779;;REW CCS STD MOD ESM DT AGT 10.0 P MGD DEV BAS B;REW CCS STD MOD ESM DT AGT 10.0 P MGD DEV BAS B;REW CCS STD MOD ESM DT AGT 10.0 P MGD DEV BAS B;REW CCS STD MOD ESM DT AGT 10.0 P MGD DEV BAS B;;;;79;;
1;3;2094;1;21,9063;17,81;REW CCS STD MOD ESM DT AGT 10.0 P MGD DEV BAS E;20998780;;REW CCS STD MOD ESM DT AGT 10.0 P MGD DEV BAS E;REW CCS STD MOD ESM DT AGT 10.0 P MGD DEV BAS E;REW CCS STD MOD ESM DT AGT 10.0 P MGD DEV BAS E;REW CCS STD MOD ESM DT AGT 10.0 P MGD DEV BAS E;;;;79;;
1;3;2094;1;39,1017;31,79;STD MOD ESM AGT 10.0 PER MGD DVC ESS VPA;20998781;;STD MOD ESM AGT 10.0 PER MGD DVC ESS VPA;STD MOD ESM AGT 10.0 PER MGD DVC ESS VPA;STD MOD ESM AGT 10.0 PER MGD DVC ESS VPA;STD MOD ESM AGT 10.0 PER MGD DVC ESS VPA;;;;79;;
1;3;2094;1;32,0169;26,03;GOV CCS STD MOD ESM DT AGT 10.0 P MGD DEV ESS S;20998782;;GOV CCS STD MOD ESM DT AGT 10.0 P MGD DEV ESS S;GOV CCS STD MOD ESM DT AGT 10.0 P MGD DEV ESS S;GOV CCS STD MOD ESM DT AGT 10.0 P MGD DEV ESS S;GOV CCS STD MOD ESM DT AGT 10.0 P MGD DEV ESS S;;;;79;;
1;3;2094;1;26,1252;21,24;AE CCS STD MOD ESM DT AGT 10.0 PER MGD DEV ESS S;20998783;;AE CCS STD MOD ESM DT AGT 10.0 PER MGD DEV ESS S;AE CCS STD MOD ESM DT AGT 10.0 PER MGD DEV ESS S;AE CCS STD MOD ESM DT AGT 10.0 PER MGD DEV ESS S;AE CCS STD MOD ESM DT AGT 10.0 PER MGD DEV ESS S;;;;79;;
1;3;2094;1;26,8263;21,81;REW CCS STD MOD ESM DT AGT 10.0 MGD RNWL BAS B;20998784;;REW CCS STD MOD ESM DT AGT 10.0 MGD RNWL BAS B;REW CCS STD MOD ESM DT AGT 10.0 MGD RNWL BAS B;REW CCS STD MOD ESM DT AGT 10.0 MGD RNWL BAS B;REW CCS STD MOD ESM DT AGT 10.0 MGD RNWL BAS B;;;;79;;
1;3;2094;1;32,0169;26,03;GOV CCS STD MOD ESM DT AGT 10.0 MGD RNWL ESS S;20998785;;GOV CCS STD MOD ESM DT AGT 10.0 MGD RNWL ESS S;GOV CCS STD MOD ESM DT AGT 10.0 MGD RNWL ESS S;GOV CCS STD MOD ESM DT AGT 10.0 MGD RNWL ESS S;GOV CCS STD MOD ESM DT AGT 10.0 MGD RNWL ESS S;;;;79;;
1;3;2094;1;26,1252;21,24;AE CCS STD MOD ESM DT AGT 10.0 P MGD DEV RNWL ESS S;20998786;;AE CCS STD MOD ESM DT AGT 10.0 P MGD DEV RNWL ESS S;AE CCS STD MOD ESM DT AGT 10.0 P MGD DEV RNWL ESS S;AE CCS STD MOD ESM DT AGT 10.0 P MGD DEV RNWL ESS S;AE CCS STD MOD ESM DT AGT 10.0 P MGD DEV RNWL ESS S;;;;79;;
1;3;2094;1;97,1577;78,99;REW CCS STD MOD ESM DT AGT 10.0 MGD STD LIC D;20998787;;REW CCS STD MOD ESM DT AGT 10.0 MGD STD LIC D;REW CCS STD MOD ESM DT AGT 10.0 MGD STD LIC D;REW CCS STD MOD ESM DT AGT 10.0 MGD STD LIC D;REW CCS STD MOD ESM DT AGT 10.0 MGD STD LIC D;;;;79;;
1;3;2094;1;22,3614;18,18;REW CCS STD MOD ESM DT AGT 10.0 P MGD DEV BAS D;20998788;;REW CCS STD MOD ESM DT AGT 10.0 P MGD DEV BAS D;REW CCS STD MOD ESM DT AGT 10.0 P MGD DEV BAS D;REW CCS STD MOD ESM DT AGT 10.0 P MGD DEV BAS D;REW CCS STD MOD ESM DT AGT 10.0 P MGD DEV BAS D;;;;79;;
1;3;2094;1;27,2076;22,12;REW CCS STD MOD ESM DT AGT 10.0 P MGD DEV ESS D;20998790;;REW CCS STD MOD ESM DT AGT 10.0 P MGD DEV ESS D;REW CCS STD MOD ESM DT AGT 10.0 P MGD DEV ESS D;REW CCS STD MOD ESM DT AGT 10.0 P MGD DEV ESS D;REW CCS STD MOD ESM DT AGT 10.0 P MGD DEV ESS D;;;;79;;
1;3;2094;1;39,1017;31,79;MOD ESM AGT 10.0 PER MGD DVC RNW ESS VPA;20998791;;MOD ESM AGT 10.0 PER MGD DVC RNW ESS VPA;MOD ESM AGT 10.0 PER MGD DVC RNW ESS VPA;MOD ESM AGT 10.0 PER MGD DVC RNW ESS VPA;MOD ESM AGT 10.0 PER MGD DVC RNW ESS VPA;;;;79;;
1;3;2094;1;116,6286;94,82;REW CCS STD MOD ESM DT AGT 10.0 MGD STD LIC B;20998792;;REW CCS STD MOD ESM DT AGT 10.0 MGD STD LIC B;REW CCS STD MOD ESM DT AGT 10.0 MGD STD LIC B;REW CCS STD MOD ESM DT AGT 10.0 MGD STD LIC B;REW CCS STD MOD ESM DT AGT 10.0 MGD STD LIC B;;;;79;;
1;3;2094;1;27,7611;22,57;REW CCS STD MOD ESM DT AGT 10.0 P MGD DEV ESS C;20998793;;REW CCS STD MOD ESM DT AGT 10.0 P MGD DEV ESS C;REW CCS STD MOD ESM DT AGT 10.0 P MGD DEV ESS C;REW CCS STD MOD ESM DT AGT 10.0 P MGD DEV ESS C;REW CCS STD MOD ESM DT AGT 10.0 P MGD DEV ESS C;;;;79;;
1;3;2094;1;26,8263;21,81;REW CCS STD MOD ESM DT AGT 10.0 MGD RNWL BAS A;20998794;;REW CCS STD MOD ESM DT AGT 10.0 MGD RNWL BAS A;REW CCS STD MOD ESM DT AGT 10.0 MGD RNWL BAS A;REW CCS STD MOD ESM DT AGT 10.0 MGD RNWL BAS A;REW CCS STD MOD ESM DT AGT 10.0 MGD RNWL BAS A;;;;79;;
1;3;2094;1;26,8263;21,81;EXP CCS STD MOD ESM DT AGT 10.0 MGD RNWL BAS S;20998796;;EXP CCS STD MOD ESM DT AGT 10.0 MGD RNWL BAS S;EXP CCS STD MOD ESM DT AGT 10.0 MGD RNWL BAS S;EXP CCS STD MOD ESM DT AGT 10.0 MGD RNWL BAS S;EXP CCS STD MOD ESM DT AGT 10.0 MGD RNWL BAS S;;;;79;;
1;3;2094;1;32,6565;26,55;REW CCS STD MOD ESM DT AGT 10.0 MGD RNWL ESS B;20998797;;REW CCS STD MOD ESM DT AGT 10.0 MGD RNWL ESS B;REW CCS STD MOD ESM DT AGT 10.0 MGD RNWL ESS B;REW CCS STD MOD ESM DT AGT 10.0 MGD RNWL ESS B;REW CCS STD MOD ESM DT AGT 10.0 MGD RNWL ESS B;;;;79;;
1;3;2094;1;27,7611;22,57;REW CCS STD MOD ESM DT AGT 10.0 MGD RNWL ESS C;20998798;;REW CCS STD MOD ESM DT AGT 10.0 MGD RNWL ESS C;REW CCS STD MOD ESM DT AGT 10.0 MGD RNWL ESS C;REW CCS STD MOD ESM DT AGT 10.0 MGD RNWL ESS C;REW CCS STD MOD ESM DT AGT 10.0 MGD RNWL ESS C;;;;79;;
1;3;2094;1;116,6286;94,82;REW CCS STD MOD ESM DT AGT 10.0 MGD STD LIC A;20998799;;REW CCS STD MOD ESM DT AGT 10.0 MGD STD LIC A;REW CCS STD MOD ESM DT AGT 10.0 MGD STD LIC A;REW CCS STD MOD ESM DT AGT 10.0 MGD STD LIC A;REW CCS STD MOD ESM DT AGT 10.0 MGD STD LIC A;;;;79;;
1;3;2094;1;22,8042;18,54;REW CCS STD MOD ESM DT AGT 10.0 P MGD DEV BAS C;20998800;;REW CCS STD MOD ESM DT AGT 10.0 P MGD DEV BAS C;REW CCS STD MOD ESM DT AGT 10.0 P MGD DEV BAS C;REW CCS STD MOD ESM DT AGT 10.0 P MGD DEV BAS C;REW CCS STD MOD ESM DT AGT 10.0 P MGD DEV BAS C;;;;79;;
1;3;2094;1;32,6565;26,55;REW CCS STD MOD ESM DT AGT 10.0 P MGD DEV ESS B;20998801;;REW CCS STD MOD ESM DT AGT 10.0 P MGD DEV ESS B;REW CCS STD MOD ESM DT AGT 10.0 P MGD DEV ESS B;REW CCS STD MOD ESM DT AGT 10.0 P MGD DEV ESS B;REW CCS STD MOD ESM DT AGT 10.0 P MGD DEV ESS B;;;;79;;
1;3;2094;1;32,6565;26,55;EXP CCS STD MOD ESM DT AGT 10.0 MGD DEV ESS S;20998802;;EXP CCS STD MOD ESM DT AGT 10.0 MGD DEV ESS S;EXP CCS STD MOD ESM DT AGT 10.0 MGD DEV ESS S;EXP CCS STD MOD ESM DT AGT 10.0 MGD DEV ESS S;EXP CCS STD MOD ESM DT AGT 10.0 MGD DEV ESS S;;;;79;;
1;3;2094;1;22,8042;18,54;REW CCS STD MOD ESM DT AGT 10.0 MGD RNWL BAS C;20998803;;REW CCS STD MOD ESM DT AGT 10.0 MGD RNWL BAS C;REW CCS STD MOD ESM DT AGT 10.0 MGD RNWL BAS C;REW CCS STD MOD ESM DT AGT 10.0 MGD RNWL BAS C;REW CCS STD MOD ESM DT AGT 10.0 MGD RNWL BAS C;;;;79;;
1;3;2094;1;21,9063;17,81;REW CCS STD MOD ESM DT AGT 10.0 MGD RNWL BAS E;20998805;;REW CCS STD MOD ESM DT AGT 10.0 MGD RNWL BAS E;REW CCS STD MOD ESM DT AGT 10.0 MGD RNWL BAS E;REW CCS STD MOD ESM DT AGT 10.0 MGD RNWL BAS E;REW CCS STD MOD ESM DT AGT 10.0 MGD RNWL BAS E;;;;79;;
1;3;2094;1;32,1153;26,11;MOD ESM AGT 10.0 PER MGD DVC RNW BAS VPA;20998806;;MOD ESM AGT 10.0 PER MGD DVC RNW BAS VPA;MOD ESM AGT 10.0 PER MGD DVC RNW BAS VPA;MOD ESM AGT 10.0 PER MGD DVC RNW BAS VPA;MOD ESM AGT 10.0 PER MGD DVC RNW BAS VPA;;;;79;;
1;3;2094;1;139,5927;113,49;MOD ESM AGT 10.0 PER MGD DVC LIC VPA;20998808;;MOD ESM AGT 10.0 PER MGD DVC LIC VPA;MOD ESM AGT 10.0 PER MGD DVC LIC VPA;MOD ESM AGT 10.0 PER MGD DVC LIC VPA;MOD ESM AGT 10.0 PER MGD DVC LIC VPA;;;;79;;
1;3;2094;1;116,6286;94,82;EXP CCS STD MOD ESM DT AGT10.0 MGD DEV STD LIC S;20998809;;EXP CCS STD MOD ESM DT AGT10.0 MGD DEV STD LIC S;EXP CCS STD MOD ESM DT AGT10.0 MGD DEV STD LIC S;EXP CCS STD MOD ESM DT AGT10.0 MGD DEV STD LIC S;EXP CCS STD MOD ESM DT AGT10.0 MGD DEV STD LIC S;;;;79;;
1;3;2094;1;32,6565;26,55;REW CCS STD MOD ESM DT AGT 10.0 P MGD DEV ESS A;20998810;;REW CCS STD MOD ESM DT AGT 10.0 P MGD DEV ESS A;REW CCS STD MOD ESM DT AGT 10.0 P MGD DEV ESS A;REW CCS STD MOD ESM DT AGT 10.0 P MGD DEV ESS A;REW CCS STD MOD ESM DT AGT 10.0 P MGD DEV ESS A;;;;79;;
1;3;2094;1;32,6565;26,55;REW CCS STD MOD ESM DT AGT 10.0 MGD RNWL ESS A;20998811;;REW CCS STD MOD ESM DT AGT 10.0 MGD RNWL ESS A;REW CCS STD MOD ESM DT AGT 10.0 MGD RNWL ESS A;REW CCS STD MOD ESM DT AGT 10.0 MGD RNWL ESS A;REW CCS STD MOD ESM DT AGT 10.0 MGD RNWL ESS A;;;;79;;
1;3;2094;1;27,2076;22,12;REW CCS STD MOD ESM DT AGT 10.0 MGD RNWL ESS D;20998812;;REW CCS STD MOD ESM DT AGT 10.0 MGD RNWL ESS D;REW CCS STD MOD ESM DT AGT 10.0 MGD RNWL ESS D;REW CCS STD MOD ESM DT AGT 10.0 MGD RNWL ESS D;REW CCS STD MOD ESM DT AGT 10.0 MGD RNWL ESS D;;;;79;;
1;3;2094;1;99,138;80,6;REW CCS STD MOD ESM DT AGT 10.0 MGD STD LIC C;20998813;;REW CCS STD MOD ESM DT AGT 10.0 MGD STD LIC C;REW CCS STD MOD ESM DT AGT 10.0 MGD STD LIC C;REW CCS STD MOD ESM DT AGT 10.0 MGD STD LIC C;REW CCS STD MOD ESM DT AGT 10.0 MGD STD LIC C;;;;79;;
1;3;2094;1;32,1153;26,11;STD MOD ESM AGT 10.0 PER MGD DVC BAS VPA;20998814;;STD MOD ESM AGT 10.0 PER MGD DVC BAS VPA;STD MOD ESM AGT 10.0 PER MGD DVC BAS VPA;STD MOD ESM AGT 10.0 PER MGD DVC BAS VPA;STD MOD ESM AGT 10.0 PER MGD DVC BAS VPA;;;;79;;
1;3;2094;1;26,8263;21,81;EXP CCS STD MOD ESM DT AGT 10.0 MGD DEV BAS S;20998815;;EXP CCS STD MOD ESM DT AGT 10.0 MGD DEV BAS S;EXP CCS STD MOD ESM DT AGT 10.0 MGD DEV BAS S;EXP CCS STD MOD ESM DT AGT 10.0 MGD DEV BAS S;EXP CCS STD MOD ESM DT AGT 10.0 MGD DEV BAS S;;;;79;;
1;3;2094;1;26,6541;21,67;REW CCS STD MOD ESM DT AGT 10.0 P MGD DEV ESS E;20998816;;REW CCS STD MOD ESM DT AGT 10.0 P MGD DEV ESS E;REW CCS STD MOD ESM DT AGT 10.0 P MGD DEV ESS E;REW CCS STD MOD ESM DT AGT 10.0 P MGD DEV ESS E;REW CCS STD MOD ESM DT AGT 10.0 P MGD DEV ESS E;;;;79;;
1;3;2094;1;21,4635;17,45;AE CCS STD MOD ESM DT AGT 10.0 P MGD DEV RNWL BAS S;20998817;;AE CCS STD MOD ESM DT AGT 10.0 P MGD DEV RNWL BAS S;AE CCS STD MOD ESM DT AGT 10.0 P MGD DEV RNWL BAS S;AE CCS STD MOD ESM DT AGT 10.0 P MGD DEV RNWL BAS S;AE CCS STD MOD ESM DT AGT 10.0 P MGD DEV RNWL BAS S;;;;79;;
1;3;2094;1;93,3078;75,86;AE CCS STD MOD ESM DT AGT 10.0 P MGD DEV STD LIC S;20998818;;AE CCS STD MOD ESM DT AGT 10.0 P MGD DEV STD LIC S;AE CCS STD MOD ESM DT AGT 10.0 P MGD DEV STD LIC S;AE CCS STD MOD ESM DT AGT 10.0 P MGD DEV STD LIC S;AE CCS STD MOD ESM DT AGT 10.0 P MGD DEV STD LIC S;;;;79;;
1;3;2094;1;26,8263;21,81;REW CCS STD MOD ESM DT AGT 10.0 P MGD DEV BAS A;20998819;;REW CCS STD MOD ESM DT AGT 10.0 P MGD DEV BAS A;REW CCS STD MOD ESM DT AGT 10.0 P MGD DEV BAS A;REW CCS STD MOD ESM DT AGT 10.0 P MGD DEV BAS A;REW CCS STD MOD ESM DT AGT 10.0 P MGD DEV BAS A;;;;79;;
1;3;2094;1;26,2974;21,38;GOV CCS STD MOD ESM DT AGT 10.0 P MGD DEV BAS S;20998820;;GOV CCS STD MOD ESM DT AGT 10.0 P MGD DEV BAS S;GOV CCS STD MOD ESM DT AGT 10.0 P MGD DEV BAS S;GOV CCS STD MOD ESM DT AGT 10.0 P MGD DEV BAS S;GOV CCS STD MOD ESM DT AGT 10.0 P MGD DEV BAS S;;;;79;;
1;3;2094;1;26,6541;21,67;REW CCS STD MOD ESM DT AGT 10.0 MGD RNWL ESS E;20998821;;REW CCS STD MOD ESM DT AGT 10.0 MGD RNWL ESS E;REW CCS STD MOD ESM DT AGT 10.0 MGD RNWL ESS E;REW CCS STD MOD ESM DT AGT 10.0 MGD RNWL ESS E;REW CCS STD MOD ESM DT AGT 10.0 MGD RNWL ESS E;;;;79;;
1;3;2094;1;95,2143;77,41;REW CCS STD MOD ESM DT AGT 10.0 MGD STD LIC E;20998822;;REW CCS STD MOD ESM DT AGT 10.0 MGD STD LIC E;REW CCS STD MOD ESM DT AGT 10.0 MGD STD LIC E;REW CCS STD MOD ESM DT AGT 10.0 MGD STD LIC E;REW CCS STD MOD ESM DT AGT 10.0 MGD STD LIC E;;;;79;;
1;3;2094;1;21,4635;17,45;AE CCS STD MOD ESM DT AGT 10.0 PER MGD DEV BAS S;20998823;;AE CCS STD MOD ESM DT AGT 10.0 PER MGD DEV BAS S;AE CCS STD MOD ESM DT AGT 10.0 PER MGD DEV BAS S;AE CCS STD MOD ESM DT AGT 10.0 PER MGD DEV BAS S;AE CCS STD MOD ESM DT AGT 10.0 PER MGD DEV BAS S;;;;79;;
1;3;2094;1;1734,915;1410,5;REW CCS MOD ESM MIDRANGE AGT 10.0 P MGD STD LIC C;20998824;;REW CCS MOD ESM MIDRANGE AGT 10.0 P MGD STD LIC C;REW CCS MOD ESM MIDRANGE AGT 10.0 P MGD STD LIC C;REW CCS MOD ESM MIDRANGE AGT 10.0 P MGD STD LIC C;REW CCS MOD ESM MIDRANGE AGT 10.0 P MGD STD LIC C;;;;79;;
1;3;2094;1;2041,0866;1659,42;EXP CCS MOD ESM MIDRANGE AGT10.0 MGD SVR STD LIC S;20998825;;EXP CCS MOD ESM MIDRANGE AGT10.0 MGD SVR STD LIC S;EXP CCS MOD ESM MIDRANGE AGT10.0 MGD SVR STD LIC S;EXP CCS MOD ESM MIDRANGE AGT10.0 MGD SVR STD LIC S;EXP CCS MOD ESM MIDRANGE AGT10.0 MGD SVR STD LIC S;;;;79;;
1;3;2094;1;460,0692;374,04;GOV CCS MOD ESM MIDRANGE AGT 10.0 P MGD SVR BAS S;20998826;;GOV CCS MOD ESM MIDRANGE AGT 10.0 P MGD SVR BAS S;GOV CCS MOD ESM MIDRANGE AGT 10.0 P MGD SVR BAS S;GOV CCS MOD ESM MIDRANGE AGT 10.0 P MGD SVR BAS S;GOV CCS MOD ESM MIDRANGE AGT 10.0 P MGD SVR BAS S;;;;79;;
1;3;2094;1;466,5513;379,31;REW CCS MOD ESM MIDRANGE AGT 10.0 P MGD SVR ESS E;20998827;;REW CCS MOD ESM MIDRANGE AGT 10.0 P MGD SVR ESS E;REW CCS MOD ESM MIDRANGE AGT 10.0 P MGD SVR ESS E;REW CCS MOD ESM MIDRANGE AGT 10.0 P MGD SVR ESS E;REW CCS MOD ESM MIDRANGE AGT 10.0 P MGD SVR ESS E;;;;79;;
1;3;2094;1;476,0715;387,05;REW CCS MOD ESM MIDRANGE AGT 10.0 P MGD RNWL ESS D;20998829;;REW CCS MOD ESM MIDRANGE AGT 10.0 P MGD RNWL ESS D;REW CCS MOD ESM MIDRANGE AGT 10.0 P MGD RNWL ESS D;REW CCS MOD ESM MIDRANGE AGT 10.0 P MGD RNWL ESS D;REW CCS MOD ESM MIDRANGE AGT 10.0 P MGD RNWL ESS D;;;;79;;
1;3;2094;1;469,4541;381,67;REW CCS MOD ESM MIDRANGE AGT 10.0 P MGD RNWL BAS B;20998830;;REW CCS MOD ESM MIDRANGE AGT 10.0 P MGD RNWL BAS B;REW CCS MOD ESM MIDRANGE AGT 10.0 P MGD RNWL BAS B;REW CCS MOD ESM MIDRANGE AGT 10.0 P MGD RNWL BAS B;REW CCS MOD ESM MIDRANGE AGT 10.0 P MGD RNWL BAS B;;;;79;;
1;3;2094;1;383,2434;311,58;REW CCS MOD ESM MIDRANGE AGT 10.0 P MGD RNWL BAS E;20998831;;REW CCS MOD ESM MIDRANGE AGT 10.0 P MGD RNWL BAS E;REW CCS MOD ESM MIDRANGE AGT 10.0 P MGD RNWL BAS E;REW CCS MOD ESM MIDRANGE AGT 10.0 P MGD RNWL BAS E;REW CCS MOD ESM MIDRANGE AGT 10.0 P MGD RNWL BAS E;;;;79;;
1;3;2094;1;469,4541;381,67;REW CCS MOD ESM MIDRANGE AGT 10.0 P MGD SVR BAS B;20998832;;REW CCS MOD ESM MIDRANGE AGT 10.0 P MGD SVR BAS B;REW CCS MOD ESM MIDRANGE AGT 10.0 P MGD SVR BAS B;REW CCS MOD ESM MIDRANGE AGT 10.0 P MGD SVR BAS B;REW CCS MOD ESM MIDRANGE AGT 10.0 P MGD SVR BAS B;;;;79;;
1;3;2094;1;561,8271;456,77;STDS MIDRANGE AGT 10.0MGD BAS VPA;20998833;;STDS MIDRANGE AGT 10.0MGD BAS VPA;STDS MIDRANGE AGT 10.0MGD BAS VPA;STDS MIDRANGE AGT 10.0MGD BAS VPA;STDS MIDRANGE AGT 10.0MGD BAS VPA;;;;79;;
1;3;2094;1;375,5559;305,33;AE CCS MOD ESM MIDRANGE AGT 10.0 P MGD SVR BAS S;20998834;;AE CCS MOD ESM MIDRANGE AGT 10.0 P MGD SVR BAS S;AE CCS MOD ESM MIDRANGE AGT 10.0 P MGD SVR BAS S;AE CCS MOD ESM MIDRANGE AGT 10.0 P MGD SVR BAS S;AE CCS MOD ESM MIDRANGE AGT 10.0 P MGD SVR BAS S;;;;79;;
1;3;2094;1;683,9784;556,08;STDS MIDRANGE AGT 10.0MGD ESS VPA;20998836;;STDS MIDRANGE AGT 10.0MGD ESS VPA;STDS MIDRANGE AGT 10.0MGD ESS VPA;STDS MIDRANGE AGT 10.0MGD ESS VPA;STDS MIDRANGE AGT 10.0MGD ESS VPA;;;;79;;
1;3;2094;1;1666,2318;1354,66;REW CCS MOD ESM MIDRANGE AGT 10.0 P MGD STD LIC E;20998837;;REW CCS MOD ESM MIDRANGE AGT 10.0 P MGD STD LIC E;REW CCS MOD ESM MIDRANGE AGT 10.0 P MGD STD LIC E;REW CCS MOD ESM MIDRANGE AGT 10.0 P MGD STD LIC E;REW CCS MOD ESM MIDRANGE AGT 10.0 P MGD STD LIC E;;;;79;;
1;3;2094;1;2000,2629;1626,23;GOV CCS MOD ESM MIDRANGE AGT 10.0 MGD SVR LIC S;20998838;;GOV CCS MOD ESM MIDRANGE AGT 10.0 MGD SVR LIC S;GOV CCS MOD ESM MIDRANGE AGT 10.0 MGD SVR LIC S;GOV CCS MOD ESM MIDRANGE AGT 10.0 MGD SVR LIC S;GOV CCS MOD ESM MIDRANGE AGT 10.0 MGD SVR LIC S;;;;79;;
1;3;2094;1;476,0715;387,05;REW CCS MOD ESM MIDRANGE AGT 10.0 P MGD SVR ESS D;20998840;;REW CCS MOD ESM MIDRANGE AGT 10.0 P MGD SVR ESS D;REW CCS MOD ESM MIDRANGE AGT 10.0 P MGD SVR ESS D;REW CCS MOD ESM MIDRANGE AGT 10.0 P MGD SVR ESS D;REW CCS MOD ESM MIDRANGE AGT 10.0 P MGD SVR ESS D;;;;79;;
1;3;2094;1;457,2033;371,71;AE CCS MOD ESM MIDRANGE AGT 10.0 P MGD SVR ESS S;20998841;;AE CCS MOD ESM MIDRANGE AGT 10.0 P MGD SVR ESS S;AE CCS MOD ESM MIDRANGE AGT 10.0 P MGD SVR ESS S;AE CCS MOD ESM MIDRANGE AGT 10.0 P MGD SVR ESS S;AE CCS MOD ESM MIDRANGE AGT 10.0 P MGD SVR ESS S;;;;79;;
1;3;2094;1;571,5072;464,64;REW CCS MOD ESM MIDRANGE AGT 10.0 P MGD RNWL ESS B;20998842;;REW CCS MOD ESM MIDRANGE AGT 10.0 P MGD RNWL ESS B;REW CCS MOD ESM MIDRANGE AGT 10.0 P MGD RNWL ESS B;REW CCS MOD ESM MIDRANGE AGT 10.0 P MGD RNWL ESS B;REW CCS MOD ESM MIDRANGE AGT 10.0 P MGD RNWL ESS B;;;;79;;
1;3;2094;1;399,0243;324,41;REW CCS MOD ESM MIDRANGE AGT 10.0 P MGD SVR BAS C;20998843;;REW CCS MOD ESM MIDRANGE AGT 10.0 P MGD SVR BAS C;REW CCS MOD ESM MIDRANGE AGT 10.0 P MGD SVR BAS C;REW CCS MOD ESM MIDRANGE AGT 10.0 P MGD SVR BAS C;REW CCS MOD ESM MIDRANGE AGT 10.0 P MGD SVR BAS C;;;;79;;
1;3;2094;1;391,0539;317,93;REW CCS MOD ESM MIDRANGE AGT 10.0 P MGD SVR BAS D;20998844;;REW CCS MOD ESM MIDRANGE AGT 10.0 P MGD SVR BAS D;REW CCS MOD ESM MIDRANGE AGT 10.0 P MGD SVR BAS D;REW CCS MOD ESM MIDRANGE AGT 10.0 P MGD SVR BAS D;REW CCS MOD ESM MIDRANGE AGT 10.0 P MGD SVR BAS D;;;;79;;
1;3;2094;1;485,7762;394,94;REW CCS MOD ESM MIDRANGE AGT 10.0 P MGD SVR ESS C;20998845;;REW CCS MOD ESM MIDRANGE AGT 10.0 P MGD SVR ESS C;REW CCS MOD ESM MIDRANGE AGT 10.0 P MGD SVR ESS C;REW CCS MOD ESM MIDRANGE AGT 10.0 P MGD SVR ESS C;REW CCS MOD ESM MIDRANGE AGT 10.0 P MGD SVR ESS C;;;;79;;
1;3;2094;1;399,0243;324,41;REW CCS MOD ESM MIDRANGE AGT 10.0 P MGD RNWL BAS C;20998846;;REW CCS MOD ESM MIDRANGE AGT 10.0 P MGD RNWL BAS C;REW CCS MOD ESM MIDRANGE AGT 10.0 P MGD RNWL BAS C;REW CCS MOD ESM MIDRANGE AGT 10.0 P MGD RNWL BAS C;REW CCS MOD ESM MIDRANGE AGT 10.0 P MGD RNWL BAS C;;;;79;;
1;3;2094;1;2041,0866;1659,42;REW CCS MOD ESM MIDRANGE AGT 10.0 P MGD STD LIC B;20998847;;REW CCS MOD ESM MIDRANGE AGT 10.0 P MGD STD LIC B;REW CCS MOD ESM MIDRANGE AGT 10.0 P MGD STD LIC B;REW CCS MOD ESM MIDRANGE AGT 10.0 P MGD STD LIC B;REW CCS MOD ESM MIDRANGE AGT 10.0 P MGD STD LIC B;;;;79;;
1;3;2094;1;571,5072;464,64;REW CCS MOD ESM MIDRANGE AGT 10.0 P MGD SVR ESS A;20998849;;REW CCS MOD ESM MIDRANGE AGT 10.0 P MGD SVR ESS A;REW CCS MOD ESM MIDRANGE AGT 10.0 P MGD SVR ESS A;REW CCS MOD ESM MIDRANGE AGT 10.0 P MGD SVR ESS A;REW CCS MOD ESM MIDRANGE AGT 10.0 P MGD SVR ESS A;;;;79;;
1;3;2094;1;571,5072;464,64;REW CCS MOD ESM MIDRANGE AGT 10.0 P MGD SVR ESS B;20998850;;REW CCS MOD ESM MIDRANGE AGT 10.0 P MGD SVR ESS B;REW CCS MOD ESM MIDRANGE AGT 10.0 P MGD SVR ESS B;REW CCS MOD ESM MIDRANGE AGT 10.0 P MGD SVR ESS B;REW CCS MOD ESM MIDRANGE AGT 10.0 P MGD SVR ESS B;;;;79;;
1;3;2094;1;469,4541;381,67;REW CCS MOD ESM MIDRANGE AGT 10.0 P MGD RNWL BAS A;20998851;;REW CCS MOD ESM MIDRANGE AGT 10.0 P MGD RNWL BAS A;REW CCS MOD ESM MIDRANGE AGT 10.0 P MGD RNWL BAS A;REW CCS MOD ESM MIDRANGE AGT 10.0 P MGD RNWL BAS A;REW CCS MOD ESM MIDRANGE AGT 10.0 P MGD RNWL BAS A;;;;79;;
1;3;2094;1;466,5513;379,31;REW CCS MOD ESM MIDRANGE AGT 10.0 P MGD RNWL ESS E;20998852;;REW CCS MOD ESM MIDRANGE AGT 10.0 P MGD RNWL ESS E;REW CCS MOD ESM MIDRANGE AGT 10.0 P MGD RNWL ESS E;REW CCS MOD ESM MIDRANGE AGT 10.0 P MGD RNWL ESS E;REW CCS MOD ESM MIDRANGE AGT 10.0 P MGD RNWL ESS E;;;;79;;
1;3;2094;1;683,9784;556,08;STDS MIDRANGE AGT 10.0MGD RNW ESS VPA;20998853;;STDS MIDRANGE AGT 10.0MGD RNW ESS VPA;STDS MIDRANGE AGT 10.0MGD RNW ESS VPA;STDS MIDRANGE AGT 10.0MGD RNW ESS VPA;STDS MIDRANGE AGT 10.0MGD RNW ESS VPA;;;;79;;
1;3;2094;1;571,5072;464,64;EXP CCS MOD ESM MIDRANGE AGT 10.0 P MGD RNWL ESS S;20998855;;EXP CCS MOD ESM MIDRANGE AGT 10.0 P MGD RNWL ESS S;EXP CCS MOD ESM MIDRANGE AGT 10.0 P MGD RNWL ESS S;EXP CCS MOD ESM MIDRANGE AGT 10.0 P MGD RNWL ESS S;EXP CCS MOD ESM MIDRANGE AGT 10.0 P MGD RNWL ESS S;;;;79;;
1;3;2094;1;457,2033;371,71;AE CCS MOD ESM MIDRANGE AGT 10.0 P MGD RNWL ESS S;20998856;;AE CCS MOD ESM MIDRANGE AGT 10.0 P MGD RNWL ESS S;AE CCS MOD ESM MIDRANGE AGT 10.0 P MGD RNWL ESS S;AE CCS MOD ESM MIDRANGE AGT 10.0 P MGD RNWL ESS S;AE CCS MOD ESM MIDRANGE AGT 10.0 P MGD RNWL ESS S;;;;79;;
1;3;2094;1;2041,0866;1659,42;REW CCS MOD ESM MIDRANGE AGT 10.0 P MGD STD LIC A;20998857;;REW CCS MOD ESM MIDRANGE AGT 10.0 P MGD STD LIC A;REW CCS MOD ESM MIDRANGE AGT 10.0 P MGD STD LIC A;REW CCS MOD ESM MIDRANGE AGT 10.0 P MGD STD LIC A;REW CCS MOD ESM MIDRANGE AGT 10.0 P MGD STD LIC A;;;;79;;
1;3;2094;1;1700,2413;1382,31;REW CCS MOD ESM MIDRANGE AGT 10.0 P MGD STD LIC D;20998858;;REW CCS MOD ESM MIDRANGE AGT 10.0 P MGD STD LIC D;REW CCS MOD ESM MIDRANGE AGT 10.0 P MGD STD LIC D;REW CCS MOD ESM MIDRANGE AGT 10.0 P MGD STD LIC D;REW CCS MOD ESM MIDRANGE AGT 10.0 P MGD STD LIC D;;;;79;;
1;3;2094;1;1632,8619;1327,53;AE CCS MOD ESM MIDRANGE AGT10.0 MGD SVR STD LIC S;20998859;;AE CCS MOD ESM MIDRANGE AGT10.0 MGD SVR STD LIC S;AE CCS MOD ESM MIDRANGE AGT10.0 MGD SVR STD LIC S;AE CCS MOD ESM MIDRANGE AGT10.0 MGD SVR STD LIC S;AE CCS MOD ESM MIDRANGE AGT10.0 MGD SVR STD LIC S;;;;79;;
1;3;2094;1;375,5559;305,33;AE CCS MOD ESM MIDRANGE AGT 10.0 P MGD RNWL BAS S;20998860;;AE CCS MOD ESM MIDRANGE AGT 10.0 P MGD RNWL BAS S;AE CCS MOD ESM MIDRANGE AGT 10.0 P MGD RNWL BAS S;AE CCS MOD ESM MIDRANGE AGT 10.0 P MGD RNWL BAS S;AE CCS MOD ESM MIDRANGE AGT 10.0 P MGD RNWL BAS S;;;;79;;
1;3;2094;1;560,0682;455,34;GOV CCS MOD ESM MIDRANGE AGT 10.0 MGD RNWL ESS S;20998861;;GOV CCS MOD ESM MIDRANGE AGT 10.0 MGD RNWL ESS S;GOV CCS MOD ESM MIDRANGE AGT 10.0 MGD RNWL ESS S;GOV CCS MOD ESM MIDRANGE AGT 10.0 MGD RNWL ESS S;GOV CCS MOD ESM MIDRANGE AGT 10.0 MGD RNWL ESS S;;;;79;;
1;3;2094;1;2442,7431;1985,97;STDS MIDRANGE AGT 10.0MGD LIC VPA;20998862;;STDS MIDRANGE AGT 10.0MGD LIC VPA;STDS MIDRANGE AGT 10.0MGD LIC VPA;STDS MIDRANGE AGT 10.0MGD LIC VPA;STDS MIDRANGE AGT 10.0MGD LIC VPA;;;;79;;
1;3;2094;1;469,4541;381,67;REW CCS MOD ESM MIDRANGE AGT 10.0 P MGD SVR BAS A;20998863;;REW CCS MOD ESM MIDRANGE AGT 10.0 P MGD SVR BAS A;REW CCS MOD ESM MIDRANGE AGT 10.0 P MGD SVR BAS A;REW CCS MOD ESM MIDRANGE AGT 10.0 P MGD SVR BAS A;REW CCS MOD ESM MIDRANGE AGT 10.0 P MGD SVR BAS A;;;;79;;
1;3;2094;1;383,2434;311,58;REW CCS MOD ESM MIDRANGE AGT 10.0 P MGD SVR BAS E;20998864;;REW CCS MOD ESM MIDRANGE AGT 10.0 P MGD SVR BAS E;REW CCS MOD ESM MIDRANGE AGT 10.0 P MGD SVR BAS E;REW CCS MOD ESM MIDRANGE AGT 10.0 P MGD SVR BAS E;REW CCS MOD ESM MIDRANGE AGT 10.0 P MGD SVR BAS E;;;;79;;
1;3;2094;1;469,4541;381,67;EXP CCS MOD ESM MIDRANGE AGT 10.0 P MGD SVR BAS S;20998865;;EXP CCS MOD ESM MIDRANGE AGT 10.0 P MGD SVR BAS S;EXP CCS MOD ESM MIDRANGE AGT 10.0 P MGD SVR BAS S;EXP CCS MOD ESM MIDRANGE AGT 10.0 P MGD SVR BAS S;EXP CCS MOD ESM MIDRANGE AGT 10.0 P MGD SVR BAS S;;;;79;;
1;3;2094;1;560,0682;455,34;GOV CCS MOD ESM MIDRANGE AGT 10.0 P MGD SVR ESS S;20998866;;GOV CCS MOD ESM MIDRANGE AGT 10.0 P MGD SVR ESS S;GOV CCS MOD ESM MIDRANGE AGT 10.0 P MGD SVR ESS S;GOV CCS MOD ESM MIDRANGE AGT 10.0 P MGD SVR ESS S;GOV CCS MOD ESM MIDRANGE AGT 10.0 P MGD SVR ESS S;;;;79;;
1;3;2094;1;571,5072;464,64;EXP CCS MOD ESM MIDRANGE AGT 10.0 P MGD SVR ESS S;20998867;;EXP CCS MOD ESM MIDRANGE AGT 10.0 P MGD SVR ESS S;EXP CCS MOD ESM MIDRANGE AGT 10.0 P MGD SVR ESS S;EXP CCS MOD ESM MIDRANGE AGT 10.0 P MGD SVR ESS S;EXP CCS MOD ESM MIDRANGE AGT 10.0 P MGD SVR ESS S;;;;79;;
1;3;2094;1;561,8271;456,77;STDS MIDRANGE AGT 10.0MGD RNW BAS VPA;20998868;;STDS MIDRANGE AGT 10.0MGD RNW BAS VPA;STDS MIDRANGE AGT 10.0MGD RNW BAS VPA;STDS MIDRANGE AGT 10.0MGD RNW BAS VPA;STDS MIDRANGE AGT 10.0MGD RNW BAS VPA;;;;79;;
1;3;2094;1;460,0692;374,04;GOV CCS MOD ESM MIDRANGE AGT 10.0 MGD RNWL BAS S;20998869;;GOV CCS MOD ESM MIDRANGE AGT 10.0 MGD RNWL BAS S;GOV CCS MOD ESM MIDRANGE AGT 10.0 MGD RNWL BAS S;GOV CCS MOD ESM MIDRANGE AGT 10.0 MGD RNWL BAS S;GOV CCS MOD ESM MIDRANGE AGT 10.0 MGD RNWL BAS S;;;;79;;
1;3;2094;1;469,4541;381,67;EXP CCS MOD ESM MIDRANGE AGT 10.0 P MGD RNWL BAS S;20998870;;EXP CCS MOD ESM MIDRANGE AGT 10.0 P MGD RNWL BAS S;EXP CCS MOD ESM MIDRANGE AGT 10.0 P MGD RNWL BAS S;EXP CCS MOD ESM MIDRANGE AGT 10.0 P MGD RNWL BAS S;EXP CCS MOD ESM MIDRANGE AGT 10.0 P MGD RNWL BAS S;;;;79;;
1;3;2094;1;571,5072;464,64;REW CCS MOD ESM MIDRANGE AGT 10.0 P MGD RNWL ESS A;20998871;;REW CCS MOD ESM MIDRANGE AGT 10.0 P MGD RNWL ESS A;REW CCS MOD ESM MIDRANGE AGT 10.0 P MGD RNWL ESS A;REW CCS MOD ESM MIDRANGE AGT 10.0 P MGD RNWL ESS A;REW CCS MOD ESM MIDRANGE AGT 10.0 P MGD RNWL ESS A;;;;79;;
1;3;2094;1;485,7762;394,94;REW CCS MOD ESM MIDRANGE AGT 10.0 P MGD RNWL ESS C;20998872;;REW CCS MOD ESM MIDRANGE AGT 10.0 P MGD RNWL ESS C;REW CCS MOD ESM MIDRANGE AGT 10.0 P MGD RNWL ESS C;REW CCS MOD ESM MIDRANGE AGT 10.0 P MGD RNWL ESS C;REW CCS MOD ESM MIDRANGE AGT 10.0 P MGD RNWL ESS C;;;;79;;
1;3;2094;1;391,0539;317,93;REW CCS MOD ESM MIDRANGE AGT 10.0 P MGD RNWL BAS D;20998873;;REW CCS MOD ESM MIDRANGE AGT 10.0 P MGD RNWL BAS D;REW CCS MOD ESM MIDRANGE AGT 10.0 P MGD RNWL BAS D;REW CCS MOD ESM MIDRANGE AGT 10.0 P MGD RNWL BAS D;REW CCS MOD ESM MIDRANGE AGT 10.0 P MGD RNWL BAS D;;;;79;;
1;3;2094;1;280,7475;228,25;GOV CCS MOD ESM SVR AGT 10.0 P MGD SVR RNWL ESS S;20998874;;GOV CCS MOD ESM SVR AGT 10.0 P MGD SVR RNWL ESS S;GOV CCS MOD ESM SVR AGT 10.0 P MGD SVR RNWL ESS S;GOV CCS MOD ESM SVR AGT 10.0 P MGD SVR RNWL ESS S;GOV CCS MOD ESM SVR AGT 10.0 P MGD SVR RNWL ESS S;;;;79;;
1;3;2094;1;1023,1017;831,79;EXP CCS MOD ESM SVR AGT 10.0 P MGD SVR STD LIC S;20998875;;EXP CCS MOD ESM SVR AGT 10.0 P MGD SVR STD LIC S;EXP CCS MOD ESM SVR AGT 10.0 P MGD SVR STD LIC S;EXP CCS MOD ESM SVR AGT 10.0 P MGD SVR STD LIC S;EXP CCS MOD ESM SVR AGT 10.0 P MGD SVR STD LIC S;;;;79;;
1;3;2094;1;869,6346;707,02;REW CCS PMOD ESM SVR AGT 10.0 P MGD SVR STD LIC C;20998876;;REW CCS PMOD ESM SVR AGT 10.0 P MGD SVR STD LIC C;REW CCS PMOD ESM SVR AGT 10.0 P MGD SVR STD LIC C;REW CCS PMOD ESM SVR AGT 10.0 P MGD SVR STD LIC C;REW CCS PMOD ESM SVR AGT 10.0 P MGD SVR STD LIC C;;;;79;;
1;3;2094;1;281,6208;228,96;CCS STDS MOD ESM AGT 10.0MGD BAS VPA;20998878;;CCS STDS MOD ESM AGT 10.0MGD BAS VPA;CCS STDS MOD ESM AGT 10.0MGD BAS VPA;CCS STDS MOD ESM AGT 10.0MGD BAS VPA;CCS STDS MOD ESM AGT 10.0MGD BAS VPA;;;;79;;
1;3;2094;1;342,8256;278,72;CCS STDS MOD ESM AGT 10.0MGD ESS VPA;20998879;;CCS STDS MOD ESM AGT 10.0MGD ESS VPA;CCS STDS MOD ESM AGT 10.0MGD ESS VPA;CCS STDS MOD ESM AGT 10.0MGD ESS VPA;CCS STDS MOD ESM AGT 10.0MGD ESS VPA;;;;79;;
1;3;2094;1;229,1736;186,32;AE CCS STD MOD ESM AGT 10.0 PER MGD SVR ESS S;20998880;;AE CCS STD MOD ESM AGT 10.0 PER MGD SVR ESS S;AE CCS STD MOD ESM AGT 10.0 PER MGD SVR ESS S;AE CCS STD MOD ESM AGT 10.0 PER MGD SVR ESS S;AE CCS STD MOD ESM AGT 10.0 PER MGD SVR ESS S;;;;79;;
1;3;2094;1;230,6127;187,49;GOV CCS MOD ESM SVR AGT 10.0 P MGD SVR RNWL BAS S;20998881;;GOV CCS MOD ESM SVR AGT 10.0 P MGD SVR RNWL BAS S;GOV CCS MOD ESM SVR AGT 10.0 P MGD SVR RNWL BAS S;GOV CCS MOD ESM SVR AGT 10.0 P MGD SVR RNWL BAS S;GOV CCS MOD ESM SVR AGT 10.0 P MGD SVR RNWL BAS S;;;;79;;
1;3;2094;1;235,3113;191,31;EXP CCS MOD ESM SVR AGT 10.0 P MGD SVR RNWL BAS S;20998882;;EXP CCS MOD ESM SVR AGT 10.0 P MGD SVR RNWL BAS S;EXP CCS MOD ESM SVR AGT 10.0 P MGD SVR RNWL BAS S;EXP CCS MOD ESM SVR AGT 10.0 P MGD SVR RNWL BAS S;EXP CCS MOD ESM SVR AGT 10.0 P MGD SVR RNWL BAS S;;;;79;;
1;3;2094;1;835,2069;679,03;REW CCS PMOD ESM SVR AGT 10.0 P MGD SVR STD LIC E;20998883;;REW CCS PMOD ESM SVR AGT 10.0 P MGD SVR STD LIC E;REW CCS PMOD ESM SVR AGT 10.0 P MGD SVR STD LIC E;REW CCS PMOD ESM SVR AGT 10.0 P MGD SVR STD LIC E;REW CCS PMOD ESM SVR AGT 10.0 P MGD SVR STD LIC E;;;;79;;
1;3;2094;1;286,467;232,9;REW CCS PMOD ESM SVR AGT 10.0 P MGD SVR RNWL ESS A;20998884;;REW CCS PMOD ESM SVR AGT 10.0 P MGD SVR RNWL ESS A;REW CCS PMOD ESM SVR AGT 10.0 P MGD SVR RNWL ESS A;REW CCS PMOD ESM SVR AGT 10.0 P MGD SVR RNWL ESS A;REW CCS PMOD ESM SVR AGT 10.0 P MGD SVR RNWL ESS A;;;;79;;
1;3;2094;1;342,8256;278,72;CCS STDS MOD ESM AGT 10.0MGD RNW ESS VPA;20998885;;CCS STDS MOD ESM AGT 10.0MGD RNW ESS VPA;CCS STDS MOD ESM AGT 10.0MGD RNW ESS VPA;CCS STDS MOD ESM AGT 10.0MGD RNW ESS VPA;CCS STDS MOD ESM AGT 10.0MGD RNW ESS VPA;;;;79;;
1;3;2094;1;852,2424;692,88;REW CCS PMOD ESM SVR AGT 10.0 P MGD SVR STD LIC D;20998886;;REW CCS PMOD ESM SVR AGT 10.0 P MGD SVR STD LIC D;REW CCS PMOD ESM SVR AGT 10.0 P MGD SVR STD LIC D;REW CCS PMOD ESM SVR AGT 10.0 P MGD SVR STD LIC D;REW CCS PMOD ESM SVR AGT 10.0 P MGD SVR STD LIC D;;;;79;;
1;3;2094;1;196,0251;159,37;REW CCS PMOD ESM SVR AGT 10.0 PER MGD SVR BAS D;20998887;;REW CCS PMOD ESM SVR AGT 10.0 PER MGD SVR BAS D;REW CCS PMOD ESM SVR AGT 10.0 PER MGD SVR BAS D;REW CCS PMOD ESM SVR AGT 10.0 PER MGD SVR BAS D;REW CCS PMOD ESM SVR AGT 10.0 PER MGD SVR BAS D;;;;79;;
1;3;2094;1;192,1014;156,18;REW CCS PMOD ESM SVR AGT 10.0 PER MGD SVR BAS E;20998888;;REW CCS PMOD ESM SVR AGT 10.0 PER MGD SVR BAS E;REW CCS PMOD ESM SVR AGT 10.0 PER MGD SVR BAS E;REW CCS PMOD ESM SVR AGT 10.0 PER MGD SVR BAS E;REW CCS PMOD ESM SVR AGT 10.0 PER MGD SVR BAS E;;;;79;;
1;3;2094;1;286,467;232,9;REW CCS PMOD ESM SVR AGT 10.0 PER MGD SVR ESS A;20998889;;REW CCS PMOD ESM SVR AGT 10.0 PER MGD SVR ESS A;REW CCS PMOD ESM SVR AGT 10.0 PER MGD SVR ESS A;REW CCS PMOD ESM SVR AGT 10.0 PER MGD SVR ESS A;REW CCS PMOD ESM SVR AGT 10.0 PER MGD SVR ESS A;;;;79;;
1;3;2094;1;233,8599;190,13;REW CCS PMOD ESM SVR AGT 10.0 PER MGD SVR ESS E;20998890;;REW CCS PMOD ESM SVR AGT 10.0 PER MGD SVR ESS E;REW CCS PMOD ESM SVR AGT 10.0 PER MGD SVR ESS E;REW CCS PMOD ESM SVR AGT 10.0 PER MGD SVR ESS E;REW CCS PMOD ESM SVR AGT 10.0 PER MGD SVR ESS E;;;;79;;
1;3;2094;1;188,2515;153,05;AE CCS STD MOD ESM AGT 10.0 P MGD SVR RNWL BAS S;20998891;;AE CCS STD MOD ESM AGT 10.0 P MGD SVR RNWL BAS S;AE CCS STD MOD ESM AGT 10.0 P MGD SVR RNWL BAS S;AE CCS STD MOD ESM AGT 10.0 P MGD SVR RNWL BAS S;AE CCS STD MOD ESM AGT 10.0 P MGD SVR RNWL BAS S;;;;79;;
1;3;2094;1;1023,1017;831,79;REW CCS PMOD ESM SVR AGT 10.0 P MGD SVR STD LIC B;20998892;;REW CCS PMOD ESM SVR AGT 10.0 P MGD SVR STD LIC B;REW CCS PMOD ESM SVR AGT 10.0 P MGD SVR STD LIC B;REW CCS PMOD ESM SVR AGT 10.0 P MGD SVR STD LIC B;REW CCS PMOD ESM SVR AGT 10.0 P MGD SVR STD LIC B;;;;79;;
1;3;2094;1;1224,4281;995,47;CCS STDS MOD ESM AGT 10.0MGD STD LIC VPA;20998893;;CCS STDS MOD ESM AGT 10.0MGD STD LIC VPA;CCS STDS MOD ESM AGT 10.0MGD STD LIC VPA;CCS STDS MOD ESM AGT 10.0MGD STD LIC VPA;CCS STDS MOD ESM AGT 10.0MGD STD LIC VPA;;;;79;;
1;3;2094;1;200,0103;162,61;REW CCS PMOD ESM SVR AGT 10.0 PER MGD SVR BAS C;20998894;;REW CCS PMOD ESM SVR AGT 10.0 PER MGD SVR BAS C;REW CCS PMOD ESM SVR AGT 10.0 PER MGD SVR BAS C;REW CCS PMOD ESM SVR AGT 10.0 PER MGD SVR BAS C;REW CCS PMOD ESM SVR AGT 10.0 PER MGD SVR BAS C;;;;79;;
1;3;2094;1;238,6323;194,01;REW CCS PMOD ESM SVR AGT 10.0 PER MGD SVR ESS D;20998895;;REW CCS PMOD ESM SVR AGT 10.0 PER MGD SVR ESS D;REW CCS PMOD ESM SVR AGT 10.0 PER MGD SVR ESS D;REW CCS PMOD ESM SVR AGT 10.0 PER MGD SVR ESS D;REW CCS PMOD ESM SVR AGT 10.0 PER MGD SVR ESS D;;;;79;;
1;3;2094;1;243,5031;197,97;REW CCS PMOD ESM SVR AGT 10.0 PER MGD SVR ESS C;20998896;;REW CCS PMOD ESM SVR AGT 10.0 PER MGD SVR ESS C;REW CCS PMOD ESM SVR AGT 10.0 PER MGD SVR ESS C;REW CCS PMOD ESM SVR AGT 10.0 PER MGD SVR ESS C;REW CCS PMOD ESM SVR AGT 10.0 PER MGD SVR ESS C;;;;79;;
1;3;2094;1;286,467;232,9;EXP CCS MOD ESM SVR AGT 10.0 PER MGD SVR ESS S;20998897;;EXP CCS MOD ESM SVR AGT 10.0 PER MGD SVR ESS S;EXP CCS MOD ESM SVR AGT 10.0 PER MGD SVR ESS S;EXP CCS MOD ESM SVR AGT 10.0 PER MGD SVR ESS S;EXP CCS MOD ESM SVR AGT 10.0 PER MGD SVR ESS S;;;;79;;
1;3;2094;1;235,3113;191,31;REW CCS PMOD ESM SVR AGT 10.0 P MGD SVR RNWL BAS A;20998898;;REW CCS PMOD ESM SVR AGT 10.0 P MGD SVR RNWL BAS A;REW CCS PMOD ESM SVR AGT 10.0 P MGD SVR RNWL BAS A;REW CCS PMOD ESM SVR AGT 10.0 P MGD SVR RNWL BAS A;REW CCS PMOD ESM SVR AGT 10.0 P MGD SVR RNWL BAS A;;;;79;;
1;3;2094;1;200,0103;162,61;REW CCS PMOD ESM SVR AGT 10.0 P MGD SVR RNWL BAS C;20998899;;REW CCS PMOD ESM SVR AGT 10.0 P MGD SVR RNWL BAS C;REW CCS PMOD ESM SVR AGT 10.0 P MGD SVR RNWL BAS C;REW CCS PMOD ESM SVR AGT 10.0 P MGD SVR RNWL BAS C;REW CCS PMOD ESM SVR AGT 10.0 P MGD SVR RNWL BAS C;;;;79;;
1;3;2094;1;286,467;232,9;REW CCS PMOD ESM SVR AGT 10.0 P MGD SVR RNWL ESS B;20998900;;REW CCS PMOD ESM SVR AGT 10.0 P MGD SVR RNWL ESS B;REW CCS PMOD ESM SVR AGT 10.0 P MGD SVR RNWL ESS B;REW CCS PMOD ESM SVR AGT 10.0 P MGD SVR RNWL ESS B;REW CCS PMOD ESM SVR AGT 10.0 P MGD SVR RNWL ESS B;;;;79;;
1;3;2094;1;235,3113;191,31;EXP CCS MOD ESM SVR AGT 10.0 PER MGD SVR BAS S;20998901;;EXP CCS MOD ESM SVR AGT 10.0 PER MGD SVR BAS S;EXP CCS MOD ESM SVR AGT 10.0 PER MGD SVR BAS S;EXP CCS MOD ESM SVR AGT 10.0 PER MGD SVR BAS S;EXP CCS MOD ESM SVR AGT 10.0 PER MGD SVR BAS S;;;;79;;
1;3;2094;1;286,467;232,9;REW CCS PMOD ESM SVR AGT 10.0 PER MGD SVR ESS B;20998902;;REW CCS PMOD ESM SVR AGT 10.0 PER MGD SVR ESS B;REW CCS PMOD ESM SVR AGT 10.0 PER MGD SVR ESS B;REW CCS PMOD ESM SVR AGT 10.0 PER MGD SVR ESS B;REW CCS PMOD ESM SVR AGT 10.0 PER MGD SVR ESS B;;;;79;;
1;3;2094;1;281,6208;228,96;CCS STDS MOD ESM AGT 10.0MGD RNW BAS VPA;20998903;;CCS STDS MOD ESM AGT 10.0MGD RNW BAS VPA;CCS STDS MOD ESM AGT 10.0MGD RNW BAS VPA;CCS STDS MOD ESM AGT 10.0MGD RNW BAS VPA;CCS STDS MOD ESM AGT 10.0MGD RNW BAS VPA;;;;79;;
1;3;2094;1;1002,6345;815,15;GOV CCS MOD ESM SVR AGT 10.0 P MGD SVR STD LIC S;20998904;;GOV CCS MOD ESM SVR AGT 10.0 P MGD SVR STD LIC S;GOV CCS MOD ESM SVR AGT 10.0 P MGD SVR STD LIC S;GOV CCS MOD ESM SVR AGT 10.0 P MGD SVR STD LIC S;GOV CCS MOD ESM SVR AGT 10.0 P MGD SVR STD LIC S;;;;79;;
1;3;2094;1;818,4789;665,43;AE CCS STD MOD ESM AGT 10.0 P MGD SVR STD LIC S;20998905;;AE CCS STD MOD ESM AGT 10.0 P MGD SVR STD LIC S;AE CCS STD MOD ESM AGT 10.0 P MGD SVR STD LIC S;AE CCS STD MOD ESM AGT 10.0 P MGD SVR STD LIC S;AE CCS STD MOD ESM AGT 10.0 P MGD SVR STD LIC S;;;;79;;
1;3;2094;1;188,2515;153,05;AE CCS STD MOD ESM AGT 10.0 PER MGD SVR BAS S;20998906;;AE CCS STD MOD ESM AGT 10.0 PER MGD SVR BAS S;AE CCS STD MOD ESM AGT 10.0 PER MGD SVR BAS S;AE CCS STD MOD ESM AGT 10.0 PER MGD SVR BAS S;AE CCS STD MOD ESM AGT 10.0 PER MGD SVR BAS S;;;;79;;
1;3;2094;1;235,3113;191,31;REW CCS PMOD ESM SVR AGT 10.0 P MGD SVR RNWL BAS B;20998908;;REW CCS PMOD ESM SVR AGT 10.0 P MGD SVR RNWL BAS B;REW CCS PMOD ESM SVR AGT 10.0 P MGD SVR RNWL BAS B;REW CCS PMOD ESM SVR AGT 10.0 P MGD SVR RNWL BAS B;REW CCS PMOD ESM SVR AGT 10.0 P MGD SVR RNWL BAS B;;;;79;;
1;3;2094;1;238,6323;194,01;REW CCS PMOD ESM SVR AGT 10.0 P MGD SVR RNWL ESS D;20998909;;REW CCS PMOD ESM SVR AGT 10.0 P MGD SVR RNWL ESS D;REW CCS PMOD ESM SVR AGT 10.0 P MGD SVR RNWL ESS D;REW CCS PMOD ESM SVR AGT 10.0 P MGD SVR RNWL ESS D;REW CCS PMOD ESM SVR AGT 10.0 P MGD SVR RNWL ESS D;;;;79;;
1;3;2094;1;229,1736;186,32;AE CCS STD MOD ESM AGT 10.0 P MGD SVR RNWL ESS S;20998911;;AE CCS STD MOD ESM AGT 10.0 P MGD SVR RNWL ESS S;AE CCS STD MOD ESM AGT 10.0 P MGD SVR RNWL ESS S;AE CCS STD MOD ESM AGT 10.0 P MGD SVR RNWL ESS S;AE CCS STD MOD ESM AGT 10.0 P MGD SVR RNWL ESS S;;;;79;;
1;3;2094;1;235,3113;191,31;REW CCS PMOD ESM SVR AGT 10.0 PER MGD SVR BAS A;20998912;;REW CCS PMOD ESM SVR AGT 10.0 PER MGD SVR BAS A;REW CCS PMOD ESM SVR AGT 10.0 PER MGD SVR BAS A;REW CCS PMOD ESM SVR AGT 10.0 PER MGD SVR BAS A;REW CCS PMOD ESM SVR AGT 10.0 PER MGD SVR BAS A;;;;79;;
1;3;2094;1;1023,1017;831,79;REW CCS PMOD ESM SVR AGT 10.0 P MGD SVR STD LIC A;20998913;;REW CCS PMOD ESM SVR AGT 10.0 P MGD SVR STD LIC A;REW CCS PMOD ESM SVR AGT 10.0 P MGD SVR STD LIC A;REW CCS PMOD ESM SVR AGT 10.0 P MGD SVR STD LIC A;REW CCS PMOD ESM SVR AGT 10.0 P MGD SVR STD LIC A;;;;79;;
1;3;2094;1;235,3113;191,31;REW CCS PMOD ESM SVR AGT 10.0 PER MGD SVR BAS B;20998914;;REW CCS PMOD ESM SVR AGT 10.0 PER MGD SVR BAS B;REW CCS PMOD ESM SVR AGT 10.0 PER MGD SVR BAS B;REW CCS PMOD ESM SVR AGT 10.0 PER MGD SVR BAS B;REW CCS PMOD ESM SVR AGT 10.0 PER MGD SVR BAS B;;;;79;;
1;3;2094;1;230,6127;187,49;GOV CCS MOD ESM SVR AGT 10.0 P MGD SVR BAS S;20998916;;GOV CCS MOD ESM SVR AGT 10.0 P MGD SVR BAS S;GOV CCS MOD ESM SVR AGT 10.0 P MGD SVR BAS S;GOV CCS MOD ESM SVR AGT 10.0 P MGD SVR BAS S;GOV CCS MOD ESM SVR AGT 10.0 P MGD SVR BAS S;;;;79;;
1;3;2094;1;280,7475;228,25;GOV CCS MOD ESM SVR AGT 10.0 P MGD SVR ESS S;20998917;;GOV CCS MOD ESM SVR AGT 10.0 P MGD SVR ESS S;GOV CCS MOD ESM SVR AGT 10.0 P MGD SVR ESS S;GOV CCS MOD ESM SVR AGT 10.0 P MGD SVR ESS S;GOV CCS MOD ESM SVR AGT 10.0 P MGD SVR ESS S;;;;79;;
1;3;2094;1;196,0251;159,37;REW CCS PMOD ESM SVR AGT 10.0 P MGD SVR RNWL BAS D;20998918;;REW CCS PMOD ESM SVR AGT 10.0 P MGD SVR RNWL BAS D;REW CCS PMOD ESM SVR AGT 10.0 P MGD SVR RNWL BAS D;REW CCS PMOD ESM SVR AGT 10.0 P MGD SVR RNWL BAS D;REW CCS PMOD ESM SVR AGT 10.0 P MGD SVR RNWL BAS D;;;;79;;
1;3;2094;1;192,1014;156,18;REW CCS PMOD ESM SVR AGT 10.0 P MGD SVR RNWL BAS E;20998919;;REW CCS PMOD ESM SVR AGT 10.0 P MGD SVR RNWL BAS E;REW CCS PMOD ESM SVR AGT 10.0 P MGD SVR RNWL BAS E;REW CCS PMOD ESM SVR AGT 10.0 P MGD SVR RNWL BAS E;REW CCS PMOD ESM SVR AGT 10.0 P MGD SVR RNWL BAS E;;;;79;;
1;3;2094;1;233,8599;190,13;REW CCS PMOD ESM SVR AGT 10.0 P MGD SVR RNWL ESS E;20998921;;REW CCS PMOD ESM SVR AGT 10.0 P MGD SVR RNWL ESS E;REW CCS PMOD ESM SVR AGT 10.0 P MGD SVR RNWL ESS E;REW CCS PMOD ESM SVR AGT 10.0 P MGD SVR RNWL ESS E;REW CCS PMOD ESM SVR AGT 10.0 P MGD SVR RNWL ESS E;;;;79;;
1;3;2094;1;243,5031;197,97;REW CCS PMOD ESM SVR AGT 10.0 P MGD SVR RNWL ESS C;20998922;;REW CCS PMOD ESM SVR AGT 10.0 P MGD SVR RNWL ESS C;REW CCS PMOD ESM SVR AGT 10.0 P MGD SVR RNWL ESS C;REW CCS PMOD ESM SVR AGT 10.0 P MGD SVR RNWL ESS C;REW CCS PMOD ESM SVR AGT 10.0 P MGD SVR RNWL ESS C;;;;79;;
1;3;2094;1;286,467;232,9;EXP CCS MOD ESM SVR AGT 10.0 P MGD SVR RNWL ESS S;20998923;;EXP CCS MOD ESM SVR AGT 10.0 P MGD SVR RNWL ESS S;EXP CCS MOD ESM SVR AGT 10.0 P MGD SVR RNWL ESS S;EXP CCS MOD ESM SVR AGT 10.0 P MGD SVR RNWL ESS S;EXP CCS MOD ESM SVR AGT 10.0 P MGD SVR RNWL ESS S;;;;79;;
1;3;2094;1;512,1228;416,36;REW CCS PMOD ESM SVR MGR 10.0 PER MGD SVR BAS A;20998924;;REW CCS PMOD ESM SVR MGR 10.0 PER MGD SVR BAS A;REW CCS PMOD ESM SVR MGR 10.0 PER MGD SVR BAS A;REW CCS PMOD ESM SVR MGR 10.0 PER MGD SVR BAS A;REW CCS PMOD ESM SVR MGR 10.0 PER MGD SVR BAS A;;;;79;;
1;3;2094;1;512,1228;416,36;REW CCS PMOD ESM SVR MGR 10.0 PER MGD SVR BAS B;20998925;;REW CCS PMOD ESM SVR MGR 10.0 PER MGD SVR BAS B;REW CCS PMOD ESM SVR MGR 10.0 PER MGD SVR BAS B;REW CCS PMOD ESM SVR MGR 10.0 PER MGD SVR BAS B;REW CCS PMOD ESM SVR MGR 10.0 PER MGD SVR BAS B;;;;79;;
1;3;2094;1;612,909;498,3;CCS STDS MOD ESM MGR 10.0MGD BAS VPA;20998926;;CCS STDS MOD ESM MGR 10.0MGD BAS VPA;CCS STDS MOD ESM MGR 10.0MGD BAS VPA;CCS STDS MOD ESM MGR 10.0MGD BAS VPA;CCS STDS MOD ESM MGR 10.0MGD BAS VPA;;;;79;;
1;3;2094;1;512,1228;416,36;EXP CCS MOD ESM SVR MGR 10.0 PER MGD SVR BAS S;20998927;;EXP CCS MOD ESM SVR MGR 10.0 PER MGD SVR BAS S;EXP CCS MOD ESM SVR MGR 10.0 PER MGD SVR BAS S;EXP CCS MOD ESM SVR MGR 10.0 PER MGD SVR BAS S;EXP CCS MOD ESM SVR MGR 10.0 PER MGD SVR BAS S;;;;79;;
1;3;2094;1;435,3093;353,91;REW CCS PMOD ESM SVR MGR 10.0 P MGD SVR RNWL BAS C;20998928;;REW CCS PMOD ESM SVR MGR 10.0 P MGD SVR RNWL BAS C;REW CCS PMOD ESM SVR MGR 10.0 P MGD SVR RNWL BAS C;REW CCS PMOD ESM SVR MGR 10.0 P MGD SVR RNWL BAS C;REW CCS PMOD ESM SVR MGR 10.0 P MGD SVR RNWL BAS C;;;;79;;
1;3;2094;1;426,6009;346,83;REW CCS PMOD ESM SVR MGR 10.0 P MGD SVR RNWL BAS D;20998929;;REW CCS PMOD ESM SVR MGR 10.0 P MGD SVR RNWL BAS D;REW CCS PMOD ESM SVR MGR 10.0 P MGD SVR RNWL BAS D;REW CCS PMOD ESM SVR MGR 10.0 P MGD SVR RNWL BAS D;REW CCS PMOD ESM SVR MGR 10.0 P MGD SVR RNWL BAS D;;;;79;;
1;3;2094;1;2182,1061;1774,07;GOV CCS MOD ESM SVR MGR 10.0 P MGD SVR STD LIC S;20998930;;GOV CCS MOD ESM SVR MGR 10.0 P MGD SVR STD LIC S;GOV CCS MOD ESM SVR MGR 10.0 P MGD SVR STD LIC S;GOV CCS MOD ESM SVR MGR 10.0 P MGD SVR STD LIC S;GOV CCS MOD ESM SVR MGR 10.0 P MGD SVR STD LIC S;;;;79;;
1;3;2094;1;529,9332;430,84;REW CCS PMOD ESM SVR MGR 10.0 P MGD SVR RNWL ESS C;20998931;;REW CCS PMOD ESM SVR MGR 10.0 P MGD SVR RNWL ESS C;REW CCS PMOD ESM SVR MGR 10.0 P MGD SVR RNWL ESS C;REW CCS PMOD ESM SVR MGR 10.0 P MGD SVR RNWL ESS C;REW CCS PMOD ESM SVR MGR 10.0 P MGD SVR RNWL ESS C;;;;79;;
1;3;2094;1;2226,6321;1810,27;EXP CCS MOD ESM SVR MGR 10.0 P MGD SVR STD LIC S;20998932;;EXP CCS MOD ESM SVR MGR 10.0 P MGD SVR STD LIC S;EXP CCS MOD ESM SVR MGR 10.0 P MGD SVR STD LIC S;EXP CCS MOD ESM SVR MGR 10.0 P MGD SVR STD LIC S;EXP CCS MOD ESM SVR MGR 10.0 P MGD SVR STD LIC S;;;;79;;
1;3;2094;1;1781,3106;1448,22;AE CCS STD MOD ESM MGR 10.0 P MGD SVR STD LIC S;20998933;;AE CCS STD MOD ESM MGR 10.0 P MGD SVR STD LIC S;AE CCS STD MOD ESM MGR 10.0 P MGD SVR STD LIC S;AE CCS STD MOD ESM MGR 10.0 P MGD SVR STD LIC S;AE CCS STD MOD ESM MGR 10.0 P MGD SVR STD LIC S;;;;79;;
1;3;2094;1;418,077;339,9;REW CCS PMOD ESM SVR MGR 10.0 PER MGD SVR BAS E;20998934;;REW CCS PMOD ESM SVR MGR 10.0 PER MGD SVR BAS E;REW CCS PMOD ESM SVR MGR 10.0 PER MGD SVR BAS E;REW CCS PMOD ESM SVR MGR 10.0 PER MGD SVR BAS E;REW CCS PMOD ESM SVR MGR 10.0 PER MGD SVR BAS E;;;;79;;
1;3;2094;1;409,713;333,1;AE CCS STD MOD ESM MGR 10.0 PER MGD SVR BAS S;20998935;;AE CCS STD MOD ESM MGR 10.0 PER MGD SVR BAS S;AE CCS STD MOD ESM MGR 10.0 PER MGD SVR BAS S;AE CCS STD MOD ESM MGR 10.0 PER MGD SVR BAS S;AE CCS STD MOD ESM MGR 10.0 PER MGD SVR BAS S;;;;79;;
1;3;2094;1;508,9617;413,79;REW CCS PMOD ESM SVR MGR 10.0 PER MGD SVR ESS E;20998936;;REW CCS PMOD ESM SVR MGR 10.0 PER MGD SVR ESS E;REW CCS PMOD ESM SVR MGR 10.0 PER MGD SVR ESS E;REW CCS PMOD ESM SVR MGR 10.0 PER MGD SVR ESS E;REW CCS PMOD ESM SVR MGR 10.0 PER MGD SVR ESS E;;;;79;;
1;3;2094;1;746,1426;606,62;CCS STDS MOD ESM MGR 10.0MGD ESS VPA;20998937;;CCS STDS MOD ESM MGR 10.0MGD ESS VPA;CCS STDS MOD ESM MGR 10.0MGD ESS VPA;CCS STDS MOD ESM MGR 10.0MGD ESS VPA;CCS STDS MOD ESM MGR 10.0MGD ESS VPA;;;;79;;
1;3;2094;1;519,3429;422,23;REW CCS PMOD ESM SVR MGR 10.0 P MGD SVR RNWL ESS D;20998939;;REW CCS PMOD ESM SVR MGR 10.0 P MGD SVR RNWL ESS D;REW CCS PMOD ESM SVR MGR 10.0 P MGD SVR RNWL ESS D;REW CCS PMOD ESM SVR MGR 10.0 P MGD SVR RNWL ESS D;REW CCS PMOD ESM SVR MGR 10.0 P MGD SVR RNWL ESS D;;;;79;;
1;3;2094;1;623,4624;506,88;EXP CCS MOD ESM SVR MGR 10.0 P MGD SVR RNWL ESS S;20998940;;EXP CCS MOD ESM SVR MGR 10.0 P MGD SVR RNWL ESS S;EXP CCS MOD ESM SVR MGR 10.0 P MGD SVR RNWL ESS S;EXP CCS MOD ESM SVR MGR 10.0 P MGD SVR RNWL ESS S;EXP CCS MOD ESM SVR MGR 10.0 P MGD SVR RNWL ESS S;;;;79;;
1;3;2094;1;2664,795;2166,5;CCS STDS MOD ESM MGR 10.0MGD STD LIC VPA;20998941;;CCS STDS MOD ESM MGR 10.0MGD STD LIC VPA;CCS STDS MOD ESM MGR 10.0MGD STD LIC VPA;CCS STDS MOD ESM MGR 10.0MGD STD LIC VPA;CCS STDS MOD ESM MGR 10.0MGD STD LIC VPA;;;;79;;
1;3;2094;1;501,8892;408,04;GOV CCS MOD ESM SVR MGR 10.0 P MGD SVR BAS S;20998943;;GOV CCS MOD ESM SVR MGR 10.0 P MGD SVR BAS S;GOV CCS MOD ESM SVR MGR 10.0 P MGD SVR BAS S;GOV CCS MOD ESM SVR MGR 10.0 P MGD SVR BAS S;GOV CCS MOD ESM SVR MGR 10.0 P MGD SVR BAS S;;;;79;;
1;3;2094;1;519,3429;422,23;REW CCS PMOD ESM SVR MGR 10.0 PER MGD SVR ESS D;20998944;;REW CCS PMOD ESM SVR MGR 10.0 PER MGD SVR ESS D;REW CCS PMOD ESM SVR MGR 10.0 PER MGD SVR ESS D;REW CCS PMOD ESM SVR MGR 10.0 PER MGD SVR ESS D;REW CCS PMOD ESM SVR MGR 10.0 PER MGD SVR ESS D;;;;79;;
1;3;2094;1;623,4624;506,88;REW CCS PMOD ESM SVR MGR 10.0 P MGD SVR RNWL ESS B;20998945;;REW CCS PMOD ESM SVR MGR 10.0 P MGD SVR RNWL ESS B;REW CCS PMOD ESM SVR MGR 10.0 P MGD SVR RNWL ESS B;REW CCS PMOD ESM SVR MGR 10.0 P MGD SVR RNWL ESS B;REW CCS PMOD ESM SVR MGR 10.0 P MGD SVR RNWL ESS B;;;;79;;
1;3;2094;1;746,1426;606,62;CCS STDS MOD ESM MGR 10.0MGD RNW ESS VPA;20998946;;CCS STDS MOD ESM MGR 10.0MGD RNW ESS VPA;CCS STDS MOD ESM MGR 10.0MGD RNW ESS VPA;CCS STDS MOD ESM MGR 10.0MGD RNW ESS VPA;CCS STDS MOD ESM MGR 10.0MGD RNW ESS VPA;;;;79;;
1;3;2094;1;426,6009;346,83;REW CCS PMOD ESM SVR MGR 10.0 PER MGD SVR BAS D;20998947;;REW CCS PMOD ESM SVR MGR 10.0 PER MGD SVR BAS D;REW CCS PMOD ESM SVR MGR 10.0 PER MGD SVR BAS D;REW CCS PMOD ESM SVR MGR 10.0 PER MGD SVR BAS D;REW CCS PMOD ESM SVR MGR 10.0 PER MGD SVR BAS D;;;;79;;
1;3;2094;1;623,4624;506,88;REW CCS PMOD ESM SVR MGR 10.0 PER MGD SVR ESS A;20998948;;REW CCS PMOD ESM SVR MGR 10.0 PER MGD SVR ESS A;REW CCS PMOD ESM SVR MGR 10.0 PER MGD SVR ESS A;REW CCS PMOD ESM SVR MGR 10.0 PER MGD SVR ESS A;REW CCS PMOD ESM SVR MGR 10.0 PER MGD SVR ESS A;;;;79;;
1;3;2094;1;610,9902;496,74;GOV CCS MOD ESM SVR MGR 10.0 P MGD SVR RNWL ESS S;20998950;;GOV CCS MOD ESM SVR MGR 10.0 P MGD SVR RNWL ESS S;GOV CCS MOD ESM SVR MGR 10.0 P MGD SVR RNWL ESS S;GOV CCS MOD ESM SVR MGR 10.0 P MGD SVR RNWL ESS S;GOV CCS MOD ESM SVR MGR 10.0 P MGD SVR RNWL ESS S;;;;79;;
1;3;2094;1;1892,6379;1538,73;REW CCS PMOD ESM SVR MGR 10.0 P MGD SVR STD LIC C;20998951;;REW CCS PMOD ESM SVR MGR 10.0 P MGD SVR STD LIC C;REW CCS PMOD ESM SVR MGR 10.0 P MGD SVR STD LIC C;REW CCS PMOD ESM SVR MGR 10.0 P MGD SVR STD LIC C;REW CCS PMOD ESM SVR MGR 10.0 P MGD SVR STD LIC C;;;;79;;
1;3;2094;1;1854,7908;1507,96;REW CCS PMOD ESM SVR MGR 10.0 P MGD SVR STD LIC D;20998952;;REW CCS PMOD ESM SVR MGR 10.0 P MGD SVR STD LIC D;REW CCS PMOD ESM SVR MGR 10.0 P MGD SVR STD LIC D;REW CCS PMOD ESM SVR MGR 10.0 P MGD SVR STD LIC D;REW CCS PMOD ESM SVR MGR 10.0 P MGD SVR STD LIC D;;;;79;;
1;3;2094;1;435,3093;353,91;REW CCS PMOD ESM SVR MGR 10.0 PER MGD SVR BAS C;20998953;;REW CCS PMOD ESM SVR MGR 10.0 PER MGD SVR BAS C;REW CCS PMOD ESM SVR MGR 10.0 PER MGD SVR BAS C;REW CCS PMOD ESM SVR MGR 10.0 PER MGD SVR BAS C;REW CCS PMOD ESM SVR MGR 10.0 PER MGD SVR BAS C;;;;79;;
1;3;2094;1;418,077;339,9;REW CCS PMOD ESM SVR MGR 10.0 P MGD SVR RNWL BAS E;20998954;;REW CCS PMOD ESM SVR MGR 10.0 P MGD SVR RNWL BAS E;REW CCS PMOD ESM SVR MGR 10.0 P MGD SVR RNWL BAS E;REW CCS PMOD ESM SVR MGR 10.0 P MGD SVR RNWL BAS E;REW CCS PMOD ESM SVR MGR 10.0 P MGD SVR RNWL BAS E;;;;79;;
1;3;2094;1;623,4624;506,88;REW CCS PMOD ESM SVR MGR 10.0 P MGD SVR RNWL ESS A;20998955;;REW CCS PMOD ESM SVR MGR 10.0 P MGD SVR RNWL ESS A;REW CCS PMOD ESM SVR MGR 10.0 P MGD SVR RNWL ESS A;REW CCS PMOD ESM SVR MGR 10.0 P MGD SVR RNWL ESS A;REW CCS PMOD ESM SVR MGR 10.0 P MGD SVR RNWL ESS A;;;;79;;
1;3;2094;1;610,9902;496,74;GOV CCS MOD ESM SVR MGR 10.0 P MGD SVR ESS S;20998956;;GOV CCS MOD ESM SVR MGR 10.0 P MGD SVR ESS S;GOV CCS MOD ESM SVR MGR 10.0 P MGD SVR ESS S;GOV CCS MOD ESM SVR MGR 10.0 P MGD SVR ESS S;GOV CCS MOD ESM SVR MGR 10.0 P MGD SVR ESS S;;;;79;;
1;3;2094;1;512,1228;416,36;REW CCS PMOD ESM SVR MGR 10.0 P MGD SVR RNWL BAS A;20998957;;REW CCS PMOD ESM SVR MGR 10.0 P MGD SVR RNWL BAS A;REW CCS PMOD ESM SVR MGR 10.0 P MGD SVR RNWL BAS A;REW CCS PMOD ESM SVR MGR 10.0 P MGD SVR RNWL BAS A;REW CCS PMOD ESM SVR MGR 10.0 P MGD SVR RNWL BAS A;;;;79;;
1;3;2094;1;612,909;498,3;CCS STDS MOD ESM MGR 10.0MGD RNW BAS VPA;20998958;;CCS STDS MOD ESM MGR 10.0MGD RNW BAS VPA;CCS STDS MOD ESM MGR 10.0MGD RNW BAS VPA;CCS STDS MOD ESM MGR 10.0MGD RNW BAS VPA;CCS STDS MOD ESM MGR 10.0MGD RNW BAS VPA;;;;79;;
1;3;2094;1;512,1228;416,36;EXP CCS MOD ESM SVR MGR 10.0 P MGD SVR RNWL BAS S;20998960;;EXP CCS MOD ESM SVR MGR 10.0 P MGD SVR RNWL BAS S;EXP CCS MOD ESM SVR MGR 10.0 P MGD SVR RNWL BAS S;EXP CCS MOD ESM SVR MGR 10.0 P MGD SVR RNWL BAS S;EXP CCS MOD ESM SVR MGR 10.0 P MGD SVR RNWL BAS S;;;;79;;
1;3;2094;1;2226,6321;1810,27;REW CCS PMOD ESM SVR MGR 10.0 P MGD SVR STD LIC A;20998961;;REW CCS PMOD ESM SVR MGR 10.0 P MGD SVR STD LIC A;REW CCS PMOD ESM SVR MGR 10.0 P MGD SVR STD LIC A;REW CCS PMOD ESM SVR MGR 10.0 P MGD SVR STD LIC A;REW CCS PMOD ESM SVR MGR 10.0 P MGD SVR STD LIC A;;;;79;;
1;3;2094;1;2226,6321;1810,27;REW CCS PMOD ESM SVR MGR 10.0 P MGD SVR STD LIC B;20998962;;REW CCS PMOD ESM SVR MGR 10.0 P MGD SVR STD LIC B;REW CCS PMOD ESM SVR MGR 10.0 P MGD SVR STD LIC B;REW CCS PMOD ESM SVR MGR 10.0 P MGD SVR STD LIC B;REW CCS PMOD ESM SVR MGR 10.0 P MGD SVR STD LIC B;;;;79;;
1;3;2094;1;623,4624;506,88;REW CCS PMOD ESM SVR MGR 10.0 PER MGD SVR ESS B;20998964;;REW CCS PMOD ESM SVR MGR 10.0 PER MGD SVR ESS B;REW CCS PMOD ESM SVR MGR 10.0 PER MGD SVR ESS B;REW CCS PMOD ESM SVR MGR 10.0 PER MGD SVR ESS B;REW CCS PMOD ESM SVR MGR 10.0 PER MGD SVR ESS B;;;;79;;
1;3;2094;1;498,7773;405,51;AE CCS STD MOD ESM MGR 10.0 PER MGD SVR ESS S;20998965;;AE CCS STD MOD ESM MGR 10.0 PER MGD SVR ESS S;AE CCS STD MOD ESM MGR 10.0 PER MGD SVR ESS S;AE CCS STD MOD ESM MGR 10.0 PER MGD SVR ESS S;AE CCS STD MOD ESM MGR 10.0 PER MGD SVR ESS S;;;;79;;
1;3;2094;1;501,8892;408,04;GOV CCS MOD ESM SVR MGR 10.0 P MGD SVR RNWL BAS S;20998966;;GOV CCS MOD ESM SVR MGR 10.0 P MGD SVR RNWL BAS S;GOV CCS MOD ESM SVR MGR 10.0 P MGD SVR RNWL BAS S;GOV CCS MOD ESM SVR MGR 10.0 P MGD SVR RNWL BAS S;GOV CCS MOD ESM SVR MGR 10.0 P MGD SVR RNWL BAS S;;;;79;;
1;3;2094;1;409,713;333,1;AE CCS STD MOD ESM MGR 10.0 P MGD SVR RNWL BAS S;20998967;;AE CCS STD MOD ESM MGR 10.0 P MGD SVR RNWL BAS S;AE CCS STD MOD ESM MGR 10.0 P MGD SVR RNWL BAS S;AE CCS STD MOD ESM MGR 10.0 P MGD SVR RNWL BAS S;AE CCS STD MOD ESM MGR 10.0 P MGD SVR RNWL BAS S;;;;79;;
1;3;2094;1;498,7773;405,51;AE CCS STD MOD ESM MGR 10.0 P MGD SVR RNWL ESS S;20998968;;AE CCS STD MOD ESM MGR 10.0 P MGD SVR RNWL ESS S;AE CCS STD MOD ESM MGR 10.0 P MGD SVR RNWL ESS S;AE CCS STD MOD ESM MGR 10.0 P MGD SVR RNWL ESS S;AE CCS STD MOD ESM MGR 10.0 P MGD SVR RNWL ESS S;;;;79;;
1;3;2094;1;1817,7063;1477,81;REW CCS PMOD ESM SVR MGR 10.0 P MGD SVR STD LIC E;20998969;;REW CCS PMOD ESM SVR MGR 10.0 P MGD SVR STD LIC E;REW CCS PMOD ESM SVR MGR 10.0 P MGD SVR STD LIC E;REW CCS PMOD ESM SVR MGR 10.0 P MGD SVR STD LIC E;REW CCS PMOD ESM SVR MGR 10.0 P MGD SVR STD LIC E;;;;79;;
1;3;2094;1;529,9332;430,84;REW CCS PMOD ESM SVR MGR 10.0 PER MGD SVR ESS C;20998970;;REW CCS PMOD ESM SVR MGR 10.0 PER MGD SVR ESS C;REW CCS PMOD ESM SVR MGR 10.0 PER MGD SVR ESS C;REW CCS PMOD ESM SVR MGR 10.0 PER MGD SVR ESS C;REW CCS PMOD ESM SVR MGR 10.0 PER MGD SVR ESS C;;;;79;;
1;3;2094;1;623,4624;506,88;EXP CCS MOD ESM SVR MGR 10.0 PER MGD SVR ESS S;20998971;;EXP CCS MOD ESM SVR MGR 10.0 PER MGD SVR ESS S;EXP CCS MOD ESM SVR MGR 10.0 PER MGD SVR ESS S;EXP CCS MOD ESM SVR MGR 10.0 PER MGD SVR ESS S;EXP CCS MOD ESM SVR MGR 10.0 PER MGD SVR ESS S;;;;79;;
1;3;2094;1;512,1228;416,36;REW CCS PMOD ESM SVR MGR 10.0 P MGD SVR RNWL BAS B;20998972;;REW CCS PMOD ESM SVR MGR 10.0 P MGD SVR RNWL BAS B;REW CCS PMOD ESM SVR MGR 10.0 P MGD SVR RNWL BAS B;REW CCS PMOD ESM SVR MGR 10.0 P MGD SVR RNWL BAS B;REW CCS PMOD ESM SVR MGR 10.0 P MGD SVR RNWL BAS B;;;;79;;
1;3;2094;1;508,9617;413,79;REW CCS PMOD ESM SVR MGR 10.0 P MGD SVR RNWL ESS E;20998973;;REW CCS PMOD ESM SVR MGR 10.0 P MGD SVR RNWL ESS E;REW CCS PMOD ESM SVR MGR 10.0 P MGD SVR RNWL ESS E;REW CCS PMOD ESM SVR MGR 10.0 P MGD SVR RNWL ESS E;REW CCS PMOD ESM SVR MGR 10.0 P MGD SVR RNWL ESS E;;;;79;;
1;3;2094;1;15,5718;12,66;ALTIRIS DEPLOYMENT SOLUTION FOR DELL SERVERS 7.1 WIN PER NODE RENEWAL BASIC 12 MONTHS REWARDS BAND D;21000042;;ALTIRIS DEPLOYMENT SOLUTION FOR DELL SERVERS 7.1 WIN PER NODE RENEWAL BASIC 12 MONTHS REWARDS BAND D;ALTIRIS DEPLOYMENT SOLUTION FOR DELL SERVERS 7.1 WIN PER NODE RENEWAL BASIC 12 MONTHS REWARDS BAND D;ALTIRIS DEPLOYMENT SOLUTION FOR DELL SERVERS 7.1 WIN PER NODE RENEWAL BASIC 12 MONTHS REWARDS BAND D;ALTIRIS DEPLOYMENT SOLUTION FOR DELL SERVERS 7.1 WIN PER NODE RENEWAL BASIC 12 MONTHS REWARDS BAND D;;;;79;;
1;3;2094;1;135,9519;110,53;REW 12MO RNWL DEPLOYMENT SOL F/ DELL SVR BLADES 7.1 WIN 10 ESS BD;21000115;;REW 12MO RNWL DEPLOYMENT SOL F/ DELL SVR BLADES 7.1 WIN 10 ESS BD;REW 12MO RNWL DEPLOYMENT SOL F/ DELL SVR BLADES 7.1 WIN 10 ESS BD;REW 12MO RNWL DEPLOYMENT SOL F/ DELL SVR BLADES 7.1 WIN 10 ESS BD;REW 12MO RNWL DEPLOYMENT SOL F/ DELL SVR BLADES 7.1 WIN 10 ESS BD;;;;79;;
1;3;2094;1;111,7455;90,85;REW ALTIRIS DEPLOY SOL DELL WIN10N RNWL BAS12M C;21000249;;REW ALTIRIS DEPLOY SOL DELL WIN10N RNWL BAS12M C;REW ALTIRIS DEPLOY SOL DELL WIN10N RNWL BAS12M C;REW ALTIRIS DEPLOY SOL DELL WIN10N RNWL BAS12M C;REW ALTIRIS DEPLOY SOL DELL WIN10N RNWL BAS12M C;;;;79;;
1;3;2094;1;831,4431;675,97;PROTECT STE ADV BUS ED 3.0 EN CD 10U BDL PK ESS;21001790;;PROTECT STE ADV BUS ED 3.0 EN CD 10U BDL PK ESS;PROTECT STE ADV BUS ED 3.0 EN CD 10U BDL PK ESS;PROTECT STE ADV BUS ED 3.0 EN CD 10U BDL PK ESS;PROTECT STE ADV BUS ED 3.0 EN CD 10U BDL PK ESS;;;;79;;
1;3;2094;1;1879,5753;1528,11;PROTECT STE ADV BUS ED 3.0 EN CD 25U BDL PK ESS;21001791;;PROTECT STE ADV BUS ED 3.0 EN CD 25U BDL PK ESS;PROTECT STE ADV BUS ED 3.0 EN CD 25U BDL PK ESS;PROTECT STE ADV BUS ED 3.0 EN CD 25U BDL PK ESS;PROTECT STE ADV BUS ED 3.0 EN CD 25U BDL PK ESS;;;;79;;
1;3;2094;1;437,8431;355,97;PROTECT STE ADV BUS ED 3.0 EN CD 5U BDL PK ESS;21001792;;PROTECT STE ADV BUS ED 3.0 EN CD 5U BDL PK ESS;PROTECT STE ADV BUS ED 3.0 EN CD 5U BDL PK ESS;PROTECT STE ADV BUS ED 3.0 EN CD 5U BDL PK ESS;PROTECT STE ADV BUS ED 3.0 EN CD 5U BDL PK ESS;;;;79;;
1;3;2094;1;#ARG!;E-mail;BRIGHTMAIL GTW SMALL BUS 9.0 250U LIC XSP ESS 36MO;21003621;;BRIGHTMAIL GTW SMALL BUS 9.0 250U LIC XSP ESS 36MO;BRIGHTMAIL GTW SMALL BUS 9.0 250U LIC XSP ESS 36MO;BRIGHTMAIL GTW SMALL BUS 9.0 250U LIC XSP ESS 36MO;BRIGHTMAIL GTW SMALL BUS 9.0 250U LIC XSP ESS 36MO;;;;79;;
1;3;2094;1;6,5067;5,29;SAV F CACHING 5.2 USER BAS VPA;21003797;;SAV F CACHING 5.2 USER BAS VPA;SAV F CACHING 5.2 USER BAS VPA;SAV F CACHING 5.2 USER BAS VPA;SAV F CACHING 5.2 USER BAS VPA;;;;79;;
1;3;2094;1;7,0848;5,76;SAV F CACHING 5.2 USER ESS VPA;21003798;;SAV F CACHING 5.2 USER ESS VPA;SAV F CACHING 5.2 USER ESS VPA;SAV F CACHING 5.2 USER ESS VPA;SAV F CACHING 5.2 USER ESS VPA;;;;79;;
1;3;2094;1;1,8327;1,49;SIM MNTRD WKST 4.7 P MGD DVC ESS VPA;21003799;;SIM MNTRD WKST 4.7 P MGD DVC ESS VPA;SIM MNTRD WKST 4.7 P MGD DVC ESS VPA;SIM MNTRD WKST 4.7 P MGD DVC ESS VPA;SIM MNTRD WKST 4.7 P MGD DVC ESS VPA;;;;79;;
1;3;2094;1;8,8314;7,18;SAVSE 5.2 BAS VPA;21003814;;SAVSE 5.2 BAS VPA;SAVSE 5.2 BAS VPA;SAVSE 5.2 BAS VPA;SAVSE 5.2 BAS VPA;;;;79;;
1;3;2094;1;9,6432;7,84;SAVSE 5.2 ESS VPA;21003815;;SAVSE 5.2 ESS VPA;SAVSE 5.2 ESS VPA;SAVSE 5.2 ESS VPA;SAVSE 5.2 ESS VPA;;;;79;;
1;3;2094;1;2710,0221;2203,27;SAVSE WEB SERVER 5.2 BAS VPA;21003816;;SAVSE WEB SERVER 5.2 BAS VPA;SAVSE WEB SERVER 5.2 BAS VPA;SAVSE WEB SERVER 5.2 BAS VPA;SAVSE WEB SERVER 5.2 BAS VPA;;;;79;;
1;3;2094;1;2956,3911;2403,57;SAVSE WEB SERVER 5.2 ESS VPA;21003817;;SAVSE WEB SERVER 5.2 ESS VPA;SAVSE WEB SERVER 5.2 ESS VPA;SAVSE WEB SERVER 5.2 ESS VPA;SAVSE WEB SERVER 5.2 ESS VPA;;;;79;;
1;3;2094;1;10573,4982;8596,34;SIM 4.7 P SVR BAS VPA;21003818;;SIM 4.7 P SVR BAS VPA;SIM 4.7 P SVR BAS VPA;SIM 4.7 P SVR BAS VPA;SIM 4.7 P SVR BAS VPA;;;;79;;
1;3;2094;1;12872,073;10465,1;SIM 4.7 P SVR ESS VPA;21003819;;SIM 4.7 P SVR ESS VPA;SIM 4.7 P SVR ESS VPA;SIM 4.7 P SVR ESS VPA;SIM 4.7 P SVR ESS VPA;;;;79;;
1;3;2094;1;60,2331;48,97;SIM MNTRD OR NODE 4.7MGD DVC BAS VPA;21003820;;SIM MNTRD OR NODE 4.7MGD DVC BAS VPA;SIM MNTRD OR NODE 4.7MGD DVC BAS VPA;SIM MNTRD OR NODE 4.7MGD DVC BAS VPA;SIM MNTRD OR NODE 4.7MGD DVC BAS VPA;;;;79;;
1;3;2094;1;73,3326;59,62;SIM MNTRD OR NODE 4.7MGD DVC ESS VPA;21003821;;SIM MNTRD OR NODE 4.7MGD DVC ESS VPA;SIM MNTRD OR NODE 4.7MGD DVC ESS VPA;SIM MNTRD OR NODE 4.7MGD DVC ESS VPA;SIM MNTRD OR NODE 4.7MGD DVC ESS VPA;;;;79;;
1;3;2094;1;1,5252;1,24;SIM MNTRD WKST 4.7 P MGD DVC BAS VPA;21003822;;SIM MNTRD WKST 4.7 P MGD DVC BAS VPA;SIM MNTRD WKST 4.7 P MGD DVC BAS VPA;SIM MNTRD WKST 4.7 P MGD DVC BAS VPA;SIM MNTRD WKST 4.7 P MGD DVC BAS VPA;;;;79;;
1;3;2094;1;8,7699;7,13;SAV 4.3 F MSFT ISA SVR BAS VPA;21003847;;SAV 4.3 F MSFT ISA SVR BAS VPA;SAV 4.3 F MSFT ISA SVR BAS VPA;SAV 4.3 F MSFT ISA SVR BAS VPA;SAV 4.3 F MSFT ISA SVR BAS VPA;;;;79;;
1;3;2094;1;4,0959;3,33;AV CLEARSWIFT 4.3 NODE BAS VPA;21003848;;AV CLEARSWIFT 4.3 NODE BAS VPA;AV CLEARSWIFT 4.3 NODE BAS VPA;AV CLEARSWIFT 4.3 NODE BAS VPA;AV CLEARSWIFT 4.3 NODE BAS VPA;;;;79;;
1;3;2094;1;4,4895;3,65;AV CLEARSWIFT 4.3 NODE ESS VPA;21003849;;AV CLEARSWIFT 4.3 NODE ESS VPA;AV CLEARSWIFT 4.3 NODE ESS VPA;AV CLEARSWIFT 4.3 NODE ESS VPA;AV CLEARSWIFT 4.3 NODE ESS VPA;;;;79;;
1;3;2094;1;8,2779;6,73;SAV F MESSAGING 5.2 USER BAS VPA;21003851;;SAV F MESSAGING 5.2 USER BAS VPA;SAV F MESSAGING 5.2 USER BAS VPA;SAV F MESSAGING 5.2 USER BAS VPA;SAV F MESSAGING 5.2 USER BAS VPA;;;;79;;
1;3;2094;1;13,9359;11,33;ENDPOINT EMBD 5.1 WIN USER BAS VPA;21003860;;ENDPOINT EMBD 5.1 WIN USER BAS VPA;ENDPOINT EMBD 5.1 WIN USER BAS VPA;ENDPOINT EMBD 5.1 WIN USER BAS VPA;ENDPOINT EMBD 5.1 WIN USER BAS VPA;;;;79;;
1;3;2094;1;15,1905;12,35;ENDPOINT EMBD 5.1 WIN USER ESS VPA;21003861;;ENDPOINT EMBD 5.1 WIN USER ESS VPA;ENDPOINT EMBD 5.1 WIN USER ESS VPA;ENDPOINT EMBD 5.1 WIN USER ESS VPA;ENDPOINT EMBD 5.1 WIN USER ESS VPA;;;;79;;
1;3;2094;1;9,0282;7,34;SAV F MESSAGING 5.2 USER ESS VPA;21003862;;SAV F MESSAGING 5.2 USER ESS VPA;SAV F MESSAGING 5.2 USER ESS VPA;SAV F MESSAGING 5.2 USER ESS VPA;SAV F MESSAGING 5.2 USER ESS VPA;;;;79;;
1;3;2094;1;7,1463;5,81;SAV FOR NAS 5.2 USR BAS 12 MONTHS VPA;21003863;;SAV FOR NAS 5.2 USR BAS 12 MONTHS VPA;SAV FOR NAS 5.2 USR BAS 12 MONTHS VPA;SAV FOR NAS 5.2 USR BAS 12 MONTHS VPA;SAV FOR NAS 5.2 USR BAS 12 MONTHS VPA;;;;79;;
1;3;2094;1;7,7736;6,32;SAV FOR NAS 5.2 USR ESS 12 MONTHS VPA;21003864;;SAV FOR NAS 5.2 USR ESS 12 MONTHS VPA;SAV FOR NAS 5.2 USR ESS 12 MONTHS VPA;SAV FOR NAS 5.2 USR ESS 12 MONTHS VPA;SAV FOR NAS 5.2 USR ESS 12 MONTHS VPA;;;;79;;
1;3;2094;1;10,8855;8,85;CLT SEC NOKIA 3.0 DVC BAS S VPA;21003865;;CLT SEC NOKIA 3.0 DVC BAS S VPA;CLT SEC NOKIA 3.0 DVC BAS S VPA;CLT SEC NOKIA 3.0 DVC BAS S VPA;CLT SEC NOKIA 3.0 DVC BAS S VPA;;;;79;;
1;3;2094;1;11,8572;9,64;CLT SEC NOKIA 3.0 DVC ESS S VPA;21003866;;CLT SEC NOKIA 3.0 DVC ESS S VPA;CLT SEC NOKIA 3.0 DVC ESS S VPA;CLT SEC NOKIA 3.0 DVC ESS S VPA;CLT SEC NOKIA 3.0 DVC ESS S VPA;;;;79;;
1;3;2094;1;7,8351;6,37;CRITICAL PROTEC 5.2 BNDL UG LIC VPA ESS;21003871;;CRITICAL PROTEC 5.2 BNDL UG LIC VPA ESS;CRITICAL PROTEC 5.2 BNDL UG LIC VPA ESS;CRITICAL PROTEC 5.2 BNDL UG LIC VPA ESS;CRITICAL PROTEC 5.2 BNDL UG LIC VPA ESS;;;;79;;
1;3;2094;1;9,5448;7,76;CRITICAL PROTEC 5.2 BNDL UG LIC VPA BAS;21003872;;CRITICAL PROTEC 5.2 BNDL UG LIC VPA BAS;CRITICAL PROTEC 5.2 BNDL UG LIC VPA BAS;CRITICAL PROTEC 5.2 BNDL UG LIC VPA BAS;CRITICAL PROTEC 5.2 BNDL UG LIC VPA BAS;;;;79;;
1;3;2094;1;254,733;207,1;CRITICAL SYS PROTEC 5.2 MAINT VPA BAS;21003873;;CRITICAL SYS PROTEC 5.2 MAINT VPA BAS;CRITICAL SYS PROTEC 5.2 MAINT VPA BAS;CRITICAL SYS PROTEC 5.2 MAINT VPA BAS;CRITICAL SYS PROTEC 5.2 MAINT VPA BAS;;;;79;;
1;3;2094;1;310,1322;252,14;CRITICAL SYS PROTEC 5.2 MAINT VPA ESS;21003874;;CRITICAL SYS PROTEC 5.2 MAINT VPA ESS;CRITICAL SYS PROTEC 5.2 MAINT VPA ESS;CRITICAL SYS PROTEC 5.2 MAINT VPA ESS;CRITICAL SYS PROTEC 5.2 MAINT VPA ESS;;;;79;;
1;3;2094;1;8,0442;6,54;SAV 4.3 F MSFT ISA SVR ESS VPA;21003906;;SAV 4.3 F MSFT ISA SVR ESS VPA;SAV 4.3 F MSFT ISA SVR ESS VPA;SAV 4.3 F MSFT ISA SVR ESS VPA;SAV 4.3 F MSFT ISA SVR ESS VPA;;;;79;;
1;3;2094;1;667,1643;542,41;NTWK ACS CTRL SCANNER 5.1 SVR BAS VPA;21003911;;NTWK ACS CTRL SCANNER 5.1 SVR BAS VPA;NTWK ACS CTRL SCANNER 5.1 SVR BAS VPA;NTWK ACS CTRL SCANNER 5.1 SVR BAS VPA;NTWK ACS CTRL SCANNER 5.1 SVR BAS VPA;;;;79;;
1;3;2094;1;812,2059;660,33;NTWK ACS CTRL SCANNER 5.1 SVR ESS VPA;21003912;;NTWK ACS CTRL SCANNER 5.1 SVR ESS VPA;NTWK ACS CTRL SCANNER 5.1 SVR ESS VPA;NTWK ACS CTRL SCANNER 5.1 SVR ESS VPA;NTWK ACS CTRL SCANNER 5.1 SVR ESS VPA;;;;79;;
1;3;2094;1;14,0712;11,44;SMS F DMNO 8.0 WIN PER USER BAS VPA;21003920;;SMS F DMNO 8.0 WIN PER USER BAS VPA;SMS F DMNO 8.0 WIN PER USER BAS VPA;SMS F DMNO 8.0 WIN PER USER BAS VPA;SMS F DMNO 8.0 WIN PER USER BAS VPA;;;;79;;
1;3;2094;1;15,3504;12,48;SMS F DMNO 8.0 WIN PER USER ESS VPA;21003921;;SMS F DMNO 8.0 WIN PER USER ESS VPA;SMS F DMNO 8.0 WIN PER USER ESS VPA;SMS F DMNO 8.0 WIN PER USER ESS VPA;SMS F DMNO 8.0 WIN PER USER ESS VPA;;;;79;;
1;3;2094;1;13,1487;10,69;MBL SEC STE F WINDOWS 5.1 WIN BAS VPA;21003924;;MBL SEC STE F WINDOWS 5.1 WIN BAS VPA;MBL SEC STE F WINDOWS 5.1 WIN BAS VPA;MBL SEC STE F WINDOWS 5.1 WIN BAS VPA;MBL SEC STE F WINDOWS 5.1 WIN BAS VPA;;;;79;;
1;3;2094;1;14,7846;12,02;MBL SEC STE F WINDOWS 5.1 WIN ESS VPA;21003925;;MBL SEC STE F WINDOWS 5.1 WIN ESS VPA;MBL SEC STE F WINDOWS 5.1 WIN ESS VPA;MBL SEC STE F WINDOWS 5.1 WIN ESS VPA;MBL SEC STE F WINDOWS 5.1 WIN ESS VPA;;;;79;;
1;3;2094;1;13,1487;10,69;MBL SEC STEWINDOWS 5.1 WIN RNW BAS VPA;21003926;;MBL SEC STEWINDOWS 5.1 WIN RNW BAS VPA;MBL SEC STEWINDOWS 5.1 WIN RNW BAS VPA;MBL SEC STEWINDOWS 5.1 WIN RNW BAS VPA;MBL SEC STEWINDOWS 5.1 WIN RNW BAS VPA;;;;79;;
1;3;2094;1;14,7846;12,02;MBL SEC STEWINDOWS 5.1 WIN RNW ESS VPA;21003927;;MBL SEC STEWINDOWS 5.1 WIN RNW ESS VPA;MBL SEC STEWINDOWS 5.1 WIN RNW ESS VPA;MBL SEC STEWINDOWS 5.1 WIN RNW ESS VPA;MBL SEC STEWINDOWS 5.1 WIN RNW ESS VPA;;;;79;;
1;3;2094;1;34,4154;27,98;MBL SEC 5.1 WIN BNDL STD LIC VPA ESS;21003952;;MBL SEC 5.1 WIN BNDL STD LIC VPA ESS;MBL SEC 5.1 WIN BNDL STD LIC VPA ESS;MBL SEC 5.1 WIN BNDL STD LIC VPA ESS;MBL SEC 5.1 WIN BNDL STD LIC VPA ESS;;;;79;;
1;3;2094;1;7,4415;6,05;AV CLEARSWIFT 4.3 BNDL STD LIC VPA BAS;21003953;;AV CLEARSWIFT 4.3 BNDL STD LIC VPA BAS;AV CLEARSWIFT 4.3 BNDL STD LIC VPA BAS;AV CLEARSWIFT 4.3 BNDL STD LIC VPA BAS;AV CLEARSWIFT 4.3 BNDL STD LIC VPA BAS;;;;79;;
1;3;2094;1;7,8105;6,35;AV CLEARSWIFT 4.3 BNDL STD LIC VPA ESS;21003954;;AV CLEARSWIFT 4.3 BNDL STD LIC VPA ESS;AV CLEARSWIFT 4.3 BNDL STD LIC VPA ESS;AV CLEARSWIFT 4.3 BNDL STD LIC VPA ESS;AV CLEARSWIFT 4.3 BNDL STD LIC VPA ESS;;;;79;;
1;3;2094;1;32,7672;26,64;MBL SEC 5.1 WIN BNDL STD LIC VPA BAS;21003955;;MBL SEC 5.1 WIN BNDL STD LIC VPA BAS;MBL SEC 5.1 WIN BNDL STD LIC VPA BAS;MBL SEC 5.1 WIN BNDL STD LIC VPA BAS;MBL SEC 5.1 WIN BNDL STD LIC VPA BAS;;;;79;;
1;3;2094;1;4106,6994;3338,78;SERVICEDESK 7.0 ADMIN 5 DAY TRAINING;21003963;;SERVICEDESK 7.0 ADMIN 5 DAY TRAINING;SERVICEDESK 7.0 ADMIN 5 DAY TRAINING;SERVICEDESK 7.0 ADMIN 5 DAY TRAINING;SERVICEDESK 7.0 ADMIN 5 DAY TRAINING;;;;79;;
1;3;2094;1;4106,6994;3338,78;ALTIRIS DEPLOYMENT SOL 7.1 ADMIN 5 DAY TRAIN;21005373;;ALTIRIS DEPLOYMENT SOL 7.1 ADMIN 5 DAY TRAIN;ALTIRIS DEPLOYMENT SOL 7.1 ADMIN 5 DAY TRAIN;ALTIRIS DEPLOYMENT SOL 7.1 ADMIN 5 DAY TRAIN;ALTIRIS DEPLOYMENT SOL 7.1 ADMIN 5 DAY TRAIN;;;;79;;
1;3;2094;1;938,6745;763,15;BE 2010 ADMIN WEB BASED TRAINING;21005395;;BE 2010 ADMIN WEB BASED TRAINING;BE 2010 ADMIN WEB BASED TRAINING;BE 2010 ADMIN WEB BASED TRAINING;BE 2010 ADMIN WEB BASED TRAINING;;;;79;;
1;3;2094;1;586,6731;476,97;BE SYS REC 2010 WIN ADMIN WEB BASED TRAIN;21005396;;BE SYS REC 2010 WIN ADMIN WEB BASED TRAIN;BE SYS REC 2010 WIN ADMIN WEB BASED TRAIN;BE SYS REC 2010 WIN ADMIN WEB BASED TRAIN;BE SYS REC 2010 WIN ADMIN WEB BASED TRAIN;;;;79;;
1;3;2094;1;2636,505;2143,5;SF CLUSTER FILE SYS 5.1FOR SOL3DAY TRAIN;21005735;;SF CLUSTER FILE SYS 5.1FOR SOL3DAY TRAIN;SF CLUSTER FILE SYS 5.1FOR SOL3DAY TRAIN;SF CLUSTER FILE SYS 5.1FOR SOL3DAY TRAIN;SF CLUSTER FILE SYS 5.1FOR SOL3DAY TRAIN;;;;79;;
1;3;2094;1;383,883;312,1;BE INFRSTRCTR MGR 12.5 WIN PER BAS VPA;21006744;;BE INFRSTRCTR MGR 12.5 WIN PER BAS VPA;BE INFRSTRCTR MGR 12.5 WIN PER BAS VPA;BE INFRSTRCTR MGR 12.5 WIN PER BAS VPA;BE INFRSTRCTR MGR 12.5 WIN PER BAS VPA;;;;79;;
1;3;2094;1;490,5117;398,79;BE INFRSTRCTR MGR 12.5 WIN PER ESS VPA;21006745;;BE INFRSTRCTR MGR 12.5 WIN PER ESS VPA;BE INFRSTRCTR MGR 12.5 WIN PER ESS VPA;BE INFRSTRCTR MGR 12.5 WIN PER ESS VPA;BE INFRSTRCTR MGR 12.5 WIN PER ESS VPA;;;;79;;
1;3;2094;1;2132,697;1733,9;BE INFRSTRCTR MGR 12.5 WIN PER LIC VPA;21006757;;BE INFRSTRCTR MGR 12.5 WIN PER LIC VPA;BE INFRSTRCTR MGR 12.5 WIN PER LIC VPA;BE INFRSTRCTR MGR 12.5 WIN PER LIC VPA;BE INFRSTRCTR MGR 12.5 WIN PER LIC VPA;;;;79;;
1;3;2094;1;383,883;312,1;BE INFRSTRCTR 12.5 WIN PER RNW BAS VPA;21007095;;BE INFRSTRCTR 12.5 WIN PER RNW BAS VPA;BE INFRSTRCTR 12.5 WIN PER RNW BAS VPA;BE INFRSTRCTR 12.5 WIN PER RNW BAS VPA;BE INFRSTRCTR 12.5 WIN PER RNW BAS VPA;;;;79;;
1;3;2094;1;490,5117;398,79;BE INFRSTRCTR 12.5 WIN PER RNW ESS VPA;21007426;;BE INFRSTRCTR 12.5 WIN PER RNW ESS VPA;BE INFRSTRCTR 12.5 WIN PER RNW ESS VPA;BE INFRSTRCTR 12.5 WIN PER RNW ESS VPA;BE INFRSTRCTR 12.5 WIN PER RNW ESS VPA;;;;79;;
1;3;2094;1;2516,58;2046;BE INFRSTRCTR 12.5 PER BNDL LIC VPA BAS;21007771;;BE INFRSTRCTR 12.5 PER BNDL LIC VPA BAS;BE INFRSTRCTR 12.5 PER BNDL LIC VPA BAS;BE INFRSTRCTR 12.5 PER BNDL LIC VPA BAS;BE INFRSTRCTR 12.5 PER BNDL LIC VPA BAS;;;;79;;
1;3;2094;1;2623,2087;2132,69;BE INFRSTRCTR 12.5 PER BNDL LIC VPA ESS;21007772;;BE INFRSTRCTR 12.5 PER BNDL LIC VPA ESS;BE INFRSTRCTR 12.5 PER BNDL LIC VPA ESS;BE INFRSTRCTR 12.5 PER BNDL LIC VPA ESS;BE INFRSTRCTR 12.5 PER BNDL LIC VPA ESS;;;;79;;
1;3;2094;1;170,2689;138,43;PROTEC EDFSVRS3.0PSVR RNW BAS12MOACD-S;21015084;;PROTEC EDFSVRS3.0PSVR RNW BAS12MOACD-S;PROTEC EDFSVRS3.0PSVR RNW BAS12MOACD-S;PROTEC EDFSVRS3.0PSVR RNW BAS12MOACD-S;PROTEC EDFSVRS3.0PSVR RNW BAS12MOACD-S;;;;79;;
1;3;2094;1;212,8515;173,05;EXP PROTECT ENT SVR 3.0 P RNWL BAS 12M S;21015085;;EXP PROTECT ENT SVR 3.0 P RNWL BAS 12M S;EXP PROTECT ENT SVR 3.0 P RNWL BAS 12M S;EXP PROTECT ENT SVR 3.0 P RNWL BAS 12M S;EXP PROTECT ENT SVR 3.0 P RNWL BAS 12M S;;;;79;;
1;3;2094;1;253,9458;206,46;GOV PROTECT ENT SVR 3.0 P RNWL ESS 12M S;21015086;;GOV PROTECT ENT SVR 3.0 P RNWL ESS 12M S;GOV PROTECT ENT SVR 3.0 P RNWL ESS 12M S;GOV PROTECT ENT SVR 3.0 P RNWL ESS 12M S;GOV PROTECT ENT SVR 3.0 P RNWL ESS 12M S;;;;79;;
1;3;2094;1;906,9282;737,34;GOV PROTECT ENT SVR 3.0 P BDL MULTI LIC S BAS 12M;21015087;;GOV PROTECT ENT SVR 3.0 P BDL MULTI LIC S BAS 12M;GOV PROTECT ENT SVR 3.0 P BDL MULTI LIC S BAS 12M;GOV PROTECT ENT SVR 3.0 P BDL MULTI LIC S BAS 12M;GOV PROTECT ENT SVR 3.0 P BDL MULTI LIC S BAS 12M;;;;79;;
1;3;2094;1;925,4274;752,38;EXP PROTECT ENT SVR 3.0 P BDL MULTI LIC S BAS 12M;21015088;;EXP PROTECT ENT SVR 3.0 P BDL MULTI LIC S BAS 12M;EXP PROTECT ENT SVR 3.0 P BDL MULTI LIC S BAS 12M;EXP PROTECT ENT SVR 3.0 P BDL MULTI LIC S BAS 12M;EXP PROTECT ENT SVR 3.0 P BDL MULTI LIC S BAS 12M;;;;79;;
1;3;2094;1;740,3493;601,91;AE PROTECT ENT SVR 3.0 BDL MULTI LIC S BAS 12M;21015089;;AE PROTECT ENT SVR 3.0 BDL MULTI LIC S BAS 12M;AE PROTECT ENT SVR 3.0 BDL MULTI LIC S BAS 12M;AE PROTECT ENT SVR 3.0 BDL MULTI LIC S BAS 12M;AE PROTECT ENT SVR 3.0 BDL MULTI LIC S BAS 12M;;;;79;;
1;3;2094;1;952,2906;774,22;GOV PROTECT ENT SVR 3.0 P BDL MULTI LIC S ESS 12M;21015090;;GOV PROTECT ENT SVR 3.0 P BDL MULTI LIC S ESS 12M;GOV PROTECT ENT SVR 3.0 P BDL MULTI LIC S ESS 12M;GOV PROTECT ENT SVR 3.0 P BDL MULTI LIC S ESS 12M;GOV PROTECT ENT SVR 3.0 P BDL MULTI LIC S ESS 12M;;;;79;;
1;3;2094;1;725,5401;589,87;GOV PROTECT ENT SVR 3.0 P BDL VU MULTI LIC S BAS12M;21015091;;GOV PROTECT ENT SVR 3.0 P BDL VU MULTI LIC S BAS12M;GOV PROTECT ENT SVR 3.0 P BDL VU MULTI LIC S BAS12M;GOV PROTECT ENT SVR 3.0 P BDL VU MULTI LIC S BAS12M;GOV PROTECT ENT SVR 3.0 P BDL VU MULTI LIC S BAS12M;;;;79;;
1;3;2094;1;592,2819;481,53;AE PROTECT ENT SVR 3.0 BDL VU MULTI LIC S BAS12M;21015092;;AE PROTECT ENT SVR 3.0 BDL VU MULTI LIC S BAS12M;AE PROTECT ENT SVR 3.0 BDL VU MULTI LIC S BAS12M;AE PROTECT ENT SVR 3.0 BDL VU MULTI LIC S BAS12M;AE PROTECT ENT SVR 3.0 BDL VU MULTI LIC S BAS12M;;;;79;;
1;3;2094;1;777,36;632;AE PROTECT ENT SVR 3.0 BDL MULTI LIC S ESS 12M;21015093;;AE PROTECT ENT SVR 3.0 BDL MULTI LIC S ESS 12M;AE PROTECT ENT SVR 3.0 BDL MULTI LIC S ESS 12M;AE PROTECT ENT SVR 3.0 BDL MULTI LIC S ESS 12M;AE PROTECT ENT SVR 3.0 BDL MULTI LIC S ESS 12M;;;;79;;
1;3;2094;1;770,9025;626,75;GOV PROTECT ENT SVR 3.0 P BDL VU MULTI LIC S ESS12M;21015094;;GOV PROTECT ENT SVR 3.0 P BDL VU MULTI LIC S ESS12M;GOV PROTECT ENT SVR 3.0 P BDL VU MULTI LIC S ESS12M;GOV PROTECT ENT SVR 3.0 P BDL VU MULTI LIC S ESS12M;GOV PROTECT ENT SVR 3.0 P BDL VU MULTI LIC S ESS12M;;;;79;;
1;3;2094;1;971,7123;790,01;EXP PROTECT ENT SVR 3.0 P BDL MULTI LIC S ESS 12M;21015095;;EXP PROTECT ENT SVR 3.0 P BDL MULTI LIC S ESS 12M;EXP PROTECT ENT SVR 3.0 P BDL MULTI LIC S ESS 12M;EXP PROTECT ENT SVR 3.0 P BDL MULTI LIC S ESS 12M;EXP PROTECT ENT SVR 3.0 P BDL MULTI LIC S ESS 12M;;;;79;;
1;3;2094;1;740,3493;601,91;EXP PROTECT ENT SVR 3.0 P BDL VU MULTI LIC S BAS12M;21015096;;EXP PROTECT ENT SVR 3.0 P BDL VU MULTI LIC S BAS12M;EXP PROTECT ENT SVR 3.0 P BDL VU MULTI LIC S BAS12M;EXP PROTECT ENT SVR 3.0 P BDL VU MULTI LIC S BAS12M;EXP PROTECT ENT SVR 3.0 P BDL VU MULTI LIC S BAS12M;;;;79;;
1;3;2094;1;498,8142;405,54;GOV PROTECT ENT SVR 3.0 P BDL CU MULTI LIC S BAS12M;21015097;;GOV PROTECT ENT SVR 3.0 P BDL CU MULTI LIC S BAS12M;GOV PROTECT ENT SVR 3.0 P BDL CU MULTI LIC S BAS12M;GOV PROTECT ENT SVR 3.0 P BDL CU MULTI LIC S BAS12M;GOV PROTECT ENT SVR 3.0 P BDL CU MULTI LIC S BAS12M;;;;79;;
1;3;2094;1;444,2145;361,15;AE PROTECT ENT SVR 3.0 BDL CU MULTI LIC S ESS12M;21015098;;AE PROTECT ENT SVR 3.0 BDL CU MULTI LIC S ESS12M;AE PROTECT ENT SVR 3.0 BDL CU MULTI LIC S ESS12M;AE PROTECT ENT SVR 3.0 BDL CU MULTI LIC S ESS12M;AE PROTECT ENT SVR 3.0 BDL CU MULTI LIC S ESS12M;;;;79;;
1;3;2094;1;786,6219;639,53;EXP PROTECT ENT SVR 3.0 P BDL VU MULTI LIC S ESS12M;21015099;;EXP PROTECT ENT SVR 3.0 P BDL VU MULTI LIC S ESS12M;EXP PROTECT ENT SVR 3.0 P BDL VU MULTI LIC S ESS12M;EXP PROTECT ENT SVR 3.0 P BDL VU MULTI LIC S ESS12M;EXP PROTECT ENT SVR 3.0 P BDL VU MULTI LIC S ESS12M;;;;79;;
1;3;2094;1;629,2926;511,62;AE PROTECT ENT SVR 3.0 BDL VU MULTI LIC S ESS12M;21015100;;AE PROTECT ENT SVR 3.0 BDL VU MULTI LIC S ESS12M;AE PROTECT ENT SVR 3.0 BDL VU MULTI LIC S ESS12M;AE PROTECT ENT SVR 3.0 BDL VU MULTI LIC S ESS12M;AE PROTECT ENT SVR 3.0 BDL VU MULTI LIC S ESS12M;;;;79;;
1;3;2094;1;508,9863;413,81;EXP PROTECT ENT SVR 3.0 P BDL CU MULTI LIC S BAS12M;21015101;;EXP PROTECT ENT SVR 3.0 P BDL CU MULTI LIC S BAS12M;EXP PROTECT ENT SVR 3.0 P BDL CU MULTI LIC S BAS12M;EXP PROTECT ENT SVR 3.0 P BDL CU MULTI LIC S BAS12M;EXP PROTECT ENT SVR 3.0 P BDL CU MULTI LIC S BAS12M;;;;79;;
1;3;2094;1;407,1915;331,05;AE PROTECT ENT SVR 3.0 BDL CU MULTI LIC S BAS12M;21015102;;AE PROTECT ENT SVR 3.0 BDL CU MULTI LIC S BAS12M;AE PROTECT ENT SVR 3.0 BDL CU MULTI LIC S BAS12M;AE PROTECT ENT SVR 3.0 BDL CU MULTI LIC S BAS12M;AE PROTECT ENT SVR 3.0 BDL CU MULTI LIC S BAS12M;;;;79;;
1;3;2094;1;544,152;442,4;GOV PROTECT ENT SVR 3.0 P BDL CU MULTI LIC S ESS12M;21015103;;GOV PROTECT ENT SVR 3.0 P BDL CU MULTI LIC S ESS12M;GOV PROTECT ENT SVR 3.0 P BDL CU MULTI LIC S ESS12M;GOV PROTECT ENT SVR 3.0 P BDL CU MULTI LIC S ESS12M;GOV PROTECT ENT SVR 3.0 P BDL CU MULTI LIC S ESS12M;;;;79;;
1;3;2094;1;555,2712;451,44;EXP PROTECT ENT SVR 3.0 P BDL CU MULTI LIC S ESS12M;21015104;;EXP PROTECT ENT SVR 3.0 P BDL CU MULTI LIC S ESS12M;EXP PROTECT ENT SVR 3.0 P BDL CU MULTI LIC S ESS12M;EXP PROTECT ENT SVR 3.0 P BDL CU MULTI LIC S ESS12M;EXP PROTECT ENT SVR 3.0 P BDL CU MULTI LIC S ESS12M;;;;79;;
1;3;2094;1;259,1241;210,67;PROTEC ENT EDFSVRS3.0PSVR ESS 12MO EXP-S;21015105;;PROTEC ENT EDFSVRS3.0PSVR ESS 12MO EXP-S;PROTEC ENT EDFSVRS3.0PSVR ESS 12MO EXP-S;PROTEC ENT EDFSVRS3.0PSVR ESS 12MO EXP-S;PROTEC ENT EDFSVRS3.0PSVR ESS 12MO EXP-S;;;;79;;
1;3;2094;1;208,5957;169,59;PROTEC ENT EDFSVRS3.0PSVR BAS 12MO GOV-S;21015106;;PROTEC ENT EDFSVRS3.0PSVR BAS 12MO GOV-S;PROTEC ENT EDFSVRS3.0PSVR BAS 12MO GOV-S;PROTEC ENT EDFSVRS3.0PSVR BAS 12MO GOV-S;PROTEC ENT EDFSVRS3.0PSVR BAS 12MO GOV-S;;;;79;;
1;3;2094;1;170,2689;138,43;PROTEC ENT EDFSVRS3.0PSVR BAS 12MO ACD-S;21015107;;PROTEC ENT EDFSVRS3.0PSVR BAS 12MO ACD-S;PROTEC ENT EDFSVRS3.0PSVR BAS 12MO ACD-S;PROTEC ENT EDFSVRS3.0PSVR BAS 12MO ACD-S;PROTEC ENT EDFSVRS3.0PSVR BAS 12MO ACD-S;;;;79;;
1;3;2094;1;253,9458;206,46;PROTEC ENT EDFSVRS3.0PSVR ESS 12MO GOV-S;21015108;;PROTEC ENT EDFSVRS3.0PSVR ESS 12MO GOV-S;PROTEC ENT EDFSVRS3.0PSVR ESS 12MO GOV-S;PROTEC ENT EDFSVRS3.0PSVR ESS 12MO GOV-S;PROTEC ENT EDFSVRS3.0PSVR ESS 12MO GOV-S;;;;79;;
1;3;2094;1;212,8515;173,05;PROTEC ENT EDFSVRS3.0PSVR BAS 12MO EXP-S;21015109;;PROTEC ENT EDFSVRS3.0PSVR BAS 12MO EXP-S;PROTEC ENT EDFSVRS3.0PSVR BAS 12MO EXP-S;PROTEC ENT EDFSVRS3.0PSVR BAS 12MO EXP-S;PROTEC ENT EDFSVRS3.0PSVR BAS 12MO EXP-S;;;;79;;
1;3;2094;1;207,3042;168,54;PROTEC ENT EDFSVRS3.0PSVR ESS 12MO ACD-S;21015110;;PROTEC ENT EDFSVRS3.0PSVR ESS 12MO ACD-S;PROTEC ENT EDFSVRS3.0PSVR ESS 12MO ACD-S;PROTEC ENT EDFSVRS3.0PSVR ESS 12MO ACD-S;PROTEC ENT EDFSVRS3.0PSVR ESS 12MO ACD-S;;;;79;;
1;3;2094;1;208,5957;169,59;GOV PROTECT ENT SVR 3.0 P RNWL BAS 12M S;21015111;;GOV PROTECT ENT SVR 3.0 P RNWL BAS 12M S;GOV PROTECT ENT SVR 3.0 P RNWL BAS 12M S;GOV PROTECT ENT SVR 3.0 P RNWL BAS 12M S;GOV PROTECT ENT SVR 3.0 P RNWL BAS 12M S;;;;79;;
1;3;2094;1;207,3042;168,54;PROTEC EDFSVRS3.0PSVR RNW ESS12MOACD-S;21015112;;PROTEC EDFSVRS3.0PSVR RNW ESS12MOACD-S;PROTEC EDFSVRS3.0PSVR RNW ESS12MOACD-S;PROTEC EDFSVRS3.0PSVR RNW ESS12MOACD-S;PROTEC EDFSVRS3.0PSVR RNW ESS12MOACD-S;;;;79;;
1;3;2094;1;259,1241;210,67;EXP PROTECT ENT SVR 3.0 P RNWL ESS 12M S;21015113;;EXP PROTECT ENT SVR 3.0 P RNWL ESS 12M S;EXP PROTECT ENT SVR 3.0 P RNWL ESS 12M S;EXP PROTECT ENT SVR 3.0 P RNWL ESS 12M S;EXP PROTECT ENT SVR 3.0 P RNWL ESS 12M S;;;;79;;
1;3;2094;1;925,4274;752,38;EXP PROTECT ENT SVR 3.0 P XG MULTI LIC GEN S BAS12M;21015114;;EXP PROTECT ENT SVR 3.0 P XG MULTI LIC GEN S BAS12M;EXP PROTECT ENT SVR 3.0 P XG MULTI LIC GEN S BAS12M;EXP PROTECT ENT SVR 3.0 P XG MULTI LIC GEN S BAS12M;EXP PROTECT ENT SVR 3.0 P XG MULTI LIC GEN S BAS12M;;;;79;;
1;3;2094;1;777,36;632;AE PROTECT ENT SVR 3.0 XG MULTI LIC GEN S ESS12M;21015115;;AE PROTECT ENT SVR 3.0 XG MULTI LIC GEN S ESS12M;AE PROTECT ENT SVR 3.0 XG MULTI LIC GEN S ESS12M;AE PROTECT ENT SVR 3.0 XG MULTI LIC GEN S ESS12M;AE PROTECT ENT SVR 3.0 XG MULTI LIC GEN S ESS12M;;;;79;;
1;3;2094;1;906,9282;737,34;GOV PROTECT ENT SVR 3.0 P XG MULTI LIC GEN S BAS12M;21015116;;GOV PROTECT ENT SVR 3.0 P XG MULTI LIC GEN S BAS12M;GOV PROTECT ENT SVR 3.0 P XG MULTI LIC GEN S BAS12M;GOV PROTECT ENT SVR 3.0 P XG MULTI LIC GEN S BAS12M;GOV PROTECT ENT SVR 3.0 P XG MULTI LIC GEN S BAS12M;;;;79;;
1;3;2094;1;740,3493;601,91;AE PROTECT ENT SVR 3.0 XG MULTI LIC GEN S BAS12M;21015117;;AE PROTECT ENT SVR 3.0 XG MULTI LIC GEN S BAS12M;AE PROTECT ENT SVR 3.0 XG MULTI LIC GEN S BAS12M;AE PROTECT ENT SVR 3.0 XG MULTI LIC GEN S BAS12M;AE PROTECT ENT SVR 3.0 XG MULTI LIC GEN S BAS12M;;;;79;;
1;3;2094;1;971,7123;790,01;EXP PROTECT ENT SVR 3.0 P XG MULTI LIC GEN S ESS12M;21015118;;EXP PROTECT ENT SVR 3.0 P XG MULTI LIC GEN S ESS12M;EXP PROTECT ENT SVR 3.0 P XG MULTI LIC GEN S ESS12M;EXP PROTECT ENT SVR 3.0 P XG MULTI LIC GEN S ESS12M;EXP PROTECT ENT SVR 3.0 P XG MULTI LIC GEN S ESS12M;;;;79;;
1;3;2094;1;952,2906;774,22;GOV PROTECT ENT SVR 3.0 P XG MULTI LIC GEN S ESS12M;21015119;;GOV PROTECT ENT SVR 3.0 P XG MULTI LIC GEN S ESS12M;GOV PROTECT ENT SVR 3.0 P XG MULTI LIC GEN S ESS12M;GOV PROTECT ENT SVR 3.0 P XG MULTI LIC GEN S ESS12M;GOV PROTECT ENT SVR 3.0 P XG MULTI LIC GEN S ESS12M;;;;79;;
1;3;2094;1;853,5339;693,93;VRTS CLUSTER SERVER BAND E ESSENTIAL 1MO;21016054;;VRTS CLUSTER SERVER BAND E ESSENTIAL 1MO;VRTS CLUSTER SERVER BAND E ESSENTIAL 1MO;VRTS CLUSTER SERVER BAND E ESSENTIAL 1MO;VRTS CLUSTER SERVER BAND E ESSENTIAL 1MO;;;;79;;
1;3;2094;1;284,3022;231,14;VRTS CLUSTER SERVER BAND E ESSENTIAL 1MO;21016055;;VRTS CLUSTER SERVER BAND E ESSENTIAL 1MO;VRTS CLUSTER SERVER BAND E ESSENTIAL 1MO;VRTS CLUSTER SERVER BAND E ESSENTIAL 1MO;VRTS CLUSTER SERVER BAND E ESSENTIAL 1MO;;;;79;;
1;3;2094;1;240,0222;195,14;VRTS CLUSTER SERVER BAND E ESSENTIAL 1MO;21016056;;VRTS CLUSTER SERVER BAND E ESSENTIAL 1MO;VRTS CLUSTER SERVER BAND E ESSENTIAL 1MO;VRTS CLUSTER SERVER BAND E ESSENTIAL 1MO;VRTS CLUSTER SERVER BAND E ESSENTIAL 1MO;;;;79;;
1;3;2094;1;1021,1337;830,19;VRTS CLUSTER SERVER BAND E ESSENTIAL 1MO;21016057;;VRTS CLUSTER SERVER BAND E ESSENTIAL 1MO;VRTS CLUSTER SERVER BAND E ESSENTIAL 1MO;VRTS CLUSTER SERVER BAND E ESSENTIAL 1MO;VRTS CLUSTER SERVER BAND E ESSENTIAL 1MO;;;;79;;
1;3;2094;1;413,9565;336,55;VRTS CLUSTER SERVER BAND E ESSENTIAL 1MO;21016058;;VRTS CLUSTER SERVER BAND E ESSENTIAL 1MO;VRTS CLUSTER SERVER BAND E ESSENTIAL 1MO;VRTS CLUSTER SERVER BAND E ESSENTIAL 1MO;VRTS CLUSTER SERVER BAND E ESSENTIAL 1MO;;;;79;;
1;3;2094;1;344,3877;279,99;VRTS CLUSTER SERVER BAND E ESSENTIAL 1MO;21016059;;VRTS CLUSTER SERVER BAND E ESSENTIAL 1MO;VRTS CLUSTER SERVER BAND E ESSENTIAL 1MO;VRTS CLUSTER SERVER BAND E ESSENTIAL 1MO;VRTS CLUSTER SERVER BAND E ESSENTIAL 1MO;;;;79;;
1;3;2094;1;347,5488;282,56;VRTS STORAGE FOUNDATBAND E ESSENTIAL 1MO;21016060;;VRTS STORAGE FOUNDATBAND E ESSENTIAL 1MO;VRTS STORAGE FOUNDATBAND E ESSENTIAL 1MO;VRTS STORAGE FOUNDATBAND E ESSENTIAL 1MO;VRTS STORAGE FOUNDATBAND E ESSENTIAL 1MO;;;;79;;
1;3;2094;1;40,7991;33,17;VRTS STORAGE FOUNDATBAND E ESSENTIAL 1MO;21016061;;VRTS STORAGE FOUNDATBAND E ESSENTIAL 1MO;VRTS STORAGE FOUNDATBAND E ESSENTIAL 1MO;VRTS STORAGE FOUNDATBAND E ESSENTIAL 1MO;VRTS STORAGE FOUNDATBAND E ESSENTIAL 1MO;;;;79;;
1;3;2094;1;632,1585;513,95;VRTS STORAGE FOUNDATBAND E ESSENTIAL 1MO;21016062;;VRTS STORAGE FOUNDATBAND E ESSENTIAL 1MO;VRTS STORAGE FOUNDATBAND E ESSENTIAL 1MO;VRTS STORAGE FOUNDATBAND E ESSENTIAL 1MO;VRTS STORAGE FOUNDATBAND E ESSENTIAL 1MO;;;;79;;
1;3;2094;1;214,7211;174,57;VRTS STORAGE FOUNDATBAND E ESSENTIAL 1MO;21016063;;VRTS STORAGE FOUNDATBAND E ESSENTIAL 1MO;VRTS STORAGE FOUNDATBAND E ESSENTIAL 1MO;VRTS STORAGE FOUNDATBAND E ESSENTIAL 1MO;VRTS STORAGE FOUNDATBAND E ESSENTIAL 1MO;;;;79;;
1;3;2094;1;81,8934;66,58;VRTS STORAGE FOUNDATBAND E ESSENTIAL 1MO;21016064;;VRTS STORAGE FOUNDATBAND E ESSENTIAL 1MO;VRTS STORAGE FOUNDATBAND E ESSENTIAL 1MO;VRTS STORAGE FOUNDATBAND E ESSENTIAL 1MO;VRTS STORAGE FOUNDATBAND E ESSENTIAL 1MO;;;;79;;
1;3;2094;1;1195,068;971,6;VRTS STORAGE FOUNDATBAND E ESSENTIAL 1MO;21016065;;VRTS STORAGE FOUNDATBAND E ESSENTIAL 1MO;VRTS STORAGE FOUNDATBAND E ESSENTIAL 1MO;VRTS STORAGE FOUNDATBAND E ESSENTIAL 1MO;VRTS STORAGE FOUNDATBAND E ESSENTIAL 1MO;;;;79;;
1;3;2094;1;413,9565;336,55;VRTS STORAGE FOUNDATBAND E ESSENTIAL 1MO;21016066;;VRTS STORAGE FOUNDATBAND E ESSENTIAL 1MO;VRTS STORAGE FOUNDATBAND E ESSENTIAL 1MO;VRTS STORAGE FOUNDATBAND E ESSENTIAL 1MO;VRTS STORAGE FOUNDATBAND E ESSENTIAL 1MO;;;;79;;
1;3;2094;1;876,5964;712,68;VRTS CLUSTER SERVER BAND D ESSENTIAL 1MO;21016076;;VRTS CLUSTER SERVER BAND D ESSENTIAL 1MO;VRTS CLUSTER SERVER BAND D ESSENTIAL 1MO;VRTS CLUSTER SERVER BAND D ESSENTIAL 1MO;VRTS CLUSTER SERVER BAND D ESSENTIAL 1MO;;;;79;;
1;3;2094;1;291,9774;237,38;VRTS CLUSTER SERVER BAND D ESSENTIAL 1MO;21016077;;VRTS CLUSTER SERVER BAND D ESSENTIAL 1MO;VRTS CLUSTER SERVER BAND D ESSENTIAL 1MO;VRTS CLUSTER SERVER BAND D ESSENTIAL 1MO;VRTS CLUSTER SERVER BAND D ESSENTIAL 1MO;;;;79;;
1;3;2094;1;246,5166;200,42;VRTS CLUSTER SERVER BAND D ESSENTIAL 1MO;21016078;;VRTS CLUSTER SERVER BAND D ESSENTIAL 1MO;VRTS CLUSTER SERVER BAND D ESSENTIAL 1MO;VRTS CLUSTER SERVER BAND D ESSENTIAL 1MO;VRTS CLUSTER SERVER BAND D ESSENTIAL 1MO;;;;79;;
1;3;2094;1;1048,7226;852,62;VRTS CLUSTER SERVER BAND D ESSENTIAL 1MO;21016079;;VRTS CLUSTER SERVER BAND D ESSENTIAL 1MO;VRTS CLUSTER SERVER BAND D ESSENTIAL 1MO;VRTS CLUSTER SERVER BAND D ESSENTIAL 1MO;VRTS CLUSTER SERVER BAND D ESSENTIAL 1MO;;;;79;;
1;3;2094;1;425,1495;345,65;VRTS CLUSTER SERVER BAND D ESSENTIAL 1MO;21016080;;VRTS CLUSTER SERVER BAND D ESSENTIAL 1MO;VRTS CLUSTER SERVER BAND D ESSENTIAL 1MO;VRTS CLUSTER SERVER BAND D ESSENTIAL 1MO;VRTS CLUSTER SERVER BAND D ESSENTIAL 1MO;;;;79;;
1;3;2094;1;353,6988;287,56;VRTS CLUSTER SERVER BAND D ESSENTIAL 1MO;21016081;;VRTS CLUSTER SERVER BAND D ESSENTIAL 1MO;VRTS CLUSTER SERVER BAND D ESSENTIAL 1MO;VRTS CLUSTER SERVER BAND D ESSENTIAL 1MO;VRTS CLUSTER SERVER BAND D ESSENTIAL 1MO;;;;79;;
1;3;2094;1;356,9337;290,19;VRTS STORAGE FOUNDATBAND D ESSENTIAL 1MO;21016082;;VRTS STORAGE FOUNDATBAND D ESSENTIAL 1MO;VRTS STORAGE FOUNDATBAND D ESSENTIAL 1MO;VRTS STORAGE FOUNDATBAND D ESSENTIAL 1MO;VRTS STORAGE FOUNDATBAND D ESSENTIAL 1MO;;;;79;;
1;3;2094;1;41,9061;34,07;VRTS STORAGE FOUNDATBAND D ESSENTIAL 1MO;21016083;;VRTS STORAGE FOUNDATBAND D ESSENTIAL 1MO;VRTS STORAGE FOUNDATBAND D ESSENTIAL 1MO;VRTS STORAGE FOUNDATBAND D ESSENTIAL 1MO;VRTS STORAGE FOUNDATBAND D ESSENTIAL 1MO;;;;79;;
1;3;2094;1;649,2432;527,84;VRTS STORAGE FOUNDATBAND D ESSENTIAL 1MO;21016084;;VRTS STORAGE FOUNDATBAND D ESSENTIAL 1MO;VRTS STORAGE FOUNDATBAND D ESSENTIAL 1MO;VRTS STORAGE FOUNDATBAND D ESSENTIAL 1MO;VRTS STORAGE FOUNDATBAND D ESSENTIAL 1MO;;;;79;;
1;3;2094;1;220,5267;179,29;VRTS STORAGE FOUNDATBAND D ESSENTIAL 1MO;21016085;;VRTS STORAGE FOUNDATBAND D ESSENTIAL 1MO;VRTS STORAGE FOUNDATBAND D ESSENTIAL 1MO;VRTS STORAGE FOUNDATBAND D ESSENTIAL 1MO;VRTS STORAGE FOUNDATBAND D ESSENTIAL 1MO;;;;79;;
1;3;2094;1;84,1197;68,39;VRTS STORAGE FOUNDATBAND D ESSENTIAL 1MO;21016086;;VRTS STORAGE FOUNDATBAND D ESSENTIAL 1MO;VRTS STORAGE FOUNDATBAND D ESSENTIAL 1MO;VRTS STORAGE FOUNDATBAND D ESSENTIAL 1MO;VRTS STORAGE FOUNDATBAND D ESSENTIAL 1MO;;;;79;;
1;3;2094;1;1227,3555;997,85;VRTS STORAGE FOUNDATBAND D ESSENTIAL 1MO;21016087;;VRTS STORAGE FOUNDATBAND D ESSENTIAL 1MO;VRTS STORAGE FOUNDATBAND D ESSENTIAL 1MO;VRTS STORAGE FOUNDATBAND D ESSENTIAL 1MO;VRTS STORAGE FOUNDATBAND D ESSENTIAL 1MO;;;;79;;
1;3;2094;1;425,1495;345,65;VRTS STORAGE FOUNDATBAND D ESSENTIAL 1MO;21016088;;VRTS STORAGE FOUNDATBAND D ESSENTIAL 1MO;VRTS STORAGE FOUNDATBAND D ESSENTIAL 1MO;VRTS STORAGE FOUNDATBAND D ESSENTIAL 1MO;VRTS STORAGE FOUNDATBAND D ESSENTIAL 1MO;;;;79;;
1;3;2094;1;340,6977;276,99;VRTS STORAGE FOUNDATBAND D ESSENTIAL 1MO;21016089;;VRTS STORAGE FOUNDATBAND D ESSENTIAL 1MO;VRTS STORAGE FOUNDATBAND D ESSENTIAL 1MO;VRTS STORAGE FOUNDATBAND D ESSENTIAL 1MO;VRTS STORAGE FOUNDATBAND D ESSENTIAL 1MO;;;;79;;
1;3;2094;1;1948,3815;1584,05;VRTS STORAGE FOUNDATBAND D ESSENTIAL 1MO;21016090;;VRTS STORAGE FOUNDATBAND D ESSENTIAL 1MO;VRTS STORAGE FOUNDATBAND D ESSENTIAL 1MO;VRTS STORAGE FOUNDATBAND D ESSENTIAL 1MO;VRTS STORAGE FOUNDATBAND D ESSENTIAL 1MO;;;;79;;
1;3;2094;1;1051,9698;855,26;VRTS STORAGE FOUNDATBAND D ESSENTIAL 1MO;21016091;;VRTS STORAGE FOUNDATBAND D ESSENTIAL 1MO;VRTS STORAGE FOUNDATBAND D ESSENTIAL 1MO;VRTS STORAGE FOUNDATBAND D ESSENTIAL 1MO;VRTS STORAGE FOUNDATBAND D ESSENTIAL 1MO;;;;79;;
1;3;2094;1;350,4393;284,91;VRTS STORAGE FOUNDATBAND D ESSENTIAL 1MO;21016092;;VRTS STORAGE FOUNDATBAND D ESSENTIAL 1MO;VRTS STORAGE FOUNDATBAND D ESSENTIAL 1MO;VRTS STORAGE FOUNDATBAND D ESSENTIAL 1MO;VRTS STORAGE FOUNDATBAND D ESSENTIAL 1MO;;;;79;;
1;3;2094;1;262,7526;213,62;VRTS STORAGE FOUNDATBAND D ESSENTIAL 1MO;21016093;;VRTS STORAGE FOUNDATBAND D ESSENTIAL 1MO;VRTS STORAGE FOUNDATBAND D ESSENTIAL 1MO;VRTS STORAGE FOUNDATBAND D ESSENTIAL 1MO;VRTS STORAGE FOUNDATBAND D ESSENTIAL 1MO;;;;79;;
1;3;2094;1;1578,1269;1283,03;VRTS STORAGE FOUNDATBAND D ESSENTIAL 1MO;21016094;;VRTS STORAGE FOUNDATBAND D ESSENTIAL 1MO;VRTS STORAGE FOUNDATBAND D ESSENTIAL 1MO;VRTS STORAGE FOUNDATBAND D ESSENTIAL 1MO;VRTS STORAGE FOUNDATBAND D ESSENTIAL 1MO;;;;79;;
1;3;2094;1;169,2234;137,58;VRTS STORAGE FOUNDATBAND D ESSENTIAL 1MO;21016095;;VRTS STORAGE FOUNDATBAND D ESSENTIAL 1MO;VRTS STORAGE FOUNDATBAND D ESSENTIAL 1MO;VRTS STORAGE FOUNDATBAND D ESSENTIAL 1MO;VRTS STORAGE FOUNDATBAND D ESSENTIAL 1MO;;;;79;;
1;3;2094;1;56,1987;45,69;VRTS STORAGE FOUNDATBAND D ESSENTIAL 1MO;21016096;;VRTS STORAGE FOUNDATBAND D ESSENTIAL 1MO;VRTS STORAGE FOUNDATBAND D ESSENTIAL 1MO;VRTS STORAGE FOUNDATBAND D ESSENTIAL 1MO;VRTS STORAGE FOUNDATBAND D ESSENTIAL 1MO;;;;79;;
1;3;2094;1;21,0945;17,15;VRTS STORAGE FOUNDATBAND D ESSENTIAL 1MO;21016097;;VRTS STORAGE FOUNDATBAND D ESSENTIAL 1MO;VRTS STORAGE FOUNDATBAND D ESSENTIAL 1MO;VRTS STORAGE FOUNDATBAND D ESSENTIAL 1MO;VRTS STORAGE FOUNDATBAND D ESSENTIAL 1MO;;;;79;;
1;3;2094;1;175,0659;142,33;VRTS STORAGE FOUNDATBAND D ESSENTIAL 1MO;21016098;;VRTS STORAGE FOUNDATBAND D ESSENTIAL 1MO;VRTS STORAGE FOUNDATBAND D ESSENTIAL 1MO;VRTS STORAGE FOUNDATBAND D ESSENTIAL 1MO;VRTS STORAGE FOUNDATBAND D ESSENTIAL 1MO;;;;79;;
1;3;2094;1;58,1298;47,26;VRTS STORAGE FOUNDATBAND D ESSENTIAL 1MO;21016099;;VRTS STORAGE FOUNDATBAND D ESSENTIAL 1MO;VRTS STORAGE FOUNDATBAND D ESSENTIAL 1MO;VRTS STORAGE FOUNDATBAND D ESSENTIAL 1MO;VRTS STORAGE FOUNDATBAND D ESSENTIAL 1MO;;;;79;;
1;3;2094;1;25,6701;20,87;VRTS STORAGE FOUNDATBAND D ESSENTIAL 1MO;21016100;;VRTS STORAGE FOUNDATBAND D ESSENTIAL 1MO;VRTS STORAGE FOUNDATBAND D ESSENTIAL 1MO;VRTS STORAGE FOUNDATBAND D ESSENTIAL 1MO;VRTS STORAGE FOUNDATBAND D ESSENTIAL 1MO;;;;79;;
1;3;2094;1;64,6242;52,54;VRTS STORAGE FOUNDATBAND D ESSENTIAL 1MO;21016101;;VRTS STORAGE FOUNDATBAND D ESSENTIAL 1MO;VRTS STORAGE FOUNDATBAND D ESSENTIAL 1MO;VRTS STORAGE FOUNDATBAND D ESSENTIAL 1MO;VRTS STORAGE FOUNDATBAND D ESSENTIAL 1MO;;;;79;;
1;3;2094;1;935,0583;760,21;VRTS STORAGE FOUNDATBAND D ESSENTIAL 1MO;21016102;;VRTS STORAGE FOUNDATBAND D ESSENTIAL 1MO;VRTS STORAGE FOUNDATBAND D ESSENTIAL 1MO;VRTS STORAGE FOUNDATBAND D ESSENTIAL 1MO;VRTS STORAGE FOUNDATBAND D ESSENTIAL 1MO;;;;79;;
1;3;2094;1;876,5964;712,68;VRTS CLUSTER SERVER BAND C ESSENTIAL 1MO;21016141;;VRTS CLUSTER SERVER BAND C ESSENTIAL 1MO;VRTS CLUSTER SERVER BAND C ESSENTIAL 1MO;VRTS CLUSTER SERVER BAND C ESSENTIAL 1MO;VRTS CLUSTER SERVER BAND C ESSENTIAL 1MO;;;;79;;
1;3;2094;1;291,9774;237,38;VRTS CLUSTER SERVER BAND C ESSENTIAL 1MO;21016142;;VRTS CLUSTER SERVER BAND C ESSENTIAL 1MO;VRTS CLUSTER SERVER BAND C ESSENTIAL 1MO;VRTS CLUSTER SERVER BAND C ESSENTIAL 1MO;VRTS CLUSTER SERVER BAND C ESSENTIAL 1MO;;;;79;;
1;3;2094;1;246,5166;200,42;VRTS CLUSTER SERVER BAND C ESSENTIAL 1MO;21016143;;VRTS CLUSTER SERVER BAND C ESSENTIAL 1MO;VRTS CLUSTER SERVER BAND C ESSENTIAL 1MO;VRTS CLUSTER SERVER BAND C ESSENTIAL 1MO;VRTS CLUSTER SERVER BAND C ESSENTIAL 1MO;;;;79;;
1;3;2094;1;1048,7226;852,62;VRTS CLUSTER SERVER BAND C ESSENTIAL 1MO;21016144;;VRTS CLUSTER SERVER BAND C ESSENTIAL 1MO;VRTS CLUSTER SERVER BAND C ESSENTIAL 1MO;VRTS CLUSTER SERVER BAND C ESSENTIAL 1MO;VRTS CLUSTER SERVER BAND C ESSENTIAL 1MO;;;;79;;
1;3;2094;1;425,1495;345,65;VRTS CLUSTER SERVER BAND C ESSENTIAL 1MO;21016145;;VRTS CLUSTER SERVER BAND C ESSENTIAL 1MO;VRTS CLUSTER SERVER BAND C ESSENTIAL 1MO;VRTS CLUSTER SERVER BAND C ESSENTIAL 1MO;VRTS CLUSTER SERVER BAND C ESSENTIAL 1MO;;;;79;;
1;3;2094;1;353,6988;287,56;VRTS CLUSTER SERVER BAND C ESSENTIAL 1MO;21016146;;VRTS CLUSTER SERVER BAND C ESSENTIAL 1MO;VRTS CLUSTER SERVER BAND C ESSENTIAL 1MO;VRTS CLUSTER SERVER BAND C ESSENTIAL 1MO;VRTS CLUSTER SERVER BAND C ESSENTIAL 1MO;;;;79;;
1;3;2094;1;356,9337;290,19;VRTS STORAGE FOUNDATBAND C ESSENTIAL 1MO;21016147;;VRTS STORAGE FOUNDATBAND C ESSENTIAL 1MO;VRTS STORAGE FOUNDATBAND C ESSENTIAL 1MO;VRTS STORAGE FOUNDATBAND C ESSENTIAL 1MO;VRTS STORAGE FOUNDATBAND C ESSENTIAL 1MO;;;;79;;
1;3;2094;1;41,9061;34,07;VRTS STORAGE FOUNDATBAND C ESSENTIAL 1MO;21016148;;VRTS STORAGE FOUNDATBAND C ESSENTIAL 1MO;VRTS STORAGE FOUNDATBAND C ESSENTIAL 1MO;VRTS STORAGE FOUNDATBAND C ESSENTIAL 1MO;VRTS STORAGE FOUNDATBAND C ESSENTIAL 1MO;;;;79;;
1;3;2094;1;649,2432;527,84;VRTS STORAGE FOUNDATBAND C ESSENTIAL 1MO;21016149;;VRTS STORAGE FOUNDATBAND C ESSENTIAL 1MO;VRTS STORAGE FOUNDATBAND C ESSENTIAL 1MO;VRTS STORAGE FOUNDATBAND C ESSENTIAL 1MO;VRTS STORAGE FOUNDATBAND C ESSENTIAL 1MO;;;;79;;
1;3;2094;1;220,5267;179,29;VRTS STORAGE FOUNDATBAND C ESSENTIAL 1MO;21016150;;VRTS STORAGE FOUNDATBAND C ESSENTIAL 1MO;VRTS STORAGE FOUNDATBAND C ESSENTIAL 1MO;VRTS STORAGE FOUNDATBAND C ESSENTIAL 1MO;VRTS STORAGE FOUNDATBAND C ESSENTIAL 1MO;;;;79;;
1;3;2094;1;84,1197;68,39;VRTS STORAGE FOUNDATBAND C ESSENTIAL 1MO;21016151;;VRTS STORAGE FOUNDATBAND C ESSENTIAL 1MO;VRTS STORAGE FOUNDATBAND C ESSENTIAL 1MO;VRTS STORAGE FOUNDATBAND C ESSENTIAL 1MO;VRTS STORAGE FOUNDATBAND C ESSENTIAL 1MO;;;;79;;
1;3;2094;1;1227,3555;997,85;VRTS STORAGE FOUNDATBAND C ESSENTIAL 1MO;21016152;;VRTS STORAGE FOUNDATBAND C ESSENTIAL 1MO;VRTS STORAGE FOUNDATBAND C ESSENTIAL 1MO;VRTS STORAGE FOUNDATBAND C ESSENTIAL 1MO;VRTS STORAGE FOUNDATBAND C ESSENTIAL 1MO;;;;79;;
1;3;2094;1;425,1495;345,65;VRTS STORAGE FOUNDATBAND C ESSENTIAL 1MO;21016153;;VRTS STORAGE FOUNDATBAND C ESSENTIAL 1MO;VRTS STORAGE FOUNDATBAND C ESSENTIAL 1MO;VRTS STORAGE FOUNDATBAND C ESSENTIAL 1MO;VRTS STORAGE FOUNDATBAND C ESSENTIAL 1MO;;;;79;;
1;3;2094;1;340,6977;276,99;VRTS STORAGE FOUNDATBAND C ESSENTIAL 1MO;21016154;;VRTS STORAGE FOUNDATBAND C ESSENTIAL 1MO;VRTS STORAGE FOUNDATBAND C ESSENTIAL 1MO;VRTS STORAGE FOUNDATBAND C ESSENTIAL 1MO;VRTS STORAGE FOUNDATBAND C ESSENTIAL 1MO;;;;79;;
1;3;2094;1;1948,3815;1584,05;VRTS STORAGE FOUNDATBAND C ESSENTIAL 1MO;21016155;;VRTS STORAGE FOUNDATBAND C ESSENTIAL 1MO;VRTS STORAGE FOUNDATBAND C ESSENTIAL 1MO;VRTS STORAGE FOUNDATBAND C ESSENTIAL 1MO;VRTS STORAGE FOUNDATBAND C ESSENTIAL 1MO;;;;79;;
1;3;2094;1;1051,9698;855,26;VRTS STORAGE FOUNDATBAND C ESSENTIAL 1MO;21016156;;VRTS STORAGE FOUNDATBAND C ESSENTIAL 1MO;VRTS STORAGE FOUNDATBAND C ESSENTIAL 1MO;VRTS STORAGE FOUNDATBAND C ESSENTIAL 1MO;VRTS STORAGE FOUNDATBAND C ESSENTIAL 1MO;;;;79;;
1;3;2094;1;350,4393;284,91;VRTS STORAGE FOUNDATBAND C ESSENTIAL 1MO;21016157;;VRTS STORAGE FOUNDATBAND C ESSENTIAL 1MO;VRTS STORAGE FOUNDATBAND C ESSENTIAL 1MO;VRTS STORAGE FOUNDATBAND C ESSENTIAL 1MO;VRTS STORAGE FOUNDATBAND C ESSENTIAL 1MO;;;;79;;
1;3;2094;1;262,7526;213,62;VRTS STORAGE FOUNDATBAND C ESSENTIAL 1MO;21016158;;VRTS STORAGE FOUNDATBAND C ESSENTIAL 1MO;VRTS STORAGE FOUNDATBAND C ESSENTIAL 1MO;VRTS STORAGE FOUNDATBAND C ESSENTIAL 1MO;VRTS STORAGE FOUNDATBAND C ESSENTIAL 1MO;;;;79;;
1;3;2094;1;1578,1269;1283,03;VRTS STORAGE FOUNDATBAND C ESSENTIAL 1MO;21016159;;VRTS STORAGE FOUNDATBAND C ESSENTIAL 1MO;VRTS STORAGE FOUNDATBAND C ESSENTIAL 1MO;VRTS STORAGE FOUNDATBAND C ESSENTIAL 1MO;VRTS STORAGE FOUNDATBAND C ESSENTIAL 1MO;;;;79;;
1;3;2094;1;169,2234;137,58;VRTS STORAGE FOUNDATBAND C ESSENTIAL 1MO;21016160;;VRTS STORAGE FOUNDATBAND C ESSENTIAL 1MO;VRTS STORAGE FOUNDATBAND C ESSENTIAL 1MO;VRTS STORAGE FOUNDATBAND C ESSENTIAL 1MO;VRTS STORAGE FOUNDATBAND C ESSENTIAL 1MO;;;;79;;
1;3;2094;1;56,1987;45,69;VRTS STORAGE FOUNDATBAND C ESSENTIAL 1MO;21016161;;VRTS STORAGE FOUNDATBAND C ESSENTIAL 1MO;VRTS STORAGE FOUNDATBAND C ESSENTIAL 1MO;VRTS STORAGE FOUNDATBAND C ESSENTIAL 1MO;VRTS STORAGE FOUNDATBAND C ESSENTIAL 1MO;;;;79;;
1;3;2094;1;21,0945;17,15;VRTS STORAGE FOUNDATBAND C ESSENTIAL 1MO;21016162;;VRTS STORAGE FOUNDATBAND C ESSENTIAL 1MO;VRTS STORAGE FOUNDATBAND C ESSENTIAL 1MO;VRTS STORAGE FOUNDATBAND C ESSENTIAL 1MO;VRTS STORAGE FOUNDATBAND C ESSENTIAL 1MO;;;;79;;
1;3;2094;1;175,0659;142,33;VRTS STORAGE FOUNDATBAND C ESSENTIAL 1MO;21016163;;VRTS STORAGE FOUNDATBAND C ESSENTIAL 1MO;VRTS STORAGE FOUNDATBAND C ESSENTIAL 1MO;VRTS STORAGE FOUNDATBAND C ESSENTIAL 1MO;VRTS STORAGE FOUNDATBAND C ESSENTIAL 1MO;;;;79;;
1;3;2094;1;58,1298;47,26;VRTS STORAGE FOUNDATBAND C ESSENTIAL 1MO;21016164;;VRTS STORAGE FOUNDATBAND C ESSENTIAL 1MO;VRTS STORAGE FOUNDATBAND C ESSENTIAL 1MO;VRTS STORAGE FOUNDATBAND C ESSENTIAL 1MO;VRTS STORAGE FOUNDATBAND C ESSENTIAL 1MO;;;;79;;
1;3;2094;1;25,6701;20,87;VRTS STORAGE FOUNDATBAND C ESSENTIAL 1MO;21016166;;VRTS STORAGE FOUNDATBAND C ESSENTIAL 1MO;VRTS STORAGE FOUNDATBAND C ESSENTIAL 1MO;VRTS STORAGE FOUNDATBAND C ESSENTIAL 1MO;VRTS STORAGE FOUNDATBAND C ESSENTIAL 1MO;;;;79;;
1;3;2094;1;64,6242;52,54;VRTS STORAGE FOUNDATBAND C ESSENTIAL 1MO;21016167;;VRTS STORAGE FOUNDATBAND C ESSENTIAL 1MO;VRTS STORAGE FOUNDATBAND C ESSENTIAL 1MO;VRTS STORAGE FOUNDATBAND C ESSENTIAL 1MO;VRTS STORAGE FOUNDATBAND C ESSENTIAL 1MO;;;;79;;
1;3;2094;1;935,0583;760,21;VRTS STORAGE FOUNDATBAND C ESSENTIAL 1MO;21016168;;VRTS STORAGE FOUNDATBAND C ESSENTIAL 1MO;VRTS STORAGE FOUNDATBAND C ESSENTIAL 1MO;VRTS STORAGE FOUNDATBAND C ESSENTIAL 1MO;VRTS STORAGE FOUNDATBAND C ESSENTIAL 1MO;;;;79;;
1;3;2094;1;331,7433;269,71;VRTS STORAGE FOUNDATBAND E ESSENTIAL 1MO;21016199;;VRTS STORAGE FOUNDATBAND E ESSENTIAL 1MO;VRTS STORAGE FOUNDATBAND E ESSENTIAL 1MO;VRTS STORAGE FOUNDATBAND E ESSENTIAL 1MO;VRTS STORAGE FOUNDATBAND E ESSENTIAL 1MO;;;;79;;
1;3;2094;1;1897,1151;1542,37;VRTS STORAGE FOUNDATBAND E ESSENTIAL 1MO;21016200;;VRTS STORAGE FOUNDATBAND E ESSENTIAL 1MO;VRTS STORAGE FOUNDATBAND E ESSENTIAL 1MO;VRTS STORAGE FOUNDATBAND E ESSENTIAL 1MO;VRTS STORAGE FOUNDATBAND E ESSENTIAL 1MO;;;;79;;
1;3;2094;1;1024,3071;832,77;VRTS STORAGE FOUNDATBAND E ESSENTIAL 1MO;21016201;;VRTS STORAGE FOUNDATBAND E ESSENTIAL 1MO;VRTS STORAGE FOUNDATBAND E ESSENTIAL 1MO;VRTS STORAGE FOUNDATBAND E ESSENTIAL 1MO;VRTS STORAGE FOUNDATBAND E ESSENTIAL 1MO;;;;79;;
1;3;2094;1;341,2143;277,41;VRTS STORAGE FOUNDATBAND E ESSENTIAL 1MO;21016202;;VRTS STORAGE FOUNDATBAND E ESSENTIAL 1MO;VRTS STORAGE FOUNDATBAND E ESSENTIAL 1MO;VRTS STORAGE FOUNDATBAND E ESSENTIAL 1MO;VRTS STORAGE FOUNDATBAND E ESSENTIAL 1MO;;;;79;;
1;3;2094;1;255,84;208;VRTS STORAGE FOUNDATBAND E ESSENTIAL 1MO;21016203;;VRTS STORAGE FOUNDATBAND E ESSENTIAL 1MO;VRTS STORAGE FOUNDATBAND E ESSENTIAL 1MO;VRTS STORAGE FOUNDATBAND E ESSENTIAL 1MO;VRTS STORAGE FOUNDATBAND E ESSENTIAL 1MO;;;;79;;
1;3;2094;1;1536,6021;1249,27;VRTS STORAGE FOUNDATBAND E ESSENTIAL 1MO;21016205;;VRTS STORAGE FOUNDATBAND E ESSENTIAL 1MO;VRTS STORAGE FOUNDATBAND E ESSENTIAL 1MO;VRTS STORAGE FOUNDATBAND E ESSENTIAL 1MO;VRTS STORAGE FOUNDATBAND E ESSENTIAL 1MO;;;;79;;
1;3;2094;1;164,7708;133,96;VRTS STORAGE FOUNDATBAND E ESSENTIAL 1MO;21016206;;VRTS STORAGE FOUNDATBAND E ESSENTIAL 1MO;VRTS STORAGE FOUNDATBAND E ESSENTIAL 1MO;VRTS STORAGE FOUNDATBAND E ESSENTIAL 1MO;VRTS STORAGE FOUNDATBAND E ESSENTIAL 1MO;;;;79;;
1;3;2094;1;54,6981;44,47;VRTS STORAGE FOUNDATBAND E ESSENTIAL 1MO;21016207;;VRTS STORAGE FOUNDATBAND E ESSENTIAL 1MO;VRTS STORAGE FOUNDATBAND E ESSENTIAL 1MO;VRTS STORAGE FOUNDATBAND E ESSENTIAL 1MO;VRTS STORAGE FOUNDATBAND E ESSENTIAL 1MO;;;;79;;
1;3;2094;1;20,5533;16,71;VRTS STORAGE FOUNDATBAND E ESSENTIAL 1MO;21016208;;VRTS STORAGE FOUNDATBAND E ESSENTIAL 1MO;VRTS STORAGE FOUNDATBAND E ESSENTIAL 1MO;VRTS STORAGE FOUNDATBAND E ESSENTIAL 1MO;VRTS STORAGE FOUNDATBAND E ESSENTIAL 1MO;;;;79;;
1;3;2094;1;170,4534;138,58;VRTS STORAGE FOUNDATBAND E ESSENTIAL 1MO;21016209;;VRTS STORAGE FOUNDATBAND E ESSENTIAL 1MO;VRTS STORAGE FOUNDATBAND E ESSENTIAL 1MO;VRTS STORAGE FOUNDATBAND E ESSENTIAL 1MO;VRTS STORAGE FOUNDATBAND E ESSENTIAL 1MO;;;;79;;
1;3;2094;1;56,6046;46,02;VRTS STORAGE FOUNDATBAND E ESSENTIAL 1MO;21016210;;VRTS STORAGE FOUNDATBAND E ESSENTIAL 1MO;VRTS STORAGE FOUNDATBAND E ESSENTIAL 1MO;VRTS STORAGE FOUNDATBAND E ESSENTIAL 1MO;VRTS STORAGE FOUNDATBAND E ESSENTIAL 1MO;;;;79;;
1;3;2094;1;24,9813;20,31;VRTS STORAGE FOUNDATBAND E ESSENTIAL 1MO;21016212;;VRTS STORAGE FOUNDATBAND E ESSENTIAL 1MO;VRTS STORAGE FOUNDATBAND E ESSENTIAL 1MO;VRTS STORAGE FOUNDATBAND E ESSENTIAL 1MO;VRTS STORAGE FOUNDATBAND E ESSENTIAL 1MO;;;;79;;
1;3;2094;1;62,9391;51,17;VRTS STORAGE FOUNDATBAND E ESSENTIAL 1MO;21016213;;VRTS STORAGE FOUNDATBAND E ESSENTIAL 1MO;VRTS STORAGE FOUNDATBAND E ESSENTIAL 1MO;VRTS STORAGE FOUNDATBAND E ESSENTIAL 1MO;VRTS STORAGE FOUNDATBAND E ESSENTIAL 1MO;;;;79;;
1;3;2094;1;910,4337;740,19;VRTS STORAGE FOUNDATBAND E ESSENTIAL 1MO;21016214;;VRTS STORAGE FOUNDATBAND E ESSENTIAL 1MO;VRTS STORAGE FOUNDATBAND E ESSENTIAL 1MO;VRTS STORAGE FOUNDATBAND E ESSENTIAL 1MO;VRTS STORAGE FOUNDATBAND E ESSENTIAL 1MO;;;;79;;
1;3;2094;1;922,7337;750,19;VRTS CLUSTER SERVER BAND B ESSENTIAL 1MO;21016286;;VRTS CLUSTER SERVER BAND B ESSENTIAL 1MO;VRTS CLUSTER SERVER BAND B ESSENTIAL 1MO;VRTS CLUSTER SERVER BAND B ESSENTIAL 1MO;VRTS CLUSTER SERVER BAND B ESSENTIAL 1MO;;;;79;;
1;3;2094;1;307,3647;249,89;VRTS CLUSTER SERVER BAND B ESSENTIAL 1MO;21016287;;VRTS CLUSTER SERVER BAND B ESSENTIAL 1MO;VRTS CLUSTER SERVER BAND B ESSENTIAL 1MO;VRTS CLUSTER SERVER BAND B ESSENTIAL 1MO;VRTS CLUSTER SERVER BAND B ESSENTIAL 1MO;;;;79;;
1;3;2094;1;259,4808;210,96;VRTS CLUSTER SERVER BAND B ESSENTIAL 1MO;21016288;;VRTS CLUSTER SERVER BAND B ESSENTIAL 1MO;VRTS CLUSTER SERVER BAND B ESSENTIAL 1MO;VRTS CLUSTER SERVER BAND B ESSENTIAL 1MO;VRTS CLUSTER SERVER BAND B ESSENTIAL 1MO;;;;79;;
1;3;2094;1;1103,9373;897,51;VRTS CLUSTER SERVER BAND B ESSENTIAL 1MO;21016289;;VRTS CLUSTER SERVER BAND B ESSENTIAL 1MO;VRTS CLUSTER SERVER BAND B ESSENTIAL 1MO;VRTS CLUSTER SERVER BAND B ESSENTIAL 1MO;VRTS CLUSTER SERVER BAND B ESSENTIAL 1MO;;;;79;;
1;3;2094;1;447,5232;363,84;VRTS CLUSTER SERVER BAND B ESSENTIAL 1MO;21016290;;VRTS CLUSTER SERVER BAND B ESSENTIAL 1MO;VRTS CLUSTER SERVER BAND B ESSENTIAL 1MO;VRTS CLUSTER SERVER BAND B ESSENTIAL 1MO;VRTS CLUSTER SERVER BAND B ESSENTIAL 1MO;;;;79;;
1;3;2094;1;372,3087;302,69;VRTS CLUSTER SERVER BAND B ESSENTIAL 1MO;21016291;;VRTS CLUSTER SERVER BAND B ESSENTIAL 1MO;VRTS CLUSTER SERVER BAND B ESSENTIAL 1MO;VRTS CLUSTER SERVER BAND B ESSENTIAL 1MO;VRTS CLUSTER SERVER BAND B ESSENTIAL 1MO;;;;79;;
1;3;2094;1;375,7281;305,47;VRTS STORAGE FOUNDATBAND B ESSENTIAL 1MO;21016292;;VRTS STORAGE FOUNDATBAND B ESSENTIAL 1MO;VRTS STORAGE FOUNDATBAND B ESSENTIAL 1MO;VRTS STORAGE FOUNDATBAND B ESSENTIAL 1MO;VRTS STORAGE FOUNDATBAND B ESSENTIAL 1MO;;;;79;;
1;3;2094;1;44,0955;35,85;VRTS STORAGE FOUNDATBAND B ESSENTIAL 1MO;21016293;;VRTS STORAGE FOUNDATBAND B ESSENTIAL 1MO;VRTS STORAGE FOUNDATBAND B ESSENTIAL 1MO;VRTS STORAGE FOUNDATBAND B ESSENTIAL 1MO;VRTS STORAGE FOUNDATBAND B ESSENTIAL 1MO;;;;79;;
1;3;2094;1;683,4126;555,62;VRTS STORAGE FOUNDATBAND B ESSENTIAL 1MO;21016294;;VRTS STORAGE FOUNDATBAND B ESSENTIAL 1MO;VRTS STORAGE FOUNDATBAND B ESSENTIAL 1MO;VRTS STORAGE FOUNDATBAND B ESSENTIAL 1MO;VRTS STORAGE FOUNDATBAND B ESSENTIAL 1MO;;;;79;;
1;3;2094;1;232,1502;188,74;VRTS STORAGE FOUNDATBAND B ESSENTIAL 1MO;21016295;;VRTS STORAGE FOUNDATBAND B ESSENTIAL 1MO;VRTS STORAGE FOUNDATBAND B ESSENTIAL 1MO;VRTS STORAGE FOUNDATBAND B ESSENTIAL 1MO;VRTS STORAGE FOUNDATBAND B ESSENTIAL 1MO;;;;79;;
1;3;2094;1;88,5477;71,99;VRTS STORAGE FOUNDATBAND B ESSENTIAL 1MO;21016296;;VRTS STORAGE FOUNDATBAND B ESSENTIAL 1MO;VRTS STORAGE FOUNDATBAND B ESSENTIAL 1MO;VRTS STORAGE FOUNDATBAND B ESSENTIAL 1MO;VRTS STORAGE FOUNDATBAND B ESSENTIAL 1MO;;;;79;;
1;3;2094;1;1291,9674;1050,38;VRTS STORAGE FOUNDATBAND B ESSENTIAL 1MO;21016298;;VRTS STORAGE FOUNDATBAND B ESSENTIAL 1MO;VRTS STORAGE FOUNDATBAND B ESSENTIAL 1MO;VRTS STORAGE FOUNDATBAND B ESSENTIAL 1MO;VRTS STORAGE FOUNDATBAND B ESSENTIAL 1MO;;;;79;;
1;3;2094;1;447,5232;363,84;VRTS STORAGE FOUNDATBAND B ESSENTIAL 1MO;21016299;;VRTS STORAGE FOUNDATBAND B ESSENTIAL 1MO;VRTS STORAGE FOUNDATBAND B ESSENTIAL 1MO;VRTS STORAGE FOUNDATBAND B ESSENTIAL 1MO;VRTS STORAGE FOUNDATBAND B ESSENTIAL 1MO;;;;79;;
1;3;2094;1;922,7337;750,19;VRTS CLUSTER SERVER BAND A ESSENTIAL 1MO;21016310;;VRTS CLUSTER SERVER BAND A ESSENTIAL 1MO;VRTS CLUSTER SERVER BAND A ESSENTIAL 1MO;VRTS CLUSTER SERVER BAND A ESSENTIAL 1MO;VRTS CLUSTER SERVER BAND A ESSENTIAL 1MO;;;;79;;
1;3;2094;1;307,3647;249,89;VRTS CLUSTER SERVER BAND A ESSENTIAL 1MO;21016311;;VRTS CLUSTER SERVER BAND A ESSENTIAL 1MO;VRTS CLUSTER SERVER BAND A ESSENTIAL 1MO;VRTS CLUSTER SERVER BAND A ESSENTIAL 1MO;VRTS CLUSTER SERVER BAND A ESSENTIAL 1MO;;;;79;;
1;3;2094;1;259,4808;210,96;VRTS CLUSTER SERVER BAND A ESSENTIAL 1MO;21016312;;VRTS CLUSTER SERVER BAND A ESSENTIAL 1MO;VRTS CLUSTER SERVER BAND A ESSENTIAL 1MO;VRTS CLUSTER SERVER BAND A ESSENTIAL 1MO;VRTS CLUSTER SERVER BAND A ESSENTIAL 1MO;;;;79;;
1;3;2094;1;1103,9373;897,51;VRTS CLUSTER SERVER BAND A ESSENTIAL 1MO;21016313;;VRTS CLUSTER SERVER BAND A ESSENTIAL 1MO;VRTS CLUSTER SERVER BAND A ESSENTIAL 1MO;VRTS CLUSTER SERVER BAND A ESSENTIAL 1MO;VRTS CLUSTER SERVER BAND A ESSENTIAL 1MO;;;;79;;
1;3;2094;1;447,5232;363,84;VRTS CLUSTER SERVER BAND A ESSENTIAL 1MO;21016315;;VRTS CLUSTER SERVER BAND A ESSENTIAL 1MO;VRTS CLUSTER SERVER BAND A ESSENTIAL 1MO;VRTS CLUSTER SERVER BAND A ESSENTIAL 1MO;VRTS CLUSTER SERVER BAND A ESSENTIAL 1MO;;;;79;;
1;3;2094;1;372,3087;302,69;VRTS CLUSTER SERVER BAND A ESSENTIAL 1MO;21016316;;VRTS CLUSTER SERVER BAND A ESSENTIAL 1MO;VRTS CLUSTER SERVER BAND A ESSENTIAL 1MO;VRTS CLUSTER SERVER BAND A ESSENTIAL 1MO;VRTS CLUSTER SERVER BAND A ESSENTIAL 1MO;;;;79;;
1;3;2094;1;375,7281;305,47;VRTS STORAGE FOUNDATBAND A ESSENTIAL 1MO;21016317;;VRTS STORAGE FOUNDATBAND A ESSENTIAL 1MO;VRTS STORAGE FOUNDATBAND A ESSENTIAL 1MO;VRTS STORAGE FOUNDATBAND A ESSENTIAL 1MO;VRTS STORAGE FOUNDATBAND A ESSENTIAL 1MO;;;;79;;
1;3;2094;1;44,0955;35,85;VRTS STORAGE FOUNDATBAND A ESSENTIAL 1MO;21016318;;VRTS STORAGE FOUNDATBAND A ESSENTIAL 1MO;VRTS STORAGE FOUNDATBAND A ESSENTIAL 1MO;VRTS STORAGE FOUNDATBAND A ESSENTIAL 1MO;VRTS STORAGE FOUNDATBAND A ESSENTIAL 1MO;;;;79;;
1;3;2094;1;683,4126;555,62;VRTS STORAGE FOUNDATBAND A ESSENTIAL 1MO;21016319;;VRTS STORAGE FOUNDATBAND A ESSENTIAL 1MO;VRTS STORAGE FOUNDATBAND A ESSENTIAL 1MO;VRTS STORAGE FOUNDATBAND A ESSENTIAL 1MO;VRTS STORAGE FOUNDATBAND A ESSENTIAL 1MO;;;;79;;
1;3;2094;1;232,1502;188,74;VRTS STORAGE FOUNDATBAND A ESSENTIAL 1MO;21016320;;VRTS STORAGE FOUNDATBAND A ESSENTIAL 1MO;VRTS STORAGE FOUNDATBAND A ESSENTIAL 1MO;VRTS STORAGE FOUNDATBAND A ESSENTIAL 1MO;VRTS STORAGE FOUNDATBAND A ESSENTIAL 1MO;;;;79;;
1;3;2094;1;88,5477;71,99;VRTS STORAGE FOUNDATBAND A ESSENTIAL 1MO;21016321;;VRTS STORAGE FOUNDATBAND A ESSENTIAL 1MO;VRTS STORAGE FOUNDATBAND A ESSENTIAL 1MO;VRTS STORAGE FOUNDATBAND A ESSENTIAL 1MO;VRTS STORAGE FOUNDATBAND A ESSENTIAL 1MO;;;;79;;
1;3;2094;1;1291,9674;1050,38;VRTS STORAGE FOUNDATBAND A ESSENTIAL 1MO;21016323;;VRTS STORAGE FOUNDATBAND A ESSENTIAL 1MO;VRTS STORAGE FOUNDATBAND A ESSENTIAL 1MO;VRTS STORAGE FOUNDATBAND A ESSENTIAL 1MO;VRTS STORAGE FOUNDATBAND A ESSENTIAL 1MO;;;;79;;
1;3;2094;1;447,5232;363,84;VRTS STORAGE FOUNDATBAND A ESSENTIAL 1MO;21016324;;VRTS STORAGE FOUNDATBAND A ESSENTIAL 1MO;VRTS STORAGE FOUNDATBAND A ESSENTIAL 1MO;VRTS STORAGE FOUNDATBAND A ESSENTIAL 1MO;VRTS STORAGE FOUNDATBAND A ESSENTIAL 1MO;;;;79;;
1;3;2094;1;358,6311;291,57;VRTS STORAGE FOUNDATBAND A ESSENTIAL 1MO;21016325;;VRTS STORAGE FOUNDATBAND A ESSENTIAL 1MO;VRTS STORAGE FOUNDATBAND A ESSENTIAL 1MO;VRTS STORAGE FOUNDATBAND A ESSENTIAL 1MO;VRTS STORAGE FOUNDATBAND A ESSENTIAL 1MO;;;;79;;
1;3;2094;1;2050,9266;1667,42;VRTS STORAGE FOUNDATBAND A ESSENTIAL 1MO;21016326;;VRTS STORAGE FOUNDATBAND A ESSENTIAL 1MO;VRTS STORAGE FOUNDATBAND A ESSENTIAL 1MO;VRTS STORAGE FOUNDATBAND A ESSENTIAL 1MO;VRTS STORAGE FOUNDATBAND A ESSENTIAL 1MO;;;;79;;
1;3;2094;1;1107,3567;900,29;VRTS STORAGE FOUNDATBAND A ESSENTIAL 1MO;21016327;;VRTS STORAGE FOUNDATBAND A ESSENTIAL 1MO;VRTS STORAGE FOUNDATBAND A ESSENTIAL 1MO;VRTS STORAGE FOUNDATBAND A ESSENTIAL 1MO;VRTS STORAGE FOUNDATBAND A ESSENTIAL 1MO;;;;79;;
1;3;2094;1;368,9016;299,92;VRTS STORAGE FOUNDATBAND A ESSENTIAL 1MO;21016328;;VRTS STORAGE FOUNDATBAND A ESSENTIAL 1MO;VRTS STORAGE FOUNDATBAND A ESSENTIAL 1MO;VRTS STORAGE FOUNDATBAND A ESSENTIAL 1MO;VRTS STORAGE FOUNDATBAND A ESSENTIAL 1MO;;;;79;;
1;3;2094;1;276,5778;224,86;VRTS STORAGE FOUNDATBAND A ESSENTIAL 1MO;21016329;;VRTS STORAGE FOUNDATBAND A ESSENTIAL 1MO;VRTS STORAGE FOUNDATBAND A ESSENTIAL 1MO;VRTS STORAGE FOUNDATBAND A ESSENTIAL 1MO;VRTS STORAGE FOUNDATBAND A ESSENTIAL 1MO;;;;79;;
1;3;2094;1;1661,2011;1350,57;VRTS STORAGE FOUNDATBAND A ESSENTIAL 1MO;21016330;;VRTS STORAGE FOUNDATBAND A ESSENTIAL 1MO;VRTS STORAGE FOUNDATBAND A ESSENTIAL 1MO;VRTS STORAGE FOUNDATBAND A ESSENTIAL 1MO;VRTS STORAGE FOUNDATBAND A ESSENTIAL 1MO;;;;79;;
1;3;2094;1;178,1286;144,82;VRTS STORAGE FOUNDATBAND A ESSENTIAL 1MO;21016331;;VRTS STORAGE FOUNDATBAND A ESSENTIAL 1MO;VRTS STORAGE FOUNDATBAND A ESSENTIAL 1MO;VRTS STORAGE FOUNDATBAND A ESSENTIAL 1MO;VRTS STORAGE FOUNDATBAND A ESSENTIAL 1MO;;;;79;;
1;3;2094;1;59,1507;48,09;VRTS STORAGE FOUNDATBAND A ESSENTIAL 1MO;21016333;;VRTS STORAGE FOUNDATBAND A ESSENTIAL 1MO;VRTS STORAGE FOUNDATBAND A ESSENTIAL 1MO;VRTS STORAGE FOUNDATBAND A ESSENTIAL 1MO;VRTS STORAGE FOUNDATBAND A ESSENTIAL 1MO;;;;79;;
1;3;2094;1;22,2261;18,07;VRTS STORAGE FOUNDATBAND A ESSENTIAL 1MO;21016334;;VRTS STORAGE FOUNDATBAND A ESSENTIAL 1MO;VRTS STORAGE FOUNDATBAND A ESSENTIAL 1MO;VRTS STORAGE FOUNDATBAND A ESSENTIAL 1MO;VRTS STORAGE FOUNDATBAND A ESSENTIAL 1MO;;;;79;;
1;3;2094;1;184,2786;149,82;VRTS STORAGE FOUNDATBAND A ESSENTIAL 1MO;21016335;;VRTS STORAGE FOUNDATBAND A ESSENTIAL 1MO;VRTS STORAGE FOUNDATBAND A ESSENTIAL 1MO;VRTS STORAGE FOUNDATBAND A ESSENTIAL 1MO;VRTS STORAGE FOUNDATBAND A ESSENTIAL 1MO;;;;79;;
1;3;2094;1;61,2048;49,76;VRTS STORAGE FOUNDATBAND A ESSENTIAL 1MO;21016336;;VRTS STORAGE FOUNDATBAND A ESSENTIAL 1MO;VRTS STORAGE FOUNDATBAND A ESSENTIAL 1MO;VRTS STORAGE FOUNDATBAND A ESSENTIAL 1MO;VRTS STORAGE FOUNDATBAND A ESSENTIAL 1MO;;;;79;;
1;3;2094;1;27,0108;21,96;VRTS STORAGE FOUNDATBAND A ESSENTIAL 1MO;21016337;;VRTS STORAGE FOUNDATBAND A ESSENTIAL 1MO;VRTS STORAGE FOUNDATBAND A ESSENTIAL 1MO;VRTS STORAGE FOUNDATBAND A ESSENTIAL 1MO;VRTS STORAGE FOUNDATBAND A ESSENTIAL 1MO;;;;79;;
1;3;2094;1;68,0313;55,31;VRTS STORAGE FOUNDATBAND A ESSENTIAL 1MO;21016338;;VRTS STORAGE FOUNDATBAND A ESSENTIAL 1MO;VRTS STORAGE FOUNDATBAND A ESSENTIAL 1MO;VRTS STORAGE FOUNDATBAND A ESSENTIAL 1MO;VRTS STORAGE FOUNDATBAND A ESSENTIAL 1MO;;;;79;;
1;3;2094;1;984,2706;800,22;VRTS STORAGE FOUNDATBAND A ESSENTIAL 1MO;21016339;;VRTS STORAGE FOUNDATBAND A ESSENTIAL 1MO;VRTS STORAGE FOUNDATBAND A ESSENTIAL 1MO;VRTS STORAGE FOUNDATBAND A ESSENTIAL 1MO;VRTS STORAGE FOUNDATBAND A ESSENTIAL 1MO;;;;79;;
1;3;2094;1;358,6311;291,57;VRTS STORAGE FOUNDATBAND B ESSENTIAL 1MO;21016370;;VRTS STORAGE FOUNDATBAND B ESSENTIAL 1MO;VRTS STORAGE FOUNDATBAND B ESSENTIAL 1MO;VRTS STORAGE FOUNDATBAND B ESSENTIAL 1MO;VRTS STORAGE FOUNDATBAND B ESSENTIAL 1MO;;;;79;;
1;3;2094;1;2050,9266;1667,42;VRTS STORAGE FOUNDATBAND B ESSENTIAL 1MO;21016371;;VRTS STORAGE FOUNDATBAND B ESSENTIAL 1MO;VRTS STORAGE FOUNDATBAND B ESSENTIAL 1MO;VRTS STORAGE FOUNDATBAND B ESSENTIAL 1MO;VRTS STORAGE FOUNDATBAND B ESSENTIAL 1MO;;;;79;;
1;3;2094;1;1107,3567;900,29;VRTS STORAGE FOUNDATBAND B ESSENTIAL 1MO;21016372;;VRTS STORAGE FOUNDATBAND B ESSENTIAL 1MO;VRTS STORAGE FOUNDATBAND B ESSENTIAL 1MO;VRTS STORAGE FOUNDATBAND B ESSENTIAL 1MO;VRTS STORAGE FOUNDATBAND B ESSENTIAL 1MO;;;;79;;
1;3;2094;1;368,9016;299,92;VRTS STORAGE FOUNDATBAND B ESSENTIAL 1MO;21016374;;VRTS STORAGE FOUNDATBAND B ESSENTIAL 1MO;VRTS STORAGE FOUNDATBAND B ESSENTIAL 1MO;VRTS STORAGE FOUNDATBAND B ESSENTIAL 1MO;VRTS STORAGE FOUNDATBAND B ESSENTIAL 1MO;;;;79;;
1;3;2094;1;276,5778;224,86;VRTS STORAGE FOUNDATBAND B ESSENTIAL 1MO;21016375;;VRTS STORAGE FOUNDATBAND B ESSENTIAL 1MO;VRTS STORAGE FOUNDATBAND B ESSENTIAL 1MO;VRTS STORAGE FOUNDATBAND B ESSENTIAL 1MO;VRTS STORAGE FOUNDATBAND B ESSENTIAL 1MO;;;;79;;
1;3;2094;1;1661,2011;1350,57;VRTS STORAGE FOUNDATBAND B ESSENTIAL 1MO;21016376;;VRTS STORAGE FOUNDATBAND B ESSENTIAL 1MO;VRTS STORAGE FOUNDATBAND B ESSENTIAL 1MO;VRTS STORAGE FOUNDATBAND B ESSENTIAL 1MO;VRTS STORAGE FOUNDATBAND B ESSENTIAL 1MO;;;;79;;
1;3;2094;1;178,1286;144,82;VRTS STORAGE FOUNDATBAND B ESSENTIAL 1MO;21016377;;VRTS STORAGE FOUNDATBAND B ESSENTIAL 1MO;VRTS STORAGE FOUNDATBAND B ESSENTIAL 1MO;VRTS STORAGE FOUNDATBAND B ESSENTIAL 1MO;VRTS STORAGE FOUNDATBAND B ESSENTIAL 1MO;;;;79;;
1;3;2094;1;59,1507;48,09;VRTS STORAGE FOUNDATBAND B ESSENTIAL 1MO;21016378;;VRTS STORAGE FOUNDATBAND B ESSENTIAL 1MO;VRTS STORAGE FOUNDATBAND B ESSENTIAL 1MO;VRTS STORAGE FOUNDATBAND B ESSENTIAL 1MO;VRTS STORAGE FOUNDATBAND B ESSENTIAL 1MO;;;;79;;
1;3;2094;1;22,2261;18,07;VRTS STORAGE FOUNDATBAND B ESSENTIAL 1MO;21016381;;VRTS STORAGE FOUNDATBAND B ESSENTIAL 1MO;VRTS STORAGE FOUNDATBAND B ESSENTIAL 1MO;VRTS STORAGE FOUNDATBAND B ESSENTIAL 1MO;VRTS STORAGE FOUNDATBAND B ESSENTIAL 1MO;;;;79;;
1;3;2094;1;184,2786;149,82;VRTS STORAGE FOUNDATBAND B ESSENTIAL 1MO;21016382;;VRTS STORAGE FOUNDATBAND B ESSENTIAL 1MO;VRTS STORAGE FOUNDATBAND B ESSENTIAL 1MO;VRTS STORAGE FOUNDATBAND B ESSENTIAL 1MO;VRTS STORAGE FOUNDATBAND B ESSENTIAL 1MO;;;;79;;
1;3;2094;1;61,2048;49,76;VRTS STORAGE FOUNDATBAND B ESSENTIAL 1MO;21016383;;VRTS STORAGE FOUNDATBAND B ESSENTIAL 1MO;VRTS STORAGE FOUNDATBAND B ESSENTIAL 1MO;VRTS STORAGE FOUNDATBAND B ESSENTIAL 1MO;VRTS STORAGE FOUNDATBAND B ESSENTIAL 1MO;;;;79;;
1;3;2094;1;27,0108;21,96;VRTS STORAGE FOUNDATBAND B ESSENTIAL 1MO;21016384;;VRTS STORAGE FOUNDATBAND B ESSENTIAL 1MO;VRTS STORAGE FOUNDATBAND B ESSENTIAL 1MO;VRTS STORAGE FOUNDATBAND B ESSENTIAL 1MO;VRTS STORAGE FOUNDATBAND B ESSENTIAL 1MO;;;;79;;
1;3;2094;1;68,0313;55,31;VRTS STORAGE FOUNDATBAND B ESSENTIAL 1MO;21016385;;VRTS STORAGE FOUNDATBAND B ESSENTIAL 1MO;VRTS STORAGE FOUNDATBAND B ESSENTIAL 1MO;VRTS STORAGE FOUNDATBAND B ESSENTIAL 1MO;VRTS STORAGE FOUNDATBAND B ESSENTIAL 1MO;;;;79;;
1;3;2094;1;984,2706;800,22;VRTS STORAGE FOUNDATBAND B ESSENTIAL 1MO;21016386;;VRTS STORAGE FOUNDATBAND B ESSENTIAL 1MO;VRTS STORAGE FOUNDATBAND B ESSENTIAL 1MO;VRTS STORAGE FOUNDATBAND B ESSENTIAL 1MO;VRTS STORAGE FOUNDATBAND B ESSENTIAL 1MO;;;;79;;
1;3;2094;1;222,0396;180,52;PROTECT STE ADV BUS ED 3.0 5U RNWL BAS;21017096;;PROTECT STE ADV BUS ED 3.0 5U RNWL BAS;PROTECT STE ADV BUS ED 3.0 5U RNWL BAS;PROTECT STE ADV BUS ED 3.0 5U RNWL BAS;PROTECT STE ADV BUS ED 3.0 5U RNWL BAS;;;;79;;
1;3;2094;1;421,6686;342,82;PROTECT STE ADV BUS ED 3.0 10U RNWL BAS;21017097;;PROTECT STE ADV BUS ED 3.0 10U RNWL BAS;PROTECT STE ADV BUS ED 3.0 10U RNWL BAS;PROTECT STE ADV BUS ED 3.0 10U RNWL BAS;PROTECT STE ADV BUS ED 3.0 10U RNWL BAS;;;;79;;
1;3;2094;1;471,1023;383,01;PROTECT STE ADV BUS ED 3.0 10U RNWL ESS;21017098;;PROTECT STE ADV BUS ED 3.0 10U RNWL ESS;PROTECT STE ADV BUS ED 3.0 10U RNWL ESS;PROTECT STE ADV BUS ED 3.0 10U RNWL ESS;PROTECT STE ADV BUS ED 3.0 10U RNWL ESS;;;;79;;
1;3;2094;1;1064,9955;865,85;PROTECT STE ADV BUS ED 3.0 25U RNWL ESS;21017099;;PROTECT STE ADV BUS ED 3.0 25U RNWL ESS;PROTECT STE ADV BUS ED 3.0 25U RNWL ESS;PROTECT STE ADV BUS ED 3.0 25U RNWL ESS;PROTECT STE ADV BUS ED 3.0 25U RNWL ESS;;;;79;;
1;3;2094;1;953,25;775;PROTECT STE ADV BUS ED 3.0 25U RNWL BAS;21017100;;PROTECT STE ADV BUS ED 3.0 25U RNWL BAS;PROTECT STE ADV BUS ED 3.0 25U RNWL BAS;PROTECT STE ADV BUS ED 3.0 25U RNWL BAS;PROTECT STE ADV BUS ED 3.0 25U RNWL BAS;;;;79;;
1;3;2094;1;242,2362;196,94;PROTECT STE ADV BUS ED 3.0 5U RNWL ESS;21017101;;PROTECT STE ADV BUS ED 3.0 5U RNWL ESS;PROTECT STE ADV BUS ED 3.0 5U RNWL ESS;PROTECT STE ADV BUS ED 3.0 5U RNWL ESS;PROTECT STE ADV BUS ED 3.0 5U RNWL ESS;;;;79;;
1;3;2094;1;339840,2547;276292,89;SYMCBRIGHTMAIL ANALYST SERVICE DEDICATED;21017390;;SYMCBRIGHTMAIL ANALYST SERVICE DEDICATED;SYMCBRIGHTMAIL ANALYST SERVICE DEDICATED;SYMCBRIGHTMAIL ANALYST SERVICE DEDICATED;SYMCBRIGHTMAIL ANALYST SERVICE DEDICATED;;;;79;;
1;3;2094;1;61171,2456;49732,72;SYMC BRIGHTMAIL ANALYST SERVICE ASSIGNED;21017391;;SYMC BRIGHTMAIL ANALYST SERVICE ASSIGNED;SYMC BRIGHTMAIL ANALYST SERVICE ASSIGNED;SYMC BRIGHTMAIL ANALYST SERVICE ASSIGNED;SYMC BRIGHTMAIL ANALYST SERVICE ASSIGNED;;;;79;;
1;3;2094;1;7440,7128;6049,36;REW CCS VUL MGR BASE 10.0 RNWL BAS 12M B;21017722;;REW CCS VUL MGR BASE 10.0 RNWL BAS 12M B;REW CCS VUL MGR BASE 10.0 RNWL BAS 12M B;REW CCS VUL MGR BASE 10.0 RNWL BAS 12M B;REW CCS VUL MGR BASE 10.0 RNWL BAS 12M B;;;;79;;
1;3;2094;1;7336,5441;5964,67;REW CCS VUL MGR BASE 10.0 RNWL ESS 12M E;21017723;;REW CCS VUL MGR BASE 10.0 RNWL ESS 12M E;REW CCS VUL MGR BASE 10.0 RNWL ESS 12M E;REW CCS VUL MGR BASE 10.0 RNWL ESS 12M E;REW CCS VUL MGR BASE 10.0 RNWL ESS 12M E;;;;79;;
1;3;2094;1;5952,5727;4839,49;CNTRL CMPLNC VUL MGR 10.0RENEW12MO ACD-S;21017724;;CNTRL CMPLNC VUL MGR 10.0RENEW12MO ACD-S;CNTRL CMPLNC VUL MGR 10.0RENEW12MO ACD-S;CNTRL CMPLNC VUL MGR 10.0RENEW12MO ACD-S;CNTRL CMPLNC VUL MGR 10.0RENEW12MO ACD-S;;;;79;;
1;3;2094;1;31002,9618;25205,66;REW CCS VUL MGR BASE 10.0 BDL STD LIC A BAS 12M;21017725;;REW CCS VUL MGR BASE 10.0 BDL STD LIC A BAS 12M;REW CCS VUL MGR BASE 10.0 BDL STD LIC A BAS 12M;REW CCS VUL MGR BASE 10.0 BDL STD LIC A BAS 12M;REW CCS VUL MGR BASE 10.0 BDL STD LIC A BAS 12M;;;;79;;
1;3;2094;1;26352,5163;21424,81;REW CCS VUL MGR BASE 10.0 BDL STD LIC C BAS 12M;21017726;;REW CCS VUL MGR BASE 10.0 BDL STD LIC C BAS 12M;REW CCS VUL MGR BASE 10.0 BDL STD LIC C BAS 12M;REW CCS VUL MGR BASE 10.0 BDL STD LIC C BAS 12M;REW CCS VUL MGR BASE 10.0 BDL STD LIC C BAS 12M;;;;79;;
1;3;2094;1;32553,1185;26465,95;REW CCS VUL MGR BASE 10.0 BDL STD LIC A ESS 12M;21017730;;REW CCS VUL MGR BASE 10.0 BDL STD LIC A ESS 12M;REW CCS VUL MGR BASE 10.0 BDL STD LIC A ESS 12M;REW CCS VUL MGR BASE 10.0 BDL STD LIC A ESS 12M;REW CCS VUL MGR BASE 10.0 BDL STD LIC A ESS 12M;;;;79;;
1;3;2094;1;26042,4948;21172,76;AE CCS VUL MGR BASE 10.0 BDL STD LIC S ESS 12M;21017731;;AE CCS VUL MGR BASE 10.0 BDL STD LIC S ESS 12M;AE CCS VUL MGR BASE 10.0 BDL STD LIC S ESS 12M;AE CCS VUL MGR BASE 10.0 BDL STD LIC S ESS 12M;AE CCS VUL MGR BASE 10.0 BDL STD LIC S ESS 12M;;;;79;;
1;3;2094;1;24802,3719;20164,53;AE CCS VUL MGR BASE 10.0 BDL STD LIC S BAS 12M;21017735;;AE CCS VUL MGR BASE 10.0 BDL STD LIC S BAS 12M;AE CCS VUL MGR BASE 10.0 BDL STD LIC S BAS 12M;AE CCS VUL MGR BASE 10.0 BDL STD LIC S BAS 12M;AE CCS VUL MGR BASE 10.0 BDL STD LIC S BAS 12M;;;;79;;
1;3;2094;1;6324,6108;5141,96;REW CCS VUL MGR BASE 10.0 INITIAL BAS 12M C;21017738;;REW CCS VUL MGR BASE 10.0 INITIAL BAS 12M C;REW CCS VUL MGR BASE 10.0 INITIAL BAS 12M C;REW CCS VUL MGR BASE 10.0 INITIAL BAS 12M C;REW CCS VUL MGR BASE 10.0 INITIAL BAS 12M C;;;;79;;
1;3;2094;1;6198,1053;5039,11;REW CCS VUL MGR BASE 10.0 INITIAL BAS 12M D;21017739;;REW CCS VUL MGR BASE 10.0 INITIAL BAS 12M D;REW CCS VUL MGR BASE 10.0 INITIAL BAS 12M D;REW CCS VUL MGR BASE 10.0 INITIAL BAS 12M D;REW CCS VUL MGR BASE 10.0 INITIAL BAS 12M D;;;;79;;
1;3;2094;1;10760,1261;8748,07;SIM 4.7 100 BNDL MULTI LIC ESS VPA;21017740;;SIM 4.7 100 BNDL MULTI LIC ESS VPA;SIM 4.7 100 BNDL MULTI LIC ESS VPA;SIM 4.7 100 BNDL MULTI LIC ESS VPA;SIM 4.7 100 BNDL MULTI LIC ESS VPA;;;;79;;
1;3;2094;1;8990,8695;7309,65;REW CCS VUL MGR BASE 10.0 INITIAL ESS 12M A;21017741;;REW CCS VUL MGR BASE 10.0 INITIAL ESS 12M A;REW CCS VUL MGR BASE 10.0 INITIAL ESS 12M A;REW CCS VUL MGR BASE 10.0 INITIAL ESS 12M A;REW CCS VUL MGR BASE 10.0 INITIAL ESS 12M A;;;;79;;
1;3;2094;1;5952,5727;4839,49;AE CCS VUL MGR BASE 10.0 INITIAL BAS 12M S;21017742;;AE CCS VUL MGR BASE 10.0 INITIAL BAS 12M S;AE CCS VUL MGR BASE 10.0 INITIAL BAS 12M S;AE CCS VUL MGR BASE 10.0 INITIAL BAS 12M S;AE CCS VUL MGR BASE 10.0 INITIAL BAS 12M S;;;;79;;
1;3;2094;1;8904,9294;7239,78;CNTRL CMPLNC 10.0 INITIAL BASIC 12MO VPA;21017743;;CNTRL CMPLNC 10.0 INITIAL BASIC 12MO VPA;CNTRL CMPLNC 10.0 INITIAL BASIC 12MO VPA;CNTRL CMPLNC 10.0 INITIAL BASIC 12MO VPA;CNTRL CMPLNC 10.0 INITIAL BASIC 12MO VPA;;;;79;;
1;3;2094;1;7440,7128;6049,36;REW CCS VUL MGR BASE 10.0 INITIAL BAS 12M B;21017745;;REW CCS VUL MGR BASE 10.0 INITIAL BAS 12M B;REW CCS VUL MGR BASE 10.0 INITIAL BAS 12M B;REW CCS VUL MGR BASE 10.0 INITIAL BAS 12M B;REW CCS VUL MGR BASE 10.0 INITIAL BAS 12M B;;;;79;;
1;3;2094;1;8990,8695;7309,65;REW CCS VUL MGR BASE 10.0 RNWL ESS 12M A;21017746;;REW CCS VUL MGR BASE 10.0 RNWL ESS 12M A;REW CCS VUL MGR BASE 10.0 RNWL ESS 12M A;REW CCS VUL MGR BASE 10.0 RNWL ESS 12M A;REW CCS VUL MGR BASE 10.0 RNWL ESS 12M A;;;;79;;
1;3;2094;1;7192,6833;5847,71;CNTRL CMPLNC VUL MGR 10.0RENEW12MO ACD-S;21017748;;CNTRL CMPLNC VUL MGR 10.0RENEW12MO ACD-S;CNTRL CMPLNC VUL MGR 10.0RENEW12MO ACD-S;CNTRL CMPLNC VUL MGR 10.0RENEW12MO ACD-S;CNTRL CMPLNC VUL MGR 10.0RENEW12MO ACD-S;;;;79;;
1;3;2094;1;27670,1538;22496,06;REW CCS VUL MGR BASE 10.0 BDL STD LIC C ESS 12M;21017750;;REW CCS VUL MGR BASE 10.0 BDL STD LIC C ESS 12M;REW CCS VUL MGR BASE 10.0 BDL STD LIC C ESS 12M;REW CCS VUL MGR BASE 10.0 BDL STD LIC C ESS 12M;REW CCS VUL MGR BASE 10.0 BDL STD LIC C ESS 12M;;;;79;;
1;3;2094;1;31002,9618;25205,66;EXP CCS VUL MGR BASE 10.0 BDL STD LIC S BAS 12M;21017752;;EXP CCS VUL MGR BASE 10.0 BDL STD LIC S BAS 12M;EXP CCS VUL MGR BASE 10.0 BDL STD LIC S BAS 12M;EXP CCS VUL MGR BASE 10.0 BDL STD LIC S BAS 12M;EXP CCS VUL MGR BASE 10.0 BDL STD LIC S BAS 12M;;;;79;;
1;3;2094;1;27116,7522;22046,14;REW CCS VUL MGR BASE 10.0 BDL STD LIC D ESS 12M;21017753;;REW CCS VUL MGR BASE 10.0 BDL STD LIC D ESS 12M;REW CCS VUL MGR BASE 10.0 BDL STD LIC D ESS 12M;REW CCS VUL MGR BASE 10.0 BDL STD LIC D ESS 12M;REW CCS VUL MGR BASE 10.0 BDL STD LIC D ESS 12M;;;;79;;
1;3;2094;1;32553,1185;26465,95;EXP CCS VUL MGR BASE 10.0 BDL STD LIC S ESS 12M;21017754;;EXP CCS VUL MGR BASE 10.0 BDL STD LIC S ESS 12M;EXP CCS VUL MGR BASE 10.0 BDL STD LIC S ESS 12M;EXP CCS VUL MGR BASE 10.0 BDL STD LIC S ESS 12M;EXP CCS VUL MGR BASE 10.0 BDL STD LIC S ESS 12M;;;;79;;
1;3;2094;1;7642,236;6213,2;REW CCS VUL MGR BASE 10.0 INITIAL ESS 12M C;21017758;;REW CCS VUL MGR BASE 10.0 INITIAL ESS 12M C;REW CCS VUL MGR BASE 10.0 INITIAL ESS 12M C;REW CCS VUL MGR BASE 10.0 INITIAL ESS 12M C;REW CCS VUL MGR BASE 10.0 INITIAL ESS 12M C;;;;79;;
1;3;2094;1;7336,5441;5964,67;REW CCS VUL MGR BASE 10.0 INITIAL ESS 12M E;21017759;;REW CCS VUL MGR BASE 10.0 INITIAL ESS 12M E;REW CCS VUL MGR BASE 10.0 INITIAL ESS 12M E;REW CCS VUL MGR BASE 10.0 INITIAL ESS 12M E;REW CCS VUL MGR BASE 10.0 INITIAL ESS 12M E;;;;79;;
1;3;2094;1;8811,0435;7163,45;GOV CCS VUL MGR BASE 10.0 INITIAL ESS 12M S;21017760;;GOV CCS VUL MGR BASE 10.0 INITIAL ESS 12M S;GOV CCS VUL MGR BASE 10.0 INITIAL ESS 12M S;GOV CCS VUL MGR BASE 10.0 INITIAL ESS 12M S;GOV CCS VUL MGR BASE 10.0 INITIAL ESS 12M S;;;;79;;
1;3;2094;1;31902,0549;25936,63;GOV CCS VUL MGR BASE 10.0 BDL STD LIC S ESS 12M;21017762;;GOV CCS VUL MGR BASE 10.0 BDL STD LIC S ESS 12M;GOV CCS VUL MGR BASE 10.0 BDL STD LIC S ESS 12M;GOV CCS VUL MGR BASE 10.0 BDL STD LIC S ESS 12M;GOV CCS VUL MGR BASE 10.0 BDL STD LIC S ESS 12M;;;;79;;
1;3;2094;1;37103,8725;30165,75;SIM 4.7 100 BNDL MULTI LIC ESS VPA;21017764;;SIM 4.7 100 BNDL MULTI LIC ESS VPA;SIM 4.7 100 BNDL MULTI LIC ESS VPA;SIM 4.7 100 BNDL MULTI LIC ESS VPA;SIM 4.7 100 BNDL MULTI LIC ESS VPA;;;;79;;
1;3;2094;1;31002,9618;25205,66;REW CCS VUL MGR BASE 10.0 BDL STD LIC B BAS 12M;21017765;;REW CCS VUL MGR BASE 10.0 BDL STD LIC B BAS 12M;REW CCS VUL MGR BASE 10.0 BDL STD LIC B BAS 12M;REW CCS VUL MGR BASE 10.0 BDL STD LIC B BAS 12M;REW CCS VUL MGR BASE 10.0 BDL STD LIC B BAS 12M;;;;79;;
1;3;2094;1;32553,1185;26465,95;REW CCS VUL MGR BASE 10.0 BDL STD LIC B ESS 12M;21017766;;REW CCS VUL MGR BASE 10.0 BDL STD LIC B ESS 12M;REW CCS VUL MGR BASE 10.0 BDL STD LIC B ESS 12M;REW CCS VUL MGR BASE 10.0 BDL STD LIC B ESS 12M;REW CCS VUL MGR BASE 10.0 BDL STD LIC B ESS 12M;;;;79;;
1;3;2094;1;25825,4613;20996,31;REW CCS VUL MGR BASE 10.0 BDL STD LIC D BAS 12M;21017770;;REW CCS VUL MGR BASE 10.0 BDL STD LIC D BAS 12M;REW CCS VUL MGR BASE 10.0 BDL STD LIC D BAS 12M;REW CCS VUL MGR BASE 10.0 BDL STD LIC D BAS 12M;REW CCS VUL MGR BASE 10.0 BDL STD LIC D BAS 12M;;;;79;;
1;3;2094;1;30382,9065;24701,55;GOV CCS VUL MGR BASE 10.0 BDL STD LIC S BAS 12M;21017771;;GOV CCS VUL MGR BASE 10.0 BDL STD LIC S BAS 12M;GOV CCS VUL MGR BASE 10.0 BDL STD LIC S BAS 12M;GOV CCS VUL MGR BASE 10.0 BDL STD LIC S BAS 12M;GOV CCS VUL MGR BASE 10.0 BDL STD LIC S BAS 12M;;;;79;;
1;3;2094;1;25298,4309;20567,83;REW CCS VUL MGR BASE 10.0 BDL STD LIC E BAS 12M;21017777;;REW CCS VUL MGR BASE 10.0 BDL STD LIC E BAS 12M;REW CCS VUL MGR BASE 10.0 BDL STD LIC E BAS 12M;REW CCS VUL MGR BASE 10.0 BDL STD LIC E BAS 12M;REW CCS VUL MGR BASE 10.0 BDL STD LIC E BAS 12M;;;;79;;
1;3;2094;1;38959,0815;31674,05;SIM 4.7 100 BNDL MULTI LIC ESS VPA;21017778;;SIM 4.7 100 BNDL MULTI LIC ESS VPA;SIM 4.7 100 BNDL MULTI LIC ESS VPA;SIM 4.7 100 BNDL MULTI LIC ESS VPA;SIM 4.7 100 BNDL MULTI LIC ESS VPA;;;;79;;
1;3;2094;1;26563,3383;21596,21;REW CCS VUL MGR BASE 10.0 BDL STD LIC E ESS 12M;21017779;;REW CCS VUL MGR BASE 10.0 BDL STD LIC E ESS 12M;REW CCS VUL MGR BASE 10.0 BDL STD LIC E ESS 12M;REW CCS VUL MGR BASE 10.0 BDL STD LIC E ESS 12M;REW CCS VUL MGR BASE 10.0 BDL STD LIC E ESS 12M;;;;79;;
1;3;2094;1;7440,7128;6049,36;REW CCS VUL MGR BASE 10.0 RNWL BAS 12M A;21017780;;REW CCS VUL MGR BASE 10.0 RNWL BAS 12M A;REW CCS VUL MGR BASE 10.0 RNWL BAS 12M A;REW CCS VUL MGR BASE 10.0 RNWL BAS 12M A;REW CCS VUL MGR BASE 10.0 RNWL BAS 12M A;;;;79;;
1;3;2094;1;8990,8695;7309,65;EXP CCS VUL MGR BASE 10.0 RNWL ESS 12M S;21017782;;EXP CCS VUL MGR BASE 10.0 RNWL ESS 12M S;EXP CCS VUL MGR BASE 10.0 RNWL ESS 12M S;EXP CCS VUL MGR BASE 10.0 RNWL ESS 12M S;EXP CCS VUL MGR BASE 10.0 RNWL ESS 12M S;;;;79;;
1;3;2094;1;6071,6121;4936,27;REW CCS VUL MGR BASE 10.0 RNWL BAS 12M E;21017783;;REW CCS VUL MGR BASE 10.0 RNWL BAS 12M E;REW CCS VUL MGR BASE 10.0 RNWL BAS 12M E;REW CCS VUL MGR BASE 10.0 RNWL BAS 12M E;REW CCS VUL MGR BASE 10.0 RNWL BAS 12M E;;;;79;;
1;3;2094;1;7291,9074;5928,38;GOV CCS VUL MGR BASE 10.0 RNWL BAS 12M S;21017784;;GOV CCS VUL MGR BASE 10.0 RNWL BAS 12M S;GOV CCS VUL MGR BASE 10.0 RNWL BAS 12M S;GOV CCS VUL MGR BASE 10.0 RNWL BAS 12M S;GOV CCS VUL MGR BASE 10.0 RNWL BAS 12M S;;;;79;;
1;3;2094;1;7440,7128;6049,36;EXP CCS VUL MGR BASE 10.0 RNWL BAS 12M S;21017785;;EXP CCS VUL MGR BASE 10.0 RNWL BAS 12M S;EXP CCS VUL MGR BASE 10.0 RNWL BAS 12M S;EXP CCS VUL MGR BASE 10.0 RNWL BAS 12M S;EXP CCS VUL MGR BASE 10.0 RNWL BAS 12M S;;;;79;;
1;3;2094;1;7489,3839;6088,93;REW CCS VUL MGR BASE 10.0 RNWL ESS 12M D;21017786;;REW CCS VUL MGR BASE 10.0 RNWL ESS 12M D;REW CCS VUL MGR BASE 10.0 RNWL ESS 12M D;REW CCS VUL MGR BASE 10.0 RNWL ESS 12M D;REW CCS VUL MGR BASE 10.0 RNWL ESS 12M D;;;;79;;
1;3;2094;1;6324,6108;5141,96;REW CCS VUL MGR BASE 10.0 RNWL BAS 12M C;21017787;;REW CCS VUL MGR BASE 10.0 RNWL BAS 12M C;REW CCS VUL MGR BASE 10.0 RNWL BAS 12M C;REW CCS VUL MGR BASE 10.0 RNWL BAS 12M C;REW CCS VUL MGR BASE 10.0 RNWL BAS 12M C;;;;79;;
1;3;2094;1;8990,8695;7309,65;REW CCS VUL MGR BASE 10.0 RNWL ESS 12M B;21017788;;REW CCS VUL MGR BASE 10.0 RNWL ESS 12M B;REW CCS VUL MGR BASE 10.0 RNWL ESS 12M B;REW CCS VUL MGR BASE 10.0 RNWL ESS 12M B;REW CCS VUL MGR BASE 10.0 RNWL ESS 12M B;;;;79;;
1;3;2094;1;7642,236;6213,2;REW CCS VUL MGR BASE 10.0 RNWL ESS 12M C;21017789;;REW CCS VUL MGR BASE 10.0 RNWL ESS 12M C;REW CCS VUL MGR BASE 10.0 RNWL ESS 12M C;REW CCS VUL MGR BASE 10.0 RNWL ESS 12M C;REW CCS VUL MGR BASE 10.0 RNWL ESS 12M C;;;;79;;
1;3;2094;1;8811,0435;7163,45;GOV CCS VUL MGR BASE 10.0 RNWL ESS 12M S;21017790;;GOV CCS VUL MGR BASE 10.0 RNWL ESS 12M S;GOV CCS VUL MGR BASE 10.0 RNWL ESS 12M S;GOV CCS VUL MGR BASE 10.0 RNWL ESS 12M S;GOV CCS VUL MGR BASE 10.0 RNWL ESS 12M S;;;;79;;
1;3;2094;1;6198,1053;5039,11;REW CCS VUL MGR BASE 10.0 RNWL BAS 12M D;21017791;;REW CCS VUL MGR BASE 10.0 RNWL BAS 12M D;REW CCS VUL MGR BASE 10.0 RNWL BAS 12M D;REW CCS VUL MGR BASE 10.0 RNWL BAS 12M D;REW CCS VUL MGR BASE 10.0 RNWL BAS 12M D;;;;79;;
1;3;2094;1;10792,4136;8774,32;SIM 4.7 100 BNDL MULTI LIC ESS VPA;21017792;;SIM 4.7 100 BNDL MULTI LIC ESS VPA;SIM 4.7 100 BNDL MULTI LIC ESS VPA;SIM 4.7 100 BNDL MULTI LIC ESS VPA;SIM 4.7 100 BNDL MULTI LIC ESS VPA;;;;79;;
1;3;2094;1;8904,9294;7239,78;CNTRL CMPLNC 10.0 RENEWAL BASIC 12MO VPA;21017793;;CNTRL CMPLNC 10.0 RENEWAL BASIC 12MO VPA;CNTRL CMPLNC 10.0 RENEWAL BASIC 12MO VPA;CNTRL CMPLNC 10.0 RENEWAL BASIC 12MO VPA;CNTRL CMPLNC 10.0 RENEWAL BASIC 12MO VPA;;;;79;;
1;3;2094;1;6071,6121;4936,27;REW CCS VUL MGR BASE 10.0 INITIAL BAS 12M E;21017794;;REW CCS VUL MGR BASE 10.0 INITIAL BAS 12M E;REW CCS VUL MGR BASE 10.0 INITIAL BAS 12M E;REW CCS VUL MGR BASE 10.0 INITIAL BAS 12M E;REW CCS VUL MGR BASE 10.0 INITIAL BAS 12M E;;;;79;;
1;3;2094;1;7291,9074;5928,38;GOV CCS VUL MGR BASE 10.0 INITIAL BAS 12M S;21017795;;GOV CCS VUL MGR BASE 10.0 INITIAL BAS 12M S;GOV CCS VUL MGR BASE 10.0 INITIAL BAS 12M S;GOV CCS VUL MGR BASE 10.0 INITIAL BAS 12M S;GOV CCS VUL MGR BASE 10.0 INITIAL BAS 12M S;;;;79;;
1;3;2094;1;8990,8695;7309,65;EXP CCS VUL MGR BASE 10.0 INITIAL ESS 12M S;21017796;;EXP CCS VUL MGR BASE 10.0 INITIAL ESS 12M S;EXP CCS VUL MGR BASE 10.0 INITIAL ESS 12M S;EXP CCS VUL MGR BASE 10.0 INITIAL ESS 12M S;EXP CCS VUL MGR BASE 10.0 INITIAL ESS 12M S;;;;79;;
1;3;2094;1;7440,7128;6049,36;EXP CCS VUL MGR BASE 10.0 INITIAL BAS 12M S;21017797;;EXP CCS VUL MGR BASE 10.0 INITIAL BAS 12M S;EXP CCS VUL MGR BASE 10.0 INITIAL BAS 12M S;EXP CCS VUL MGR BASE 10.0 INITIAL BAS 12M S;EXP CCS VUL MGR BASE 10.0 INITIAL BAS 12M S;;;;79;;
1;3;2094;1;8990,8695;7309,65;REW CCS VUL MGR BASE 10.0 INITIAL ESS 12M B;21017798;;REW CCS VUL MGR BASE 10.0 INITIAL ESS 12M B;REW CCS VUL MGR BASE 10.0 INITIAL ESS 12M B;REW CCS VUL MGR BASE 10.0 INITIAL ESS 12M B;REW CCS VUL MGR BASE 10.0 INITIAL ESS 12M B;;;;79;;
1;3;2094;1;7440,7128;6049,36;REW CCS VUL MGR BASE 10.0 INITIAL BAS 12M A;21017799;;REW CCS VUL MGR BASE 10.0 INITIAL BAS 12M A;REW CCS VUL MGR BASE 10.0 INITIAL BAS 12M A;REW CCS VUL MGR BASE 10.0 INITIAL BAS 12M A;REW CCS VUL MGR BASE 10.0 INITIAL BAS 12M A;;;;79;;
1;3;2094;1;7489,3839;6088,93;REW CCS VUL MGR BASE 10.0 INITIAL ESS 12M D;21017800;;REW CCS VUL MGR BASE 10.0 INITIAL ESS 12M D;REW CCS VUL MGR BASE 10.0 INITIAL ESS 12M D;REW CCS VUL MGR BASE 10.0 INITIAL ESS 12M D;REW CCS VUL MGR BASE 10.0 INITIAL ESS 12M D;;;;79;;
1;3;2094;1;7192,6833;5847,71;AE CCS VUL MGR BASE 10.0 INITIAL ESS 12M S;21017801;;AE CCS VUL MGR BASE 10.0 INITIAL ESS 12M S;AE CCS VUL MGR BASE 10.0 INITIAL ESS 12M S;AE CCS VUL MGR BASE 10.0 INITIAL ESS 12M S;AE CCS VUL MGR BASE 10.0 INITIAL ESS 12M S;;;;79;;
1;3;2094;1;45175,7475;36728,25;REW CCS VUL MGR BASE 10.0 XGR LIC INET SEC C BAS12M;21017806;;REW CCS VUL MGR BASE 10.0 XGR LIC INET SEC C BAS12M;REW CCS VUL MGR BASE 10.0 XGR LIC INET SEC C BAS12M;REW CCS VUL MGR BASE 10.0 XGR LIC INET SEC C BAS12M;REW CCS VUL MGR BASE 10.0 XGR LIC INET SEC C BAS12M;;;;79;;
1;3;2094;1;42518,3694;34567,78;AE CCS VUL MGR BASE 10.0 XGR LIC INET SEC S BAS12M;21017807;;AE CCS VUL MGR BASE 10.0 XGR LIC INET SEC S BAS12M;AE CCS VUL MGR BASE 10.0 XGR LIC INET SEC S BAS12M;AE CCS VUL MGR BASE 10.0 XGR LIC INET SEC S BAS12M;AE CCS VUL MGR BASE 10.0 XGR LIC INET SEC S BAS12M;;;;79;;
1;3;2094;1;66987,3744;54461,28;SIM 4.7 100 BNDL MULTI LIC ESS VPA;21017808;;SIM 4.7 100 BNDL MULTI LIC ESS VPA;SIM 4.7 100 BNDL MULTI LIC ESS VPA;SIM 4.7 100 BNDL MULTI LIC ESS VPA;SIM 4.7 100 BNDL MULTI LIC ESS VPA;;;;79;;
1;3;2094;1;55805,346;45370,2;REW CCS VUL MGR BASE 10.0 XGR LIC INET SEC B ESS12M;21017809;;REW CCS VUL MGR BASE 10.0 XGR LIC INET SEC B ESS12M;REW CCS VUL MGR BASE 10.0 XGR LIC INET SEC B ESS12M;REW CCS VUL MGR BASE 10.0 XGR LIC INET SEC B ESS12M;REW CCS VUL MGR BASE 10.0 XGR LIC INET SEC B ESS12M;;;;79;;
1;3;2094;1;52084,9896;42345,52;GOV CCS VUL MGR BASE 10.0 XGR LIC INET SEC S BAS12M;21017811;;GOV CCS VUL MGR BASE 10.0 XGR LIC INET SEC S BAS12M;GOV CCS VUL MGR BASE 10.0 XGR LIC INET SEC S BAS12M;GOV CCS VUL MGR BASE 10.0 XGR LIC INET SEC S BAS12M;GOV CCS VUL MGR BASE 10.0 XGR LIC INET SEC S BAS12M;;;;79;;
1;3;2094;1;53147,9433;43209,71;EXP CCS VUL MGR BASE 10.0 XGR LIC INET SEC S BAS12M;21017812;;EXP CCS VUL MGR BASE 10.0 XGR LIC INET SEC S BAS12M;EXP CCS VUL MGR BASE 10.0 XGR LIC INET SEC S BAS12M;EXP CCS VUL MGR BASE 10.0 XGR LIC INET SEC S BAS12M;EXP CCS VUL MGR BASE 10.0 XGR LIC INET SEC S BAS12M;;;;79;;
1;3;2094;1;47434,5441;38564,67;REW CCS VUL MGR BASE 10.0 XGR LIC INET SEC C ESS12M;21017813;;REW CCS VUL MGR BASE 10.0 XGR LIC INET SEC C ESS12M;REW CCS VUL MGR BASE 10.0 XGR LIC INET SEC C ESS12M;REW CCS VUL MGR BASE 10.0 XGR LIC INET SEC C ESS12M;REW CCS VUL MGR BASE 10.0 XGR LIC INET SEC C ESS12M;;;;79;;
1;3;2094;1;53147,9433;43209,71;REW CCS VUL MGR BASE 10.0 XGR LIC INET SEC B BAS12M;21017815;;REW CCS VUL MGR BASE 10.0 XGR LIC INET SEC B BAS12M;REW CCS VUL MGR BASE 10.0 XGR LIC INET SEC B BAS12M;REW CCS VUL MGR BASE 10.0 XGR LIC INET SEC B BAS12M;REW CCS VUL MGR BASE 10.0 XGR LIC INET SEC B BAS12M;;;;79;;
1;3;2094;1;55805,346;45370,2;REW CCS VUL MGR BASE 10.0 XGR LIC INET SEC A ESS12M;21017816;;REW CCS VUL MGR BASE 10.0 XGR LIC INET SEC A ESS12M;REW CCS VUL MGR BASE 10.0 XGR LIC INET SEC A ESS12M;REW CCS VUL MGR BASE 10.0 XGR LIC INET SEC A ESS12M;REW CCS VUL MGR BASE 10.0 XGR LIC INET SEC A ESS12M;;;;79;;
1;3;2094;1;55805,346;45370,2;EXP CCS VUL MGR BASE 10.0 XGR LIC INET SEC S ESS12M;21017817;;EXP CCS VUL MGR BASE 10.0 XGR LIC INET SEC S ESS12M;EXP CCS VUL MGR BASE 10.0 XGR LIC INET SEC S ESS12M;EXP CCS VUL MGR BASE 10.0 XGR LIC INET SEC S ESS12M;EXP CCS VUL MGR BASE 10.0 XGR LIC INET SEC S ESS12M;;;;79;;
1;3;2094;1;44644,2645;36296,15;AE CCS VUL MGR BASE 10.0 XGR LIC INET SEC S ESS12M;21017818;;AE CCS VUL MGR BASE 10.0 XGR LIC INET SEC S ESS12M;AE CCS VUL MGR BASE 10.0 XGR LIC INET SEC S ESS12M;AE CCS VUL MGR BASE 10.0 XGR LIC INET SEC S ESS12M;AE CCS VUL MGR BASE 10.0 XGR LIC INET SEC S ESS12M;;;;79;;
1;3;2094;1;53147,9433;43209,71;REW CCS VUL MGR BASE 10.0 XGR LIC INET SEC A BAS12M;21017819;;REW CCS VUL MGR BASE 10.0 XGR LIC INET SEC A BAS12M;REW CCS VUL MGR BASE 10.0 XGR LIC INET SEC A BAS12M;REW CCS VUL MGR BASE 10.0 XGR LIC INET SEC A BAS12M;REW CCS VUL MGR BASE 10.0 XGR LIC INET SEC A BAS12M;;;;79;;
1;3;2094;1;45537,1584;37022,08;REW CCS VUL MGR BASE 10.0 XGR LIC INET SEC E ESS12M;21017820;;REW CCS VUL MGR BASE 10.0 XGR LIC INET SEC E ESS12M;REW CCS VUL MGR BASE 10.0 XGR LIC INET SEC E ESS12M;REW CCS VUL MGR BASE 10.0 XGR LIC INET SEC E ESS12M;REW CCS VUL MGR BASE 10.0 XGR LIC INET SEC E ESS12M;;;;79;;
1;3;2094;1;63797,5047;51867,89;SIM 4.7 100 BNDL MULTI LIC ESS VPA;21017821;;SIM 4.7 100 BNDL MULTI LIC ESS VPA;SIM 4.7 100 BNDL MULTI LIC ESS VPA;SIM 4.7 100 BNDL MULTI LIC ESS VPA;SIM 4.7 100 BNDL MULTI LIC ESS VPA;;;;79;;
1;3;2094;1;54689,2317;44462,79;GOV CCS VUL MGR BASE 10.0 XGR LIC INET SEC S ESS12M;21017822;;GOV CCS VUL MGR BASE 10.0 XGR LIC INET SEC S ESS12M;GOV CCS VUL MGR BASE 10.0 XGR LIC INET SEC S ESS12M;GOV CCS VUL MGR BASE 10.0 XGR LIC INET SEC S ESS12M;GOV CCS VUL MGR BASE 10.0 XGR LIC INET SEC S ESS12M;;;;79;;
1;3;2094;1;44272,2387;35993,69;REW CCS VUL MGR BASE 10.0 XGR LIC INET SEC D BAS12M;21017823;;REW CCS VUL MGR BASE 10.0 XGR LIC INET SEC D BAS12M;REW CCS VUL MGR BASE 10.0 XGR LIC INET SEC D BAS12M;REW CCS VUL MGR BASE 10.0 XGR LIC INET SEC D BAS12M;REW CCS VUL MGR BASE 10.0 XGR LIC INET SEC D BAS12M;;;;79;;
1;3;2094;1;43368,7176;35259,12;REW CCS VUL MGR BASE 10.0 XGR LIC INET SEC E BAS12M;21017824;;REW CCS VUL MGR BASE 10.0 XGR LIC INET SEC E BAS12M;REW CCS VUL MGR BASE 10.0 XGR LIC INET SEC E BAS12M;REW CCS VUL MGR BASE 10.0 XGR LIC INET SEC E BAS12M;REW CCS VUL MGR BASE 10.0 XGR LIC INET SEC E BAS12M;;;;79;;
1;3;2094;1;46485,8574;37793,38;REW CCS VUL MGR BASE 10.0 XGR LIC INET SEC D ESS12M;21017825;;REW CCS VUL MGR BASE 10.0 XGR LIC INET SEC D ESS12M;REW CCS VUL MGR BASE 10.0 XGR LIC INET SEC D ESS12M;REW CCS VUL MGR BASE 10.0 XGR LIC INET SEC D ESS12M;REW CCS VUL MGR BASE 10.0 XGR LIC INET SEC D ESS12M;;;;79;;
1;3;2094;1;5715,195;4646,5;SIM 4.7 100 BNDL MULTI LIC ESS VPA;21017827;;SIM 4.7 100 BNDL MULTI LIC ESS VPA;SIM 4.7 100 BNDL MULTI LIC ESS VPA;SIM 4.7 100 BNDL MULTI LIC ESS VPA;SIM 4.7 100 BNDL MULTI LIC ESS VPA;;;;79;;
1;3;2094;1;4761,1701;3870,87;REW CCS VUL MGR SCADA10.0 MGD SVR STD LIC A BAS 12M;21017828;;REW CCS VUL MGR SCADA10.0 MGD SVR STD LIC A BAS 12M;REW CCS VUL MGR SCADA10.0 MGD SVR STD LIC A BAS 12M;REW CCS VUL MGR SCADA10.0 MGD SVR STD LIC A BAS 12M;REW CCS VUL MGR SCADA10.0 MGD SVR STD LIC A BAS 12M;;;;79;;
1;3;2094;1;4999,2243;4064,41;REW CCS VUL MGR SCADA10.0 MGD SVR STD LIC B ESS 12M;21017829;;REW CCS VUL MGR SCADA10.0 MGD SVR STD LIC B ESS 12M;REW CCS VUL MGR SCADA10.0 MGD SVR STD LIC B ESS 12M;REW CCS VUL MGR SCADA10.0 MGD SVR STD LIC B ESS 12M;REW CCS VUL MGR SCADA10.0 MGD SVR STD LIC B ESS 12M;;;;79;;
1;3;2094;1;4079,3688;3316,56;REW CCS VUL MGR SCADA10.0 MGD SVR STD LIC E ESS 12M;21017831;;REW CCS VUL MGR SCADA10.0 MGD SVR STD LIC E ESS 12M;REW CCS VUL MGR SCADA10.0 MGD SVR STD LIC E ESS 12M;REW CCS VUL MGR SCADA10.0 MGD SVR STD LIC E ESS 12M;REW CCS VUL MGR SCADA10.0 MGD SVR STD LIC E ESS 12M;;;;79;;
1;3;2094;1;4761,1701;3870,87;EXP CCS VUL MGR SCADA 10.0 MGD STD LIC S BAS12M;21017835;;EXP CCS VUL MGR SCADA 10.0 MGD STD LIC S BAS12M;EXP CCS VUL MGR SCADA 10.0 MGD STD LIC S BAS12M;EXP CCS VUL MGR SCADA 10.0 MGD STD LIC S BAS12M;EXP CCS VUL MGR SCADA 10.0 MGD STD LIC S BAS12M;;;;79;;
1;3;2094;1;4999,2243;4064,41;EXP CCS VUL MGR SCADA 10.0 MGD STD LIC S ESS12M;21017836;;EXP CCS VUL MGR SCADA 10.0 MGD STD LIC S ESS12M;EXP CCS VUL MGR SCADA 10.0 MGD STD LIC S ESS12M;EXP CCS VUL MGR SCADA 10.0 MGD STD LIC S ESS12M;EXP CCS VUL MGR SCADA 10.0 MGD STD LIC S ESS12M;;;;79;;
1;3;2094;1;4164,3741;3385,67;REW CCS VUL MGR SCADA10.0 MGD SVR STD LIC D ESS 12M;21017840;;REW CCS VUL MGR SCADA10.0 MGD SVR STD LIC D ESS 12M;REW CCS VUL MGR SCADA10.0 MGD SVR STD LIC D ESS 12M;REW CCS VUL MGR SCADA10.0 MGD SVR STD LIC D ESS 12M;REW CCS VUL MGR SCADA10.0 MGD SVR STD LIC D ESS 12M;;;;79;;
1;3;2094;1;4761,1701;3870,87;REW CCS VUL MGR SCADA10.0 MGD SVR STD LIC B BAS 12M;21017843;;REW CCS VUL MGR SCADA10.0 MGD SVR STD LIC B BAS 12M;REW CCS VUL MGR SCADA10.0 MGD SVR STD LIC B BAS 12M;REW CCS VUL MGR SCADA10.0 MGD SVR STD LIC B BAS 12M;REW CCS VUL MGR SCADA10.0 MGD SVR STD LIC B BAS 12M;;;;79;;
1;3;2094;1;3966,0489;3224,43;REW CCS VUL MGR SCADA10.0 MGD SVR STD LIC D BAS 12M;21017844;;REW CCS VUL MGR SCADA10.0 MGD SVR STD LIC D BAS 12M;REW CCS VUL MGR SCADA10.0 MGD SVR STD LIC D BAS 12M;REW CCS VUL MGR SCADA10.0 MGD SVR STD LIC D BAS 12M;REW CCS VUL MGR SCADA10.0 MGD SVR STD LIC D BAS 12M;;;;79;;
1;3;2094;1;4899,2499;3983,13;GOV CCS VUL MGR SCADA10.0 MGD SVR STD LIC S ESS 12M;21017846;;GOV CCS VUL MGR SCADA10.0 MGD SVR STD LIC S ESS 12M;GOV CCS VUL MGR SCADA10.0 MGD SVR STD LIC S ESS 12M;GOV CCS VUL MGR SCADA10.0 MGD SVR STD LIC S ESS 12M;GOV CCS VUL MGR SCADA10.0 MGD SVR STD LIC S ESS 12M;;;;79;;
1;3;2094;1;4665,9558;3793,46;GOV CCS VUL MGR SCADA10.0 MGD SVR STD LIC S BAS 12M;21017852;;GOV CCS VUL MGR SCADA10.0 MGD SVR STD LIC S BAS 12M;GOV CCS VUL MGR SCADA10.0 MGD SVR STD LIC S BAS 12M;GOV CCS VUL MGR SCADA10.0 MGD SVR STD LIC S BAS 12M;GOV CCS VUL MGR SCADA10.0 MGD SVR STD LIC S BAS 12M;;;;79;;
1;3;2094;1;3999,3819;3251,53;AE CCS VUL MGR SCADA 10.0 MGD SVR STD LIC S ESS 12M;21017853;;AE CCS VUL MGR SCADA 10.0 MGD SVR STD LIC S ESS 12M;AE CCS VUL MGR SCADA 10.0 MGD SVR STD LIC S ESS 12M;AE CCS VUL MGR SCADA 10.0 MGD SVR STD LIC S ESS 12M;AE CCS VUL MGR SCADA 10.0 MGD SVR STD LIC S ESS 12M;;;;79;;
1;3;2094;1;1657,4127;1347,49;SIM 4.7 100 BNDL MULTI LIC ESS VPA;21017856;;SIM 4.7 100 BNDL MULTI LIC ESS VPA;SIM 4.7 100 BNDL MULTI LIC ESS VPA;SIM 4.7 100 BNDL MULTI LIC ESS VPA;SIM 4.7 100 BNDL MULTI LIC ESS VPA;;;;79;;
1;3;2094;1;1173,6291;954,17;REW CCS VUL MGR SCADA10.0 MGD SVR INITIAL ESS 12M C;21017857;;REW CCS VUL MGR SCADA10.0 MGD SVR INITIAL ESS 12M C;REW CCS VUL MGR SCADA10.0 MGD SVR INITIAL ESS 12M C;REW CCS VUL MGR SCADA10.0 MGD SVR INITIAL ESS 12M C;REW CCS VUL MGR SCADA10.0 MGD SVR INITIAL ESS 12M C;;;;79;;
1;3;2094;1;932,4138;758,06;REW CCS VUL MGR SCADA10.0 MGD SVR INITIAL BAS 12M E;21017858;;REW CCS VUL MGR SCADA10.0 MGD SVR INITIAL BAS 12M E;REW CCS VUL MGR SCADA10.0 MGD SVR INITIAL BAS 12M E;REW CCS VUL MGR SCADA10.0 MGD SVR INITIAL BAS 12M E;REW CCS VUL MGR SCADA10.0 MGD SVR INITIAL BAS 12M E;;;;79;;
1;3;2094;1;1142,6823;929,01;REW CCS VUL MGR SCADA10.0 MGD SVR INITIAL BAS 12M B;21017860;;REW CCS VUL MGR SCADA10.0 MGD SVR INITIAL BAS 12M B;REW CCS VUL MGR SCADA10.0 MGD SVR INITIAL BAS 12M B;REW CCS VUL MGR SCADA10.0 MGD SVR INITIAL BAS 12M B;REW CCS VUL MGR SCADA10.0 MGD SVR INITIAL BAS 12M B;;;;79;;
1;3;2094;1;951,8601;773,87;REW CCS VUL MGR SCADA10.0 MGD SVR INITIAL BAS 12M D;21017861;;REW CCS VUL MGR SCADA10.0 MGD SVR INITIAL BAS 12M D;REW CCS VUL MGR SCADA10.0 MGD SVR INITIAL BAS 12M D;REW CCS VUL MGR SCADA10.0 MGD SVR INITIAL BAS 12M D;REW CCS VUL MGR SCADA10.0 MGD SVR INITIAL BAS 12M D;;;;79;;
1;3;2094;1;1142,6823;929,01;EXP CCS VUL MGR SCADA 10.0 MGD INITIAL BAS12M S;21017862;;EXP CCS VUL MGR SCADA 10.0 MGD INITIAL BAS12M S;EXP CCS VUL MGR SCADA 10.0 MGD INITIAL BAS12M S;EXP CCS VUL MGR SCADA 10.0 MGD INITIAL BAS12M S;EXP CCS VUL MGR SCADA 10.0 MGD INITIAL BAS12M S;;;;79;;
1;3;2094;1;1126,68;916;REW CCS VUL MGR SCADA10.0 MGD SVR INITIAL ESS 12M E;21017863;;REW CCS VUL MGR SCADA10.0 MGD SVR INITIAL ESS 12M E;REW CCS VUL MGR SCADA10.0 MGD SVR INITIAL ESS 12M E;REW CCS VUL MGR SCADA10.0 MGD SVR INITIAL ESS 12M E;REW CCS VUL MGR SCADA10.0 MGD SVR INITIAL ESS 12M E;;;;79;;
1;3;2094;1;1104,5892;898,04;AE CCS VUL MGR SCADA 10.0 MGD SVR INITIAL ESS 12M S;21017865;;AE CCS VUL MGR SCADA 10.0 MGD SVR INITIAL ESS 12M S;AE CCS VUL MGR SCADA 10.0 MGD SVR INITIAL ESS 12M S;AE CCS VUL MGR SCADA 10.0 MGD SVR INITIAL ESS 12M S;AE CCS VUL MGR SCADA 10.0 MGD SVR INITIAL ESS 12M S;;;;79;;
1;3;2094;1;1380,7365;1122,55;REW CCS VUL MGR SCADA10.0 MGD SVR INITIAL ESS 12M B;21017866;;REW CCS VUL MGR SCADA10.0 MGD SVR INITIAL ESS 12M B;REW CCS VUL MGR SCADA10.0 MGD SVR INITIAL ESS 12M B;REW CCS VUL MGR SCADA10.0 MGD SVR INITIAL ESS 12M B;REW CCS VUL MGR SCADA10.0 MGD SVR INITIAL ESS 12M B;;;;79;;
1;3;2094;1;971,2941;789,67;REW CCS VUL MGR SCADA10.0 MGD SVR INITIAL BAS 12M C;21017867;;REW CCS VUL MGR SCADA10.0 MGD SVR INITIAL BAS 12M C;REW CCS VUL MGR SCADA10.0 MGD SVR INITIAL BAS 12M C;REW CCS VUL MGR SCADA10.0 MGD SVR INITIAL BAS 12M C;REW CCS VUL MGR SCADA10.0 MGD SVR INITIAL BAS 12M C;;;;79;;
1;3;2094;1;1150,1607;935,09;REW CCS VUL MGR SCADA10.0 MGD SVR INITIAL ESS 12M D;21017868;;REW CCS VUL MGR SCADA10.0 MGD SVR INITIAL ESS 12M D;REW CCS VUL MGR SCADA10.0 MGD SVR INITIAL ESS 12M D;REW CCS VUL MGR SCADA10.0 MGD SVR INITIAL ESS 12M D;REW CCS VUL MGR SCADA10.0 MGD SVR INITIAL ESS 12M D;;;;79;;
1;3;2094;1;1380,7365;1122,55;REW CCS VUL MGR SCADA10.0 MGD SVR INITIAL ESS 12M A;21017869;;REW CCS VUL MGR SCADA10.0 MGD SVR INITIAL ESS 12M A;REW CCS VUL MGR SCADA10.0 MGD SVR INITIAL ESS 12M A;REW CCS VUL MGR SCADA10.0 MGD SVR INITIAL ESS 12M A;REW CCS VUL MGR SCADA10.0 MGD SVR INITIAL ESS 12M A;;;;79;;
1;3;2094;1;1367,5509;1111,83;SIM 4.7 100 BNDL MULTI LIC ESS VPA;21017870;;SIM 4.7 100 BNDL MULTI LIC ESS VPA;SIM 4.7 100 BNDL MULTI LIC ESS VPA;SIM 4.7 100 BNDL MULTI LIC ESS VPA;SIM 4.7 100 BNDL MULTI LIC ESS VPA;;;;79;;
1;3;2094;1;914,1483;743,21;AE CCS VUL MGR SCADA 10.0 MGD SVR INITIAL BAS 12M S;21017871;;AE CCS VUL MGR SCADA 10.0 MGD SVR INITIAL BAS 12M S;AE CCS VUL MGR SCADA 10.0 MGD SVR INITIAL BAS 12M S;AE CCS VUL MGR SCADA 10.0 MGD SVR INITIAL BAS 12M S;AE CCS VUL MGR SCADA 10.0 MGD SVR INITIAL BAS 12M S;;;;79;;
1;3;2094;1;1353,123;1100,1;GOV CCS VUL MGR SCADA10.0 MGD SVR INITIAL ESS 12M S;21017872;;GOV CCS VUL MGR SCADA10.0 MGD SVR INITIAL ESS 12M S;GOV CCS VUL MGR SCADA10.0 MGD SVR INITIAL ESS 12M S;GOV CCS VUL MGR SCADA10.0 MGD SVR INITIAL ESS 12M S;GOV CCS VUL MGR SCADA10.0 MGD SVR INITIAL ESS 12M S;;;;79;;
1;3;2094;1;1142,6823;929,01;REW CCS VUL MGR SCADA10.0 MGD SVR INITIAL BAS 12M A;21017873;;REW CCS VUL MGR SCADA10.0 MGD SVR INITIAL BAS 12M A;REW CCS VUL MGR SCADA10.0 MGD SVR INITIAL BAS 12M A;REW CCS VUL MGR SCADA10.0 MGD SVR INITIAL BAS 12M A;REW CCS VUL MGR SCADA10.0 MGD SVR INITIAL BAS 12M A;;;;79;;
1;3;2094;1;1380,7365;1122,55;EXP CCS VUL MGR SCADA 10.0 MGD INITIAL ESS12M S;21017874;;EXP CCS VUL MGR SCADA 10.0 MGD INITIAL ESS12M S;EXP CCS VUL MGR SCADA 10.0 MGD INITIAL ESS12M S;EXP CCS VUL MGR SCADA 10.0 MGD INITIAL ESS12M S;EXP CCS VUL MGR SCADA 10.0 MGD INITIAL ESS12M S;;;;79;;
1;3;2094;1;1119,8166;910,42;GOV CCS VUL MGR SCADA10.0 MGD SVR INITIAL BAS 12M S;21017875;;GOV CCS VUL MGR SCADA10.0 MGD SVR INITIAL BAS 12M S;GOV CCS VUL MGR SCADA10.0 MGD SVR INITIAL BAS 12M S;GOV CCS VUL MGR SCADA10.0 MGD SVR INITIAL BAS 12M S;GOV CCS VUL MGR SCADA10.0 MGD SVR INITIAL BAS 12M S;;;;79;;
1;3;2094;1;1142,6823;929,01;REW CCS VUL MGR SCADA10.0 P MGD SVR RNWL BAS 12M A;21017878;;REW CCS VUL MGR SCADA10.0 P MGD SVR RNWL BAS 12M A;REW CCS VUL MGR SCADA10.0 P MGD SVR RNWL BAS 12M A;REW CCS VUL MGR SCADA10.0 P MGD SVR RNWL BAS 12M A;REW CCS VUL MGR SCADA10.0 P MGD SVR RNWL BAS 12M A;;;;79;;
1;3;2094;1;1380,7365;1122,55;REW CCS VUL MGR SCADA10.0 P MGD SVR RNWL ESS 12M B;21017879;;REW CCS VUL MGR SCADA10.0 P MGD SVR RNWL ESS 12M B;REW CCS VUL MGR SCADA10.0 P MGD SVR RNWL ESS 12M B;REW CCS VUL MGR SCADA10.0 P MGD SVR RNWL ESS 12M B;REW CCS VUL MGR SCADA10.0 P MGD SVR RNWL ESS 12M B;;;;79;;
1;3;2094;1;932,4138;758,06;REW CCS VUL MGR SCADA10.0 P MGD SVR RNWL BAS 12M E;21017881;;REW CCS VUL MGR SCADA10.0 P MGD SVR RNWL BAS 12M E;REW CCS VUL MGR SCADA10.0 P MGD SVR RNWL BAS 12M E;REW CCS VUL MGR SCADA10.0 P MGD SVR RNWL BAS 12M E;REW CCS VUL MGR SCADA10.0 P MGD SVR RNWL BAS 12M E;;;;79;;
1;3;2094;1;1353,123;1100,1;GOV CCS VUL MGR SCADA10.0 P MGD SVR RNWL ESS 12M S;21017882;;GOV CCS VUL MGR SCADA10.0 P MGD SVR RNWL ESS 12M S;GOV CCS VUL MGR SCADA10.0 P MGD SVR RNWL ESS 12M S;GOV CCS VUL MGR SCADA10.0 P MGD SVR RNWL ESS 12M S;GOV CCS VUL MGR SCADA10.0 P MGD SVR RNWL ESS 12M S;;;;79;;
1;3;2094;1;1380,7365;1122,55;EXP CCS VUL MGR SCADA 10.0 MGD RNWL ESS 12M S;21017883;;EXP CCS VUL MGR SCADA 10.0 MGD RNWL ESS 12M S;EXP CCS VUL MGR SCADA 10.0 MGD RNWL ESS 12M S;EXP CCS VUL MGR SCADA 10.0 MGD RNWL ESS 12M S;EXP CCS VUL MGR SCADA 10.0 MGD RNWL ESS 12M S;;;;79;;
1;3;2094;1;951,8601;773,87;REW CCS VUL MGR SCADA10.0 P MGD SVR RNWL BAS 12M D;21017884;;REW CCS VUL MGR SCADA10.0 P MGD SVR RNWL BAS 12M D;REW CCS VUL MGR SCADA10.0 P MGD SVR RNWL BAS 12M D;REW CCS VUL MGR SCADA10.0 P MGD SVR RNWL BAS 12M D;REW CCS VUL MGR SCADA10.0 P MGD SVR RNWL BAS 12M D;;;;79;;
1;3;2094;1;1142,6823;929,01;EXP CCS VUL MGR SCADA 10.0 MGD RNWL BAS 12M S;21017885;;EXP CCS VUL MGR SCADA 10.0 MGD RNWL BAS 12M S;EXP CCS VUL MGR SCADA 10.0 MGD RNWL BAS 12M S;EXP CCS VUL MGR SCADA 10.0 MGD RNWL BAS 12M S;EXP CCS VUL MGR SCADA 10.0 MGD RNWL BAS 12M S;;;;79;;
1;3;2094;1;914,1483;743,21;AE CCS VUL MGR SCADA 10.0 P MGD SVR RNWL BAS 12M S;21017886;;AE CCS VUL MGR SCADA 10.0 P MGD SVR RNWL BAS 12M S;AE CCS VUL MGR SCADA 10.0 P MGD SVR RNWL BAS 12M S;AE CCS VUL MGR SCADA 10.0 P MGD SVR RNWL BAS 12M S;AE CCS VUL MGR SCADA 10.0 P MGD SVR RNWL BAS 12M S;;;;79;;
1;3;2094;1;1142,6823;929,01;REW CCS VUL MGR SCADA10.0 P MGD SVR RNWL BAS 12M B;21017887;;REW CCS VUL MGR SCADA10.0 P MGD SVR RNWL BAS 12M B;REW CCS VUL MGR SCADA10.0 P MGD SVR RNWL BAS 12M B;REW CCS VUL MGR SCADA10.0 P MGD SVR RNWL BAS 12M B;REW CCS VUL MGR SCADA10.0 P MGD SVR RNWL BAS 12M B;;;;79;;
1;3;2094;1;1173,6291;954,17;REW CCS VUL MGR SCADA10.0 P MGD SVR RNWL ESS 12M C;21017889;;REW CCS VUL MGR SCADA10.0 P MGD SVR RNWL ESS 12M C;REW CCS VUL MGR SCADA10.0 P MGD SVR RNWL ESS 12M C;REW CCS VUL MGR SCADA10.0 P MGD SVR RNWL ESS 12M C;REW CCS VUL MGR SCADA10.0 P MGD SVR RNWL ESS 12M C;;;;79;;
1;3;2094;1;1150,1607;935,09;REW CCS VUL MGR SCADA10.0 P MGD SVR RNWL ESS 12M D;21017890;;REW CCS VUL MGR SCADA10.0 P MGD SVR RNWL ESS 12M D;REW CCS VUL MGR SCADA10.0 P MGD SVR RNWL ESS 12M D;REW CCS VUL MGR SCADA10.0 P MGD SVR RNWL ESS 12M D;REW CCS VUL MGR SCADA10.0 P MGD SVR RNWL ESS 12M D;;;;79;;
1;3;2094;1;1104,5892;898,04;AE CCS VUL MGR SCADA 10.0 P MGD SVR RNWL ESS 12M S;21017891;;AE CCS VUL MGR SCADA 10.0 P MGD SVR RNWL ESS 12M S;AE CCS VUL MGR SCADA 10.0 P MGD SVR RNWL ESS 12M S;AE CCS VUL MGR SCADA 10.0 P MGD SVR RNWL ESS 12M S;AE CCS VUL MGR SCADA 10.0 P MGD SVR RNWL ESS 12M S;;;;79;;
1;3;2094;1;1367,5509;1111,83;SIM 4.7 100 BNDL MULTI LIC ESS VPA;21017892;;SIM 4.7 100 BNDL MULTI LIC ESS VPA;SIM 4.7 100 BNDL MULTI LIC ESS VPA;SIM 4.7 100 BNDL MULTI LIC ESS VPA;SIM 4.7 100 BNDL MULTI LIC ESS VPA;;;;79;;
1;3;2094;1;1380,7365;1122,55;REW CCS VUL MGR SCADA10.0 P MGD SVR RNWL ESS 12M A;21017893;;REW CCS VUL MGR SCADA10.0 P MGD SVR RNWL ESS 12M A;REW CCS VUL MGR SCADA10.0 P MGD SVR RNWL ESS 12M A;REW CCS VUL MGR SCADA10.0 P MGD SVR RNWL ESS 12M A;REW CCS VUL MGR SCADA10.0 P MGD SVR RNWL ESS 12M A;;;;79;;
1;3;2094;1;1126,68;916;REW CCS VUL MGR SCADA10.0 P MGD SVR RNWL ESS 12M E;21017894;;REW CCS VUL MGR SCADA10.0 P MGD SVR RNWL ESS 12M E;REW CCS VUL MGR SCADA10.0 P MGD SVR RNWL ESS 12M E;REW CCS VUL MGR SCADA10.0 P MGD SVR RNWL ESS 12M E;REW CCS VUL MGR SCADA10.0 P MGD SVR RNWL ESS 12M E;;;;79;;
1;3;2094;1;1657,4127;1347,49;SIM 4.7 100 BNDL MULTI LIC ESS VPA;21017895;;SIM 4.7 100 BNDL MULTI LIC ESS VPA;SIM 4.7 100 BNDL MULTI LIC ESS VPA;SIM 4.7 100 BNDL MULTI LIC ESS VPA;SIM 4.7 100 BNDL MULTI LIC ESS VPA;;;;79;;
1;3;2094;1;971,2941;789,67;REW CCS VUL MGR SCADA10.0 P MGD SVR RNWL BAS 12M C;21017896;;REW CCS VUL MGR SCADA10.0 P MGD SVR RNWL BAS 12M C;REW CCS VUL MGR SCADA10.0 P MGD SVR RNWL BAS 12M C;REW CCS VUL MGR SCADA10.0 P MGD SVR RNWL BAS 12M C;REW CCS VUL MGR SCADA10.0 P MGD SVR RNWL BAS 12M C;;;;79;;
1;3;2094;1;1119,8166;910,42;GOV CCS VUL MGR SCADA10.0 P MGD SVR RNWL BAS 12M S;21017897;;GOV CCS VUL MGR SCADA10.0 P MGD SVR RNWL BAS 12M S;GOV CCS VUL MGR SCADA10.0 P MGD SVR RNWL BAS 12M S;GOV CCS VUL MGR SCADA10.0 P MGD SVR RNWL BAS 12M S;GOV CCS VUL MGR SCADA10.0 P MGD SVR RNWL BAS 12M S;;;;79;;
1;3;2094;1;3808,941;3096,7;AE CCS VUL MGR SCADA 10.0 MGD SVR STD LIC S BAS 12M;21017898;;AE CCS VUL MGR SCADA 10.0 MGD SVR STD LIC S BAS 12M;AE CCS VUL MGR SCADA 10.0 MGD SVR STD LIC S BAS 12M;AE CCS VUL MGR SCADA 10.0 MGD SVR STD LIC S BAS 12M;AE CCS VUL MGR SCADA 10.0 MGD SVR STD LIC S BAS 12M;;;;79;;
1;3;2094;1;4046,9829;3290,23;REW CCS VUL MGR SCADA10.0 MGD SVR STD LIC C BAS 12M;21017902;;REW CCS VUL MGR SCADA10.0 MGD SVR STD LIC C BAS 12M;REW CCS VUL MGR SCADA10.0 MGD SVR STD LIC C BAS 12M;REW CCS VUL MGR SCADA10.0 MGD SVR STD LIC C BAS 12M;REW CCS VUL MGR SCADA10.0 MGD SVR STD LIC C BAS 12M;;;;79;;
1;3;2094;1;3885,1149;3158,63;REW CCS VUL MGR SCADA10.0 MGD SVR STD LIC E BAS 12M;21017903;;REW CCS VUL MGR SCADA10.0 MGD SVR STD LIC E BAS 12M;REW CCS VUL MGR SCADA10.0 MGD SVR STD LIC E BAS 12M;REW CCS VUL MGR SCADA10.0 MGD SVR STD LIC E BAS 12M;REW CCS VUL MGR SCADA10.0 MGD SVR STD LIC E BAS 12M;;;;79;;
1;3;2094;1;6000,9486;4878,82;SIM 4.7 100 BNDL MULTI LIC ESS VPA;21017904;;SIM 4.7 100 BNDL MULTI LIC ESS VPA;SIM 4.7 100 BNDL MULTI LIC ESS VPA;SIM 4.7 100 BNDL MULTI LIC ESS VPA;SIM 4.7 100 BNDL MULTI LIC ESS VPA;;;;79;;
1;3;2094;1;4999,2243;4064,41;REW CCS VUL MGR SCADA10.0 MGD SVR STD LIC A ESS 12M;21017905;;REW CCS VUL MGR SCADA10.0 MGD SVR STD LIC A ESS 12M;REW CCS VUL MGR SCADA10.0 MGD SVR STD LIC A ESS 12M;REW CCS VUL MGR SCADA10.0 MGD SVR STD LIC A ESS 12M;REW CCS VUL MGR SCADA10.0 MGD SVR STD LIC A ESS 12M;;;;79;;
1;3;2094;1;4249,3548;3454,76;REW CCS VUL MGR SCADA10.0 MGD SVR STD LIC C ESS 12M;21017906;;REW CCS VUL MGR SCADA10.0 MGD SVR STD LIC C ESS 12M;REW CCS VUL MGR SCADA10.0 MGD SVR STD LIC C ESS 12M;REW CCS VUL MGR SCADA10.0 MGD SVR STD LIC C ESS 12M;REW CCS VUL MGR SCADA10.0 MGD SVR STD LIC C ESS 12M;;;;79;;
1;3;2094;1;8559,2994;6958,78;REW CCS VUL MGR 10.0 1K PER N INITIAL ESS 12M D;21017908;;REW CCS VUL MGR 10.0 1K PER N INITIAL ESS 12M D;REW CCS VUL MGR 10.0 1K PER N INITIAL ESS 12M D;REW CCS VUL MGR 10.0 1K PER N INITIAL ESS 12M D;REW CCS VUL MGR 10.0 1K PER N INITIAL ESS 12M D;;;;79;;
1;3;2094;1;42518,3694;34567,78;REW CCS VUL MGR 10.0 65K PER N INITIAL BAS 12M B;21017909;;REW CCS VUL MGR 10.0 65K PER N INITIAL BAS 12M B;REW CCS VUL MGR 10.0 65K PER N INITIAL BAS 12M B;REW CCS VUL MGR 10.0 65K PER N INITIAL BAS 12M B;REW CCS VUL MGR 10.0 65K PER N INITIAL BAS 12M B;;;;79;;
1;3;2094;1;10069,7763;8186,81;GOV CCS VUL MGR 10.0 1K PER N INITIAL ESS 12M S;21017910;;GOV CCS VUL MGR 10.0 1K PER N INITIAL ESS 12M S;GOV CCS VUL MGR 10.0 1K PER N INITIAL ESS 12M S;GOV CCS VUL MGR 10.0 1K PER N INITIAL ESS 12M S;GOV CCS VUL MGR 10.0 1K PER N INITIAL ESS 12M S;;;;79;;
1;3;2094;1;23119,3506;18796,22;REW CCS VUL MGR 10.0 10K PER N INITIAL ESS 12M B;21017911;;REW CCS VUL MGR 10.0 10K PER N INITIAL ESS 12M B;REW CCS VUL MGR 10.0 10K PER N INITIAL ESS 12M B;REW CCS VUL MGR 10.0 10K PER N INITIAL ESS 12M B;REW CCS VUL MGR 10.0 10K PER N INITIAL ESS 12M B;;;;79;;
1;3;2094;1;42518,3694;34567,78;EXP CCS VUL MGR 10.0 65K PER N INITIAL BAS 12M S;21017913;;EXP CCS VUL MGR 10.0 65K PER N INITIAL BAS 12M S;EXP CCS VUL MGR 10.0 65K PER N INITIAL BAS 12M S;EXP CCS VUL MGR 10.0 65K PER N INITIAL BAS 12M S;EXP CCS VUL MGR 10.0 65K PER N INITIAL BAS 12M S;;;;79;;
1;3;2094;1;43669,9077;35503,99;REW CCS VUL MGR 10.0 65K PER N INITIAL ESS 12M C;21017914;;REW CCS VUL MGR 10.0 65K PER N INITIAL ESS 12M C;REW CCS VUL MGR 10.0 65K PER N INITIAL ESS 12M C;REW CCS VUL MGR 10.0 65K PER N INITIAL ESS 12M C;REW CCS VUL MGR 10.0 65K PER N INITIAL ESS 12M C;;;;79;;
1;3;2094;1;51376,362;41769,4;EXP CCS VUL MGR 10.0 65K PER N INITIAL ESS 12M S;21017915;;EXP CCS VUL MGR 10.0 65K PER N INITIAL ESS 12M S;EXP CCS VUL MGR 10.0 65K PER N INITIAL ESS 12M S;EXP CCS VUL MGR 10.0 65K PER N INITIAL ESS 12M S;EXP CCS VUL MGR 10.0 65K PER N INITIAL ESS 12M S;;;;79;;
1;3;2094;1;36140,6103;29382,61;REW CCS VUL MGR 10.0 65K PER N INITIAL BAS 12M C;21017916;;REW CCS VUL MGR 10.0 65K PER N INITIAL BAS 12M C;REW CCS VUL MGR 10.0 65K PER N INITIAL BAS 12M C;REW CCS VUL MGR 10.0 65K PER N INITIAL BAS 12M C;REW CCS VUL MGR 10.0 65K PER N INITIAL BAS 12M C;;;;79;;
1;3;2094;1;34694,979;28207,3;REW CCS VUL MGR 10.0 65K PER N INITIAL BAS 12M E;21017917;;REW CCS VUL MGR 10.0 65K PER N INITIAL BAS 12M E;REW CCS VUL MGR 10.0 65K PER N INITIAL BAS 12M E;REW CCS VUL MGR 10.0 65K PER N INITIAL BAS 12M E;REW CCS VUL MGR 10.0 65K PER N INITIAL BAS 12M E;;;;79;;
1;3;2094;1;51376,362;41769,4;REW CCS VUL MGR 10.0 65K PER N INITIAL ESS 12M B;21017918;;REW CCS VUL MGR 10.0 65K PER N INITIAL ESS 12M B;REW CCS VUL MGR 10.0 65K PER N INITIAL ESS 12M B;REW CCS VUL MGR 10.0 65K PER N INITIAL ESS 12M B;REW CCS VUL MGR 10.0 65K PER N INITIAL ESS 12M B;;;;79;;
1;3;2094;1;50348,82;40934;GOV CCS VUL MGR 10.0 65K PER N INITIAL ESS 12M S;21017920;;GOV CCS VUL MGR 10.0 65K PER N INITIAL ESS 12M S;GOV CCS VUL MGR 10.0 65K PER N INITIAL ESS 12M S;GOV CCS VUL MGR 10.0 65K PER N INITIAL ESS 12M S;GOV CCS VUL MGR 10.0 65K PER N INITIAL ESS 12M S;;;;79;;
1;3;2094;1;13542,1032;11009,84;GOV CCS VUL MGR 10.0 5K PER N INITIAL BAS 12M S;21017922;;GOV CCS VUL MGR 10.0 5K PER N INITIAL BAS 12M S;GOV CCS VUL MGR 10.0 5K PER N INITIAL BAS 12M S;GOV CCS VUL MGR 10.0 5K PER N INITIAL BAS 12M S;GOV CCS VUL MGR 10.0 5K PER N INITIAL BAS 12M S;;;;79;;
1;3;2094;1;11054,7603;8987,61;AE CCS VUL MGR 10.0 5K PER N INITIAL BAS 12M S;21017923;;AE CCS VUL MGR 10.0 5K PER N INITIAL BAS 12M S;AE CCS VUL MGR 10.0 5K PER N INITIAL BAS 12M S;AE CCS VUL MGR 10.0 5K PER N INITIAL BAS 12M S;AE CCS VUL MGR 10.0 5K PER N INITIAL BAS 12M S;;;;79;;
1;3;2094;1;19983,0966;16246,42;SIM 4.7 100 BNDL MULTI LIC ESS VPA;21017924;;SIM 4.7 100 BNDL MULTI LIC ESS VPA;SIM 4.7 100 BNDL MULTI LIC ESS VPA;SIM 4.7 100 BNDL MULTI LIC ESS VPA;SIM 4.7 100 BNDL MULTI LIC ESS VPA;;;;79;;
1;3;2094;1;8503,6788;6913,56;REW CCS VUL MGR 10.0 1K PER N INITIAL BAS 12M A;21017925;;REW CCS VUL MGR 10.0 1K PER N INITIAL BAS 12M A;REW CCS VUL MGR 10.0 1K PER N INITIAL BAS 12M A;REW CCS VUL MGR 10.0 1K PER N INITIAL BAS 12M A;REW CCS VUL MGR 10.0 1K PER N INITIAL BAS 12M A;;;;79;;
1;3;2094;1;8503,6788;6913,56;EXP CCS VUL MGR 10.0 1K PER N INITIAL BAS 12M S;21017926;;EXP CCS VUL MGR 10.0 1K PER N INITIAL BAS 12M S;EXP CCS VUL MGR 10.0 1K PER N INITIAL BAS 12M S;EXP CCS VUL MGR 10.0 1K PER N INITIAL BAS 12M S;EXP CCS VUL MGR 10.0 1K PER N INITIAL BAS 12M S;;;;79;;
1;3;2094;1;13818,4596;11234,52;EXP CCS VUL MGR 10.0 5K PER N INITIAL BAS 12M S;21017927;;EXP CCS VUL MGR 10.0 5K PER N INITIAL BAS 12M S;EXP CCS VUL MGR 10.0 5K PER N INITIAL BAS 12M S;EXP CCS VUL MGR 10.0 5K PER N INITIAL BAS 12M S;EXP CCS VUL MGR 10.0 5K PER N INITIAL BAS 12M S;;;;79;;
1;3;2094;1;15306,5997;12444,39;AE CCS VUL MGR 10.0 10K PER N INITIAL BAS 12M S;21017929;;AE CCS VUL MGR 10.0 10K PER N INITIAL BAS 12M S;AE CCS VUL MGR 10.0 10K PER N INITIAL BAS 12M S;AE CCS VUL MGR 10.0 10K PER N INITIAL BAS 12M S;AE CCS VUL MGR 10.0 10K PER N INITIAL BAS 12M S;;;;79;;
1;3;2094;1;8384,6271;6816,77;REW CCS VUL MGR 10.0 1K PER N INITIAL ESS 12M E;21017931;;REW CCS VUL MGR 10.0 1K PER N INITIAL ESS 12M E;REW CCS VUL MGR 10.0 1K PER N INITIAL ESS 12M E;REW CCS VUL MGR 10.0 1K PER N INITIAL ESS 12M E;REW CCS VUL MGR 10.0 1K PER N INITIAL ESS 12M E;;;;79;;
1;3;2094;1;8220,2253;6683,11;AE CCS VUL MGR 10.0 1K PER N INITIAL ESS 12M S;21017932;;AE CCS VUL MGR 10.0 1K PER N INITIAL ESS 12M S;AE CCS VUL MGR 10.0 1K PER N INITIAL ESS 12M S;AE CCS VUL MGR 10.0 1K PER N INITIAL ESS 12M S;AE CCS VUL MGR 10.0 1K PER N INITIAL ESS 12M S;;;;79;;
1;3;2094;1;8503,6788;6913,56;REW CCS VUL MGR 10.0 1K PER N INITIAL BAS 12M B;21017933;;REW CCS VUL MGR 10.0 1K PER N INITIAL BAS 12M B;REW CCS VUL MGR 10.0 1K PER N INITIAL BAS 12M B;REW CCS VUL MGR 10.0 1K PER N INITIAL BAS 12M B;REW CCS VUL MGR 10.0 1K PER N INITIAL BAS 12M B;;;;79;;
1;3;2094;1;7228,1319;5876,53;REW CCS VUL MGR 10.0 1K PER N INITIAL BAS 12M C;21017934;;REW CCS VUL MGR 10.0 1K PER N INITIAL BAS 12M C;REW CCS VUL MGR 10.0 1K PER N INITIAL BAS 12M C;REW CCS VUL MGR 10.0 1K PER N INITIAL BAS 12M C;REW CCS VUL MGR 10.0 1K PER N INITIAL BAS 12M C;;;;79;;
1;3;2094;1;16363,3665;13303,55;GOV CCS VUL MGR 10.0 5K PER N INITIAL ESS 12M S;21017935;;GOV CCS VUL MGR 10.0 5K PER N INITIAL ESS 12M S;GOV CCS VUL MGR 10.0 5K PER N INITIAL ESS 12M S;GOV CCS VUL MGR 10.0 5K PER N INITIAL ESS 12M S;GOV CCS VUL MGR 10.0 5K PER N INITIAL ESS 12M S;;;;79;;
1;3;2094;1;16697,3115;13575,05;EXP CCS VUL MGR 10.0 5K PER N INITIAL ESS 12M S;21017936;;EXP CCS VUL MGR 10.0 5K PER N INITIAL ESS 12M S;EXP CCS VUL MGR 10.0 5K PER N INITIAL ESS 12M S;EXP CCS VUL MGR 10.0 5K PER N INITIAL ESS 12M S;EXP CCS VUL MGR 10.0 5K PER N INITIAL ESS 12M S;;;;79;;
1;3;2094;1;16697,3115;13575,05;REW CCS VUL MGR 10.0 5K PER N INITIAL ESS 12M B;21017937;;REW CCS VUL MGR 10.0 5K PER N INITIAL ESS 12M B;REW CCS VUL MGR 10.0 5K PER N INITIAL ESS 12M B;REW CCS VUL MGR 10.0 5K PER N INITIAL ESS 12M B;REW CCS VUL MGR 10.0 5K PER N INITIAL ESS 12M B;;;;79;;
1;3;2094;1;12297,294;9997,8;SIM 4.7 100 BNDL MULTI LIC ESS VPA;21017938;;SIM 4.7 100 BNDL MULTI LIC ESS VPA;SIM 4.7 100 BNDL MULTI LIC ESS VPA;SIM 4.7 100 BNDL MULTI LIC ESS VPA;SIM 4.7 100 BNDL MULTI LIC ESS VPA;;;;79;;
1;3;2094;1;13357,8615;10860,05;AE CCS VUL MGR 10.0 5K PER N INITIAL ESS 12M S;21017939;;AE CCS VUL MGR 10.0 5K PER N INITIAL ESS 12M S;AE CCS VUL MGR 10.0 5K PER N INITIAL ESS 12M S;AE CCS VUL MGR 10.0 5K PER N INITIAL ESS 12M S;AE CCS VUL MGR 10.0 5K PER N INITIAL ESS 12M S;;;;79;;
1;3;2094;1;19133,265;15555,5;REW CCS VUL MGR 10.0 10K PER N INITIAL BAS 12M A;21017940;;REW CCS VUL MGR 10.0 10K PER N INITIAL BAS 12M A;REW CCS VUL MGR 10.0 10K PER N INITIAL BAS 12M A;REW CCS VUL MGR 10.0 10K PER N INITIAL BAS 12M A;REW CCS VUL MGR 10.0 10K PER N INITIAL BAS 12M A;;;;79;;
1;3;2094;1;15612,7467;12693,29;REW CCS VUL MGR 10.0 10K PER N INITIAL BAS 12M E;21017941;;REW CCS VUL MGR 10.0 10K PER N INITIAL BAS 12M E;REW CCS VUL MGR 10.0 10K PER N INITIAL BAS 12M E;REW CCS VUL MGR 10.0 10K PER N INITIAL BAS 12M E;REW CCS VUL MGR 10.0 10K PER N INITIAL BAS 12M E;;;;79;;
1;3;2094;1;10275,2601;8353,87;EXP CCS VUL MGR 10.0 1K PER N INITIAL ESS 12M S;21017942;;EXP CCS VUL MGR 10.0 1K PER N INITIAL ESS 12M S;EXP CCS VUL MGR 10.0 1K PER N INITIAL ESS 12M S;EXP CCS VUL MGR 10.0 1K PER N INITIAL ESS 12M S;EXP CCS VUL MGR 10.0 1K PER N INITIAL ESS 12M S;;;;79;;
1;3;2094;1;34014,6906;27654,22;AE CCS VUL MGR 10.0 65K PER N INITIAL BAS 12M S;21017943;;AE CCS VUL MGR 10.0 65K PER N INITIAL BAS 12M S;AE CCS VUL MGR 10.0 65K PER N INITIAL BAS 12M S;AE CCS VUL MGR 10.0 65K PER N INITIAL BAS 12M S;AE CCS VUL MGR 10.0 65K PER N INITIAL BAS 12M S;;;;79;;
1;3;2094;1;51376,362;41769,4;REW CCS VUL MGR 10.0 65K PER N INITIAL ESS 12M A;21017944;;REW CCS VUL MGR 10.0 65K PER N INITIAL ESS 12M A;REW CCS VUL MGR 10.0 65K PER N INITIAL ESS 12M A;REW CCS VUL MGR 10.0 65K PER N INITIAL ESS 12M A;REW CCS VUL MGR 10.0 65K PER N INITIAL ESS 12M A;;;;79;;
1;3;2094;1;19133,265;15555,5;REW CCS VUL MGR 10.0 10K PER N INITIAL BAS 12M B;21017945;;REW CCS VUL MGR 10.0 10K PER N INITIAL BAS 12M B;REW CCS VUL MGR 10.0 10K PER N INITIAL BAS 12M B;REW CCS VUL MGR 10.0 10K PER N INITIAL BAS 12M B;REW CCS VUL MGR 10.0 10K PER N INITIAL BAS 12M B;;;;79;;
1;3;2094;1;18750,5874;15244,38;GOV CCS VUL MGR 10.0 10K PER N INITIAL BAS 12M S;21017946;;GOV CCS VUL MGR 10.0 10K PER N INITIAL BAS 12M S;GOV CCS VUL MGR 10.0 10K PER N INITIAL BAS 12M S;GOV CCS VUL MGR 10.0 10K PER N INITIAL BAS 12M S;GOV CCS VUL MGR 10.0 10K PER N INITIAL BAS 12M S;;;;79;;
1;3;2094;1;42796,497;34793,9;REW CCS VUL MGR 10.0 65K PER N INITIAL ESS 12M D;21017948;;REW CCS VUL MGR 10.0 65K PER N INITIAL ESS 12M D;REW CCS VUL MGR 10.0 65K PER N INITIAL ESS 12M D;REW CCS VUL MGR 10.0 65K PER N INITIAL ESS 12M D;REW CCS VUL MGR 10.0 65K PER N INITIAL ESS 12M D;;;;79;;
1;3;2094;1;50885,346;41370,2;SIM 4.7 100 BNDL MULTI LIC ESS VPA;21017949;;SIM 4.7 100 BNDL MULTI LIC ESS VPA;SIM 4.7 100 BNDL MULTI LIC ESS VPA;SIM 4.7 100 BNDL MULTI LIC ESS VPA;SIM 4.7 100 BNDL MULTI LIC ESS VPA;;;;79;;
1;3;2094;1;14192,724;11538,8;REW CCS VUL MGR 10.0 5K PER N INITIAL ESS 12M C;21017951;;REW CCS VUL MGR 10.0 5K PER N INITIAL ESS 12M C;REW CCS VUL MGR 10.0 5K PER N INITIAL ESS 12M C;REW CCS VUL MGR 10.0 5K PER N INITIAL ESS 12M C;REW CCS VUL MGR 10.0 5K PER N INITIAL ESS 12M C;;;;79;;
1;3;2094;1;23119,3506;18796,22;EXP CCS VUL MGR 10.0 10K PER N INITIAL ESS 12M S;21017952;;EXP CCS VUL MGR 10.0 10K PER N INITIAL ESS 12M S;EXP CCS VUL MGR 10.0 10K PER N INITIAL ESS 12M S;EXP CCS VUL MGR 10.0 10K PER N INITIAL ESS 12M S;EXP CCS VUL MGR 10.0 10K PER N INITIAL ESS 12M S;;;;79;;
1;3;2094;1;42518,3694;34567,78;REW CCS VUL MGR 10.0 65K PER N INITIAL BAS 12M A;21017953;;REW CCS VUL MGR 10.0 65K PER N INITIAL BAS 12M A;REW CCS VUL MGR 10.0 65K PER N INITIAL BAS 12M A;REW CCS VUL MGR 10.0 65K PER N INITIAL BAS 12M A;REW CCS VUL MGR 10.0 65K PER N INITIAL BAS 12M A;;;;79;;
1;3;2094;1;13625,0052;11077,24;REW CCS VUL MGR 10.0 5K PER N INITIAL ESS 12M E;21017954;;REW CCS VUL MGR 10.0 5K PER N INITIAL ESS 12M E;REW CCS VUL MGR 10.0 5K PER N INITIAL ESS 12M E;REW CCS VUL MGR 10.0 5K PER N INITIAL ESS 12M E;REW CCS VUL MGR 10.0 5K PER N INITIAL ESS 12M E;;;;79;;
1;3;2094;1;42404,4591;34475,17;SIM 4.7 100 BNDL MULTI LIC ESS VPA;21017956;;SIM 4.7 100 BNDL MULTI LIC ESS VPA;SIM 4.7 100 BNDL MULTI LIC ESS VPA;SIM 4.7 100 BNDL MULTI LIC ESS VPA;SIM 4.7 100 BNDL MULTI LIC ESS VPA;;;;79;;
1;3;2094;1;30358,0974;24681,38;REW CCS VUL MGR 10.0 1K P N BDL STD LIC E ESS 12M;21017958;;REW CCS VUL MGR 10.0 1K P N BDL STD LIC E ESS 12M;REW CCS VUL MGR 10.0 1K P N BDL STD LIC E ESS 12M;REW CCS VUL MGR 10.0 1K P N BDL STD LIC E ESS 12M;REW CCS VUL MGR 10.0 1K P N BDL STD LIC E ESS 12M;;;;79;;
1;3;2094;1;212022,2586;172375,82;SIM 4.7 100 BNDL MULTI LIC ESS VPA;21017962;;SIM 4.7 100 BNDL MULTI LIC ESS VPA;SIM 4.7 100 BNDL MULTI LIC ESS VPA;SIM 4.7 100 BNDL MULTI LIC ESS VPA;SIM 4.7 100 BNDL MULTI LIC ESS VPA;;;;79;;
1;3;2094;1;147574,1454;119978,98;REW CCS VUL MGR 10.0 65K P N BDL STD LIC D BAS 12M;21017963;;REW CCS VUL MGR 10.0 65K P N BDL STD LIC D BAS 12M;REW CCS VUL MGR 10.0 65K P N BDL STD LIC D BAS 12M;REW CCS VUL MGR 10.0 65K P N BDL STD LIC D BAS 12M;REW CCS VUL MGR 10.0 65K P N BDL STD LIC D BAS 12M;;;;79;;
1;3;2094;1;144562,4166;117530,42;REW CCS VUL MGR 10.0 65K P N BDL STD LIC E BAS 12M;21017964;;REW CCS VUL MGR 10.0 65K P N BDL STD LIC E BAS 12M;REW CCS VUL MGR 10.0 65K P N BDL STD LIC E BAS 12M;REW CCS VUL MGR 10.0 65K P N BDL STD LIC E BAS 12M;REW CCS VUL MGR 10.0 65K P N BDL STD LIC E BAS 12M;;;;79;;
1;3;2094;1;11275,8651;9167,37;REW CCS VUL MGR 10.0 5K PER N INITIAL BAS 12M E;21017966;;REW CCS VUL MGR 10.0 5K PER N INITIAL BAS 12M E;REW CCS VUL MGR 10.0 5K PER N INITIAL BAS 12M E;REW CCS VUL MGR 10.0 5K PER N INITIAL BAS 12M E;REW CCS VUL MGR 10.0 5K PER N INITIAL BAS 12M E;;;;79;;
1;3;2094;1;22898,4057;18616,59;SIM 4.7 100 BNDL MULTI LIC ESS VPA;21017967;;SIM 4.7 100 BNDL MULTI LIC ESS VPA;SIM 4.7 100 BNDL MULTI LIC ESS VPA;SIM 4.7 100 BNDL MULTI LIC ESS VPA;SIM 4.7 100 BNDL MULTI LIC ESS VPA;;;;79;;
1;3;2094;1;6802,9332;5530,84;AE CCS VUL MGR 10.0 1K PER N INITIAL BAS 12M S;21017968;;AE CCS VUL MGR 10.0 1K PER N INITIAL BAS 12M S;AE CCS VUL MGR 10.0 1K PER N INITIAL BAS 12M S;AE CCS VUL MGR 10.0 1K PER N INITIAL BAS 12M S;AE CCS VUL MGR 10.0 1K PER N INITIAL BAS 12M S;;;;79;;
1;3;2094;1;6938,9958;5641,46;REW CCS VUL MGR 10.0 1K PER N INITIAL BAS 12M E;21017969;;REW CCS VUL MGR 10.0 1K PER N INITIAL BAS 12M E;REW CCS VUL MGR 10.0 1K PER N INITIAL BAS 12M E;REW CCS VUL MGR 10.0 1K PER N INITIAL BAS 12M E;REW CCS VUL MGR 10.0 1K PER N INITIAL BAS 12M E;;;;79;;
1;3;2094;1;35417,7885;28794,95;REW CCS VUL MGR 10.0 65K PER N INITIAL BAS 12M D;21017970;;REW CCS VUL MGR 10.0 65K PER N INITIAL BAS 12M D;REW CCS VUL MGR 10.0 65K PER N INITIAL BAS 12M D;REW CCS VUL MGR 10.0 65K PER N INITIAL BAS 12M D;REW CCS VUL MGR 10.0 65K PER N INITIAL BAS 12M D;;;;79;;
1;3;2094;1;186017,82;151234;REW CCS VUL MGR 10.0 65K P N BDL STD LIC A ESS 12M;21017971;;REW CCS VUL MGR 10.0 65K P N BDL STD LIC A ESS 12M;REW CCS VUL MGR 10.0 65K P N BDL STD LIC A ESS 12M;REW CCS VUL MGR 10.0 65K P N BDL STD LIC A ESS 12M;REW CCS VUL MGR 10.0 65K P N BDL STD LIC A ESS 12M;;;;79;;
1;3;2094;1;47961,6114;38993,18;REW CCS VUL MGR 10.0 5K P N BDL STD LIC D BAS 12M;21017973;;REW CCS VUL MGR 10.0 5K P N BDL STD LIC D BAS 12M;REW CCS VUL MGR 10.0 5K P N BDL STD LIC D BAS 12M;REW CCS VUL MGR 10.0 5K P N BDL STD LIC D BAS 12M;REW CCS VUL MGR 10.0 5K P N BDL STD LIC D BAS 12M;;;;79;;
1;3;2094;1;56425,389;45874,3;GOV CCS VUL MGR 10.0 5K P N BDL STD LIC S BAS 12M;21017974;;GOV CCS VUL MGR 10.0 5K P N BDL STD LIC S BAS 12M;GOV CCS VUL MGR 10.0 5K P N BDL STD LIC S BAS 12M;GOV CCS VUL MGR 10.0 5K P N BDL STD LIC S BAS 12M;GOV CCS VUL MGR 10.0 5K P N BDL STD LIC S BAS 12M;;;;79;;
1;3;2094;1;60455,7915;49151,05;REW CCS VUL MGR 10.0 5K P N BDL STD LIC A ESS 12M;21017975;;REW CCS VUL MGR 10.0 5K P N BDL STD LIC A ESS 12M;REW CCS VUL MGR 10.0 5K P N BDL STD LIC A ESS 12M;REW CCS VUL MGR 10.0 5K P N BDL STD LIC A ESS 12M;REW CCS VUL MGR 10.0 5K P N BDL STD LIC A ESS 12M;;;;79;;
1;3;2094;1;61486,4577;49988,99;SIM 4.7 100 BNDL MULTI LIC ESS VPA;21017979;;SIM 4.7 100 BNDL MULTI LIC ESS VPA;SIM 4.7 100 BNDL MULTI LIC ESS VPA;SIM 4.7 100 BNDL MULTI LIC ESS VPA;SIM 4.7 100 BNDL MULTI LIC ESS VPA;;;;79;;
1;3;2094;1;83708,0067;68055,29;REW CCS VUL MGR 10.0 10K P N BDL STD LIC A ESS 12M;21017981;;REW CCS VUL MGR 10.0 10K P N BDL STD LIC A ESS 12M;REW CCS VUL MGR 10.0 10K P N BDL STD LIC A ESS 12M;REW CCS VUL MGR 10.0 10K P N BDL STD LIC A ESS 12M;REW CCS VUL MGR 10.0 10K P N BDL STD LIC A ESS 12M;;;;79;;
1;3;2094;1;35431,9704;28806,48;EXP CCS VUL MGR 10.0 1K P N BDL STD LIC S BAS 12M;21017985;;EXP CCS VUL MGR 10.0 1K P N BDL STD LIC S BAS 12M;EXP CCS VUL MGR 10.0 1K P N BDL STD LIC S BAS 12M;EXP CCS VUL MGR 10.0 1K P N BDL STD LIC S BAS 12M;EXP CCS VUL MGR 10.0 1K P N BDL STD LIC S BAS 12M;;;;79;;
1;3;2094;1;37203,564;30246,8;REW CCS VUL MGR 10.0 1K P N BDL STD LIC B ESS 12M;21017986;;REW CCS VUL MGR 10.0 1K P N BDL STD LIC B ESS 12M;REW CCS VUL MGR 10.0 1K P N BDL STD LIC B ESS 12M;REW CCS VUL MGR 10.0 1K P N BDL STD LIC B ESS 12M;REW CCS VUL MGR 10.0 1K P N BDL STD LIC B ESS 12M;;;;79;;
1;3;2094;1;177159,8151;144032,37;REW CCS VUL MGR 10.0 65K P N BDL STD LIC B BAS 12M;21017989;;REW CCS VUL MGR 10.0 65K P N BDL STD LIC B BAS 12M;REW CCS VUL MGR 10.0 65K P N BDL STD LIC B BAS 12M;REW CCS VUL MGR 10.0 65K P N BDL STD LIC B BAS 12M;REW CCS VUL MGR 10.0 65K P N BDL STD LIC B BAS 12M;;;;79;;
1;3;2094;1;150585,8496;122427,52;REW CCS VUL MGR 10.0 65K P N BDL STD LIC C BAS 12M;21017990;;REW CCS VUL MGR 10.0 65K P N BDL STD LIC C BAS 12M;REW CCS VUL MGR 10.0 65K P N BDL STD LIC C BAS 12M;REW CCS VUL MGR 10.0 65K P N BDL STD LIC C BAS 12M;REW CCS VUL MGR 10.0 65K P N BDL STD LIC C BAS 12M;;;;79;;
1;3;2094;1;186017,82;151234;REW CCS VUL MGR 10.0 65K P N BDL STD LIC B ESS 12M;21017991;;REW CCS VUL MGR 10.0 65K P N BDL STD LIC B ESS 12M;REW CCS VUL MGR 10.0 65K P N BDL STD LIC B ESS 12M;REW CCS VUL MGR 10.0 65K P N BDL STD LIC B ESS 12M;REW CCS VUL MGR 10.0 65K P N BDL STD LIC B ESS 12M;;;;79;;
1;3;2094;1;60455,7915;49151,05;EXP CCS VUL MGR 10.0 5K P N BDL STD LIC S ESS 12M;21017996;;EXP CCS VUL MGR 10.0 5K P N BDL STD LIC S ESS 12M;EXP CCS VUL MGR 10.0 5K P N BDL STD LIC S ESS 12M;EXP CCS VUL MGR 10.0 5K P N BDL STD LIC S ESS 12M;EXP CCS VUL MGR 10.0 5K P N BDL STD LIC S ESS 12M;;;;79;;
1;3;2094;1;66966,4152;54444,24;AE CCS VUL MGR 10.0 10K P N BDL STD LIC S ESS 12M;21017999;;AE CCS VUL MGR 10.0 10K P N BDL STD LIC S ESS 12M;AE CCS VUL MGR 10.0 10K P N BDL STD LIC S ESS 12M;AE CCS VUL MGR 10.0 10K P N BDL STD LIC S ESS 12M;AE CCS VUL MGR 10.0 10K P N BDL STD LIC S ESS 12M;;;;79;;
1;3;2094;1;41923,1109;34083,83;REW CCS VUL MGR 10.0 65K PER N INITIAL ESS 12M E;21018002;;REW CCS VUL MGR 10.0 65K PER N INITIAL ESS 12M E;REW CCS VUL MGR 10.0 65K PER N INITIAL ESS 12M E;REW CCS VUL MGR 10.0 65K PER N INITIAL ESS 12M E;REW CCS VUL MGR 10.0 65K PER N INITIAL ESS 12M E;;;;79;;
1;3;2094;1;10177,0692;8274,04;SIM 4.7 100 BNDL MULTI LIC ESS VPA;21018003;;SIM 4.7 100 BNDL MULTI LIC ESS VPA;SIM 4.7 100 BNDL MULTI LIC ESS VPA;SIM 4.7 100 BNDL MULTI LIC ESS VPA;SIM 4.7 100 BNDL MULTI LIC ESS VPA;;;;79;;
1;3;2094;1;37203,564;30246,8;EXP CCS VUL MGR 10.0 1K P N BDL STD LIC S ESS 12M;21018006;;EXP CCS VUL MGR 10.0 1K P N BDL STD LIC S ESS 12M;EXP CCS VUL MGR 10.0 1K P N BDL STD LIC S ESS 12M;EXP CCS VUL MGR 10.0 1K P N BDL STD LIC S ESS 12M;EXP CCS VUL MGR 10.0 1K P N BDL STD LIC S ESS 12M;;;;79;;
1;3;2094;1;223291,2357;181537,59;SIM 4.7 100 BNDL MULTI LIC ESS VPA;21018012;;SIM 4.7 100 BNDL MULTI LIC ESS VPA;SIM 4.7 100 BNDL MULTI LIC ESS VPA;SIM 4.7 100 BNDL MULTI LIC ESS VPA;SIM 4.7 100 BNDL MULTI LIC ESS VPA;;;;79;;
1;3;2094;1;48940,4085;39788,95;REW CCS VUL MGR 10.0 5K P N BDL STD LIC C BAS 12M;21018015;;REW CCS VUL MGR 10.0 5K P N BDL STD LIC C BAS 12M;REW CCS VUL MGR 10.0 5K P N BDL STD LIC C BAS 12M;REW CCS VUL MGR 10.0 5K P N BDL STD LIC C BAS 12M;REW CCS VUL MGR 10.0 5K P N BDL STD LIC C BAS 12M;;;;79;;
1;3;2094;1;48364,6455;39320,85;AE CCS VUL MGR 10.0 5K P N BDL STD LIC S ESS 12M;21018016;;AE CCS VUL MGR 10.0 5K P N BDL STD LIC S ESS 12M;AE CCS VUL MGR 10.0 5K P N BDL STD LIC S ESS 12M;AE CCS VUL MGR 10.0 5K P N BDL STD LIC S ESS 12M;AE CCS VUL MGR 10.0 5K P N BDL STD LIC S ESS 12M;;;;79;;
1;3;2094;1;95410,0176;77569,12;SIM 4.7 100 BNDL MULTI LIC ESS VPA;21018019;;SIM 4.7 100 BNDL MULTI LIC ESS VPA;SIM 4.7 100 BNDL MULTI LIC ESS VPA;SIM 4.7 100 BNDL MULTI LIC ESS VPA;SIM 4.7 100 BNDL MULTI LIC ESS VPA;;;;79;;
1;3;2094;1;83708,0067;68055,29;EXP CCS VUL MGR 10.0 10K P N BDL STD LIC S ESS 12M;21018020;;EXP CCS VUL MGR 10.0 10K P N BDL STD LIC S ESS 12M;EXP CCS VUL MGR 10.0 10K P N BDL STD LIC S ESS 12M;EXP CCS VUL MGR 10.0 10K P N BDL STD LIC S ESS 12M;EXP CCS VUL MGR 10.0 10K P N BDL STD LIC S ESS 12M;;;;79;;
1;3;2094;1;13818,4596;11234,52;REW CCS VUL MGR 10.0 5K PER N INITIAL BAS 12M A;21018022;;REW CCS VUL MGR 10.0 5K PER N INITIAL BAS 12M A;REW CCS VUL MGR 10.0 5K PER N INITIAL BAS 12M A;REW CCS VUL MGR 10.0 5K PER N INITIAL BAS 12M A;REW CCS VUL MGR 10.0 5K PER N INITIAL BAS 12M A;;;;79;;
1;3;2094;1;15938,0079;12957,73;REW CCS VUL MGR 10.0 10K PER N INITIAL BAS 12M D;21018023;;REW CCS VUL MGR 10.0 10K PER N INITIAL BAS 12M D;REW CCS VUL MGR 10.0 10K PER N INITIAL BAS 12M D;REW CCS VUL MGR 10.0 10K PER N INITIAL BAS 12M D;REW CCS VUL MGR 10.0 10K PER N INITIAL BAS 12M D;;;;79;;
1;3;2094;1;22656,969;18420,3;GOV CCS VUL MGR 10.0 10K PER N INITIAL ESS 12M S;21018024;;GOV CCS VUL MGR 10.0 10K PER N INITIAL ESS 12M S;GOV CCS VUL MGR 10.0 10K PER N INITIAL ESS 12M S;GOV CCS VUL MGR 10.0 10K PER N INITIAL ESS 12M S;GOV CCS VUL MGR 10.0 10K PER N INITIAL ESS 12M S;;;;79;;
1;3;2094;1;7083,5577;5758,99;REW CCS VUL MGR 10.0 1K PER N INITIAL BAS 12M D;21018025;;REW CCS VUL MGR 10.0 1K PER N INITIAL BAS 12M D;REW CCS VUL MGR 10.0 1K PER N INITIAL BAS 12M D;REW CCS VUL MGR 10.0 1K PER N INITIAL BAS 12M D;REW CCS VUL MGR 10.0 1K PER N INITIAL BAS 12M D;;;;79;;
1;3;2094;1;11745,6882;9549,34;REW CCS VUL MGR 10.0 5K PER N INITIAL BAS 12M C;21018026;;REW CCS VUL MGR 10.0 5K PER N INITIAL BAS 12M C;REW CCS VUL MGR 10.0 5K PER N INITIAL BAS 12M C;REW CCS VUL MGR 10.0 5K PER N INITIAL BAS 12M C;REW CCS VUL MGR 10.0 5K PER N INITIAL BAS 12M C;;;;79;;
1;3;2094;1;16697,3115;13575,05;REW CCS VUL MGR 10.0 5K PER N INITIAL ESS 12M A;21018027;;REW CCS VUL MGR 10.0 5K PER N INITIAL ESS 12M A;REW CCS VUL MGR 10.0 5K PER N INITIAL ESS 12M A;REW CCS VUL MGR 10.0 5K PER N INITIAL ESS 12M A;REW CCS VUL MGR 10.0 5K PER N INITIAL ESS 12M A;;;;79;;
1;3;2094;1;16263,2814;13222,18;REW CCS VUL MGR 10.0 10K PER N INITIAL BAS 12M C;21018028;;REW CCS VUL MGR 10.0 10K PER N INITIAL BAS 12M C;REW CCS VUL MGR 10.0 10K PER N INITIAL BAS 12M C;REW CCS VUL MGR 10.0 10K PER N INITIAL BAS 12M C;REW CCS VUL MGR 10.0 10K PER N INITIAL BAS 12M C;;;;79;;
1;3;2094;1;19133,265;15555,5;EXP CCS VUL MGR 10.0 10K PER N INITIAL BAS 12M S;21018029;;EXP CCS VUL MGR 10.0 10K PER N INITIAL BAS 12M S;EXP CCS VUL MGR 10.0 10K PER N INITIAL BAS 12M S;EXP CCS VUL MGR 10.0 10K PER N INITIAL BAS 12M S;EXP CCS VUL MGR 10.0 10K PER N INITIAL BAS 12M S;;;;79;;
1;3;2094;1;8733,984;7100,8;REW CCS VUL MGR 10.0 1K PER N INITIAL ESS 12M C;21018030;;REW CCS VUL MGR 10.0 1K PER N INITIAL ESS 12M C;REW CCS VUL MGR 10.0 1K PER N INITIAL ESS 12M C;REW CCS VUL MGR 10.0 1K PER N INITIAL ESS 12M C;REW CCS VUL MGR 10.0 1K PER N INITIAL ESS 12M C;;;;79;;
1;3;2094;1;10275,2601;8353,87;REW CCS VUL MGR 10.0 1K PER N INITIAL ESS 12M B;21018031;;REW CCS VUL MGR 10.0 1K PER N INITIAL ESS 12M B;REW CCS VUL MGR 10.0 1K PER N INITIAL ESS 12M B;REW CCS VUL MGR 10.0 1K PER N INITIAL ESS 12M B;REW CCS VUL MGR 10.0 1K PER N INITIAL ESS 12M B;;;;79;;
1;3;2094;1;16537,7313;13445,31;SIM 4.7 100 BNDL MULTI LIC ESS VPA;21018032;;SIM 4.7 100 BNDL MULTI LIC ESS VPA;SIM 4.7 100 BNDL MULTI LIC ESS VPA;SIM 4.7 100 BNDL MULTI LIC ESS VPA;SIM 4.7 100 BNDL MULTI LIC ESS VPA;;;;79;;
1;3;2094;1;11510,7828;9358,36;REW CCS VUL MGR 10.0 5K PER N INITIAL BAS 12M D;21018033;;REW CCS VUL MGR 10.0 5K PER N INITIAL BAS 12M D;REW CCS VUL MGR 10.0 5K PER N INITIAL BAS 12M D;REW CCS VUL MGR 10.0 5K PER N INITIAL BAS 12M D;REW CCS VUL MGR 10.0 5K PER N INITIAL BAS 12M D;;;;79;;
1;3;2094;1;41667,9966;33876,42;GOV CCS VUL MGR 10.0 65K PER N INITIAL BAS 12M S;21018034;;GOV CCS VUL MGR 10.0 65K PER N INITIAL BAS 12M S;GOV CCS VUL MGR 10.0 65K PER N INITIAL BAS 12M S;GOV CCS VUL MGR 10.0 65K PER N INITIAL BAS 12M S;GOV CCS VUL MGR 10.0 65K PER N INITIAL BAS 12M S;;;;79;;
1;3;2094;1;13818,4596;11234,52;REW CCS VUL MGR 10.0 5K PER N INITIAL BAS 12M B;21018035;;REW CCS VUL MGR 10.0 5K PER N INITIAL BAS 12M B;REW CCS VUL MGR 10.0 5K PER N INITIAL BAS 12M B;REW CCS VUL MGR 10.0 5K PER N INITIAL BAS 12M B;REW CCS VUL MGR 10.0 5K PER N INITIAL BAS 12M B;;;;79;;
1;3;2094;1;27668,9115;22495,05;SIM 4.7 100 BNDL MULTI LIC ESS VPA;21018036;;SIM 4.7 100 BNDL MULTI LIC ESS VPA;SIM 4.7 100 BNDL MULTI LIC ESS VPA;SIM 4.7 100 BNDL MULTI LIC ESS VPA;SIM 4.7 100 BNDL MULTI LIC ESS VPA;;;;79;;
1;3;2094;1;18865,4079;15337,73;REW CCS VUL MGR 10.0 10K PER N INITIAL ESS 12M E;21018037;;REW CCS VUL MGR 10.0 10K PER N INITIAL ESS 12M E;REW CCS VUL MGR 10.0 10K PER N INITIAL ESS 12M E;REW CCS VUL MGR 10.0 10K PER N INITIAL ESS 12M E;REW CCS VUL MGR 10.0 10K PER N INITIAL ESS 12M E;;;;79;;
1;3;2094;1;13908,8523;11308,01;REW CCS VUL MGR 10.0 5K PER N INITIAL ESS 12M D;21018038;;REW CCS VUL MGR 10.0 5K PER N INITIAL ESS 12M D;REW CCS VUL MGR 10.0 5K PER N INITIAL ESS 12M D;REW CCS VUL MGR 10.0 5K PER N INITIAL ESS 12M D;REW CCS VUL MGR 10.0 5K PER N INITIAL ESS 12M D;;;;79;;
1;3;2094;1;23119,3506;18796,22;REW CCS VUL MGR 10.0 10K PER N INITIAL ESS 12M A;21018040;;REW CCS VUL MGR 10.0 10K PER N INITIAL ESS 12M A;REW CCS VUL MGR 10.0 10K PER N INITIAL ESS 12M A;REW CCS VUL MGR 10.0 10K PER N INITIAL ESS 12M A;REW CCS VUL MGR 10.0 10K PER N INITIAL ESS 12M A;;;;79;;
1;3;2094;1;19651,4517;15976,79;REW CCS VUL MGR 10.0 10K PER N INITIAL ESS 12M C;21018041;;REW CCS VUL MGR 10.0 10K PER N INITIAL ESS 12M C;REW CCS VUL MGR 10.0 10K PER N INITIAL ESS 12M C;REW CCS VUL MGR 10.0 10K PER N INITIAL ESS 12M C;REW CCS VUL MGR 10.0 10K PER N INITIAL ESS 12M C;;;;79;;
1;3;2094;1;19258,4298;15657,26;REW CCS VUL MGR 10.0 10K PER N INITIAL ESS 12M D;21018042;;REW CCS VUL MGR 10.0 10K PER N INITIAL ESS 12M D;REW CCS VUL MGR 10.0 10K PER N INITIAL ESS 12M D;REW CCS VUL MGR 10.0 10K PER N INITIAL ESS 12M D;REW CCS VUL MGR 10.0 10K PER N INITIAL ESS 12M D;;;;79;;
1;3;2094;1;41101,0773;33415,51;AE CCS VUL MGR 10.0 65K PER N INITIAL ESS 12M S;21018043;;AE CCS VUL MGR 10.0 65K PER N INITIAL ESS 12M S;AE CCS VUL MGR 10.0 65K PER N INITIAL ESS 12M S;AE CCS VUL MGR 10.0 65K PER N INITIAL ESS 12M S;AE CCS VUL MGR 10.0 65K PER N INITIAL ESS 12M S;;;;79;;
1;3;2094;1;18495,4854;15036,98;AE CCS VUL MGR 10.0 10K PER N INITIAL ESS 12M S;21018044;;AE CCS VUL MGR 10.0 10K PER N INITIAL ESS 12M S;AE CCS VUL MGR 10.0 10K PER N INITIAL ESS 12M S;AE CCS VUL MGR 10.0 10K PER N INITIAL ESS 12M S;AE CCS VUL MGR 10.0 10K PER N INITIAL ESS 12M S;;;;79;;
1;3;2094;1;10275,2601;8353,87;REW CCS VUL MGR 10.0 1K PER N INITIAL ESS 12M A;21018045;;REW CCS VUL MGR 10.0 1K PER N INITIAL ESS 12M A;REW CCS VUL MGR 10.0 1K PER N INITIAL ESS 12M A;REW CCS VUL MGR 10.0 1K PER N INITIAL ESS 12M A;REW CCS VUL MGR 10.0 1K PER N INITIAL ESS 12M A;;;;79;;
1;3;2094;1;8333,6067;6775,29;GOV CCS VUL MGR 10.0 1K PER N INITIAL BAS 12M S;21018046;;GOV CCS VUL MGR 10.0 1K PER N INITIAL BAS 12M S;GOV CCS VUL MGR 10.0 1K PER N INITIAL BAS 12M S;GOV CCS VUL MGR 10.0 1K PER N INITIAL BAS 12M S;GOV CCS VUL MGR 10.0 1K PER N INITIAL BAS 12M S;;;;79;;
1;3;2094;1;16363,3665;13303,55;GOV CCS VUL MGR 10.0 5K PER N RNWL ESS 12M S;21018047;;GOV CCS VUL MGR 10.0 5K PER N RNWL ESS 12M S;GOV CCS VUL MGR 10.0 5K PER N RNWL ESS 12M S;GOV CCS VUL MGR 10.0 5K PER N RNWL ESS 12M S;GOV CCS VUL MGR 10.0 5K PER N RNWL ESS 12M S;;;;79;;
1;3;2094;1;16697,3115;13575,05;REW CCS VUL MGR 10.0 5K PER N RNWL ESS 12M B;21018050;;REW CCS VUL MGR 10.0 5K PER N RNWL ESS 12M B;REW CCS VUL MGR 10.0 5K PER N RNWL ESS 12M B;REW CCS VUL MGR 10.0 5K PER N RNWL ESS 12M B;REW CCS VUL MGR 10.0 5K PER N RNWL ESS 12M B;;;;79;;
1;3;2094;1;19133,265;15555,5;REW CCS VUL MGR 10.0 10K PER N RNWL BAS 12M B;21018052;;REW CCS VUL MGR 10.0 10K PER N RNWL BAS 12M B;REW CCS VUL MGR 10.0 10K PER N RNWL BAS 12M B;REW CCS VUL MGR 10.0 10K PER N RNWL BAS 12M B;REW CCS VUL MGR 10.0 10K PER N RNWL BAS 12M B;;;;79;;
1;3;2094;1;27668,9115;22495,05;SIM 4.7 100 BNDL MULTI LIC ESS VPA;21018053;;SIM 4.7 100 BNDL MULTI LIC ESS VPA;SIM 4.7 100 BNDL MULTI LIC ESS VPA;SIM 4.7 100 BNDL MULTI LIC ESS VPA;SIM 4.7 100 BNDL MULTI LIC ESS VPA;;;;79;;
1;3;2094;1;19651,4517;15976,79;REW CCS VUL MGR 10.0 10K PER N RNWL ESS 12M C;21018054;;REW CCS VUL MGR 10.0 10K PER N RNWL ESS 12M C;REW CCS VUL MGR 10.0 10K PER N RNWL ESS 12M C;REW CCS VUL MGR 10.0 10K PER N RNWL ESS 12M C;REW CCS VUL MGR 10.0 10K PER N RNWL ESS 12M C;;;;79;;
1;3;2094;1;22656,969;18420,3;GOV CCS VUL MGR 10.0 10K PER N RNWL ESS 12M S;21018055;;GOV CCS VUL MGR 10.0 10K PER N RNWL ESS 12M S;GOV CCS VUL MGR 10.0 10K PER N RNWL ESS 12M S;GOV CCS VUL MGR 10.0 10K PER N RNWL ESS 12M S;GOV CCS VUL MGR 10.0 10K PER N RNWL ESS 12M S;;;;79;;
1;3;2094;1;8503,6788;6913,56;EXP CCS VUL MGR 10.0 1K PER N RNWL BAS 12M S;21018057;;EXP CCS VUL MGR 10.0 1K PER N RNWL BAS 12M S;EXP CCS VUL MGR 10.0 1K PER N RNWL BAS 12M S;EXP CCS VUL MGR 10.0 1K PER N RNWL BAS 12M S;EXP CCS VUL MGR 10.0 1K PER N RNWL BAS 12M S;;;;79;;
1;3;2094;1;12334,1817;10027,79;SIM 4.7 100 BNDL MULTI LIC ESS VPA;21018058;;SIM 4.7 100 BNDL MULTI LIC ESS VPA;SIM 4.7 100 BNDL MULTI LIC ESS VPA;SIM 4.7 100 BNDL MULTI LIC ESS VPA;SIM 4.7 100 BNDL MULTI LIC ESS VPA;;;;79;;
1;3;2094;1;10069,7763;8186,81;GOV CCS VUL MGR 10.0 1K PER N RNWL ESS 12M S;21018060;;GOV CCS VUL MGR 10.0 1K PER N RNWL ESS 12M S;GOV CCS VUL MGR 10.0 1K PER N RNWL ESS 12M S;GOV CCS VUL MGR 10.0 1K PER N RNWL ESS 12M S;GOV CCS VUL MGR 10.0 1K PER N RNWL ESS 12M S;;;;79;;
1;3;2094;1;42518,3694;34567,78;REW CCS VUL MGR 10.0 65K PER N RNWL BAS 12M A;21018063;;REW CCS VUL MGR 10.0 65K PER N RNWL BAS 12M A;REW CCS VUL MGR 10.0 65K PER N RNWL BAS 12M A;REW CCS VUL MGR 10.0 65K PER N RNWL BAS 12M A;REW CCS VUL MGR 10.0 65K PER N RNWL BAS 12M A;;;;79;;
1;3;2094;1;35417,7885;28794,95;REW CCS VUL MGR 10.0 65K PER N RNWL BAS 12M D;21018064;;REW CCS VUL MGR 10.0 65K PER N RNWL BAS 12M D;REW CCS VUL MGR 10.0 65K PER N RNWL BAS 12M D;REW CCS VUL MGR 10.0 65K PER N RNWL BAS 12M D;REW CCS VUL MGR 10.0 65K PER N RNWL BAS 12M D;;;;79;;
1;3;2094;1;41923,1109;34083,83;REW CCS VUL MGR 10.0 65K PER N RNWL ESS 12M E;21018067;;REW CCS VUL MGR 10.0 65K PER N RNWL ESS 12M E;REW CCS VUL MGR 10.0 65K PER N RNWL ESS 12M E;REW CCS VUL MGR 10.0 65K PER N RNWL ESS 12M E;REW CCS VUL MGR 10.0 65K PER N RNWL ESS 12M E;;;;79;;
1;3;2094;1;13818,4596;11234,52;REW CCS VUL MGR 10.0 5K PER N RNWL BAS 12M B;21018068;;REW CCS VUL MGR 10.0 5K PER N RNWL BAS 12M B;REW CCS VUL MGR 10.0 5K PER N RNWL BAS 12M B;REW CCS VUL MGR 10.0 5K PER N RNWL BAS 12M B;REW CCS VUL MGR 10.0 5K PER N RNWL BAS 12M B;;;;79;;
1;3;2094;1;13542,1032;11009,84;GOV CCS VUL MGR 10.0 5K PER N RNWL BAS 12M S;21018069;;GOV CCS VUL MGR 10.0 5K PER N RNWL BAS 12M S;GOV CCS VUL MGR 10.0 5K PER N RNWL BAS 12M S;GOV CCS VUL MGR 10.0 5K PER N RNWL BAS 12M S;GOV CCS VUL MGR 10.0 5K PER N RNWL BAS 12M S;;;;79;;
1;3;2094;1;13818,4596;11234,52;EXP CCS VUL MGR 10.0 5K PER N RNWL BAS 12M S;21018070;;EXP CCS VUL MGR 10.0 5K PER N RNWL BAS 12M S;EXP CCS VUL MGR 10.0 5K PER N RNWL BAS 12M S;EXP CCS VUL MGR 10.0 5K PER N RNWL BAS 12M S;EXP CCS VUL MGR 10.0 5K PER N RNWL BAS 12M S;;;;79;;
1;3;2094;1;14192,724;11538,8;REW CCS VUL MGR 10.0 5K PER N RNWL ESS 12M C;21018071;;REW CCS VUL MGR 10.0 5K PER N RNWL ESS 12M C;REW CCS VUL MGR 10.0 5K PER N RNWL ESS 12M C;REW CCS VUL MGR 10.0 5K PER N RNWL ESS 12M C;REW CCS VUL MGR 10.0 5K PER N RNWL ESS 12M C;;;;79;;
1;3;2094;1;13357,8615;10860,05;AE CCS VUL MGR 10.0 5K PER N RNWL ESS 12M S;21018072;;AE CCS VUL MGR 10.0 5K PER N RNWL ESS 12M S;AE CCS VUL MGR 10.0 5K PER N RNWL ESS 12M S;AE CCS VUL MGR 10.0 5K PER N RNWL ESS 12M S;AE CCS VUL MGR 10.0 5K PER N RNWL ESS 12M S;;;;79;;
1;3;2094;1;19983,0966;16246,42;SIM 4.7 100 BNDL MULTI LIC ESS VPA;21018073;;SIM 4.7 100 BNDL MULTI LIC ESS VPA;SIM 4.7 100 BNDL MULTI LIC ESS VPA;SIM 4.7 100 BNDL MULTI LIC ESS VPA;SIM 4.7 100 BNDL MULTI LIC ESS VPA;;;;79;;
1;3;2094;1;13908,8523;11308,01;REW CCS VUL MGR 10.0 5K PER N RNWL ESS 12M D;21018074;;REW CCS VUL MGR 10.0 5K PER N RNWL ESS 12M D;REW CCS VUL MGR 10.0 5K PER N RNWL ESS 12M D;REW CCS VUL MGR 10.0 5K PER N RNWL ESS 12M D;REW CCS VUL MGR 10.0 5K PER N RNWL ESS 12M D;;;;79;;
1;3;2094;1;22898,4057;18616,59;SIM 4.7 100 BNDL MULTI LIC ESS VPA;21018076;;SIM 4.7 100 BNDL MULTI LIC ESS VPA;SIM 4.7 100 BNDL MULTI LIC ESS VPA;SIM 4.7 100 BNDL MULTI LIC ESS VPA;SIM 4.7 100 BNDL MULTI LIC ESS VPA;;;;79;;
1;3;2094;1;18865,4079;15337,73;REW CCS VUL MGR 10.0 10K PER N RNWL ESS 12M E;21018077;;REW CCS VUL MGR 10.0 10K PER N RNWL ESS 12M E;REW CCS VUL MGR 10.0 10K PER N RNWL ESS 12M E;REW CCS VUL MGR 10.0 10K PER N RNWL ESS 12M E;REW CCS VUL MGR 10.0 10K PER N RNWL ESS 12M E;;;;79;;
1;3;2094;1;6938,9958;5641,46;REW CCS VUL MGR 10.0 1K PER N RNWL BAS 12M E;21018078;;REW CCS VUL MGR 10.0 1K PER N RNWL BAS 12M E;REW CCS VUL MGR 10.0 1K PER N RNWL BAS 12M E;REW CCS VUL MGR 10.0 1K PER N RNWL BAS 12M E;REW CCS VUL MGR 10.0 1K PER N RNWL BAS 12M E;;;;79;;
1;3;2094;1;8733,984;7100,8;REW CCS VUL MGR 10.0 1K PER N RNWL ESS 12M C;21018079;;REW CCS VUL MGR 10.0 1K PER N RNWL ESS 12M C;REW CCS VUL MGR 10.0 1K PER N RNWL ESS 12M C;REW CCS VUL MGR 10.0 1K PER N RNWL ESS 12M C;REW CCS VUL MGR 10.0 1K PER N RNWL ESS 12M C;;;;79;;
1;3;2094;1;18495,4854;15036,98;AE CCS VUL MGR 10.0 10K PER N RNWL ESS 12M S;21018080;;AE CCS VUL MGR 10.0 10K PER N RNWL ESS 12M S;AE CCS VUL MGR 10.0 10K PER N RNWL ESS 12M S;AE CCS VUL MGR 10.0 10K PER N RNWL ESS 12M S;AE CCS VUL MGR 10.0 10K PER N RNWL ESS 12M S;;;;79;;
1;3;2094;1;15938,0079;12957,73;REW CCS VUL MGR 10.0 10K PER N RNWL BAS 12M D;21018081;;REW CCS VUL MGR 10.0 10K PER N RNWL BAS 12M D;REW CCS VUL MGR 10.0 10K PER N RNWL BAS 12M D;REW CCS VUL MGR 10.0 10K PER N RNWL BAS 12M D;REW CCS VUL MGR 10.0 10K PER N RNWL BAS 12M D;;;;79;;
1;3;2094;1;19133,265;15555,5;EXP CCS VUL MGR 10.0 10K PER N RNWL BAS 12M S;21018082;;EXP CCS VUL MGR 10.0 10K PER N RNWL BAS 12M S;EXP CCS VUL MGR 10.0 10K PER N RNWL BAS 12M S;EXP CCS VUL MGR 10.0 10K PER N RNWL BAS 12M S;EXP CCS VUL MGR 10.0 10K PER N RNWL BAS 12M S;;;;79;;
1;3;2094;1;19258,4298;15657,26;REW CCS VUL MGR 10.0 10K PER N RNWL ESS 12M D;21018083;;REW CCS VUL MGR 10.0 10K PER N RNWL ESS 12M D;REW CCS VUL MGR 10.0 10K PER N RNWL ESS 12M D;REW CCS VUL MGR 10.0 10K PER N RNWL ESS 12M D;REW CCS VUL MGR 10.0 10K PER N RNWL ESS 12M D;;;;79;;
1;3;2094;1;8503,6788;6913,56;REW CCS VUL MGR 10.0 1K PER N RNWL BAS 12M B;21018084;;REW CCS VUL MGR 10.0 1K PER N RNWL BAS 12M B;REW CCS VUL MGR 10.0 1K PER N RNWL BAS 12M B;REW CCS VUL MGR 10.0 1K PER N RNWL BAS 12M B;REW CCS VUL MGR 10.0 1K PER N RNWL BAS 12M B;;;;79;;
1;3;2094;1;7083,5577;5758,99;REW CCS VUL MGR 10.0 1K PER N RNWL BAS 12M D;21018085;;REW CCS VUL MGR 10.0 1K PER N RNWL BAS 12M D;REW CCS VUL MGR 10.0 1K PER N RNWL BAS 12M D;REW CCS VUL MGR 10.0 1K PER N RNWL BAS 12M D;REW CCS VUL MGR 10.0 1K PER N RNWL BAS 12M D;;;;79;;
1;3;2094;1;10177,0692;8274,04;SIM 4.7 100 BNDL MULTI LIC ESS VPA;21018087;;SIM 4.7 100 BNDL MULTI LIC ESS VPA;SIM 4.7 100 BNDL MULTI LIC ESS VPA;SIM 4.7 100 BNDL MULTI LIC ESS VPA;SIM 4.7 100 BNDL MULTI LIC ESS VPA;;;;79;;
1;3;2094;1;8503,6788;6913,56;REW CCS VUL MGR 10.0 1K PER N RNWL BAS 12M A;21018088;;REW CCS VUL MGR 10.0 1K PER N RNWL BAS 12M A;REW CCS VUL MGR 10.0 1K PER N RNWL BAS 12M A;REW CCS VUL MGR 10.0 1K PER N RNWL BAS 12M A;REW CCS VUL MGR 10.0 1K PER N RNWL BAS 12M A;;;;79;;
1;3;2094;1;7228,1319;5876,53;REW CCS VUL MGR 10.0 1K PER N RNWL BAS 12M C;21018089;;REW CCS VUL MGR 10.0 1K PER N RNWL BAS 12M C;REW CCS VUL MGR 10.0 1K PER N RNWL BAS 12M C;REW CCS VUL MGR 10.0 1K PER N RNWL BAS 12M C;REW CCS VUL MGR 10.0 1K PER N RNWL BAS 12M C;;;;79;;
1;3;2094;1;8333,6067;6775,29;GOV CCS VUL MGR 10.0 1K PER N RNWL BAS 12M S;21018090;;GOV CCS VUL MGR 10.0 1K PER N RNWL BAS 12M S;GOV CCS VUL MGR 10.0 1K PER N RNWL BAS 12M S;GOV CCS VUL MGR 10.0 1K PER N RNWL BAS 12M S;GOV CCS VUL MGR 10.0 1K PER N RNWL BAS 12M S;;;;79;;
1;3;2094;1;8220,2253;6683,11;AE CCS VUL MGR 10.0 1K PER N RNWL ESS 12M S;21018091;;AE CCS VUL MGR 10.0 1K PER N RNWL ESS 12M S;AE CCS VUL MGR 10.0 1K PER N RNWL ESS 12M S;AE CCS VUL MGR 10.0 1K PER N RNWL ESS 12M S;AE CCS VUL MGR 10.0 1K PER N RNWL ESS 12M S;;;;79;;
1;3;2094;1;42518,3694;34567,78;EXP CCS VUL MGR 10.0 65K PER N RNWL BAS 12M S;21018092;;EXP CCS VUL MGR 10.0 65K PER N RNWL BAS 12M S;EXP CCS VUL MGR 10.0 65K PER N RNWL BAS 12M S;EXP CCS VUL MGR 10.0 65K PER N RNWL BAS 12M S;EXP CCS VUL MGR 10.0 65K PER N RNWL BAS 12M S;;;;79;;
1;3;2094;1;61486,4577;49988,99;SIM 4.7 100 BNDL MULTI LIC ESS VPA;21018093;;SIM 4.7 100 BNDL MULTI LIC ESS VPA;SIM 4.7 100 BNDL MULTI LIC ESS VPA;SIM 4.7 100 BNDL MULTI LIC ESS VPA;SIM 4.7 100 BNDL MULTI LIC ESS VPA;;;;79;;
1;3;2094;1;50885,346;41370,2;SIM 4.7 100 BNDL MULTI LIC ESS VPA;21018094;;SIM 4.7 100 BNDL MULTI LIC ESS VPA;SIM 4.7 100 BNDL MULTI LIC ESS VPA;SIM 4.7 100 BNDL MULTI LIC ESS VPA;SIM 4.7 100 BNDL MULTI LIC ESS VPA;;;;79;;
1;3;2094;1;42518,3694;34567,78;REW CCS VUL MGR 10.0 65K PER N RNWL BAS 12M B;21018095;;REW CCS VUL MGR 10.0 65K PER N RNWL BAS 12M B;REW CCS VUL MGR 10.0 65K PER N RNWL BAS 12M B;REW CCS VUL MGR 10.0 65K PER N RNWL BAS 12M B;REW CCS VUL MGR 10.0 65K PER N RNWL BAS 12M B;;;;79;;
1;3;2094;1;34694,979;28207,3;REW CCS VUL MGR 10.0 65K PER N RNWL BAS 12M E;21018096;;REW CCS VUL MGR 10.0 65K PER N RNWL BAS 12M E;REW CCS VUL MGR 10.0 65K PER N RNWL BAS 12M E;REW CCS VUL MGR 10.0 65K PER N RNWL BAS 12M E;REW CCS VUL MGR 10.0 65K PER N RNWL BAS 12M E;;;;79;;
1;3;2094;1;50348,82;40934;GOV CCS VUL MGR 10.0 65K PER N RNWL ESS 12M S;21018099;;GOV CCS VUL MGR 10.0 65K PER N RNWL ESS 12M S;GOV CCS VUL MGR 10.0 65K PER N RNWL ESS 12M S;GOV CCS VUL MGR 10.0 65K PER N RNWL ESS 12M S;GOV CCS VUL MGR 10.0 65K PER N RNWL ESS 12M S;;;;79;;
1;3;2094;1;51376,362;41769,4;EXP CCS VUL MGR 10.0 65K PER N RNWL ESS 12M S;21018100;;EXP CCS VUL MGR 10.0 65K PER N RNWL ESS 12M S;EXP CCS VUL MGR 10.0 65K PER N RNWL ESS 12M S;EXP CCS VUL MGR 10.0 65K PER N RNWL ESS 12M S;EXP CCS VUL MGR 10.0 65K PER N RNWL ESS 12M S;;;;79;;
1;3;2094;1;23119,3506;18796,22;EXP CCS VUL MGR 10.0 10K PER N RNWL ESS 12M S;21018101;;EXP CCS VUL MGR 10.0 10K PER N RNWL ESS 12M S;EXP CCS VUL MGR 10.0 10K PER N RNWL ESS 12M S;EXP CCS VUL MGR 10.0 10K PER N RNWL ESS 12M S;EXP CCS VUL MGR 10.0 10K PER N RNWL ESS 12M S;;;;79;;
1;3;2094;1;6802,9332;5530,84;AE CCS VUL MGR 10.0 1K PER N RNWL BAS 12M S;21018102;;AE CCS VUL MGR 10.0 1K PER N RNWL BAS 12M S;AE CCS VUL MGR 10.0 1K PER N RNWL BAS 12M S;AE CCS VUL MGR 10.0 1K PER N RNWL BAS 12M S;AE CCS VUL MGR 10.0 1K PER N RNWL BAS 12M S;;;;79;;
1;3;2094;1;51376,362;41769,4;REW CCS VUL MGR 10.0 65K PER N RNWL ESS 12M A;21018103;;REW CCS VUL MGR 10.0 65K PER N RNWL ESS 12M A;REW CCS VUL MGR 10.0 65K PER N RNWL ESS 12M A;REW CCS VUL MGR 10.0 65K PER N RNWL ESS 12M A;REW CCS VUL MGR 10.0 65K PER N RNWL ESS 12M A;;;;79;;
1;3;2094;1;51376,362;41769,4;REW CCS VUL MGR 10.0 65K PER N RNWL ESS 12M B;21018104;;REW CCS VUL MGR 10.0 65K PER N RNWL ESS 12M B;REW CCS VUL MGR 10.0 65K PER N RNWL ESS 12M B;REW CCS VUL MGR 10.0 65K PER N RNWL ESS 12M B;REW CCS VUL MGR 10.0 65K PER N RNWL ESS 12M B;;;;79;;
1;3;2094;1;41101,0773;33415,51;AE CCS VUL MGR 10.0 65K PER N RNWL ESS 12M S;21018105;;AE CCS VUL MGR 10.0 65K PER N RNWL ESS 12M S;AE CCS VUL MGR 10.0 65K PER N RNWL ESS 12M S;AE CCS VUL MGR 10.0 65K PER N RNWL ESS 12M S;AE CCS VUL MGR 10.0 65K PER N RNWL ESS 12M S;;;;79;;
1;3;2094;1;16537,7313;13445,31;SIM 4.7 100 BNDL MULTI LIC ESS VPA;21018106;;SIM 4.7 100 BNDL MULTI LIC ESS VPA;SIM 4.7 100 BNDL MULTI LIC ESS VPA;SIM 4.7 100 BNDL MULTI LIC ESS VPA;SIM 4.7 100 BNDL MULTI LIC ESS VPA;;;;79;;
1;3;2094;1;13818,4596;11234,52;REW CCS VUL MGR 10.0 5K PER N RNWL BAS 12M A;21018107;;REW CCS VUL MGR 10.0 5K PER N RNWL BAS 12M A;REW CCS VUL MGR 10.0 5K PER N RNWL BAS 12M A;REW CCS VUL MGR 10.0 5K PER N RNWL BAS 12M A;REW CCS VUL MGR 10.0 5K PER N RNWL BAS 12M A;;;;79;;
1;3;2094;1;11745,6882;9549,34;REW CCS VUL MGR 10.0 5K PER N RNWL BAS 12M C;21018108;;REW CCS VUL MGR 10.0 5K PER N RNWL BAS 12M C;REW CCS VUL MGR 10.0 5K PER N RNWL BAS 12M C;REW CCS VUL MGR 10.0 5K PER N RNWL BAS 12M C;REW CCS VUL MGR 10.0 5K PER N RNWL BAS 12M C;;;;79;;
1;3;2094;1;19133,265;15555,5;REW CCS VUL MGR 10.0 10K PER N RNWL BAS 12M A;21018109;;REW CCS VUL MGR 10.0 10K PER N RNWL BAS 12M A;REW CCS VUL MGR 10.0 10K PER N RNWL BAS 12M A;REW CCS VUL MGR 10.0 10K PER N RNWL BAS 12M A;REW CCS VUL MGR 10.0 10K PER N RNWL BAS 12M A;;;;79;;
1;3;2094;1;18750,5874;15244,38;GOV CCS VUL MGR 10.0 10K PER N RNWL BAS 12M S;21018110;;GOV CCS VUL MGR 10.0 10K PER N RNWL BAS 12M S;GOV CCS VUL MGR 10.0 10K PER N RNWL BAS 12M S;GOV CCS VUL MGR 10.0 10K PER N RNWL BAS 12M S;GOV CCS VUL MGR 10.0 10K PER N RNWL BAS 12M S;;;;79;;
1;3;2094;1;23119,3506;18796,22;REW CCS VUL MGR 10.0 10K PER N RNWL ESS 12M B;21018111;;REW CCS VUL MGR 10.0 10K PER N RNWL ESS 12M B;REW CCS VUL MGR 10.0 10K PER N RNWL ESS 12M B;REW CCS VUL MGR 10.0 10K PER N RNWL ESS 12M B;REW CCS VUL MGR 10.0 10K PER N RNWL ESS 12M B;;;;79;;
1;3;2094;1;13625,0052;11077,24;REW CCS VUL MGR 10.0 5K PER N RNWL ESS 12M E;21018112;;REW CCS VUL MGR 10.0 5K PER N RNWL ESS 12M E;REW CCS VUL MGR 10.0 5K PER N RNWL ESS 12M E;REW CCS VUL MGR 10.0 5K PER N RNWL ESS 12M E;REW CCS VUL MGR 10.0 5K PER N RNWL ESS 12M E;;;;79;;
1;3;2094;1;10275,2601;8353,87;REW CCS VUL MGR 10.0 1K PER N RNWL ESS 12M A;21018113;;REW CCS VUL MGR 10.0 1K PER N RNWL ESS 12M A;REW CCS VUL MGR 10.0 1K PER N RNWL ESS 12M A;REW CCS VUL MGR 10.0 1K PER N RNWL ESS 12M A;REW CCS VUL MGR 10.0 1K PER N RNWL ESS 12M A;;;;79;;
1;3;2094;1;10275,2601;8353,87;REW CCS VUL MGR 10.0 1K PER N RNWL ESS 12M B;21018114;;REW CCS VUL MGR 10.0 1K PER N RNWL ESS 12M B;REW CCS VUL MGR 10.0 1K PER N RNWL ESS 12M B;REW CCS VUL MGR 10.0 1K PER N RNWL ESS 12M B;REW CCS VUL MGR 10.0 1K PER N RNWL ESS 12M B;;;;79;;
1;3;2094;1;8559,2994;6958,78;REW CCS VUL MGR 10.0 1K PER N RNWL ESS 12M D;21018115;;REW CCS VUL MGR 10.0 1K PER N RNWL ESS 12M D;REW CCS VUL MGR 10.0 1K PER N RNWL ESS 12M D;REW CCS VUL MGR 10.0 1K PER N RNWL ESS 12M D;REW CCS VUL MGR 10.0 1K PER N RNWL ESS 12M D;;;;79;;
1;3;2094;1;8384,6271;6816,77;REW CCS VUL MGR 10.0 1K PER N RNWL ESS 12M E;21018116;;REW CCS VUL MGR 10.0 1K PER N RNWL ESS 12M E;REW CCS VUL MGR 10.0 1K PER N RNWL ESS 12M E;REW CCS VUL MGR 10.0 1K PER N RNWL ESS 12M E;REW CCS VUL MGR 10.0 1K PER N RNWL ESS 12M E;;;;79;;
1;3;2094;1;10275,2601;8353,87;EXP CCS VUL MGR 10.0 1K PER N RNWL ESS 12M S;21018117;;EXP CCS VUL MGR 10.0 1K PER N RNWL ESS 12M S;EXP CCS VUL MGR 10.0 1K PER N RNWL ESS 12M S;EXP CCS VUL MGR 10.0 1K PER N RNWL ESS 12M S;EXP CCS VUL MGR 10.0 1K PER N RNWL ESS 12M S;;;;79;;
1;3;2094;1;41667,9966;33876,42;GOV CCS VUL MGR 10.0 65K PER N RNWL BAS 12M S;21018118;;GOV CCS VUL MGR 10.0 65K PER N RNWL BAS 12M S;GOV CCS VUL MGR 10.0 65K PER N RNWL BAS 12M S;GOV CCS VUL MGR 10.0 65K PER N RNWL BAS 12M S;GOV CCS VUL MGR 10.0 65K PER N RNWL BAS 12M S;;;;79;;
1;3;2094;1;36140,6103;29382,61;REW CCS VUL MGR 10.0 65K PER N RNWL BAS 12M C;21018119;;REW CCS VUL MGR 10.0 65K PER N RNWL BAS 12M C;REW CCS VUL MGR 10.0 65K PER N RNWL BAS 12M C;REW CCS VUL MGR 10.0 65K PER N RNWL BAS 12M C;REW CCS VUL MGR 10.0 65K PER N RNWL BAS 12M C;;;;79;;
1;3;2094;1;11054,7603;8987,61;AE CCS VUL MGR 10.0 5K PER N RNWL BAS 12M S;21018120;;AE CCS VUL MGR 10.0 5K PER N RNWL BAS 12M S;AE CCS VUL MGR 10.0 5K PER N RNWL BAS 12M S;AE CCS VUL MGR 10.0 5K PER N RNWL BAS 12M S;AE CCS VUL MGR 10.0 5K PER N RNWL BAS 12M S;;;;79;;
1;3;2094;1;16697,3115;13575,05;REW CCS VUL MGR 10.0 5K PER N RNWL ESS 12M A;21018121;;REW CCS VUL MGR 10.0 5K PER N RNWL ESS 12M A;REW CCS VUL MGR 10.0 5K PER N RNWL ESS 12M A;REW CCS VUL MGR 10.0 5K PER N RNWL ESS 12M A;REW CCS VUL MGR 10.0 5K PER N RNWL ESS 12M A;;;;79;;
1;3;2094;1;16697,3115;13575,05;EXP CCS VUL MGR 10.0 5K PER N RNWL ESS 12M S;21018122;;EXP CCS VUL MGR 10.0 5K PER N RNWL ESS 12M S;EXP CCS VUL MGR 10.0 5K PER N RNWL ESS 12M S;EXP CCS VUL MGR 10.0 5K PER N RNWL ESS 12M S;EXP CCS VUL MGR 10.0 5K PER N RNWL ESS 12M S;;;;79;;
1;3;2094;1;16263,2814;13222,18;REW CCS VUL MGR 10.0 10K PER N RNWL BAS 12M C;21018123;;REW CCS VUL MGR 10.0 10K PER N RNWL BAS 12M C;REW CCS VUL MGR 10.0 10K PER N RNWL BAS 12M C;REW CCS VUL MGR 10.0 10K PER N RNWL BAS 12M C;REW CCS VUL MGR 10.0 10K PER N RNWL BAS 12M C;;;;79;;
1;3;2094;1;23119,3506;18796,22;REW CCS VUL MGR 10.0 10K PER N RNWL ESS 12M A;21018125;;REW CCS VUL MGR 10.0 10K PER N RNWL ESS 12M A;REW CCS VUL MGR 10.0 10K PER N RNWL ESS 12M A;REW CCS VUL MGR 10.0 10K PER N RNWL ESS 12M A;REW CCS VUL MGR 10.0 10K PER N RNWL ESS 12M A;;;;79;;
1;3;2094;1;34014,6906;27654,22;AE CCS VUL MGR 10.0 65K PER N RNWL BAS 12M S;21018126;;AE CCS VUL MGR 10.0 65K PER N RNWL BAS 12M S;AE CCS VUL MGR 10.0 65K PER N RNWL BAS 12M S;AE CCS VUL MGR 10.0 65K PER N RNWL BAS 12M S;AE CCS VUL MGR 10.0 65K PER N RNWL BAS 12M S;;;;79;;
1;3;2094;1;43669,9077;35503,99;REW CCS VUL MGR 10.0 65K PER N RNWL ESS 12M C;21018127;;REW CCS VUL MGR 10.0 65K PER N RNWL ESS 12M C;REW CCS VUL MGR 10.0 65K PER N RNWL ESS 12M C;REW CCS VUL MGR 10.0 65K PER N RNWL ESS 12M C;REW CCS VUL MGR 10.0 65K PER N RNWL ESS 12M C;;;;79;;
1;3;2094;1;42796,497;34793,9;REW CCS VUL MGR 10.0 65K PER N RNWL ESS 12M D;21018128;;REW CCS VUL MGR 10.0 65K PER N RNWL ESS 12M D;REW CCS VUL MGR 10.0 65K PER N RNWL ESS 12M D;REW CCS VUL MGR 10.0 65K PER N RNWL ESS 12M D;REW CCS VUL MGR 10.0 65K PER N RNWL ESS 12M D;;;;79;;
1;3;2094;1;11510,7828;9358,36;REW CCS VUL MGR 10.0 5K PER N RNWL BAS 12M D;21018129;;REW CCS VUL MGR 10.0 5K PER N RNWL BAS 12M D;REW CCS VUL MGR 10.0 5K PER N RNWL BAS 12M D;REW CCS VUL MGR 10.0 5K PER N RNWL BAS 12M D;REW CCS VUL MGR 10.0 5K PER N RNWL BAS 12M D;;;;79;;
1;3;2094;1;11275,8651;9167,37;REW CCS VUL MGR 10.0 5K PER N RNWL BAS 12M E;21018130;;REW CCS VUL MGR 10.0 5K PER N RNWL BAS 12M E;REW CCS VUL MGR 10.0 5K PER N RNWL BAS 12M E;REW CCS VUL MGR 10.0 5K PER N RNWL BAS 12M E;REW CCS VUL MGR 10.0 5K PER N RNWL BAS 12M E;;;;79;;
1;3;2094;1;15612,7467;12693,29;REW CCS VUL MGR 10.0 10K PER N RNWL BAS 12M E;21018132;;REW CCS VUL MGR 10.0 10K PER N RNWL BAS 12M E;REW CCS VUL MGR 10.0 10K PER N RNWL BAS 12M E;REW CCS VUL MGR 10.0 10K PER N RNWL BAS 12M E;REW CCS VUL MGR 10.0 10K PER N RNWL BAS 12M E;;;;79;;
1;3;2094;1;15306,5997;12444,39;AE CCS VUL MGR 10.0 10K PER N RNWL BAS 12M S;21018133;;AE CCS VUL MGR 10.0 10K PER N RNWL BAS 12M S;AE CCS VUL MGR 10.0 10K PER N RNWL BAS 12M S;AE CCS VUL MGR 10.0 10K PER N RNWL BAS 12M S;AE CCS VUL MGR 10.0 10K PER N RNWL BAS 12M S;;;;79;;
1;3;2094;1;35431,9704;28806,48;REW CCS VUL MGR 10.0 1K P N BDL STD LIC A BAS 12M;21018135;;REW CCS VUL MGR 10.0 1K P N BDL STD LIC A BAS 12M;REW CCS VUL MGR 10.0 1K P N BDL STD LIC A BAS 12M;REW CCS VUL MGR 10.0 1K P N BDL STD LIC A BAS 12M;REW CCS VUL MGR 10.0 1K P N BDL STD LIC A BAS 12M;;;;79;;
1;3;2094;1;37203,564;30246,8;REW CCS VUL MGR 10.0 1K P N BDL STD LIC A ESS 12M;21018136;;REW CCS VUL MGR 10.0 1K P N BDL STD LIC A ESS 12M;REW CCS VUL MGR 10.0 1K P N BDL STD LIC A ESS 12M;REW CCS VUL MGR 10.0 1K P N BDL STD LIC A ESS 12M;REW CCS VUL MGR 10.0 1K P N BDL STD LIC A ESS 12M;;;;79;;
1;3;2094;1;177159,8151;144032,37;EXP CCS VUL MGR 10.0 65K P N BDL STD LIC S BAS 12M;21018140;;EXP CCS VUL MGR 10.0 65K P N BDL STD LIC S BAS 12M;EXP CCS VUL MGR 10.0 65K P N BDL STD LIC S BAS 12M;EXP CCS VUL MGR 10.0 65K P N BDL STD LIC S BAS 12M;EXP CCS VUL MGR 10.0 65K P N BDL STD LIC S BAS 12M;;;;79;;
1;3;2094;1;141727,857;115225,9;AE CCS VUL MGR 10.0 65K P N BDL STD LIC S BAS 12M;21018141;;AE CCS VUL MGR 10.0 65K P N BDL STD LIC S BAS 12M;AE CCS VUL MGR 10.0 65K P N BDL STD LIC S BAS 12M;AE CCS VUL MGR 10.0 65K P N BDL STD LIC S BAS 12M;AE CCS VUL MGR 10.0 65K P N BDL STD LIC S BAS 12M;;;;79;;
1;3;2094;1;68907,2445;56022,15;SIM 4.7 100 BNDL MULTI LIC ESS VPA;21018144;;SIM 4.7 100 BNDL MULTI LIC ESS VPA;SIM 4.7 100 BNDL MULTI LIC ESS VPA;SIM 4.7 100 BNDL MULTI LIC ESS VPA;SIM 4.7 100 BNDL MULTI LIC ESS VPA;;;;79;;
1;3;2094;1;82033,866;66694,2;GOV CCS VUL MGR 10.0 10K P N BDL STD LIC S ESS 12M;21018151;;GOV CCS VUL MGR 10.0 10K P N BDL STD LIC S ESS 12M;GOV CCS VUL MGR 10.0 10K P N BDL STD LIC S ESS 12M;GOV CCS VUL MGR 10.0 10K P N BDL STD LIC S ESS 12M;GOV CCS VUL MGR 10.0 10K P N BDL STD LIC S ESS 12M;;;;79;;
1;3;2094;1;29514,8094;23995,78;REW CCS VUL MGR 10.0 1K P N BDL STD LIC D BAS 12M;21018152;;REW CCS VUL MGR 10.0 1K P N BDL STD LIC D BAS 12M;REW CCS VUL MGR 10.0 1K P N BDL STD LIC D BAS 12M;REW CCS VUL MGR 10.0 1K P N BDL STD LIC D BAS 12M;REW CCS VUL MGR 10.0 1K P N BDL STD LIC D BAS 12M;;;;79;;
1;3;2094;1;57576,9396;46810,52;REW CCS VUL MGR 10.0 5K P N BDL STD LIC B BAS 12M;21018157;;REW CCS VUL MGR 10.0 5K P N BDL STD LIC B BAS 12M;REW CCS VUL MGR 10.0 5K P N BDL STD LIC B BAS 12M;REW CCS VUL MGR 10.0 5K P N BDL STD LIC B BAS 12M;REW CCS VUL MGR 10.0 5K P N BDL STD LIC B BAS 12M;;;;79;;
1;3;2094;1;67763,652;55092,4;REW CCS VUL MGR 10.0 10K P N BDL STD LIC C BAS 12M;21018161;;REW CCS VUL MGR 10.0 10K P N BDL STD LIC C BAS 12M;REW CCS VUL MGR 10.0 10K P N BDL STD LIC C BAS 12M;REW CCS VUL MGR 10.0 10K P N BDL STD LIC C BAS 12M;REW CCS VUL MGR 10.0 10K P N BDL STD LIC C BAS 12M;;;;79;;
1;3;2094;1;66408,3642;53990,54;REW CCS VUL MGR 10.0 10K P N BDL STD LIC D BAS 12M;21018162;;REW CCS VUL MGR 10.0 10K P N BDL STD LIC D BAS 12M;REW CCS VUL MGR 10.0 10K P N BDL STD LIC D BAS 12M;REW CCS VUL MGR 10.0 10K P N BDL STD LIC D BAS 12M;REW CCS VUL MGR 10.0 10K P N BDL STD LIC D BAS 12M;;;;79;;
1;3;2094;1;30990,5634;25195,58;REW CCS VUL MGR 10.0 1K P N BDL STD LIC D ESS 12M;21018163;;REW CCS VUL MGR 10.0 1K P N BDL STD LIC D ESS 12M;REW CCS VUL MGR 10.0 1K P N BDL STD LIC D ESS 12M;REW CCS VUL MGR 10.0 1K P N BDL STD LIC D ESS 12M;REW CCS VUL MGR 10.0 1K P N BDL STD LIC D ESS 12M;;;;79;;
1;3;2094;1;158115,147;128548,9;REW CCS VUL MGR 10.0 65K P N BDL STD LIC C ESS 12M;21018164;;REW CCS VUL MGR 10.0 65K P N BDL STD LIC C ESS 12M;REW CCS VUL MGR 10.0 65K P N BDL STD LIC C ESS 12M;REW CCS VUL MGR 10.0 65K P N BDL STD LIC C ESS 12M;REW CCS VUL MGR 10.0 65K P N BDL STD LIC C ESS 12M;;;;79;;
1;3;2094;1;182297,4636;148209,32;GOV CCS VUL MGR 10.0 65K P N BDL STD LIC S ESS 12M;21018165;;GOV CCS VUL MGR 10.0 65K P N BDL STD LIC S ESS 12M;GOV CCS VUL MGR 10.0 65K P N BDL STD LIC S ESS 12M;GOV CCS VUL MGR 10.0 65K P N BDL STD LIC S ESS 12M;GOV CCS VUL MGR 10.0 65K P N BDL STD LIC S ESS 12M;;;;79;;
1;3;2094;1;148814,256;120987,2;AE CCS VUL MGR 10.0 65K P N BDL STD LIC S ESS 12M;21018166;;AE CCS VUL MGR 10.0 65K P N BDL STD LIC S ESS 12M;AE CCS VUL MGR 10.0 65K P N BDL STD LIC S ESS 12M;AE CCS VUL MGR 10.0 65K P N BDL STD LIC S ESS 12M;AE CCS VUL MGR 10.0 65K P N BDL STD LIC S ESS 12M;;;;79;;
1;3;2094;1;57576,9396;46810,52;REW CCS VUL MGR 10.0 5K P N BDL STD LIC A BAS 12M;21018169;;REW CCS VUL MGR 10.0 5K P N BDL STD LIC A BAS 12M;REW CCS VUL MGR 10.0 5K P N BDL STD LIC A BAS 12M;REW CCS VUL MGR 10.0 5K P N BDL STD LIC A BAS 12M;REW CCS VUL MGR 10.0 5K P N BDL STD LIC A BAS 12M;;;;79;;
1;3;2094;1;72569,6556;58999,72;SIM 4.7 100 BNDL MULTI LIC ESS VPA;21018170;;SIM 4.7 100 BNDL MULTI LIC ESS VPA;SIM 4.7 100 BNDL MULTI LIC ESS VPA;SIM 4.7 100 BNDL MULTI LIC ESS VPA;SIM 4.7 100 BNDL MULTI LIC ESS VPA;;;;79;;
1;3;2094;1;46982,7774;38197,38;REW CCS VUL MGR 10.0 5K P N BDL STD LIC E BAS 12M;21018174;;REW CCS VUL MGR 10.0 5K P N BDL STD LIC E BAS 12M;REW CCS VUL MGR 10.0 5K P N BDL STD LIC E BAS 12M;REW CCS VUL MGR 10.0 5K P N BDL STD LIC E BAS 12M;REW CCS VUL MGR 10.0 5K P N BDL STD LIC E BAS 12M;;;;79;;
1;3;2094;1;46061,5566;37448,42;AE CCS VUL MGR 10.0 5K P N BDL STD LIC S BAS 12M;21018175;;AE CCS VUL MGR 10.0 5K P N BDL STD LIC S BAS 12M;AE CCS VUL MGR 10.0 5K P N BDL STD LIC S BAS 12M;AE CCS VUL MGR 10.0 5K P N BDL STD LIC S BAS 12M;AE CCS VUL MGR 10.0 5K P N BDL STD LIC S BAS 12M;;;;79;;
1;3;2094;1;60455,7915;49151,05;REW CCS VUL MGR 10.0 5K P N BDL STD LIC B ESS 12M;21018176;;REW CCS VUL MGR 10.0 5K P N BDL STD LIC B ESS 12M;REW CCS VUL MGR 10.0 5K P N BDL STD LIC B ESS 12M;REW CCS VUL MGR 10.0 5K P N BDL STD LIC B ESS 12M;REW CCS VUL MGR 10.0 5K P N BDL STD LIC B ESS 12M;;;;79;;
1;3;2094;1;69728,7861;56690,07;REW CCS VUL MGR 10.0 10K P N BDL STD LIC D ESS 12M;21018179;;REW CCS VUL MGR 10.0 10K P N BDL STD LIC D ESS 12M;REW CCS VUL MGR 10.0 10K P N BDL STD LIC D ESS 12M;REW CCS VUL MGR 10.0 10K P N BDL STD LIC D ESS 12M;REW CCS VUL MGR 10.0 10K P N BDL STD LIC D ESS 12M;;;;79;;
1;3;2094;1;30117,165;24485,5;REW CCS VUL MGR 10.0 1K P N BDL STD LIC C BAS 12M;21018184;;REW CCS VUL MGR 10.0 1K P N BDL STD LIC C BAS 12M;REW CCS VUL MGR 10.0 1K P N BDL STD LIC C BAS 12M;REW CCS VUL MGR 10.0 1K P N BDL STD LIC C BAS 12M;REW CCS VUL MGR 10.0 1K P N BDL STD LIC C BAS 12M;;;;79;;
1;3;2094;1;34723,3305;28230,35;GOV CCS VUL MGR 10.0 1K P N BDL STD LIC S BAS 12M;21018185;;GOV CCS VUL MGR 10.0 1K P N BDL STD LIC S BAS 12M;GOV CCS VUL MGR 10.0 1K P N BDL STD LIC S BAS 12M;GOV CCS VUL MGR 10.0 1K P N BDL STD LIC S BAS 12M;GOV CCS VUL MGR 10.0 1K P N BDL STD LIC S BAS 12M;;;;79;;
1;3;2094;1;50359,6809;40942,83;REW CCS VUL MGR 10.0 5K P N BDL STD LIC D ESS 12M;21018186;;REW CCS VUL MGR 10.0 5K P N BDL STD LIC D ESS 12M;REW CCS VUL MGR 10.0 5K P N BDL STD LIC D ESS 12M;REW CCS VUL MGR 10.0 5K P N BDL STD LIC D ESS 12M;REW CCS VUL MGR 10.0 5K P N BDL STD LIC D ESS 12M;;;;79;;
1;3;2094;1;49331,9175;40107,25;REW CCS VUL MGR 10.0 5K P N BDL STD LIC E ESS 12M;21018187;;REW CCS VUL MGR 10.0 5K P N BDL STD LIC E ESS 12M;REW CCS VUL MGR 10.0 5K P N BDL STD LIC E ESS 12M;REW CCS VUL MGR 10.0 5K P N BDL STD LIC E ESS 12M;REW CCS VUL MGR 10.0 5K P N BDL STD LIC E ESS 12M;;;;79;;
1;3;2094;1;79721,9211;64814,57;REW CCS VUL MGR 10.0 10K P N BDL STD LIC A BAS 12M;21018188;;REW CCS VUL MGR 10.0 10K P N BDL STD LIC A BAS 12M;REW CCS VUL MGR 10.0 10K P N BDL STD LIC A BAS 12M;REW CCS VUL MGR 10.0 10K P N BDL STD LIC A BAS 12M;REW CCS VUL MGR 10.0 10K P N BDL STD LIC A BAS 12M;;;;79;;
1;3;2094;1;79721,9211;64814,57;REW CCS VUL MGR 10.0 10K P N BDL STD LIC B BAS 12M;21018189;;REW CCS VUL MGR 10.0 10K P N BDL STD LIC B BAS 12M;REW CCS VUL MGR 10.0 10K P N BDL STD LIC B BAS 12M;REW CCS VUL MGR 10.0 10K P N BDL STD LIC B BAS 12M;REW CCS VUL MGR 10.0 10K P N BDL STD LIC B BAS 12M;;;;79;;
1;3;2094;1;78127,4844;63518,28;GOV CCS VUL MGR 10.0 10K P N BDL STD LIC S BAS 12M;21018190;;GOV CCS VUL MGR 10.0 10K P N BDL STD LIC S BAS 12M;GOV CCS VUL MGR 10.0 10K P N BDL STD LIC S BAS 12M;GOV CCS VUL MGR 10.0 10K P N BDL STD LIC S BAS 12M;GOV CCS VUL MGR 10.0 10K P N BDL STD LIC S BAS 12M;;;;79;;
1;3;2094;1;100481,0616;81691,92;SIM 4.7 100 BNDL MULTI LIC ESS VPA;21018191;;SIM 4.7 100 BNDL MULTI LIC ESS VPA;SIM 4.7 100 BNDL MULTI LIC ESS VPA;SIM 4.7 100 BNDL MULTI LIC ESS VPA;SIM 4.7 100 BNDL MULTI LIC ESS VPA;;;;79;;
1;3;2094;1;31623,0294;25709,78;REW CCS VUL MGR 10.0 1K P N BDL STD LIC C ESS 12M;21018194;;REW CCS VUL MGR 10.0 1K P N BDL STD LIC C ESS 12M;REW CCS VUL MGR 10.0 1K P N BDL STD LIC C ESS 12M;REW CCS VUL MGR 10.0 1K P N BDL STD LIC C ESS 12M;REW CCS VUL MGR 10.0 1K P N BDL STD LIC C ESS 12M;;;;79;;
1;3;2094;1;177159,8151;144032,37;REW CCS VUL MGR 10.0 65K P N BDL STD LIC A BAS 12M;21018199;;REW CCS VUL MGR 10.0 65K P N BDL STD LIC A BAS 12M;REW CCS VUL MGR 10.0 65K P N BDL STD LIC A BAS 12M;REW CCS VUL MGR 10.0 65K P N BDL STD LIC A BAS 12M;REW CCS VUL MGR 10.0 65K P N BDL STD LIC A BAS 12M;;;;79;;
1;3;2094;1;154952,8416;125977,92;REW CCS VUL MGR 10.0 65K P N BDL STD LIC D ESS 12M;21018200;;REW CCS VUL MGR 10.0 65K P N BDL STD LIC D ESS 12M;REW CCS VUL MGR 10.0 65K P N BDL STD LIC D ESS 12M;REW CCS VUL MGR 10.0 65K P N BDL STD LIC D ESS 12M;REW CCS VUL MGR 10.0 65K P N BDL STD LIC D ESS 12M;;;;79;;
1;3;2094;1;151790,5362;123406,94;REW CCS VUL MGR 10.0 65K P N BDL STD LIC E ESS 12M;21018201;;REW CCS VUL MGR 10.0 65K P N BDL STD LIC E ESS 12M;REW CCS VUL MGR 10.0 65K P N BDL STD LIC E ESS 12M;REW CCS VUL MGR 10.0 65K P N BDL STD LIC E ESS 12M;REW CCS VUL MGR 10.0 65K P N BDL STD LIC E ESS 12M;;;;79;;
1;3;2094;1;71151,8223;57847,01;REW CCS VUL MGR 10.0 10K P N BDL STD LIC C ESS 12M;21018205;;REW CCS VUL MGR 10.0 10K P N BDL STD LIC C ESS 12M;REW CCS VUL MGR 10.0 10K P N BDL STD LIC C ESS 12M;REW CCS VUL MGR 10.0 10K P N BDL STD LIC C ESS 12M;REW CCS VUL MGR 10.0 10K P N BDL STD LIC C ESS 12M;;;;79;;
1;3;2094;1;28345,5714;23045,18;AE CCS VUL MGR 10.0 1K P N BDL STD LIC S BAS 12M;21018209;;AE CCS VUL MGR 10.0 1K P N BDL STD LIC S BAS 12M;AE CCS VUL MGR 10.0 1K P N BDL STD LIC S BAS 12M;AE CCS VUL MGR 10.0 1K P N BDL STD LIC S BAS 12M;AE CCS VUL MGR 10.0 1K P N BDL STD LIC S BAS 12M;;;;79;;
1;3;2094;1;36459,4878;29641,86;GOV CCS VUL MGR 10.0 1K P N BDL STD LIC S ESS 12M;21018210;;GOV CCS VUL MGR 10.0 1K P N BDL STD LIC S ESS 12M;GOV CCS VUL MGR 10.0 1K P N BDL STD LIC S ESS 12M;GOV CCS VUL MGR 10.0 1K P N BDL STD LIC S ESS 12M;GOV CCS VUL MGR 10.0 1K P N BDL STD LIC S ESS 12M;;;;79;;
1;3;2094;1;29762,8512;24197,44;AE CCS VUL MGR 10.0 1K P N BDL STD LIC S ESS 12M;21018211;;AE CCS VUL MGR 10.0 1K P N BDL STD LIC S ESS 12M;AE CCS VUL MGR 10.0 1K P N BDL STD LIC S ESS 12M;AE CCS VUL MGR 10.0 1K P N BDL STD LIC S ESS 12M;AE CCS VUL MGR 10.0 1K P N BDL STD LIC S ESS 12M;;;;79;;
1;3;2094;1;57576,9396;46810,52;EXP CCS VUL MGR 10.0 5K P N BDL STD LIC S BAS 12M;21018216;;EXP CCS VUL MGR 10.0 5K P N BDL STD LIC S BAS 12M;EXP CCS VUL MGR 10.0 5K P N BDL STD LIC S BAS 12M;EXP CCS VUL MGR 10.0 5K P N BDL STD LIC S BAS 12M;EXP CCS VUL MGR 10.0 5K P N BDL STD LIC S BAS 12M;;;;79;;
1;3;2094;1;51387,4197;41778,39;REW CCS VUL MGR 10.0 5K P N BDL STD LIC C ESS 12M;21018217;;REW CCS VUL MGR 10.0 5K P N BDL STD LIC C ESS 12M;REW CCS VUL MGR 10.0 5K P N BDL STD LIC C ESS 12M;REW CCS VUL MGR 10.0 5K P N BDL STD LIC C ESS 12M;REW CCS VUL MGR 10.0 5K P N BDL STD LIC C ESS 12M;;;;79;;
1;3;2094;1;59246,6646;48168,02;GOV CCS VUL MGR 10.0 5K P N BDL STD LIC S ESS 12M;21018218;;GOV CCS VUL MGR 10.0 5K P N BDL STD LIC S ESS 12M;GOV CCS VUL MGR 10.0 5K P N BDL STD LIC S ESS 12M;GOV CCS VUL MGR 10.0 5K P N BDL STD LIC S ESS 12M;GOV CCS VUL MGR 10.0 5K P N BDL STD LIC S ESS 12M;;;;79;;
1;3;2094;1;65053,101;52888,7;REW CCS VUL MGR 10.0 10K P N BDL STD LIC E BAS 12M;21018221;;REW CCS VUL MGR 10.0 10K P N BDL STD LIC E BAS 12M;REW CCS VUL MGR 10.0 10K P N BDL STD LIC E BAS 12M;REW CCS VUL MGR 10.0 10K P N BDL STD LIC E BAS 12M;REW CCS VUL MGR 10.0 10K P N BDL STD LIC E BAS 12M;;;;79;;
1;3;2094;1;35431,9704;28806,48;REW CCS VUL MGR 10.0 1K P N BDL STD LIC B BAS 12M;21018222;;REW CCS VUL MGR 10.0 1K P N BDL STD LIC B BAS 12M;REW CCS VUL MGR 10.0 1K P N BDL STD LIC B BAS 12M;REW CCS VUL MGR 10.0 1K P N BDL STD LIC B BAS 12M;REW CCS VUL MGR 10.0 1K P N BDL STD LIC B BAS 12M;;;;79;;
1;3;2094;1;28912,4907;23506,09;REW CCS VUL MGR 10.0 1K P N BDL STD LIC E BAS 12M;21018223;;REW CCS VUL MGR 10.0 1K P N BDL STD LIC E BAS 12M;REW CCS VUL MGR 10.0 1K P N BDL STD LIC E BAS 12M;REW CCS VUL MGR 10.0 1K P N BDL STD LIC E BAS 12M;REW CCS VUL MGR 10.0 1K P N BDL STD LIC E BAS 12M;;;;79;;
1;3;2094;1;44658,2373;36307,51;SIM 4.7 100 BNDL MULTI LIC ESS VPA;21018224;;SIM 4.7 100 BNDL MULTI LIC ESS VPA;SIM 4.7 100 BNDL MULTI LIC ESS VPA;SIM 4.7 100 BNDL MULTI LIC ESS VPA;SIM 4.7 100 BNDL MULTI LIC ESS VPA;;;;79;;
1;3;2094;1;79721,9211;64814,57;EXP CCS VUL MGR 10.0 10K P N BDL STD LIC S BAS 12M;21018227;;EXP CCS VUL MGR 10.0 10K P N BDL STD LIC S BAS 12M;EXP CCS VUL MGR 10.0 10K P N BDL STD LIC S BAS 12M;EXP CCS VUL MGR 10.0 10K P N BDL STD LIC S BAS 12M;EXP CCS VUL MGR 10.0 10K P N BDL STD LIC S BAS 12M;;;;79;;
1;3;2094;1;63777,5418;51851,66;AE CCS VUL MGR 10.0 10K P N BDL STD LIC S BAS 12M;21018228;;AE CCS VUL MGR 10.0 10K P N BDL STD LIC S BAS 12M;AE CCS VUL MGR 10.0 10K P N BDL STD LIC S BAS 12M;AE CCS VUL MGR 10.0 10K P N BDL STD LIC S BAS 12M;AE CCS VUL MGR 10.0 10K P N BDL STD LIC S BAS 12M;;;;79;;
1;3;2094;1;83708,0067;68055,29;REW CCS VUL MGR 10.0 10K P N BDL STD LIC B ESS 12M;21018229;;REW CCS VUL MGR 10.0 10K P N BDL STD LIC B ESS 12M;REW CCS VUL MGR 10.0 10K P N BDL STD LIC B ESS 12M;REW CCS VUL MGR 10.0 10K P N BDL STD LIC B ESS 12M;REW CCS VUL MGR 10.0 10K P N BDL STD LIC B ESS 12M;;;;79;;
1;3;2094;1;68305,7376;55533,12;REW CCS VUL MGR 10.0 10K P N BDL STD LIC E ESS 12M;21018230;;REW CCS VUL MGR 10.0 10K P N BDL STD LIC E ESS 12M;REW CCS VUL MGR 10.0 10K P N BDL STD LIC E ESS 12M;REW CCS VUL MGR 10.0 10K P N BDL STD LIC E ESS 12M;REW CCS VUL MGR 10.0 10K P N BDL STD LIC E ESS 12M;;;;79;;
1;3;2094;1;173616,6402;141151,74;GOV CCS VUL MGR 10.0 65K P N BDL STD LIC S BAS 12M;21018234;;GOV CCS VUL MGR 10.0 65K P N BDL STD LIC S BAS 12M;GOV CCS VUL MGR 10.0 65K P N BDL STD LIC S BAS 12M;GOV CCS VUL MGR 10.0 65K P N BDL STD LIC S BAS 12M;GOV CCS VUL MGR 10.0 65K P N BDL STD LIC S BAS 12M;;;;79;;
1;3;2094;1;186017,82;151234;EXP CCS VUL MGR 10.0 65K P N BDL STD LIC S ESS 12M;21018235;;EXP CCS VUL MGR 10.0 65K P N BDL STD LIC S ESS 12M;EXP CCS VUL MGR 10.0 65K P N BDL STD LIC S ESS 12M;EXP CCS VUL MGR 10.0 65K P N BDL STD LIC S ESS 12M;EXP CCS VUL MGR 10.0 65K P N BDL STD LIC S ESS 12M;;;;79;;
1;3;2094;1;308,6316;250,92;AE PROTECT ENT SVR 3.0 U CORE SUB LIC SUB C ESS;21018694;;AE PROTECT ENT SVR 3.0 U CORE SUB LIC SUB C ESS;AE PROTECT ENT SVR 3.0 U CORE SUB LIC SUB C ESS;AE PROTECT ENT SVR 3.0 U CORE SUB LIC SUB C ESS;AE PROTECT ENT SVR 3.0 U CORE SUB LIC SUB C ESS;;;;79;;
1;3;2094;1;342,924;278,8;AE PROTECT ENT SVR 3.0 U CORE SUB LIC SUB A ESS;21018695;;AE PROTECT ENT SVR 3.0 U CORE SUB LIC SUB A ESS;AE PROTECT ENT SVR 3.0 U CORE SUB LIC SUB A ESS;AE PROTECT ENT SVR 3.0 U CORE SUB LIC SUB A ESS;AE PROTECT ENT SVR 3.0 U CORE SUB LIC SUB A ESS;;;;79;;
1;3;2094;1;291,4731;236,97;AE PROTECT ENT SVR 3.0 U CORE SUB LIC SUB D ESS;21018696;;AE PROTECT ENT SVR 3.0 U CORE SUB LIC SUB D ESS;AE PROTECT ENT SVR 3.0 U CORE SUB LIC SUB D ESS;AE PROTECT ENT SVR 3.0 U CORE SUB LIC SUB D ESS;AE PROTECT ENT SVR 3.0 U CORE SUB LIC SUB D ESS;;;;79;;
1;3;2094;1;274,3269;223,03;AE PROTECT ENT SVR 3.0 U CORE SUB LIC SUB E ESS;21018697;;AE PROTECT ENT SVR 3.0 U CORE SUB LIC SUB E ESS;AE PROTECT ENT SVR 3.0 U CORE SUB LIC SUB E ESS;AE PROTECT ENT SVR 3.0 U CORE SUB LIC SUB E ESS;AE PROTECT ENT SVR 3.0 U CORE SUB LIC SUB E ESS;;;;79;;
1;3;2094;1;325,7778;264,86;AE PROTECT ENT SVR 3.0 U CORE SUB LIC SUB B ESS;21018698;;AE PROTECT ENT SVR 3.0 U CORE SUB LIC SUB B ESS;AE PROTECT ENT SVR 3.0 U CORE SUB LIC SUB B ESS;AE PROTECT ENT SVR 3.0 U CORE SUB LIC SUB B ESS;AE PROTECT ENT SVR 3.0 U CORE SUB LIC SUB B ESS;;;;79;;
1;3;2094;1;27,8472;22,64;MBL SEC 5.1 WIN BNDL COMP UG LIC VPA ESS;21018758;;MBL SEC 5.1 WIN BNDL COMP UG LIC VPA ESS;MBL SEC 5.1 WIN BNDL COMP UG LIC VPA ESS;MBL SEC 5.1 WIN BNDL COMP UG LIC VPA ESS;MBL SEC 5.1 WIN BNDL COMP UG LIC VPA ESS;;;;79;;
1;3;2094;1;26,2113;21,31;MBL SEC 5.1 WIN BNDL COMP UG LIC VPA BAS;21018759;;MBL SEC 5.1 WIN BNDL COMP UG LIC VPA BAS;MBL SEC 5.1 WIN BNDL COMP UG LIC VPA BAS;MBL SEC 5.1 WIN BNDL COMP UG LIC VPA BAS;MBL SEC 5.1 WIN BNDL COMP UG LIC VPA BAS;;;;79;;
1;3;2094;1;26,2113;21,31;MBL SEC 5.1 WIN BNDL VER UG LIC VPA BAS;21018760;;MBL SEC 5.1 WIN BNDL VER UG LIC VPA BAS;MBL SEC 5.1 WIN BNDL VER UG LIC VPA BAS;MBL SEC 5.1 WIN BNDL VER UG LIC VPA BAS;MBL SEC 5.1 WIN BNDL VER UG LIC VPA BAS;;;;79;;
1;3;2094;1;27,8472;22,64;MBL SEC 5.1 WIN BNDL VER UG LIC VPA ESS;21018761;;MBL SEC 5.1 WIN BNDL VER UG LIC VPA ESS;MBL SEC 5.1 WIN BNDL VER UG LIC VPA ESS;MBL SEC 5.1 WIN BNDL VER UG LIC VPA ESS;MBL SEC 5.1 WIN BNDL VER UG LIC VPA ESS;;;;79;;
1;3;2094;1;33,7635;27,45;SNAC MOBILE ED6.0XPLAT PDVC BNDL VPA BAS;21018762;;SNAC MOBILE ED6.0XPLAT PDVC BNDL VPA BAS;SNAC MOBILE ED6.0XPLAT PDVC BNDL VPA BAS;SNAC MOBILE ED6.0XPLAT PDVC BNDL VPA BAS;SNAC MOBILE ED6.0XPLAT PDVC BNDL VPA BAS;;;;79;;
1;3;2094;1;458,0889;372,43;REW TSPP CLST SVR 5.1 WIN PER CPU T2 ESS 12M B;21019438;;REW TSPP CLST SVR 5.1 WIN PER CPU T2 ESS 12M B;REW TSPP CLST SVR 5.1 WIN PER CPU T2 ESS 12M B;REW TSPP CLST SVR 5.1 WIN PER CPU T2 ESS 12M B;REW TSPP CLST SVR 5.1 WIN PER CPU T2 ESS 12M B;;;;79;;
1;3;2094;1;423,7227;344,49;REW TSPP CLST SVR 5.1 WIN PER CPU T2 ESS 12M E;21019439;;REW TSPP CLST SVR 5.1 WIN PER CPU T2 ESS 12M E;REW TSPP CLST SVR 5.1 WIN PER CPU T2 ESS 12M E;REW TSPP CLST SVR 5.1 WIN PER CPU T2 ESS 12M E;REW TSPP CLST SVR 5.1 WIN PER CPU T2 ESS 12M E;;;;79;;
1;3;2094;1;435,1863;353,81;REW TSPP CLST SVR 5.1 WIN PER CPU T2 ESS 12M D;21019442;;REW TSPP CLST SVR 5.1 WIN PER CPU T2 ESS 12M D;REW TSPP CLST SVR 5.1 WIN PER CPU T2 ESS 12M D;REW TSPP CLST SVR 5.1 WIN PER CPU T2 ESS 12M D;REW TSPP CLST SVR 5.1 WIN PER CPU T2 ESS 12M D;;;;79;;
1;3;2094;1;2293,6671;1864,77;CS5.1WINPCPU TIER 3 STD LIC REW BAND-E;21019444;;CS5.1WINPCPU TIER 3 STD LIC REW BAND-E;CS5.1WINPCPU TIER 3 STD LIC REW BAND-E;CS5.1WINPCPU TIER 3 STD LIC REW BAND-E;CS5.1WINPCPU TIER 3 STD LIC REW BAND-E;;;;79;;
1;3;2094;1;2479,6185;2015,95;CS5.1WINPCPU TIER 3 STD LIC EXP BAND-S;21019445;;CS5.1WINPCPU TIER 3 STD LIC EXP BAND-S;CS5.1WINPCPU TIER 3 STD LIC EXP BAND-S;CS5.1WINPCPU TIER 3 STD LIC EXP BAND-S;CS5.1WINPCPU TIER 3 STD LIC EXP BAND-S;;;;79;;
1;3;2094;1;546,0339;443,93;CS 5.1 WINPCPU TIER 3 BAS REW BAND-E;21019446;;CS 5.1 WINPCPU TIER 3 BAS REW BAND-E;CS 5.1 WINPCPU TIER 3 BAS REW BAND-E;CS 5.1 WINPCPU TIER 3 BAS REW BAND-E;CS 5.1 WINPCPU TIER 3 BAS REW BAND-E;;;;79;;
1;3;2094;1;590,3139;479,93;CS 5.1 WINPCPU TIER 3 BAS GOV BAND-S;21019447;;CS 5.1 WINPCPU TIER 3 BAS GOV BAND-S;CS 5.1 WINPCPU TIER 3 BAS GOV BAND-S;CS 5.1 WINPCPU TIER 3 BAS GOV BAND-S;CS 5.1 WINPCPU TIER 3 BAS GOV BAND-S;;;;79;;
1;3;2094;1;754,2975;613,25;CS 5.1 WINPCPU TIER 3 ESS REW BAND-B;21019448;;CS 5.1 WINPCPU TIER 3 ESS REW BAND-B;CS 5.1 WINPCPU TIER 3 ESS REW BAND-B;CS 5.1 WINPCPU TIER 3 ESS REW BAND-B;CS 5.1 WINPCPU TIER 3 ESS REW BAND-B;;;;79;;
1;3;2094;1;424,0179;344,73;REW TSPP CLST SVR 5.1 WIN PER CPU T3 BAS 12M C;21019449;;REW TSPP CLST SVR 5.1 WIN PER CPU T3 BAS 12M C;REW TSPP CLST SVR 5.1 WIN PER CPU T3 BAS 12M C;REW TSPP CLST SVR 5.1 WIN PER CPU T3 BAS 12M C;REW TSPP CLST SVR 5.1 WIN PER CPU T3 BAS 12M C;;;;79;;
1;3;2094;1;376,4661;306,07;EXP TSPP CLST SVR 5.1 WIN PER CPU T1 ESS 12M S;21019457;;EXP TSPP CLST SVR 5.1 WIN PER CPU T1 ESS 12M S;EXP TSPP CLST SVR 5.1 WIN PER CPU T1 ESS 12M S;EXP TSPP CLST SVR 5.1 WIN PER CPU T1 ESS 12M S;EXP TSPP CLST SVR 5.1 WIN PER CPU T1 ESS 12M S;;;;79;;
1;3;2094;1;1991,6775;1619,25;CS5.1WINPCPU TIER 2 STD LIC REW BAND-B;21019458;;CS5.1WINPCPU TIER 2 STD LIC REW BAND-B;CS5.1WINPCPU TIER 2 STD LIC REW BAND-B;CS5.1WINPCPU TIER 2 STD LIC REW BAND-B;CS5.1WINPCPU TIER 2 STD LIC REW BAND-B;;;;79;;
1;3;2094;1;1892,0967;1538,29;CS5.1WINPCPU TIER 2 STD LIC REW BAND-C;21019462;;CS5.1WINPCPU TIER 2 STD LIC REW BAND-C;CS5.1WINPCPU TIER 2 STD LIC REW BAND-C;CS5.1WINPCPU TIER 2 STD LIC REW BAND-C;CS5.1WINPCPU TIER 2 STD LIC REW BAND-C;;;;79;;
1;3;2094;1;1991,6775;1619,25;CS5.1WINPCPU TIER 2 STD LIC ACD BAND-S;21019463;;CS5.1WINPCPU TIER 2 STD LIC ACD BAND-S;CS5.1WINPCPU TIER 2 STD LIC ACD BAND-S;CS5.1WINPCPU TIER 2 STD LIC ACD BAND-S;CS5.1WINPCPU TIER 2 STD LIC ACD BAND-S;;;;79;;
1;3;2094;1;575,5539;467,93;CS 5.1 WINPCPU TIER 2 ESS REW BAND-C;21019464;;CS 5.1 WINPCPU TIER 2 ESS REW BAND-C;CS 5.1 WINPCPU TIER 2 ESS REW BAND-C;CS 5.1 WINPCPU TIER 2 ESS REW BAND-C;CS 5.1 WINPCPU TIER 2 ESS REW BAND-C;;;;79;;
1;3;2094;1;358,4958;291,46;REW TSPP CLST SVR 5.1 WIN PER CPU T2 BAS 12M A;21019465;;REW TSPP CLST SVR 5.1 WIN PER CPU T2 BAS 12M A;REW TSPP CLST SVR 5.1 WIN PER CPU T2 BAS 12M A;REW TSPP CLST SVR 5.1 WIN PER CPU T2 BAS 12M A;REW TSPP CLST SVR 5.1 WIN PER CPU T2 BAS 12M A;;;;79;;
1;3;2094;1;331,6203;269,61;REW TSPP CLST SVR 5.1 WIN PER CPU T2 BAS 12M E;21019466;;REW TSPP CLST SVR 5.1 WIN PER CPU T2 BAS 12M E;REW TSPP CLST SVR 5.1 WIN PER CPU T2 BAS 12M E;REW TSPP CLST SVR 5.1 WIN PER CPU T2 BAS 12M E;REW TSPP CLST SVR 5.1 WIN PER CPU T2 BAS 12M E;;;;79;;
1;3;2094;1;1636,8102;1330,74;CS5.1WINPCPU TIER 1 STD LIC REW BAND-B;21019468;;CS5.1WINPCPU TIER 1 STD LIC REW BAND-B;CS5.1WINPCPU TIER 1 STD LIC REW BAND-B;CS5.1WINPCPU TIER 1 STD LIC REW BAND-B;CS5.1WINPCPU TIER 1 STD LIC REW BAND-B;;;;79;;
1;3;2094;1;497,904;404,8;CS 5.1 WINPCPU TIER 1 ESS REW BAND-B;21019470;;CS 5.1 WINPCPU TIER 1 ESS REW BAND-B;CS 5.1 WINPCPU TIER 1 ESS REW BAND-B;CS 5.1 WINPCPU TIER 1 ESS REW BAND-B;CS 5.1 WINPCPU TIER 1 ESS REW BAND-B;;;;79;;
1;3;2094;1;473,0211;384,57;CS 5.1 WINPCPU TIER 1 ESS REW BAND-D;21019471;;CS 5.1 WINPCPU TIER 1 ESS REW BAND-D;CS 5.1 WINPCPU TIER 1 ESS REW BAND-D;CS 5.1 WINPCPU TIER 1 ESS REW BAND-D;CS 5.1 WINPCPU TIER 1 ESS REW BAND-D;;;;79;;
1;3;2094;1;294,6342;239,54;REW TSPP CLST SVR 5.1 WIN PER CPU T1 BAS 12M B;21019472;;REW TSPP CLST SVR 5.1 WIN PER CPU T1 BAS 12M B;REW TSPP CLST SVR 5.1 WIN PER CPU T1 BAS 12M B;REW TSPP CLST SVR 5.1 WIN PER CPU T1 BAS 12M B;REW TSPP CLST SVR 5.1 WIN PER CPU T1 BAS 12M B;;;;79;;
1;3;2094;1;458,0889;372,43;GOV TSPP CLST SVR 5.1 WIN PER CPU T2 ESS 12M S;21019475;;GOV TSPP CLST SVR 5.1 WIN PER CPU T2 ESS 12M S;GOV TSPP CLST SVR 5.1 WIN PER CPU T2 ESS 12M S;GOV TSPP CLST SVR 5.1 WIN PER CPU T2 ESS 12M S;GOV TSPP CLST SVR 5.1 WIN PER CPU T2 ESS 12M S;;;;79;;
1;3;2094;1;590,3139;479,93;CS 5.1 WINPCPU TIER 3 BAS REW BAND-A;21019476;;CS 5.1 WINPCPU TIER 3 BAS REW BAND-A;CS 5.1 WINPCPU TIER 3 BAS REW BAND-A;CS 5.1 WINPCPU TIER 3 BAS REW BAND-A;CS 5.1 WINPCPU TIER 3 BAS REW BAND-A;;;;79;;
1;3;2094;1;424,0179;344,73;REW TSPP CLST SVR 5.1 WIN PER CPU T3 BAS 12M D;21019477;;REW TSPP CLST SVR 5.1 WIN PER CPU T3 BAS 12M D;REW TSPP CLST SVR 5.1 WIN PER CPU T3 BAS 12M D;REW TSPP CLST SVR 5.1 WIN PER CPU T3 BAS 12M D;REW TSPP CLST SVR 5.1 WIN PER CPU T3 BAS 12M D;;;;79;;
1;3;2094;1;279,8988;227,56;REW TSPP CLST SVR 5.1 WIN PER CPU T1 BAS 12M C;21019478;;REW TSPP CLST SVR 5.1 WIN PER CPU T1 BAS 12M C;REW TSPP CLST SVR 5.1 WIN PER CPU T1 BAS 12M C;REW TSPP CLST SVR 5.1 WIN PER CPU T1 BAS 12M C;REW TSPP CLST SVR 5.1 WIN PER CPU T1 BAS 12M C;;;;79;;
1;3;2094;1;348,2253;283,11;REW TSPP CLST SVR 5.1 WIN PER CPU T1 ESS 12M E;21019480;;REW TSPP CLST SVR 5.1 WIN PER CPU T1 ESS 12M E;REW TSPP CLST SVR 5.1 WIN PER CPU T1 ESS 12M E;REW TSPP CLST SVR 5.1 WIN PER CPU T1 ESS 12M E;REW TSPP CLST SVR 5.1 WIN PER CPU T1 ESS 12M E;;;;79;;
1;3;2094;1;376,4661;306,07;GOV TSPP CLST SVR 5.1 WIN PER CPU T1 ESS 12M S;21019481;;GOV TSPP CLST SVR 5.1 WIN PER CPU T1 ESS 12M S;GOV TSPP CLST SVR 5.1 WIN PER CPU T1 ESS 12M S;GOV TSPP CLST SVR 5.1 WIN PER CPU T1 ESS 12M S;GOV TSPP CLST SVR 5.1 WIN PER CPU T1 ESS 12M S;;;;79;;
1;3;2094;1;1892,0967;1538,29;CS5.1WINPCPU TIER 2 STD LIC REW BAND-D;21019482;;CS5.1WINPCPU TIER 2 STD LIC REW BAND-D;CS5.1WINPCPU TIER 2 STD LIC REW BAND-D;CS5.1WINPCPU TIER 2 STD LIC REW BAND-D;CS5.1WINPCPU TIER 2 STD LIC REW BAND-D;;;;79;;
1;3;2094;1;450,4506;366,22;CS 5.1 WINPCPU TIER 2 BAS REW BAND-D;21019483;;CS 5.1 WINPCPU TIER 2 BAS REW BAND-D;CS 5.1 WINPCPU TIER 2 BAS REW BAND-D;CS 5.1 WINPCPU TIER 2 BAS REW BAND-D;CS 5.1 WINPCPU TIER 2 BAS REW BAND-D;;;;79;;
1;3;2094;1;575,5539;467,93;CS 5.1 WINPCPU TIER 2 ESS REW BAND-D;21019484;;CS 5.1 WINPCPU TIER 2 ESS REW BAND-D;CS 5.1 WINPCPU TIER 2 ESS REW BAND-D;CS 5.1 WINPCPU TIER 2 ESS REW BAND-D;CS 5.1 WINPCPU TIER 2 ESS REW BAND-D;;;;79;;
1;3;2094;1;541,7904;440,48;REW TSPP CLST SVR 5.1 WIN PER CPU T3 ESS 12M C;21019487;;REW TSPP CLST SVR 5.1 WIN PER CPU T3 ESS 12M C;REW TSPP CLST SVR 5.1 WIN PER CPU T3 ESS 12M C;REW TSPP CLST SVR 5.1 WIN PER CPU T3 ESS 12M C;REW TSPP CLST SVR 5.1 WIN PER CPU T3 ESS 12M C;;;;79;;
1;3;2094;1;1554,9783;1264,21;CS5.1WINPCPU TIER 1 STD LIC REW BAND-D;21019489;;CS5.1WINPCPU TIER 1 STD LIC REW BAND-D;CS5.1WINPCPU TIER 1 STD LIC REW BAND-D;CS5.1WINPCPU TIER 1 STD LIC REW BAND-D;CS5.1WINPCPU TIER 1 STD LIC REW BAND-D;;;;79;;
1;3;2094;1;605,8611;492,57;CS 5.1 WINPCPU TIER 2 ESS EXP BAND-S;21019492;;CS 5.1 WINPCPU TIER 2 ESS EXP BAND-S;CS 5.1 WINPCPU TIER 2 ESS EXP BAND-S;CS 5.1 WINPCPU TIER 2 ESS EXP BAND-S;CS 5.1 WINPCPU TIER 2 ESS EXP BAND-S;;;;79;;
1;3;2094;1;358,4958;291,46;REW TSPP CLST SVR 5.1 WIN PER CPU T2 BAS 12M B;21019493;;REW TSPP CLST SVR 5.1 WIN PER CPU T2 BAS 12M B;REW TSPP CLST SVR 5.1 WIN PER CPU T2 BAS 12M B;REW TSPP CLST SVR 5.1 WIN PER CPU T2 BAS 12M B;REW TSPP CLST SVR 5.1 WIN PER CPU T2 BAS 12M B;;;;79;;
1;3;2094;1;389,664;316,8;CS 5.1 WINPCPU TIER 1 BAS REW BAND-A;21019495;;CS 5.1 WINPCPU TIER 1 BAS REW BAND-A;CS 5.1 WINPCPU TIER 1 BAS REW BAND-A;CS 5.1 WINPCPU TIER 1 BAS REW BAND-A;CS 5.1 WINPCPU TIER 1 BAS REW BAND-A;;;;79;;
1;3;2094;1;497,904;404,8;CS 5.1 WINPCPU TIER 1 ESS REW BAND-A;21019496;;CS 5.1 WINPCPU TIER 1 ESS REW BAND-A;CS 5.1 WINPCPU TIER 1 ESS REW BAND-A;CS 5.1 WINPCPU TIER 1 ESS REW BAND-A;CS 5.1 WINPCPU TIER 1 ESS REW BAND-A;;;;79;;
1;3;2094;1;357,6348;290,76;REW TSPP CLST SVR 5.1 WIN PER CPU T1 ESS 12M C;21019501;;REW TSPP CLST SVR 5.1 WIN PER CPU T1 ESS 12M C;REW TSPP CLST SVR 5.1 WIN PER CPU T1 ESS 12M C;REW TSPP CLST SVR 5.1 WIN PER CPU T1 ESS 12M C;REW TSPP CLST SVR 5.1 WIN PER CPU T1 ESS 12M C;;;;79;;
1;3;2094;1;357,6348;290,76;REW TSPP CLST SVR 5.1 WIN PER CPU T1 ESS 12M D;21019502;;REW TSPP CLST SVR 5.1 WIN PER CPU T1 ESS 12M D;REW TSPP CLST SVR 5.1 WIN PER CPU T1 ESS 12M D;REW TSPP CLST SVR 5.1 WIN PER CPU T1 ESS 12M D;REW TSPP CLST SVR 5.1 WIN PER CPU T1 ESS 12M D;;;;79;;
1;3;2094;1;376,4661;306,07;AE TSPP CLST SVR 5.1 WIN PER CPU T1 ESS 12M S;21019503;;AE TSPP CLST SVR 5.1 WIN PER CPU T1 ESS 12M S;AE TSPP CLST SVR 5.1 WIN PER CPU T1 ESS 12M S;AE TSPP CLST SVR 5.1 WIN PER CPU T1 ESS 12M S;AE TSPP CLST SVR 5.1 WIN PER CPU T1 ESS 12M S;;;;79;;
1;3;2094;1;474,1404;385,48;CS 5.1 WINPCPU TIER 2 BAS REW BAND-A;21019504;;CS 5.1 WINPCPU TIER 2 BAS REW BAND-A;CS 5.1 WINPCPU TIER 2 BAS REW BAND-A;CS 5.1 WINPCPU TIER 2 BAS REW BAND-A;CS 5.1 WINPCPU TIER 2 BAS REW BAND-A;;;;79;;
1;3;2094;1;450,4506;366,22;CS 5.1 WINPCPU TIER 2 BAS REW BAND-C;21019505;;CS 5.1 WINPCPU TIER 2 BAS REW BAND-C;CS 5.1 WINPCPU TIER 2 BAS REW BAND-C;CS 5.1 WINPCPU TIER 2 BAS REW BAND-C;CS 5.1 WINPCPU TIER 2 BAS REW BAND-C;;;;79;;
1;3;2094;1;474,1404;385,48;CS 5.1 WINPCPU TIER 2 BAS EXP BAND-S;21019506;;CS 5.1 WINPCPU TIER 2 BAS EXP BAND-S;CS 5.1 WINPCPU TIER 2 BAS EXP BAND-S;CS 5.1 WINPCPU TIER 2 BAS EXP BAND-S;CS 5.1 WINPCPU TIER 2 BAS EXP BAND-S;;;;79;;
1;3;2094;1;605,8611;492,57;CS 5.1 WINPCPU TIER 2 ESS REW BAND-B;21019507;;CS 5.1 WINPCPU TIER 2 ESS REW BAND-B;CS 5.1 WINPCPU TIER 2 ESS REW BAND-B;CS 5.1 WINPCPU TIER 2 ESS REW BAND-B;CS 5.1 WINPCPU TIER 2 ESS REW BAND-B;;;;79;;
1;3;2094;1;340,587;276,9;REW TSPP CLST SVR 5.1 WIN PER CPU T2 BAS 12M C;21019508;;REW TSPP CLST SVR 5.1 WIN PER CPU T2 BAS 12M C;REW TSPP CLST SVR 5.1 WIN PER CPU T2 BAS 12M C;REW TSPP CLST SVR 5.1 WIN PER CPU T2 BAS 12M C;REW TSPP CLST SVR 5.1 WIN PER CPU T2 BAS 12M C;;;;79;;
1;3;2094;1;358,4958;291,46;AE TSPP CLST SVR 5.1 WIN PER CPU T2 BAS 12M S;21019509;;AE TSPP CLST SVR 5.1 WIN PER CPU T2 BAS 12M S;AE TSPP CLST SVR 5.1 WIN PER CPU T2 BAS 12M S;AE TSPP CLST SVR 5.1 WIN PER CPU T2 BAS 12M S;AE TSPP CLST SVR 5.1 WIN PER CPU T2 BAS 12M S;;;;79;;
1;3;2094;1;590,3139;479,93;CS 5.1 WINPCPU TIER 3 BAS ACD BAND-S;21019515;;CS 5.1 WINPCPU TIER 3 BAS ACD BAND-S;CS 5.1 WINPCPU TIER 3 BAS ACD BAND-S;CS 5.1 WINPCPU TIER 3 BAS ACD BAND-S;CS 5.1 WINPCPU TIER 3 BAS ACD BAND-S;;;;79;;
1;3;2094;1;754,2975;613,25;CS 5.1 WINPCPU TIER 3 ESS ACD BAND-S;21019516;;CS 5.1 WINPCPU TIER 3 ESS ACD BAND-S;CS 5.1 WINPCPU TIER 3 ESS ACD BAND-S;CS 5.1 WINPCPU TIER 3 ESS ACD BAND-S;CS 5.1 WINPCPU TIER 3 ESS ACD BAND-S;;;;79;;
1;3;2094;1;446,3301;362,87;REW TSPP CLST SVR 5.1 WIN PER CPU T3 BAS 12M A;21019517;;REW TSPP CLST SVR 5.1 WIN PER CPU T3 BAS 12M A;REW TSPP CLST SVR 5.1 WIN PER CPU T3 BAS 12M A;REW TSPP CLST SVR 5.1 WIN PER CPU T3 BAS 12M A;REW TSPP CLST SVR 5.1 WIN PER CPU T3 BAS 12M A;;;;79;;
1;3;2094;1;527,547;428,9;REW TSPP CLST SVR 5.1 WIN PER CPU T3 ESS 12M E;21019521;;REW TSPP CLST SVR 5.1 WIN PER CPU T3 ESS 12M E;REW TSPP CLST SVR 5.1 WIN PER CPU T3 ESS 12M E;REW TSPP CLST SVR 5.1 WIN PER CPU T3 ESS 12M E;REW TSPP CLST SVR 5.1 WIN PER CPU T3 ESS 12M E;;;;79;;
1;3;2094;1;570,3141;463,67;GOV TSPP CLST SVR 5.1 WIN PER CPU T3 ESS 12M S;21019522;;GOV TSPP CLST SVR 5.1 WIN PER CPU T3 ESS 12M S;GOV TSPP CLST SVR 5.1 WIN PER CPU T3 ESS 12M S;GOV TSPP CLST SVR 5.1 WIN PER CPU T3 ESS 12M S;GOV TSPP CLST SVR 5.1 WIN PER CPU T3 ESS 12M S;;;;79;;
1;3;2094;1;458,0889;372,43;EXP TSPP CLST SVR 5.1 WIN PER CPU T2 ESS 12M S;21019524;;EXP TSPP CLST SVR 5.1 WIN PER CPU T2 ESS 12M S;EXP TSPP CLST SVR 5.1 WIN PER CPU T2 ESS 12M S;EXP TSPP CLST SVR 5.1 WIN PER CPU T2 ESS 12M S;EXP TSPP CLST SVR 5.1 WIN PER CPU T2 ESS 12M S;;;;79;;
1;3;2094;1;458,0889;372,43;AE TSPP CLST SVR 5.1 WIN PER CPU T2 ESS 12M S;21019525;;AE TSPP CLST SVR 5.1 WIN PER CPU T2 ESS 12M S;AE TSPP CLST SVR 5.1 WIN PER CPU T2 ESS 12M S;AE TSPP CLST SVR 5.1 WIN PER CPU T2 ESS 12M S;AE TSPP CLST SVR 5.1 WIN PER CPU T2 ESS 12M S;;;;79;;
1;3;2094;1;590,3139;479,93;CS 5.1 WINPCPU TIER 3 BAS REW BAND-B;21019526;;CS 5.1 WINPCPU TIER 3 BAS REW BAND-B;CS 5.1 WINPCPU TIER 3 BAS REW BAND-B;CS 5.1 WINPCPU TIER 3 BAS REW BAND-B;CS 5.1 WINPCPU TIER 3 BAS REW BAND-B;;;;79;;
1;3;2094;1;560,7939;455,93;CS 5.1 WINPCPU TIER 3 BAS REW BAND-C;21019527;;CS 5.1 WINPCPU TIER 3 BAS REW BAND-C;CS 5.1 WINPCPU TIER 3 BAS REW BAND-C;CS 5.1 WINPCPU TIER 3 BAS REW BAND-C;CS 5.1 WINPCPU TIER 3 BAS REW BAND-C;;;;79;;
1;3;2094;1;1636,8102;1330,74;CS5.1WINPCPU TIER 1 STD LIC GOV BAND-S;21019528;;CS5.1WINPCPU TIER 1 STD LIC GOV BAND-S;CS5.1WINPCPU TIER 1 STD LIC GOV BAND-S;CS5.1WINPCPU TIER 1 STD LIC GOV BAND-S;CS5.1WINPCPU TIER 1 STD LIC GOV BAND-S;;;;79;;
1;3;2094;1;1636,8102;1330,74;CS5.1WINPCPU TIER 1 STD LIC ACD BAND-S;21019529;;CS5.1WINPCPU TIER 1 STD LIC ACD BAND-S;CS5.1WINPCPU TIER 1 STD LIC ACD BAND-S;CS5.1WINPCPU TIER 1 STD LIC ACD BAND-S;CS5.1WINPCPU TIER 1 STD LIC ACD BAND-S;;;;79;;
1;3;2094;1;370,1931;300,97;CS 5.1 WINPCPU TIER 1 BAS REW BAND-C;21019530;;CS 5.1 WINPCPU TIER 1 BAS REW BAND-C;CS 5.1 WINPCPU TIER 1 BAS REW BAND-C;CS 5.1 WINPCPU TIER 1 BAS REW BAND-C;CS 5.1 WINPCPU TIER 1 BAS REW BAND-C;;;;79;;
1;3;2094;1;473,0211;384,57;CS 5.1 WINPCPU TIER 1 ESS REW BAND-C;21019531;;CS 5.1 WINPCPU TIER 1 ESS REW BAND-C;CS 5.1 WINPCPU TIER 1 ESS REW BAND-C;CS 5.1 WINPCPU TIER 1 ESS REW BAND-C;CS 5.1 WINPCPU TIER 1 ESS REW BAND-C;;;;79;;
1;3;2094;1;497,904;404,8;CS 5.1 WINPCPU TIER 1 ESS EXP BAND-S;21019532;;CS 5.1 WINPCPU TIER 1 ESS EXP BAND-S;CS 5.1 WINPCPU TIER 1 ESS EXP BAND-S;CS 5.1 WINPCPU TIER 1 ESS EXP BAND-S;CS 5.1 WINPCPU TIER 1 ESS EXP BAND-S;;;;79;;
1;3;2094;1;294,6342;239,54;AE TSPP CLST SVR 5.1 WIN PER CPU T1 BAS 12M S;21019533;;AE TSPP CLST SVR 5.1 WIN PER CPU T1 BAS 12M S;AE TSPP CLST SVR 5.1 WIN PER CPU T1 BAS 12M S;AE TSPP CLST SVR 5.1 WIN PER CPU T1 BAS 12M S;AE TSPP CLST SVR 5.1 WIN PER CPU T1 BAS 12M S;;;;79;;
1;3;2094;1;754,2975;613,25;CS 5.1 WINPCPU TIER 3 ESS EXP BAND-S;21019537;;CS 5.1 WINPCPU TIER 3 ESS EXP BAND-S;CS 5.1 WINPCPU TIER 3 ESS EXP BAND-S;CS 5.1 WINPCPU TIER 3 ESS EXP BAND-S;CS 5.1 WINPCPU TIER 3 ESS EXP BAND-S;;;;79;;
1;3;2094;1;389,664;316,8;CS 5.1 WINPCPU TIER 1 BAS ACD BAND-S;21019539;;CS 5.1 WINPCPU TIER 1 BAS ACD BAND-S;CS 5.1 WINPCPU TIER 1 BAS ACD BAND-S;CS 5.1 WINPCPU TIER 1 BAS ACD BAND-S;CS 5.1 WINPCPU TIER 1 BAS ACD BAND-S;;;;79;;
1;3;2094;1;1514,0562;1230,94;CS5.1WINPCPU TIER 1 STD LIC REW BAND-E;21019540;;CS5.1WINPCPU TIER 1 STD LIC REW BAND-E;CS5.1WINPCPU TIER 1 STD LIC REW BAND-E;CS5.1WINPCPU TIER 1 STD LIC REW BAND-E;CS5.1WINPCPU TIER 1 STD LIC REW BAND-E;;;;79;;
1;3;2094;1;389,664;316,8;CS 5.1 WINPCPU TIER 1 BAS REW BAND-B;21019541;;CS 5.1 WINPCPU TIER 1 BAS REW BAND-B;CS 5.1 WINPCPU TIER 1 BAS REW BAND-B;CS 5.1 WINPCPU TIER 1 BAS REW BAND-B;CS 5.1 WINPCPU TIER 1 BAS REW BAND-B;;;;79;;
1;3;2094;1;370,1931;300,97;CS 5.1 WINPCPU TIER 1 BAS REW BAND-D;21019542;;CS 5.1 WINPCPU TIER 1 BAS REW BAND-D;CS 5.1 WINPCPU TIER 1 BAS REW BAND-D;CS 5.1 WINPCPU TIER 1 BAS REW BAND-D;CS 5.1 WINPCPU TIER 1 BAS REW BAND-D;;;;79;;
1;3;2094;1;272,5311;221,57;REW TSPP CLST SVR 5.1 WIN PER CPU T1 BAS 12M E;21019543;;REW TSPP CLST SVR 5.1 WIN PER CPU T1 BAS 12M E;REW TSPP CLST SVR 5.1 WIN PER CPU T1 BAS 12M E;REW TSPP CLST SVR 5.1 WIN PER CPU T1 BAS 12M E;REW TSPP CLST SVR 5.1 WIN PER CPU T1 BAS 12M E;;;;79;;
1;3;2094;1;376,4661;306,07;REW TSPP CLST SVR 5.1 WIN PER CPU T1 ESS 12M B;21019547;;REW TSPP CLST SVR 5.1 WIN PER CPU T1 ESS 12M B;REW TSPP CLST SVR 5.1 WIN PER CPU T1 ESS 12M B;REW TSPP CLST SVR 5.1 WIN PER CPU T1 ESS 12M B;REW TSPP CLST SVR 5.1 WIN PER CPU T1 ESS 12M B;;;;79;;
1;3;2094;1;438,5934;356,58;CS 5.1 WINPCPU TIER 2 BAS REW BAND-E;21019551;;CS 5.1 WINPCPU TIER 2 BAS REW BAND-E;CS 5.1 WINPCPU TIER 2 BAS REW BAND-E;CS 5.1 WINPCPU TIER 2 BAS REW BAND-E;CS 5.1 WINPCPU TIER 2 BAS REW BAND-E;;;;79;;
1;3;2094;1;497,904;404,8;CS 5.1 WINPCPU TIER 1 ESS GOV BAND-S;21019555;;CS 5.1 WINPCPU TIER 1 ESS GOV BAND-S;CS 5.1 WINPCPU TIER 1 ESS GOV BAND-S;CS 5.1 WINPCPU TIER 1 ESS GOV BAND-S;CS 5.1 WINPCPU TIER 1 ESS GOV BAND-S;;;;79;;
1;3;2094;1;497,904;404,8;CS 5.1 WINPCPU TIER 1 ESS ACD BAND-S;21019556;;CS 5.1 WINPCPU TIER 1 ESS ACD BAND-S;CS 5.1 WINPCPU TIER 1 ESS ACD BAND-S;CS 5.1 WINPCPU TIER 1 ESS ACD BAND-S;CS 5.1 WINPCPU TIER 1 ESS ACD BAND-S;;;;79;;
1;3;2094;1;294,6342;239,54;EXP TSPP CLST SVR 5.1 WIN PER CPU T1 BAS 12M S;21019558;;EXP TSPP CLST SVR 5.1 WIN PER CPU T1 BAS 12M S;EXP TSPP CLST SVR 5.1 WIN PER CPU T1 BAS 12M S;EXP TSPP CLST SVR 5.1 WIN PER CPU T1 BAS 12M S;EXP TSPP CLST SVR 5.1 WIN PER CPU T1 BAS 12M S;;;;79;;
1;3;2094;1;1842,294;1497,8;CS5.1WINPCPU TIER 2 STD LIC REW BAND-E;21019560;;CS5.1WINPCPU TIER 2 STD LIC REW BAND-E;CS5.1WINPCPU TIER 2 STD LIC REW BAND-E;CS5.1WINPCPU TIER 2 STD LIC REW BAND-E;CS5.1WINPCPU TIER 2 STD LIC REW BAND-E;;;;79;;
1;3;2094;1;1991,6775;1619,25;CS5.1WINPCPU TIER 2 STD LIC GOV BAND-S;21019561;;CS5.1WINPCPU TIER 2 STD LIC GOV BAND-S;CS5.1WINPCPU TIER 2 STD LIC GOV BAND-S;CS5.1WINPCPU TIER 2 STD LIC GOV BAND-S;CS5.1WINPCPU TIER 2 STD LIC GOV BAND-S;;;;79;;
1;3;2094;1;474,1404;385,48;CS 5.1 WINPCPU TIER 2 BAS REW BAND-B;21019562;;CS 5.1 WINPCPU TIER 2 BAS REW BAND-B;CS 5.1 WINPCPU TIER 2 BAS REW BAND-B;CS 5.1 WINPCPU TIER 2 BAS REW BAND-B;CS 5.1 WINPCPU TIER 2 BAS REW BAND-B;;;;79;;
1;3;2094;1;474,1404;385,48;CS 5.1 WINPCPU TIER 2 BAS GOV BAND-S;21019563;;CS 5.1 WINPCPU TIER 2 BAS GOV BAND-S;CS 5.1 WINPCPU TIER 2 BAS GOV BAND-S;CS 5.1 WINPCPU TIER 2 BAS GOV BAND-S;CS 5.1 WINPCPU TIER 2 BAS GOV BAND-S;;;;79;;
1;3;2094;1;605,8611;492,57;CS 5.1 WINPCPU TIER 2 ESS REW BAND-A;21019564;;CS 5.1 WINPCPU TIER 2 ESS REW BAND-A;CS 5.1 WINPCPU TIER 2 ESS REW BAND-A;CS 5.1 WINPCPU TIER 2 ESS REW BAND-A;CS 5.1 WINPCPU TIER 2 ESS REW BAND-A;;;;79;;
1;3;2094;1;458,0889;372,43;REW TSPP CLST SVR 5.1 WIN PER CPU T2 ESS 12M A;21019565;;REW TSPP CLST SVR 5.1 WIN PER CPU T2 ESS 12M A;REW TSPP CLST SVR 5.1 WIN PER CPU T2 ESS 12M A;REW TSPP CLST SVR 5.1 WIN PER CPU T2 ESS 12M A;REW TSPP CLST SVR 5.1 WIN PER CPU T2 ESS 12M A;;;;79;;
1;3;2094;1;435,1863;353,81;REW TSPP CLST SVR 5.1 WIN PER CPU T2 ESS 12M C;21019566;;REW TSPP CLST SVR 5.1 WIN PER CPU T2 ESS 12M C;REW TSPP CLST SVR 5.1 WIN PER CPU T2 ESS 12M C;REW TSPP CLST SVR 5.1 WIN PER CPU T2 ESS 12M C;REW TSPP CLST SVR 5.1 WIN PER CPU T2 ESS 12M C;;;;79;;
1;3;2094;1;2479,6185;2015,95;CS5.1WINPCPU TIER 3 STD LIC GOV BAND-S;21019567;;CS5.1WINPCPU TIER 3 STD LIC GOV BAND-S;CS5.1WINPCPU TIER 3 STD LIC GOV BAND-S;CS5.1WINPCPU TIER 3 STD LIC GOV BAND-S;CS5.1WINPCPU TIER 3 STD LIC GOV BAND-S;;;;79;;
1;3;2094;1;560,7939;455,93;CS 5.1 WINPCPU TIER 3 BAS REW BAND-D;21019568;;CS 5.1 WINPCPU TIER 3 BAS REW BAND-D;CS 5.1 WINPCPU TIER 3 BAS REW BAND-D;CS 5.1 WINPCPU TIER 3 BAS REW BAND-D;CS 5.1 WINPCPU TIER 3 BAS REW BAND-D;;;;79;;
1;3;2094;1;590,3139;479,93;CS 5.1 WINPCPU TIER 3 BAS EXP BAND-S;21019569;;CS 5.1 WINPCPU TIER 3 BAS EXP BAND-S;CS 5.1 WINPCPU TIER 3 BAS EXP BAND-S;CS 5.1 WINPCPU TIER 3 BAS EXP BAND-S;CS 5.1 WINPCPU TIER 3 BAS EXP BAND-S;;;;79;;
1;3;2094;1;605,8611;492,57;CS 5.1 WINPCPU TIER 2 ESS ACD BAND-S;21019571;;CS 5.1 WINPCPU TIER 2 ESS ACD BAND-S;CS 5.1 WINPCPU TIER 2 ESS ACD BAND-S;CS 5.1 WINPCPU TIER 2 ESS ACD BAND-S;CS 5.1 WINPCPU TIER 2 ESS ACD BAND-S;;;;79;;
1;3;2094;1;2479,6185;2015,95;CS5.1WINPCPU TIER 3 STD LIC REW BAND-B;21019573;;CS5.1WINPCPU TIER 3 STD LIC REW BAND-B;CS5.1WINPCPU TIER 3 STD LIC REW BAND-B;CS5.1WINPCPU TIER 3 STD LIC REW BAND-B;CS5.1WINPCPU TIER 3 STD LIC REW BAND-B;;;;79;;
1;3;2094;1;412,8495;335,65;REW TSPP CLST SVR 5.1 WIN PER CPU T3 BAS 12M E;21019574;;REW TSPP CLST SVR 5.1 WIN PER CPU T3 BAS 12M E;REW TSPP CLST SVR 5.1 WIN PER CPU T3 BAS 12M E;REW TSPP CLST SVR 5.1 WIN PER CPU T3 BAS 12M E;REW TSPP CLST SVR 5.1 WIN PER CPU T3 BAS 12M E;;;;79;;
1;3;2094;1;754,2975;613,25;CS 5.1 WINPCPU TIER 3 ESS REW BAND-A;21019576;;CS 5.1 WINPCPU TIER 3 ESS REW BAND-A;CS 5.1 WINPCPU TIER 3 ESS REW BAND-A;CS 5.1 WINPCPU TIER 3 ESS REW BAND-A;CS 5.1 WINPCPU TIER 3 ESS REW BAND-A;;;;79;;
1;3;2094;1;697,7052;567,24;CS 5.1 WINPCPU TIER 3 ESS REW BAND-E;21019577;;CS 5.1 WINPCPU TIER 3 ESS REW BAND-E;CS 5.1 WINPCPU TIER 3 ESS REW BAND-E;CS 5.1 WINPCPU TIER 3 ESS REW BAND-E;CS 5.1 WINPCPU TIER 3 ESS REW BAND-E;;;;79;;
1;3;2094;1;754,2975;613,25;CS 5.1 WINPCPU TIER 3 ESS GOV BAND-S;21019578;;CS 5.1 WINPCPU TIER 3 ESS GOV BAND-S;CS 5.1 WINPCPU TIER 3 ESS GOV BAND-S;CS 5.1 WINPCPU TIER 3 ESS GOV BAND-S;CS 5.1 WINPCPU TIER 3 ESS GOV BAND-S;;;;79;;
1;3;2094;1;446,3301;362,87;AE TSPP CLST SVR 5.1 WIN PER CPU T3 BAS 12M S;21019581;;AE TSPP CLST SVR 5.1 WIN PER CPU T3 BAS 12M S;AE TSPP CLST SVR 5.1 WIN PER CPU T3 BAS 12M S;AE TSPP CLST SVR 5.1 WIN PER CPU T3 BAS 12M S;AE TSPP CLST SVR 5.1 WIN PER CPU T3 BAS 12M S;;;;79;;
1;3;2094;1;570,3141;463,67;REW TSPP CLST SVR 5.1 WIN PER CPU T3 ESS 12M B;21019584;;REW TSPP CLST SVR 5.1 WIN PER CPU T3 ESS 12M B;REW TSPP CLST SVR 5.1 WIN PER CPU T3 ESS 12M B;REW TSPP CLST SVR 5.1 WIN PER CPU T3 ESS 12M B;REW TSPP CLST SVR 5.1 WIN PER CPU T3 ESS 12M B;;;;79;;
1;3;2094;1;1636,8102;1330,74;CS5.1WINPCPU TIER 1 STD LIC EXP BAND-S;21019590;;CS5.1WINPCPU TIER 1 STD LIC EXP BAND-S;CS5.1WINPCPU TIER 1 STD LIC EXP BAND-S;CS5.1WINPCPU TIER 1 STD LIC EXP BAND-S;CS5.1WINPCPU TIER 1 STD LIC EXP BAND-S;;;;79;;
1;3;2094;1;360,4392;293,04;CS 5.1 WINPCPU TIER 1 BAS REW BAND-E;21019591;;CS 5.1 WINPCPU TIER 1 BAS REW BAND-E;CS 5.1 WINPCPU TIER 1 BAS REW BAND-E;CS 5.1 WINPCPU TIER 1 BAS REW BAND-E;CS 5.1 WINPCPU TIER 1 BAS REW BAND-E;;;;79;;
1;3;2094;1;389,664;316,8;CS 5.1 WINPCPU TIER 1 BAS EXP BAND-S;21019593;;CS 5.1 WINPCPU TIER 1 BAS EXP BAND-S;CS 5.1 WINPCPU TIER 1 BAS EXP BAND-S;CS 5.1 WINPCPU TIER 1 BAS EXP BAND-S;CS 5.1 WINPCPU TIER 1 BAS EXP BAND-S;;;;79;;
1;3;2094;1;294,6342;239,54;REW TSPP CLST SVR 5.1 WIN PER CPU T1 BAS 12M A;21019595;;REW TSPP CLST SVR 5.1 WIN PER CPU T1 BAS 12M A;REW TSPP CLST SVR 5.1 WIN PER CPU T1 BAS 12M A;REW TSPP CLST SVR 5.1 WIN PER CPU T1 BAS 12M A;REW TSPP CLST SVR 5.1 WIN PER CPU T1 BAS 12M A;;;;79;;
1;3;2094;1;340,587;276,9;REW TSPP CLST SVR 5.1 WIN PER CPU T2 BAS 12M D;21019596;;REW TSPP CLST SVR 5.1 WIN PER CPU T2 BAS 12M D;REW TSPP CLST SVR 5.1 WIN PER CPU T2 BAS 12M D;REW TSPP CLST SVR 5.1 WIN PER CPU T2 BAS 12M D;REW TSPP CLST SVR 5.1 WIN PER CPU T2 BAS 12M D;;;;79;;
1;3;2094;1;1636,8102;1330,74;CS5.1WINPCPU TIER 1 STD LIC REW BAND-A;21019598;;CS5.1WINPCPU TIER 1 STD LIC REW BAND-A;CS5.1WINPCPU TIER 1 STD LIC REW BAND-A;CS5.1WINPCPU TIER 1 STD LIC REW BAND-A;CS5.1WINPCPU TIER 1 STD LIC REW BAND-A;;;;79;;
1;3;2094;1;1554,9783;1264,21;CS5.1WINPCPU TIER 1 STD LIC REW BAND-C;21019599;;CS5.1WINPCPU TIER 1 STD LIC REW BAND-C;CS5.1WINPCPU TIER 1 STD LIC REW BAND-C;CS5.1WINPCPU TIER 1 STD LIC REW BAND-C;CS5.1WINPCPU TIER 1 STD LIC REW BAND-C;;;;79;;
1;3;2094;1;389,664;316,8;CS 5.1 WINPCPU TIER 1 BAS GOV BAND-S;21019600;;CS 5.1 WINPCPU TIER 1 BAS GOV BAND-S;CS 5.1 WINPCPU TIER 1 BAS GOV BAND-S;CS 5.1 WINPCPU TIER 1 BAS GOV BAND-S;CS 5.1 WINPCPU TIER 1 BAS GOV BAND-S;;;;79;;
1;3;2094;1;460,5735;374,45;CS 5.1 WINPCPU TIER 1 ESS REW BAND-E;21019601;;CS 5.1 WINPCPU TIER 1 ESS REW BAND-E;CS 5.1 WINPCPU TIER 1 ESS REW BAND-E;CS 5.1 WINPCPU TIER 1 ESS REW BAND-E;CS 5.1 WINPCPU TIER 1 ESS REW BAND-E;;;;79;;
1;3;2094;1;279,8988;227,56;REW TSPP CLST SVR 5.1 WIN PER CPU T1 BAS 12M D;21019603;;REW TSPP CLST SVR 5.1 WIN PER CPU T1 BAS 12M D;REW TSPP CLST SVR 5.1 WIN PER CPU T1 BAS 12M D;REW TSPP CLST SVR 5.1 WIN PER CPU T1 BAS 12M D;REW TSPP CLST SVR 5.1 WIN PER CPU T1 BAS 12M D;;;;79;;
1;3;2094;1;294,6342;239,54;GOV TSPP CLST SVR 5.1 WIN PER CPU T1 BAS 12M S;21019604;;GOV TSPP CLST SVR 5.1 WIN PER CPU T1 BAS 12M S;GOV TSPP CLST SVR 5.1 WIN PER CPU T1 BAS 12M S;GOV TSPP CLST SVR 5.1 WIN PER CPU T1 BAS 12M S;GOV TSPP CLST SVR 5.1 WIN PER CPU T1 BAS 12M S;;;;79;;
1;3;2094;1;376,4661;306,07;REW TSPP CLST SVR 5.1 WIN PER CPU T1 ESS 12M A;21019607;;REW TSPP CLST SVR 5.1 WIN PER CPU T1 ESS 12M A;REW TSPP CLST SVR 5.1 WIN PER CPU T1 ESS 12M A;REW TSPP CLST SVR 5.1 WIN PER CPU T1 ESS 12M A;REW TSPP CLST SVR 5.1 WIN PER CPU T1 ESS 12M A;;;;79;;
1;3;2094;1;1991,6775;1619,25;CS5.1WINPCPU TIER 2 STD LIC REW BAND-A;21019609;;CS5.1WINPCPU TIER 2 STD LIC REW BAND-A;CS5.1WINPCPU TIER 2 STD LIC REW BAND-A;CS5.1WINPCPU TIER 2 STD LIC REW BAND-A;CS5.1WINPCPU TIER 2 STD LIC REW BAND-A;;;;79;;
1;3;2094;1;1991,6775;1619,25;CS5.1WINPCPU TIER 2 STD LIC EXP BAND-S;21019610;;CS5.1WINPCPU TIER 2 STD LIC EXP BAND-S;CS5.1WINPCPU TIER 2 STD LIC EXP BAND-S;CS5.1WINPCPU TIER 2 STD LIC EXP BAND-S;CS5.1WINPCPU TIER 2 STD LIC EXP BAND-S;;;;79;;
1;3;2094;1;358,4958;291,46;EXP TSPP CLST SVR 5.1 WIN PER CPU T2 BAS 12M S;21019612;;EXP TSPP CLST SVR 5.1 WIN PER CPU T2 BAS 12M S;EXP TSPP CLST SVR 5.1 WIN PER CPU T2 BAS 12M S;EXP TSPP CLST SVR 5.1 WIN PER CPU T2 BAS 12M S;EXP TSPP CLST SVR 5.1 WIN PER CPU T2 BAS 12M S;;;;79;;
1;3;2094;1;2479,6185;2015,95;CS5.1WINPCPU TIER 3 STD LIC REW BAND-A;21019618;;CS5.1WINPCPU TIER 3 STD LIC REW BAND-A;CS5.1WINPCPU TIER 3 STD LIC REW BAND-A;CS5.1WINPCPU TIER 3 STD LIC REW BAND-A;CS5.1WINPCPU TIER 3 STD LIC REW BAND-A;;;;79;;
1;3;2094;1;2355,6468;1915,16;CS5.1WINPCPU TIER 3 STD LIC REW BAND-D;21019619;;CS5.1WINPCPU TIER 3 STD LIC REW BAND-D;CS5.1WINPCPU TIER 3 STD LIC REW BAND-D;CS5.1WINPCPU TIER 3 STD LIC REW BAND-D;CS5.1WINPCPU TIER 3 STD LIC REW BAND-D;;;;79;;
1;3;2094;1;716,5611;582,57;CS 5.1 WINPCPU TIER 3 ESS REW BAND-C;21019621;;CS 5.1 WINPCPU TIER 3 ESS REW BAND-C;CS 5.1 WINPCPU TIER 3 ESS REW BAND-C;CS 5.1 WINPCPU TIER 3 ESS REW BAND-C;CS 5.1 WINPCPU TIER 3 ESS REW BAND-C;;;;79;;
1;3;2094;1;716,5611;582,57;CS 5.1 WINPCPU TIER 3 ESS REW BAND-D;21019622;;CS 5.1 WINPCPU TIER 3 ESS REW BAND-D;CS 5.1 WINPCPU TIER 3 ESS REW BAND-D;CS 5.1 WINPCPU TIER 3 ESS REW BAND-D;CS 5.1 WINPCPU TIER 3 ESS REW BAND-D;;;;79;;
1;3;2094;1;446,3301;362,87;REW TSPP CLST SVR 5.1 WIN PER CPU T3 BAS 12M B;21019624;;REW TSPP CLST SVR 5.1 WIN PER CPU T3 BAS 12M B;REW TSPP CLST SVR 5.1 WIN PER CPU T3 BAS 12M B;REW TSPP CLST SVR 5.1 WIN PER CPU T3 BAS 12M B;REW TSPP CLST SVR 5.1 WIN PER CPU T3 BAS 12M B;;;;79;;
1;3;2094;1;474,1404;385,48;CS 5.1 WINPCPU TIER 2 BAS ACD BAND-S;21019628;;CS 5.1 WINPCPU TIER 2 BAS ACD BAND-S;CS 5.1 WINPCPU TIER 2 BAS ACD BAND-S;CS 5.1 WINPCPU TIER 2 BAS ACD BAND-S;CS 5.1 WINPCPU TIER 2 BAS ACD BAND-S;;;;79;;
1;3;2094;1;560,4249;455,63;CS 5.1 WINPCPU TIER 2 ESS REW BAND-E;21019629;;CS 5.1 WINPCPU TIER 2 ESS REW BAND-E;CS 5.1 WINPCPU TIER 2 ESS REW BAND-E;CS 5.1 WINPCPU TIER 2 ESS REW BAND-E;CS 5.1 WINPCPU TIER 2 ESS REW BAND-E;;;;79;;
1;3;2094;1;605,8611;492,57;CS 5.1 WINPCPU TIER 2 ESS GOV BAND-S;21019630;;CS 5.1 WINPCPU TIER 2 ESS GOV BAND-S;CS 5.1 WINPCPU TIER 2 ESS GOV BAND-S;CS 5.1 WINPCPU TIER 2 ESS GOV BAND-S;CS 5.1 WINPCPU TIER 2 ESS GOV BAND-S;;;;79;;
1;3;2094;1;358,4958;291,46;GOV TSPP CLST SVR 5.1 WIN PER CPU T2 BAS 12M S;21019631;;GOV TSPP CLST SVR 5.1 WIN PER CPU T2 BAS 12M S;GOV TSPP CLST SVR 5.1 WIN PER CPU T2 BAS 12M S;GOV TSPP CLST SVR 5.1 WIN PER CPU T2 BAS 12M S;GOV TSPP CLST SVR 5.1 WIN PER CPU T2 BAS 12M S;;;;79;;
1;3;2094;1;2355,6468;1915,16;CS5.1WINPCPU TIER 3 STD LIC REW BAND-C;21019635;;CS5.1WINPCPU TIER 3 STD LIC REW BAND-C;CS5.1WINPCPU TIER 3 STD LIC REW BAND-C;CS5.1WINPCPU TIER 3 STD LIC REW BAND-C;CS5.1WINPCPU TIER 3 STD LIC REW BAND-C;;;;79;;
1;3;2094;1;2479,6185;2015,95;CS5.1WINPCPU TIER 3 STD LIC ACD BAND-S;21019636;;CS5.1WINPCPU TIER 3 STD LIC ACD BAND-S;CS5.1WINPCPU TIER 3 STD LIC ACD BAND-S;CS5.1WINPCPU TIER 3 STD LIC ACD BAND-S;CS5.1WINPCPU TIER 3 STD LIC ACD BAND-S;;;;79;;
1;3;2094;1;446,3301;362,87;GOV TSPP CLST SVR 5.1 WIN PER CPU T3 BAS 12M S;21019638;;GOV TSPP CLST SVR 5.1 WIN PER CPU T3 BAS 12M S;GOV TSPP CLST SVR 5.1 WIN PER CPU T3 BAS 12M S;GOV TSPP CLST SVR 5.1 WIN PER CPU T3 BAS 12M S;GOV TSPP CLST SVR 5.1 WIN PER CPU T3 BAS 12M S;;;;79;;
1;3;2094;1;446,3301;362,87;EXP TSPP CLST SVR 5.1 WIN PER CPU T3 BAS 12M S;21019639;;EXP TSPP CLST SVR 5.1 WIN PER CPU T3 BAS 12M S;EXP TSPP CLST SVR 5.1 WIN PER CPU T3 BAS 12M S;EXP TSPP CLST SVR 5.1 WIN PER CPU T3 BAS 12M S;EXP TSPP CLST SVR 5.1 WIN PER CPU T3 BAS 12M S;;;;79;;
1;3;2094;1;570,3141;463,67;REW TSPP CLST SVR 5.1 WIN PER CPU T3 ESS 12M A;21019642;;REW TSPP CLST SVR 5.1 WIN PER CPU T3 ESS 12M A;REW TSPP CLST SVR 5.1 WIN PER CPU T3 ESS 12M A;REW TSPP CLST SVR 5.1 WIN PER CPU T3 ESS 12M A;REW TSPP CLST SVR 5.1 WIN PER CPU T3 ESS 12M A;;;;79;;
1;3;2094;1;541,7904;440,48;REW TSPP CLST SVR 5.1 WIN PER CPU T3 ESS 12M D;21019643;;REW TSPP CLST SVR 5.1 WIN PER CPU T3 ESS 12M D;REW TSPP CLST SVR 5.1 WIN PER CPU T3 ESS 12M D;REW TSPP CLST SVR 5.1 WIN PER CPU T3 ESS 12M D;REW TSPP CLST SVR 5.1 WIN PER CPU T3 ESS 12M D;;;;79;;
1;3;2094;1;570,3141;463,67;EXP TSPP CLST SVR 5.1 WIN PER CPU T3 ESS 12M S;21019645;;EXP TSPP CLST SVR 5.1 WIN PER CPU T3 ESS 12M S;EXP TSPP CLST SVR 5.1 WIN PER CPU T3 ESS 12M S;EXP TSPP CLST SVR 5.1 WIN PER CPU T3 ESS 12M S;EXP TSPP CLST SVR 5.1 WIN PER CPU T3 ESS 12M S;;;;79;;
1;3;2094;1;570,3141;463,67;AE TSPP CLST SVR 5.1 WIN PER CPU T3 ESS 12M S;21019646;;AE TSPP CLST SVR 5.1 WIN PER CPU T3 ESS 12M S;AE TSPP CLST SVR 5.1 WIN PER CPU T3 ESS 12M S;AE TSPP CLST SVR 5.1 WIN PER CPU T3 ESS 12M S;AE TSPP CLST SVR 5.1 WIN PER CPU T3 ESS 12M S;;;;79;;
1;3;2094;1;672,3426;546,62;EXP TSPP CLST SVR HA/DR 5.1 WIN CPU T3 ESS 12M S;21019647;;EXP TSPP CLST SVR HA/DR 5.1 WIN CPU T3 ESS 12M S;EXP TSPP CLST SVR HA/DR 5.1 WIN CPU T3 ESS 12M S;EXP TSPP CLST SVR HA/DR 5.1 WIN CPU T3 ESS 12M S;EXP TSPP CLST SVR HA/DR 5.1 WIN CPU T3 ESS 12M S;;;;79;;
1;3;2094;1;1849,9569;1504,03;CS HA/DR5.1WIN TIER 1 STD LIC REW BAND-C;21019648;;CS HA/DR5.1WIN TIER 1 STD LIC REW BAND-C;CS HA/DR5.1WIN TIER 1 STD LIC REW BAND-C;CS HA/DR5.1WIN TIER 1 STD LIC REW BAND-C;CS HA/DR5.1WIN TIER 1 STD LIC REW BAND-C;;;;79;;
1;3;2094;1;1947,3237;1583,19;CS HA/DR5.1WIN TIER 1 STD LIC GOV BAND-S;21019649;;CS HA/DR5.1WIN TIER 1 STD LIC GOV BAND-S;CS HA/DR5.1WIN TIER 1 STD LIC GOV BAND-S;CS HA/DR5.1WIN TIER 1 STD LIC GOV BAND-S;CS HA/DR5.1WIN TIER 1 STD LIC GOV BAND-S;;;;79;;
1;3;2094;1;1947,3237;1583,19;CS HA/DR5.1WIN TIER 1 STD LIC ACD BAND-S;21019650;;CS HA/DR5.1WIN TIER 1 STD LIC ACD BAND-S;CS HA/DR5.1WIN TIER 1 STD LIC ACD BAND-S;CS HA/DR5.1WIN TIER 1 STD LIC ACD BAND-S;CS HA/DR5.1WIN TIER 1 STD LIC ACD BAND-S;;;;79;;
1;3;2094;1;463,587;376,9;CS HA/DR5.1WINPCPU TIER 1 BAS REW BAND-B;21019651;;CS HA/DR5.1WINPCPU TIER 1 BAS REW BAND-B;CS HA/DR5.1WINPCPU TIER 1 BAS REW BAND-B;CS HA/DR5.1WINPCPU TIER 1 BAS REW BAND-B;CS HA/DR5.1WINPCPU TIER 1 BAS REW BAND-B;;;;79;;
1;3;2094;1;447,8799;364,13;EXP TSPP CLST SVR HA/DR 5.1 WIN CPU T1 ESS 12M S;21019662;;EXP TSPP CLST SVR HA/DR 5.1 WIN CPU T1 ESS 12M S;EXP TSPP CLST SVR HA/DR 5.1 WIN CPU T1 ESS 12M S;EXP TSPP CLST SVR HA/DR 5.1 WIN CPU T1 ESS 12M S;EXP TSPP CLST SVR HA/DR 5.1 WIN CPU T1 ESS 12M S;;;;79;;
1;3;2094;1;2346,5448;1907,76;CS HA/DR5.1WIN TIER 2 STD LIC REW BAND-A;21019663;;CS HA/DR5.1WIN TIER 2 STD LIC REW BAND-A;CS HA/DR5.1WIN TIER 2 STD LIC REW BAND-A;CS HA/DR5.1WIN TIER 2 STD LIC REW BAND-A;CS HA/DR5.1WIN TIER 2 STD LIC REW BAND-A;;;;79;;
1;3;2094;1;2346,5448;1907,76;CS HA/DR5.1WIN TIER 2 STD LIC REW BAND-B;21019664;;CS HA/DR5.1WIN TIER 2 STD LIC REW BAND-B;CS HA/DR5.1WIN TIER 2 STD LIC REW BAND-B;CS HA/DR5.1WIN TIER 2 STD LIC REW BAND-B;CS HA/DR5.1WIN TIER 2 STD LIC REW BAND-B;;;;79;;
1;3;2094;1;2170,5687;1764,69;CS HA/DR5.1WIN TIER 2 STD LIC REW BAND-E;21019665;;CS HA/DR5.1WIN TIER 2 STD LIC REW BAND-E;CS HA/DR5.1WIN TIER 2 STD LIC REW BAND-E;CS HA/DR5.1WIN TIER 2 STD LIC REW BAND-E;CS HA/DR5.1WIN TIER 2 STD LIC REW BAND-E;;;;79;;
1;3;2094;1;2923,1934;2376,58;CS HA/DR5.1WIN TIER 3 STD LIC ACD BAND-S;21019668;;CS HA/DR5.1WIN TIER 3 STD LIC ACD BAND-S;CS HA/DR5.1WIN TIER 3 STD LIC ACD BAND-S;CS HA/DR5.1WIN TIER 3 STD LIC ACD BAND-S;CS HA/DR5.1WIN TIER 3 STD LIC ACD BAND-S;;;;79;;
1;3;2094;1;463,587;376,9;CS HA/DR5.1WINPCPU TIER 1 BAS REW BAND-A;21019669;;CS HA/DR5.1WINPCPU TIER 1 BAS REW BAND-A;CS HA/DR5.1WINPCPU TIER 1 BAS REW BAND-A;CS HA/DR5.1WINPCPU TIER 1 BAS REW BAND-A;CS HA/DR5.1WINPCPU TIER 1 BAS REW BAND-A;;;;79;;
1;3;2094;1;562,7373;457,51;CS HA/DR5.1WINPCPU TIER 1 ESS REW BAND-C;21019670;;CS HA/DR5.1WINPCPU TIER 1 ESS REW BAND-C;CS HA/DR5.1WINPCPU TIER 1 ESS REW BAND-C;CS HA/DR5.1WINPCPU TIER 1 ESS REW BAND-C;CS HA/DR5.1WINPCPU TIER 1 ESS REW BAND-C;;;;79;;
1;3;2094;1;562,7373;457,51;CS HA/DR5.1WINPCPU TIER 1 ESS REW BAND-D;21019671;;CS HA/DR5.1WINPCPU TIER 1 ESS REW BAND-D;CS HA/DR5.1WINPCPU TIER 1 ESS REW BAND-D;CS HA/DR5.1WINPCPU TIER 1 ESS REW BAND-D;CS HA/DR5.1WINPCPU TIER 1 ESS REW BAND-D;;;;79;;
1;3;2094;1;695,8971;565,77;CS HA/DR5.1WINPCPU TIER 3 BAS REW BAND-A;21019677;;CS HA/DR5.1WINPCPU TIER 3 BAS REW BAND-A;CS HA/DR5.1WINPCPU TIER 3 BAS REW BAND-A;CS HA/DR5.1WINPCPU TIER 3 BAS REW BAND-A;CS HA/DR5.1WINPCPU TIER 3 BAS REW BAND-A;;;;79;;
1;3;2094;1;661,125;537,5;CS HA/DR5.1WINPCPU TIER 3 BAS REW BAND-C;21019678;;CS HA/DR5.1WINPCPU TIER 3 BAS REW BAND-C;CS HA/DR5.1WINPCPU TIER 3 BAS REW BAND-C;CS HA/DR5.1WINPCPU TIER 3 BAS REW BAND-C;CS HA/DR5.1WINPCPU TIER 3 BAS REW BAND-C;;;;79;;
1;3;2094;1;695,8971;565,77;CS HA/DR5.1WINPCPU TIER 3 BAS EXP BAND-S;21019679;;CS HA/DR5.1WINPCPU TIER 3 BAS EXP BAND-S;CS HA/DR5.1WINPCPU TIER 3 BAS EXP BAND-S;CS HA/DR5.1WINPCPU TIER 3 BAS EXP BAND-S;CS HA/DR5.1WINPCPU TIER 3 BAS EXP BAND-S;;;;79;;
1;3;2094;1;695,8971;565,77;CS HA/DR5.1WINPCPU TIER 3 BAS ACD BAND-S;21019680;;CS HA/DR5.1WINPCPU TIER 3 BAS ACD BAND-S;CS HA/DR5.1WINPCPU TIER 3 BAS ACD BAND-S;CS HA/DR5.1WINPCPU TIER 3 BAS ACD BAND-S;CS HA/DR5.1WINPCPU TIER 3 BAS ACD BAND-S;;;;79;;
1;3;2094;1;889,2285;722,95;CS HA/DR5.1WINPCPU TIER 3 ESS REW BAND-A;21019681;;CS HA/DR5.1WINPCPU TIER 3 ESS REW BAND-A;CS HA/DR5.1WINPCPU TIER 3 ESS REW BAND-A;CS HA/DR5.1WINPCPU TIER 3 ESS REW BAND-A;CS HA/DR5.1WINPCPU TIER 3 ESS REW BAND-A;;;;79;;
1;3;2094;1;526,1694;427,78;REW TSPP CLST SVR HA/DR 5.1 WIN CPU T3 BAS 12M A;21019682;;REW TSPP CLST SVR HA/DR 5.1 WIN CPU T3 BAS 12M A;REW TSPP CLST SVR HA/DR 5.1 WIN CPU T3 BAS 12M A;REW TSPP CLST SVR HA/DR 5.1 WIN CPU T3 BAS 12M A;REW TSPP CLST SVR HA/DR 5.1 WIN CPU T3 BAS 12M A;;;;79;;
1;3;2094;1;638,7267;519,29;REW TSPP CLST SVR HA/DR 5.1 WIN CPU T3 ESS 12M D;21019683;;REW TSPP CLST SVR HA/DR 5.1 WIN CPU T3 ESS 12M D;REW TSPP CLST SVR HA/DR 5.1 WIN CPU T3 ESS 12M D;REW TSPP CLST SVR HA/DR 5.1 WIN CPU T3 ESS 12M D;REW TSPP CLST SVR HA/DR 5.1 WIN CPU T3 ESS 12M D;;;;79;;
1;3;2094;1;332,9979;270,73;REW TSPP CLST SVR HA/DR 5.1 WIN CPU T1 BAS 12M C;21019684;;REW TSPP CLST SVR HA/DR 5.1 WIN CPU T1 BAS 12M C;REW TSPP CLST SVR HA/DR 5.1 WIN CPU T1 BAS 12M C;REW TSPP CLST SVR HA/DR 5.1 WIN CPU T1 BAS 12M C;REW TSPP CLST SVR HA/DR 5.1 WIN CPU T1 BAS 12M C;;;;79;;
1;3;2094;1;350,5254;284,98;EXP TSPP CLST SVR HA/DR 5.1 WIN CPU T1 BAS 12M S;21019685;;EXP TSPP CLST SVR HA/DR 5.1 WIN CPU T1 BAS 12M S;EXP TSPP CLST SVR HA/DR 5.1 WIN CPU T1 BAS 12M S;EXP TSPP CLST SVR HA/DR 5.1 WIN CPU T1 BAS 12M S;EXP TSPP CLST SVR HA/DR 5.1 WIN CPU T1 BAS 12M S;;;;79;;
1;3;2094;1;425,4939;345,93;REW TSPP CLST SVR HA/DR 5.1 WIN CPU T1 ESS 12M C;21019691;;REW TSPP CLST SVR HA/DR 5.1 WIN CPU T1 ESS 12M C;REW TSPP CLST SVR HA/DR 5.1 WIN CPU T1 ESS 12M C;REW TSPP CLST SVR HA/DR 5.1 WIN CPU T1 ESS 12M C;REW TSPP CLST SVR HA/DR 5.1 WIN CPU T1 ESS 12M C;;;;79;;
1;3;2094;1;425,4939;345,93;REW TSPP CLST SVR HA/DR 5.1 WIN CPU T1 ESS 12M D;21019692;;REW TSPP CLST SVR HA/DR 5.1 WIN CPU T1 ESS 12M D;REW TSPP CLST SVR HA/DR 5.1 WIN CPU T1 ESS 12M D;REW TSPP CLST SVR HA/DR 5.1 WIN CPU T1 ESS 12M D;REW TSPP CLST SVR HA/DR 5.1 WIN CPU T1 ESS 12M D;;;;79;;
1;3;2094;1;422,3697;343,39;REW TSPP CLST SVR HA/DR 5.1 WIN CPU T2 BAS 12M B;21019695;;REW TSPP CLST SVR HA/DR 5.1 WIN CPU T2 BAS 12M B;REW TSPP CLST SVR HA/DR 5.1 WIN CPU T2 BAS 12M B;REW TSPP CLST SVR HA/DR 5.1 WIN CPU T2 BAS 12M B;REW TSPP CLST SVR HA/DR 5.1 WIN CPU T2 BAS 12M B;;;;79;;
1;3;2094;1;401,2752;326,24;REW TSPP CLST SVR HA/DR 5.1 WIN CPU T2 BAS 12M C;21019696;;REW TSPP CLST SVR HA/DR 5.1 WIN CPU T2 BAS 12M C;REW TSPP CLST SVR HA/DR 5.1 WIN CPU T2 BAS 12M C;REW TSPP CLST SVR HA/DR 5.1 WIN CPU T2 BAS 12M C;REW TSPP CLST SVR HA/DR 5.1 WIN CPU T2 BAS 12M C;;;;79;;
1;3;2094;1;512,7132;416,84;REW TSPP CLST SVR HA/DR 5.1 WIN CPU T2 ESS 12M C;21019700;;REW TSPP CLST SVR HA/DR 5.1 WIN CPU T2 ESS 12M C;REW TSPP CLST SVR HA/DR 5.1 WIN CPU T2 ESS 12M C;REW TSPP CLST SVR HA/DR 5.1 WIN CPU T2 ESS 12M C;REW TSPP CLST SVR HA/DR 5.1 WIN CPU T2 ESS 12M C;;;;79;;
1;3;2094;1;2923,1934;2376,58;CS HA/DR5.1WIN TIER 3 STD LIC GOV BAND-S;21019702;;CS HA/DR5.1WIN TIER 3 STD LIC GOV BAND-S;CS HA/DR5.1WIN TIER 3 STD LIC GOV BAND-S;CS HA/DR5.1WIN TIER 3 STD LIC GOV BAND-S;CS HA/DR5.1WIN TIER 3 STD LIC GOV BAND-S;;;;79;;
1;3;2094;1;2923,1934;2376,58;CS HA/DR5.1WIN TIER 3 STD LIC EXP BAND-S;21019703;;CS HA/DR5.1WIN TIER 3 STD LIC EXP BAND-S;CS HA/DR5.1WIN TIER 3 STD LIC EXP BAND-S;CS HA/DR5.1WIN TIER 3 STD LIC EXP BAND-S;CS HA/DR5.1WIN TIER 3 STD LIC EXP BAND-S;;;;79;;
1;3;2094;1;695,8971;565,77;CS HA/DR5.1WINPCPU TIER 3 BAS GOV BAND-S;21019704;;CS HA/DR5.1WINPCPU TIER 3 BAS GOV BAND-S;CS HA/DR5.1WINPCPU TIER 3 BAS GOV BAND-S;CS HA/DR5.1WINPCPU TIER 3 BAS GOV BAND-S;CS HA/DR5.1WINPCPU TIER 3 BAS GOV BAND-S;;;;79;;
1;3;2094;1;526,1694;427,78;REW TSPP CLST SVR HA/DR 5.1 WIN CPU T3 BAS 12M B;21019705;;REW TSPP CLST SVR HA/DR 5.1 WIN CPU T3 BAS 12M B;REW TSPP CLST SVR HA/DR 5.1 WIN CPU T3 BAS 12M B;REW TSPP CLST SVR HA/DR 5.1 WIN CPU T3 BAS 12M B;REW TSPP CLST SVR HA/DR 5.1 WIN CPU T3 BAS 12M B;;;;79;;
1;3;2094;1;1947,3237;1583,19;CS HA/DR5.1WIN TIER 1 STD LIC REW BAND-B;21019710;;CS HA/DR5.1WIN TIER 1 STD LIC REW BAND-B;CS HA/DR5.1WIN TIER 1 STD LIC REW BAND-B;CS HA/DR5.1WIN TIER 1 STD LIC REW BAND-B;CS HA/DR5.1WIN TIER 1 STD LIC REW BAND-B;;;;79;;
1;3;2094;1;1849,9569;1504,03;CS HA/DR5.1WIN TIER 1 STD LIC REW BAND-D;21019711;;CS HA/DR5.1WIN TIER 1 STD LIC REW BAND-D;CS HA/DR5.1WIN TIER 1 STD LIC REW BAND-D;CS HA/DR5.1WIN TIER 1 STD LIC REW BAND-D;CS HA/DR5.1WIN TIER 1 STD LIC REW BAND-D;;;;79;;
1;3;2094;1;592,368;481,6;CS HA/DR5.1WINPCPU TIER 1 ESS EXP BAND-S;21019713;;CS HA/DR5.1WINPCPU TIER 1 ESS EXP BAND-S;CS HA/DR5.1WINPCPU TIER 1 ESS EXP BAND-S;CS HA/DR5.1WINPCPU TIER 1 ESS EXP BAND-S;CS HA/DR5.1WINPCPU TIER 1 ESS EXP BAND-S;;;;79;;
1;3;2094;1;332,9979;270,73;REW TSPP CLST SVR HA/DR 5.1 WIN CPU T1 BAS 12M D;21019714;;REW TSPP CLST SVR HA/DR 5.1 WIN CPU T1 BAS 12M D;REW TSPP CLST SVR HA/DR 5.1 WIN CPU T1 BAS 12M D;REW TSPP CLST SVR HA/DR 5.1 WIN CPU T1 BAS 12M D;REW TSPP CLST SVR HA/DR 5.1 WIN CPU T1 BAS 12M D;;;;79;;
1;3;2094;1;592,368;481,6;CS HA/DR5.1WINPCPU TIER 1 ESS ACD BAND-S;21019719;;CS HA/DR5.1WINPCPU TIER 1 ESS ACD BAND-S;CS HA/DR5.1WINPCPU TIER 1 ESS ACD BAND-S;CS HA/DR5.1WINPCPU TIER 1 ESS ACD BAND-S;CS HA/DR5.1WINPCPU TIER 1 ESS ACD BAND-S;;;;79;;
1;3;2094;1;558,6291;454,17;CS HA/DR5.1WINPCPU TIER 2 BAS REW BAND-B;21019721;;CS HA/DR5.1WINPCPU TIER 2 BAS REW BAND-B;CS HA/DR5.1WINPCPU TIER 2 BAS REW BAND-B;CS HA/DR5.1WINPCPU TIER 2 BAS REW BAND-B;CS HA/DR5.1WINPCPU TIER 2 BAS REW BAND-B;;;;79;;
1;3;2094;1;558,6291;454,17;CS HA/DR5.1WINPCPU TIER 2 BAS EXP BAND-S;21019722;;CS HA/DR5.1WINPCPU TIER 2 BAS EXP BAND-S;CS HA/DR5.1WINPCPU TIER 2 BAS EXP BAND-S;CS HA/DR5.1WINPCPU TIER 2 BAS EXP BAND-S;CS HA/DR5.1WINPCPU TIER 2 BAS EXP BAND-S;;;;79;;
1;3;2094;1;558,6291;454,17;CS HA/DR5.1WINPCPU TIER 2 BAS ACD BAND-S;21019723;;CS HA/DR5.1WINPCPU TIER 2 BAS ACD BAND-S;CS HA/DR5.1WINPCPU TIER 2 BAS ACD BAND-S;CS HA/DR5.1WINPCPU TIER 2 BAS ACD BAND-S;CS HA/DR5.1WINPCPU TIER 2 BAS ACD BAND-S;;;;79;;
1;3;2094;1;713,8182;580,34;CS HA/DR5.1WINPCPU TIER 2 ESS REW BAND-A;21019724;;CS HA/DR5.1WINPCPU TIER 2 ESS REW BAND-A;CS HA/DR5.1WINPCPU TIER 2 ESS REW BAND-A;CS HA/DR5.1WINPCPU TIER 2 ESS REW BAND-A;CS HA/DR5.1WINPCPU TIER 2 ESS REW BAND-A;;;;79;;
1;3;2094;1;422,3697;343,39;GOV TSPP CLST SVR HA/DR 5.1 WIN CPU T2 BAS 12M S;21019725;;GOV TSPP CLST SVR HA/DR 5.1 WIN CPU T2 BAS 12M S;GOV TSPP CLST SVR HA/DR 5.1 WIN CPU T2 BAS 12M S;GOV TSPP CLST SVR HA/DR 5.1 WIN CPU T2 BAS 12M S;GOV TSPP CLST SVR HA/DR 5.1 WIN CPU T2 BAS 12M S;;;;79;;
1;3;2094;1;447,8799;364,13;GOV TSPP CLST SVR HA/DR 5.1 WIN CPU T1 ESS 12M S;21019732;;GOV TSPP CLST SVR HA/DR 5.1 WIN CPU T1 ESS 12M S;GOV TSPP CLST SVR HA/DR 5.1 WIN CPU T1 ESS 12M S;GOV TSPP CLST SVR HA/DR 5.1 WIN CPU T1 ESS 12M S;GOV TSPP CLST SVR HA/DR 5.1 WIN CPU T1 ESS 12M S;;;;79;;
1;3;2094;1;713,8182;580,34;CS HA/DR5.1WINPCPU TIER 2 ESS EXP BAND-S;21019733;;CS HA/DR5.1WINPCPU TIER 2 ESS EXP BAND-S;CS HA/DR5.1WINPCPU TIER 2 ESS EXP BAND-S;CS HA/DR5.1WINPCPU TIER 2 ESS EXP BAND-S;CS HA/DR5.1WINPCPU TIER 2 ESS EXP BAND-S;;;;79;;
1;3;2094;1;401,2752;326,24;REW TSPP CLST SVR HA/DR 5.1 WIN CPU T2 BAS 12M D;21019734;;REW TSPP CLST SVR HA/DR 5.1 WIN CPU T2 BAS 12M D;REW TSPP CLST SVR HA/DR 5.1 WIN CPU T2 BAS 12M D;REW TSPP CLST SVR HA/DR 5.1 WIN CPU T2 BAS 12M D;REW TSPP CLST SVR HA/DR 5.1 WIN CPU T2 BAS 12M D;;;;79;;
1;3;2094;1;447,8799;364,13;REW TSPP CLST SVR HA/DR 5.1 WIN CPU T1 ESS 12M B;21019735;;REW TSPP CLST SVR HA/DR 5.1 WIN CPU T1 ESS 12M B;REW TSPP CLST SVR HA/DR 5.1 WIN CPU T1 ESS 12M B;REW TSPP CLST SVR HA/DR 5.1 WIN CPU T1 ESS 12M B;REW TSPP CLST SVR HA/DR 5.1 WIN CPU T1 ESS 12M B;;;;79;;
1;3;2094;1;2346,5448;1907,76;CS HA/DR5.1WIN TIER 2 STD LIC GOV BAND-S;21019736;;CS HA/DR5.1WIN TIER 2 STD LIC GOV BAND-S;CS HA/DR5.1WIN TIER 2 STD LIC GOV BAND-S;CS HA/DR5.1WIN TIER 2 STD LIC GOV BAND-S;CS HA/DR5.1WIN TIER 2 STD LIC GOV BAND-S;;;;79;;
1;3;2094;1;539,7117;438,79;REW TSPP CLST SVR HA/DR 5.1 WIN CPU T2 ESS 12M A;21019738;;REW TSPP CLST SVR HA/DR 5.1 WIN CPU T2 ESS 12M A;REW TSPP CLST SVR HA/DR 5.1 WIN CPU T2 ESS 12M A;REW TSPP CLST SVR HA/DR 5.1 WIN CPU T2 ESS 12M A;REW TSPP CLST SVR HA/DR 5.1 WIN CPU T2 ESS 12M A;;;;79;;
1;3;2094;1;539,7117;438,79;GOV TSPP CLST SVR HA/DR 5.1 WIN CPU T2 ESS 12M S;21019739;;GOV TSPP CLST SVR HA/DR 5.1 WIN CPU T2 ESS 12M S;GOV TSPP CLST SVR HA/DR 5.1 WIN CPU T2 ESS 12M S;GOV TSPP CLST SVR HA/DR 5.1 WIN CPU T2 ESS 12M S;GOV TSPP CLST SVR HA/DR 5.1 WIN CPU T2 ESS 12M S;;;;79;;
1;3;2094;1;539,7117;438,79;AE TSPP CLST SVR HA/DR 5.1 WIN CPU T2 ESS 12M S;21019740;;AE TSPP CLST SVR HA/DR 5.1 WIN CPU T2 ESS 12M S;AE TSPP CLST SVR HA/DR 5.1 WIN CPU T2 ESS 12M S;AE TSPP CLST SVR HA/DR 5.1 WIN CPU T2 ESS 12M S;AE TSPP CLST SVR HA/DR 5.1 WIN CPU T2 ESS 12M S;;;;79;;
1;3;2094;1;2923,1934;2376,58;CS HA/DR5.1WIN TIER 3 STD LIC REW BAND-A;21019741;;CS HA/DR5.1WIN TIER 3 STD LIC REW BAND-A;CS HA/DR5.1WIN TIER 3 STD LIC REW BAND-A;CS HA/DR5.1WIN TIER 3 STD LIC REW BAND-A;CS HA/DR5.1WIN TIER 3 STD LIC REW BAND-A;;;;79;;
1;3;2094;1;661,125;537,5;CS HA/DR5.1WINPCPU TIER 3 BAS REW BAND-D;21019742;;CS HA/DR5.1WINPCPU TIER 3 BAS REW BAND-D;CS HA/DR5.1WINPCPU TIER 3 BAS REW BAND-D;CS HA/DR5.1WINPCPU TIER 3 BAS REW BAND-D;CS HA/DR5.1WINPCPU TIER 3 BAS REW BAND-D;;;;79;;
1;3;2094;1;889,2285;722,95;CS HA/DR5.1WINPCPU TIER 3 ESS GOV BAND-S;21019743;;CS HA/DR5.1WINPCPU TIER 3 ESS GOV BAND-S;CS HA/DR5.1WINPCPU TIER 3 ESS GOV BAND-S;CS HA/DR5.1WINPCPU TIER 3 ESS GOV BAND-S;CS HA/DR5.1WINPCPU TIER 3 ESS GOV BAND-S;;;;79;;
1;3;2094;1;422,3697;343,39;EXP TSPP CLST SVR HA/DR 5.1 WIN CPU T2 BAS 12M S;21019746;;EXP TSPP CLST SVR HA/DR 5.1 WIN CPU T2 BAS 12M S;EXP TSPP CLST SVR HA/DR 5.1 WIN CPU T2 BAS 12M S;EXP TSPP CLST SVR HA/DR 5.1 WIN CPU T2 BAS 12M S;EXP TSPP CLST SVR HA/DR 5.1 WIN CPU T2 BAS 12M S;;;;79;;
1;3;2094;1;2777,0571;2257,77;CS HA/DR5.1WIN TIER 3 STD LIC REW BAND-C;21019749;;CS HA/DR5.1WIN TIER 3 STD LIC REW BAND-C;CS HA/DR5.1WIN TIER 3 STD LIC REW BAND-C;CS HA/DR5.1WIN TIER 3 STD LIC REW BAND-C;CS HA/DR5.1WIN TIER 3 STD LIC REW BAND-C;;;;79;;
1;3;2094;1;499,872;406,4;REW TSPP CLST SVR HA/DR 5.1 WIN CPU T3 BAS 12M D;21019751;;REW TSPP CLST SVR HA/DR 5.1 WIN CPU T3 BAS 12M D;REW TSPP CLST SVR HA/DR 5.1 WIN CPU T3 BAS 12M D;REW TSPP CLST SVR HA/DR 5.1 WIN CPU T3 BAS 12M D;REW TSPP CLST SVR HA/DR 5.1 WIN CPU T3 BAS 12M D;;;;79;;
1;3;2094;1;526,1694;427,78;GOV TSPP CLST SVR HA/DR 5.1 WIN CPU T3 BAS 12M S;21019752;;GOV TSPP CLST SVR HA/DR 5.1 WIN CPU T3 BAS 12M S;GOV TSPP CLST SVR HA/DR 5.1 WIN CPU T3 BAS 12M S;GOV TSPP CLST SVR HA/DR 5.1 WIN CPU T3 BAS 12M S;GOV TSPP CLST SVR HA/DR 5.1 WIN CPU T3 BAS 12M S;;;;79;;
1;3;2094;1;526,1694;427,78;EXP TSPP CLST SVR HA/DR 5.1 WIN CPU T3 BAS 12M S;21019753;;EXP TSPP CLST SVR HA/DR 5.1 WIN CPU T3 BAS 12M S;EXP TSPP CLST SVR HA/DR 5.1 WIN CPU T3 BAS 12M S;EXP TSPP CLST SVR HA/DR 5.1 WIN CPU T3 BAS 12M S;EXP TSPP CLST SVR HA/DR 5.1 WIN CPU T3 BAS 12M S;;;;79;;
1;3;2094;1;672,3426;546,62;REW TSPP CLST SVR HA/DR 5.1 WIN CPU T3 ESS 12M B;21019756;;REW TSPP CLST SVR HA/DR 5.1 WIN CPU T3 ESS 12M B;REW TSPP CLST SVR HA/DR 5.1 WIN CPU T3 ESS 12M B;REW TSPP CLST SVR HA/DR 5.1 WIN CPU T3 ESS 12M B;REW TSPP CLST SVR HA/DR 5.1 WIN CPU T3 ESS 12M B;;;;79;;
1;3;2094;1;638,7267;519,29;REW TSPP CLST SVR HA/DR 5.1 WIN CPU T3 ESS 12M C;21019757;;REW TSPP CLST SVR HA/DR 5.1 WIN CPU T3 ESS 12M C;REW TSPP CLST SVR HA/DR 5.1 WIN CPU T3 ESS 12M C;REW TSPP CLST SVR HA/DR 5.1 WIN CPU T3 ESS 12M C;REW TSPP CLST SVR HA/DR 5.1 WIN CPU T3 ESS 12M C;;;;79;;
1;3;2094;1;440,4261;358,07;CS HA/DR5.1WINPCPU TIER 1 BAS REW BAND-C;21019759;;CS HA/DR5.1WINPCPU TIER 1 BAS REW BAND-C;CS HA/DR5.1WINPCPU TIER 1 BAS REW BAND-C;CS HA/DR5.1WINPCPU TIER 1 BAS REW BAND-C;CS HA/DR5.1WINPCPU TIER 1 BAS REW BAND-C;;;;79;;
1;3;2094;1;558,6291;454,17;CS HA/DR5.1WINPCPU TIER 2 BAS REW BAND-A;21019761;;CS HA/DR5.1WINPCPU TIER 2 BAS REW BAND-A;CS HA/DR5.1WINPCPU TIER 2 BAS REW BAND-A;CS HA/DR5.1WINPCPU TIER 2 BAS REW BAND-A;CS HA/DR5.1WINPCPU TIER 2 BAS REW BAND-A;;;;79;;
1;3;2094;1;463,587;376,9;CS HA/DR5.1WINPCPU TIER 1 BAS EXP BAND-S;21019762;;CS HA/DR5.1WINPCPU TIER 1 BAS EXP BAND-S;CS HA/DR5.1WINPCPU TIER 1 BAS EXP BAND-S;CS HA/DR5.1WINPCPU TIER 1 BAS EXP BAND-S;CS HA/DR5.1WINPCPU TIER 1 BAS EXP BAND-S;;;;79;;
1;3;2094;1;592,368;481,6;CS HA/DR5.1WINPCPU TIER 1 ESS REW BAND-B;21019763;;CS HA/DR5.1WINPCPU TIER 1 ESS REW BAND-B;CS HA/DR5.1WINPCPU TIER 1 ESS REW BAND-B;CS HA/DR5.1WINPCPU TIER 1 ESS REW BAND-B;CS HA/DR5.1WINPCPU TIER 1 ESS REW BAND-B;;;;79;;
1;3;2094;1;350,5254;284,98;REW TSPP CLST SVR HA/DR 5.1 WIN CPU T1 BAS 12M A;21019764;;REW TSPP CLST SVR HA/DR 5.1 WIN CPU T1 BAS 12M A;REW TSPP CLST SVR HA/DR 5.1 WIN CPU T1 BAS 12M A;REW TSPP CLST SVR HA/DR 5.1 WIN CPU T1 BAS 12M A;REW TSPP CLST SVR HA/DR 5.1 WIN CPU T1 BAS 12M A;;;;79;;
1;3;2094;1;350,5254;284,98;REW TSPP CLST SVR HA/DR 5.1 WIN CPU T1 BAS 12M B;21019765;;REW TSPP CLST SVR HA/DR 5.1 WIN CPU T1 BAS 12M B;REW TSPP CLST SVR HA/DR 5.1 WIN CPU T1 BAS 12M B;REW TSPP CLST SVR HA/DR 5.1 WIN CPU T1 BAS 12M B;REW TSPP CLST SVR HA/DR 5.1 WIN CPU T1 BAS 12M B;;;;79;;
1;3;2094;1;558,6291;454,17;CS HA/DR5.1WINPCPU TIER 2 BAS GOV BAND-S;21019771;;CS HA/DR5.1WINPCPU TIER 2 BAS GOV BAND-S;CS HA/DR5.1WINPCPU TIER 2 BAS GOV BAND-S;CS HA/DR5.1WINPCPU TIER 2 BAS GOV BAND-S;CS HA/DR5.1WINPCPU TIER 2 BAS GOV BAND-S;;;;79;;
1;3;2094;1;678,099;551,3;CS HA/DR5.1WINPCPU TIER 2 ESS REW BAND-C;21019772;;CS HA/DR5.1WINPCPU TIER 2 ESS REW BAND-C;CS HA/DR5.1WINPCPU TIER 2 ESS REW BAND-C;CS HA/DR5.1WINPCPU TIER 2 ESS REW BAND-C;CS HA/DR5.1WINPCPU TIER 2 ESS REW BAND-C;;;;79;;
1;3;2094;1;2346,5448;1907,76;CS HA/DR5.1WIN TIER 2 STD LIC ACD BAND-S;21019773;;CS HA/DR5.1WIN TIER 2 STD LIC ACD BAND-S;CS HA/DR5.1WIN TIER 2 STD LIC ACD BAND-S;CS HA/DR5.1WIN TIER 2 STD LIC ACD BAND-S;CS HA/DR5.1WIN TIER 2 STD LIC ACD BAND-S;;;;79;;
1;3;2094;1;530,7204;431,48;CS HA/DR5.1WINPCPU TIER 2 BAS REW BAND-D;21019774;;CS HA/DR5.1WINPCPU TIER 2 BAS REW BAND-D;CS HA/DR5.1WINPCPU TIER 2 BAS REW BAND-D;CS HA/DR5.1WINPCPU TIER 2 BAS REW BAND-D;CS HA/DR5.1WINPCPU TIER 2 BAS REW BAND-D;;;;79;;
1;3;2094;1;516,723;420,1;CS HA/DR5.1WINPCPU TIER 2 BAS REW BAND-E;21019775;;CS HA/DR5.1WINPCPU TIER 2 BAS REW BAND-E;CS HA/DR5.1WINPCPU TIER 2 BAS REW BAND-E;CS HA/DR5.1WINPCPU TIER 2 BAS REW BAND-E;CS HA/DR5.1WINPCPU TIER 2 BAS REW BAND-E;;;;79;;
1;3;2094;1;678,099;551,3;CS HA/DR5.1WINPCPU TIER 2 ESS REW BAND-D;21019777;;CS HA/DR5.1WINPCPU TIER 2 ESS REW BAND-D;CS HA/DR5.1WINPCPU TIER 2 ESS REW BAND-D;CS HA/DR5.1WINPCPU TIER 2 ESS REW BAND-D;CS HA/DR5.1WINPCPU TIER 2 ESS REW BAND-D;;;;79;;
1;3;2094;1;660,2517;536,79;CS HA/DR5.1WINPCPU TIER 2 ESS REW BAND-E;21019778;;CS HA/DR5.1WINPCPU TIER 2 ESS REW BAND-E;CS HA/DR5.1WINPCPU TIER 2 ESS REW BAND-E;CS HA/DR5.1WINPCPU TIER 2 ESS REW BAND-E;CS HA/DR5.1WINPCPU TIER 2 ESS REW BAND-E;;;;79;;
1;3;2094;1;2703,9705;2198,35;CS HA/DR5.1WIN TIER 3 STD LIC REW BAND-E;21019781;;CS HA/DR5.1WIN TIER 3 STD LIC REW BAND-E;CS HA/DR5.1WIN TIER 3 STD LIC REW BAND-E;CS HA/DR5.1WIN TIER 3 STD LIC REW BAND-E;CS HA/DR5.1WIN TIER 3 STD LIC REW BAND-E;;;;79;;
1;3;2094;1;695,8971;565,77;CS HA/DR5.1WINPCPU TIER 3 BAS REW BAND-B;21019783;;CS HA/DR5.1WINPCPU TIER 3 BAS REW BAND-B;CS HA/DR5.1WINPCPU TIER 3 BAS REW BAND-B;CS HA/DR5.1WINPCPU TIER 3 BAS REW BAND-B;CS HA/DR5.1WINPCPU TIER 3 BAS REW BAND-B;;;;79;;
1;3;2094;1;889,2285;722,95;CS HA/DR5.1WINPCPU TIER 3 ESS REW BAND-B;21019785;;CS HA/DR5.1WINPCPU TIER 3 ESS REW BAND-B;CS HA/DR5.1WINPCPU TIER 3 ESS REW BAND-B;CS HA/DR5.1WINPCPU TIER 3 ESS REW BAND-B;CS HA/DR5.1WINPCPU TIER 3 ESS REW BAND-B;;;;79;;
1;3;2094;1;844,764;686,8;CS HA/DR5.1WINPCPU TIER 3 ESS REW BAND-D;21019786;;CS HA/DR5.1WINPCPU TIER 3 ESS REW BAND-D;CS HA/DR5.1WINPCPU TIER 3 ESS REW BAND-D;CS HA/DR5.1WINPCPU TIER 3 ESS REW BAND-D;CS HA/DR5.1WINPCPU TIER 3 ESS REW BAND-D;;;;79;;
1;3;2094;1;889,2285;722,95;CS HA/DR5.1WINPCPU TIER 3 ESS EXP BAND-S;21019787;;CS HA/DR5.1WINPCPU TIER 3 ESS EXP BAND-S;CS HA/DR5.1WINPCPU TIER 3 ESS EXP BAND-S;CS HA/DR5.1WINPCPU TIER 3 ESS EXP BAND-S;CS HA/DR5.1WINPCPU TIER 3 ESS EXP BAND-S;;;;79;;
1;3;2094;1;889,2285;722,95;CS HA/DR5.1WINPCPU TIER 3 ESS ACD BAND-S;21019788;;CS HA/DR5.1WINPCPU TIER 3 ESS ACD BAND-S;CS HA/DR5.1WINPCPU TIER 3 ESS ACD BAND-S;CS HA/DR5.1WINPCPU TIER 3 ESS ACD BAND-S;CS HA/DR5.1WINPCPU TIER 3 ESS ACD BAND-S;;;;79;;
1;3;2094;1;499,872;406,4;REW TSPP CLST SVR HA/DR 5.1 WIN CPU T3 BAS 12M C;21019789;;REW TSPP CLST SVR HA/DR 5.1 WIN CPU T3 BAS 12M C;REW TSPP CLST SVR HA/DR 5.1 WIN CPU T3 BAS 12M C;REW TSPP CLST SVR HA/DR 5.1 WIN CPU T3 BAS 12M C;REW TSPP CLST SVR HA/DR 5.1 WIN CPU T3 BAS 12M C;;;;79;;
1;3;2094;1;2346,5448;1907,76;CS HA/DR5.1WIN TIER 2 STD LIC EXP BAND-S;21019796;;CS HA/DR5.1WIN TIER 2 STD LIC EXP BAND-S;CS HA/DR5.1WIN TIER 2 STD LIC EXP BAND-S;CS HA/DR5.1WIN TIER 2 STD LIC EXP BAND-S;CS HA/DR5.1WIN TIER 2 STD LIC EXP BAND-S;;;;79;;
1;3;2094;1;713,8182;580,34;CS HA/DR5.1WINPCPU TIER 2 ESS ACD BAND-S;21019797;;CS HA/DR5.1WINPCPU TIER 2 ESS ACD BAND-S;CS HA/DR5.1WINPCPU TIER 2 ESS ACD BAND-S;CS HA/DR5.1WINPCPU TIER 2 ESS ACD BAND-S;CS HA/DR5.1WINPCPU TIER 2 ESS ACD BAND-S;;;;79;;
1;3;2094;1;539,7117;438,79;REW TSPP CLST SVR HA/DR 5.1 WIN CPU T2 ESS 12M B;21019800;;REW TSPP CLST SVR HA/DR 5.1 WIN CPU T2 ESS 12M B;REW TSPP CLST SVR HA/DR 5.1 WIN CPU T2 ESS 12M B;REW TSPP CLST SVR HA/DR 5.1 WIN CPU T2 ESS 12M B;REW TSPP CLST SVR HA/DR 5.1 WIN CPU T2 ESS 12M B;;;;79;;
1;3;2094;1;512,7132;416,84;REW TSPP CLST SVR HA/DR 5.1 WIN CPU T2 ESS 12M D;21019801;;REW TSPP CLST SVR HA/DR 5.1 WIN CPU T2 ESS 12M D;REW TSPP CLST SVR HA/DR 5.1 WIN CPU T2 ESS 12M D;REW TSPP CLST SVR HA/DR 5.1 WIN CPU T2 ESS 12M D;REW TSPP CLST SVR HA/DR 5.1 WIN CPU T2 ESS 12M D;;;;79;;
1;3;2094;1;499,2324;405,88;REW TSPP CLST SVR HA/DR 5.1 WIN CPU T2 ESS 12M E;21019802;;REW TSPP CLST SVR HA/DR 5.1 WIN CPU T2 ESS 12M E;REW TSPP CLST SVR HA/DR 5.1 WIN CPU T2 ESS 12M E;REW TSPP CLST SVR HA/DR 5.1 WIN CPU T2 ESS 12M E;REW TSPP CLST SVR HA/DR 5.1 WIN CPU T2 ESS 12M E;;;;79;;
1;3;2094;1;672,3426;546,62;REW TSPP CLST SVR HA/DR 5.1 WIN CPU T3 ESS 12M A;21019804;;REW TSPP CLST SVR HA/DR 5.1 WIN CPU T3 ESS 12M A;REW TSPP CLST SVR HA/DR 5.1 WIN CPU T3 ESS 12M A;REW TSPP CLST SVR HA/DR 5.1 WIN CPU T3 ESS 12M A;REW TSPP CLST SVR HA/DR 5.1 WIN CPU T3 ESS 12M A;;;;79;;
1;3;2094;1;672,3426;546,62;AE TSPP CLST SVR HA/DR 5.1 WIN CPU T3 ESS 12M S;21019805;;AE TSPP CLST SVR HA/DR 5.1 WIN CPU T3 ESS 12M S;AE TSPP CLST SVR HA/DR 5.1 WIN CPU T3 ESS 12M S;AE TSPP CLST SVR HA/DR 5.1 WIN CPU T3 ESS 12M S;AE TSPP CLST SVR HA/DR 5.1 WIN CPU T3 ESS 12M S;;;;79;;
1;3;2094;1;1801,2735;1464,45;CS HA/DR5.1WIN TIER 1 STD LIC REW BAND-E;21019806;;CS HA/DR5.1WIN TIER 1 STD LIC REW BAND-E;CS HA/DR5.1WIN TIER 1 STD LIC REW BAND-E;CS HA/DR5.1WIN TIER 1 STD LIC REW BAND-E;CS HA/DR5.1WIN TIER 1 STD LIC REW BAND-E;;;;79;;
1;3;2094;1;440,4261;358,07;CS HA/DR5.1WINPCPU TIER 1 BAS REW BAND-D;21019807;;CS HA/DR5.1WINPCPU TIER 1 BAS REW BAND-D;CS HA/DR5.1WINPCPU TIER 1 BAS REW BAND-D;CS HA/DR5.1WINPCPU TIER 1 BAS REW BAND-D;CS HA/DR5.1WINPCPU TIER 1 BAS REW BAND-D;;;;79;;
1;3;2094;1;547,9404;445,48;CS HA/DR5.1WINPCPU TIER 1 ESS REW BAND-E;21019808;;CS HA/DR5.1WINPCPU TIER 1 ESS REW BAND-E;CS HA/DR5.1WINPCPU TIER 1 ESS REW BAND-E;CS HA/DR5.1WINPCPU TIER 1 ESS REW BAND-E;CS HA/DR5.1WINPCPU TIER 1 ESS REW BAND-E;;;;79;;
1;3;2094;1;350,5254;284,98;GOV TSPP CLST SVR HA/DR 5.1 WIN CPU T1 BAS 12M S;21019809;;GOV TSPP CLST SVR HA/DR 5.1 WIN CPU T1 BAS 12M S;GOV TSPP CLST SVR HA/DR 5.1 WIN CPU T1 BAS 12M S;GOV TSPP CLST SVR HA/DR 5.1 WIN CPU T1 BAS 12M S;GOV TSPP CLST SVR HA/DR 5.1 WIN CPU T1 BAS 12M S;;;;79;;
1;3;2094;1;350,5254;284,98;AE TSPP CLST SVR HA/DR 5.1 WIN CPU T1 BAS 12M S;21019810;;AE TSPP CLST SVR HA/DR 5.1 WIN CPU T1 BAS 12M S;AE TSPP CLST SVR HA/DR 5.1 WIN CPU T1 BAS 12M S;AE TSPP CLST SVR HA/DR 5.1 WIN CPU T1 BAS 12M S;AE TSPP CLST SVR HA/DR 5.1 WIN CPU T1 BAS 12M S;;;;79;;
1;3;2094;1;414,2886;336,82;REW TSPP CLST SVR HA/DR 5.1 WIN CPU T1 ESS 12M E;21019811;;REW TSPP CLST SVR HA/DR 5.1 WIN CPU T1 ESS 12M E;REW TSPP CLST SVR HA/DR 5.1 WIN CPU T1 ESS 12M E;REW TSPP CLST SVR HA/DR 5.1 WIN CPU T1 ESS 12M E;REW TSPP CLST SVR HA/DR 5.1 WIN CPU T1 ESS 12M E;;;;79;;
1;3;2094;1;447,8799;364,13;AE TSPP CLST SVR HA/DR 5.1 WIN CPU T1 ESS 12M S;21019812;;AE TSPP CLST SVR HA/DR 5.1 WIN CPU T1 ESS 12M S;AE TSPP CLST SVR HA/DR 5.1 WIN CPU T1 ESS 12M S;AE TSPP CLST SVR HA/DR 5.1 WIN CPU T1 ESS 12M S;AE TSPP CLST SVR HA/DR 5.1 WIN CPU T1 ESS 12M S;;;;79;;
1;3;2094;1;530,7204;431,48;CS HA/DR5.1WINPCPU TIER 2 BAS REW BAND-C;21019813;;CS HA/DR5.1WINPCPU TIER 2 BAS REW BAND-C;CS HA/DR5.1WINPCPU TIER 2 BAS REW BAND-C;CS HA/DR5.1WINPCPU TIER 2 BAS REW BAND-C;CS HA/DR5.1WINPCPU TIER 2 BAS REW BAND-C;;;;79;;
1;3;2094;1;713,8182;580,34;CS HA/DR5.1WINPCPU TIER 2 ESS REW BAND-B;21019814;;CS HA/DR5.1WINPCPU TIER 2 ESS REW BAND-B;CS HA/DR5.1WINPCPU TIER 2 ESS REW BAND-B;CS HA/DR5.1WINPCPU TIER 2 ESS REW BAND-B;CS HA/DR5.1WINPCPU TIER 2 ESS REW BAND-B;;;;79;;
1;3;2094;1;713,8182;580,34;CS HA/DR5.1WINPCPU TIER 2 ESS GOV BAND-S;21019815;;CS HA/DR5.1WINPCPU TIER 2 ESS GOV BAND-S;CS HA/DR5.1WINPCPU TIER 2 ESS GOV BAND-S;CS HA/DR5.1WINPCPU TIER 2 ESS GOV BAND-S;CS HA/DR5.1WINPCPU TIER 2 ESS GOV BAND-S;;;;79;;
1;3;2094;1;422,3697;343,39;REW TSPP CLST SVR HA/DR 5.1 WIN CPU T2 BAS 12M A;21019816;;REW TSPP CLST SVR HA/DR 5.1 WIN CPU T2 BAS 12M A;REW TSPP CLST SVR HA/DR 5.1 WIN CPU T2 BAS 12M A;REW TSPP CLST SVR HA/DR 5.1 WIN CPU T2 BAS 12M A;REW TSPP CLST SVR HA/DR 5.1 WIN CPU T2 BAS 12M A;;;;79;;
1;3;2094;1;390,6972;317,64;REW TSPP CLST SVR HA/DR 5.1 WIN CPU T2 BAS 12M E;21019817;;REW TSPP CLST SVR HA/DR 5.1 WIN CPU T2 BAS 12M E;REW TSPP CLST SVR HA/DR 5.1 WIN CPU T2 BAS 12M E;REW TSPP CLST SVR HA/DR 5.1 WIN CPU T2 BAS 12M E;REW TSPP CLST SVR HA/DR 5.1 WIN CPU T2 BAS 12M E;;;;79;;
1;3;2094;1;422,3697;343,39;AE TSPP CLST SVR HA/DR 5.1 WIN CPU T2 BAS 12M S;21019818;;AE TSPP CLST SVR HA/DR 5.1 WIN CPU T2 BAS 12M S;AE TSPP CLST SVR HA/DR 5.1 WIN CPU T2 BAS 12M S;AE TSPP CLST SVR HA/DR 5.1 WIN CPU T2 BAS 12M S;AE TSPP CLST SVR HA/DR 5.1 WIN CPU T2 BAS 12M S;;;;79;;
1;3;2094;1;2923,1934;2376,58;CS HA/DR5.1WIN TIER 3 STD LIC REW BAND-B;21019823;;CS HA/DR5.1WIN TIER 3 STD LIC REW BAND-B;CS HA/DR5.1WIN TIER 3 STD LIC REW BAND-B;CS HA/DR5.1WIN TIER 3 STD LIC REW BAND-B;CS HA/DR5.1WIN TIER 3 STD LIC REW BAND-B;;;;79;;
1;3;2094;1;643,7328;523,36;CS HA/DR5.1WINPCPU TIER 3 BAS REW BAND-E;21019825;;CS HA/DR5.1WINPCPU TIER 3 BAS REW BAND-E;CS HA/DR5.1WINPCPU TIER 3 BAS REW BAND-E;CS HA/DR5.1WINPCPU TIER 3 BAS REW BAND-E;CS HA/DR5.1WINPCPU TIER 3 BAS REW BAND-E;;;;79;;
1;3;2094;1;822,5256;668,72;CS HA/DR5.1WINPCPU TIER 3 ESS REW BAND-E;21019826;;CS HA/DR5.1WINPCPU TIER 3 ESS REW BAND-E;CS HA/DR5.1WINPCPU TIER 3 ESS REW BAND-E;CS HA/DR5.1WINPCPU TIER 3 ESS REW BAND-E;CS HA/DR5.1WINPCPU TIER 3 ESS REW BAND-E;;;;79;;
1;3;2094;1;486,711;395,7;REW TSPP CLST SVR HA/DR 5.1 WIN CPU T3 BAS 12M E;21019828;;REW TSPP CLST SVR HA/DR 5.1 WIN CPU T3 BAS 12M E;REW TSPP CLST SVR HA/DR 5.1 WIN CPU T3 BAS 12M E;REW TSPP CLST SVR HA/DR 5.1 WIN CPU T3 BAS 12M E;REW TSPP CLST SVR HA/DR 5.1 WIN CPU T3 BAS 12M E;;;;79;;
1;3;2094;1;526,1694;427,78;AE TSPP CLST SVR HA/DR 5.1 WIN CPU T3 BAS 12M S;21019829;;AE TSPP CLST SVR HA/DR 5.1 WIN CPU T3 BAS 12M S;AE TSPP CLST SVR HA/DR 5.1 WIN CPU T3 BAS 12M S;AE TSPP CLST SVR HA/DR 5.1 WIN CPU T3 BAS 12M S;AE TSPP CLST SVR HA/DR 5.1 WIN CPU T3 BAS 12M S;;;;79;;
1;3;2094;1;539,7117;438,79;EXP TSPP CLST SVR HA/DR 5.1 WIN CPU T2 ESS 12M S;21019831;;EXP TSPP CLST SVR HA/DR 5.1 WIN CPU T2 ESS 12M S;EXP TSPP CLST SVR HA/DR 5.1 WIN CPU T2 ESS 12M S;EXP TSPP CLST SVR HA/DR 5.1 WIN CPU T2 ESS 12M S;EXP TSPP CLST SVR HA/DR 5.1 WIN CPU T2 ESS 12M S;;;;79;;
1;3;2094;1;2777,0571;2257,77;CS HA/DR5.1WIN TIER 3 STD LIC REW BAND-D;21019832;;CS HA/DR5.1WIN TIER 3 STD LIC REW BAND-D;CS HA/DR5.1WIN TIER 3 STD LIC REW BAND-D;CS HA/DR5.1WIN TIER 3 STD LIC REW BAND-D;CS HA/DR5.1WIN TIER 3 STD LIC REW BAND-D;;;;79;;
1;3;2094;1;844,764;686,8;CS HA/DR5.1WINPCPU TIER 3 ESS REW BAND-C;21019833;;CS HA/DR5.1WINPCPU TIER 3 ESS REW BAND-C;CS HA/DR5.1WINPCPU TIER 3 ESS REW BAND-C;CS HA/DR5.1WINPCPU TIER 3 ESS REW BAND-C;CS HA/DR5.1WINPCPU TIER 3 ESS REW BAND-C;;;;79;;
1;3;2094;1;621,9126;505,62;REW TSPP CLST SVR HA/DR 5.1 WIN CPU T3 ESS 12M E;21019837;;REW TSPP CLST SVR HA/DR 5.1 WIN CPU T3 ESS 12M E;REW TSPP CLST SVR HA/DR 5.1 WIN CPU T3 ESS 12M E;REW TSPP CLST SVR HA/DR 5.1 WIN CPU T3 ESS 12M E;REW TSPP CLST SVR HA/DR 5.1 WIN CPU T3 ESS 12M E;;;;79;;
1;3;2094;1;672,3426;546,62;GOV TSPP CLST SVR HA/DR 5.1 WIN CPU T3 ESS 12M S;21019838;;GOV TSPP CLST SVR HA/DR 5.1 WIN CPU T3 ESS 12M S;GOV TSPP CLST SVR HA/DR 5.1 WIN CPU T3 ESS 12M S;GOV TSPP CLST SVR HA/DR 5.1 WIN CPU T3 ESS 12M S;GOV TSPP CLST SVR HA/DR 5.1 WIN CPU T3 ESS 12M S;;;;79;;
1;3;2094;1;1947,3237;1583,19;CS HA/DR5.1WIN TIER 1 STD LIC REW BAND-A;21019844;;CS HA/DR5.1WIN TIER 1 STD LIC REW BAND-A;CS HA/DR5.1WIN TIER 1 STD LIC REW BAND-A;CS HA/DR5.1WIN TIER 1 STD LIC REW BAND-A;CS HA/DR5.1WIN TIER 1 STD LIC REW BAND-A;;;;79;;
1;3;2094;1;1947,3237;1583,19;CS HA/DR5.1WIN TIER 1 STD LIC EXP BAND-S;21019845;;CS HA/DR5.1WIN TIER 1 STD LIC EXP BAND-S;CS HA/DR5.1WIN TIER 1 STD LIC EXP BAND-S;CS HA/DR5.1WIN TIER 1 STD LIC EXP BAND-S;CS HA/DR5.1WIN TIER 1 STD LIC EXP BAND-S;;;;79;;
1;3;2094;1;428,8272;348,64;CS HA/DR5.1WINPCPU TIER 1 BAS REW BAND-E;21019847;;CS HA/DR5.1WINPCPU TIER 1 BAS REW BAND-E;CS HA/DR5.1WINPCPU TIER 1 BAS REW BAND-E;CS HA/DR5.1WINPCPU TIER 1 BAS REW BAND-E;CS HA/DR5.1WINPCPU TIER 1 BAS REW BAND-E;;;;79;;
1;3;2094;1;463,587;376,9;CS HA/DR5.1WINPCPU TIER 1 BAS GOV BAND-S;21019848;;CS HA/DR5.1WINPCPU TIER 1 BAS GOV BAND-S;CS HA/DR5.1WINPCPU TIER 1 BAS GOV BAND-S;CS HA/DR5.1WINPCPU TIER 1 BAS GOV BAND-S;CS HA/DR5.1WINPCPU TIER 1 BAS GOV BAND-S;;;;79;;
1;3;2094;1;463,587;376,9;CS HA/DR5.1WINPCPU TIER 1 BAS ACD BAND-S;21019849;;CS HA/DR5.1WINPCPU TIER 1 BAS ACD BAND-S;CS HA/DR5.1WINPCPU TIER 1 BAS ACD BAND-S;CS HA/DR5.1WINPCPU TIER 1 BAS ACD BAND-S;CS HA/DR5.1WINPCPU TIER 1 BAS ACD BAND-S;;;;79;;
1;3;2094;1;592,368;481,6;CS HA/DR5.1WINPCPU TIER 1 ESS REW BAND-A;21019850;;CS HA/DR5.1WINPCPU TIER 1 ESS REW BAND-A;CS HA/DR5.1WINPCPU TIER 1 ESS REW BAND-A;CS HA/DR5.1WINPCPU TIER 1 ESS REW BAND-A;CS HA/DR5.1WINPCPU TIER 1 ESS REW BAND-A;;;;79;;
1;3;2094;1;592,368;481,6;CS HA/DR5.1WINPCPU TIER 1 ESS GOV BAND-S;21019851;;CS HA/DR5.1WINPCPU TIER 1 ESS GOV BAND-S;CS HA/DR5.1WINPCPU TIER 1 ESS GOV BAND-S;CS HA/DR5.1WINPCPU TIER 1 ESS GOV BAND-S;CS HA/DR5.1WINPCPU TIER 1 ESS GOV BAND-S;;;;79;;
1;3;2094;1;447,8799;364,13;REW TSPP CLST SVR HA/DR 5.1 WIN CPU T1 ESS 12M A;21019852;;REW TSPP CLST SVR HA/DR 5.1 WIN CPU T1 ESS 12M A;REW TSPP CLST SVR HA/DR 5.1 WIN CPU T1 ESS 12M A;REW TSPP CLST SVR HA/DR 5.1 WIN CPU T1 ESS 12M A;REW TSPP CLST SVR HA/DR 5.1 WIN CPU T1 ESS 12M A;;;;79;;
1;3;2094;1;2229,2151;1812,37;CS HA/DR5.1WIN TIER 2 STD LIC REW BAND-C;21019853;;CS HA/DR5.1WIN TIER 2 STD LIC REW BAND-C;CS HA/DR5.1WIN TIER 2 STD LIC REW BAND-C;CS HA/DR5.1WIN TIER 2 STD LIC REW BAND-C;CS HA/DR5.1WIN TIER 2 STD LIC REW BAND-C;;;;79;;
1;3;2094;1;2229,2151;1812,37;CS HA/DR5.1WIN TIER 2 STD LIC REW BAND-D;21019854;;CS HA/DR5.1WIN TIER 2 STD LIC REW BAND-D;CS HA/DR5.1WIN TIER 2 STD LIC REW BAND-D;CS HA/DR5.1WIN TIER 2 STD LIC REW BAND-D;CS HA/DR5.1WIN TIER 2 STD LIC REW BAND-D;;;;79;;
1;3;2094;1;324,228;263,6;REW TSPP CLST SVR HA/DR 5.1 WIN CPU T1 BAS 12M E;21019855;;REW TSPP CLST SVR HA/DR 5.1 WIN CPU T1 BAS 12M E;REW TSPP CLST SVR HA/DR 5.1 WIN CPU T1 BAS 12M E;REW TSPP CLST SVR HA/DR 5.1 WIN CPU T1 BAS 12M E;REW TSPP CLST SVR HA/DR 5.1 WIN CPU T1 BAS 12M E;;;;79;;
1;3;2094;1;233,6385;189,95;REW TSPP STOR FOUND 5.1 WIN PER CPU T3 ESS 12M A;21019859;;REW TSPP STOR FOUND 5.1 WIN PER CPU T3 ESS 12M A;REW TSPP STOR FOUND 5.1 WIN PER CPU T3 ESS 12M A;REW TSPP STOR FOUND 5.1 WIN PER CPU T3 ESS 12M A;REW TSPP STOR FOUND 5.1 WIN PER CPU T3 ESS 12M A;;;;79;;
1;3;2094;1;233,6385;189,95;REW TSPP STOR FOUND 5.1 WIN PER CPU T3 ESS 12M B;21019860;;REW TSPP STOR FOUND 5.1 WIN PER CPU T3 ESS 12M B;REW TSPP STOR FOUND 5.1 WIN PER CPU T3 ESS 12M B;REW TSPP STOR FOUND 5.1 WIN PER CPU T3 ESS 12M B;REW TSPP STOR FOUND 5.1 WIN PER CPU T3 ESS 12M B;;;;79;;
1;3;2094;1;221,9412;180,44;REW TSPP STOR FOUND 5.1 WIN PER CPU T3 ESS 12M D;21019861;;REW TSPP STOR FOUND 5.1 WIN PER CPU T3 ESS 12M D;REW TSPP STOR FOUND 5.1 WIN PER CPU T3 ESS 12M D;REW TSPP STOR FOUND 5.1 WIN PER CPU T3 ESS 12M D;REW TSPP STOR FOUND 5.1 WIN PER CPU T3 ESS 12M D;;;;79;;
1;3;2094;1;149,4819;121,53;SF 5.1 WINPCPU TIER 1 BAS REW BAND-D;21019862;;SF 5.1 WINPCPU TIER 1 BAS REW BAND-D;SF 5.1 WINPCPU TIER 1 BAS REW BAND-D;SF 5.1 WINPCPU TIER 1 BAS REW BAND-D;SF 5.1 WINPCPU TIER 1 BAS REW BAND-D;;;;79;;
1;3;2094;1;157,3539;127,93;SF 5.1 WINPCPU TIER 1 BAS EXP BAND-S;21019863;;SF 5.1 WINPCPU TIER 1 BAS EXP BAND-S;SF 5.1 WINPCPU TIER 1 BAS EXP BAND-S;SF 5.1 WINPCPU TIER 1 BAS EXP BAND-S;SF 5.1 WINPCPU TIER 1 BAS EXP BAND-S;;;;79;;
1;3;2094;1;190,9944;155,28;SF 5.1 WINPCPU TIER 1 ESS REW BAND-D;21019864;;SF 5.1 WINPCPU TIER 1 ESS REW BAND-D;SF 5.1 WINPCPU TIER 1 ESS REW BAND-D;SF 5.1 WINPCPU TIER 1 ESS REW BAND-D;SF 5.1 WINPCPU TIER 1 ESS REW BAND-D;;;;79;;
1;3;2094;1;185,976;151,2;SF 5.1 WINPCPU TIER 1 ESS REW BAND-E;21019865;;SF 5.1 WINPCPU TIER 1 ESS REW BAND-E;SF 5.1 WINPCPU TIER 1 ESS REW BAND-E;SF 5.1 WINPCPU TIER 1 ESS REW BAND-E;SF 5.1 WINPCPU TIER 1 ESS REW BAND-E;;;;79;;
1;3;2094;1;201,0558;163,46;SF 5.1 WINPCPU TIER 1 ESS GOV BAND-S;21019866;;SF 5.1 WINPCPU TIER 1 ESS GOV BAND-S;SF 5.1 WINPCPU TIER 1 ESS GOV BAND-S;SF 5.1 WINPCPU TIER 1 ESS GOV BAND-S;SF 5.1 WINPCPU TIER 1 ESS GOV BAND-S;;;;79;;
1;3;2094;1;201,0558;163,46;SF 5.1 WINPCPU TIER 1 ESS ACD BAND-S;21019867;;SF 5.1 WINPCPU TIER 1 ESS ACD BAND-S;SF 5.1 WINPCPU TIER 1 ESS ACD BAND-S;SF 5.1 WINPCPU TIER 1 ESS ACD BAND-S;SF 5.1 WINPCPU TIER 1 ESS ACD BAND-S;;;;79;;
1;3;2094;1;118,9656;96,72;EXP TSPP STOR FOUND 5.1 WIN PER CPU T1 BAS 12M S;21019868;;EXP TSPP STOR FOUND 5.1 WIN PER CPU T1 BAS 12M S;EXP TSPP STOR FOUND 5.1 WIN PER CPU T1 BAS 12M S;EXP TSPP STOR FOUND 5.1 WIN PER CPU T1 BAS 12M S;EXP TSPP STOR FOUND 5.1 WIN PER CPU T1 BAS 12M S;;;;79;;
1;3;2094;1;152,028;123,6;REW TSPP STOR FOUND 5.1 WIN PER CPU T1 ESS 12M A;21019871;;REW TSPP STOR FOUND 5.1 WIN PER CPU T1 ESS 12M A;REW TSPP STOR FOUND 5.1 WIN PER CPU T1 ESS 12M A;REW TSPP STOR FOUND 5.1 WIN PER CPU T1 ESS 12M A;REW TSPP STOR FOUND 5.1 WIN PER CPU T1 ESS 12M A;;;;79;;
1;3;2094;1;152,028;123,6;REW TSPP STOR FOUND 5.1 WIN PER CPU T1 ESS 12M B;21019872;;REW TSPP STOR FOUND 5.1 WIN PER CPU T1 ESS 12M B;REW TSPP STOR FOUND 5.1 WIN PER CPU T1 ESS 12M B;REW TSPP STOR FOUND 5.1 WIN PER CPU T1 ESS 12M B;REW TSPP STOR FOUND 5.1 WIN PER CPU T1 ESS 12M B;;;;79;;
1;3;2094;1;144,4143;117,41;REW TSPP STOR FOUND 5.1 WIN PER CPU T1 ESS 12M D;21019873;;REW TSPP STOR FOUND 5.1 WIN PER CPU T1 ESS 12M D;REW TSPP STOR FOUND 5.1 WIN PER CPU T1 ESS 12M D;REW TSPP STOR FOUND 5.1 WIN PER CPU T1 ESS 12M D;REW TSPP STOR FOUND 5.1 WIN PER CPU T1 ESS 12M D;;;;79;;
1;3;2094;1;754,3221;613,27;SF5.1WINPCPU TIER 2 STD LIC REW BAND-C;21019874;;SF5.1WINPCPU TIER 2 STD LIC REW BAND-C;SF5.1WINPCPU TIER 2 STD LIC REW BAND-C;SF5.1WINPCPU TIER 2 STD LIC REW BAND-C;SF5.1WINPCPU TIER 2 STD LIC REW BAND-C;;;;79;;
1;3;2094;1;142,9137;116,19;AE TSPP STOR FOUND 5.1 WIN PER CPU T2 BAS 12M S;21019875;;AE TSPP STOR FOUND 5.1 WIN PER CPU T2 BAS 12M S;AE TSPP STOR FOUND 5.1 WIN PER CPU T2 BAS 12M S;AE TSPP STOR FOUND 5.1 WIN PER CPU T2 BAS 12M S;AE TSPP STOR FOUND 5.1 WIN PER CPU T2 BAS 12M S;;;;79;;
1;3;2094;1;939,6093;763,91;SF5.1WINPCPU TIER 3 STD LIC REW BAND-E;21019878;;SF5.1WINPCPU TIER 3 STD LIC REW BAND-E;SF5.1WINPCPU TIER 3 STD LIC REW BAND-E;SF5.1WINPCPU TIER 3 STD LIC REW BAND-E;SF5.1WINPCPU TIER 3 STD LIC REW BAND-E;;;;79;;
1;3;2094;1;241,8303;196,61;SF 5.1 WINPCPU TIER 3 BAS REW BAND-A;21019879;;SF 5.1 WINPCPU TIER 3 BAS REW BAND-A;SF 5.1 WINPCPU TIER 3 BAS REW BAND-A;SF 5.1 WINPCPU TIER 3 BAS REW BAND-A;SF 5.1 WINPCPU TIER 3 BAS REW BAND-A;;;;79;;
1;3;2094;1;293,5518;238,66;SF 5.1 WINPCPU TIER 3 ESS REW BAND-D;21019880;;SF 5.1 WINPCPU TIER 3 ESS REW BAND-D;SF 5.1 WINPCPU TIER 3 ESS REW BAND-D;SF 5.1 WINPCPU TIER 3 ESS REW BAND-D;SF 5.1 WINPCPU TIER 3 ESS REW BAND-D;;;;79;;
1;3;2094;1;309,0129;251,23;SF 5.1 WINPCPU TIER 3 ESS EXP BAND-S;21019881;;SF 5.1 WINPCPU TIER 3 ESS EXP BAND-S;SF 5.1 WINPCPU TIER 3 ESS EXP BAND-S;SF 5.1 WINPCPU TIER 3 ESS EXP BAND-S;SF 5.1 WINPCPU TIER 3 ESS EXP BAND-S;;;;79;;
1;3;2094;1;182,8518;148,66;AE TSPP STOR FOUND 5.1 WIN PER CPU T3 BAS 12M S;21019882;;AE TSPP STOR FOUND 5.1 WIN PER CPU T3 BAS 12M S;AE TSPP STOR FOUND 5.1 WIN PER CPU T3 BAS 12M S;AE TSPP STOR FOUND 5.1 WIN PER CPU T3 BAS 12M S;AE TSPP STOR FOUND 5.1 WIN PER CPU T3 BAS 12M S;;;;79;;
1;3;2094;1;794,0019;645,53;SF5.1WINPCPU TIER 2 STD LIC GOV BAND-S;21019888;;SF5.1WINPCPU TIER 2 STD LIC GOV BAND-S;SF5.1WINPCPU TIER 2 STD LIC GOV BAND-S;SF5.1WINPCPU TIER 2 STD LIC GOV BAND-S;SF5.1WINPCPU TIER 2 STD LIC GOV BAND-S;;;;79;;
1;3;2094;1;794,0019;645,53;SF5.1WINPCPU TIER 2 STD LIC ACD BAND-S;21019889;;SF5.1WINPCPU TIER 2 STD LIC ACD BAND-S;SF5.1WINPCPU TIER 2 STD LIC ACD BAND-S;SF5.1WINPCPU TIER 2 STD LIC ACD BAND-S;SF5.1WINPCPU TIER 2 STD LIC ACD BAND-S;;;;79;;
1;3;2094;1;233,6385;189,95;AE TSPP STOR FOUND 5.1 WIN PER CPU T3 ESS 12M S;21019894;;AE TSPP STOR FOUND 5.1 WIN PER CPU T3 ESS 12M S;AE TSPP STOR FOUND 5.1 WIN PER CPU T3 ESS 12M S;AE TSPP STOR FOUND 5.1 WIN PER CPU T3 ESS 12M S;AE TSPP STOR FOUND 5.1 WIN PER CPU T3 ESS 12M S;;;;79;;
1;3;2094;1;201,0558;163,46;SF 5.1 WINPCPU TIER 1 ESS REW BAND-B;21019896;;SF 5.1 WINPCPU TIER 1 ESS REW BAND-B;SF 5.1 WINPCPU TIER 1 ESS REW BAND-B;SF 5.1 WINPCPU TIER 1 ESS REW BAND-B;SF 5.1 WINPCPU TIER 1 ESS REW BAND-B;;;;79;;
1;3;2094;1;173,5038;141,06;REW TSPP STOR FOUND 5.1 WIN PER CPU T2 ESS 12M D;21019900;;REW TSPP STOR FOUND 5.1 WIN PER CPU T2 ESS 12M D;REW TSPP STOR FOUND 5.1 WIN PER CPU T2 ESS 12M D;REW TSPP STOR FOUND 5.1 WIN PER CPU T2 ESS 12M D;REW TSPP STOR FOUND 5.1 WIN PER CPU T2 ESS 12M D;;;;79;;
1;3;2094;1;182,6304;148,48;EXP TSPP STOR FOUND 5.1 WIN PER CPU T2 ESS 12M S;21019902;;EXP TSPP STOR FOUND 5.1 WIN PER CPU T2 ESS 12M S;EXP TSPP STOR FOUND 5.1 WIN PER CPU T2 ESS 12M S;EXP TSPP STOR FOUND 5.1 WIN PER CPU T2 ESS 12M S;EXP TSPP STOR FOUND 5.1 WIN PER CPU T2 ESS 12M S;;;;79;;
1;3;2094;1;1015,7955;825,85;SF5.1WINPCPU TIER 3 STD LIC REW BAND-A;21019903;;SF5.1WINPCPU TIER 3 STD LIC REW BAND-A;SF5.1WINPCPU TIER 3 STD LIC REW BAND-A;SF5.1WINPCPU TIER 3 STD LIC REW BAND-A;SF5.1WINPCPU TIER 3 STD LIC REW BAND-A;;;;79;;
1;3;2094;1;229,7394;186,78;SF 5.1 WINPCPU TIER 3 BAS REW BAND-C;21019904;;SF 5.1 WINPCPU TIER 3 BAS REW BAND-C;SF 5.1 WINPCPU TIER 3 BAS REW BAND-C;SF 5.1 WINPCPU TIER 3 BAS REW BAND-C;SF 5.1 WINPCPU TIER 3 BAS REW BAND-C;;;;79;;
1;3;2094;1;223,6755;181,85;SF 5.1 WINPCPU TIER 3 BAS REW BAND-E;21019905;;SF 5.1 WINPCPU TIER 3 BAS REW BAND-E;SF 5.1 WINPCPU TIER 3 BAS REW BAND-E;SF 5.1 WINPCPU TIER 3 BAS REW BAND-E;SF 5.1 WINPCPU TIER 3 BAS REW BAND-E;;;;79;;
1;3;2094;1;285,8274;232,38;SF 5.1 WINPCPU TIER 3 ESS REW BAND-E;21019906;;SF 5.1 WINPCPU TIER 3 ESS REW BAND-E;SF 5.1 WINPCPU TIER 3 ESS REW BAND-E;SF 5.1 WINPCPU TIER 3 ESS REW BAND-E;SF 5.1 WINPCPU TIER 3 ESS REW BAND-E;;;;79;;
1;3;2094;1;182,8518;148,66;REW TSPP STOR FOUND 5.1 WIN PER CPU T3 BAS 12M A;21019907;;REW TSPP STOR FOUND 5.1 WIN PER CPU T3 BAS 12M A;REW TSPP STOR FOUND 5.1 WIN PER CPU T3 BAS 12M A;REW TSPP STOR FOUND 5.1 WIN PER CPU T3 BAS 12M A;REW TSPP STOR FOUND 5.1 WIN PER CPU T3 BAS 12M A;;;;79;;
1;3;2094;1;660,9405;537,35;SF5.1WINPCPU TIER 1 STD LIC REW BAND-A;21019912;;SF5.1WINPCPU TIER 1 STD LIC REW BAND-A;SF5.1WINPCPU TIER 1 STD LIC REW BAND-A;SF5.1WINPCPU TIER 1 STD LIC REW BAND-A;SF5.1WINPCPU TIER 1 STD LIC REW BAND-A;;;;79;;
1;3;2094;1;113,0247;91,89;REW TSPP STOR FOUND 5.1 WIN PER CPU T1 BAS 12M C;21019915;;REW TSPP STOR FOUND 5.1 WIN PER CPU T1 BAS 12M C;REW TSPP STOR FOUND 5.1 WIN PER CPU T1 BAS 12M C;REW TSPP STOR FOUND 5.1 WIN PER CPU T1 BAS 12M C;REW TSPP STOR FOUND 5.1 WIN PER CPU T1 BAS 12M C;;;;79;;
1;3;2094;1;140,6136;114,32;REW TSPP STOR FOUND 5.1 WIN PER CPU T1 ESS 12M E;21019916;;REW TSPP STOR FOUND 5.1 WIN PER CPU T1 ESS 12M E;REW TSPP STOR FOUND 5.1 WIN PER CPU T1 ESS 12M E;REW TSPP STOR FOUND 5.1 WIN PER CPU T1 ESS 12M E;REW TSPP STOR FOUND 5.1 WIN PER CPU T1 ESS 12M E;;;;79;;
1;3;2094;1;754,3221;613,27;SF5.1WINPCPU TIER 2 STD LIC REW BAND-D;21019917;;SF5.1WINPCPU TIER 2 STD LIC REW BAND-D;SF5.1WINPCPU TIER 2 STD LIC REW BAND-D;SF5.1WINPCPU TIER 2 STD LIC REW BAND-D;SF5.1WINPCPU TIER 2 STD LIC REW BAND-D;;;;79;;
1;3;2094;1;734,4699;597,13;SF5.1WINPCPU TIER 2 STD LIC REW BAND-E;21019918;;SF5.1WINPCPU TIER 2 STD LIC REW BAND-E;SF5.1WINPCPU TIER 2 STD LIC REW BAND-E;SF5.1WINPCPU TIER 2 STD LIC REW BAND-E;SF5.1WINPCPU TIER 2 STD LIC REW BAND-E;;;;79;;
1;3;2094;1;135,7797;110,39;REW TSPP STOR FOUND 5.1 WIN PER CPU T2 BAS 12M C;21019920;;REW TSPP STOR FOUND 5.1 WIN PER CPU T2 BAS 12M C;REW TSPP STOR FOUND 5.1 WIN PER CPU T2 BAS 12M C;REW TSPP STOR FOUND 5.1 WIN PER CPU T2 BAS 12M C;REW TSPP STOR FOUND 5.1 WIN PER CPU T2 BAS 12M C;;;;79;;
1;3;2094;1;145,5459;118,33;SF 5.1 WINPCPU TIER 1 BAS REW BAND-E;21019923;;SF 5.1 WINPCPU TIER 1 BAS REW BAND-E;SF 5.1 WINPCPU TIER 1 BAS REW BAND-E;SF 5.1 WINPCPU TIER 1 BAS REW BAND-E;SF 5.1 WINPCPU TIER 1 BAS REW BAND-E;;;;79;;
1;3;2094;1;157,3539;127,93;SF 5.1 WINPCPU TIER 1 BAS GOV BAND-S;21019925;;SF 5.1 WINPCPU TIER 1 BAS GOV BAND-S;SF 5.1 WINPCPU TIER 1 BAS GOV BAND-S;SF 5.1 WINPCPU TIER 1 BAS GOV BAND-S;SF 5.1 WINPCPU TIER 1 BAS GOV BAND-S;;;;79;;
1;3;2094;1;201,0558;163,46;SF 5.1 WINPCPU TIER 1 ESS EXP BAND-S;21019926;;SF 5.1 WINPCPU TIER 1 ESS EXP BAND-S;SF 5.1 WINPCPU TIER 1 ESS EXP BAND-S;SF 5.1 WINPCPU TIER 1 ESS EXP BAND-S;SF 5.1 WINPCPU TIER 1 ESS EXP BAND-S;;;;79;;
1;3;2094;1;174,8568;142,16;SF 5.1 WINPCPU TIER 2 BAS REW BAND-E;21019929;;SF 5.1 WINPCPU TIER 2 BAS REW BAND-E;SF 5.1 WINPCPU TIER 2 BAS REW BAND-E;SF 5.1 WINPCPU TIER 2 BAS REW BAND-E;SF 5.1 WINPCPU TIER 2 BAS REW BAND-E;;;;79;;
1;3;2094;1;189,0264;153,68;SF 5.1 WINPCPU TIER 2 BAS ACD BAND-S;21019930;;SF 5.1 WINPCPU TIER 2 BAS ACD BAND-S;SF 5.1 WINPCPU TIER 2 BAS ACD BAND-S;SF 5.1 WINPCPU TIER 2 BAS ACD BAND-S;SF 5.1 WINPCPU TIER 2 BAS ACD BAND-S;;;;79;;
1;3;2094;1;241,5351;196,37;SF 5.1 WINPCPU TIER 2 ESS REW BAND-B;21019931;;SF 5.1 WINPCPU TIER 2 ESS REW BAND-B;SF 5.1 WINPCPU TIER 2 ESS REW BAND-B;SF 5.1 WINPCPU TIER 2 ESS REW BAND-B;SF 5.1 WINPCPU TIER 2 ESS REW BAND-B;;;;79;;
1;3;2094;1;229,4565;186,55;SF 5.1 WINPCPU TIER 2 ESS REW BAND-C;21019932;;SF 5.1 WINPCPU TIER 2 ESS REW BAND-C;SF 5.1 WINPCPU TIER 2 ESS REW BAND-C;SF 5.1 WINPCPU TIER 2 ESS REW BAND-C;SF 5.1 WINPCPU TIER 2 ESS REW BAND-C;;;;79;;
1;3;2094;1;241,5351;196,37;SF 5.1 WINPCPU TIER 2 ESS ACD BAND-S;21019933;;SF 5.1 WINPCPU TIER 2 ESS ACD BAND-S;SF 5.1 WINPCPU TIER 2 ESS ACD BAND-S;SF 5.1 WINPCPU TIER 2 ESS ACD BAND-S;SF 5.1 WINPCPU TIER 2 ESS ACD BAND-S;;;;79;;
1;3;2094;1;965,0211;784,57;SF5.1WINPCPU TIER 3 STD LIC REW BAND-C;21019938;;SF5.1WINPCPU TIER 3 STD LIC REW BAND-C;SF5.1WINPCPU TIER 3 STD LIC REW BAND-C;SF5.1WINPCPU TIER 3 STD LIC REW BAND-C;SF5.1WINPCPU TIER 3 STD LIC REW BAND-C;;;;79;;
1;3;2094;1;1015,7955;825,85;SF5.1WINPCPU TIER 3 STD LIC ACD BAND-S;21019940;;SF5.1WINPCPU TIER 3 STD LIC ACD BAND-S;SF5.1WINPCPU TIER 3 STD LIC ACD BAND-S;SF5.1WINPCPU TIER 3 STD LIC ACD BAND-S;SF5.1WINPCPU TIER 3 STD LIC ACD BAND-S;;;;79;;
1;3;2094;1;309,0129;251,23;SF 5.1 WINPCPU TIER 3 ESS REW BAND-A;21019942;;SF 5.1 WINPCPU TIER 3 ESS REW BAND-A;SF 5.1 WINPCPU TIER 3 ESS REW BAND-A;SF 5.1 WINPCPU TIER 3 ESS REW BAND-A;SF 5.1 WINPCPU TIER 3 ESS REW BAND-A;;;;79;;
1;3;2094;1;189,0264;153,68;SF 5.1 WINPCPU TIER 2 BAS REW BAND-A;21019946;;SF 5.1 WINPCPU TIER 2 BAS REW BAND-A;SF 5.1 WINPCPU TIER 2 BAS REW BAND-A;SF 5.1 WINPCPU TIER 2 BAS REW BAND-A;SF 5.1 WINPCPU TIER 2 BAS REW BAND-A;;;;79;;
1;3;2094;1;189,0264;153,68;SF 5.1 WINPCPU TIER 2 BAS GOV BAND-S;21019948;;SF 5.1 WINPCPU TIER 2 BAS GOV BAND-S;SF 5.1 WINPCPU TIER 2 BAS GOV BAND-S;SF 5.1 WINPCPU TIER 2 BAS GOV BAND-S;SF 5.1 WINPCPU TIER 2 BAS GOV BAND-S;;;;79;;
1;3;2094;1;241,5351;196,37;SF 5.1 WINPCPU TIER 2 ESS GOV BAND-S;21019949;;SF 5.1 WINPCPU TIER 2 ESS GOV BAND-S;SF 5.1 WINPCPU TIER 2 ESS GOV BAND-S;SF 5.1 WINPCPU TIER 2 ESS GOV BAND-S;SF 5.1 WINPCPU TIER 2 ESS GOV BAND-S;;;;79;;
1;3;2094;1;173,5038;141,06;REW TSPP STOR FOUND 5.1 WIN PER CPU T2 ESS 12M C;21019952;;REW TSPP STOR FOUND 5.1 WIN PER CPU T2 ESS 12M C;REW TSPP STOR FOUND 5.1 WIN PER CPU T2 ESS 12M C;REW TSPP STOR FOUND 5.1 WIN PER CPU T2 ESS 12M C;REW TSPP STOR FOUND 5.1 WIN PER CPU T2 ESS 12M C;;;;79;;
1;3;2094;1;1015,7955;825,85;SF5.1WINPCPU TIER 3 STD LIC REW BAND-B;21019953;;SF5.1WINPCPU TIER 3 STD LIC REW BAND-B;SF5.1WINPCPU TIER 3 STD LIC REW BAND-B;SF5.1WINPCPU TIER 3 STD LIC REW BAND-B;SF5.1WINPCPU TIER 3 STD LIC REW BAND-B;;;;79;;
1;3;2094;1;241,8303;196,61;SF 5.1 WINPCPU TIER 3 BAS ACD BAND-S;21019954;;SF 5.1 WINPCPU TIER 3 BAS ACD BAND-S;SF 5.1 WINPCPU TIER 3 BAS ACD BAND-S;SF 5.1 WINPCPU TIER 3 BAS ACD BAND-S;SF 5.1 WINPCPU TIER 3 BAS ACD BAND-S;;;;79;;
1;3;2094;1;309,0129;251,23;SF 5.1 WINPCPU TIER 3 ESS GOV BAND-S;21019955;;SF 5.1 WINPCPU TIER 3 ESS GOV BAND-S;SF 5.1 WINPCPU TIER 3 ESS GOV BAND-S;SF 5.1 WINPCPU TIER 3 ESS GOV BAND-S;SF 5.1 WINPCPU TIER 3 ESS GOV BAND-S;;;;79;;
1;3;2094;1;173,7129;141,23;REW TSPP STOR FOUND 5.1 WIN PER CPU T3 BAS 12M D;21019956;;REW TSPP STOR FOUND 5.1 WIN PER CPU T3 BAS 12M D;REW TSPP STOR FOUND 5.1 WIN PER CPU T3 BAS 12M D;REW TSPP STOR FOUND 5.1 WIN PER CPU T3 BAS 12M D;REW TSPP STOR FOUND 5.1 WIN PER CPU T3 BAS 12M D;;;;79;;
1;3;2094;1;221,9412;180,44;REW TSPP STOR FOUND 5.1 WIN PER CPU T3 ESS 12M C;21019962;;REW TSPP STOR FOUND 5.1 WIN PER CPU T3 ESS 12M C;REW TSPP STOR FOUND 5.1 WIN PER CPU T3 ESS 12M C;REW TSPP STOR FOUND 5.1 WIN PER CPU T3 ESS 12M C;REW TSPP STOR FOUND 5.1 WIN PER CPU T3 ESS 12M C;;;;79;;
1;3;2094;1;142,9137;116,19;REW TSPP STOR FOUND 5.1 WIN PER CPU T2 BAS 12M A;21019963;;REW TSPP STOR FOUND 5.1 WIN PER CPU T2 BAS 12M A;REW TSPP STOR FOUND 5.1 WIN PER CPU T2 BAS 12M A;REW TSPP STOR FOUND 5.1 WIN PER CPU T2 BAS 12M A;REW TSPP STOR FOUND 5.1 WIN PER CPU T2 BAS 12M A;;;;79;;
1;3;2094;1;132,2004;107,48;REW TSPP STOR FOUND 5.1 WIN PER CPU T2 BAS 12M E;21019964;;REW TSPP STOR FOUND 5.1 WIN PER CPU T2 BAS 12M E;REW TSPP STOR FOUND 5.1 WIN PER CPU T2 BAS 12M E;REW TSPP STOR FOUND 5.1 WIN PER CPU T2 BAS 12M E;REW TSPP STOR FOUND 5.1 WIN PER CPU T2 BAS 12M E;;;;79;;
1;3;2094;1;142,9137;116,19;GOV TSPP STOR FOUND 5.1 WIN PER CPU T2 BAS 12M S;21019966;;GOV TSPP STOR FOUND 5.1 WIN PER CPU T2 BAS 12M S;GOV TSPP STOR FOUND 5.1 WIN PER CPU T2 BAS 12M S;GOV TSPP STOR FOUND 5.1 WIN PER CPU T2 BAS 12M S;GOV TSPP STOR FOUND 5.1 WIN PER CPU T2 BAS 12M S;;;;79;;
1;3;2094;1;168,9159;137,33;REW TSPP STOR FOUND 5.1 WIN PER CPU T2 ESS 12M E;21019967;;REW TSPP STOR FOUND 5.1 WIN PER CPU T2 ESS 12M E;REW TSPP STOR FOUND 5.1 WIN PER CPU T2 ESS 12M E;REW TSPP STOR FOUND 5.1 WIN PER CPU T2 ESS 12M E;REW TSPP STOR FOUND 5.1 WIN PER CPU T2 ESS 12M E;;;;79;;
1;3;2094;1;182,6304;148,48;GOV TSPP STOR FOUND 5.1 WIN PER CPU T2 ESS 12M S;21019968;;GOV TSPP STOR FOUND 5.1 WIN PER CPU T2 ESS 12M S;GOV TSPP STOR FOUND 5.1 WIN PER CPU T2 ESS 12M S;GOV TSPP STOR FOUND 5.1 WIN PER CPU T2 ESS 12M S;GOV TSPP STOR FOUND 5.1 WIN PER CPU T2 ESS 12M S;;;;79;;
1;3;2094;1;182,6304;148,48;AE TSPP STOR FOUND 5.1 WIN PER CPU T2 ESS 12M S;21019969;;AE TSPP STOR FOUND 5.1 WIN PER CPU T2 ESS 12M S;AE TSPP STOR FOUND 5.1 WIN PER CPU T2 ESS 12M S;AE TSPP STOR FOUND 5.1 WIN PER CPU T2 ESS 12M S;AE TSPP STOR FOUND 5.1 WIN PER CPU T2 ESS 12M S;;;;79;;
1;3;2094;1;173,7129;141,23;REW TSPP STOR FOUND 5.1 WIN PER CPU T3 BAS 12M C;21019971;;REW TSPP STOR FOUND 5.1 WIN PER CPU T3 BAS 12M C;REW TSPP STOR FOUND 5.1 WIN PER CPU T3 BAS 12M C;REW TSPP STOR FOUND 5.1 WIN PER CPU T3 BAS 12M C;REW TSPP STOR FOUND 5.1 WIN PER CPU T3 BAS 12M C;;;;79;;
1;3;2094;1;182,8518;148,66;EXP TSPP STOR FOUND 5.1 WIN PER CPU T3 BAS 12M S;21019972;;EXP TSPP STOR FOUND 5.1 WIN PER CPU T3 BAS 12M S;EXP TSPP STOR FOUND 5.1 WIN PER CPU T3 BAS 12M S;EXP TSPP STOR FOUND 5.1 WIN PER CPU T3 BAS 12M S;EXP TSPP STOR FOUND 5.1 WIN PER CPU T3 BAS 12M S;;;;79;;
1;3;2094;1;233,6385;189,95;GOV TSPP STOR FOUND 5.1 WIN PER CPU T3 ESS 12M S;21019974;;GOV TSPP STOR FOUND 5.1 WIN PER CPU T3 ESS 12M S;GOV TSPP STOR FOUND 5.1 WIN PER CPU T3 ESS 12M S;GOV TSPP STOR FOUND 5.1 WIN PER CPU T3 ESS 12M S;GOV TSPP STOR FOUND 5.1 WIN PER CPU T3 ESS 12M S;;;;79;;
1;3;2094;1;660,9405;537,35;SF5.1WINPCPU TIER 1 STD LIC REW BAND-B;21019975;;SF5.1WINPCPU TIER 1 STD LIC REW BAND-B;SF5.1WINPCPU TIER 1 STD LIC REW BAND-B;SF5.1WINPCPU TIER 1 STD LIC REW BAND-B;SF5.1WINPCPU TIER 1 STD LIC REW BAND-B;;;;79;;
1;3;2094;1;627,8904;510,48;SF5.1WINPCPU TIER 1 STD LIC REW BAND-C;21019976;;SF5.1WINPCPU TIER 1 STD LIC REW BAND-C;SF5.1WINPCPU TIER 1 STD LIC REW BAND-C;SF5.1WINPCPU TIER 1 STD LIC REW BAND-C;SF5.1WINPCPU TIER 1 STD LIC REW BAND-C;;;;79;;
1;3;2094;1;660,9405;537,35;SF5.1WINPCPU TIER 1 STD LIC EXP BAND-S;21019977;;SF5.1WINPCPU TIER 1 STD LIC EXP BAND-S;SF5.1WINPCPU TIER 1 STD LIC EXP BAND-S;SF5.1WINPCPU TIER 1 STD LIC EXP BAND-S;SF5.1WINPCPU TIER 1 STD LIC EXP BAND-S;;;;79;;
1;3;2094;1;149,4819;121,53;SF 5.1 WINPCPU TIER 1 BAS REW BAND-C;21019978;;SF 5.1 WINPCPU TIER 1 BAS REW BAND-C;SF 5.1 WINPCPU TIER 1 BAS REW BAND-C;SF 5.1 WINPCPU TIER 1 BAS REW BAND-C;SF 5.1 WINPCPU TIER 1 BAS REW BAND-C;;;;79;;
1;3;2094;1;611,3715;497,05;SF5.1WINPCPU TIER 1 STD LIC REW BAND-E;21019980;;SF5.1WINPCPU TIER 1 STD LIC REW BAND-E;SF5.1WINPCPU TIER 1 STD LIC REW BAND-E;SF5.1WINPCPU TIER 1 STD LIC REW BAND-E;SF5.1WINPCPU TIER 1 STD LIC REW BAND-E;;;;79;;
1;3;2094;1;157,3539;127,93;SF 5.1 WINPCPU TIER 1 BAS ACD BAND-S;21019982;;SF 5.1 WINPCPU TIER 1 BAS ACD BAND-S;SF 5.1 WINPCPU TIER 1 BAS ACD BAND-S;SF 5.1 WINPCPU TIER 1 BAS ACD BAND-S;SF 5.1 WINPCPU TIER 1 BAS ACD BAND-S;;;;79;;
1;3;2094;1;118,9656;96,72;REW TSPP STOR FOUND 5.1 WIN PER CPU T1 BAS 12M B;21019983;;REW TSPP STOR FOUND 5.1 WIN PER CPU T1 BAS 12M B;REW TSPP STOR FOUND 5.1 WIN PER CPU T1 BAS 12M B;REW TSPP STOR FOUND 5.1 WIN PER CPU T1 BAS 12M B;REW TSPP STOR FOUND 5.1 WIN PER CPU T1 BAS 12M B;;;;79;;
1;3;2094;1;241,8303;196,61;SF 5.1 WINPCPU TIER 3 BAS REW BAND-B;21019984;;SF 5.1 WINPCPU TIER 3 BAS REW BAND-B;SF 5.1 WINPCPU TIER 3 BAS REW BAND-B;SF 5.1 WINPCPU TIER 3 BAS REW BAND-B;SF 5.1 WINPCPU TIER 3 BAS REW BAND-B;;;;79;;
1;3;2094;1;229,7394;186,78;SF 5.1 WINPCPU TIER 3 BAS REW BAND-D;21019985;;SF 5.1 WINPCPU TIER 3 BAS REW BAND-D;SF 5.1 WINPCPU TIER 3 BAS REW BAND-D;SF 5.1 WINPCPU TIER 3 BAS REW BAND-D;SF 5.1 WINPCPU TIER 3 BAS REW BAND-D;;;;79;;
1;3;2094;1;241,8303;196,61;SF 5.1 WINPCPU TIER 3 BAS GOV BAND-S;21019986;;SF 5.1 WINPCPU TIER 3 BAS GOV BAND-S;SF 5.1 WINPCPU TIER 3 BAS GOV BAND-S;SF 5.1 WINPCPU TIER 3 BAS GOV BAND-S;SF 5.1 WINPCPU TIER 3 BAS GOV BAND-S;;;;79;;
1;3;2094;1;169,125;137,5;REW TSPP STOR FOUND 5.1 WIN PER CPU T3 BAS 12M E;21019987;;REW TSPP STOR FOUND 5.1 WIN PER CPU T3 BAS 12M E;REW TSPP STOR FOUND 5.1 WIN PER CPU T3 BAS 12M E;REW TSPP STOR FOUND 5.1 WIN PER CPU T3 BAS 12M E;REW TSPP STOR FOUND 5.1 WIN PER CPU T3 BAS 12M E;;;;79;;
1;3;2094;1;118,9656;96,72;REW TSPP STOR FOUND 5.1 WIN PER CPU T1 BAS 12M A;21019992;;REW TSPP STOR FOUND 5.1 WIN PER CPU T1 BAS 12M A;REW TSPP STOR FOUND 5.1 WIN PER CPU T1 BAS 12M A;REW TSPP STOR FOUND 5.1 WIN PER CPU T1 BAS 12M A;REW TSPP STOR FOUND 5.1 WIN PER CPU T1 BAS 12M A;;;;79;;
1;3;2094;1;118,9656;96,72;GOV TSPP STOR FOUND 5.1 WIN PER CPU T1 BAS 12M S;21019993;;GOV TSPP STOR FOUND 5.1 WIN PER CPU T1 BAS 12M S;GOV TSPP STOR FOUND 5.1 WIN PER CPU T1 BAS 12M S;GOV TSPP STOR FOUND 5.1 WIN PER CPU T1 BAS 12M S;GOV TSPP STOR FOUND 5.1 WIN PER CPU T1 BAS 12M S;;;;79;;
1;3;2094;1;118,9656;96,72;AE TSPP STOR FOUND 5.1 WIN PER CPU T1 BAS 12M S;21019994;;AE TSPP STOR FOUND 5.1 WIN PER CPU T1 BAS 12M S;AE TSPP STOR FOUND 5.1 WIN PER CPU T1 BAS 12M S;AE TSPP STOR FOUND 5.1 WIN PER CPU T1 BAS 12M S;AE TSPP STOR FOUND 5.1 WIN PER CPU T1 BAS 12M S;;;;79;;
1;3;2094;1;794,0019;645,53;SF5.1WINPCPU TIER 2 STD LIC REW BAND-A;21020000;;SF5.1WINPCPU TIER 2 STD LIC REW BAND-A;SF5.1WINPCPU TIER 2 STD LIC REW BAND-A;SF5.1WINPCPU TIER 2 STD LIC REW BAND-A;SF5.1WINPCPU TIER 2 STD LIC REW BAND-A;;;;79;;
1;3;2094;1;1015,7955;825,85;SF5.1WINPCPU TIER 3 STD LIC GOV BAND-S;21020002;;SF5.1WINPCPU TIER 3 STD LIC GOV BAND-S;SF5.1WINPCPU TIER 3 STD LIC GOV BAND-S;SF5.1WINPCPU TIER 3 STD LIC GOV BAND-S;SF5.1WINPCPU TIER 3 STD LIC GOV BAND-S;;;;79;;
1;3;2094;1;1015,7955;825,85;SF5.1WINPCPU TIER 3 STD LIC EXP BAND-S;21020003;;SF5.1WINPCPU TIER 3 STD LIC EXP BAND-S;SF5.1WINPCPU TIER 3 STD LIC EXP BAND-S;SF5.1WINPCPU TIER 3 STD LIC EXP BAND-S;SF5.1WINPCPU TIER 3 STD LIC EXP BAND-S;;;;79;;
1;3;2094;1;241,8303;196,61;SF 5.1 WINPCPU TIER 3 BAS EXP BAND-S;21020004;;SF 5.1 WINPCPU TIER 3 BAS EXP BAND-S;SF 5.1 WINPCPU TIER 3 BAS EXP BAND-S;SF 5.1 WINPCPU TIER 3 BAS EXP BAND-S;SF 5.1 WINPCPU TIER 3 BAS EXP BAND-S;;;;79;;
1;3;2094;1;182,8518;148,66;REW TSPP STOR FOUND 5.1 WIN PER CPU T3 BAS 12M B;21020006;;REW TSPP STOR FOUND 5.1 WIN PER CPU T3 BAS 12M B;REW TSPP STOR FOUND 5.1 WIN PER CPU T3 BAS 12M B;REW TSPP STOR FOUND 5.1 WIN PER CPU T3 BAS 12M B;REW TSPP STOR FOUND 5.1 WIN PER CPU T3 BAS 12M B;;;;79;;
1;3;2094;1;216,0987;175,69;REW TSPP STOR FOUND 5.1 WIN PER CPU T3 ESS 12M E;21020010;;REW TSPP STOR FOUND 5.1 WIN PER CPU T3 ESS 12M E;REW TSPP STOR FOUND 5.1 WIN PER CPU T3 ESS 12M E;REW TSPP STOR FOUND 5.1 WIN PER CPU T3 ESS 12M E;REW TSPP STOR FOUND 5.1 WIN PER CPU T3 ESS 12M E;;;;79;;
1;3;2094;1;233,6385;189,95;EXP TSPP STOR FOUND 5.1 WIN PER CPU T3 ESS 12M S;21020011;;EXP TSPP STOR FOUND 5.1 WIN PER CPU T3 ESS 12M S;EXP TSPP STOR FOUND 5.1 WIN PER CPU T3 ESS 12M S;EXP TSPP STOR FOUND 5.1 WIN PER CPU T3 ESS 12M S;EXP TSPP STOR FOUND 5.1 WIN PER CPU T3 ESS 12M S;;;;79;;
1;3;2094;1;627,8904;510,48;SF5.1WINPCPU TIER 1 STD LIC REW BAND-D;21020012;;SF5.1WINPCPU TIER 1 STD LIC REW BAND-D;SF5.1WINPCPU TIER 1 STD LIC REW BAND-D;SF5.1WINPCPU TIER 1 STD LIC REW BAND-D;SF5.1WINPCPU TIER 1 STD LIC REW BAND-D;;;;79;;
1;3;2094;1;190,9944;155,28;SF 5.1 WINPCPU TIER 1 ESS REW BAND-C;21020013;;SF 5.1 WINPCPU TIER 1 ESS REW BAND-C;SF 5.1 WINPCPU TIER 1 ESS REW BAND-C;SF 5.1 WINPCPU TIER 1 ESS REW BAND-C;SF 5.1 WINPCPU TIER 1 ESS REW BAND-C;;;;79;;
1;3;2094;1;179,58;146;SF 5.1 WINPCPU TIER 2 BAS REW BAND-C;21020014;;SF 5.1 WINPCPU TIER 2 BAS REW BAND-C;SF 5.1 WINPCPU TIER 2 BAS REW BAND-C;SF 5.1 WINPCPU TIER 2 BAS REW BAND-C;SF 5.1 WINPCPU TIER 2 BAS REW BAND-C;;;;79;;
1;3;2094;1;179,58;146;SF 5.1 WINPCPU TIER 2 BAS REW BAND-D;21020015;;SF 5.1 WINPCPU TIER 2 BAS REW BAND-D;SF 5.1 WINPCPU TIER 2 BAS REW BAND-D;SF 5.1 WINPCPU TIER 2 BAS REW BAND-D;SF 5.1 WINPCPU TIER 2 BAS REW BAND-D;;;;79;;
1;3;2094;1;182,6304;148,48;REW TSPP STOR FOUND 5.1 WIN PER CPU T2 ESS 12M A;21020018;;REW TSPP STOR FOUND 5.1 WIN PER CPU T2 ESS 12M A;REW TSPP STOR FOUND 5.1 WIN PER CPU T2 ESS 12M A;REW TSPP STOR FOUND 5.1 WIN PER CPU T2 ESS 12M A;REW TSPP STOR FOUND 5.1 WIN PER CPU T2 ESS 12M A;;;;79;;
1;3;2094;1;660,9405;537,35;SF5.1WINPCPU TIER 1 STD LIC GOV BAND-S;21020021;;SF5.1WINPCPU TIER 1 STD LIC GOV BAND-S;SF5.1WINPCPU TIER 1 STD LIC GOV BAND-S;SF5.1WINPCPU TIER 1 STD LIC GOV BAND-S;SF5.1WINPCPU TIER 1 STD LIC GOV BAND-S;;;;79;;
1;3;2094;1;157,3539;127,93;SF 5.1 WINPCPU TIER 1 BAS REW BAND-B;21020022;;SF 5.1 WINPCPU TIER 1 BAS REW BAND-B;SF 5.1 WINPCPU TIER 1 BAS REW BAND-B;SF 5.1 WINPCPU TIER 1 BAS REW BAND-B;SF 5.1 WINPCPU TIER 1 BAS REW BAND-B;;;;79;;
1;3;2094;1;189,0264;153,68;SF 5.1 WINPCPU TIER 2 BAS EXP BAND-S;21020023;;SF 5.1 WINPCPU TIER 2 BAS EXP BAND-S;SF 5.1 WINPCPU TIER 2 BAS EXP BAND-S;SF 5.1 WINPCPU TIER 2 BAS EXP BAND-S;SF 5.1 WINPCPU TIER 2 BAS EXP BAND-S;;;;79;;
1;3;2094;1;241,5351;196,37;SF 5.1 WINPCPU TIER 2 ESS REW BAND-A;21020024;;SF 5.1 WINPCPU TIER 2 ESS REW BAND-A;SF 5.1 WINPCPU TIER 2 ESS REW BAND-A;SF 5.1 WINPCPU TIER 2 ESS REW BAND-A;SF 5.1 WINPCPU TIER 2 ESS REW BAND-A;;;;79;;
1;3;2094;1;223,4295;181,65;SF 5.1 WINPCPU TIER 2 ESS REW BAND-E;21020025;;SF 5.1 WINPCPU TIER 2 ESS REW BAND-E;SF 5.1 WINPCPU TIER 2 ESS REW BAND-E;SF 5.1 WINPCPU TIER 2 ESS REW BAND-E;SF 5.1 WINPCPU TIER 2 ESS REW BAND-E;;;;79;;
1;3;2094;1;241,5351;196,37;SF 5.1 WINPCPU TIER 2 ESS EXP BAND-S;21020027;;SF 5.1 WINPCPU TIER 2 ESS EXP BAND-S;SF 5.1 WINPCPU TIER 2 ESS EXP BAND-S;SF 5.1 WINPCPU TIER 2 ESS EXP BAND-S;SF 5.1 WINPCPU TIER 2 ESS EXP BAND-S;;;;79;;
1;3;2094;1;135,7797;110,39;REW TSPP STOR FOUND 5.1 WIN PER CPU T2 BAS 12M D;21020028;;REW TSPP STOR FOUND 5.1 WIN PER CPU T2 BAS 12M D;REW TSPP STOR FOUND 5.1 WIN PER CPU T2 BAS 12M D;REW TSPP STOR FOUND 5.1 WIN PER CPU T2 BAS 12M D;REW TSPP STOR FOUND 5.1 WIN PER CPU T2 BAS 12M D;;;;79;;
1;3;2094;1;965,0211;784,57;SF5.1WINPCPU TIER 3 STD LIC REW BAND-D;21020032;;SF5.1WINPCPU TIER 3 STD LIC REW BAND-D;SF5.1WINPCPU TIER 3 STD LIC REW BAND-D;SF5.1WINPCPU TIER 3 STD LIC REW BAND-D;SF5.1WINPCPU TIER 3 STD LIC REW BAND-D;;;;79;;
1;3;2094;1;152,028;123,6;AE TSPP STOR FOUND 5.1 WIN PER CPU T1 ESS 12M S;21020035;;AE TSPP STOR FOUND 5.1 WIN PER CPU T1 ESS 12M S;AE TSPP STOR FOUND 5.1 WIN PER CPU T1 ESS 12M S;AE TSPP STOR FOUND 5.1 WIN PER CPU T1 ESS 12M S;AE TSPP STOR FOUND 5.1 WIN PER CPU T1 ESS 12M S;;;;79;;
1;3;2094;1;794,0019;645,53;SF5.1WINPCPU TIER 2 STD LIC EXP BAND-S;21020037;;SF5.1WINPCPU TIER 2 STD LIC EXP BAND-S;SF5.1WINPCPU TIER 2 STD LIC EXP BAND-S;SF5.1WINPCPU TIER 2 STD LIC EXP BAND-S;SF5.1WINPCPU TIER 2 STD LIC EXP BAND-S;;;;79;;
1;3;2094;1;182,6304;148,48;REW TSPP STOR FOUND 5.1 WIN PER CPU T2 ESS 12M B;21020040;;REW TSPP STOR FOUND 5.1 WIN PER CPU T2 ESS 12M B;REW TSPP STOR FOUND 5.1 WIN PER CPU T2 ESS 12M B;REW TSPP STOR FOUND 5.1 WIN PER CPU T2 ESS 12M B;REW TSPP STOR FOUND 5.1 WIN PER CPU T2 ESS 12M B;;;;79;;
1;3;2094;1;309,0129;251,23;SF 5.1 WINPCPU TIER 3 ESS REW BAND-B;21020042;;SF 5.1 WINPCPU TIER 3 ESS REW BAND-B;SF 5.1 WINPCPU TIER 3 ESS REW BAND-B;SF 5.1 WINPCPU TIER 3 ESS REW BAND-B;SF 5.1 WINPCPU TIER 3 ESS REW BAND-B;;;;79;;
1;3;2094;1;309,0129;251,23;SF 5.1 WINPCPU TIER 3 ESS ACD BAND-S;21020043;;SF 5.1 WINPCPU TIER 3 ESS ACD BAND-S;SF 5.1 WINPCPU TIER 3 ESS ACD BAND-S;SF 5.1 WINPCPU TIER 3 ESS ACD BAND-S;SF 5.1 WINPCPU TIER 3 ESS ACD BAND-S;;;;79;;
1;3;2094;1;660,9405;537,35;SF5.1WINPCPU TIER 1 STD LIC ACD BAND-S;21020044;;SF5.1WINPCPU TIER 1 STD LIC ACD BAND-S;SF5.1WINPCPU TIER 1 STD LIC ACD BAND-S;SF5.1WINPCPU TIER 1 STD LIC ACD BAND-S;SF5.1WINPCPU TIER 1 STD LIC ACD BAND-S;;;;79;;
1;3;2094;1;189,0264;153,68;SF 5.1 WINPCPU TIER 2 BAS REW BAND-B;21020045;;SF 5.1 WINPCPU TIER 2 BAS REW BAND-B;SF 5.1 WINPCPU TIER 2 BAS REW BAND-B;SF 5.1 WINPCPU TIER 2 BAS REW BAND-B;SF 5.1 WINPCPU TIER 2 BAS REW BAND-B;;;;79;;
1;3;2094;1;229,4565;186,55;SF 5.1 WINPCPU TIER 2 ESS REW BAND-D;21020047;;SF 5.1 WINPCPU TIER 2 ESS REW BAND-D;SF 5.1 WINPCPU TIER 2 ESS REW BAND-D;SF 5.1 WINPCPU TIER 2 ESS REW BAND-D;SF 5.1 WINPCPU TIER 2 ESS REW BAND-D;;;;79;;
1;3;2094;1;293,5518;238,66;SF 5.1 WINPCPU TIER 3 ESS REW BAND-C;21020048;;SF 5.1 WINPCPU TIER 3 ESS REW BAND-C;SF 5.1 WINPCPU TIER 3 ESS REW BAND-C;SF 5.1 WINPCPU TIER 3 ESS REW BAND-C;SF 5.1 WINPCPU TIER 3 ESS REW BAND-C;;;;79;;
1;3;2094;1;182,8518;148,66;GOV TSPP STOR FOUND 5.1 WIN PER CPU T3 BAS 12M S;21020050;;GOV TSPP STOR FOUND 5.1 WIN PER CPU T3 BAS 12M S;GOV TSPP STOR FOUND 5.1 WIN PER CPU T3 BAS 12M S;GOV TSPP STOR FOUND 5.1 WIN PER CPU T3 BAS 12M S;GOV TSPP STOR FOUND 5.1 WIN PER CPU T3 BAS 12M S;;;;79;;
1;3;2094;1;110,0358;89,46;REW TSPP STOR FOUND 5.1 WIN PER CPU T1 BAS 12M E;21020051;;REW TSPP STOR FOUND 5.1 WIN PER CPU T1 BAS 12M E;REW TSPP STOR FOUND 5.1 WIN PER CPU T1 BAS 12M E;REW TSPP STOR FOUND 5.1 WIN PER CPU T1 BAS 12M E;REW TSPP STOR FOUND 5.1 WIN PER CPU T1 BAS 12M E;;;;79;;
1;3;2094;1;157,3539;127,93;SF 5.1 WINPCPU TIER 1 BAS REW BAND-A;21020053;;SF 5.1 WINPCPU TIER 1 BAS REW BAND-A;SF 5.1 WINPCPU TIER 1 BAS REW BAND-A;SF 5.1 WINPCPU TIER 1 BAS REW BAND-A;SF 5.1 WINPCPU TIER 1 BAS REW BAND-A;;;;79;;
1;3;2094;1;201,0558;163,46;SF 5.1 WINPCPU TIER 1 ESS REW BAND-A;21020054;;SF 5.1 WINPCPU TIER 1 ESS REW BAND-A;SF 5.1 WINPCPU TIER 1 ESS REW BAND-A;SF 5.1 WINPCPU TIER 1 ESS REW BAND-A;SF 5.1 WINPCPU TIER 1 ESS REW BAND-A;;;;79;;
1;3;2094;1;113,0247;91,89;REW TSPP STOR FOUND 5.1 WIN PER CPU T1 BAS 12M D;21020055;;REW TSPP STOR FOUND 5.1 WIN PER CPU T1 BAS 12M D;REW TSPP STOR FOUND 5.1 WIN PER CPU T1 BAS 12M D;REW TSPP STOR FOUND 5.1 WIN PER CPU T1 BAS 12M D;REW TSPP STOR FOUND 5.1 WIN PER CPU T1 BAS 12M D;;;;79;;
1;3;2094;1;144,4143;117,41;REW TSPP STOR FOUND 5.1 WIN PER CPU T1 ESS 12M C;21020058;;REW TSPP STOR FOUND 5.1 WIN PER CPU T1 ESS 12M C;REW TSPP STOR FOUND 5.1 WIN PER CPU T1 ESS 12M C;REW TSPP STOR FOUND 5.1 WIN PER CPU T1 ESS 12M C;REW TSPP STOR FOUND 5.1 WIN PER CPU T1 ESS 12M C;;;;79;;
1;3;2094;1;152,028;123,6;GOV TSPP STOR FOUND 5.1 WIN PER CPU T1 ESS 12M S;21020059;;GOV TSPP STOR FOUND 5.1 WIN PER CPU T1 ESS 12M S;GOV TSPP STOR FOUND 5.1 WIN PER CPU T1 ESS 12M S;GOV TSPP STOR FOUND 5.1 WIN PER CPU T1 ESS 12M S;GOV TSPP STOR FOUND 5.1 WIN PER CPU T1 ESS 12M S;;;;79;;
1;3;2094;1;152,028;123,6;EXP TSPP STOR FOUND 5.1 WIN PER CPU T1 ESS 12M S;21020060;;EXP TSPP STOR FOUND 5.1 WIN PER CPU T1 ESS 12M S;EXP TSPP STOR FOUND 5.1 WIN PER CPU T1 ESS 12M S;EXP TSPP STOR FOUND 5.1 WIN PER CPU T1 ESS 12M S;EXP TSPP STOR FOUND 5.1 WIN PER CPU T1 ESS 12M S;;;;79;;
1;3;2094;1;794,0019;645,53;SF5.1WINPCPU TIER 2 STD LIC REW BAND-B;21020061;;SF5.1WINPCPU TIER 2 STD LIC REW BAND-B;SF5.1WINPCPU TIER 2 STD LIC REW BAND-B;SF5.1WINPCPU TIER 2 STD LIC REW BAND-B;SF5.1WINPCPU TIER 2 STD LIC REW BAND-B;;;;79;;
1;3;2094;1;142,9137;116,19;REW TSPP STOR FOUND 5.1 WIN PER CPU T2 BAS 12M B;21020064;;REW TSPP STOR FOUND 5.1 WIN PER CPU T2 BAS 12M B;REW TSPP STOR FOUND 5.1 WIN PER CPU T2 BAS 12M B;REW TSPP STOR FOUND 5.1 WIN PER CPU T2 BAS 12M B;REW TSPP STOR FOUND 5.1 WIN PER CPU T2 BAS 12M B;;;;79;;
1;3;2094;1;142,9137;116,19;EXP TSPP STOR FOUND 5.1 WIN PER CPU T2 BAS 12M S;21020065;;EXP TSPP STOR FOUND 5.1 WIN PER CPU T2 BAS 12M S;EXP TSPP STOR FOUND 5.1 WIN PER CPU T2 BAS 12M S;EXP TSPP STOR FOUND 5.1 WIN PER CPU T2 BAS 12M S;EXP TSPP STOR FOUND 5.1 WIN PER CPU T2 BAS 12M S;;;;79;;
1;3;2094;1;274,4499;223,13;GOV TSPP STOR FOUND ENT 5.1 WIN CPU T1 ESS 12M S;21020069;;GOV TSPP STOR FOUND ENT 5.1 WIN CPU T1 ESS 12M S;GOV TSPP STOR FOUND ENT 5.1 WIN CPU T1 ESS 12M S;GOV TSPP STOR FOUND ENT 5.1 WIN CPU T1 ESS 12M S;GOV TSPP STOR FOUND ENT 5.1 WIN CPU T1 ESS 12M S;;;;79;;
1;3;2094;1;274,4499;223,13;AE TSPP STOR FOUND ENT 5.1 WIN CPU T1 ESS 12M S;21020073;;AE TSPP STOR FOUND ENT 5.1 WIN CPU T1 ESS 12M S;AE TSPP STOR FOUND ENT 5.1 WIN CPU T1 ESS 12M S;AE TSPP STOR FOUND ENT 5.1 WIN CPU T1 ESS 12M S;AE TSPP STOR FOUND ENT 5.1 WIN CPU T1 ESS 12M S;;;;79;;
1;3;2094;1;1459,3704;1186,48;SFENT5.1WINPCPU TIER2 STD LIC REW BAND-B;21020074;;SFENT5.1WINPCPU TIER2 STD LIC REW BAND-B;SFENT5.1WINPCPU TIER2 STD LIC REW BAND-B;SFENT5.1WINPCPU TIER2 STD LIC REW BAND-B;SFENT5.1WINPCPU TIER2 STD LIC REW BAND-B;;;;79;;
1;3;2094;1;214,7703;174,61;EXP TSPP STOR FOUND ENT 5.1 WIN CPU T1 BAS 12M S;21020076;;EXP TSPP STOR FOUND ENT 5.1 WIN CPU T1 BAS 12M S;EXP TSPP STOR FOUND ENT 5.1 WIN CPU T1 BAS 12M S;EXP TSPP STOR FOUND ENT 5.1 WIN CPU T1 BAS 12M S;EXP TSPP STOR FOUND ENT 5.1 WIN CPU T1 BAS 12M S;;;;79;;
1;3;2094;1;362,973;295,1;SF ENT5.1WINPCPU TIER 1 ESS ACD BAND-S;21020078;;SF ENT5.1WINPCPU TIER 1 ESS ACD BAND-S;SF ENT5.1WINPCPU TIER 1 ESS ACD BAND-S;SF ENT5.1WINPCPU TIER 1 ESS ACD BAND-S;SF ENT5.1WINPCPU TIER 1 ESS ACD BAND-S;;;;79;;
1;3;2094;1;253,8597;206,39;REW TSPP STOR FOUND ENT 5.1 WIN CPU T1 ESS 12M E;21020081;;REW TSPP STOR FOUND ENT 5.1 WIN CPU T1 ESS 12M E;REW TSPP STOR FOUND ENT 5.1 WIN CPU T1 ESS 12M E;REW TSPP STOR FOUND ENT 5.1 WIN CPU T1 ESS 12M E;REW TSPP STOR FOUND ENT 5.1 WIN CPU T1 ESS 12M E;;;;79;;
1;3;2094;1;347,4258;282,46;SF ENT5.1WINPCPU TIER 2 BAS GOV BAND-S;21020082;;SF ENT5.1WINPCPU TIER 2 BAS GOV BAND-S;SF ENT5.1WINPCPU TIER 2 BAS GOV BAND-S;SF ENT5.1WINPCPU TIER 2 BAS GOV BAND-S;SF ENT5.1WINPCPU TIER 2 BAS GOV BAND-S;;;;79;;
1;3;2094;1;242,9865;197,55;REW TSPP STOR FOUND ENT 5.1 WIN CPU T2 BAS 12M E;21020084;;REW TSPP STOR FOUND ENT 5.1 WIN CPU T2 BAS 12M E;REW TSPP STOR FOUND ENT 5.1 WIN CPU T2 BAS 12M E;REW TSPP STOR FOUND ENT 5.1 WIN CPU T2 BAS 12M E;REW TSPP STOR FOUND ENT 5.1 WIN CPU T2 BAS 12M E;;;;79;;
1;3;2094;1;310,4766;252,42;REW TSPP STOR FOUND ENT 5.1 WIN CPU T2 ESS 12M E;21020085;;REW TSPP STOR FOUND ENT 5.1 WIN CPU T2 ESS 12M E;REW TSPP STOR FOUND ENT 5.1 WIN CPU T2 ESS 12M E;REW TSPP STOR FOUND ENT 5.1 WIN CPU T2 ESS 12M E;REW TSPP STOR FOUND ENT 5.1 WIN CPU T2 ESS 12M E;;;;79;;
1;3;2094;1;347,4258;282,46;SF ENT5.1WINPCPU TIER 2 BAS EXP BAND-S;21020089;;SF ENT5.1WINPCPU TIER 2 BAS EXP BAND-S;SF ENT5.1WINPCPU TIER 2 BAS EXP BAND-S;SF ENT5.1WINPCPU TIER 2 BAS EXP BAND-S;SF ENT5.1WINPCPU TIER 2 BAS EXP BAND-S;;;;79;;
1;3;2094;1;330,0705;268,35;SF ENT5.1WINPCPU TIER 2 BAS REW BAND-C;21020090;;SF ENT5.1WINPCPU TIER 2 BAS REW BAND-C;SF ENT5.1WINPCPU TIER 2 BAS REW BAND-C;SF ENT5.1WINPCPU TIER 2 BAS REW BAND-C;SF ENT5.1WINPCPU TIER 2 BAS REW BAND-C;;;;79;;
1;3;2094;1;410,6478;333,86;SF ENT5.1WINPCPU TIER 2 ESS REW BAND-E;21020091;;SF ENT5.1WINPCPU TIER 2 ESS REW BAND-E;SF ENT5.1WINPCPU TIER 2 ESS REW BAND-E;SF ENT5.1WINPCPU TIER 2 ESS REW BAND-E;SF ENT5.1WINPCPU TIER 2 ESS REW BAND-E;;;;79;;
1;3;2094;1;262,6911;213,57;AE TSPP STOR FOUND ENT 5.1 WIN CPU T2 BAS 12M S;21020092;;AE TSPP STOR FOUND ENT 5.1 WIN CPU T2 BAS 12M S;AE TSPP STOR FOUND ENT 5.1 WIN CPU T2 BAS 12M S;AE TSPP STOR FOUND ENT 5.1 WIN CPU T2 BAS 12M S;AE TSPP STOR FOUND ENT 5.1 WIN CPU T2 BAS 12M S;;;;79;;
1;3;2094;1;262,6911;213,57;REW TSPP STOR FOUND ENT 5.1 WIN CPU T2 BAS 12M A;21020093;;REW TSPP STOR FOUND ENT 5.1 WIN CPU T2 BAS 12M A;REW TSPP STOR FOUND ENT 5.1 WIN CPU T2 BAS 12M A;REW TSPP STOR FOUND ENT 5.1 WIN CPU T2 BAS 12M A;REW TSPP STOR FOUND ENT 5.1 WIN CPU T2 BAS 12M A;;;;79;;
1;3;2094;1;410,3157;333,59;SF ENT5.1WINPCPU TIER 3 BAS REW BAND-C;21020099;;SF ENT5.1WINPCPU TIER 3 BAS REW BAND-C;SF ENT5.1WINPCPU TIER 3 BAS REW BAND-C;SF ENT5.1WINPCPU TIER 3 BAS REW BAND-C;SF ENT5.1WINPCPU TIER 3 BAS REW BAND-C;;;;79;;
1;3;2094;1;326,5527;265,49;REW TSPP STOR FOUND ENT 5.1 WIN CPU T3 BAS 12M B;21020100;;REW TSPP STOR FOUND ENT 5.1 WIN CPU T3 BAS 12M B;REW TSPP STOR FOUND ENT 5.1 WIN CPU T3 BAS 12M B;REW TSPP STOR FOUND ENT 5.1 WIN CPU T3 BAS 12M B;REW TSPP STOR FOUND ENT 5.1 WIN CPU T3 BAS 12M B;;;;79;;
1;3;2094;1;260,7231;211,97;REW TSPP STOR FOUND ENT 5.1 WIN CPU T1 ESS 12M D;21020101;;REW TSPP STOR FOUND ENT 5.1 WIN CPU T1 ESS 12M D;REW TSPP STOR FOUND ENT 5.1 WIN CPU T1 ESS 12M D;REW TSPP STOR FOUND ENT 5.1 WIN CPU T1 ESS 12M D;REW TSPP STOR FOUND ENT 5.1 WIN CPU T1 ESS 12M D;;;;79;;
1;3;2094;1;1459,3704;1186,48;SFENT5.1WINPCPU TIER2 STD LIC GOV BAND-S;21020102;;SFENT5.1WINPCPU TIER2 STD LIC GOV BAND-S;SFENT5.1WINPCPU TIER2 STD LIC GOV BAND-S;SFENT5.1WINPCPU TIER2 STD LIC GOV BAND-S;SFENT5.1WINPCPU TIER2 STD LIC GOV BAND-S;;;;79;;
1;3;2094;1;330,0705;268,35;SF ENT5.1WINPCPU TIER 2 BAS REW BAND-D;21020103;;SF ENT5.1WINPCPU TIER 2 BAS REW BAND-D;SF ENT5.1WINPCPU TIER 2 BAS REW BAND-D;SF ENT5.1WINPCPU TIER 2 BAS REW BAND-D;SF ENT5.1WINPCPU TIER 2 BAS REW BAND-D;;;;79;;
1;3;2094;1;249,567;202,9;REW TSPP STOR FOUND ENT 5.1 WIN CPU T2 BAS 12M C;21020104;;REW TSPP STOR FOUND ENT 5.1 WIN CPU T2 BAS 12M C;REW TSPP STOR FOUND ENT 5.1 WIN CPU T2 BAS 12M C;REW TSPP STOR FOUND ENT 5.1 WIN CPU T2 BAS 12M C;REW TSPP STOR FOUND ENT 5.1 WIN CPU T2 BAS 12M C;;;;79;;
1;3;2094;1;335,667;272,9;AE TSPP STOR FOUND ENT 5.1 WIN CPU T2 ESS 12M S;21020106;;AE TSPP STOR FOUND ENT 5.1 WIN CPU T2 ESS 12M S;AE TSPP STOR FOUND ENT 5.1 WIN CPU T2 ESS 12M S;AE TSPP STOR FOUND ENT 5.1 WIN CPU T2 ESS 12M S;AE TSPP STOR FOUND ENT 5.1 WIN CPU T2 ESS 12M S;;;;79;;
1;3;2094;1;431,9022;351,14;SF ENT5.1WINPCPU TIER 3 BAS REW BAND-B;21020107;;SF ENT5.1WINPCPU TIER 3 BAS REW BAND-B;SF ENT5.1WINPCPU TIER 3 BAS REW BAND-B;SF ENT5.1WINPCPU TIER 3 BAS REW BAND-B;SF ENT5.1WINPCPU TIER 3 BAS REW BAND-B;;;;79;;
1;3;2094;1;510,4992;415,04;SF ENT5.1WINPCPU TIER 3 ESS REW BAND-E;21020109;;SF ENT5.1WINPCPU TIER 3 ESS REW BAND-E;SF ENT5.1WINPCPU TIER 3 ESS REW BAND-E;SF ENT5.1WINPCPU TIER 3 ESS REW BAND-E;SF ENT5.1WINPCPU TIER 3 ESS REW BAND-E;;;;79;;
1;3;2094;1;326,5527;265,49;AE TSPP STOR FOUND ENT 5.1 WIN CPU T3 BAS 12M S;21020110;;AE TSPP STOR FOUND ENT 5.1 WIN CPU T3 BAS 12M S;AE TSPP STOR FOUND ENT 5.1 WIN CPU T3 BAS 12M S;AE TSPP STOR FOUND ENT 5.1 WIN CPU T3 BAS 12M S;AE TSPP STOR FOUND ENT 5.1 WIN CPU T3 BAS 12M S;;;;79;;
1;3;2094;1;318,8775;259,25;REW TSPP STOR FOUND ENT 5.1 WIN CPU T2 ESS 12M C;21020114;;REW TSPP STOR FOUND ENT 5.1 WIN CPU T2 ESS 12M C;REW TSPP STOR FOUND ENT 5.1 WIN CPU T2 ESS 12M C;REW TSPP STOR FOUND ENT 5.1 WIN CPU T2 ESS 12M C;REW TSPP STOR FOUND ENT 5.1 WIN CPU T2 ESS 12M C;;;;79;;
1;3;2094;1;1723,5498;1401,26;SFENT5.1WINPCPU TIER3 STD LIC REW BAND-C;21020116;;SFENT5.1WINPCPU TIER3 STD LIC REW BAND-C;SFENT5.1WINPCPU TIER3 STD LIC REW BAND-C;SFENT5.1WINPCPU TIER3 STD LIC REW BAND-C;SFENT5.1WINPCPU TIER3 STD LIC REW BAND-C;;;;79;;
1;3;2094;1;1678,1751;1364,37;SFENT5.1WINPCPU TIER3 STD LIC REW BAND-E;21020117;;SFENT5.1WINPCPU TIER3 STD LIC REW BAND-E;SFENT5.1WINPCPU TIER3 STD LIC REW BAND-E;SFENT5.1WINPCPU TIER3 STD LIC REW BAND-E;SFENT5.1WINPCPU TIER3 STD LIC REW BAND-E;;;;79;;
1;3;2094;1;431,9022;351,14;SF ENT5.1WINPCPU TIER 3 BAS GOV BAND-S;21020119;;SF ENT5.1WINPCPU TIER 3 BAS GOV BAND-S;SF ENT5.1WINPCPU TIER 3 BAS GOV BAND-S;SF ENT5.1WINPCPU TIER 3 BAS GOV BAND-S;SF ENT5.1WINPCPU TIER 3 BAS GOV BAND-S;;;;79;;
1;3;2094;1;410,3157;333,59;SF ENT5.1WINPCPU TIER 3 BAS REW BAND-D;21020120;;SF ENT5.1WINPCPU TIER 3 BAS REW BAND-D;SF ENT5.1WINPCPU TIER 3 BAS REW BAND-D;SF ENT5.1WINPCPU TIER 3 BAS REW BAND-D;SF ENT5.1WINPCPU TIER 3 BAS REW BAND-D;;;;79;;
1;3;2094;1;310,2429;252,23;REW TSPP STOR FOUND ENT 5.1 WIN CPU T3 BAS 12M D;21020121;;REW TSPP STOR FOUND ENT 5.1 WIN CPU T3 BAS 12M D;REW TSPP STOR FOUND ENT 5.1 WIN CPU T3 BAS 12M D;REW TSPP STOR FOUND ENT 5.1 WIN CPU T3 BAS 12M D;REW TSPP STOR FOUND ENT 5.1 WIN CPU T3 BAS 12M D;;;;79;;
1;3;2094;1;302,0634;245,58;REW TSPP STOR FOUND ENT 5.1 WIN CPU T3 BAS 12M E;21020122;;REW TSPP STOR FOUND ENT 5.1 WIN CPU T3 BAS 12M E;REW TSPP STOR FOUND ENT 5.1 WIN CPU T3 BAS 12M E;REW TSPP STOR FOUND ENT 5.1 WIN CPU T3 BAS 12M E;REW TSPP STOR FOUND ENT 5.1 WIN CPU T3 BAS 12M E;;;;79;;
1;3;2094;1;417,2898;339,26;EXP TSPP STOR FOUND ENT 5.1 WIN CPU T3 ESS 12M S;21020126;;EXP TSPP STOR FOUND ENT 5.1 WIN CPU T3 ESS 12M S;EXP TSPP STOR FOUND ENT 5.1 WIN CPU T3 ESS 12M S;EXP TSPP STOR FOUND ENT 5.1 WIN CPU T3 ESS 12M S;EXP TSPP STOR FOUND ENT 5.1 WIN CPU T3 ESS 12M S;;;;79;;
1;3;2094;1;417,2898;339,26;REW TSPP STOR FOUND ENT 5.1 WIN CPU T3 ESS 12M A;21020127;;REW TSPP STOR FOUND ENT 5.1 WIN CPU T3 ESS 12M A;REW TSPP STOR FOUND ENT 5.1 WIN CPU T3 ESS 12M A;REW TSPP STOR FOUND ENT 5.1 WIN CPU T3 ESS 12M A;REW TSPP STOR FOUND ENT 5.1 WIN CPU T3 ESS 12M A;;;;79;;
1;3;2094;1;1193,2353;970,11;SFENT5.1WINPCPU TIER1 STD LIC GOV BAND-S;21020128;;SFENT5.1WINPCPU TIER1 STD LIC GOV BAND-S;SFENT5.1WINPCPU TIER1 STD LIC GOV BAND-S;SFENT5.1WINPCPU TIER1 STD LIC GOV BAND-S;SFENT5.1WINPCPU TIER1 STD LIC GOV BAND-S;;;;79;;
1;3;2094;1;1193,2353;970,11;SFENT5.1WINPCPU TIER1 STD LIC REW BAND-A;21020129;;SFENT5.1WINPCPU TIER1 STD LIC REW BAND-A;SFENT5.1WINPCPU TIER1 STD LIC REW BAND-A;SFENT5.1WINPCPU TIER1 STD LIC REW BAND-A;SFENT5.1WINPCPU TIER1 STD LIC REW BAND-A;;;;79;;
1;3;2094;1;284,0685;230,95;SF ENT5.1WINPCPU TIER 1 BAS ACD BAND-S;21020130;;SF ENT5.1WINPCPU TIER 1 BAS ACD BAND-S;SF ENT5.1WINPCPU TIER 1 BAS ACD BAND-S;SF ENT5.1WINPCPU TIER 1 BAS ACD BAND-S;SF ENT5.1WINPCPU TIER 1 BAS ACD BAND-S;;;;79;;
1;3;2094;1;262,7526;213,62;SF ENT5.1WINPCPU TIER 1 BAS REW BAND-E;21020131;;SF ENT5.1WINPCPU TIER 1 BAS REW BAND-E;SF ENT5.1WINPCPU TIER 1 BAS REW BAND-E;SF ENT5.1WINPCPU TIER 1 BAS REW BAND-E;SF ENT5.1WINPCPU TIER 1 BAS REW BAND-E;;;;79;;
1;3;2094;1;362,973;295,1;SF ENT5.1WINPCPU TIER 1 ESS GOV BAND-S;21020132;;SF ENT5.1WINPCPU TIER 1 ESS GOV BAND-S;SF ENT5.1WINPCPU TIER 1 ESS GOV BAND-S;SF ENT5.1WINPCPU TIER 1 ESS GOV BAND-S;SF ENT5.1WINPCPU TIER 1 ESS GOV BAND-S;;;;79;;
1;3;2094;1;551,8887;448,69;SF ENT5.1WINPCPU TIER 3 ESS GOV BAND-S;21020133;;SF ENT5.1WINPCPU TIER 3 ESS GOV BAND-S;SF ENT5.1WINPCPU TIER 3 ESS GOV BAND-S;SF ENT5.1WINPCPU TIER 3 ESS GOV BAND-S;SF ENT5.1WINPCPU TIER 3 ESS GOV BAND-S;;;;79;;
1;3;2094;1;551,8887;448,69;SF ENT5.1WINPCPU TIER 3 ESS REW BAND-A;21020134;;SF ENT5.1WINPCPU TIER 3 ESS REW BAND-A;SF ENT5.1WINPCPU TIER 3 ESS REW BAND-A;SF ENT5.1WINPCPU TIER 3 ESS REW BAND-A;SF ENT5.1WINPCPU TIER 3 ESS REW BAND-A;;;;79;;
1;3;2094;1;326,5527;265,49;GOV TSPP STOR FOUND ENT 5.1 WIN CPU T3 BAS 12M S;21020135;;GOV TSPP STOR FOUND ENT 5.1 WIN CPU T3 BAS 12M S;GOV TSPP STOR FOUND ENT 5.1 WIN CPU T3 BAS 12M S;GOV TSPP STOR FOUND ENT 5.1 WIN CPU T3 BAS 12M S;GOV TSPP STOR FOUND ENT 5.1 WIN CPU T3 BAS 12M S;;;;79;;
1;3;2094;1;326,5527;265,49;REW TSPP STOR FOUND ENT 5.1 WIN CPU T3 BAS 12M A;21020136;;REW TSPP STOR FOUND ENT 5.1 WIN CPU T3 BAS 12M A;REW TSPP STOR FOUND ENT 5.1 WIN CPU T3 BAS 12M A;REW TSPP STOR FOUND ENT 5.1 WIN CPU T3 BAS 12M A;REW TSPP STOR FOUND ENT 5.1 WIN CPU T3 BAS 12M A;;;;79;;
1;3;2094;1;214,7703;174,61;AE TSPP STOR FOUND ENT 5.1 WIN CPU T1 BAS 12M S;21020141;;AE TSPP STOR FOUND ENT 5.1 WIN CPU T1 BAS 12M S;AE TSPP STOR FOUND ENT 5.1 WIN CPU T1 BAS 12M S;AE TSPP STOR FOUND ENT 5.1 WIN CPU T1 BAS 12M S;AE TSPP STOR FOUND ENT 5.1 WIN CPU T1 BAS 12M S;;;;79;;
1;3;2094;1;204,0447;165,89;REW TSPP STOR FOUND ENT 5.1 WIN CPU T1 BAS 12M C;21020142;;REW TSPP STOR FOUND ENT 5.1 WIN CPU T1 BAS 12M C;REW TSPP STOR FOUND ENT 5.1 WIN CPU T1 BAS 12M C;REW TSPP STOR FOUND ENT 5.1 WIN CPU T1 BAS 12M C;REW TSPP STOR FOUND ENT 5.1 WIN CPU T1 BAS 12M C;;;;79;;
1;3;2094;1;347,4258;282,46;SF ENT5.1WINPCPU TIER 2 BAS REW BAND-B;21020143;;SF ENT5.1WINPCPU TIER 2 BAS REW BAND-B;SF ENT5.1WINPCPU TIER 2 BAS REW BAND-B;SF ENT5.1WINPCPU TIER 2 BAS REW BAND-B;SF ENT5.1WINPCPU TIER 2 BAS REW BAND-B;;;;79;;
1;3;2094;1;443,9439;360,93;SF ENT5.1WINPCPU TIER 2 ESS EXP BAND-S;21020145;;SF ENT5.1WINPCPU TIER 2 ESS EXP BAND-S;SF ENT5.1WINPCPU TIER 2 ESS EXP BAND-S;SF ENT5.1WINPCPU TIER 2 ESS EXP BAND-S;SF ENT5.1WINPCPU TIER 2 ESS EXP BAND-S;;;;79;;
1;3;2094;1;443,9439;360,93;SF ENT5.1WINPCPU TIER 2 ESS ACD BAND-S;21020146;;SF ENT5.1WINPCPU TIER 2 ESS ACD BAND-S;SF ENT5.1WINPCPU TIER 2 ESS ACD BAND-S;SF ENT5.1WINPCPU TIER 2 ESS ACD BAND-S;SF ENT5.1WINPCPU TIER 2 ESS ACD BAND-S;;;;79;;
1;3;2094;1;443,9439;360,93;SF ENT5.1WINPCPU TIER 2 ESS REW BAND-B;21020147;;SF ENT5.1WINPCPU TIER 2 ESS REW BAND-B;SF ENT5.1WINPCPU TIER 2 ESS REW BAND-B;SF ENT5.1WINPCPU TIER 2 ESS REW BAND-B;SF ENT5.1WINPCPU TIER 2 ESS REW BAND-B;;;;79;;
1;3;2094;1;262,6911;213,57;GOV TSPP STOR FOUND ENT 5.1 WIN CPU T2 BAS 12M S;21020149;;GOV TSPP STOR FOUND ENT 5.1 WIN CPU T2 BAS 12M S;GOV TSPP STOR FOUND ENT 5.1 WIN CPU T2 BAS 12M S;GOV TSPP STOR FOUND ENT 5.1 WIN CPU T2 BAS 12M S;GOV TSPP STOR FOUND ENT 5.1 WIN CPU T2 BAS 12M S;;;;79;;
1;3;2094;1;262,6911;213,57;EXP TSPP STOR FOUND ENT 5.1 WIN CPU T2 BAS 12M S;21020150;;EXP TSPP STOR FOUND ENT 5.1 WIN CPU T2 BAS 12M S;EXP TSPP STOR FOUND ENT 5.1 WIN CPU T2 BAS 12M S;EXP TSPP STOR FOUND ENT 5.1 WIN CPU T2 BAS 12M S;EXP TSPP STOR FOUND ENT 5.1 WIN CPU T2 BAS 12M S;;;;79;;
1;3;2094;1;417,2898;339,26;REW TSPP STOR FOUND ENT 5.1 WIN CPU T3 ESS 12M B;21020151;;REW TSPP STOR FOUND ENT 5.1 WIN CPU T3 ESS 12M B;REW TSPP STOR FOUND ENT 5.1 WIN CPU T3 ESS 12M B;REW TSPP STOR FOUND ENT 5.1 WIN CPU T3 ESS 12M B;REW TSPP STOR FOUND ENT 5.1 WIN CPU T3 ESS 12M B;;;;79;;
1;3;2094;1;1193,2353;970,11;SFENT5.1WINPCPU TIER1 STD LIC REW BAND-B;21020152;;SFENT5.1WINPCPU TIER1 STD LIC REW BAND-B;SFENT5.1WINPCPU TIER1 STD LIC REW BAND-B;SFENT5.1WINPCPU TIER1 STD LIC REW BAND-B;SFENT5.1WINPCPU TIER1 STD LIC REW BAND-B;;;;79;;
1;3;2094;1;335,7531;272,97;SF ENT5.1WINPCPU TIER 1 ESS REW BAND-E;21020153;;SF ENT5.1WINPCPU TIER 1 ESS REW BAND-E;SF ENT5.1WINPCPU TIER 1 ESS REW BAND-E;SF ENT5.1WINPCPU TIER 1 ESS REW BAND-E;SF ENT5.1WINPCPU TIER 1 ESS REW BAND-E;;;;79;;
1;3;2094;1;1349,925;1097,5;SFENT5.1WINPCPU TIER2 STD LIC REW BAND-E;21020155;;SFENT5.1WINPCPU TIER2 STD LIC REW BAND-E;SFENT5.1WINPCPU TIER2 STD LIC REW BAND-E;SFENT5.1WINPCPU TIER2 STD LIC REW BAND-E;SFENT5.1WINPCPU TIER2 STD LIC REW BAND-E;;;;79;;
1;3;2094;1;321,3621;261,27;SF ENT5.1WINPCPU TIER 2 BAS REW BAND-E;21020156;;SF ENT5.1WINPCPU TIER 2 BAS REW BAND-E;SF ENT5.1WINPCPU TIER 2 BAS REW BAND-E;SF ENT5.1WINPCPU TIER 2 BAS REW BAND-E;SF ENT5.1WINPCPU TIER 2 BAS REW BAND-E;;;;79;;
1;3;2094;1;443,9439;360,93;SF ENT5.1WINPCPU TIER 2 ESS REW BAND-A;21020157;;SF ENT5.1WINPCPU TIER 2 ESS REW BAND-A;SF ENT5.1WINPCPU TIER 2 ESS REW BAND-A;SF ENT5.1WINPCPU TIER 2 ESS REW BAND-A;SF ENT5.1WINPCPU TIER 2 ESS REW BAND-A;;;;79;;
1;3;2094;1;421,7301;342,87;SF ENT5.1WINPCPU TIER 2 ESS REW BAND-D;21020158;;SF ENT5.1WINPCPU TIER 2 ESS REW BAND-D;SF ENT5.1WINPCPU TIER 2 ESS REW BAND-D;SF ENT5.1WINPCPU TIER 2 ESS REW BAND-D;SF ENT5.1WINPCPU TIER 2 ESS REW BAND-D;;;;79;;
1;3;2094;1;335,667;272,9;GOV TSPP STOR FOUND ENT 5.1 WIN CPU T2 ESS 12M S;21020160;;GOV TSPP STOR FOUND ENT 5.1 WIN CPU T2 ESS 12M S;GOV TSPP STOR FOUND ENT 5.1 WIN CPU T2 ESS 12M S;GOV TSPP STOR FOUND ENT 5.1 WIN CPU T2 ESS 12M S;GOV TSPP STOR FOUND ENT 5.1 WIN CPU T2 ESS 12M S;;;;79;;
1;3;2094;1;318,8775;259,25;REW TSPP STOR FOUND ENT 5.1 WIN CPU T2 ESS 12M D;21020161;;REW TSPP STOR FOUND ENT 5.1 WIN CPU T2 ESS 12M D;REW TSPP STOR FOUND ENT 5.1 WIN CPU T2 ESS 12M D;REW TSPP STOR FOUND ENT 5.1 WIN CPU T2 ESS 12M D;REW TSPP STOR FOUND ENT 5.1 WIN CPU T2 ESS 12M D;;;;79;;
1;3;2094;1;524,2875;426,25;SF ENT5.1WINPCPU TIER 3 ESS REW BAND-C;21020164;;SF ENT5.1WINPCPU TIER 3 ESS REW BAND-C;SF ENT5.1WINPCPU TIER 3 ESS REW BAND-C;SF ENT5.1WINPCPU TIER 3 ESS REW BAND-C;SF ENT5.1WINPCPU TIER 3 ESS REW BAND-C;;;;79;;
1;3;2094;1;396,4044;322,28;REW TSPP STOR FOUND ENT 5.1 WIN CPU T3 ESS 12M C;21020170;;REW TSPP STOR FOUND ENT 5.1 WIN CPU T3 ESS 12M C;REW TSPP STOR FOUND ENT 5.1 WIN CPU T3 ESS 12M C;REW TSPP STOR FOUND ENT 5.1 WIN CPU T3 ESS 12M C;REW TSPP STOR FOUND ENT 5.1 WIN CPU T3 ESS 12M C;;;;79;;
1;3;2094;1;396,4044;322,28;REW TSPP STOR FOUND ENT 5.1 WIN CPU T3 ESS 12M D;21020171;;REW TSPP STOR FOUND ENT 5.1 WIN CPU T3 ESS 12M D;REW TSPP STOR FOUND ENT 5.1 WIN CPU T3 ESS 12M D;REW TSPP STOR FOUND ENT 5.1 WIN CPU T3 ESS 12M D;REW TSPP STOR FOUND ENT 5.1 WIN CPU T3 ESS 12M D;;;;79;;
1;3;2094;1;1133,568;921,6;SFENT5.1WINPCPU TIER1 STD LIC REW BAND-C;21020172;;SFENT5.1WINPCPU TIER1 STD LIC REW BAND-C;SFENT5.1WINPCPU TIER1 STD LIC REW BAND-C;SFENT5.1WINPCPU TIER1 STD LIC REW BAND-C;SFENT5.1WINPCPU TIER1 STD LIC REW BAND-C;;;;79;;
1;3;2094;1;284,0685;230,95;SF ENT5.1WINPCPU TIER 1 BAS GOV BAND-S;21020174;;SF ENT5.1WINPCPU TIER 1 BAS GOV BAND-S;SF ENT5.1WINPCPU TIER 1 BAS GOV BAND-S;SF ENT5.1WINPCPU TIER 1 BAS GOV BAND-S;SF ENT5.1WINPCPU TIER 1 BAS GOV BAND-S;;;;79;;
1;3;2094;1;204,0447;165,89;REW TSPP STOR FOUND ENT 5.1 WIN CPU T1 BAS 12M D;21020175;;REW TSPP STOR FOUND ENT 5.1 WIN CPU T1 BAS 12M D;REW TSPP STOR FOUND ENT 5.1 WIN CPU T1 BAS 12M D;REW TSPP STOR FOUND ENT 5.1 WIN CPU T1 BAS 12M D;REW TSPP STOR FOUND ENT 5.1 WIN CPU T1 BAS 12M D;;;;79;;
1;3;2094;1;249,567;202,9;REW TSPP STOR FOUND ENT 5.1 WIN CPU T2 BAS 12M D;21020178;;REW TSPP STOR FOUND ENT 5.1 WIN CPU T2 BAS 12M D;REW TSPP STOR FOUND ENT 5.1 WIN CPU T2 BAS 12M D;REW TSPP STOR FOUND ENT 5.1 WIN CPU T2 BAS 12M D;REW TSPP STOR FOUND ENT 5.1 WIN CPU T2 BAS 12M D;;;;79;;
1;3;2094;1;1193,2353;970,11;SFENT5.1WINPCPU TIER1 STD LIC EXP BAND-S;21020183;;SFENT5.1WINPCPU TIER1 STD LIC EXP BAND-S;SFENT5.1WINPCPU TIER1 STD LIC EXP BAND-S;SFENT5.1WINPCPU TIER1 STD LIC EXP BAND-S;SFENT5.1WINPCPU TIER1 STD LIC EXP BAND-S;;;;79;;
1;3;2094;1;1193,2353;970,11;SFENT5.1WINPCPU TIER1 STD LIC ACD BAND-S;21020184;;SFENT5.1WINPCPU TIER1 STD LIC ACD BAND-S;SFENT5.1WINPCPU TIER1 STD LIC ACD BAND-S;SFENT5.1WINPCPU TIER1 STD LIC ACD BAND-S;SFENT5.1WINPCPU TIER1 STD LIC ACD BAND-S;;;;79;;
1;3;2094;1;284,0685;230,95;SF ENT5.1WINPCPU TIER 1 BAS EXP BAND-S;21020186;;SF ENT5.1WINPCPU TIER 1 BAS EXP BAND-S;SF ENT5.1WINPCPU TIER 1 BAS EXP BAND-S;SF ENT5.1WINPCPU TIER 1 BAS EXP BAND-S;SF ENT5.1WINPCPU TIER 1 BAS EXP BAND-S;;;;79;;
1;3;2094;1;284,0685;230,95;SF ENT5.1WINPCPU TIER 1 BAS REW BAND-A;21020187;;SF ENT5.1WINPCPU TIER 1 BAS REW BAND-A;SF ENT5.1WINPCPU TIER 1 BAS REW BAND-A;SF ENT5.1WINPCPU TIER 1 BAS REW BAND-A;SF ENT5.1WINPCPU TIER 1 BAS REW BAND-A;;;;79;;
1;3;2094;1;269,8743;219,41;SF ENT5.1WINPCPU TIER 1 BAS REW BAND-D;21020188;;SF ENT5.1WINPCPU TIER 1 BAS REW BAND-D;SF ENT5.1WINPCPU TIER 1 BAS REW BAND-D;SF ENT5.1WINPCPU TIER 1 BAS REW BAND-D;SF ENT5.1WINPCPU TIER 1 BAS REW BAND-D;;;;79;;
1;3;2094;1;362,973;295,1;SF ENT5.1WINPCPU TIER 1 ESS REW BAND-A;21020190;;SF ENT5.1WINPCPU TIER 1 ESS REW BAND-A;SF ENT5.1WINPCPU TIER 1 ESS REW BAND-A;SF ENT5.1WINPCPU TIER 1 ESS REW BAND-A;SF ENT5.1WINPCPU TIER 1 ESS REW BAND-A;;;;79;;
1;3;2094;1;198,6696;161,52;REW TSPP STOR FOUND ENT 5.1 WIN CPU T1 BAS 12M E;21020191;;REW TSPP STOR FOUND ENT 5.1 WIN CPU T1 BAS 12M E;REW TSPP STOR FOUND ENT 5.1 WIN CPU T1 BAS 12M E;REW TSPP STOR FOUND ENT 5.1 WIN CPU T1 BAS 12M E;REW TSPP STOR FOUND ENT 5.1 WIN CPU T1 BAS 12M E;;;;79;;
1;3;2094;1;335,667;272,9;EXP TSPP STOR FOUND ENT 5.1 WIN CPU T2 ESS 12M S;21020195;;EXP TSPP STOR FOUND ENT 5.1 WIN CPU T2 ESS 12M S;EXP TSPP STOR FOUND ENT 5.1 WIN CPU T2 ESS 12M S;EXP TSPP STOR FOUND ENT 5.1 WIN CPU T2 ESS 12M S;EXP TSPP STOR FOUND ENT 5.1 WIN CPU T2 ESS 12M S;;;;79;;
1;3;2094;1;1723,5498;1401,26;SFENT5.1WINPCPU TIER3 STD LIC REW BAND-D;21020196;;SFENT5.1WINPCPU TIER3 STD LIC REW BAND-D;SFENT5.1WINPCPU TIER3 STD LIC REW BAND-D;SFENT5.1WINPCPU TIER3 STD LIC REW BAND-D;SFENT5.1WINPCPU TIER3 STD LIC REW BAND-D;;;;79;;
1;3;2094;1;431,9022;351,14;SF ENT5.1WINPCPU TIER 3 BAS EXP BAND-S;21020197;;SF ENT5.1WINPCPU TIER 3 BAS EXP BAND-S;SF ENT5.1WINPCPU TIER 3 BAS EXP BAND-S;SF ENT5.1WINPCPU TIER 3 BAS EXP BAND-S;SF ENT5.1WINPCPU TIER 3 BAS EXP BAND-S;;;;79;;
1;3;2094;1;269,8743;219,41;SF ENT5.1WINPCPU TIER 1 BAS REW BAND-C;21020202;;SF ENT5.1WINPCPU TIER 1 BAS REW BAND-C;SF ENT5.1WINPCPU TIER 1 BAS REW BAND-C;SF ENT5.1WINPCPU TIER 1 BAS REW BAND-C;SF ENT5.1WINPCPU TIER 1 BAS REW BAND-C;;;;79;;
1;3;2094;1;551,8887;448,69;SF ENT5.1WINPCPU TIER 3 ESS EXP BAND-S;21020204;;SF ENT5.1WINPCPU TIER 3 ESS EXP BAND-S;SF ENT5.1WINPCPU TIER 3 ESS EXP BAND-S;SF ENT5.1WINPCPU TIER 3 ESS EXP BAND-S;SF ENT5.1WINPCPU TIER 3 ESS EXP BAND-S;;;;79;;
1;3;2094;1;417,2898;339,26;GOV TSPP STOR FOUND ENT 5.1 WIN CPU T3 ESS 12M S;21020207;;GOV TSPP STOR FOUND ENT 5.1 WIN CPU T3 ESS 12M S;GOV TSPP STOR FOUND ENT 5.1 WIN CPU T3 ESS 12M S;GOV TSPP STOR FOUND ENT 5.1 WIN CPU T3 ESS 12M S;GOV TSPP STOR FOUND ENT 5.1 WIN CPU T3 ESS 12M S;;;;79;;
1;3;2094;1;344,8182;280,34;SF ENT5.1WINPCPU TIER 1 ESS REW BAND-D;21020208;;SF ENT5.1WINPCPU TIER 1 ESS REW BAND-D;SF ENT5.1WINPCPU TIER 1 ESS REW BAND-D;SF ENT5.1WINPCPU TIER 1 ESS REW BAND-D;SF ENT5.1WINPCPU TIER 1 ESS REW BAND-D;;;;79;;
1;3;2094;1;260,7231;211,97;REW TSPP STOR FOUND ENT 5.1 WIN CPU T1 ESS 12M C;21020210;;REW TSPP STOR FOUND ENT 5.1 WIN CPU T1 ESS 12M C;REW TSPP STOR FOUND ENT 5.1 WIN CPU T1 ESS 12M C;REW TSPP STOR FOUND ENT 5.1 WIN CPU T1 ESS 12M C;REW TSPP STOR FOUND ENT 5.1 WIN CPU T1 ESS 12M C;;;;79;;
1;3;2094;1;362,973;295,1;SF ENT5.1WINPCPU TIER 1 ESS REW BAND-B;21020212;;SF ENT5.1WINPCPU TIER 1 ESS REW BAND-B;SF ENT5.1WINPCPU TIER 1 ESS REW BAND-B;SF ENT5.1WINPCPU TIER 1 ESS REW BAND-B;SF ENT5.1WINPCPU TIER 1 ESS REW BAND-B;;;;79;;
1;3;2094;1;214,7703;174,61;REW TSPP STOR FOUND ENT 5.1 WIN CPU T1 BAS 12M A;21020214;;REW TSPP STOR FOUND ENT 5.1 WIN CPU T1 BAS 12M A;REW TSPP STOR FOUND ENT 5.1 WIN CPU T1 BAS 12M A;REW TSPP STOR FOUND ENT 5.1 WIN CPU T1 BAS 12M A;REW TSPP STOR FOUND ENT 5.1 WIN CPU T1 BAS 12M A;;;;79;;
1;3;2094;1;214,7703;174,61;REW TSPP STOR FOUND ENT 5.1 WIN CPU T1 BAS 12M B;21020215;;REW TSPP STOR FOUND ENT 5.1 WIN CPU T1 BAS 12M B;REW TSPP STOR FOUND ENT 5.1 WIN CPU T1 BAS 12M B;REW TSPP STOR FOUND ENT 5.1 WIN CPU T1 BAS 12M B;REW TSPP STOR FOUND ENT 5.1 WIN CPU T1 BAS 12M B;;;;79;;
1;3;2094;1;1133,568;921,6;SFENT5.1WINPCPU TIER1 STD LIC REW BAND-D;21020219;;SFENT5.1WINPCPU TIER1 STD LIC REW BAND-D;SFENT5.1WINPCPU TIER1 STD LIC REW BAND-D;SFENT5.1WINPCPU TIER1 STD LIC REW BAND-D;SFENT5.1WINPCPU TIER1 STD LIC REW BAND-D;;;;79;;
1;3;2094;1;284,0685;230,95;SF ENT5.1WINPCPU TIER 1 BAS REW BAND-B;21020220;;SF ENT5.1WINPCPU TIER 1 BAS REW BAND-B;SF ENT5.1WINPCPU TIER 1 BAS REW BAND-B;SF ENT5.1WINPCPU TIER 1 BAS REW BAND-B;SF ENT5.1WINPCPU TIER 1 BAS REW BAND-B;;;;79;;
1;3;2094;1;362,973;295,1;SF ENT5.1WINPCPU TIER 1 ESS EXP BAND-S;21020221;;SF ENT5.1WINPCPU TIER 1 ESS EXP BAND-S;SF ENT5.1WINPCPU TIER 1 ESS EXP BAND-S;SF ENT5.1WINPCPU TIER 1 ESS EXP BAND-S;SF ENT5.1WINPCPU TIER 1 ESS EXP BAND-S;;;;79;;
1;3;2094;1;344,8182;280,34;SF ENT5.1WINPCPU TIER 1 ESS REW BAND-C;21020222;;SF ENT5.1WINPCPU TIER 1 ESS REW BAND-C;SF ENT5.1WINPCPU TIER 1 ESS REW BAND-C;SF ENT5.1WINPCPU TIER 1 ESS REW BAND-C;SF ENT5.1WINPCPU TIER 1 ESS REW BAND-C;;;;79;;
1;3;2094;1;274,4499;223,13;EXP TSPP STOR FOUND ENT 5.1 WIN CPU T1 ESS 12M S;21020226;;EXP TSPP STOR FOUND ENT 5.1 WIN CPU T1 ESS 12M S;EXP TSPP STOR FOUND ENT 5.1 WIN CPU T1 ESS 12M S;EXP TSPP STOR FOUND ENT 5.1 WIN CPU T1 ESS 12M S;EXP TSPP STOR FOUND ENT 5.1 WIN CPU T1 ESS 12M S;;;;79;;
1;3;2094;1;274,4499;223,13;REW TSPP STOR FOUND ENT 5.1 WIN CPU T1 ESS 12M A;21020227;;REW TSPP STOR FOUND ENT 5.1 WIN CPU T1 ESS 12M A;REW TSPP STOR FOUND ENT 5.1 WIN CPU T1 ESS 12M A;REW TSPP STOR FOUND ENT 5.1 WIN CPU T1 ESS 12M A;REW TSPP STOR FOUND ENT 5.1 WIN CPU T1 ESS 12M A;;;;79;;
1;3;2094;1;274,4499;223,13;REW TSPP STOR FOUND ENT 5.1 WIN CPU T1 ESS 12M B;21020228;;REW TSPP STOR FOUND ENT 5.1 WIN CPU T1 ESS 12M B;REW TSPP STOR FOUND ENT 5.1 WIN CPU T1 ESS 12M B;REW TSPP STOR FOUND ENT 5.1 WIN CPU T1 ESS 12M B;REW TSPP STOR FOUND ENT 5.1 WIN CPU T1 ESS 12M B;;;;79;;
1;3;2094;1;1459,3704;1186,48;SFENT5.1WINPCPU TIER2 STD LIC REW BAND-A;21020229;;SFENT5.1WINPCPU TIER2 STD LIC REW BAND-A;SFENT5.1WINPCPU TIER2 STD LIC REW BAND-A;SFENT5.1WINPCPU TIER2 STD LIC REW BAND-A;SFENT5.1WINPCPU TIER2 STD LIC REW BAND-A;;;;79;;
1;3;2094;1;1103,7405;897,35;SFENT5.1WINPCPU TIER1 STD LIC REW BAND-E;21020230;;SFENT5.1WINPCPU TIER1 STD LIC REW BAND-E;SFENT5.1WINPCPU TIER1 STD LIC REW BAND-E;SFENT5.1WINPCPU TIER1 STD LIC REW BAND-E;SFENT5.1WINPCPU TIER1 STD LIC REW BAND-E;;;;79;;
1;3;2094;1;214,7703;174,61;GOV TSPP STOR FOUND ENT 5.1 WIN CPU T1 BAS 12M S;21020231;;GOV TSPP STOR FOUND ENT 5.1 WIN CPU T1 BAS 12M S;GOV TSPP STOR FOUND ENT 5.1 WIN CPU T1 BAS 12M S;GOV TSPP STOR FOUND ENT 5.1 WIN CPU T1 BAS 12M S;GOV TSPP STOR FOUND ENT 5.1 WIN CPU T1 BAS 12M S;;;;79;;
1;3;2094;1;1459,3704;1186,48;SFENT5.1WINPCPU TIER2 STD LIC EXP BAND-S;21020235;;SFENT5.1WINPCPU TIER2 STD LIC EXP BAND-S;SFENT5.1WINPCPU TIER2 STD LIC EXP BAND-S;SFENT5.1WINPCPU TIER2 STD LIC EXP BAND-S;SFENT5.1WINPCPU TIER2 STD LIC EXP BAND-S;;;;79;;
1;3;2094;1;1459,3704;1186,48;SFENT5.1WINPCPU TIER2 STD LIC ACD BAND-S;21020236;;SFENT5.1WINPCPU TIER2 STD LIC ACD BAND-S;SFENT5.1WINPCPU TIER2 STD LIC ACD BAND-S;SFENT5.1WINPCPU TIER2 STD LIC ACD BAND-S;SFENT5.1WINPCPU TIER2 STD LIC ACD BAND-S;;;;79;;
1;3;2094;1;1386,4191;1127,17;SFENT5.1WINPCPU TIER2 STD LIC REW BAND-C;21020237;;SFENT5.1WINPCPU TIER2 STD LIC REW BAND-C;SFENT5.1WINPCPU TIER2 STD LIC REW BAND-C;SFENT5.1WINPCPU TIER2 STD LIC REW BAND-C;SFENT5.1WINPCPU TIER2 STD LIC REW BAND-C;;;;79;;
1;3;2094;1;1386,4191;1127,17;SFENT5.1WINPCPU TIER2 STD LIC REW BAND-D;21020238;;SFENT5.1WINPCPU TIER2 STD LIC REW BAND-D;SFENT5.1WINPCPU TIER2 STD LIC REW BAND-D;SFENT5.1WINPCPU TIER2 STD LIC REW BAND-D;SFENT5.1WINPCPU TIER2 STD LIC REW BAND-D;;;;79;;
1;3;2094;1;347,4258;282,46;SF ENT5.1WINPCPU TIER 2 BAS ACD BAND-S;21020239;;SF ENT5.1WINPCPU TIER 2 BAS ACD BAND-S;SF ENT5.1WINPCPU TIER 2 BAS ACD BAND-S;SF ENT5.1WINPCPU TIER 2 BAS ACD BAND-S;SF ENT5.1WINPCPU TIER 2 BAS ACD BAND-S;;;;79;;
1;3;2094;1;347,4258;282,46;SF ENT5.1WINPCPU TIER 2 BAS REW BAND-A;21020240;;SF ENT5.1WINPCPU TIER 2 BAS REW BAND-A;SF ENT5.1WINPCPU TIER 2 BAS REW BAND-A;SF ENT5.1WINPCPU TIER 2 BAS REW BAND-A;SF ENT5.1WINPCPU TIER 2 BAS REW BAND-A;;;;79;;
1;3;2094;1;443,9439;360,93;SF ENT5.1WINPCPU TIER 2 ESS GOV BAND-S;21020241;;SF ENT5.1WINPCPU TIER 2 ESS GOV BAND-S;SF ENT5.1WINPCPU TIER 2 ESS GOV BAND-S;SF ENT5.1WINPCPU TIER 2 ESS GOV BAND-S;SF ENT5.1WINPCPU TIER 2 ESS GOV BAND-S;;;;79;;
1;3;2094;1;421,7301;342,87;SF ENT5.1WINPCPU TIER 2 ESS REW BAND-C;21020242;;SF ENT5.1WINPCPU TIER 2 ESS REW BAND-C;SF ENT5.1WINPCPU TIER 2 ESS REW BAND-C;SF ENT5.1WINPCPU TIER 2 ESS REW BAND-C;SF ENT5.1WINPCPU TIER 2 ESS REW BAND-C;;;;79;;
1;3;2094;1;262,6911;213,57;REW TSPP STOR FOUND ENT 5.1 WIN CPU T2 BAS 12M B;21020243;;REW TSPP STOR FOUND ENT 5.1 WIN CPU T2 BAS 12M B;REW TSPP STOR FOUND ENT 5.1 WIN CPU T2 BAS 12M B;REW TSPP STOR FOUND ENT 5.1 WIN CPU T2 BAS 12M B;REW TSPP STOR FOUND ENT 5.1 WIN CPU T2 BAS 12M B;;;;79;;
1;3;2094;1;335,667;272,9;REW TSPP STOR FOUND ENT 5.1 WIN CPU T2 ESS 12M A;21020247;;REW TSPP STOR FOUND ENT 5.1 WIN CPU T2 ESS 12M A;REW TSPP STOR FOUND ENT 5.1 WIN CPU T2 ESS 12M A;REW TSPP STOR FOUND ENT 5.1 WIN CPU T2 ESS 12M A;REW TSPP STOR FOUND ENT 5.1 WIN CPU T2 ESS 12M A;;;;79;;
1;3;2094;1;335,667;272,9;REW TSPP STOR FOUND ENT 5.1 WIN CPU T2 ESS 12M B;21020248;;REW TSPP STOR FOUND ENT 5.1 WIN CPU T2 ESS 12M B;REW TSPP STOR FOUND ENT 5.1 WIN CPU T2 ESS 12M B;REW TSPP STOR FOUND ENT 5.1 WIN CPU T2 ESS 12M B;REW TSPP STOR FOUND ENT 5.1 WIN CPU T2 ESS 12M B;;;;79;;
1;3;2094;1;1814,2377;1474,99;SFENT5.1WINPCPU TIER3 STD LIC GOV BAND-S;21020249;;SFENT5.1WINPCPU TIER3 STD LIC GOV BAND-S;SFENT5.1WINPCPU TIER3 STD LIC GOV BAND-S;SFENT5.1WINPCPU TIER3 STD LIC GOV BAND-S;SFENT5.1WINPCPU TIER3 STD LIC GOV BAND-S;;;;79;;
1;3;2094;1;1814,2377;1474,99;SFENT5.1WINPCPU TIER3 STD LIC EXP BAND-S;21020250;;SFENT5.1WINPCPU TIER3 STD LIC EXP BAND-S;SFENT5.1WINPCPU TIER3 STD LIC EXP BAND-S;SFENT5.1WINPCPU TIER3 STD LIC EXP BAND-S;SFENT5.1WINPCPU TIER3 STD LIC EXP BAND-S;;;;79;;
1;3;2094;1;1814,2377;1474,99;SFENT5.1WINPCPU TIER3 STD LIC REW BAND-B;21020251;;SFENT5.1WINPCPU TIER3 STD LIC REW BAND-B;SFENT5.1WINPCPU TIER3 STD LIC REW BAND-B;SFENT5.1WINPCPU TIER3 STD LIC REW BAND-B;SFENT5.1WINPCPU TIER3 STD LIC REW BAND-B;;;;79;;
1;3;2094;1;431,9022;351,14;SF ENT5.1WINPCPU TIER 3 BAS ACD BAND-S;21020253;;SF ENT5.1WINPCPU TIER 3 BAS ACD BAND-S;SF ENT5.1WINPCPU TIER 3 BAS ACD BAND-S;SF ENT5.1WINPCPU TIER 3 BAS ACD BAND-S;SF ENT5.1WINPCPU TIER 3 BAS ACD BAND-S;;;;79;;
1;3;2094;1;1814,2377;1474,99;SFENT5.1WINPCPU TIER3 STD LIC ACD BAND-S;21020260;;SFENT5.1WINPCPU TIER3 STD LIC ACD BAND-S;SFENT5.1WINPCPU TIER3 STD LIC ACD BAND-S;SFENT5.1WINPCPU TIER3 STD LIC ACD BAND-S;SFENT5.1WINPCPU TIER3 STD LIC ACD BAND-S;;;;79;;
1;3;2094;1;1814,2377;1474,99;SFENT5.1WINPCPU TIER3 STD LIC REW BAND-A;21020261;;SFENT5.1WINPCPU TIER3 STD LIC REW BAND-A;SFENT5.1WINPCPU TIER3 STD LIC REW BAND-A;SFENT5.1WINPCPU TIER3 STD LIC REW BAND-A;SFENT5.1WINPCPU TIER3 STD LIC REW BAND-A;;;;79;;
1;3;2094;1;431,9022;351,14;SF ENT5.1WINPCPU TIER 3 BAS REW BAND-A;21020262;;SF ENT5.1WINPCPU TIER 3 BAS REW BAND-A;SF ENT5.1WINPCPU TIER 3 BAS REW BAND-A;SF ENT5.1WINPCPU TIER 3 BAS REW BAND-A;SF ENT5.1WINPCPU TIER 3 BAS REW BAND-A;;;;79;;
1;3;2094;1;551,8887;448,69;SF ENT5.1WINPCPU TIER 3 ESS REW BAND-B;21020263;;SF ENT5.1WINPCPU TIER 3 ESS REW BAND-B;SF ENT5.1WINPCPU TIER 3 ESS REW BAND-B;SF ENT5.1WINPCPU TIER 3 ESS REW BAND-B;SF ENT5.1WINPCPU TIER 3 ESS REW BAND-B;;;;79;;
1;3;2094;1;326,5527;265,49;EXP TSPP STOR FOUND ENT 5.1 WIN CPU T3 BAS 12M S;21020265;;EXP TSPP STOR FOUND ENT 5.1 WIN CPU T3 BAS 12M S;EXP TSPP STOR FOUND ENT 5.1 WIN CPU T3 BAS 12M S;EXP TSPP STOR FOUND ENT 5.1 WIN CPU T3 BAS 12M S;EXP TSPP STOR FOUND ENT 5.1 WIN CPU T3 BAS 12M S;;;;79;;
1;3;2094;1;399,5163;324,81;SF ENT5.1WINPCPU TIER 3 BAS REW BAND-E;21020266;;SF ENT5.1WINPCPU TIER 3 BAS REW BAND-E;SF ENT5.1WINPCPU TIER 3 BAS REW BAND-E;SF ENT5.1WINPCPU TIER 3 BAS REW BAND-E;SF ENT5.1WINPCPU TIER 3 BAS REW BAND-E;;;;79;;
1;3;2094;1;551,8887;448,69;SF ENT5.1WINPCPU TIER 3 ESS ACD BAND-S;21020267;;SF ENT5.1WINPCPU TIER 3 ESS ACD BAND-S;SF ENT5.1WINPCPU TIER 3 ESS ACD BAND-S;SF ENT5.1WINPCPU TIER 3 ESS ACD BAND-S;SF ENT5.1WINPCPU TIER 3 ESS ACD BAND-S;;;;79;;
1;3;2094;1;524,2875;426,25;SF ENT5.1WINPCPU TIER 3 ESS REW BAND-D;21020268;;SF ENT5.1WINPCPU TIER 3 ESS REW BAND-D;SF ENT5.1WINPCPU TIER 3 ESS REW BAND-D;SF ENT5.1WINPCPU TIER 3 ESS REW BAND-D;SF ENT5.1WINPCPU TIER 3 ESS REW BAND-D;;;;79;;
1;3;2094;1;417,2898;339,26;AE TSPP STOR FOUND ENT 5.1 WIN CPU T3 ESS 12M S;21020271;;AE TSPP STOR FOUND ENT 5.1 WIN CPU T3 ESS 12M S;AE TSPP STOR FOUND ENT 5.1 WIN CPU T3 ESS 12M S;AE TSPP STOR FOUND ENT 5.1 WIN CPU T3 ESS 12M S;AE TSPP STOR FOUND ENT 5.1 WIN CPU T3 ESS 12M S;;;;79;;
1;3;2094;1;310,2429;252,23;REW TSPP STOR FOUND ENT 5.1 WIN CPU T3 BAS 12M C;21020272;;REW TSPP STOR FOUND ENT 5.1 WIN CPU T3 BAS 12M C;REW TSPP STOR FOUND ENT 5.1 WIN CPU T3 BAS 12M C;REW TSPP STOR FOUND ENT 5.1 WIN CPU T3 BAS 12M C;REW TSPP STOR FOUND ENT 5.1 WIN CPU T3 BAS 12M C;;;;79;;
1;3;2094;1;385,974;313,8;REW TSPP STOR FOUND ENT 5.1 WIN CPU T3 ESS 12M E;21020275;;REW TSPP STOR FOUND ENT 5.1 WIN CPU T3 ESS 12M E;REW TSPP STOR FOUND ENT 5.1 WIN CPU T3 ESS 12M E;REW TSPP STOR FOUND ENT 5.1 WIN CPU T3 ESS 12M E;REW TSPP STOR FOUND ENT 5.1 WIN CPU T3 ESS 12M E;;;;79;;
1;3;2094;1;63,0006;51,22;REW TSPP STOR FOUND DMP 5.1 WIN CPU T1 ESS 12M D;21020278;;REW TSPP STOR FOUND DMP 5.1 WIN CPU T1 ESS 12M D;REW TSPP STOR FOUND DMP 5.1 WIN CPU T1 ESS 12M D;REW TSPP STOR FOUND DMP 5.1 WIN CPU T1 ESS 12M D;REW TSPP STOR FOUND DMP 5.1 WIN CPU T1 ESS 12M D;;;;79;;
1;3;2094;1;87,6375;71,25;SFOPT DMP5.1WINPCPU TIER2 BAS REW BAND-A;21020279;;SFOPT DMP5.1WINPCPU TIER2 BAS REW BAND-A;SFOPT DMP5.1WINPCPU TIER2 BAS REW BAND-A;SFOPT DMP5.1WINPCPU TIER2 BAS REW BAND-A;SFOPT DMP5.1WINPCPU TIER2 BAS REW BAND-A;;;;79;;
1;3;2094;1;83,2833;67,71;SFOPT DMP5.1WINPCPU TIER2 BAS REW BAND-D;21020280;;SFOPT DMP5.1WINPCPU TIER2 BAS REW BAND-D;SFOPT DMP5.1WINPCPU TIER2 BAS REW BAND-D;SFOPT DMP5.1WINPCPU TIER2 BAS REW BAND-D;SFOPT DMP5.1WINPCPU TIER2 BAS REW BAND-D;;;;79;;
1;3;2094;1;111,9915;91,05;SFOPT DMP5.1WINPCPU TIER2 ESS GOV BAND-S;21020281;;SFOPT DMP5.1WINPCPU TIER2 ESS GOV BAND-S;SFOPT DMP5.1WINPCPU TIER2 ESS GOV BAND-S;SFOPT DMP5.1WINPCPU TIER2 ESS GOV BAND-S;SFOPT DMP5.1WINPCPU TIER2 ESS GOV BAND-S;;;;79;;
1;3;2094;1;111,9915;91,05;SFOPT DMP5.1WINPCPU TIER2 ESS ACD BAND-S;21020282;;SFOPT DMP5.1WINPCPU TIER2 ESS ACD BAND-S;SFOPT DMP5.1WINPCPU TIER2 ESS ACD BAND-S;SFOPT DMP5.1WINPCPU TIER2 ESS ACD BAND-S;SFOPT DMP5.1WINPCPU TIER2 ESS ACD BAND-S;;;;79;;
1;3;2094;1;62,9637;51,19;REW TSPP STOR FOUND DMP 5.1 WIN CPU T2 BAS 12M D;21020283;;REW TSPP STOR FOUND DMP 5.1 WIN CPU T2 BAS 12M D;REW TSPP STOR FOUND DMP 5.1 WIN CPU T2 BAS 12M D;REW TSPP STOR FOUND DMP 5.1 WIN CPU T2 BAS 12M D;REW TSPP STOR FOUND DMP 5.1 WIN CPU T2 BAS 12M D;;;;79;;
1;3;2094;1;61,3032;49,84;REW TSPP STOR FOUND DMP 5.1 WIN CPU T2 BAS 12M E;21020284;;REW TSPP STOR FOUND DMP 5.1 WIN CPU T2 BAS 12M E;REW TSPP STOR FOUND DMP 5.1 WIN CPU T2 BAS 12M E;REW TSPP STOR FOUND DMP 5.1 WIN CPU T2 BAS 12M E;REW TSPP STOR FOUND DMP 5.1 WIN CPU T2 BAS 12M E;;;;79;;
1;3;2094;1;78,3264;63,68;REW TSPP STOR FOUND DMP 5.1 WIN CPU T2 ESS 12M E;21020286;;REW TSPP STOR FOUND DMP 5.1 WIN CPU T2 ESS 12M E;REW TSPP STOR FOUND DMP 5.1 WIN CPU T2 ESS 12M E;REW TSPP STOR FOUND DMP 5.1 WIN CPU T2 ESS 12M E;REW TSPP STOR FOUND DMP 5.1 WIN CPU T2 ESS 12M E;;;;79;;
1;3;2094;1;66,2601;53,87;EXP TSPP STOR FOUND DMP 5.1 WIN CPU T2 BAS 12M S;21020287;;EXP TSPP STOR FOUND DMP 5.1 WIN CPU T2 BAS 12M S;EXP TSPP STOR FOUND DMP 5.1 WIN CPU T2 BAS 12M S;EXP TSPP STOR FOUND DMP 5.1 WIN CPU T2 BAS 12M S;EXP TSPP STOR FOUND DMP 5.1 WIN CPU T2 BAS 12M S;;;;79;;
1;3;2094;1;84,6732;68,84;EXP TSPP STOR FOUND DMP 5.1 WIN CPU T2 ESS 12M S;21020291;;EXP TSPP STOR FOUND DMP 5.1 WIN CPU T2 ESS 12M S;EXP TSPP STOR FOUND DMP 5.1 WIN CPU T2 ESS 12M S;EXP TSPP STOR FOUND DMP 5.1 WIN CPU T2 ESS 12M S;EXP TSPP STOR FOUND DMP 5.1 WIN CPU T2 ESS 12M S;;;;79;;
1;3;2094;1;414,4239;336,93;SFOPT DMP5.1WIN TIER3 STD LIC REW BAND-E;21020292;;SFOPT DMP5.1WIN TIER3 STD LIC REW BAND-E;SFOPT DMP5.1WIN TIER3 STD LIC REW BAND-E;SFOPT DMP5.1WIN TIER3 STD LIC REW BAND-E;SFOPT DMP5.1WIN TIER3 STD LIC REW BAND-E;;;;79;;
1;3;2094;1;66,2601;53,87;REW TSPP STOR FOUND DMP 5.1 WIN CPU T2 BAS 12M B;21020296;;REW TSPP STOR FOUND DMP 5.1 WIN CPU T2 BAS 12M B;REW TSPP STOR FOUND DMP 5.1 WIN CPU T2 BAS 12M B;REW TSPP STOR FOUND DMP 5.1 WIN CPU T2 BAS 12M B;REW TSPP STOR FOUND DMP 5.1 WIN CPU T2 BAS 12M B;;;;79;;
1;3;2094;1;84,6732;68,84;GOV TSPP STOR FOUND DMP 5.1 WIN CPU T2 ESS 12M S;21020298;;GOV TSPP STOR FOUND DMP 5.1 WIN CPU T2 ESS 12M S;GOV TSPP STOR FOUND DMP 5.1 WIN CPU T2 ESS 12M S;GOV TSPP STOR FOUND DMP 5.1 WIN CPU T2 ESS 12M S;GOV TSPP STOR FOUND DMP 5.1 WIN CPU T2 ESS 12M S;;;;79;;
1;3;2094;1;448,0152;364,24;SFOPT DMP5.1WIN TIER3 STD LIC REW BAND-B;21020300;;SFOPT DMP5.1WIN TIER3 STD LIC REW BAND-B;SFOPT DMP5.1WIN TIER3 STD LIC REW BAND-B;SFOPT DMP5.1WIN TIER3 STD LIC REW BAND-B;SFOPT DMP5.1WIN TIER3 STD LIC REW BAND-B;;;;79;;
1;3;2094;1;101,3274;82,38;SFOPT DMP5.1WINPCPU TIER3 BAS REW BAND-C;21020301;;SFOPT DMP5.1WINPCPU TIER3 BAS REW BAND-C;SFOPT DMP5.1WINPCPU TIER3 BAS REW BAND-C;SFOPT DMP5.1WINPCPU TIER3 BAS REW BAND-C;SFOPT DMP5.1WINPCPU TIER3 BAS REW BAND-C;;;;79;;
1;3;2094;1;97,8957;79,59;REW TSPP STOR FOUND DMP 5.1 WIN CPU T3 ESS 12M C;21020304;;REW TSPP STOR FOUND DMP 5.1 WIN CPU T3 ESS 12M C;REW TSPP STOR FOUND DMP 5.1 WIN CPU T3 ESS 12M C;REW TSPP STOR FOUND DMP 5.1 WIN CPU T3 ESS 12M C;REW TSPP STOR FOUND DMP 5.1 WIN CPU T3 ESS 12M C;;;;79;;
1;3;2094;1;103,0371;83,77;GOV TSPP STOR FOUND DMP 5.1 WIN CPU T3 ESS 12M S;21020305;;GOV TSPP STOR FOUND DMP 5.1 WIN CPU T3 ESS 12M S;GOV TSPP STOR FOUND DMP 5.1 WIN CPU T3 ESS 12M S;GOV TSPP STOR FOUND DMP 5.1 WIN CPU T3 ESS 12M S;GOV TSPP STOR FOUND DMP 5.1 WIN CPU T3 ESS 12M S;;;;79;;
1;3;2094;1;273,921;222,7;SFOPT DMP5.1WIN TIER1 STD LIC REW BAND-C;21020306;;SFOPT DMP5.1WIN TIER1 STD LIC REW BAND-C;SFOPT DMP5.1WIN TIER1 STD LIC REW BAND-C;SFOPT DMP5.1WIN TIER1 STD LIC REW BAND-C;SFOPT DMP5.1WIN TIER1 STD LIC REW BAND-C;;;;79;;
1;3;2094;1;87,7236;71,32;SFOPT DMP5.1WINPCPU TIER1 ESS REW BAND-B;21020308;;SFOPT DMP5.1WINPCPU TIER1 ESS REW BAND-B;SFOPT DMP5.1WINPCPU TIER1 ESS REW BAND-B;SFOPT DMP5.1WINPCPU TIER1 ESS REW BAND-B;SFOPT DMP5.1WINPCPU TIER1 ESS REW BAND-B;;;;79;;
1;3;2094;1;87,7236;71,32;SFOPT DMP5.1WINPCPU TIER1 ESS GOV BAND-S;21020309;;SFOPT DMP5.1WINPCPU TIER1 ESS GOV BAND-S;SFOPT DMP5.1WINPCPU TIER1 ESS GOV BAND-S;SFOPT DMP5.1WINPCPU TIER1 ESS GOV BAND-S;SFOPT DMP5.1WINPCPU TIER1 ESS GOV BAND-S;;;;79;;
1;3;2094;1;87,7236;71,32;SFOPT DMP5.1WINPCPU TIER1 ESS EXP BAND-S;21020310;;SFOPT DMP5.1WINPCPU TIER1 ESS EXP BAND-S;SFOPT DMP5.1WINPCPU TIER1 ESS EXP BAND-S;SFOPT DMP5.1WINPCPU TIER1 ESS EXP BAND-S;SFOPT DMP5.1WINPCPU TIER1 ESS EXP BAND-S;;;;79;;
1;3;2094;1;106,6533;86,71;SFOPT DMP5.1WINPCPU TIER3 BAS EXP BAND-S;21020313;;SFOPT DMP5.1WINPCPU TIER3 BAS EXP BAND-S;SFOPT DMP5.1WINPCPU TIER3 BAS EXP BAND-S;SFOPT DMP5.1WINPCPU TIER3 BAS EXP BAND-S;SFOPT DMP5.1WINPCPU TIER3 BAS EXP BAND-S;;;;79;;
1;3;2094;1;126,0627;102,49;SFOPT DMP5.1WINPCPU TIER3 ESS REW BAND-E;21020314;;SFOPT DMP5.1WINPCPU TIER3 ESS REW BAND-E;SFOPT DMP5.1WINPCPU TIER3 ESS REW BAND-E;SFOPT DMP5.1WINPCPU TIER3 ESS REW BAND-E;SFOPT DMP5.1WINPCPU TIER3 ESS REW BAND-E;;;;79;;
1;3;2094;1;66,3339;53,93;AE TSPP STOR FOUND DMP 5.1 WIN CPU T1 ESS 12M S;21020317;;AE TSPP STOR FOUND DMP 5.1 WIN CPU T1 ESS 12M S;AE TSPP STOR FOUND DMP 5.1 WIN CPU T1 ESS 12M S;AE TSPP STOR FOUND DMP 5.1 WIN CPU T1 ESS 12M S;AE TSPP STOR FOUND DMP 5.1 WIN CPU T1 ESS 12M S;;;;79;;
1;3;2094;1;368,1636;299,32;AE SF OPT DMP 5.1 WIN PER CPU T2 STD LIC S;21020318;;AE SF OPT DMP 5.1 WIN PER CPU T2 STD LIC S;AE SF OPT DMP 5.1 WIN PER CPU T2 STD LIC S;AE SF OPT DMP 5.1 WIN PER CPU T2 STD LIC S;AE SF OPT DMP 5.1 WIN PER CPU T2 STD LIC S;;;;79;;
1;3;2094;1;87,6375;71,25;SFOPT DMP5.1WINPCPU TIER2 BAS GOV BAND-S;21020319;;SFOPT DMP5.1WINPCPU TIER2 BAS GOV BAND-S;SFOPT DMP5.1WINPCPU TIER2 BAS GOV BAND-S;SFOPT DMP5.1WINPCPU TIER2 BAS GOV BAND-S;SFOPT DMP5.1WINPCPU TIER2 BAS GOV BAND-S;;;;79;;
1;3;2094;1;66,2601;53,87;AE TSPP STOR FOUND DMP 5.1 WIN CPU T2 BAS 12M S;21020320;;AE TSPP STOR FOUND DMP 5.1 WIN CPU T2 BAS 12M S;AE TSPP STOR FOUND DMP 5.1 WIN CPU T2 BAS 12M S;AE TSPP STOR FOUND DMP 5.1 WIN CPU T2 BAS 12M S;AE TSPP STOR FOUND DMP 5.1 WIN CPU T2 BAS 12M S;;;;79;;
1;3;2094;1;84,6732;68,84;REW TSPP STOR FOUND DMP 5.1 WIN CPU T2 ESS 12M A;21020323;;REW TSPP STOR FOUND DMP 5.1 WIN CPU T2 ESS 12M A;REW TSPP STOR FOUND DMP 5.1 WIN CPU T2 ESS 12M A;REW TSPP STOR FOUND DMP 5.1 WIN CPU T2 ESS 12M A;REW TSPP STOR FOUND DMP 5.1 WIN CPU T2 ESS 12M A;;;;79;;
1;3;2094;1;80,6511;65,57;EXP TSPP STOR FOUND DMP 5.1 WIN CPU T3 BAS 12M S;21020324;;EXP TSPP STOR FOUND DMP 5.1 WIN CPU T3 BAS 12M S;EXP TSPP STOR FOUND DMP 5.1 WIN CPU T3 BAS 12M S;EXP TSPP STOR FOUND DMP 5.1 WIN CPU T3 BAS 12M S;EXP TSPP STOR FOUND DMP 5.1 WIN CPU T3 BAS 12M S;;;;79;;
1;3;2094;1;103,0371;83,77;REW TSPP STOR FOUND DMP 5.1 WIN CPU T3 ESS 12M B;21020326;;REW TSPP STOR FOUND DMP 5.1 WIN CPU T3 ESS 12M B;REW TSPP STOR FOUND DMP 5.1 WIN CPU T3 ESS 12M B;REW TSPP STOR FOUND DMP 5.1 WIN CPU T3 ESS 12M B;REW TSPP STOR FOUND DMP 5.1 WIN CPU T3 ESS 12M B;;;;79;;
1;3;2094;1;425,6292;346,04;SFOPT DMP5.1WIN TIER3 STD LIC REW BAND-C;21020328;;SFOPT DMP5.1WIN TIER3 STD LIC REW BAND-C;SFOPT DMP5.1WIN TIER3 STD LIC REW BAND-C;SFOPT DMP5.1WIN TIER3 STD LIC REW BAND-C;SFOPT DMP5.1WIN TIER3 STD LIC REW BAND-C;;;;79;;
1;3;2094;1;129,4698;105,26;SFOPT DMP5.1WINPCPU TIER3 ESS REW BAND-D;21020329;;SFOPT DMP5.1WINPCPU TIER3 ESS REW BAND-D;SFOPT DMP5.1WINPCPU TIER3 ESS REW BAND-D;SFOPT DMP5.1WINPCPU TIER3 ESS REW BAND-D;SFOPT DMP5.1WINPCPU TIER3 ESS REW BAND-D;;;;79;;
1;3;2094;1;136,2717;110,79;SFOPT DMP5.1WINPCPU TIER3 ESS GOV BAND-S;21020330;;SFOPT DMP5.1WINPCPU TIER3 ESS GOV BAND-S;SFOPT DMP5.1WINPCPU TIER3 ESS GOV BAND-S;SFOPT DMP5.1WINPCPU TIER3 ESS GOV BAND-S;SFOPT DMP5.1WINPCPU TIER3 ESS GOV BAND-S;;;;79;;
1;3;2094;1;76,6167;62,29;REW TSPP STOR FOUND DMP 5.1 WIN CPU T3 BAS 12M D;21020331;;REW TSPP STOR FOUND DMP 5.1 WIN CPU T3 BAS 12M D;REW TSPP STOR FOUND DMP 5.1 WIN CPU T3 BAS 12M D;REW TSPP STOR FOUND DMP 5.1 WIN CPU T3 BAS 12M D;REW TSPP STOR FOUND DMP 5.1 WIN CPU T3 BAS 12M D;;;;79;;
1;3;2094;1;68,634;55,8;SFOPT DMP5.1WINPCPU TIER1 BAS REW BAND-A;21020333;;SFOPT DMP5.1WINPCPU TIER1 BAS REW BAND-A;SFOPT DMP5.1WINPCPU TIER1 BAS REW BAND-A;SFOPT DMP5.1WINPCPU TIER1 BAS REW BAND-A;SFOPT DMP5.1WINPCPU TIER1 BAS REW BAND-A;;;;79;;
1;3;2094;1;68,634;55,8;SFOPT DMP5.1WINPCPU TIER1 BAS EXP BAND-S;21020334;;SFOPT DMP5.1WINPCPU TIER1 BAS EXP BAND-S;SFOPT DMP5.1WINPCPU TIER1 BAS EXP BAND-S;SFOPT DMP5.1WINPCPU TIER1 BAS EXP BAND-S;SFOPT DMP5.1WINPCPU TIER1 BAS EXP BAND-S;;;;79;;
1;3;2094;1;51,8937;42,19;REW TSPP STOR FOUND DMP 5.1 WIN CPU T1 BAS 12M B;21020335;;REW TSPP STOR FOUND DMP 5.1 WIN CPU T1 BAS 12M B;REW TSPP STOR FOUND DMP 5.1 WIN CPU T1 BAS 12M B;REW TSPP STOR FOUND DMP 5.1 WIN CPU T1 BAS 12M B;REW TSPP STOR FOUND DMP 5.1 WIN CPU T1 BAS 12M B;;;;79;;
1;3;2094;1;97,8957;79,59;REW TSPP STOR FOUND DMP 5.1 WIN CPU T3 ESS 12M D;21020340;;REW TSPP STOR FOUND DMP 5.1 WIN CPU T3 ESS 12M D;REW TSPP STOR FOUND DMP 5.1 WIN CPU T3 ESS 12M D;REW TSPP STOR FOUND DMP 5.1 WIN CPU T3 ESS 12M D;REW TSPP STOR FOUND DMP 5.1 WIN CPU T3 ESS 12M D;;;;79;;
1;3;2094;1;95,3127;77,49;REW TSPP STOR FOUND DMP 5.1 WIN CPU T3 ESS 12M E;21020341;;REW TSPP STOR FOUND DMP 5.1 WIN CPU T3 ESS 12M E;REW TSPP STOR FOUND DMP 5.1 WIN CPU T3 ESS 12M E;REW TSPP STOR FOUND DMP 5.1 WIN CPU T3 ESS 12M E;REW TSPP STOR FOUND DMP 5.1 WIN CPU T3 ESS 12M E;;;;79;;
1;3;2094;1;68,634;55,8;SFOPT DMP5.1WINPCPU TIER1 BAS REW BAND-B;21020342;;SFOPT DMP5.1WINPCPU TIER1 BAS REW BAND-B;SFOPT DMP5.1WINPCPU TIER1 BAS REW BAND-B;SFOPT DMP5.1WINPCPU TIER1 BAS REW BAND-B;SFOPT DMP5.1WINPCPU TIER1 BAS REW BAND-B;;;;79;;
1;3;2094;1;65,2269;53,03;SFOPT DMP5.1WINPCPU TIER1 BAS REW BAND-D;21020343;;SFOPT DMP5.1WINPCPU TIER1 BAS REW BAND-D;SFOPT DMP5.1WINPCPU TIER1 BAS REW BAND-D;SFOPT DMP5.1WINPCPU TIER1 BAS REW BAND-D;SFOPT DMP5.1WINPCPU TIER1 BAS REW BAND-D;;;;79;;
1;3;2094;1;68,634;55,8;SFOPT DMP5.1WINPCPU TIER1 BAS ACD BAND-S;21020345;;SFOPT DMP5.1WINPCPU TIER1 BAS ACD BAND-S;SFOPT DMP5.1WINPCPU TIER1 BAS ACD BAND-S;SFOPT DMP5.1WINPCPU TIER1 BAS ACD BAND-S;SFOPT DMP5.1WINPCPU TIER1 BAS ACD BAND-S;;;;79;;
1;3;2094;1;87,7236;71,32;SFOPT DMP5.1WINPCPU TIER1 ESS ACD BAND-S;21020347;;SFOPT DMP5.1WINPCPU TIER1 ESS ACD BAND-S;SFOPT DMP5.1WINPCPU TIER1 ESS ACD BAND-S;SFOPT DMP5.1WINPCPU TIER1 ESS ACD BAND-S;SFOPT DMP5.1WINPCPU TIER1 ESS ACD BAND-S;;;;79;;
1;3;2094;1;81,0693;65,91;SFOPT DMP5.1WINPCPU TIER2 BAS REW BAND-E;21020350;;SFOPT DMP5.1WINPCPU TIER2 BAS REW BAND-E;SFOPT DMP5.1WINPCPU TIER2 BAS REW BAND-E;SFOPT DMP5.1WINPCPU TIER2 BAS REW BAND-E;SFOPT DMP5.1WINPCPU TIER2 BAS REW BAND-E;;;;79;;
1;3;2094;1;106,4073;86,51;SFOPT DMP5.1WINPCPU TIER2 ESS REW BAND-C;21020351;;SFOPT DMP5.1WINPCPU TIER2 ESS REW BAND-C;SFOPT DMP5.1WINPCPU TIER2 ESS REW BAND-C;SFOPT DMP5.1WINPCPU TIER2 ESS REW BAND-C;SFOPT DMP5.1WINPCPU TIER2 ESS REW BAND-C;;;;79;;
1;3;2094;1;103,5906;84,22;SFOPT DMP5.1WINPCPU TIER2 ESS REW BAND-E;21020352;;SFOPT DMP5.1WINPCPU TIER2 ESS REW BAND-E;SFOPT DMP5.1WINPCPU TIER2 ESS REW BAND-E;SFOPT DMP5.1WINPCPU TIER2 ESS REW BAND-E;SFOPT DMP5.1WINPCPU TIER2 ESS REW BAND-E;;;;79;;
1;3;2094;1;66,3339;53,93;GOV TSPP STOR FOUND DMP 5.1 WIN CPU T1 ESS 12M S;21020354;;GOV TSPP STOR FOUND DMP 5.1 WIN CPU T1 ESS 12M S;GOV TSPP STOR FOUND DMP 5.1 WIN CPU T1 ESS 12M S;GOV TSPP STOR FOUND DMP 5.1 WIN CPU T1 ESS 12M S;GOV TSPP STOR FOUND DMP 5.1 WIN CPU T1 ESS 12M S;;;;79;;
1;3;2094;1;368,1636;299,32;SFOPT DMP5.1WIN TIER2 STD LIC REW BAND-A;21020356;;SFOPT DMP5.1WIN TIER2 STD LIC REW BAND-A;SFOPT DMP5.1WIN TIER2 STD LIC REW BAND-A;SFOPT DMP5.1WIN TIER2 STD LIC REW BAND-A;SFOPT DMP5.1WIN TIER2 STD LIC REW BAND-A;;;;79;;
1;3;2094;1;368,1636;299,32;GOV SF OPT DMP 5.1 WIN PER CPU T2 STD LIC S;21020357;;GOV SF OPT DMP 5.1 WIN PER CPU T2 STD LIC S;GOV SF OPT DMP 5.1 WIN PER CPU T2 STD LIC S;GOV SF OPT DMP 5.1 WIN PER CPU T2 STD LIC S;GOV SF OPT DMP 5.1 WIN PER CPU T2 STD LIC S;;;;79;;
1;3;2094;1;87,6375;71,25;SFOPT DMP5.1WINPCPU TIER2 BAS EXP BAND-S;21020359;;SFOPT DMP5.1WINPCPU TIER2 BAS EXP BAND-S;SFOPT DMP5.1WINPCPU TIER2 BAS EXP BAND-S;SFOPT DMP5.1WINPCPU TIER2 BAS EXP BAND-S;SFOPT DMP5.1WINPCPU TIER2 BAS EXP BAND-S;;;;79;;
1;3;2094;1;87,6375;71,25;SFOPT DMP5.1WINPCPU TIER2 BAS ACD BAND-S;21020360;;SFOPT DMP5.1WINPCPU TIER2 BAS ACD BAND-S;SFOPT DMP5.1WINPCPU TIER2 BAS ACD BAND-S;SFOPT DMP5.1WINPCPU TIER2 BAS ACD BAND-S;SFOPT DMP5.1WINPCPU TIER2 BAS ACD BAND-S;;;;79;;
1;3;2094;1;101,3274;82,38;SFOPT DMP5.1WINPCPU TIER3 BAS REW BAND-D;21020363;;SFOPT DMP5.1WINPCPU TIER3 BAS REW BAND-D;SFOPT DMP5.1WINPCPU TIER3 BAS REW BAND-D;SFOPT DMP5.1WINPCPU TIER3 BAS REW BAND-D;SFOPT DMP5.1WINPCPU TIER3 BAS REW BAND-D;;;;79;;
1;3;2094;1;80,442;65,4;REW TSPP STOR FOUND DMP 5.1 WIN CPU T2 ESS 12M D;21020366;;REW TSPP STOR FOUND DMP 5.1 WIN CPU T2 ESS 12M D;REW TSPP STOR FOUND DMP 5.1 WIN CPU T2 ESS 12M D;REW TSPP STOR FOUND DMP 5.1 WIN CPU T2 ESS 12M D;REW TSPP STOR FOUND DMP 5.1 WIN CPU T2 ESS 12M D;;;;79;;
1;3;2094;1;448,0152;364,24;AE SF OPT DMP 5.1 WIN PER CPU T3 STD LIC S;21020367;;AE SF OPT DMP 5.1 WIN PER CPU T3 STD LIC S;AE SF OPT DMP 5.1 WIN PER CPU T3 STD LIC S;AE SF OPT DMP 5.1 WIN PER CPU T3 STD LIC S;AE SF OPT DMP 5.1 WIN PER CPU T3 STD LIC S;;;;79;;
1;3;2094;1;106,6533;86,71;SFOPT DMP5.1WINPCPU TIER3 BAS REW BAND-B;21020369;;SFOPT DMP5.1WINPCPU TIER3 BAS REW BAND-B;SFOPT DMP5.1WINPCPU TIER3 BAS REW BAND-B;SFOPT DMP5.1WINPCPU TIER3 BAS REW BAND-B;SFOPT DMP5.1WINPCPU TIER3 BAS REW BAND-B;;;;79;;
1;3;2094;1;103,0371;83,77;REW TSPP STOR FOUND DMP 5.1 WIN CPU T3 ESS 12M A;21020373;;REW TSPP STOR FOUND DMP 5.1 WIN CPU T3 ESS 12M A;REW TSPP STOR FOUND DMP 5.1 WIN CPU T3 ESS 12M A;REW TSPP STOR FOUND DMP 5.1 WIN CPU T3 ESS 12M A;REW TSPP STOR FOUND DMP 5.1 WIN CPU T3 ESS 12M A;;;;79;;
1;3;2094;1;103,0371;83,77;EXP TSPP STOR FOUND DMP 5.1 WIN CPU T3 ESS 12M S;21020374;;EXP TSPP STOR FOUND DMP 5.1 WIN CPU T3 ESS 12M S;EXP TSPP STOR FOUND DMP 5.1 WIN CPU T3 ESS 12M S;EXP TSPP STOR FOUND DMP 5.1 WIN CPU T3 ESS 12M S;EXP TSPP STOR FOUND DMP 5.1 WIN CPU T3 ESS 12M S;;;;79;;
1;3;2094;1;106,6533;86,71;SFOPT DMP5.1WINPCPU TIER3 BAS GOV BAND-S;21020375;;SFOPT DMP5.1WINPCPU TIER3 BAS GOV BAND-S;SFOPT DMP5.1WINPCPU TIER3 BAS GOV BAND-S;SFOPT DMP5.1WINPCPU TIER3 BAS GOV BAND-S;SFOPT DMP5.1WINPCPU TIER3 BAS GOV BAND-S;;;;79;;
1;3;2094;1;136,2717;110,79;SFOPT DMP5.1WINPCPU TIER3 ESS REW BAND-A;21020376;;SFOPT DMP5.1WINPCPU TIER3 ESS REW BAND-A;SFOPT DMP5.1WINPCPU TIER3 ESS REW BAND-A;SFOPT DMP5.1WINPCPU TIER3 ESS REW BAND-A;SFOPT DMP5.1WINPCPU TIER3 ESS REW BAND-A;;;;79;;
1;3;2094;1;136,2717;110,79;SFOPT DMP5.1WINPCPU TIER3 ESS EXP BAND-S;21020377;;SFOPT DMP5.1WINPCPU TIER3 ESS EXP BAND-S;SFOPT DMP5.1WINPCPU TIER3 ESS EXP BAND-S;SFOPT DMP5.1WINPCPU TIER3 ESS EXP BAND-S;SFOPT DMP5.1WINPCPU TIER3 ESS EXP BAND-S;;;;79;;
1;3;2094;1;76,6167;62,29;REW TSPP STOR FOUND DMP 5.1 WIN CPU T3 BAS 12M C;21020378;;REW TSPP STOR FOUND DMP 5.1 WIN CPU T3 BAS 12M C;REW TSPP STOR FOUND DMP 5.1 WIN CPU T3 BAS 12M C;REW TSPP STOR FOUND DMP 5.1 WIN CPU T3 BAS 12M C;REW TSPP STOR FOUND DMP 5.1 WIN CPU T3 BAS 12M C;;;;79;;
1;3;2094;1;288,3243;234,41;SFOPT DMP5.1WIN TIER1 STD LIC REW BAND-B;21020382;;SFOPT DMP5.1WIN TIER1 STD LIC REW BAND-B;SFOPT DMP5.1WIN TIER1 STD LIC REW BAND-B;SFOPT DMP5.1WIN TIER1 STD LIC REW BAND-B;SFOPT DMP5.1WIN TIER1 STD LIC REW BAND-B;;;;79;;
1;3;2094;1;273,921;222,7;SFOPT DMP5.1WIN TIER1 STD LIC REW BAND-D;21020383;;SFOPT DMP5.1WIN TIER1 STD LIC REW BAND-D;SFOPT DMP5.1WIN TIER1 STD LIC REW BAND-D;SFOPT DMP5.1WIN TIER1 STD LIC REW BAND-D;SFOPT DMP5.1WIN TIER1 STD LIC REW BAND-D;;;;79;;
1;3;2094;1;65,2269;53,03;SFOPT DMP5.1WINPCPU TIER1 BAS REW BAND-C;21020384;;SFOPT DMP5.1WINPCPU TIER1 BAS REW BAND-C;SFOPT DMP5.1WINPCPU TIER1 BAS REW BAND-C;SFOPT DMP5.1WINPCPU TIER1 BAS REW BAND-C;SFOPT DMP5.1WINPCPU TIER1 BAS REW BAND-C;;;;79;;
1;3;2094;1;83,3202;67,74;SFOPT DMP5.1WINPCPU TIER1 ESS REW BAND-D;21020385;;SFOPT DMP5.1WINPCPU TIER1 ESS REW BAND-D;SFOPT DMP5.1WINPCPU TIER1 ESS REW BAND-D;SFOPT DMP5.1WINPCPU TIER1 ESS REW BAND-D;SFOPT DMP5.1WINPCPU TIER1 ESS REW BAND-D;;;;79;;
1;3;2094;1;51,8937;42,19;GOV TSPP STOR FOUND DMP 5.1 WIN CPU T1 BAS 12M S;21020386;;GOV TSPP STOR FOUND DMP 5.1 WIN CPU T1 BAS 12M S;GOV TSPP STOR FOUND DMP 5.1 WIN CPU T1 BAS 12M S;GOV TSPP STOR FOUND DMP 5.1 WIN CPU T1 BAS 12M S;GOV TSPP STOR FOUND DMP 5.1 WIN CPU T1 BAS 12M S;;;;79;;
1;3;2094;1;61,3401;49,87;REW TSPP STOR FOUND DMP 5.1 WIN CPU T1 ESS 12M E;21020389;;REW TSPP STOR FOUND DMP 5.1 WIN CPU T1 ESS 12M E;REW TSPP STOR FOUND DMP 5.1 WIN CPU T1 ESS 12M E;REW TSPP STOR FOUND DMP 5.1 WIN CPU T1 ESS 12M E;REW TSPP STOR FOUND DMP 5.1 WIN CPU T1 ESS 12M E;;;;79;;
1;3;2094;1;83,2833;67,71;SFOPT DMP5.1WINPCPU TIER2 BAS REW BAND-C;21020390;;SFOPT DMP5.1WINPCPU TIER2 BAS REW BAND-C;SFOPT DMP5.1WINPCPU TIER2 BAS REW BAND-C;SFOPT DMP5.1WINPCPU TIER2 BAS REW BAND-C;SFOPT DMP5.1WINPCPU TIER2 BAS REW BAND-C;;;;79;;
1;3;2094;1;106,4073;86,51;SFOPT DMP5.1WINPCPU TIER2 ESS REW BAND-D;21020391;;SFOPT DMP5.1WINPCPU TIER2 ESS REW BAND-D;SFOPT DMP5.1WINPCPU TIER2 ESS REW BAND-D;SFOPT DMP5.1WINPCPU TIER2 ESS REW BAND-D;SFOPT DMP5.1WINPCPU TIER2 ESS REW BAND-D;;;;79;;
1;3;2094;1;66,2601;53,87;REW TSPP STOR FOUND DMP 5.1 WIN CPU T2 BAS 12M A;21020392;;REW TSPP STOR FOUND DMP 5.1 WIN CPU T2 BAS 12M A;REW TSPP STOR FOUND DMP 5.1 WIN CPU T2 BAS 12M A;REW TSPP STOR FOUND DMP 5.1 WIN CPU T2 BAS 12M A;REW TSPP STOR FOUND DMP 5.1 WIN CPU T2 BAS 12M A;;;;79;;
1;3;2094;1;80,442;65,4;REW TSPP STOR FOUND DMP 5.1 WIN CPU T2 ESS 12M C;21020397;;REW TSPP STOR FOUND DMP 5.1 WIN CPU T2 ESS 12M C;REW TSPP STOR FOUND DMP 5.1 WIN CPU T2 ESS 12M C;REW TSPP STOR FOUND DMP 5.1 WIN CPU T2 ESS 12M C;REW TSPP STOR FOUND DMP 5.1 WIN CPU T2 ESS 12M C;;;;79;;
1;3;2094;1;84,6732;68,84;AE TSPP STOR FOUND DMP 5.1 WIN CPU T2 ESS 12M S;21020398;;AE TSPP STOR FOUND DMP 5.1 WIN CPU T2 ESS 12M S;AE TSPP STOR FOUND DMP 5.1 WIN CPU T2 ESS 12M S;AE TSPP STOR FOUND DMP 5.1 WIN CPU T2 ESS 12M S;AE TSPP STOR FOUND DMP 5.1 WIN CPU T2 ESS 12M S;;;;79;;
1;3;2094;1;425,6292;346,04;SFOPT DMP5.1WIN TIER3 STD LIC REW BAND-D;21020399;;SFOPT DMP5.1WIN TIER3 STD LIC REW BAND-D;SFOPT DMP5.1WIN TIER3 STD LIC REW BAND-D;SFOPT DMP5.1WIN TIER3 STD LIC REW BAND-D;SFOPT DMP5.1WIN TIER3 STD LIC REW BAND-D;;;;79;;
1;3;2094;1;448,0152;364,24;EXP SF OPT DMP 5.1 WIN PER CPU T3 STD LIC S;21020401;;EXP SF OPT DMP 5.1 WIN PER CPU T3 STD LIC S;EXP SF OPT DMP 5.1 WIN PER CPU T3 STD LIC S;EXP SF OPT DMP 5.1 WIN PER CPU T3 STD LIC S;EXP SF OPT DMP 5.1 WIN PER CPU T3 STD LIC S;;;;79;;
1;3;2094;1;136,2717;110,79;SFOPT DMP5.1WINPCPU TIER3 ESS REW BAND-B;21020403;;SFOPT DMP5.1WINPCPU TIER3 ESS REW BAND-B;SFOPT DMP5.1WINPCPU TIER3 ESS REW BAND-B;SFOPT DMP5.1WINPCPU TIER3 ESS REW BAND-B;SFOPT DMP5.1WINPCPU TIER3 ESS REW BAND-B;;;;79;;
1;3;2094;1;136,2717;110,79;SFOPT DMP5.1WINPCPU TIER3 ESS ACD BAND-S;21020404;;SFOPT DMP5.1WINPCPU TIER3 ESS ACD BAND-S;SFOPT DMP5.1WINPCPU TIER3 ESS ACD BAND-S;SFOPT DMP5.1WINPCPU TIER3 ESS ACD BAND-S;SFOPT DMP5.1WINPCPU TIER3 ESS ACD BAND-S;;;;79;;
1;3;2094;1;80,6511;65,57;REW TSPP STOR FOUND DMP 5.1 WIN CPU T3 BAS 12M B;21020406;;REW TSPP STOR FOUND DMP 5.1 WIN CPU T3 BAS 12M B;REW TSPP STOR FOUND DMP 5.1 WIN CPU T3 BAS 12M B;REW TSPP STOR FOUND DMP 5.1 WIN CPU T3 BAS 12M B;REW TSPP STOR FOUND DMP 5.1 WIN CPU T3 BAS 12M B;;;;79;;
1;3;2094;1;80,6511;65,57;AE TSPP STOR FOUND DMP 5.1 WIN CPU T3 BAS 12M S;21020408;;AE TSPP STOR FOUND DMP 5.1 WIN CPU T3 BAS 12M S;AE TSPP STOR FOUND DMP 5.1 WIN CPU T3 BAS 12M S;AE TSPP STOR FOUND DMP 5.1 WIN CPU T3 BAS 12M S;AE TSPP STOR FOUND DMP 5.1 WIN CPU T3 BAS 12M S;;;;79;;
1;3;2094;1;266,7132;216,84;SFOPT DMP5.1WIN TIER1 STD LIC REW BAND-E;21020413;;SFOPT DMP5.1WIN TIER1 STD LIC REW BAND-E;SFOPT DMP5.1WIN TIER1 STD LIC REW BAND-E;SFOPT DMP5.1WIN TIER1 STD LIC REW BAND-E;SFOPT DMP5.1WIN TIER1 STD LIC REW BAND-E;;;;79;;
1;3;2094;1;68,634;55,8;SFOPT DMP5.1WINPCPU TIER1 BAS GOV BAND-S;21020414;;SFOPT DMP5.1WINPCPU TIER1 BAS GOV BAND-S;SFOPT DMP5.1WINPCPU TIER1 BAS GOV BAND-S;SFOPT DMP5.1WINPCPU TIER1 BAS GOV BAND-S;SFOPT DMP5.1WINPCPU TIER1 BAS GOV BAND-S;;;;79;;
1;3;2094;1;87,7236;71,32;SFOPT DMP5.1WINPCPU TIER1 ESS REW BAND-A;21020415;;SFOPT DMP5.1WINPCPU TIER1 ESS REW BAND-A;SFOPT DMP5.1WINPCPU TIER1 ESS REW BAND-A;SFOPT DMP5.1WINPCPU TIER1 ESS REW BAND-A;SFOPT DMP5.1WINPCPU TIER1 ESS REW BAND-A;;;;79;;
1;3;2094;1;81,1062;65,94;SFOPT DMP5.1WINPCPU TIER1 ESS REW BAND-E;21020416;;SFOPT DMP5.1WINPCPU TIER1 ESS REW BAND-E;SFOPT DMP5.1WINPCPU TIER1 ESS REW BAND-E;SFOPT DMP5.1WINPCPU TIER1 ESS REW BAND-E;SFOPT DMP5.1WINPCPU TIER1 ESS REW BAND-E;;;;79;;
1;3;2094;1;49,3107;40,09;REW TSPP STOR FOUND DMP 5.1 WIN CPU T1 BAS 12M D;21020418;;REW TSPP STOR FOUND DMP 5.1 WIN CPU T1 BAS 12M D;REW TSPP STOR FOUND DMP 5.1 WIN CPU T1 BAS 12M D;REW TSPP STOR FOUND DMP 5.1 WIN CPU T1 BAS 12M D;REW TSPP STOR FOUND DMP 5.1 WIN CPU T1 BAS 12M D;;;;79;;
1;3;2094;1;51,8937;42,19;EXP TSPP STOR FOUND DMP 5.1 WIN CPU T1 BAS 12M S;21020419;;EXP TSPP STOR FOUND DMP 5.1 WIN CPU T1 BAS 12M S;EXP TSPP STOR FOUND DMP 5.1 WIN CPU T1 BAS 12M S;EXP TSPP STOR FOUND DMP 5.1 WIN CPU T1 BAS 12M S;EXP TSPP STOR FOUND DMP 5.1 WIN CPU T1 BAS 12M S;;;;79;;
1;3;2094;1;66,3339;53,93;REW TSPP STOR FOUND DMP 5.1 WIN CPU T1 ESS 12M B;21020424;;REW TSPP STOR FOUND DMP 5.1 WIN CPU T1 ESS 12M B;REW TSPP STOR FOUND DMP 5.1 WIN CPU T1 ESS 12M B;REW TSPP STOR FOUND DMP 5.1 WIN CPU T1 ESS 12M B;REW TSPP STOR FOUND DMP 5.1 WIN CPU T1 ESS 12M B;;;;79;;
1;3;2094;1;288,3243;234,41;GOV SF OPT DMP 5.1 WIN PER CPU T1 STD LIC S;21020426;;GOV SF OPT DMP 5.1 WIN PER CPU T1 STD LIC S;GOV SF OPT DMP 5.1 WIN PER CPU T1 STD LIC S;GOV SF OPT DMP 5.1 WIN PER CPU T1 STD LIC S;GOV SF OPT DMP 5.1 WIN PER CPU T1 STD LIC S;;;;79;;
1;3;2094;1;63,4926;51,62;SFOPT DMP5.1WINPCPU TIER1 BAS REW BAND-E;21020427;;SFOPT DMP5.1WINPCPU TIER1 BAS REW BAND-E;SFOPT DMP5.1WINPCPU TIER1 BAS REW BAND-E;SFOPT DMP5.1WINPCPU TIER1 BAS REW BAND-E;SFOPT DMP5.1WINPCPU TIER1 BAS REW BAND-E;;;;79;;
1;3;2094;1;83,3202;67,74;SFOPT DMP5.1WINPCPU TIER1 ESS REW BAND-C;21020428;;SFOPT DMP5.1WINPCPU TIER1 ESS REW BAND-C;SFOPT DMP5.1WINPCPU TIER1 ESS REW BAND-C;SFOPT DMP5.1WINPCPU TIER1 ESS REW BAND-C;SFOPT DMP5.1WINPCPU TIER1 ESS REW BAND-C;;;;79;;
1;3;2094;1;49,3107;40,09;REW TSPP STOR FOUND DMP 5.1 WIN CPU T1 BAS 12M C;21020429;;REW TSPP STOR FOUND DMP 5.1 WIN CPU T1 BAS 12M C;REW TSPP STOR FOUND DMP 5.1 WIN CPU T1 BAS 12M C;REW TSPP STOR FOUND DMP 5.1 WIN CPU T1 BAS 12M C;REW TSPP STOR FOUND DMP 5.1 WIN CPU T1 BAS 12M C;;;;79;;
1;3;2094;1;51,8937;42,19;AE TSPP STOR FOUND DMP 5.1 WIN CPU T1 BAS 12M S;21020431;;AE TSPP STOR FOUND DMP 5.1 WIN CPU T1 BAS 12M S;AE TSPP STOR FOUND DMP 5.1 WIN CPU T1 BAS 12M S;AE TSPP STOR FOUND DMP 5.1 WIN CPU T1 BAS 12M S;AE TSPP STOR FOUND DMP 5.1 WIN CPU T1 BAS 12M S;;;;79;;
1;3;2094;1;66,3339;53,93;REW TSPP STOR FOUND DMP 5.1 WIN CPU T1 ESS 12M A;21020432;;REW TSPP STOR FOUND DMP 5.1 WIN CPU T1 ESS 12M A;REW TSPP STOR FOUND DMP 5.1 WIN CPU T1 ESS 12M A;REW TSPP STOR FOUND DMP 5.1 WIN CPU T1 ESS 12M A;REW TSPP STOR FOUND DMP 5.1 WIN CPU T1 ESS 12M A;;;;79;;
1;3;2094;1;66,3339;53,93;EXP TSPP STOR FOUND DMP 5.1 WIN CPU T1 ESS 12M S;21020433;;EXP TSPP STOR FOUND DMP 5.1 WIN CPU T1 ESS 12M S;EXP TSPP STOR FOUND DMP 5.1 WIN CPU T1 ESS 12M S;EXP TSPP STOR FOUND DMP 5.1 WIN CPU T1 ESS 12M S;EXP TSPP STOR FOUND DMP 5.1 WIN CPU T1 ESS 12M S;;;;79;;
1;3;2094;1;349,7628;284,36;SFOPT DMP5.1WIN TIER2 STD LIC REW BAND-D;21020434;;SFOPT DMP5.1WIN TIER2 STD LIC REW BAND-D;SFOPT DMP5.1WIN TIER2 STD LIC REW BAND-D;SFOPT DMP5.1WIN TIER2 STD LIC REW BAND-D;SFOPT DMP5.1WIN TIER2 STD LIC REW BAND-D;;;;79;;
1;3;2094;1;448,0152;364,24;SFOPT DMP5.1WIN TIER3 STD LIC REW BAND-A;21020443;;SFOPT DMP5.1WIN TIER3 STD LIC REW BAND-A;SFOPT DMP5.1WIN TIER3 STD LIC REW BAND-A;SFOPT DMP5.1WIN TIER3 STD LIC REW BAND-A;SFOPT DMP5.1WIN TIER3 STD LIC REW BAND-A;;;;79;;
1;3;2094;1;368,1636;299,32;SFOPT DMP5.1WIN TIER2 STD LIC REW BAND-B;21020444;;SFOPT DMP5.1WIN TIER2 STD LIC REW BAND-B;SFOPT DMP5.1WIN TIER2 STD LIC REW BAND-B;SFOPT DMP5.1WIN TIER2 STD LIC REW BAND-B;SFOPT DMP5.1WIN TIER2 STD LIC REW BAND-B;;;;79;;
1;3;2094;1;340,5747;276,89;SFOPT DMP5.1WIN TIER2 STD LIC REW BAND-E;21020445;;SFOPT DMP5.1WIN TIER2 STD LIC REW BAND-E;SFOPT DMP5.1WIN TIER2 STD LIC REW BAND-E;SFOPT DMP5.1WIN TIER2 STD LIC REW BAND-E;SFOPT DMP5.1WIN TIER2 STD LIC REW BAND-E;;;;79;;
1;3;2094;1;87,6375;71,25;SFOPT DMP5.1WINPCPU TIER2 BAS REW BAND-B;21020446;;SFOPT DMP5.1WINPCPU TIER2 BAS REW BAND-B;SFOPT DMP5.1WINPCPU TIER2 BAS REW BAND-B;SFOPT DMP5.1WINPCPU TIER2 BAS REW BAND-B;SFOPT DMP5.1WINPCPU TIER2 BAS REW BAND-B;;;;79;;
1;3;2094;1;62,9637;51,19;REW TSPP STOR FOUND DMP 5.1 WIN CPU T2 BAS 12M C;21020447;;REW TSPP STOR FOUND DMP 5.1 WIN CPU T2 BAS 12M C;REW TSPP STOR FOUND DMP 5.1 WIN CPU T2 BAS 12M C;REW TSPP STOR FOUND DMP 5.1 WIN CPU T2 BAS 12M C;REW TSPP STOR FOUND DMP 5.1 WIN CPU T2 BAS 12M C;;;;79;;
1;3;2094;1;66,2601;53,87;GOV TSPP STOR FOUND DMP 5.1 WIN CPU T2 BAS 12M S;21020449;;GOV TSPP STOR FOUND DMP 5.1 WIN CPU T2 BAS 12M S;GOV TSPP STOR FOUND DMP 5.1 WIN CPU T2 BAS 12M S;GOV TSPP STOR FOUND DMP 5.1 WIN CPU T2 BAS 12M S;GOV TSPP STOR FOUND DMP 5.1 WIN CPU T2 BAS 12M S;;;;79;;
1;3;2094;1;80,6511;65,57;REW TSPP STOR FOUND DMP 5.1 WIN CPU T3 BAS 12M A;21020453;;REW TSPP STOR FOUND DMP 5.1 WIN CPU T3 BAS 12M A;REW TSPP STOR FOUND DMP 5.1 WIN CPU T3 BAS 12M A;REW TSPP STOR FOUND DMP 5.1 WIN CPU T3 BAS 12M A;REW TSPP STOR FOUND DMP 5.1 WIN CPU T3 BAS 12M A;;;;79;;
1;3;2094;1;74,5872;60,64;REW TSPP STOR FOUND DMP 5.1 WIN CPU T3 BAS 12M E;21020454;;REW TSPP STOR FOUND DMP 5.1 WIN CPU T3 BAS 12M E;REW TSPP STOR FOUND DMP 5.1 WIN CPU T3 BAS 12M E;REW TSPP STOR FOUND DMP 5.1 WIN CPU T3 BAS 12M E;REW TSPP STOR FOUND DMP 5.1 WIN CPU T3 BAS 12M E;;;;79;;
1;3;2094;1;80,6511;65,57;GOV TSPP STOR FOUND DMP 5.1 WIN CPU T3 BAS 12M S;21020455;;GOV TSPP STOR FOUND DMP 5.1 WIN CPU T3 BAS 12M S;GOV TSPP STOR FOUND DMP 5.1 WIN CPU T3 BAS 12M S;GOV TSPP STOR FOUND DMP 5.1 WIN CPU T3 BAS 12M S;GOV TSPP STOR FOUND DMP 5.1 WIN CPU T3 BAS 12M S;;;;79;;
1;3;2094;1;63,0006;51,22;REW TSPP STOR FOUND DMP 5.1 WIN CPU T1 ESS 12M C;21020460;;REW TSPP STOR FOUND DMP 5.1 WIN CPU T1 ESS 12M C;REW TSPP STOR FOUND DMP 5.1 WIN CPU T1 ESS 12M C;REW TSPP STOR FOUND DMP 5.1 WIN CPU T1 ESS 12M C;REW TSPP STOR FOUND DMP 5.1 WIN CPU T1 ESS 12M C;;;;79;;
1;3;2094;1;349,7628;284,36;SFOPT DMP5.1WIN TIER2 STD LIC REW BAND-C;21020461;;SFOPT DMP5.1WIN TIER2 STD LIC REW BAND-C;SFOPT DMP5.1WIN TIER2 STD LIC REW BAND-C;SFOPT DMP5.1WIN TIER2 STD LIC REW BAND-C;SFOPT DMP5.1WIN TIER2 STD LIC REW BAND-C;;;;79;;
1;3;2094;1;106,6533;86,71;SFOPT DMP5.1WINPCPU TIER3 BAS REW BAND-A;21020462;;SFOPT DMP5.1WINPCPU TIER3 BAS REW BAND-A;SFOPT DMP5.1WINPCPU TIER3 BAS REW BAND-A;SFOPT DMP5.1WINPCPU TIER3 BAS REW BAND-A;SFOPT DMP5.1WINPCPU TIER3 BAS REW BAND-A;;;;79;;
1;3;2094;1;84,6732;68,84;REW TSPP STOR FOUND DMP 5.1 WIN CPU T2 ESS 12M B;21020464;;REW TSPP STOR FOUND DMP 5.1 WIN CPU T2 ESS 12M B;REW TSPP STOR FOUND DMP 5.1 WIN CPU T2 ESS 12M B;REW TSPP STOR FOUND DMP 5.1 WIN CPU T2 ESS 12M B;REW TSPP STOR FOUND DMP 5.1 WIN CPU T2 ESS 12M B;;;;79;;
1;3;2094;1;448,0152;364,24;GOV SF OPT DMP 5.1 WIN PER CPU T3 STD LIC S;21020465;;GOV SF OPT DMP 5.1 WIN PER CPU T3 STD LIC S;GOV SF OPT DMP 5.1 WIN PER CPU T3 STD LIC S;GOV SF OPT DMP 5.1 WIN PER CPU T3 STD LIC S;GOV SF OPT DMP 5.1 WIN PER CPU T3 STD LIC S;;;;79;;
1;3;2094;1;98,6583;80,21;SFOPT DMP5.1WINPCPU TIER3 BAS REW BAND-E;21020466;;SFOPT DMP5.1WINPCPU TIER3 BAS REW BAND-E;SFOPT DMP5.1WINPCPU TIER3 BAS REW BAND-E;SFOPT DMP5.1WINPCPU TIER3 BAS REW BAND-E;SFOPT DMP5.1WINPCPU TIER3 BAS REW BAND-E;;;;79;;
1;3;2094;1;106,6533;86,71;SFOPT DMP5.1WINPCPU TIER3 BAS ACD BAND-S;21020467;;SFOPT DMP5.1WINPCPU TIER3 BAS ACD BAND-S;SFOPT DMP5.1WINPCPU TIER3 BAS ACD BAND-S;SFOPT DMP5.1WINPCPU TIER3 BAS ACD BAND-S;SFOPT DMP5.1WINPCPU TIER3 BAS ACD BAND-S;;;;79;;
1;3;2094;1;129,4698;105,26;SFOPT DMP5.1WINPCPU TIER3 ESS REW BAND-C;21020469;;SFOPT DMP5.1WINPCPU TIER3 ESS REW BAND-C;SFOPT DMP5.1WINPCPU TIER3 ESS REW BAND-C;SFOPT DMP5.1WINPCPU TIER3 ESS REW BAND-C;SFOPT DMP5.1WINPCPU TIER3 ESS REW BAND-C;;;;79;;
1;3;2094;1;103,0371;83,77;AE TSPP STOR FOUND DMP 5.1 WIN CPU T3 ESS 12M S;21020472;;AE TSPP STOR FOUND DMP 5.1 WIN CPU T3 ESS 12M S;AE TSPP STOR FOUND DMP 5.1 WIN CPU T3 ESS 12M S;AE TSPP STOR FOUND DMP 5.1 WIN CPU T3 ESS 12M S;AE TSPP STOR FOUND DMP 5.1 WIN CPU T3 ESS 12M S;;;;79;;
1;3;2094;1;288,3243;234,41;SFOPT DMP5.1WIN TIER1 STD LIC REW BAND-A;21020473;;SFOPT DMP5.1WIN TIER1 STD LIC REW BAND-A;SFOPT DMP5.1WIN TIER1 STD LIC REW BAND-A;SFOPT DMP5.1WIN TIER1 STD LIC REW BAND-A;SFOPT DMP5.1WIN TIER1 STD LIC REW BAND-A;;;;79;;
1;3;2094;1;368,1636;299,32;EXP SF OPT DMP 5.1 WIN PER CPU T2 STD LIC S;21020475;;EXP SF OPT DMP 5.1 WIN PER CPU T2 STD LIC S;EXP SF OPT DMP 5.1 WIN PER CPU T2 STD LIC S;EXP SF OPT DMP 5.1 WIN PER CPU T2 STD LIC S;EXP SF OPT DMP 5.1 WIN PER CPU T2 STD LIC S;;;;79;;
1;3;2094;1;111,9915;91,05;SFOPT DMP5.1WINPCPU TIER2 ESS REW BAND-A;21020476;;SFOPT DMP5.1WINPCPU TIER2 ESS REW BAND-A;SFOPT DMP5.1WINPCPU TIER2 ESS REW BAND-A;SFOPT DMP5.1WINPCPU TIER2 ESS REW BAND-A;SFOPT DMP5.1WINPCPU TIER2 ESS REW BAND-A;;;;79;;
1;3;2094;1;111,9915;91,05;SFOPT DMP5.1WINPCPU TIER2 ESS REW BAND-B;21020477;;SFOPT DMP5.1WINPCPU TIER2 ESS REW BAND-B;SFOPT DMP5.1WINPCPU TIER2 ESS REW BAND-B;SFOPT DMP5.1WINPCPU TIER2 ESS REW BAND-B;SFOPT DMP5.1WINPCPU TIER2 ESS REW BAND-B;;;;79;;
1;3;2094;1;111,9915;91,05;SFOPT DMP5.1WINPCPU TIER2 ESS EXP BAND-S;21020478;;SFOPT DMP5.1WINPCPU TIER2 ESS EXP BAND-S;SFOPT DMP5.1WINPCPU TIER2 ESS EXP BAND-S;SFOPT DMP5.1WINPCPU TIER2 ESS EXP BAND-S;SFOPT DMP5.1WINPCPU TIER2 ESS EXP BAND-S;;;;79;;
1;3;2094;1;288,3243;234,41;EXP SF OPT DMP 5.1 WIN PER CPU T1 STD LIC S;21020479;;EXP SF OPT DMP 5.1 WIN PER CPU T1 STD LIC S;EXP SF OPT DMP 5.1 WIN PER CPU T1 STD LIC S;EXP SF OPT DMP 5.1 WIN PER CPU T1 STD LIC S;EXP SF OPT DMP 5.1 WIN PER CPU T1 STD LIC S;;;;79;;
1;3;2094;1;288,3243;234,41;AE SF OPT DMP 5.1 WIN PER CPU T1 STD LIC S;21020480;;AE SF OPT DMP 5.1 WIN PER CPU T1 STD LIC S;AE SF OPT DMP 5.1 WIN PER CPU T1 STD LIC S;AE SF OPT DMP 5.1 WIN PER CPU T1 STD LIC S;AE SF OPT DMP 5.1 WIN PER CPU T1 STD LIC S;;;;79;;
1;3;2094;1;51,8937;42,19;REW TSPP STOR FOUND DMP 5.1 WIN CPU T1 BAS 12M A;21020482;;REW TSPP STOR FOUND DMP 5.1 WIN CPU T1 BAS 12M A;REW TSPP STOR FOUND DMP 5.1 WIN CPU T1 BAS 12M A;REW TSPP STOR FOUND DMP 5.1 WIN CPU T1 BAS 12M A;REW TSPP STOR FOUND DMP 5.1 WIN CPU T1 BAS 12M A;;;;79;;
1;3;2094;1;48,0069;39,03;REW TSPP STOR FOUND DMP 5.1 WIN CPU T1 BAS 12M E;21020483;;REW TSPP STOR FOUND DMP 5.1 WIN CPU T1 BAS 12M E;REW TSPP STOR FOUND DMP 5.1 WIN CPU T1 BAS 12M E;REW TSPP STOR FOUND DMP 5.1 WIN CPU T1 BAS 12M E;REW TSPP STOR FOUND DMP 5.1 WIN CPU T1 BAS 12M E;;;;79;;
1;3;2094;1;61,4754;49,98;REW TSPP STOR FOUN FLSNAP 5.1 WIN CPU T1 BAS 12M B;21020487;;REW TSPP STOR FOUN FLSNAP 5.1 WIN CPU T1 BAS 12M B;REW TSPP STOR FOUN FLSNAP 5.1 WIN CPU T1 BAS 12M B;REW TSPP STOR FOUN FLSNAP 5.1 WIN CPU T1 BAS 12M B;REW TSPP STOR FOUN FLSNAP 5.1 WIN CPU T1 BAS 12M B;;;;79;;
1;3;2094;1;72,6561;59,07;REW TSPP STOR FOUN FLSNAP 5.1 WIN CPU T1 ESS 12M E;21020493;;REW TSPP STOR FOUN FLSNAP 5.1 WIN CPU T1 ESS 12M E;REW TSPP STOR FOUN FLSNAP 5.1 WIN CPU T1 ESS 12M E;REW TSPP STOR FOUN FLSNAP 5.1 WIN CPU T1 ESS 12M E;REW TSPP STOR FOUN FLSNAP 5.1 WIN CPU T1 ESS 12M E;;;;79;;
1;3;2094;1;78,5601;63,87;EXP TSPP STOR FOUN FLSNAP 5.1 WIN CPU T1 ESS 12M S;21020494;;EXP TSPP STOR FOUN FLSNAP 5.1 WIN CPU T1 ESS 12M S;EXP TSPP STOR FOUN FLSNAP 5.1 WIN CPU T1 ESS 12M S;EXP TSPP STOR FOUN FLSNAP 5.1 WIN CPU T1 ESS 12M S;EXP TSPP STOR FOUN FLSNAP 5.1 WIN CPU T1 ESS 12M S;;;;79;;
1;3;2094;1;120,0972;97,64;EXP SF OPT FLASHSNAP 5.1 WIN PER CPU T2 ESS S;21020496;;EXP SF OPT FLASHSNAP 5.1 WIN PER CPU T2 ESS S;EXP SF OPT FLASHSNAP 5.1 WIN PER CPU T2 ESS S;EXP SF OPT FLASHSNAP 5.1 WIN PER CPU T2 ESS S;EXP SF OPT FLASHSNAP 5.1 WIN PER CPU T2 ESS S;;;;79;;
1;3;2094;1;65,7435;53,45;REW TSPP STOR FOUN FLSNAP 5.1 WIN CPU T2 BAS 12M E;21020497;;REW TSPP STOR FOUN FLSNAP 5.1 WIN CPU T2 BAS 12M E;REW TSPP STOR FOUN FLSNAP 5.1 WIN CPU T2 BAS 12M E;REW TSPP STOR FOUN FLSNAP 5.1 WIN CPU T2 BAS 12M E;REW TSPP STOR FOUN FLSNAP 5.1 WIN CPU T2 BAS 12M E;;;;79;;
1;3;2094;1;90,8109;73,83;REW TSPP STOR FOUN FLSNAP 5.1 WIN CPU T2 ESS 12M A;21020501;;REW TSPP STOR FOUN FLSNAP 5.1 WIN CPU T2 ESS 12M A;REW TSPP STOR FOUN FLSNAP 5.1 WIN CPU T2 ESS 12M A;REW TSPP STOR FOUN FLSNAP 5.1 WIN CPU T2 ESS 12M A;REW TSPP STOR FOUN FLSNAP 5.1 WIN CPU T2 ESS 12M A;;;;79;;
1;3;2094;1;501,2496;407,52;EXP SF OPT FLASHSNAP 5.1 WIN PER CPU T3 STD LIC S;21020502;;EXP SF OPT FLASHSNAP 5.1 WIN PER CPU T3 STD LIC S;EXP SF OPT FLASHSNAP 5.1 WIN PER CPU T3 STD LIC S;EXP SF OPT FLASHSNAP 5.1 WIN PER CPU T3 STD LIC S;EXP SF OPT FLASHSNAP 5.1 WIN PER CPU T3 STD LIC S;;;;79;;
1;3;2094;1;113,3814;92,18;REW SF OPT FLASHSNAP 5.1 WIN PER CPU T3 BAS D;21020503;;REW SF OPT FLASHSNAP 5.1 WIN PER CPU T3 BAS D;REW SF OPT FLASHSNAP 5.1 WIN PER CPU T3 BAS D;REW SF OPT FLASHSNAP 5.1 WIN PER CPU T3 BAS D;REW SF OPT FLASHSNAP 5.1 WIN PER CPU T3 BAS D;;;;79;;
1;3;2094;1;119,3223;97,01;EXP SF OPT FLASHSNAP 5.1 WIN PER CPU T3 BAS S;21020505;;EXP SF OPT FLASHSNAP 5.1 WIN PER CPU T3 BAS S;EXP SF OPT FLASHSNAP 5.1 WIN PER CPU T3 BAS S;EXP SF OPT FLASHSNAP 5.1 WIN PER CPU T3 BAS S;EXP SF OPT FLASHSNAP 5.1 WIN PER CPU T3 BAS S;;;;79;;
1;3;2094;1;144,8571;117,77;REW SF OPT FLASHSNAP 5.1 WIN PER CPU T3 ESS D;21020506;;REW SF OPT FLASHSNAP 5.1 WIN PER CPU T3 ESS D;REW SF OPT FLASHSNAP 5.1 WIN PER CPU T3 ESS D;REW SF OPT FLASHSNAP 5.1 WIN PER CPU T3 ESS D;REW SF OPT FLASHSNAP 5.1 WIN PER CPU T3 ESS D;;;;79;;
1;3;2094;1;115,2879;93,73;REW TSPP STOR FOUN FLSNAP 5.1 WIN CPU T3 ESS 12M A;21020507;;REW TSPP STOR FOUN FLSNAP 5.1 WIN CPU T3 ESS 12M A;REW TSPP STOR FOUN FLSNAP 5.1 WIN CPU T3 ESS 12M A;REW TSPP STOR FOUN FLSNAP 5.1 WIN CPU T3 ESS 12M A;REW TSPP STOR FOUN FLSNAP 5.1 WIN CPU T3 ESS 12M A;;;;79;;
1;3;2094;1;115,2879;93,73;REW TSPP STOR FOUN FLSNAP 5.1 WIN CPU T3 ESS 12M B;21020508;;REW TSPP STOR FOUN FLSNAP 5.1 WIN CPU T3 ESS 12M B;REW TSPP STOR FOUN FLSNAP 5.1 WIN CPU T3 ESS 12M B;REW TSPP STOR FOUN FLSNAP 5.1 WIN CPU T3 ESS 12M B;REW TSPP STOR FOUN FLSNAP 5.1 WIN CPU T3 ESS 12M B;;;;79;;
1;3;2094;1;109,5192;89,04;REW TSPP STOR FOUN FLSNAP 5.1 WIN CPU T3 ESS 12M C;21020509;;REW TSPP STOR FOUN FLSNAP 5.1 WIN CPU T3 ESS 12M C;REW TSPP STOR FOUN FLSNAP 5.1 WIN CPU T3 ESS 12M C;REW TSPP STOR FOUN FLSNAP 5.1 WIN CPU T3 ESS 12M C;REW TSPP STOR FOUN FLSNAP 5.1 WIN CPU T3 ESS 12M C;;;;79;;
1;3;2094;1;115,2879;93,73;AE TSPP STOR FOUND FLSNAP 5.1 WIN CPU T3 ESS 12M S;21020510;;AE TSPP STOR FOUND FLSNAP 5.1 WIN CPU T3 ESS 12M S;AE TSPP STOR FOUND FLSNAP 5.1 WIN CPU T3 ESS 12M S;AE TSPP STOR FOUND FLSNAP 5.1 WIN CPU T3 ESS 12M S;AE TSPP STOR FOUND FLSNAP 5.1 WIN CPU T3 ESS 12M S;;;;79;;
1;3;2094;1;61,4754;49,98;GOV TSPP STOR FOUN FLSNAP 5.1 WIN CPU T1 BAS 12M S;21020511;;GOV TSPP STOR FOUN FLSNAP 5.1 WIN CPU T1 BAS 12M S;GOV TSPP STOR FOUN FLSNAP 5.1 WIN CPU T1 BAS 12M S;GOV TSPP STOR FOUN FLSNAP 5.1 WIN CPU T1 BAS 12M S;GOV TSPP STOR FOUN FLSNAP 5.1 WIN CPU T1 BAS 12M S;;;;79;;
1;3;2094;1;375,0639;304,93;REW SF OPT FLASHSNAP 5.1 WIN PER CPU T2 STD LIC C;21020515;;REW SF OPT FLASHSNAP 5.1 WIN PER CPU T2 STD LIC C;REW SF OPT FLASHSNAP 5.1 WIN PER CPU T2 STD LIC C;REW SF OPT FLASHSNAP 5.1 WIN PER CPU T2 STD LIC C;REW SF OPT FLASHSNAP 5.1 WIN PER CPU T2 STD LIC C;;;;79;;
1;3;2094;1;93,9843;76,41;GOV SF OPT FLASHSNAP 5.1 WIN PER CPU T2 BAS S;21020517;;GOV SF OPT FLASHSNAP 5.1 WIN PER CPU T2 BAS S;GOV SF OPT FLASHSNAP 5.1 WIN PER CPU T2 BAS S;GOV SF OPT FLASHSNAP 5.1 WIN PER CPU T2 BAS S;GOV SF OPT FLASHSNAP 5.1 WIN PER CPU T2 BAS S;;;;79;;
1;3;2094;1;77,2563;62,81;REW SF OPT FLASHSNAP 5.1 WIN PER CPU T1 BAS D;21020518;;REW SF OPT FLASHSNAP 5.1 WIN PER CPU T1 BAS D;REW SF OPT FLASHSNAP 5.1 WIN PER CPU T1 BAS D;REW SF OPT FLASHSNAP 5.1 WIN PER CPU T1 BAS D;REW SF OPT FLASHSNAP 5.1 WIN PER CPU T1 BAS D;;;;79;;
1;3;2094;1;81,3276;66,12;EXP SF OPT FLASHSNAP 5.1 WIN PER CPU T1 BAS S;21020519;;EXP SF OPT FLASHSNAP 5.1 WIN PER CPU T1 BAS S;EXP SF OPT FLASHSNAP 5.1 WIN PER CPU T1 BAS S;EXP SF OPT FLASHSNAP 5.1 WIN PER CPU T1 BAS S;EXP SF OPT FLASHSNAP 5.1 WIN PER CPU T1 BAS S;;;;79;;
1;3;2094;1;81,3276;66,12;GOV SF OPT FLASHSNAP 5.1 WIN PER CPU T1 BAS S;21020520;;GOV SF OPT FLASHSNAP 5.1 WIN PER CPU T1 BAS S;GOV SF OPT FLASHSNAP 5.1 WIN PER CPU T1 BAS S;GOV SF OPT FLASHSNAP 5.1 WIN PER CPU T1 BAS S;GOV SF OPT FLASHSNAP 5.1 WIN PER CPU T1 BAS S;;;;79;;
1;3;2094;1;394,7931;320,97;REW SF OPT FLASHSNAP 5.1 WIN PER CPU T2 STD LIC B;21020523;;REW SF OPT FLASHSNAP 5.1 WIN PER CPU T2 STD LIC B;REW SF OPT FLASHSNAP 5.1 WIN PER CPU T2 STD LIC B;REW SF OPT FLASHSNAP 5.1 WIN PER CPU T2 STD LIC B;REW SF OPT FLASHSNAP 5.1 WIN PER CPU T2 STD LIC B;;;;79;;
1;3;2094;1;89,2857;72,59;REW SF OPT FLASHSNAP 5.1 WIN PER CPU T2 BAS C;21020524;;REW SF OPT FLASHSNAP 5.1 WIN PER CPU T2 BAS C;REW SF OPT FLASHSNAP 5.1 WIN PER CPU T2 BAS C;REW SF OPT FLASHSNAP 5.1 WIN PER CPU T2 BAS C;REW SF OPT FLASHSNAP 5.1 WIN PER CPU T2 BAS C;;;;79;;
1;3;2094;1;67,5147;54,89;REW TSPP STOR FOUN FLSNAP 5.1 WIN CPU T2 BAS 12M C;21020525;;REW TSPP STOR FOUN FLSNAP 5.1 WIN CPU T2 BAS 12M C;REW TSPP STOR FOUN FLSNAP 5.1 WIN CPU T2 BAS 12M C;REW TSPP STOR FOUN FLSNAP 5.1 WIN CPU T2 BAS 12M C;REW TSPP STOR FOUN FLSNAP 5.1 WIN CPU T2 BAS 12M C;;;;79;;
1;3;2094;1;71,0694;57,78;AE TSPP STOR FOUND FLSNAP 5.1 WIN CPU T2 BAS 12M S;21020526;;AE TSPP STOR FOUND FLSNAP 5.1 WIN CPU T2 BAS 12M S;AE TSPP STOR FOUND FLSNAP 5.1 WIN CPU T2 BAS 12M S;AE TSPP STOR FOUND FLSNAP 5.1 WIN CPU T2 BAS 12M S;AE TSPP STOR FOUND FLSNAP 5.1 WIN CPU T2 BAS 12M S;;;;79;;
1;3;2094;1;86,2599;70,13;REW TSPP STOR FOUN FLSNAP 5.1 WIN CPU T2 ESS 12M C;21020530;;REW TSPP STOR FOUN FLSNAP 5.1 WIN CPU T2 ESS 12M C;REW TSPP STOR FOUN FLSNAP 5.1 WIN CPU T2 ESS 12M C;REW TSPP STOR FOUN FLSNAP 5.1 WIN CPU T2 ESS 12M C;REW TSPP STOR FOUN FLSNAP 5.1 WIN CPU T2 ESS 12M C;;;;79;;
1;3;2094;1;103,8981;84,47;REW SF OPT FLASHSNAP 5.1 WIN PER CPU T1 ESS B;21020531;;REW SF OPT FLASHSNAP 5.1 WIN PER CPU T1 ESS B;REW SF OPT FLASHSNAP 5.1 WIN PER CPU T1 ESS B;REW SF OPT FLASHSNAP 5.1 WIN PER CPU T1 ESS B;REW SF OPT FLASHSNAP 5.1 WIN PER CPU T1 ESS B;;;;79;;
1;3;2094;1;58,4004;47,48;REW TSPP STOR FOUN FLSNAP 5.1 WIN CPU T1 BAS 12M C;21020532;;REW TSPP STOR FOUN FLSNAP 5.1 WIN CPU T1 BAS 12M C;REW TSPP STOR FOUN FLSNAP 5.1 WIN CPU T1 BAS 12M C;REW TSPP STOR FOUN FLSNAP 5.1 WIN CPU T1 BAS 12M C;REW TSPP STOR FOUN FLSNAP 5.1 WIN CPU T1 BAS 12M C;;;;79;;
1;3;2094;1;375,0639;304,93;REW SF OPT FLASHSNAP 5.1 WIN PER CPU T2 STD LIC D;21020535;;REW SF OPT FLASHSNAP 5.1 WIN PER CPU T2 STD LIC D;REW SF OPT FLASHSNAP 5.1 WIN PER CPU T2 STD LIC D;REW SF OPT FLASHSNAP 5.1 WIN PER CPU T2 STD LIC D;REW SF OPT FLASHSNAP 5.1 WIN PER CPU T2 STD LIC D;;;;79;;
1;3;2094;1;93,9843;76,41;REW SF OPT FLASHSNAP 5.1 WIN PER CPU T2 BAS A;21020536;;REW SF OPT FLASHSNAP 5.1 WIN PER CPU T2 BAS A;REW SF OPT FLASHSNAP 5.1 WIN PER CPU T2 BAS A;REW SF OPT FLASHSNAP 5.1 WIN PER CPU T2 BAS A;REW SF OPT FLASHSNAP 5.1 WIN PER CPU T2 BAS A;;;;79;;
1;3;2094;1;93,9843;76,41;AE SF OPT FLASHSNAP 5.1 WIN PER CPU T2 BAS S;21020537;;AE SF OPT FLASHSNAP 5.1 WIN PER CPU T2 BAS S;AE SF OPT FLASHSNAP 5.1 WIN PER CPU T2 BAS S;AE SF OPT FLASHSNAP 5.1 WIN PER CPU T2 BAS S;AE SF OPT FLASHSNAP 5.1 WIN PER CPU T2 BAS S;;;;79;;
1;3;2094;1;93,9843;76,41;EXP SF OPT FLASHSNAP 5.1 WIN PER CPU T2 BAS S;21020538;;EXP SF OPT FLASHSNAP 5.1 WIN PER CPU T2 BAS S;EXP SF OPT FLASHSNAP 5.1 WIN PER CPU T2 BAS S;EXP SF OPT FLASHSNAP 5.1 WIN PER CPU T2 BAS S;EXP SF OPT FLASHSNAP 5.1 WIN PER CPU T2 BAS S;;;;79;;
1;3;2094;1;114,0825;92,75;REW SF OPT FLASHSNAP 5.1 WIN PER CPU T2 ESS D;21020539;;REW SF OPT FLASHSNAP 5.1 WIN PER CPU T2 ESS D;REW SF OPT FLASHSNAP 5.1 WIN PER CPU T2 ESS D;REW SF OPT FLASHSNAP 5.1 WIN PER CPU T2 ESS D;REW SF OPT FLASHSNAP 5.1 WIN PER CPU T2 ESS D;;;;79;;
1;3;2094;1;120,0972;97,64;GOV SF OPT FLASHSNAP 5.1 WIN PER CPU T2 ESS S;21020541;;GOV SF OPT FLASHSNAP 5.1 WIN PER CPU T2 ESS S;GOV SF OPT FLASHSNAP 5.1 WIN PER CPU T2 ESS S;GOV SF OPT FLASHSNAP 5.1 WIN PER CPU T2 ESS S;GOV SF OPT FLASHSNAP 5.1 WIN PER CPU T2 ESS S;;;;79;;
1;3;2094;1;71,0694;57,78;REW TSPP STOR FOUN FLSNAP 5.1 WIN CPU T2 BAS 12M A;21020542;;REW TSPP STOR FOUN FLSNAP 5.1 WIN CPU T2 BAS 12M A;REW TSPP STOR FOUN FLSNAP 5.1 WIN CPU T2 BAS 12M A;REW TSPP STOR FOUN FLSNAP 5.1 WIN CPU T2 BAS 12M A;REW TSPP STOR FOUN FLSNAP 5.1 WIN CPU T2 BAS 12M A;;;;79;;
1;3;2094;1;476,1945;387,15;REW SF OPT FLASHSNAP 5.1 WIN PER CPU T3 STD LIC D;21020545;;REW SF OPT FLASHSNAP 5.1 WIN PER CPU T3 STD LIC D;REW SF OPT FLASHSNAP 5.1 WIN PER CPU T3 STD LIC D;REW SF OPT FLASHSNAP 5.1 WIN PER CPU T3 STD LIC D;REW SF OPT FLASHSNAP 5.1 WIN PER CPU T3 STD LIC D;;;;79;;
1;3;2094;1;119,3223;97,01;REW SF OPT FLASHSNAP 5.1 WIN PER CPU T3 BAS B;21020546;;REW SF OPT FLASHSNAP 5.1 WIN PER CPU T3 BAS B;REW SF OPT FLASHSNAP 5.1 WIN PER CPU T3 BAS B;REW SF OPT FLASHSNAP 5.1 WIN PER CPU T3 BAS B;REW SF OPT FLASHSNAP 5.1 WIN PER CPU T3 BAS B;;;;79;;
1;3;2094;1;152,4708;123,96;REW SF OPT FLASHSNAP 5.1 WIN PER CPU T3 ESS B;21020547;;REW SF OPT FLASHSNAP 5.1 WIN PER CPU T3 ESS B;REW SF OPT FLASHSNAP 5.1 WIN PER CPU T3 ESS B;REW SF OPT FLASHSNAP 5.1 WIN PER CPU T3 ESS B;REW SF OPT FLASHSNAP 5.1 WIN PER CPU T3 ESS B;;;;79;;
1;3;2094;1;90,2205;73,35;REW TSPP STOR FOUN FLSNAP 5.1 WIN CPU T3 BAS 12M A;21020550;;REW TSPP STOR FOUN FLSNAP 5.1 WIN CPU T3 BAS 12M A;REW TSPP STOR FOUN FLSNAP 5.1 WIN CPU T3 BAS 12M A;REW TSPP STOR FOUN FLSNAP 5.1 WIN CPU T3 BAS 12M A;REW TSPP STOR FOUN FLSNAP 5.1 WIN CPU T3 BAS 12M A;;;;79;;
1;3;2094;1;90,2205;73,35;REW TSPP STOR FOUN FLSNAP 5.1 WIN CPU T3 BAS 12M B;21020551;;REW TSPP STOR FOUN FLSNAP 5.1 WIN CPU T3 BAS 12M B;REW TSPP STOR FOUN FLSNAP 5.1 WIN CPU T3 BAS 12M B;REW TSPP STOR FOUN FLSNAP 5.1 WIN CPU T3 BAS 12M B;REW TSPP STOR FOUN FLSNAP 5.1 WIN CPU T3 BAS 12M B;;;;79;;
1;3;2094;1;83,9967;68,29;REW TSPP STOR FOUN FLSNAP 5.1 WIN CPU T2 ESS 12M E;21020553;;REW TSPP STOR FOUN FLSNAP 5.1 WIN CPU T2 ESS 12M E;REW TSPP STOR FOUN FLSNAP 5.1 WIN CPU T2 ESS 12M E;REW TSPP STOR FOUN FLSNAP 5.1 WIN CPU T2 ESS 12M E;REW TSPP STOR FOUN FLSNAP 5.1 WIN CPU T2 ESS 12M E;;;;79;;
1;3;2094;1;90,8109;73,83;GOV TSPP STOR FOUN FLSNAP 5.1 WIN CPU T2 ESS 12M S;21020554;;GOV TSPP STOR FOUN FLSNAP 5.1 WIN CPU T2 ESS 12M S;GOV TSPP STOR FOUN FLSNAP 5.1 WIN CPU T2 ESS 12M S;GOV TSPP STOR FOUN FLSNAP 5.1 WIN CPU T2 ESS 12M S;GOV TSPP STOR FOUN FLSNAP 5.1 WIN CPU T2 ESS 12M S;;;;79;;
1;3;2094;1;501,2496;407,52;REW SF OPT FLASHSNAP 5.1 WIN PER CPU T3 STD LIC B;21020555;;REW SF OPT FLASHSNAP 5.1 WIN PER CPU T3 STD LIC B;REW SF OPT FLASHSNAP 5.1 WIN PER CPU T3 STD LIC B;REW SF OPT FLASHSNAP 5.1 WIN PER CPU T3 STD LIC B;REW SF OPT FLASHSNAP 5.1 WIN PER CPU T3 STD LIC B;;;;79;;
1;3;2094;1;501,2496;407,52;GOV SF OPT FLASHSNAP 5.1 WIN PER CPU T3 STD LIC S;21020556;;GOV SF OPT FLASHSNAP 5.1 WIN PER CPU T3 STD LIC S;GOV SF OPT FLASHSNAP 5.1 WIN PER CPU T3 STD LIC S;GOV SF OPT FLASHSNAP 5.1 WIN PER CPU T3 STD LIC S;GOV SF OPT FLASHSNAP 5.1 WIN PER CPU T3 STD LIC S;;;;79;;
1;3;2094;1;152,4708;123,96;EXP SF OPT FLASHSNAP 5.1 WIN PER CPU T3 ESS S;21020558;;EXP SF OPT FLASHSNAP 5.1 WIN PER CPU T3 ESS S;EXP SF OPT FLASHSNAP 5.1 WIN PER CPU T3 ESS S;EXP SF OPT FLASHSNAP 5.1 WIN PER CPU T3 ESS S;EXP SF OPT FLASHSNAP 5.1 WIN PER CPU T3 ESS S;;;;79;;
1;3;2094;1;341,5464;277,68;REW SF OPT FLASHSNAP 5.1 WIN PER CPU T1 STD LIC B;21020561;;REW SF OPT FLASHSNAP 5.1 WIN PER CPU T1 STD LIC B;REW SF OPT FLASHSNAP 5.1 WIN PER CPU T1 STD LIC B;REW SF OPT FLASHSNAP 5.1 WIN PER CPU T1 STD LIC B;REW SF OPT FLASHSNAP 5.1 WIN PER CPU T1 STD LIC B;;;;79;;
1;3;2094;1;315,9378;256,86;REW SF OPT FLASHSNAP 5.1 WIN PER CPU T1 STD LIC E;21020562;;REW SF OPT FLASHSNAP 5.1 WIN PER CPU T1 STD LIC E;REW SF OPT FLASHSNAP 5.1 WIN PER CPU T1 STD LIC E;REW SF OPT FLASHSNAP 5.1 WIN PER CPU T1 STD LIC E;REW SF OPT FLASHSNAP 5.1 WIN PER CPU T1 STD LIC E;;;;79;;
1;3;2094;1;114,0825;92,75;REW SF OPT FLASHSNAP 5.1 WIN PER CPU T2 ESS C;21020564;;REW SF OPT FLASHSNAP 5.1 WIN PER CPU T2 ESS C;REW SF OPT FLASHSNAP 5.1 WIN PER CPU T2 ESS C;REW SF OPT FLASHSNAP 5.1 WIN PER CPU T2 ESS C;REW SF OPT FLASHSNAP 5.1 WIN PER CPU T2 ESS C;;;;79;;
1;3;2094;1;111,0813;90,31;REW SF OPT FLASHSNAP 5.1 WIN PER CPU T2 ESS E;21020565;;REW SF OPT FLASHSNAP 5.1 WIN PER CPU T2 ESS E;REW SF OPT FLASHSNAP 5.1 WIN PER CPU T2 ESS E;REW SF OPT FLASHSNAP 5.1 WIN PER CPU T2 ESS E;REW SF OPT FLASHSNAP 5.1 WIN PER CPU T2 ESS E;;;;79;;
1;3;2094;1;71,0694;57,78;GOV TSPP STOR FOUN FLSNAP 5.1 WIN CPU T2 BAS 12M S;21020567;;GOV TSPP STOR FOUN FLSNAP 5.1 WIN CPU T2 BAS 12M S;GOV TSPP STOR FOUN FLSNAP 5.1 WIN CPU T2 BAS 12M S;GOV TSPP STOR FOUN FLSNAP 5.1 WIN CPU T2 BAS 12M S;GOV TSPP STOR FOUN FLSNAP 5.1 WIN CPU T2 BAS 12M S;;;;79;;
1;3;2094;1;96,1245;78,15;REW SF OPT FLASHSNAP 5.1 WIN PER CPU T1 ESS E;21020571;;REW SF OPT FLASHSNAP 5.1 WIN PER CPU T1 ESS E;REW SF OPT FLASHSNAP 5.1 WIN PER CPU T1 ESS E;REW SF OPT FLASHSNAP 5.1 WIN PER CPU T1 ESS E;REW SF OPT FLASHSNAP 5.1 WIN PER CPU T1 ESS E;;;;79;;
1;3;2094;1;56,8752;46,24;REW TSPP STOR FOUN FLSNAP 5.1 WIN CPU T1 BAS 12M E;21020572;;REW TSPP STOR FOUN FLSNAP 5.1 WIN CPU T1 BAS 12M E;REW TSPP STOR FOUN FLSNAP 5.1 WIN CPU T1 BAS 12M E;REW TSPP STOR FOUN FLSNAP 5.1 WIN CPU T1 BAS 12M E;REW TSPP STOR FOUN FLSNAP 5.1 WIN CPU T1 BAS 12M E;;;;79;;
1;3;2094;1;61,4754;49,98;AE TSPP STOR FOUND FLSNAP 5.1 WIN CPU T1 BAS 12M S;21020574;;AE TSPP STOR FOUND FLSNAP 5.1 WIN CPU T1 BAS 12M S;AE TSPP STOR FOUND FLSNAP 5.1 WIN CPU T1 BAS 12M S;AE TSPP STOR FOUND FLSNAP 5.1 WIN CPU T1 BAS 12M S;AE TSPP STOR FOUND FLSNAP 5.1 WIN CPU T1 BAS 12M S;;;;79;;
1;3;2094;1;78,5601;63,87;REW TSPP STOR FOUN FLSNAP 5.1 WIN CPU T1 ESS 12M A;21020576;;REW TSPP STOR FOUN FLSNAP 5.1 WIN CPU T1 ESS 12M A;REW TSPP STOR FOUN FLSNAP 5.1 WIN CPU T1 ESS 12M A;REW TSPP STOR FOUN FLSNAP 5.1 WIN CPU T1 ESS 12M A;REW TSPP STOR FOUN FLSNAP 5.1 WIN CPU T1 ESS 12M A;;;;79;;
1;3;2094;1;78,5601;63,87;AE TSPP STOR FOUND FLSNAP 5.1 WIN CPU T1 ESS 12M S;21020577;;AE TSPP STOR FOUND FLSNAP 5.1 WIN CPU T1 ESS 12M S;AE TSPP STOR FOUND FLSNAP 5.1 WIN CPU T1 ESS 12M S;AE TSPP STOR FOUND FLSNAP 5.1 WIN CPU T1 ESS 12M S;AE TSPP STOR FOUND FLSNAP 5.1 WIN CPU T1 ESS 12M S;;;;79;;
1;3;2094;1;365,1747;296,89;REW SF OPT FLASHSNAP 5.1 WIN PER CPU T2 STD LIC E;21020578;;REW SF OPT FLASHSNAP 5.1 WIN PER CPU T2 STD LIC E;REW SF OPT FLASHSNAP 5.1 WIN PER CPU T2 STD LIC E;REW SF OPT FLASHSNAP 5.1 WIN PER CPU T2 STD LIC E;REW SF OPT FLASHSNAP 5.1 WIN PER CPU T2 STD LIC E;;;;79;;
1;3;2094;1;103,8981;84,47;AE SF OPT FLASHSNAP 5.1 WIN PER CPU T1 ESS S;21020585;;AE SF OPT FLASHSNAP 5.1 WIN PER CPU T1 ESS S;AE SF OPT FLASHSNAP 5.1 WIN PER CPU T1 ESS S;AE SF OPT FLASHSNAP 5.1 WIN PER CPU T1 ESS S;AE SF OPT FLASHSNAP 5.1 WIN PER CPU T1 ESS S;;;;79;;
1;3;2094;1;61,4754;49,98;REW TSPP STOR FOUN FLSNAP 5.1 WIN CPU T1 BAS 12M A;21020586;;REW TSPP STOR FOUN FLSNAP 5.1 WIN CPU T1 BAS 12M A;REW TSPP STOR FOUN FLSNAP 5.1 WIN CPU T1 BAS 12M A;REW TSPP STOR FOUN FLSNAP 5.1 WIN CPU T1 BAS 12M A;REW TSPP STOR FOUN FLSNAP 5.1 WIN CPU T1 BAS 12M A;;;;79;;
1;3;2094;1;78,5601;63,87;REW TSPP STOR FOUN FLSNAP 5.1 WIN CPU T1 ESS 12M B;21020589;;REW TSPP STOR FOUN FLSNAP 5.1 WIN CPU T1 ESS 12M B;REW TSPP STOR FOUN FLSNAP 5.1 WIN CPU T1 ESS 12M B;REW TSPP STOR FOUN FLSNAP 5.1 WIN CPU T1 ESS 12M B;REW TSPP STOR FOUN FLSNAP 5.1 WIN CPU T1 ESS 12M B;;;;79;;
1;3;2094;1;394,7931;320,97;EXP SF OPT FLASHSNAP 5.1 WIN PER CPU T2 STD LIC S;21020590;;EXP SF OPT FLASHSNAP 5.1 WIN PER CPU T2 STD LIC S;EXP SF OPT FLASHSNAP 5.1 WIN PER CPU T2 STD LIC S;EXP SF OPT FLASHSNAP 5.1 WIN PER CPU T2 STD LIC S;EXP SF OPT FLASHSNAP 5.1 WIN PER CPU T2 STD LIC S;;;;79;;
1;3;2094;1;341,5464;277,68;REW SF OPT FLASHSNAP 5.1 WIN PER CPU T1 STD LIC A;21020592;;REW SF OPT FLASHSNAP 5.1 WIN PER CPU T1 STD LIC A;REW SF OPT FLASHSNAP 5.1 WIN PER CPU T1 STD LIC A;REW SF OPT FLASHSNAP 5.1 WIN PER CPU T1 STD LIC A;REW SF OPT FLASHSNAP 5.1 WIN PER CPU T1 STD LIC A;;;;79;;
1;3;2094;1;90,8109;73,83;REW TSPP STOR FOUN FLSNAP 5.1 WIN CPU T2 ESS 12M B;21020594;;REW TSPP STOR FOUN FLSNAP 5.1 WIN CPU T2 ESS 12M B;REW TSPP STOR FOUN FLSNAP 5.1 WIN CPU T2 ESS 12M B;REW TSPP STOR FOUN FLSNAP 5.1 WIN CPU T2 ESS 12M B;REW TSPP STOR FOUN FLSNAP 5.1 WIN CPU T2 ESS 12M B;;;;79;;
1;3;2094;1;90,8109;73,83;EXP TSPP STOR FOUN FLSNAP 5.1 WIN CPU T2 ESS 12M S;21020596;;EXP TSPP STOR FOUN FLSNAP 5.1 WIN CPU T2 ESS 12M S;EXP TSPP STOR FOUN FLSNAP 5.1 WIN CPU T2 ESS 12M S;EXP TSPP STOR FOUN FLSNAP 5.1 WIN CPU T2 ESS 12M S;EXP TSPP STOR FOUN FLSNAP 5.1 WIN CPU T2 ESS 12M S;;;;79;;
1;3;2094;1;476,1945;387,15;REW SF OPT FLASHSNAP 5.1 WIN PER CPU T3 STD LIC C;21020597;;REW SF OPT FLASHSNAP 5.1 WIN PER CPU T3 STD LIC C;REW SF OPT FLASHSNAP 5.1 WIN PER CPU T3 STD LIC C;REW SF OPT FLASHSNAP 5.1 WIN PER CPU T3 STD LIC C;REW SF OPT FLASHSNAP 5.1 WIN PER CPU T3 STD LIC C;;;;79;;
1;3;2094;1;501,2496;407,52;AE SF OPT FLASHSNAP 5.1 WIN PER CPU T3 STD LIC S;21020598;;AE SF OPT FLASHSNAP 5.1 WIN PER CPU T3 STD LIC S;AE SF OPT FLASHSNAP 5.1 WIN PER CPU T3 STD LIC S;AE SF OPT FLASHSNAP 5.1 WIN PER CPU T3 STD LIC S;AE SF OPT FLASHSNAP 5.1 WIN PER CPU T3 STD LIC S;;;;79;;
1;3;2094;1;119,3223;97,01;REW SF OPT FLASHSNAP 5.1 WIN PER CPU T3 BAS A;21020599;;REW SF OPT FLASHSNAP 5.1 WIN PER CPU T3 BAS A;REW SF OPT FLASHSNAP 5.1 WIN PER CPU T3 BAS A;REW SF OPT FLASHSNAP 5.1 WIN PER CPU T3 BAS A;REW SF OPT FLASHSNAP 5.1 WIN PER CPU T3 BAS A;;;;79;;
1;3;2094;1;110,3802;89,74;REW SF OPT FLASHSNAP 5.1 WIN PER CPU T3 BAS E;21020600;;REW SF OPT FLASHSNAP 5.1 WIN PER CPU T3 BAS E;REW SF OPT FLASHSNAP 5.1 WIN PER CPU T3 BAS E;REW SF OPT FLASHSNAP 5.1 WIN PER CPU T3 BAS E;REW SF OPT FLASHSNAP 5.1 WIN PER CPU T3 BAS E;;;;79;;
1;3;2094;1;141,0318;114,66;REW SF OPT FLASHSNAP 5.1 WIN PER CPU T3 ESS E;21020601;;REW SF OPT FLASHSNAP 5.1 WIN PER CPU T3 ESS E;REW SF OPT FLASHSNAP 5.1 WIN PER CPU T3 ESS E;REW SF OPT FLASHSNAP 5.1 WIN PER CPU T3 ESS E;REW SF OPT FLASHSNAP 5.1 WIN PER CPU T3 ESS E;;;;79;;
1;3;2094;1;152,4708;123,96;GOV SF OPT FLASHSNAP 5.1 WIN PER CPU T3 ESS S;21020602;;GOV SF OPT FLASHSNAP 5.1 WIN PER CPU T3 ESS S;GOV SF OPT FLASHSNAP 5.1 WIN PER CPU T3 ESS S;GOV SF OPT FLASHSNAP 5.1 WIN PER CPU T3 ESS S;GOV SF OPT FLASHSNAP 5.1 WIN PER CPU T3 ESS S;;;;79;;
1;3;2094;1;90,2205;73,35;EXP TSPP STOR FOUN FLSNAP 5.1 WIN CPU T3 BAS 12M S;21020603;;EXP TSPP STOR FOUN FLSNAP 5.1 WIN CPU T3 BAS 12M S;EXP TSPP STOR FOUN FLSNAP 5.1 WIN CPU T3 BAS 12M S;EXP TSPP STOR FOUN FLSNAP 5.1 WIN CPU T3 BAS 12M S;EXP TSPP STOR FOUN FLSNAP 5.1 WIN CPU T3 BAS 12M S;;;;79;;
1;3;2094;1;119,3223;97,01;AE SF OPT FLASHSNAP 5.1 WIN PER CPU T3 BAS S;21020606;;AE SF OPT FLASHSNAP 5.1 WIN PER CPU T3 BAS S;AE SF OPT FLASHSNAP 5.1 WIN PER CPU T3 BAS S;AE SF OPT FLASHSNAP 5.1 WIN PER CPU T3 BAS S;AE SF OPT FLASHSNAP 5.1 WIN PER CPU T3 BAS S;;;;79;;
1;3;2094;1;85,7064;69,68;REW TSPP STOR FOUN FLSNAP 5.1 WIN CPU T3 BAS 12M D;21020607;;REW TSPP STOR FOUN FLSNAP 5.1 WIN CPU T3 BAS 12M D;REW TSPP STOR FOUN FLSNAP 5.1 WIN CPU T3 BAS 12M D;REW TSPP STOR FOUN FLSNAP 5.1 WIN CPU T3 BAS 12M D;REW TSPP STOR FOUN FLSNAP 5.1 WIN CPU T3 BAS 12M D;;;;79;;
1;3;2094;1;90,2205;73,35;GOV TSPP STOR FOUN FLSNAP 5.1 WIN CPU T3 BAS 12M S;21020608;;GOV TSPP STOR FOUN FLSNAP 5.1 WIN CPU T3 BAS 12M S;GOV TSPP STOR FOUN FLSNAP 5.1 WIN CPU T3 BAS 12M S;GOV TSPP STOR FOUN FLSNAP 5.1 WIN CPU T3 BAS 12M S;GOV TSPP STOR FOUN FLSNAP 5.1 WIN CPU T3 BAS 12M S;;;;79;;
1;3;2094;1;81,3276;66,12;REW SF OPT FLASHSNAP 5.1 WIN PER CPU T1 BAS B;21020609;;REW SF OPT FLASHSNAP 5.1 WIN PER CPU T1 BAS B;REW SF OPT FLASHSNAP 5.1 WIN PER CPU T1 BAS B;REW SF OPT FLASHSNAP 5.1 WIN PER CPU T1 BAS B;REW SF OPT FLASHSNAP 5.1 WIN PER CPU T1 BAS B;;;;79;;
1;3;2094;1;81,3276;66,12;AE SF OPT FLASHSNAP 5.1 WIN PER CPU T1 BAS S;21020610;;AE SF OPT FLASHSNAP 5.1 WIN PER CPU T1 BAS S;AE SF OPT FLASHSNAP 5.1 WIN PER CPU T1 BAS S;AE SF OPT FLASHSNAP 5.1 WIN PER CPU T1 BAS S;AE SF OPT FLASHSNAP 5.1 WIN PER CPU T1 BAS S;;;;79;;
1;3;2094;1;106,6287;86,69;REW TSPP STOR FOUN FLSNAP 5.1 WIN CPU T3 ESS 12M E;21020613;;REW TSPP STOR FOUN FLSNAP 5.1 WIN CPU T3 ESS 12M E;REW TSPP STOR FOUN FLSNAP 5.1 WIN CPU T3 ESS 12M E;REW TSPP STOR FOUN FLSNAP 5.1 WIN CPU T3 ESS 12M E;REW TSPP STOR FOUN FLSNAP 5.1 WIN CPU T3 ESS 12M E;;;;79;;
1;3;2094;1;324,4863;263,81;REW SF OPT FLASHSNAP 5.1 WIN PER CPU T1 STD LIC D;21020614;;REW SF OPT FLASHSNAP 5.1 WIN PER CPU T1 STD LIC D;REW SF OPT FLASHSNAP 5.1 WIN PER CPU T1 STD LIC D;REW SF OPT FLASHSNAP 5.1 WIN PER CPU T1 STD LIC D;REW SF OPT FLASHSNAP 5.1 WIN PER CPU T1 STD LIC D;;;;79;;
1;3;2094;1;81,3276;66,12;REW SF OPT FLASHSNAP 5.1 WIN PER CPU T1 BAS A;21020615;;REW SF OPT FLASHSNAP 5.1 WIN PER CPU T1 BAS A;REW SF OPT FLASHSNAP 5.1 WIN PER CPU T1 BAS A;REW SF OPT FLASHSNAP 5.1 WIN PER CPU T1 BAS A;REW SF OPT FLASHSNAP 5.1 WIN PER CPU T1 BAS A;;;;79;;
1;3;2094;1;77,2563;62,81;REW SF OPT FLASHSNAP 5.1 WIN PER CPU T1 BAS C;21020616;;REW SF OPT FLASHSNAP 5.1 WIN PER CPU T1 BAS C;REW SF OPT FLASHSNAP 5.1 WIN PER CPU T1 BAS C;REW SF OPT FLASHSNAP 5.1 WIN PER CPU T1 BAS C;REW SF OPT FLASHSNAP 5.1 WIN PER CPU T1 BAS C;;;;79;;
1;3;2094;1;75,2022;61,14;REW SF OPT FLASHSNAP 5.1 WIN PER CPU T1 BAS E;21020617;;REW SF OPT FLASHSNAP 5.1 WIN PER CPU T1 BAS E;REW SF OPT FLASHSNAP 5.1 WIN PER CPU T1 BAS E;REW SF OPT FLASHSNAP 5.1 WIN PER CPU T1 BAS E;REW SF OPT FLASHSNAP 5.1 WIN PER CPU T1 BAS E;;;;79;;
1;3;2094;1;85,7064;69,68;REW TSPP STOR FOUN FLSNAP 5.1 WIN CPU T3 BAS 12M C;21020621;;REW TSPP STOR FOUN FLSNAP 5.1 WIN CPU T3 BAS 12M C;REW TSPP STOR FOUN FLSNAP 5.1 WIN CPU T3 BAS 12M C;REW TSPP STOR FOUN FLSNAP 5.1 WIN CPU T3 BAS 12M C;REW TSPP STOR FOUN FLSNAP 5.1 WIN CPU T3 BAS 12M C;;;;79;;
1;3;2094;1;115,2879;93,73;GOV TSPP STOR FOUN FLSNAP 5.1 WIN CPU T3 ESS 12M S;21020627;;GOV TSPP STOR FOUN FLSNAP 5.1 WIN CPU T3 ESS 12M S;GOV TSPP STOR FOUN FLSNAP 5.1 WIN CPU T3 ESS 12M S;GOV TSPP STOR FOUN FLSNAP 5.1 WIN CPU T3 ESS 12M S;GOV TSPP STOR FOUN FLSNAP 5.1 WIN CPU T3 ESS 12M S;;;;79;;
1;3;2094;1;341,5464;277,68;AE SF OPT FLASHSNAP 5.1 WIN PER CPU T1 STD LIC S;21020628;;AE SF OPT FLASHSNAP 5.1 WIN PER CPU T1 STD LIC S;AE SF OPT FLASHSNAP 5.1 WIN PER CPU T1 STD LIC S;AE SF OPT FLASHSNAP 5.1 WIN PER CPU T1 STD LIC S;AE SF OPT FLASHSNAP 5.1 WIN PER CPU T1 STD LIC S;;;;79;;
1;3;2094;1;86,2599;70,13;REW TSPP STOR FOUN FLSNAP 5.1 WIN CPU T2 ESS 12M D;21020630;;REW TSPP STOR FOUN FLSNAP 5.1 WIN CPU T2 ESS 12M D;REW TSPP STOR FOUN FLSNAP 5.1 WIN CPU T2 ESS 12M D;REW TSPP STOR FOUN FLSNAP 5.1 WIN CPU T2 ESS 12M D;REW TSPP STOR FOUN FLSNAP 5.1 WIN CPU T2 ESS 12M D;;;;79;;
1;3;2094;1;83,4432;67,84;REW TSPP STOR FOUN FLSNAP 5.1 WIN CPU T3 BAS 12M E;21020631;;REW TSPP STOR FOUN FLSNAP 5.1 WIN CPU T3 BAS 12M E;REW TSPP STOR FOUN FLSNAP 5.1 WIN CPU T3 BAS 12M E;REW TSPP STOR FOUN FLSNAP 5.1 WIN CPU T3 BAS 12M E;REW TSPP STOR FOUN FLSNAP 5.1 WIN CPU T3 BAS 12M E;;;;79;;
1;3;2094;1;109,5192;89,04;REW TSPP STOR FOUN FLSNAP 5.1 WIN CPU T3 ESS 12M D;21020636;;REW TSPP STOR FOUN FLSNAP 5.1 WIN CPU T3 ESS 12M D;REW TSPP STOR FOUN FLSNAP 5.1 WIN CPU T3 ESS 12M D;REW TSPP STOR FOUN FLSNAP 5.1 WIN CPU T3 ESS 12M D;REW TSPP STOR FOUN FLSNAP 5.1 WIN CPU T3 ESS 12M D;;;;79;;
1;3;2094;1;341,5464;277,68;GOV SF OPT FLASHSNAP 5.1 WIN PER CPU T1 STD LIC S;21020637;;GOV SF OPT FLASHSNAP 5.1 WIN PER CPU T1 STD LIC S;GOV SF OPT FLASHSNAP 5.1 WIN PER CPU T1 STD LIC S;GOV SF OPT FLASHSNAP 5.1 WIN PER CPU T1 STD LIC S;GOV SF OPT FLASHSNAP 5.1 WIN PER CPU T1 STD LIC S;;;;79;;
1;3;2094;1;103,8981;84,47;REW SF OPT FLASHSNAP 5.1 WIN PER CPU T1 ESS A;21020638;;REW SF OPT FLASHSNAP 5.1 WIN PER CPU T1 ESS A;REW SF OPT FLASHSNAP 5.1 WIN PER CPU T1 ESS A;REW SF OPT FLASHSNAP 5.1 WIN PER CPU T1 ESS A;REW SF OPT FLASHSNAP 5.1 WIN PER CPU T1 ESS A;;;;79;;
1;3;2094;1;103,8981;84,47;GOV SF OPT FLASHSNAP 5.1 WIN PER CPU T1 ESS S;21020639;;GOV SF OPT FLASHSNAP 5.1 WIN PER CPU T1 ESS S;GOV SF OPT FLASHSNAP 5.1 WIN PER CPU T1 ESS S;GOV SF OPT FLASHSNAP 5.1 WIN PER CPU T1 ESS S;GOV SF OPT FLASHSNAP 5.1 WIN PER CPU T1 ESS S;;;;79;;
1;3;2094;1;78,5601;63,87;GOV TSPP STOR FOUN FLSNAP 5.1 WIN CPU T1 ESS 12M S;21020644;;GOV TSPP STOR FOUN FLSNAP 5.1 WIN CPU T1 ESS 12M S;GOV TSPP STOR FOUN FLSNAP 5.1 WIN CPU T1 ESS 12M S;GOV TSPP STOR FOUN FLSNAP 5.1 WIN CPU T1 ESS 12M S;GOV TSPP STOR FOUN FLSNAP 5.1 WIN CPU T1 ESS 12M S;;;;79;;
1;3;2094;1;120,0972;97,64;AE SF OPT FLASHSNAP 5.1 WIN PER CPU T2 ESS S;21020648;;AE SF OPT FLASHSNAP 5.1 WIN PER CPU T2 ESS S;AE SF OPT FLASHSNAP 5.1 WIN PER CPU T2 ESS S;AE SF OPT FLASHSNAP 5.1 WIN PER CPU T2 ESS S;AE SF OPT FLASHSNAP 5.1 WIN PER CPU T2 ESS S;;;;79;;
1;3;2094;1;71,0694;57,78;REW TSPP STOR FOUN FLSNAP 5.1 WIN CPU T2 BAS 12M B;21020649;;REW TSPP STOR FOUN FLSNAP 5.1 WIN CPU T2 BAS 12M B;REW TSPP STOR FOUN FLSNAP 5.1 WIN CPU T2 BAS 12M B;REW TSPP STOR FOUN FLSNAP 5.1 WIN CPU T2 BAS 12M B;REW TSPP STOR FOUN FLSNAP 5.1 WIN CPU T2 BAS 12M B;;;;79;;
1;3;2094;1;61,4754;49,98;EXP TSPP STOR FOUN FLSNAP 5.1 WIN CPU T1 BAS 12M S;21020650;;EXP TSPP STOR FOUN FLSNAP 5.1 WIN CPU T1 BAS 12M S;EXP TSPP STOR FOUN FLSNAP 5.1 WIN CPU T1 BAS 12M S;EXP TSPP STOR FOUN FLSNAP 5.1 WIN CPU T1 BAS 12M S;EXP TSPP STOR FOUN FLSNAP 5.1 WIN CPU T1 BAS 12M S;;;;79;;
1;3;2094;1;67,5147;54,89;REW TSPP STOR FOUN FLSNAP 5.1 WIN CPU T2 BAS 12M D;21020651;;REW TSPP STOR FOUN FLSNAP 5.1 WIN CPU T2 BAS 12M D;REW TSPP STOR FOUN FLSNAP 5.1 WIN CPU T2 BAS 12M D;REW TSPP STOR FOUN FLSNAP 5.1 WIN CPU T2 BAS 12M D;REW TSPP STOR FOUN FLSNAP 5.1 WIN CPU T2 BAS 12M D;;;;79;;
1;3;2094;1;90,8109;73,83;AE TSPP STOR FOUND FLSNAP 5.1 WIN CPU T2 ESS 12M S;21020656;;AE TSPP STOR FOUND FLSNAP 5.1 WIN CPU T2 ESS 12M S;AE TSPP STOR FOUND FLSNAP 5.1 WIN CPU T2 ESS 12M S;AE TSPP STOR FOUND FLSNAP 5.1 WIN CPU T2 ESS 12M S;AE TSPP STOR FOUND FLSNAP 5.1 WIN CPU T2 ESS 12M S;;;;79;;
1;3;2094;1;501,2496;407,52;REW SF OPT FLASHSNAP 5.1 WIN PER CPU T3 STD LIC A;21020657;;REW SF OPT FLASHSNAP 5.1 WIN PER CPU T3 STD LIC A;REW SF OPT FLASHSNAP 5.1 WIN PER CPU T3 STD LIC A;REW SF OPT FLASHSNAP 5.1 WIN PER CPU T3 STD LIC A;REW SF OPT FLASHSNAP 5.1 WIN PER CPU T3 STD LIC A;;;;79;;
1;3;2094;1;113,3814;92,18;REW SF OPT FLASHSNAP 5.1 WIN PER CPU T3 BAS C;21020658;;REW SF OPT FLASHSNAP 5.1 WIN PER CPU T3 BAS C;REW SF OPT FLASHSNAP 5.1 WIN PER CPU T3 BAS C;REW SF OPT FLASHSNAP 5.1 WIN PER CPU T3 BAS C;REW SF OPT FLASHSNAP 5.1 WIN PER CPU T3 BAS C;;;;79;;
1;3;2094;1;90,2205;73,35;AE TSPP STOR FOUND FLSNAP 5.1 WIN CPU T3 BAS 12M S;21020660;;AE TSPP STOR FOUND FLSNAP 5.1 WIN CPU T3 BAS 12M S;AE TSPP STOR FOUND FLSNAP 5.1 WIN CPU T3 BAS 12M S;AE TSPP STOR FOUND FLSNAP 5.1 WIN CPU T3 BAS 12M S;AE TSPP STOR FOUND FLSNAP 5.1 WIN CPU T3 BAS 12M S;;;;79;;
1;3;2094;1;324,4863;263,81;REW SF OPT FLASHSNAP 5.1 WIN PER CPU T1 STD LIC C;21020665;;REW SF OPT FLASHSNAP 5.1 WIN PER CPU T1 STD LIC C;REW SF OPT FLASHSNAP 5.1 WIN PER CPU T1 STD LIC C;REW SF OPT FLASHSNAP 5.1 WIN PER CPU T1 STD LIC C;REW SF OPT FLASHSNAP 5.1 WIN PER CPU T1 STD LIC C;;;;79;;
1;3;2094;1;341,5464;277,68;EXP SF OPT FLASHSNAP 5.1 WIN PER CPU T1 STD LIC S;21020666;;EXP SF OPT FLASHSNAP 5.1 WIN PER CPU T1 STD LIC S;EXP SF OPT FLASHSNAP 5.1 WIN PER CPU T1 STD LIC S;EXP SF OPT FLASHSNAP 5.1 WIN PER CPU T1 STD LIC S;EXP SF OPT FLASHSNAP 5.1 WIN PER CPU T1 STD LIC S;;;;79;;
1;3;2094;1;98,7075;80,25;REW SF OPT FLASHSNAP 5.1 WIN PER CPU T1 ESS C;21020667;;REW SF OPT FLASHSNAP 5.1 WIN PER CPU T1 ESS C;REW SF OPT FLASHSNAP 5.1 WIN PER CPU T1 ESS C;REW SF OPT FLASHSNAP 5.1 WIN PER CPU T1 ESS C;REW SF OPT FLASHSNAP 5.1 WIN PER CPU T1 ESS C;;;;79;;
1;3;2094;1;98,7075;80,25;REW SF OPT FLASHSNAP 5.1 WIN PER CPU T1 ESS D;21020668;;REW SF OPT FLASHSNAP 5.1 WIN PER CPU T1 ESS D;REW SF OPT FLASHSNAP 5.1 WIN PER CPU T1 ESS D;REW SF OPT FLASHSNAP 5.1 WIN PER CPU T1 ESS D;REW SF OPT FLASHSNAP 5.1 WIN PER CPU T1 ESS D;;;;79;;
1;3;2094;1;103,8981;84,47;EXP SF OPT FLASHSNAP 5.1 WIN PER CPU T1 ESS S;21020669;;EXP SF OPT FLASHSNAP 5.1 WIN PER CPU T1 ESS S;EXP SF OPT FLASHSNAP 5.1 WIN PER CPU T1 ESS S;EXP SF OPT FLASHSNAP 5.1 WIN PER CPU T1 ESS S;EXP SF OPT FLASHSNAP 5.1 WIN PER CPU T1 ESS S;;;;79;;
1;3;2094;1;58,4004;47,48;REW TSPP STOR FOUN FLSNAP 5.1 WIN CPU T1 BAS 12M D;21020670;;REW TSPP STOR FOUN FLSNAP 5.1 WIN CPU T1 BAS 12M D;REW TSPP STOR FOUN FLSNAP 5.1 WIN CPU T1 BAS 12M D;REW TSPP STOR FOUN FLSNAP 5.1 WIN CPU T1 BAS 12M D;REW TSPP STOR FOUN FLSNAP 5.1 WIN CPU T1 BAS 12M D;;;;79;;
1;3;2094;1;74,6241;60,67;REW TSPP STOR FOUN FLSNAP 5.1 WIN CPU T1 ESS 12M C;21020676;;REW TSPP STOR FOUN FLSNAP 5.1 WIN CPU T1 ESS 12M C;REW TSPP STOR FOUN FLSNAP 5.1 WIN CPU T1 ESS 12M C;REW TSPP STOR FOUN FLSNAP 5.1 WIN CPU T1 ESS 12M C;REW TSPP STOR FOUN FLSNAP 5.1 WIN CPU T1 ESS 12M C;;;;79;;
1;3;2094;1;74,6241;60,67;REW TSPP STOR FOUN FLSNAP 5.1 WIN CPU T1 ESS 12M D;21020677;;REW TSPP STOR FOUN FLSNAP 5.1 WIN CPU T1 ESS 12M D;REW TSPP STOR FOUN FLSNAP 5.1 WIN CPU T1 ESS 12M D;REW TSPP STOR FOUN FLSNAP 5.1 WIN CPU T1 ESS 12M D;REW TSPP STOR FOUN FLSNAP 5.1 WIN CPU T1 ESS 12M D;;;;79;;
1;3;2094;1;394,7931;320,97;REW SF OPT FLASHSNAP 5.1 WIN PER CPU T2 STD LIC A;21020679;;REW SF OPT FLASHSNAP 5.1 WIN PER CPU T2 STD LIC A;REW SF OPT FLASHSNAP 5.1 WIN PER CPU T2 STD LIC A;REW SF OPT FLASHSNAP 5.1 WIN PER CPU T2 STD LIC A;REW SF OPT FLASHSNAP 5.1 WIN PER CPU T2 STD LIC A;;;;79;;
1;3;2094;1;394,7931;320,97;GOV SF OPT FLASHSNAP 5.1 WIN PER CPU T2 STD LIC S;21020680;;GOV SF OPT FLASHSNAP 5.1 WIN PER CPU T2 STD LIC S;GOV SF OPT FLASHSNAP 5.1 WIN PER CPU T2 STD LIC S;GOV SF OPT FLASHSNAP 5.1 WIN PER CPU T2 STD LIC S;GOV SF OPT FLASHSNAP 5.1 WIN PER CPU T2 STD LIC S;;;;79;;
1;3;2094;1;394,7931;320,97;AE SF OPT FLASHSNAP 5.1 WIN PER CPU T2 STD LIC S;21020681;;AE SF OPT FLASHSNAP 5.1 WIN PER CPU T2 STD LIC S;AE SF OPT FLASHSNAP 5.1 WIN PER CPU T2 STD LIC S;AE SF OPT FLASHSNAP 5.1 WIN PER CPU T2 STD LIC S;AE SF OPT FLASHSNAP 5.1 WIN PER CPU T2 STD LIC S;;;;79;;
1;3;2094;1;93,9843;76,41;REW SF OPT FLASHSNAP 5.1 WIN PER CPU T2 BAS B;21020682;;REW SF OPT FLASHSNAP 5.1 WIN PER CPU T2 BAS B;REW SF OPT FLASHSNAP 5.1 WIN PER CPU T2 BAS B;REW SF OPT FLASHSNAP 5.1 WIN PER CPU T2 BAS B;REW SF OPT FLASHSNAP 5.1 WIN PER CPU T2 BAS B;;;;79;;
1;3;2094;1;89,2857;72,59;REW SF OPT FLASHSNAP 5.1 WIN PER CPU T2 BAS D;21020683;;REW SF OPT FLASHSNAP 5.1 WIN PER CPU T2 BAS D;REW SF OPT FLASHSNAP 5.1 WIN PER CPU T2 BAS D;REW SF OPT FLASHSNAP 5.1 WIN PER CPU T2 BAS D;REW SF OPT FLASHSNAP 5.1 WIN PER CPU T2 BAS D;;;;79;;
1;3;2094;1;86,9241;70,67;REW SF OPT FLASHSNAP 5.1 WIN PER CPU T2 BAS E;21020684;;REW SF OPT FLASHSNAP 5.1 WIN PER CPU T2 BAS E;REW SF OPT FLASHSNAP 5.1 WIN PER CPU T2 BAS E;REW SF OPT FLASHSNAP 5.1 WIN PER CPU T2 BAS E;REW SF OPT FLASHSNAP 5.1 WIN PER CPU T2 BAS E;;;;79;;
1;3;2094;1;120,0972;97,64;REW SF OPT FLASHSNAP 5.1 WIN PER CPU T2 ESS A;21020685;;REW SF OPT FLASHSNAP 5.1 WIN PER CPU T2 ESS A;REW SF OPT FLASHSNAP 5.1 WIN PER CPU T2 ESS A;REW SF OPT FLASHSNAP 5.1 WIN PER CPU T2 ESS A;REW SF OPT FLASHSNAP 5.1 WIN PER CPU T2 ESS A;;;;79;;
1;3;2094;1;120,0972;97,64;REW SF OPT FLASHSNAP 5.1 WIN PER CPU T2 ESS B;21020686;;REW SF OPT FLASHSNAP 5.1 WIN PER CPU T2 ESS B;REW SF OPT FLASHSNAP 5.1 WIN PER CPU T2 ESS B;REW SF OPT FLASHSNAP 5.1 WIN PER CPU T2 ESS B;REW SF OPT FLASHSNAP 5.1 WIN PER CPU T2 ESS B;;;;79;;
1;3;2094;1;71,0694;57,78;EXP TSPP STOR FOUN FLSNAP 5.1 WIN CPU T2 BAS 12M S;21020687;;EXP TSPP STOR FOUN FLSNAP 5.1 WIN CPU T2 BAS 12M S;EXP TSPP STOR FOUN FLSNAP 5.1 WIN CPU T2 BAS 12M S;EXP TSPP STOR FOUN FLSNAP 5.1 WIN CPU T2 BAS 12M S;EXP TSPP STOR FOUN FLSNAP 5.1 WIN CPU T2 BAS 12M S;;;;79;;
1;3;2094;1;463,6608;376,96;REW SF OPT FLASHSNAP 5.1 WIN PER CPU T3 STD LIC E;21020688;;REW SF OPT FLASHSNAP 5.1 WIN PER CPU T3 STD LIC E;REW SF OPT FLASHSNAP 5.1 WIN PER CPU T3 STD LIC E;REW SF OPT FLASHSNAP 5.1 WIN PER CPU T3 STD LIC E;REW SF OPT FLASHSNAP 5.1 WIN PER CPU T3 STD LIC E;;;;79;;
1;3;2094;1;119,3223;97,01;GOV SF OPT FLASHSNAP 5.1 WIN PER CPU T3 BAS S;21020690;;GOV SF OPT FLASHSNAP 5.1 WIN PER CPU T3 BAS S;GOV SF OPT FLASHSNAP 5.1 WIN PER CPU T3 BAS S;GOV SF OPT FLASHSNAP 5.1 WIN PER CPU T3 BAS S;GOV SF OPT FLASHSNAP 5.1 WIN PER CPU T3 BAS S;;;;79;;
1;3;2094;1;152,4708;123,96;REW SF OPT FLASHSNAP 5.1 WIN PER CPU T3 ESS A;21020691;;REW SF OPT FLASHSNAP 5.1 WIN PER CPU T3 ESS A;REW SF OPT FLASHSNAP 5.1 WIN PER CPU T3 ESS A;REW SF OPT FLASHSNAP 5.1 WIN PER CPU T3 ESS A;REW SF OPT FLASHSNAP 5.1 WIN PER CPU T3 ESS A;;;;79;;
1;3;2094;1;144,8571;117,77;REW SF OPT FLASHSNAP 5.1 WIN PER CPU T3 ESS C;21020692;;REW SF OPT FLASHSNAP 5.1 WIN PER CPU T3 ESS C;REW SF OPT FLASHSNAP 5.1 WIN PER CPU T3 ESS C;REW SF OPT FLASHSNAP 5.1 WIN PER CPU T3 ESS C;REW SF OPT FLASHSNAP 5.1 WIN PER CPU T3 ESS C;;;;79;;
1;3;2094;1;152,4708;123,96;AE SF OPT FLASHSNAP 5.1 WIN PER CPU T3 ESS S;21020693;;AE SF OPT FLASHSNAP 5.1 WIN PER CPU T3 ESS S;AE SF OPT FLASHSNAP 5.1 WIN PER CPU T3 ESS S;AE SF OPT FLASHSNAP 5.1 WIN PER CPU T3 ESS S;AE SF OPT FLASHSNAP 5.1 WIN PER CPU T3 ESS S;;;;79;;
1;3;2094;1;115,2879;93,73;EXP TSPP STOR FOUN FLSNAP 5.1 WIN CPU T3 ESS 12M S;21020696;;EXP TSPP STOR FOUN FLSNAP 5.1 WIN CPU T3 ESS 12M S;EXP TSPP STOR FOUN FLSNAP 5.1 WIN CPU T3 ESS 12M S;EXP TSPP STOR FOUN FLSNAP 5.1 WIN CPU T3 ESS 12M S;EXP TSPP STOR FOUN FLSNAP 5.1 WIN CPU T3 ESS 12M S;;;;79;;
1;3;2094;1;27,9456;22,72;EXP TSPP STOR FOUND MSFT CLST 5.1 WIN T2 BAS 12M S;21020697;;EXP TSPP STOR FOUND MSFT CLST 5.1 WIN T2 BAS 12M S;EXP TSPP STOR FOUND MSFT CLST 5.1 WIN T2 BAS 12M S;EXP TSPP STOR FOUND MSFT CLST 5.1 WIN T2 BAS 12M S;EXP TSPP STOR FOUND MSFT CLST 5.1 WIN T2 BAS 12M S;;;;79;;
1;3;2094;1;35,7192;29,04;REW TSPP STOR FOUND MSFT CLST 5.1 WIN T2 ESS 12M A;21020699;;REW TSPP STOR FOUND MSFT CLST 5.1 WIN T2 ESS 12M A;REW TSPP STOR FOUND MSFT CLST 5.1 WIN T2 ESS 12M A;REW TSPP STOR FOUND MSFT CLST 5.1 WIN T2 ESS 12M A;REW TSPP STOR FOUND MSFT CLST 5.1 WIN T2 ESS 12M A;;;;79;;
1;3;2094;1;35,7192;29,04;EXP TSPP STOR FOUND MSFT CLST 5.1 WIN T2 ESS 12M S;21020700;;EXP TSPP STOR FOUND MSFT CLST 5.1 WIN T2 ESS 12M S;EXP TSPP STOR FOUND MSFT CLST 5.1 WIN T2 ESS 12M S;EXP TSPP STOR FOUND MSFT CLST 5.1 WIN T2 ESS 12M S;EXP TSPP STOR FOUND MSFT CLST 5.1 WIN T2 ESS 12M S;;;;79;;
1;3;2094;1;47,232;38,4;REW SF OPT MSFT CLST 5.1 WIN PER CPU T2 ESS B;21020701;;REW SF OPT MSFT CLST 5.1 WIN PER CPU T2 ESS B;REW SF OPT MSFT CLST 5.1 WIN PER CPU T2 ESS B;REW SF OPT MSFT CLST 5.1 WIN PER CPU T2 ESS B;REW SF OPT MSFT CLST 5.1 WIN PER CPU T2 ESS B;;;;79;;
1;3;2094;1;45,3993;36,91;AE SF OPT MSFT CLST 5.1 WIN PER CPU T3 BAS S;21020703;;AE SF OPT MSFT CLST 5.1 WIN PER CPU T3 BAS S;AE SF OPT MSFT CLST 5.1 WIN PER CPU T3 BAS S;AE SF OPT MSFT CLST 5.1 WIN PER CPU T3 BAS S;AE SF OPT MSFT CLST 5.1 WIN PER CPU T3 BAS S;;;;79;;
1;3;2094;1;41,6847;33,89;REW TSPP STOR FOUND MSFT CLST 5.1 WIN T3 ESS 12M C;21020705;;REW TSPP STOR FOUND MSFT CLST 5.1 WIN T3 ESS 12M C;REW TSPP STOR FOUND MSFT CLST 5.1 WIN T3 ESS 12M C;REW TSPP STOR FOUND MSFT CLST 5.1 WIN T3 ESS 12M C;REW TSPP STOR FOUND MSFT CLST 5.1 WIN T3 ESS 12M C;;;;79;;
1;3;2094;1;119,7651;97,37;REW SF OPT MSFT CLST 5.1 WIN PER CPU T1 STD LIC A;21020706;;REW SF OPT MSFT CLST 5.1 WIN PER CPU T1 STD LIC A;REW SF OPT MSFT CLST 5.1 WIN PER CPU T1 STD LIC A;REW SF OPT MSFT CLST 5.1 WIN PER CPU T1 STD LIC A;REW SF OPT MSFT CLST 5.1 WIN PER CPU T1 STD LIC A;;;;79;;
1;3;2094;1;28,5237;23,19;REW SF OPT MSFT CLST 5.1 WIN PER CPU T1 BAS A;21020707;;REW SF OPT MSFT CLST 5.1 WIN PER CPU T1 BAS A;REW SF OPT MSFT CLST 5.1 WIN PER CPU T1 BAS A;REW SF OPT MSFT CLST 5.1 WIN PER CPU T1 BAS A;REW SF OPT MSFT CLST 5.1 WIN PER CPU T1 BAS A;;;;79;;
1;3;2094;1;27,0969;22,03;REW SF OPT MSFT CLST 5.1 WIN PER CPU T1 BAS D;21020708;;REW SF OPT MSFT CLST 5.1 WIN PER CPU T1 BAS D;REW SF OPT MSFT CLST 5.1 WIN PER CPU T1 BAS D;REW SF OPT MSFT CLST 5.1 WIN PER CPU T1 BAS D;REW SF OPT MSFT CLST 5.1 WIN PER CPU T1 BAS D;;;;79;;
1;3;2094;1;27,5397;22,39;REW TSPP STOR FOUND MSFT CLST 5.1 WIN T1 ESS 12M B;21020711;;REW TSPP STOR FOUND MSFT CLST 5.1 WIN T1 ESS 12M B;REW TSPP STOR FOUND MSFT CLST 5.1 WIN T1 ESS 12M B;REW TSPP STOR FOUND MSFT CLST 5.1 WIN T1 ESS 12M B;REW TSPP STOR FOUND MSFT CLST 5.1 WIN T1 ESS 12M B;;;;79;;
1;3;2094;1;47,232;38,4;REW SF OPT MSFT CLST 5.1 WIN PER CPU T2 ESS A;21020712;;REW SF OPT MSFT CLST 5.1 WIN PER CPU T2 ESS A;REW SF OPT MSFT CLST 5.1 WIN PER CPU T2 ESS A;REW SF OPT MSFT CLST 5.1 WIN PER CPU T2 ESS A;REW SF OPT MSFT CLST 5.1 WIN PER CPU T2 ESS A;;;;79;;
1;3;2094;1;20,4795;16,65;REW TSPP STOR FOUND MSFT CLST 5.1 WIN T1 BAS 12M D;21020713;;REW TSPP STOR FOUND MSFT CLST 5.1 WIN T1 BAS 12M D;REW TSPP STOR FOUND MSFT CLST 5.1 WIN T1 BAS 12M D;REW TSPP STOR FOUND MSFT CLST 5.1 WIN T1 BAS 12M D;REW TSPP STOR FOUND MSFT CLST 5.1 WIN T1 BAS 12M D;;;;79;;
1;3;2094;1;26,568;21,6;REW TSPP STOR FOUND MSFT CLST 5.1 WIN T2 BAS 12M C;21020714;;REW TSPP STOR FOUND MSFT CLST 5.1 WIN T2 BAS 12M C;REW TSPP STOR FOUND MSFT CLST 5.1 WIN T2 BAS 12M C;REW TSPP STOR FOUND MSFT CLST 5.1 WIN T2 BAS 12M C;REW TSPP STOR FOUND MSFT CLST 5.1 WIN T2 BAS 12M C;;;;79;;
1;3;2094;1;181,2159;147,33;REW SF OPT MSFT CLST 5.1 WIN PER CPU T3 STD LIC C;21020717;;REW SF OPT MSFT CLST 5.1 WIN PER CPU T3 STD LIC C;REW SF OPT MSFT CLST 5.1 WIN PER CPU T3 STD LIC C;REW SF OPT MSFT CLST 5.1 WIN PER CPU T3 STD LIC C;REW SF OPT MSFT CLST 5.1 WIN PER CPU T3 STD LIC C;;;;79;;
1;3;2094;1;176,4435;143,45;REW SF OPT MSFT CLST 5.1 WIN PER CPU T3 STD LIC E;21020718;;REW SF OPT MSFT CLST 5.1 WIN PER CPU T3 STD LIC E;REW SF OPT MSFT CLST 5.1 WIN PER CPU T3 STD LIC E;REW SF OPT MSFT CLST 5.1 WIN PER CPU T3 STD LIC E;REW SF OPT MSFT CLST 5.1 WIN PER CPU T3 STD LIC E;;;;79;;
1;3;2094;1;58,0314;47,18;REW SF OPT MSFT CLST 5.1 WIN PER CPU T3 ESS B;21020719;;REW SF OPT MSFT CLST 5.1 WIN PER CPU T3 ESS B;REW SF OPT MSFT CLST 5.1 WIN PER CPU T3 ESS B;REW SF OPT MSFT CLST 5.1 WIN PER CPU T3 ESS B;REW SF OPT MSFT CLST 5.1 WIN PER CPU T3 ESS B;;;;79;;
1;3;2094;1;58,0314;47,18;GOV SF OPT MSFT CLST 5.1 WIN PER CPU T3 ESS S;21020720;;GOV SF OPT MSFT CLST 5.1 WIN PER CPU T3 ESS S;GOV SF OPT MSFT CLST 5.1 WIN PER CPU T3 ESS S;GOV SF OPT MSFT CLST 5.1 WIN PER CPU T3 ESS S;GOV SF OPT MSFT CLST 5.1 WIN PER CPU T3 ESS S;;;;79;;
1;3;2094;1;43,8741;35,67;REW TSPP STOR FOUND MSFT CLST 5.1 WIN T3 ESS 12M A;21020722;;REW TSPP STOR FOUND MSFT CLST 5.1 WIN T3 ESS 12M A;REW TSPP STOR FOUND MSFT CLST 5.1 WIN T3 ESS 12M A;REW TSPP STOR FOUND MSFT CLST 5.1 WIN T3 ESS 12M A;REW TSPP STOR FOUND MSFT CLST 5.1 WIN T3 ESS 12M A;;;;79;;
1;3;2094;1;27,0969;22,03;REW SF OPT MSFT CLST 5.1 WIN PER CPU T1 BAS C;21020723;;REW SF OPT MSFT CLST 5.1 WIN PER CPU T1 BAS C;REW SF OPT MSFT CLST 5.1 WIN PER CPU T1 BAS C;REW SF OPT MSFT CLST 5.1 WIN PER CPU T1 BAS C;REW SF OPT MSFT CLST 5.1 WIN PER CPU T1 BAS C;;;;79;;
1;3;2094;1;21,5619;17,53;REW TSPP STOR FOUND MSFT CLST 5.1 WIN T1 BAS 12M A;21020724;;REW TSPP STOR FOUND MSFT CLST 5.1 WIN T1 BAS 12M A;REW TSPP STOR FOUND MSFT CLST 5.1 WIN T1 BAS 12M A;REW TSPP STOR FOUND MSFT CLST 5.1 WIN T1 BAS 12M A;REW TSPP STOR FOUND MSFT CLST 5.1 WIN T1 BAS 12M A;;;;79;;
1;3;2094;1;27,5397;22,39;REW TSPP STOR FOUND MSFT CLST 5.1 WIN T1 ESS 12M A;21020728;;REW TSPP STOR FOUND MSFT CLST 5.1 WIN T1 ESS 12M A;REW TSPP STOR FOUND MSFT CLST 5.1 WIN T1 ESS 12M A;REW TSPP STOR FOUND MSFT CLST 5.1 WIN T1 ESS 12M A;REW TSPP STOR FOUND MSFT CLST 5.1 WIN T1 ESS 12M A;;;;79;;
1;3;2094;1;26,1744;21,28;REW TSPP STOR FOUND MSFT CLST 5.1 WIN T1 ESS 12M D;21020729;;REW TSPP STOR FOUND MSFT CLST 5.1 WIN T1 ESS 12M D;REW TSPP STOR FOUND MSFT CLST 5.1 WIN T1 ESS 12M D;REW TSPP STOR FOUND MSFT CLST 5.1 WIN T1 ESS 12M D;REW TSPP STOR FOUND MSFT CLST 5.1 WIN T1 ESS 12M D;;;;79;;
1;3;2094;1;25,4856;20,72;REW TSPP STOR FOUND MSFT CLST 5.1 WIN T1 ESS 12M E;21020730;;REW TSPP STOR FOUND MSFT CLST 5.1 WIN T1 ESS 12M E;REW TSPP STOR FOUND MSFT CLST 5.1 WIN T1 ESS 12M E;REW TSPP STOR FOUND MSFT CLST 5.1 WIN T1 ESS 12M E;REW TSPP STOR FOUND MSFT CLST 5.1 WIN T1 ESS 12M E;;;;79;;
1;3;2094;1;27,5397;22,39;EXP TSPP STOR FOUND MSFT CLST 5.1 WIN T1 ESS 12M S;21020731;;EXP TSPP STOR FOUND MSFT CLST 5.1 WIN T1 ESS 12M S;EXP TSPP STOR FOUND MSFT CLST 5.1 WIN T1 ESS 12M S;EXP TSPP STOR FOUND MSFT CLST 5.1 WIN T1 ESS 12M S;EXP TSPP STOR FOUND MSFT CLST 5.1 WIN T1 ESS 12M S;;;;79;;
1;3;2094;1;155,2506;126,22;GOV SF OPT MSFT CLST 5.1 WIN PER CPU T2 STD LIC S;21020733;;GOV SF OPT MSFT CLST 5.1 WIN PER CPU T2 STD LIC S;GOV SF OPT MSFT CLST 5.1 WIN PER CPU T2 STD LIC S;GOV SF OPT MSFT CLST 5.1 WIN PER CPU T2 STD LIC S;GOV SF OPT MSFT CLST 5.1 WIN PER CPU T2 STD LIC S;;;;79;;
1;3;2094;1;35,1165;28,55;REW SF OPT MSFT CLST 5.1 WIN PER CPU T2 BAS C;21020734;;REW SF OPT MSFT CLST 5.1 WIN PER CPU T2 BAS C;REW SF OPT MSFT CLST 5.1 WIN PER CPU T2 BAS C;REW SF OPT MSFT CLST 5.1 WIN PER CPU T2 BAS C;REW SF OPT MSFT CLST 5.1 WIN PER CPU T2 BAS C;;;;79;;
1;3;2094;1;47,232;38,4;EXP SF OPT MSFT CLST 5.1 WIN PER CPU T2 ESS S;21020736;;EXP SF OPT MSFT CLST 5.1 WIN PER CPU T2 ESS S;EXP SF OPT MSFT CLST 5.1 WIN PER CPU T2 ESS S;EXP SF OPT MSFT CLST 5.1 WIN PER CPU T2 ESS S;EXP SF OPT MSFT CLST 5.1 WIN PER CPU T2 ESS S;;;;79;;
1;3;2094;1;47,232;38,4;AE SF OPT MSFT CLST 5.1 WIN PER CPU T2 ESS S;21020737;;AE SF OPT MSFT CLST 5.1 WIN PER CPU T2 ESS S;AE SF OPT MSFT CLST 5.1 WIN PER CPU T2 ESS S;AE SF OPT MSFT CLST 5.1 WIN PER CPU T2 ESS S;AE SF OPT MSFT CLST 5.1 WIN PER CPU T2 ESS S;;;;79;;
1;3;2094;1;27,9456;22,72;AE TSPP STOR FOUND MSFT CLST 5.1 WIN T2 BAS 12M S;21020739;;AE TSPP STOR FOUND MSFT CLST 5.1 WIN T2 BAS 12M S;AE TSPP STOR FOUND MSFT CLST 5.1 WIN T2 BAS 12M S;AE TSPP STOR FOUND MSFT CLST 5.1 WIN T2 BAS 12M S;AE TSPP STOR FOUND MSFT CLST 5.1 WIN T2 BAS 12M S;;;;79;;
1;3;2094;1;35,7192;29,04;REW TSPP STOR FOUND MSFT CLST 5.1 WIN T2 ESS 12M B;21020742;;REW TSPP STOR FOUND MSFT CLST 5.1 WIN T2 ESS 12M B;REW TSPP STOR FOUND MSFT CLST 5.1 WIN T2 ESS 12M B;REW TSPP STOR FOUND MSFT CLST 5.1 WIN T2 ESS 12M B;REW TSPP STOR FOUND MSFT CLST 5.1 WIN T2 ESS 12M B;;;;79;;
1;3;2094;1;35,7192;29,04;GOV TSPP STOR FOUND MSFT CLST 5.1 WIN T2 ESS 12M S;21020743;;GOV TSPP STOR FOUND MSFT CLST 5.1 WIN T2 ESS 12M S;GOV TSPP STOR FOUND MSFT CLST 5.1 WIN T2 ESS 12M S;GOV TSPP STOR FOUND MSFT CLST 5.1 WIN T2 ESS 12M S;GOV TSPP STOR FOUND MSFT CLST 5.1 WIN T2 ESS 12M S;;;;79;;
1;3;2094;1;32,6319;26,53;REW TSPP STOR FOUND MSFT CLST 5.1 WIN T3 BAS 12M C;21020746;;REW TSPP STOR FOUND MSFT CLST 5.1 WIN T3 BAS 12M C;REW TSPP STOR FOUND MSFT CLST 5.1 WIN T3 BAS 12M C;REW TSPP STOR FOUND MSFT CLST 5.1 WIN T3 BAS 12M C;REW TSPP STOR FOUND MSFT CLST 5.1 WIN T3 BAS 12M C;;;;79;;
1;3;2094;1;31,7586;25,82;REW TSPP STOR FOUND MSFT CLST 5.1 WIN T3 BAS 12M E;21020747;;REW TSPP STOR FOUND MSFT CLST 5.1 WIN T3 BAS 12M E;REW TSPP STOR FOUND MSFT CLST 5.1 WIN T3 BAS 12M E;REW TSPP STOR FOUND MSFT CLST 5.1 WIN T3 BAS 12M E;REW TSPP STOR FOUND MSFT CLST 5.1 WIN T3 BAS 12M E;;;;79;;
1;3;2094;1;119,7651;97,37;AE SF OPT MSFT CLST 5.1 WIN PER CPU T1 STD LIC S;21020751;;AE SF OPT MSFT CLST 5.1 WIN PER CPU T1 STD LIC S;AE SF OPT MSFT CLST 5.1 WIN PER CPU T1 STD LIC S;AE SF OPT MSFT CLST 5.1 WIN PER CPU T1 STD LIC S;AE SF OPT MSFT CLST 5.1 WIN PER CPU T1 STD LIC S;;;;79;;
1;3;2094;1;28,5237;23,19;AE SF OPT MSFT CLST 5.1 WIN PER CPU T1 BAS S;21020753;;AE SF OPT MSFT CLST 5.1 WIN PER CPU T1 BAS S;AE SF OPT MSFT CLST 5.1 WIN PER CPU T1 BAS S;AE SF OPT MSFT CLST 5.1 WIN PER CPU T1 BAS S;AE SF OPT MSFT CLST 5.1 WIN PER CPU T1 BAS S;;;;79;;
1;3;2094;1;36,4326;29,62;GOV SF OPT MSFT CLST 5.1 WIN PER CPU T1 ESS S;21020754;;GOV SF OPT MSFT CLST 5.1 WIN PER CPU T1 ESS S;GOV SF OPT MSFT CLST 5.1 WIN PER CPU T1 ESS S;GOV SF OPT MSFT CLST 5.1 WIN PER CPU T1 ESS S;GOV SF OPT MSFT CLST 5.1 WIN PER CPU T1 ESS S;;;;79;;
1;3;2094;1;20,4795;16,65;REW TSPP STOR FOUND MSFT CLST 5.1 WIN T1 BAS 12M C;21020755;;REW TSPP STOR FOUND MSFT CLST 5.1 WIN T1 BAS 12M C;REW TSPP STOR FOUND MSFT CLST 5.1 WIN T1 BAS 12M C;REW TSPP STOR FOUND MSFT CLST 5.1 WIN T1 BAS 12M C;REW TSPP STOR FOUND MSFT CLST 5.1 WIN T1 BAS 12M C;;;;79;;
1;3;2094;1;21,5619;17,53;GOV TSPP STOR FOUND MSFT CLST 5.1 WIN T1 BAS 12M S;21020756;;GOV TSPP STOR FOUND MSFT CLST 5.1 WIN T1 BAS 12M S;GOV TSPP STOR FOUND MSFT CLST 5.1 WIN T1 BAS 12M S;GOV TSPP STOR FOUND MSFT CLST 5.1 WIN T1 BAS 12M S;GOV TSPP STOR FOUND MSFT CLST 5.1 WIN T1 BAS 12M S;;;;79;;
1;3;2094;1;21,5619;17,53;EXP TSPP STOR FOUND MSFT CLST 5.1 WIN T1 BAS 12M S;21020757;;EXP TSPP STOR FOUND MSFT CLST 5.1 WIN T1 BAS 12M S;EXP TSPP STOR FOUND MSFT CLST 5.1 WIN T1 BAS 12M S;EXP TSPP STOR FOUND MSFT CLST 5.1 WIN T1 BAS 12M S;EXP TSPP STOR FOUND MSFT CLST 5.1 WIN T1 BAS 12M S;;;;79;;
1;3;2094;1;155,2506;126,22;REW SF OPT MSFT CLST 5.1 WIN PER CPU T2 STD LIC A;21020758;;REW SF OPT MSFT CLST 5.1 WIN PER CPU T2 STD LIC A;REW SF OPT MSFT CLST 5.1 WIN PER CPU T2 STD LIC A;REW SF OPT MSFT CLST 5.1 WIN PER CPU T2 STD LIC A;REW SF OPT MSFT CLST 5.1 WIN PER CPU T2 STD LIC A;;;;79;;
1;3;2094;1;155,2506;126,22;REW SF OPT MSFT CLST 5.1 WIN PER CPU T2 STD LIC B;21020759;;REW SF OPT MSFT CLST 5.1 WIN PER CPU T2 STD LIC B;REW SF OPT MSFT CLST 5.1 WIN PER CPU T2 STD LIC B;REW SF OPT MSFT CLST 5.1 WIN PER CPU T2 STD LIC B;REW SF OPT MSFT CLST 5.1 WIN PER CPU T2 STD LIC B;;;;79;;
1;3;2094;1;36,9615;30,05;REW SF OPT MSFT CLST 5.1 WIN PER CPU T2 BAS B;21020761;;REW SF OPT MSFT CLST 5.1 WIN PER CPU T2 BAS B;REW SF OPT MSFT CLST 5.1 WIN PER CPU T2 BAS B;REW SF OPT MSFT CLST 5.1 WIN PER CPU T2 BAS B;REW SF OPT MSFT CLST 5.1 WIN PER CPU T2 BAS B;;;;79;;
1;3;2094;1;34,1817;27,79;REW SF OPT MSFT CLST 5.1 WIN PER CPU T2 BAS E;21020762;;REW SF OPT MSFT CLST 5.1 WIN PER CPU T2 BAS E;REW SF OPT MSFT CLST 5.1 WIN PER CPU T2 BAS E;REW SF OPT MSFT CLST 5.1 WIN PER CPU T2 BAS E;REW SF OPT MSFT CLST 5.1 WIN PER CPU T2 BAS E;;;;79;;
1;3;2094;1;27,9456;22,72;REW TSPP STOR FOUND MSFT CLST 5.1 WIN T2 BAS 12M B;21020763;;REW TSPP STOR FOUND MSFT CLST 5.1 WIN T2 BAS 12M B;REW TSPP STOR FOUND MSFT CLST 5.1 WIN T2 BAS 12M B;REW TSPP STOR FOUND MSFT CLST 5.1 WIN T2 BAS 12M B;REW TSPP STOR FOUND MSFT CLST 5.1 WIN T2 BAS 12M B;;;;79;;
1;3;2094;1;33,9234;27,58;REW TSPP STOR FOUND MSFT CLST 5.1 WIN T2 ESS 12M C;21020767;;REW TSPP STOR FOUND MSFT CLST 5.1 WIN T2 ESS 12M C;REW TSPP STOR FOUND MSFT CLST 5.1 WIN T2 ESS 12M C;REW TSPP STOR FOUND MSFT CLST 5.1 WIN T2 ESS 12M C;REW TSPP STOR FOUND MSFT CLST 5.1 WIN T2 ESS 12M C;;;;79;;
1;3;2094;1;181,2159;147,33;REW SF OPT MSFT CLST 5.1 WIN PER CPU T3 STD LIC D;21020769;;REW SF OPT MSFT CLST 5.1 WIN PER CPU T3 STD LIC D;REW SF OPT MSFT CLST 5.1 WIN PER CPU T3 STD LIC D;REW SF OPT MSFT CLST 5.1 WIN PER CPU T3 STD LIC D;REW SF OPT MSFT CLST 5.1 WIN PER CPU T3 STD LIC D;;;;79;;
1;3;2094;1;45,3993;36,91;REW SF OPT MSFT CLST 5.1 WIN PER CPU T3 BAS A;21020770;;REW SF OPT MSFT CLST 5.1 WIN PER CPU T3 BAS A;REW SF OPT MSFT CLST 5.1 WIN PER CPU T3 BAS A;REW SF OPT MSFT CLST 5.1 WIN PER CPU T3 BAS A;REW SF OPT MSFT CLST 5.1 WIN PER CPU T3 BAS A;;;;79;;
1;3;2094;1;43,1484;35,08;REW SF OPT MSFT CLST 5.1 WIN PER CPU T3 BAS C;21020771;;REW SF OPT MSFT CLST 5.1 WIN PER CPU T3 BAS C;REW SF OPT MSFT CLST 5.1 WIN PER CPU T3 BAS C;REW SF OPT MSFT CLST 5.1 WIN PER CPU T3 BAS C;REW SF OPT MSFT CLST 5.1 WIN PER CPU T3 BAS C;;;;79;;
1;3;2094;1;43,1484;35,08;REW SF OPT MSFT CLST 5.1 WIN PER CPU T3 BAS D;21020772;;REW SF OPT MSFT CLST 5.1 WIN PER CPU T3 BAS D;REW SF OPT MSFT CLST 5.1 WIN PER CPU T3 BAS D;REW SF OPT MSFT CLST 5.1 WIN PER CPU T3 BAS D;REW SF OPT MSFT CLST 5.1 WIN PER CPU T3 BAS D;;;;79;;
1;3;2094;1;45,3993;36,91;GOV SF OPT MSFT CLST 5.1 WIN PER CPU T3 BAS S;21020773;;GOV SF OPT MSFT CLST 5.1 WIN PER CPU T3 BAS S;GOV SF OPT MSFT CLST 5.1 WIN PER CPU T3 BAS S;GOV SF OPT MSFT CLST 5.1 WIN PER CPU T3 BAS S;GOV SF OPT MSFT CLST 5.1 WIN PER CPU T3 BAS S;;;;79;;
1;3;2094;1;45,3993;36,91;EXP SF OPT MSFT CLST 5.1 WIN PER CPU T3 BAS S;21020774;;EXP SF OPT MSFT CLST 5.1 WIN PER CPU T3 BAS S;EXP SF OPT MSFT CLST 5.1 WIN PER CPU T3 BAS S;EXP SF OPT MSFT CLST 5.1 WIN PER CPU T3 BAS S;EXP SF OPT MSFT CLST 5.1 WIN PER CPU T3 BAS S;;;;79;;
1;3;2094;1;53,6649;43,63;REW SF OPT MSFT CLST 5.1 WIN PER CPU T3 ESS E;21020775;;REW SF OPT MSFT CLST 5.1 WIN PER CPU T3 ESS E;REW SF OPT MSFT CLST 5.1 WIN PER CPU T3 ESS E;REW SF OPT MSFT CLST 5.1 WIN PER CPU T3 ESS E;REW SF OPT MSFT CLST 5.1 WIN PER CPU T3 ESS E;;;;79;;
1;3;2094;1;34,3293;27,91;REW TSPP STOR FOUND MSFT CLST 5.1 WIN T3 BAS 12M B;21020777;;REW TSPP STOR FOUND MSFT CLST 5.1 WIN T3 BAS 12M B;REW TSPP STOR FOUND MSFT CLST 5.1 WIN T3 BAS 12M B;REW TSPP STOR FOUND MSFT CLST 5.1 WIN T3 BAS 12M B;REW TSPP STOR FOUND MSFT CLST 5.1 WIN T3 BAS 12M B;;;;79;;
1;3;2094;1;34,3293;27,91;EXP TSPP STOR FOUND MSFT CLST 5.1 WIN T3 BAS 12M S;21020778;;EXP TSPP STOR FOUND MSFT CLST 5.1 WIN T3 BAS 12M S;EXP TSPP STOR FOUND MSFT CLST 5.1 WIN T3 BAS 12M S;EXP TSPP STOR FOUND MSFT CLST 5.1 WIN T3 BAS 12M S;EXP TSPP STOR FOUND MSFT CLST 5.1 WIN T3 BAS 12M S;;;;79;;
1;3;2094;1;40,5777;32,99;REW TSPP STOR FOUND MSFT CLST 5.1 WIN T3 ESS 12M E;21020781;;REW TSPP STOR FOUND MSFT CLST 5.1 WIN T3 ESS 12M E;REW TSPP STOR FOUND MSFT CLST 5.1 WIN T3 ESS 12M E;REW TSPP STOR FOUND MSFT CLST 5.1 WIN T3 ESS 12M E;REW TSPP STOR FOUND MSFT CLST 5.1 WIN T3 ESS 12M E;;;;79;;
1;3;2094;1;43,8741;35,67;AE TSPP STOR FOUND MSFT CLST 5.1 WIN T3 ESS 12M S;21020783;;AE TSPP STOR FOUND MSFT CLST 5.1 WIN T3 ESS 12M S;AE TSPP STOR FOUND MSFT CLST 5.1 WIN T3 ESS 12M S;AE TSPP STOR FOUND MSFT CLST 5.1 WIN T3 ESS 12M S;AE TSPP STOR FOUND MSFT CLST 5.1 WIN T3 ESS 12M S;;;;79;;
1;3;2094;1;119,7651;97,37;GOV SF OPT MSFT CLST 5.1 WIN PER CPU T1 STD LIC S;21020784;;GOV SF OPT MSFT CLST 5.1 WIN PER CPU T1 STD LIC S;GOV SF OPT MSFT CLST 5.1 WIN PER CPU T1 STD LIC S;GOV SF OPT MSFT CLST 5.1 WIN PER CPU T1 STD LIC S;GOV SF OPT MSFT CLST 5.1 WIN PER CPU T1 STD LIC S;;;;79;;
1;3;2094;1;28,5237;23,19;GOV SF OPT MSFT CLST 5.1 WIN PER CPU T1 BAS S;21020786;;GOV SF OPT MSFT CLST 5.1 WIN PER CPU T1 BAS S;GOV SF OPT MSFT CLST 5.1 WIN PER CPU T1 BAS S;GOV SF OPT MSFT CLST 5.1 WIN PER CPU T1 BAS S;GOV SF OPT MSFT CLST 5.1 WIN PER CPU T1 BAS S;;;;79;;
1;3;2094;1;155,2506;126,22;EXP SF OPT MSFT CLST 5.1 WIN PER CPU T2 STD LIC S;21020790;;EXP SF OPT MSFT CLST 5.1 WIN PER CPU T2 STD LIC S;EXP SF OPT MSFT CLST 5.1 WIN PER CPU T2 STD LIC S;EXP SF OPT MSFT CLST 5.1 WIN PER CPU T2 STD LIC S;EXP SF OPT MSFT CLST 5.1 WIN PER CPU T2 STD LIC S;;;;79;;
1;3;2094;1;36,9615;30,05;GOV SF OPT MSFT CLST 5.1 WIN PER CPU T2 BAS S;21020791;;GOV SF OPT MSFT CLST 5.1 WIN PER CPU T2 BAS S;GOV SF OPT MSFT CLST 5.1 WIN PER CPU T2 BAS S;GOV SF OPT MSFT CLST 5.1 WIN PER CPU T2 BAS S;GOV SF OPT MSFT CLST 5.1 WIN PER CPU T2 BAS S;;;;79;;
1;3;2094;1;44,8704;36,48;REW SF OPT MSFT CLST 5.1 WIN PER CPU T2 ESS C;21020792;;REW SF OPT MSFT CLST 5.1 WIN PER CPU T2 ESS C;REW SF OPT MSFT CLST 5.1 WIN PER CPU T2 ESS C;REW SF OPT MSFT CLST 5.1 WIN PER CPU T2 ESS C;REW SF OPT MSFT CLST 5.1 WIN PER CPU T2 ESS C;;;;79;;
1;3;2094;1;25,8546;21,02;REW TSPP STOR FOUND MSFT CLST 5.1 WIN T2 BAS 12M E;21020793;;REW TSPP STOR FOUND MSFT CLST 5.1 WIN T2 BAS 12M E;REW TSPP STOR FOUND MSFT CLST 5.1 WIN T2 BAS 12M E;REW TSPP STOR FOUND MSFT CLST 5.1 WIN T2 BAS 12M E;REW TSPP STOR FOUND MSFT CLST 5.1 WIN T2 BAS 12M E;;;;79;;
1;3;2094;1;27,9456;22,72;GOV TSPP STOR FOUND MSFT CLST 5.1 WIN T2 BAS 12M S;21020794;;GOV TSPP STOR FOUND MSFT CLST 5.1 WIN T2 BAS 12M S;GOV TSPP STOR FOUND MSFT CLST 5.1 WIN T2 BAS 12M S;GOV TSPP STOR FOUND MSFT CLST 5.1 WIN T2 BAS 12M S;GOV TSPP STOR FOUND MSFT CLST 5.1 WIN T2 BAS 12M S;;;;79;;
1;3;2094;1;33,0378;26,86;REW TSPP STOR FOUND MSFT CLST 5.1 WIN T2 ESS 12M E;21020797;;REW TSPP STOR FOUND MSFT CLST 5.1 WIN T2 ESS 12M E;REW TSPP STOR FOUND MSFT CLST 5.1 WIN T2 ESS 12M E;REW TSPP STOR FOUND MSFT CLST 5.1 WIN T2 ESS 12M E;REW TSPP STOR FOUND MSFT CLST 5.1 WIN T2 ESS 12M E;;;;79;;
1;3;2094;1;35,7192;29,04;AE TSPP STOR FOUND MSFT CLST 5.1 WIN T2 ESS 12M S;21020798;;AE TSPP STOR FOUND MSFT CLST 5.1 WIN T2 ESS 12M S;AE TSPP STOR FOUND MSFT CLST 5.1 WIN T2 ESS 12M S;AE TSPP STOR FOUND MSFT CLST 5.1 WIN T2 ESS 12M S;AE TSPP STOR FOUND MSFT CLST 5.1 WIN T2 ESS 12M S;;;;79;;
1;3;2094;1;190,7484;155,08;REW SF OPT MSFT CLST 5.1 WIN PER CPU T3 STD LIC B;21020799;;REW SF OPT MSFT CLST 5.1 WIN PER CPU T3 STD LIC B;REW SF OPT MSFT CLST 5.1 WIN PER CPU T3 STD LIC B;REW SF OPT MSFT CLST 5.1 WIN PER CPU T3 STD LIC B;REW SF OPT MSFT CLST 5.1 WIN PER CPU T3 STD LIC B;;;;79;;
1;3;2094;1;190,7484;155,08;GOV SF OPT MSFT CLST 5.1 WIN PER CPU T3 STD LIC S;21020800;;GOV SF OPT MSFT CLST 5.1 WIN PER CPU T3 STD LIC S;GOV SF OPT MSFT CLST 5.1 WIN PER CPU T3 STD LIC S;GOV SF OPT MSFT CLST 5.1 WIN PER CPU T3 STD LIC S;GOV SF OPT MSFT CLST 5.1 WIN PER CPU T3 STD LIC S;;;;79;;
1;3;2094;1;190,7484;155,08;AE SF OPT MSFT CLST 5.1 WIN PER CPU T3 STD LIC S;21020801;;AE SF OPT MSFT CLST 5.1 WIN PER CPU T3 STD LIC S;AE SF OPT MSFT CLST 5.1 WIN PER CPU T3 STD LIC S;AE SF OPT MSFT CLST 5.1 WIN PER CPU T3 STD LIC S;AE SF OPT MSFT CLST 5.1 WIN PER CPU T3 STD LIC S;;;;79;;
1;3;2094;1;58,0314;47,18;REW SF OPT MSFT CLST 5.1 WIN PER CPU T3 ESS A;21020802;;REW SF OPT MSFT CLST 5.1 WIN PER CPU T3 ESS A;REW SF OPT MSFT CLST 5.1 WIN PER CPU T3 ESS A;REW SF OPT MSFT CLST 5.1 WIN PER CPU T3 ESS A;REW SF OPT MSFT CLST 5.1 WIN PER CPU T3 ESS A;;;;79;;
1;3;2094;1;34,3293;27,91;REW TSPP STOR FOUND MSFT CLST 5.1 WIN T3 BAS 12M A;21020804;;REW TSPP STOR FOUND MSFT CLST 5.1 WIN T3 BAS 12M A;REW TSPP STOR FOUND MSFT CLST 5.1 WIN T3 BAS 12M A;REW TSPP STOR FOUND MSFT CLST 5.1 WIN T3 BAS 12M A;REW TSPP STOR FOUND MSFT CLST 5.1 WIN T3 BAS 12M A;;;;79;;
1;3;2094;1;43,8741;35,67;REW TSPP STOR FOUND MSFT CLST 5.1 WIN T3 ESS 12M B;21020809;;REW TSPP STOR FOUND MSFT CLST 5.1 WIN T3 ESS 12M B;REW TSPP STOR FOUND MSFT CLST 5.1 WIN T3 ESS 12M B;REW TSPP STOR FOUND MSFT CLST 5.1 WIN T3 ESS 12M B;REW TSPP STOR FOUND MSFT CLST 5.1 WIN T3 ESS 12M B;;;;79;;
1;3;2094;1;41,6847;33,89;REW TSPP STOR FOUND MSFT CLST 5.1 WIN T3 ESS 12M D;21020810;;REW TSPP STOR FOUND MSFT CLST 5.1 WIN T3 ESS 12M D;REW TSPP STOR FOUND MSFT CLST 5.1 WIN T3 ESS 12M D;REW TSPP STOR FOUND MSFT CLST 5.1 WIN T3 ESS 12M D;REW TSPP STOR FOUND MSFT CLST 5.1 WIN T3 ESS 12M D;;;;79;;
1;3;2094;1;43,8741;35,67;GOV TSPP STOR FOUND MSFT CLST 5.1 WIN T3 ESS 12M S;21020811;;GOV TSPP STOR FOUND MSFT CLST 5.1 WIN T3 ESS 12M S;GOV TSPP STOR FOUND MSFT CLST 5.1 WIN T3 ESS 12M S;GOV TSPP STOR FOUND MSFT CLST 5.1 WIN T3 ESS 12M S;GOV TSPP STOR FOUND MSFT CLST 5.1 WIN T3 ESS 12M S;;;;79;;
1;3;2094;1;113,775;92,5;REW SF OPT MSFT CLST 5.1 WIN PER CPU T1 STD LIC D;21020813;;REW SF OPT MSFT CLST 5.1 WIN PER CPU T1 STD LIC D;REW SF OPT MSFT CLST 5.1 WIN PER CPU T1 STD LIC D;REW SF OPT MSFT CLST 5.1 WIN PER CPU T1 STD LIC D;REW SF OPT MSFT CLST 5.1 WIN PER CPU T1 STD LIC D;;;;79;;
1;3;2094;1;33,702;27,4;REW SF OPT MSFT CLST 5.1 WIN PER CPU T1 ESS E;21020814;;REW SF OPT MSFT CLST 5.1 WIN PER CPU T1 ESS E;REW SF OPT MSFT CLST 5.1 WIN PER CPU T1 ESS E;REW SF OPT MSFT CLST 5.1 WIN PER CPU T1 ESS E;REW SF OPT MSFT CLST 5.1 WIN PER CPU T1 ESS E;;;;79;;
1;3;2094;1;21,5619;17,53;AE TSPP STOR FOUND MSFT CLST 5.1 WIN T1 BAS 12M S;21020816;;AE TSPP STOR FOUND MSFT CLST 5.1 WIN T1 BAS 12M S;AE TSPP STOR FOUND MSFT CLST 5.1 WIN T1 BAS 12M S;AE TSPP STOR FOUND MSFT CLST 5.1 WIN T1 BAS 12M S;AE TSPP STOR FOUND MSFT CLST 5.1 WIN T1 BAS 12M S;;;;79;;
1;3;2094;1;27,5397;22,39;GOV TSPP STOR FOUND MSFT CLST 5.1 WIN T1 ESS 12M S;21020820;;GOV TSPP STOR FOUND MSFT CLST 5.1 WIN T1 ESS 12M S;GOV TSPP STOR FOUND MSFT CLST 5.1 WIN T1 ESS 12M S;GOV TSPP STOR FOUND MSFT CLST 5.1 WIN T1 ESS 12M S;GOV TSPP STOR FOUND MSFT CLST 5.1 WIN T1 ESS 12M S;;;;79;;
1;3;2094;1;143,6271;116,77;REW SF OPT MSFT CLST 5.1 WIN PER CPU T2 STD LIC E;21020821;;REW SF OPT MSFT CLST 5.1 WIN PER CPU T2 STD LIC E;REW SF OPT MSFT CLST 5.1 WIN PER CPU T2 STD LIC E;REW SF OPT MSFT CLST 5.1 WIN PER CPU T2 STD LIC E;REW SF OPT MSFT CLST 5.1 WIN PER CPU T2 STD LIC E;;;;79;;
1;3;2094;1;155,2506;126,22;AE SF OPT MSFT CLST 5.1 WIN PER CPU T2 STD LIC S;21020822;;AE SF OPT MSFT CLST 5.1 WIN PER CPU T2 STD LIC S;AE SF OPT MSFT CLST 5.1 WIN PER CPU T2 STD LIC S;AE SF OPT MSFT CLST 5.1 WIN PER CPU T2 STD LIC S;AE SF OPT MSFT CLST 5.1 WIN PER CPU T2 STD LIC S;;;;79;;
1;3;2094;1;34,6122;28,14;REW SF OPT MSFT CLST 5.1 WIN PER CPU T1 ESS D;21020823;;REW SF OPT MSFT CLST 5.1 WIN PER CPU T1 ESS D;REW SF OPT MSFT CLST 5.1 WIN PER CPU T1 ESS D;REW SF OPT MSFT CLST 5.1 WIN PER CPU T1 ESS D;REW SF OPT MSFT CLST 5.1 WIN PER CPU T1 ESS D;;;;79;;
1;3;2094;1;36,4326;29,62;EXP SF OPT MSFT CLST 5.1 WIN PER CPU T1 ESS S;21020824;;EXP SF OPT MSFT CLST 5.1 WIN PER CPU T1 ESS S;EXP SF OPT MSFT CLST 5.1 WIN PER CPU T1 ESS S;EXP SF OPT MSFT CLST 5.1 WIN PER CPU T1 ESS S;EXP SF OPT MSFT CLST 5.1 WIN PER CPU T1 ESS S;;;;79;;
1;3;2094;1;35,1165;28,55;REW SF OPT MSFT CLST 5.1 WIN PER CPU T2 BAS D;21020826;;REW SF OPT MSFT CLST 5.1 WIN PER CPU T2 BAS D;REW SF OPT MSFT CLST 5.1 WIN PER CPU T2 BAS D;REW SF OPT MSFT CLST 5.1 WIN PER CPU T2 BAS D;REW SF OPT MSFT CLST 5.1 WIN PER CPU T2 BAS D;;;;79;;
1;3;2094;1;44,8704;36,48;REW SF OPT MSFT CLST 5.1 WIN PER CPU T2 ESS D;21020828;;REW SF OPT MSFT CLST 5.1 WIN PER CPU T2 ESS D;REW SF OPT MSFT CLST 5.1 WIN PER CPU T2 ESS D;REW SF OPT MSFT CLST 5.1 WIN PER CPU T2 ESS D;REW SF OPT MSFT CLST 5.1 WIN PER CPU T2 ESS D;;;;79;;
1;3;2094;1;26,568;21,6;REW TSPP STOR FOUND MSFT CLST 5.1 WIN T2 BAS 12M D;21020830;;REW TSPP STOR FOUND MSFT CLST 5.1 WIN T2 BAS 12M D;REW TSPP STOR FOUND MSFT CLST 5.1 WIN T2 BAS 12M D;REW TSPP STOR FOUND MSFT CLST 5.1 WIN T2 BAS 12M D;REW TSPP STOR FOUND MSFT CLST 5.1 WIN T2 BAS 12M D;;;;79;;
1;3;2094;1;42,0168;34,16;REW SF OPT MSFT CLST 5.1 WIN PER CPU T3 BAS E;21020834;;REW SF OPT MSFT CLST 5.1 WIN PER CPU T3 BAS E;REW SF OPT MSFT CLST 5.1 WIN PER CPU T3 BAS E;REW SF OPT MSFT CLST 5.1 WIN PER CPU T3 BAS E;REW SF OPT MSFT CLST 5.1 WIN PER CPU T3 BAS E;;;;79;;
1;3;2094;1;55,1286;44,82;REW SF OPT MSFT CLST 5.1 WIN PER CPU T3 ESS D;21020836;;REW SF OPT MSFT CLST 5.1 WIN PER CPU T3 ESS D;REW SF OPT MSFT CLST 5.1 WIN PER CPU T3 ESS D;REW SF OPT MSFT CLST 5.1 WIN PER CPU T3 ESS D;REW SF OPT MSFT CLST 5.1 WIN PER CPU T3 ESS D;;;;79;;
1;3;2094;1;27,5397;22,39;AE TSPP STOR FOUND MSFT CLST 5.1 WIN T1 ESS 12M S;21020841;;AE TSPP STOR FOUND MSFT CLST 5.1 WIN T1 ESS 12M S;AE TSPP STOR FOUND MSFT CLST 5.1 WIN T1 ESS 12M S;AE TSPP STOR FOUND MSFT CLST 5.1 WIN T1 ESS 12M S;AE TSPP STOR FOUND MSFT CLST 5.1 WIN T1 ESS 12M S;;;;79;;
1;3;2094;1;147,5016;119,92;REW SF OPT MSFT CLST 5.1 WIN PER CPU T2 STD LIC C;21020842;;REW SF OPT MSFT CLST 5.1 WIN PER CPU T2 STD LIC C;REW SF OPT MSFT CLST 5.1 WIN PER CPU T2 STD LIC C;REW SF OPT MSFT CLST 5.1 WIN PER CPU T2 STD LIC C;REW SF OPT MSFT CLST 5.1 WIN PER CPU T2 STD LIC C;;;;79;;
1;3;2094;1;58,0314;47,18;AE SF OPT MSFT CLST 5.1 WIN PER CPU T3 ESS S;21020843;;AE SF OPT MSFT CLST 5.1 WIN PER CPU T3 ESS S;AE SF OPT MSFT CLST 5.1 WIN PER CPU T3 ESS S;AE SF OPT MSFT CLST 5.1 WIN PER CPU T3 ESS S;AE SF OPT MSFT CLST 5.1 WIN PER CPU T3 ESS S;;;;79;;
1;3;2094;1;32,6319;26,53;REW TSPP STOR FOUND MSFT CLST 5.1 WIN T3 BAS 12M D;21020844;;REW TSPP STOR FOUND MSFT CLST 5.1 WIN T3 BAS 12M D;REW TSPP STOR FOUND MSFT CLST 5.1 WIN T3 BAS 12M D;REW TSPP STOR FOUND MSFT CLST 5.1 WIN T3 BAS 12M D;REW TSPP STOR FOUND MSFT CLST 5.1 WIN T3 BAS 12M D;;;;79;;
1;3;2094;1;34,3293;27,91;AE TSPP STOR FOUND MSFT CLST 5.1 WIN T3 BAS 12M S;21020845;;AE TSPP STOR FOUND MSFT CLST 5.1 WIN T3 BAS 12M S;AE TSPP STOR FOUND MSFT CLST 5.1 WIN T3 BAS 12M S;AE TSPP STOR FOUND MSFT CLST 5.1 WIN T3 BAS 12M S;AE TSPP STOR FOUND MSFT CLST 5.1 WIN T3 BAS 12M S;;;;79;;
1;3;2094;1;119,7651;97,37;REW SF OPT MSFT CLST 5.1 WIN PER CPU T1 STD LIC B;21020848;;REW SF OPT MSFT CLST 5.1 WIN PER CPU T1 STD LIC B;REW SF OPT MSFT CLST 5.1 WIN PER CPU T1 STD LIC B;REW SF OPT MSFT CLST 5.1 WIN PER CPU T1 STD LIC B;REW SF OPT MSFT CLST 5.1 WIN PER CPU T1 STD LIC B;;;;79;;
1;3;2094;1;110,7861;90,07;REW SF OPT MSFT CLST 5.1 WIN PER CPU T1 STD LIC E;21020849;;REW SF OPT MSFT CLST 5.1 WIN PER CPU T1 STD LIC E;REW SF OPT MSFT CLST 5.1 WIN PER CPU T1 STD LIC E;REW SF OPT MSFT CLST 5.1 WIN PER CPU T1 STD LIC E;REW SF OPT MSFT CLST 5.1 WIN PER CPU T1 STD LIC E;;;;79;;
1;3;2094;1;28,5237;23,19;EXP SF OPT MSFT CLST 5.1 WIN PER CPU T1 BAS S;21020851;;EXP SF OPT MSFT CLST 5.1 WIN PER CPU T1 BAS S;EXP SF OPT MSFT CLST 5.1 WIN PER CPU T1 BAS S;EXP SF OPT MSFT CLST 5.1 WIN PER CPU T1 BAS S;EXP SF OPT MSFT CLST 5.1 WIN PER CPU T1 BAS S;;;;79;;
1;3;2094;1;36,4326;29,62;REW SF OPT MSFT CLST 5.1 WIN PER CPU T1 ESS B;21020852;;REW SF OPT MSFT CLST 5.1 WIN PER CPU T1 ESS B;REW SF OPT MSFT CLST 5.1 WIN PER CPU T1 ESS B;REW SF OPT MSFT CLST 5.1 WIN PER CPU T1 ESS B;REW SF OPT MSFT CLST 5.1 WIN PER CPU T1 ESS B;;;;79;;
1;3;2094;1;36,4326;29,62;AE SF OPT MSFT CLST 5.1 WIN PER CPU T1 ESS S;21020853;;AE SF OPT MSFT CLST 5.1 WIN PER CPU T1 ESS S;AE SF OPT MSFT CLST 5.1 WIN PER CPU T1 ESS S;AE SF OPT MSFT CLST 5.1 WIN PER CPU T1 ESS S;AE SF OPT MSFT CLST 5.1 WIN PER CPU T1 ESS S;;;;79;;
1;3;2094;1;147,5016;119,92;REW SF OPT MSFT CLST 5.1 WIN PER CPU T2 STD LIC D;21020854;;REW SF OPT MSFT CLST 5.1 WIN PER CPU T2 STD LIC D;REW SF OPT MSFT CLST 5.1 WIN PER CPU T2 STD LIC D;REW SF OPT MSFT CLST 5.1 WIN PER CPU T2 STD LIC D;REW SF OPT MSFT CLST 5.1 WIN PER CPU T2 STD LIC D;;;;79;;
1;3;2094;1;36,9615;30,05;EXP SF OPT MSFT CLST 5.1 WIN PER CPU T2 BAS S;21020855;;EXP SF OPT MSFT CLST 5.1 WIN PER CPU T2 BAS S;EXP SF OPT MSFT CLST 5.1 WIN PER CPU T2 BAS S;EXP SF OPT MSFT CLST 5.1 WIN PER CPU T2 BAS S;EXP SF OPT MSFT CLST 5.1 WIN PER CPU T2 BAS S;;;;79;;
1;3;2094;1;36,9615;30,05;AE SF OPT MSFT CLST 5.1 WIN PER CPU T2 BAS S;21020856;;AE SF OPT MSFT CLST 5.1 WIN PER CPU T2 BAS S;AE SF OPT MSFT CLST 5.1 WIN PER CPU T2 BAS S;AE SF OPT MSFT CLST 5.1 WIN PER CPU T2 BAS S;AE SF OPT MSFT CLST 5.1 WIN PER CPU T2 BAS S;;;;79;;
1;3;2094;1;43,6773;35,51;REW SF OPT MSFT CLST 5.1 WIN PER CPU T2 ESS E;21020857;;REW SF OPT MSFT CLST 5.1 WIN PER CPU T2 ESS E;REW SF OPT MSFT CLST 5.1 WIN PER CPU T2 ESS E;REW SF OPT MSFT CLST 5.1 WIN PER CPU T2 ESS E;REW SF OPT MSFT CLST 5.1 WIN PER CPU T2 ESS E;;;;79;;
1;3;2094;1;36,9615;30,05;REW SF OPT MSFT CLST 5.1 WIN PER CPU T2 BAS A;21020864;;REW SF OPT MSFT CLST 5.1 WIN PER CPU T2 BAS A;REW SF OPT MSFT CLST 5.1 WIN PER CPU T2 BAS A;REW SF OPT MSFT CLST 5.1 WIN PER CPU T2 BAS A;REW SF OPT MSFT CLST 5.1 WIN PER CPU T2 BAS A;;;;79;;
1;3;2094;1;47,232;38,4;GOV SF OPT MSFT CLST 5.1 WIN PER CPU T2 ESS S;21020869;;GOV SF OPT MSFT CLST 5.1 WIN PER CPU T2 ESS S;GOV SF OPT MSFT CLST 5.1 WIN PER CPU T2 ESS S;GOV SF OPT MSFT CLST 5.1 WIN PER CPU T2 ESS S;GOV SF OPT MSFT CLST 5.1 WIN PER CPU T2 ESS S;;;;79;;
1;3;2094;1;27,9456;22,72;REW TSPP STOR FOUND MSFT CLST 5.1 WIN T2 BAS 12M A;21020870;;REW TSPP STOR FOUND MSFT CLST 5.1 WIN T2 BAS 12M A;REW TSPP STOR FOUND MSFT CLST 5.1 WIN T2 BAS 12M A;REW TSPP STOR FOUND MSFT CLST 5.1 WIN T2 BAS 12M A;REW TSPP STOR FOUND MSFT CLST 5.1 WIN T2 BAS 12M A;;;;79;;
1;3;2094;1;190,7484;155,08;REW SF OPT MSFT CLST 5.1 WIN PER CPU T3 STD LIC A;21020871;;REW SF OPT MSFT CLST 5.1 WIN PER CPU T3 STD LIC A;REW SF OPT MSFT CLST 5.1 WIN PER CPU T3 STD LIC A;REW SF OPT MSFT CLST 5.1 WIN PER CPU T3 STD LIC A;REW SF OPT MSFT CLST 5.1 WIN PER CPU T3 STD LIC A;;;;79;;
1;3;2094;1;34,3293;27,91;GOV TSPP STOR FOUND MSFT CLST 5.1 WIN T3 BAS 12M S;21020874;;GOV TSPP STOR FOUND MSFT CLST 5.1 WIN T3 BAS 12M S;GOV TSPP STOR FOUND MSFT CLST 5.1 WIN T3 BAS 12M S;GOV TSPP STOR FOUND MSFT CLST 5.1 WIN T3 BAS 12M S;GOV TSPP STOR FOUND MSFT CLST 5.1 WIN T3 BAS 12M S;;;;79;;
1;3;2094;1;43,8741;35,67;EXP TSPP STOR FOUND MSFT CLST 5.1 WIN T3 ESS 12M S;21020881;;EXP TSPP STOR FOUND MSFT CLST 5.1 WIN T3 ESS 12M S;EXP TSPP STOR FOUND MSFT CLST 5.1 WIN T3 ESS 12M S;EXP TSPP STOR FOUND MSFT CLST 5.1 WIN T3 ESS 12M S;EXP TSPP STOR FOUND MSFT CLST 5.1 WIN T3 ESS 12M S;;;;79;;
1;3;2094;1;113,775;92,5;REW SF OPT MSFT CLST 5.1 WIN PER CPU T1 STD LIC C;21020882;;REW SF OPT MSFT CLST 5.1 WIN PER CPU T1 STD LIC C;REW SF OPT MSFT CLST 5.1 WIN PER CPU T1 STD LIC C;REW SF OPT MSFT CLST 5.1 WIN PER CPU T1 STD LIC C;REW SF OPT MSFT CLST 5.1 WIN PER CPU T1 STD LIC C;;;;79;;
1;3;2094;1;119,7651;97,37;EXP SF OPT MSFT CLST 5.1 WIN PER CPU T1 STD LIC S;21020883;;EXP SF OPT MSFT CLST 5.1 WIN PER CPU T1 STD LIC S;EXP SF OPT MSFT CLST 5.1 WIN PER CPU T1 STD LIC S;EXP SF OPT MSFT CLST 5.1 WIN PER CPU T1 STD LIC S;EXP SF OPT MSFT CLST 5.1 WIN PER CPU T1 STD LIC S;;;;79;;
1;3;2094;1;28,5237;23,19;REW SF OPT MSFT CLST 5.1 WIN PER CPU T1 BAS B;21020884;;REW SF OPT MSFT CLST 5.1 WIN PER CPU T1 BAS B;REW SF OPT MSFT CLST 5.1 WIN PER CPU T1 BAS B;REW SF OPT MSFT CLST 5.1 WIN PER CPU T1 BAS B;REW SF OPT MSFT CLST 5.1 WIN PER CPU T1 BAS B;;;;79;;
1;3;2094;1;26,3712;21,44;REW SF OPT MSFT CLST 5.1 WIN PER CPU T1 BAS E;21020885;;REW SF OPT MSFT CLST 5.1 WIN PER CPU T1 BAS E;REW SF OPT MSFT CLST 5.1 WIN PER CPU T1 BAS E;REW SF OPT MSFT CLST 5.1 WIN PER CPU T1 BAS E;REW SF OPT MSFT CLST 5.1 WIN PER CPU T1 BAS E;;;;79;;
1;3;2094;1;36,4326;29,62;REW SF OPT MSFT CLST 5.1 WIN PER CPU T1 ESS A;21020886;;REW SF OPT MSFT CLST 5.1 WIN PER CPU T1 ESS A;REW SF OPT MSFT CLST 5.1 WIN PER CPU T1 ESS A;REW SF OPT MSFT CLST 5.1 WIN PER CPU T1 ESS A;REW SF OPT MSFT CLST 5.1 WIN PER CPU T1 ESS A;;;;79;;
1;3;2094;1;34,6122;28,14;REW SF OPT MSFT CLST 5.1 WIN PER CPU T1 ESS C;21020887;;REW SF OPT MSFT CLST 5.1 WIN PER CPU T1 ESS C;REW SF OPT MSFT CLST 5.1 WIN PER CPU T1 ESS C;REW SF OPT MSFT CLST 5.1 WIN PER CPU T1 ESS C;REW SF OPT MSFT CLST 5.1 WIN PER CPU T1 ESS C;;;;79;;
1;3;2094;1;33,9234;27,58;REW TSPP STOR FOUND MSFT CLST 5.1 WIN T2 ESS 12M D;21020893;;REW TSPP STOR FOUND MSFT CLST 5.1 WIN T2 ESS 12M D;REW TSPP STOR FOUND MSFT CLST 5.1 WIN T2 ESS 12M D;REW TSPP STOR FOUND MSFT CLST 5.1 WIN T2 ESS 12M D;REW TSPP STOR FOUND MSFT CLST 5.1 WIN T2 ESS 12M D;;;;79;;
1;3;2094;1;190,7484;155,08;EXP SF OPT MSFT CLST 5.1 WIN PER CPU T3 STD LIC S;21020894;;EXP SF OPT MSFT CLST 5.1 WIN PER CPU T3 STD LIC S;EXP SF OPT MSFT CLST 5.1 WIN PER CPU T3 STD LIC S;EXP SF OPT MSFT CLST 5.1 WIN PER CPU T3 STD LIC S;EXP SF OPT MSFT CLST 5.1 WIN PER CPU T3 STD LIC S;;;;79;;
1;3;2094;1;45,3993;36,91;REW SF OPT MSFT CLST 5.1 WIN PER CPU T3 BAS B;21020895;;REW SF OPT MSFT CLST 5.1 WIN PER CPU T3 BAS B;REW SF OPT MSFT CLST 5.1 WIN PER CPU T3 BAS B;REW SF OPT MSFT CLST 5.1 WIN PER CPU T3 BAS B;REW SF OPT MSFT CLST 5.1 WIN PER CPU T3 BAS B;;;;79;;
1;3;2094;1;55,1286;44,82;REW SF OPT MSFT CLST 5.1 WIN PER CPU T3 ESS C;21020896;;REW SF OPT MSFT CLST 5.1 WIN PER CPU T3 ESS C;REW SF OPT MSFT CLST 5.1 WIN PER CPU T3 ESS C;REW SF OPT MSFT CLST 5.1 WIN PER CPU T3 ESS C;REW SF OPT MSFT CLST 5.1 WIN PER CPU T3 ESS C;;;;79;;
1;3;2094;1;58,0314;47,18;EXP SF OPT MSFT CLST 5.1 WIN PER CPU T3 ESS S;21020897;;EXP SF OPT MSFT CLST 5.1 WIN PER CPU T3 ESS S;EXP SF OPT MSFT CLST 5.1 WIN PER CPU T3 ESS S;EXP SF OPT MSFT CLST 5.1 WIN PER CPU T3 ESS S;EXP SF OPT MSFT CLST 5.1 WIN PER CPU T3 ESS S;;;;79;;
1;3;2094;1;21,5619;17,53;REW TSPP STOR FOUND MSFT CLST 5.1 WIN T1 BAS 12M B;21020899;;REW TSPP STOR FOUND MSFT CLST 5.1 WIN T1 BAS 12M B;REW TSPP STOR FOUND MSFT CLST 5.1 WIN T1 BAS 12M B;REW TSPP STOR FOUND MSFT CLST 5.1 WIN T1 BAS 12M B;REW TSPP STOR FOUND MSFT CLST 5.1 WIN T1 BAS 12M B;;;;79;;
1;3;2094;1;19,9506;16,22;REW TSPP STOR FOUND MSFT CLST 5.1 WIN T1 BAS 12M E;21020900;;REW TSPP STOR FOUND MSFT CLST 5.1 WIN T1 BAS 12M E;REW TSPP STOR FOUND MSFT CLST 5.1 WIN T1 BAS 12M E;REW TSPP STOR FOUND MSFT CLST 5.1 WIN T1 BAS 12M E;REW TSPP STOR FOUND MSFT CLST 5.1 WIN T1 BAS 12M E;;;;79;;
1;3;2094;1;26,1744;21,28;REW TSPP STOR FOUND MSFT CLST 5.1 WIN T1 ESS 12M C;21020904;;REW TSPP STOR FOUND MSFT CLST 5.1 WIN T1 ESS 12M C;REW TSPP STOR FOUND MSFT CLST 5.1 WIN T1 ESS 12M C;REW TSPP STOR FOUND MSFT CLST 5.1 WIN T1 ESS 12M C;REW TSPP STOR FOUND MSFT CLST 5.1 WIN T1 ESS 12M C;;;;79;;
1;3;2094;1;407,0808;330,96;GOV TSPP STOR FOUND VOL REPLIC5.1 WIN T1 ESS12M S;21020908;;GOV TSPP STOR FOUND VOL REPLIC5.1 WIN T1 ESS12M S;GOV TSPP STOR FOUND VOL REPLIC5.1 WIN T1 ESS12M S;GOV TSPP STOR FOUND VOL REPLIC5.1 WIN T1 ESS12M S;GOV TSPP STOR FOUND VOL REPLIC5.1 WIN T1 ESS12M S;;;;79;;
1;3;2094;1;505,8252;411,24;SF OPT VR5.1WINPCPU TIER2 BAS EXP BAND-S;21020909;;SF OPT VR5.1WINPCPU TIER2 BAS EXP BAND-S;SF OPT VR5.1WINPCPU TIER2 BAS EXP BAND-S;SF OPT VR5.1WINPCPU TIER2 BAS EXP BAND-S;SF OPT VR5.1WINPCPU TIER2 BAS EXP BAND-S;;;;79;;
1;3;2094;1;646,3404;525,48;SF OPT VR5.1WINPCPU TIER2 ESS GOV BAND-S;21020910;;SF OPT VR5.1WINPCPU TIER2 ESS GOV BAND-S;SF OPT VR5.1WINPCPU TIER2 ESS GOV BAND-S;SF OPT VR5.1WINPCPU TIER2 ESS GOV BAND-S;SF OPT VR5.1WINPCPU TIER2 ESS GOV BAND-S;;;;79;;
1;3;2094;1;646,3404;525,48;SF OPT VR5.1WINPCPU TIER2 ESS ACD BAND-S;21020911;;SF OPT VR5.1WINPCPU TIER2 ESS ACD BAND-S;SF OPT VR5.1WINPCPU TIER2 ESS ACD BAND-S;SF OPT VR5.1WINPCPU TIER2 ESS ACD BAND-S;SF OPT VR5.1WINPCPU TIER2 ESS ACD BAND-S;;;;79;;
1;3;2094;1;488,7036;397,32;REW TSPP STOR FOUND VOL REPLIC5.1 WIN T2 ESS12M B;21020915;;REW TSPP STOR FOUND VOL REPLIC5.1 WIN T2 ESS12M B;REW TSPP STOR FOUND VOL REPLIC5.1 WIN T2 ESS12M B;REW TSPP STOR FOUND VOL REPLIC5.1 WIN T2 ESS12M B;REW TSPP STOR FOUND VOL REPLIC5.1 WIN T2 ESS12M B;;;;79;;
1;3;2094;1;2482,0539;2017,93;SF OPT VR5.1WIN TIER3 STD LIC REW BAND-D;21020916;;SF OPT VR5.1WIN TIER3 STD LIC REW BAND-D;SF OPT VR5.1WIN TIER3 STD LIC REW BAND-D;SF OPT VR5.1WIN TIER3 STD LIC REW BAND-D;SF OPT VR5.1WIN TIER3 STD LIC REW BAND-D;;;;79;;
1;3;2094;1;590,892;480,4;SF OPT VR5.1WINPCPU TIER3 BAS REW BAND-C;21020917;;SF OPT VR5.1WINPCPU TIER3 BAS REW BAND-C;SF OPT VR5.1WINPCPU TIER3 BAS REW BAND-C;SF OPT VR5.1WINPCPU TIER3 BAS REW BAND-C;SF OPT VR5.1WINPCPU TIER3 BAS REW BAND-C;;;;79;;
1;3;2094;1;597,8661;486,07;SF OPT VR5.1WINPCPU TIER2 ESS REW BAND-E;21020918;;SF OPT VR5.1WINPCPU TIER2 ESS REW BAND-E;SF OPT VR5.1WINPCPU TIER2 ESS REW BAND-E;SF OPT VR5.1WINPCPU TIER2 ESS REW BAND-E;SF OPT VR5.1WINPCPU TIER2 ESS REW BAND-E;;;;79;;
1;3;2094;1;363,3297;295,39;REW TSPP STOR FOUND VOL REPLIC5.1 WIN T2 BAS12M C;21020919;;REW TSPP STOR FOUND VOL REPLIC5.1 WIN T2 BAS12M C;REW TSPP STOR FOUND VOL REPLIC5.1 WIN T2 BAS12M C;REW TSPP STOR FOUND VOL REPLIC5.1 WIN T2 BAS12M C;REW TSPP STOR FOUND VOL REPLIC5.1 WIN T2 BAS12M C;;;;79;;
1;3;2094;1;353,7726;287,62;REW TSPP STOR FOUND VOL REPLIC5.1 WIN T2 BAS12M E;21020920;;REW TSPP STOR FOUND VOL REPLIC5.1 WIN T2 BAS12M E;REW TSPP STOR FOUND VOL REPLIC5.1 WIN T2 BAS12M E;REW TSPP STOR FOUND VOL REPLIC5.1 WIN T2 BAS12M E;REW TSPP STOR FOUND VOL REPLIC5.1 WIN T2 BAS12M E;;;;79;;
1;3;2094;1;2482,0539;2017,93;SF OPT VR5.1WIN TIER3 STD LIC REW BAND-C;21020921;;SF OPT VR5.1WIN TIER3 STD LIC REW BAND-C;SF OPT VR5.1WIN TIER3 STD LIC REW BAND-C;SF OPT VR5.1WIN TIER3 STD LIC REW BAND-C;SF OPT VR5.1WIN TIER3 STD LIC REW BAND-C;;;;79;;
1;3;2094;1;621,9864;505,68;SF OPT VR5.1WINPCPU TIER3 BAS GOV BAND-S;21020923;;SF OPT VR5.1WINPCPU TIER3 BAS GOV BAND-S;SF OPT VR5.1WINPCPU TIER3 BAS GOV BAND-S;SF OPT VR5.1WINPCPU TIER3 BAS GOV BAND-S;SF OPT VR5.1WINPCPU TIER3 BAS GOV BAND-S;;;;79;;
1;3;2094;1;621,9864;505,68;SF OPT VR5.1WINPCPU TIER3 BAS ACD BAND-S;21020924;;SF OPT VR5.1WINPCPU TIER3 BAS ACD BAND-S;SF OPT VR5.1WINPCPU TIER3 BAS ACD BAND-S;SF OPT VR5.1WINPCPU TIER3 BAS ACD BAND-S;SF OPT VR5.1WINPCPU TIER3 BAS ACD BAND-S;;;;79;;
1;3;2094;1;794,7768;646,16;SF OPT VR5.1WINPCPU TIER3 ESS ACD BAND-S;21020926;;SF OPT VR5.1WINPCPU TIER3 ESS ACD BAND-S;SF OPT VR5.1WINPCPU TIER3 ESS ACD BAND-S;SF OPT VR5.1WINPCPU TIER3 ESS ACD BAND-S;SF OPT VR5.1WINPCPU TIER3 ESS ACD BAND-S;;;;79;;
1;3;2094;1;446,7606;363,22;REW TSPP STOR FOUND VOL REPLIC5.1 WIN T3 BAS12M D;21020927;;REW TSPP STOR FOUND VOL REPLIC5.1 WIN T3 BAS12M D;REW TSPP STOR FOUND VOL REPLIC5.1 WIN T3 BAS12M D;REW TSPP STOR FOUND VOL REPLIC5.1 WIN T3 BAS12M D;REW TSPP STOR FOUND VOL REPLIC5.1 WIN T3 BAS12M D;;;;79;;
1;3;2094;1;590,892;480,4;SF OPT VR5.1WINPCPU TIER3 BAS REW BAND-D;21020929;;SF OPT VR5.1WINPCPU TIER3 BAS REW BAND-D;SF OPT VR5.1WINPCPU TIER3 BAS REW BAND-D;SF OPT VR5.1WINPCPU TIER3 BAS REW BAND-D;SF OPT VR5.1WINPCPU TIER3 BAS REW BAND-D;;;;79;;
1;3;2094;1;621,9864;505,68;SF OPT VR5.1WINPCPU TIER3 BAS EXP BAND-S;21020930;;SF OPT VR5.1WINPCPU TIER3 BAS EXP BAND-S;SF OPT VR5.1WINPCPU TIER3 BAS EXP BAND-S;SF OPT VR5.1WINPCPU TIER3 BAS EXP BAND-S;SF OPT VR5.1WINPCPU TIER3 BAS EXP BAND-S;;;;79;;
1;3;2094;1;755,0232;613,84;SF OPT VR5.1WINPCPU TIER3 ESS REW BAND-C;21020931;;SF OPT VR5.1WINPCPU TIER3 ESS REW BAND-C;SF OPT VR5.1WINPCPU TIER3 ESS REW BAND-C;SF OPT VR5.1WINPCPU TIER3 ESS REW BAND-C;SF OPT VR5.1WINPCPU TIER3 ESS REW BAND-C;;;;79;;
1;3;2094;1;794,7768;646,16;SF OPT VR5.1WINPCPU TIER3 ESS EXP BAND-S;21020932;;SF OPT VR5.1WINPCPU TIER3 ESS EXP BAND-S;SF OPT VR5.1WINPCPU TIER3 ESS EXP BAND-S;SF OPT VR5.1WINPCPU TIER3 ESS EXP BAND-S;SF OPT VR5.1WINPCPU TIER3 ESS EXP BAND-S;;;;79;;
1;3;2094;1;1637,1546;1331,02;SF OPT VR5.1WIN TIER1 STD LIC REW BAND-E;21020934;;SF OPT VR5.1WIN TIER1 STD LIC REW BAND-E;SF OPT VR5.1WIN TIER1 STD LIC REW BAND-E;SF OPT VR5.1WIN TIER1 STD LIC REW BAND-E;SF OPT VR5.1WIN TIER1 STD LIC REW BAND-E;;;;79;;
1;3;2094;1;294,6957;239,59;REW TSPP STOR FOUND VOL REPLIC5.1 WIN T1 BAS12M E;21020938;;REW TSPP STOR FOUND VOL REPLIC5.1 WIN T1 BAS12M E;REW TSPP STOR FOUND VOL REPLIC5.1 WIN T1 BAS12M E;REW TSPP STOR FOUND VOL REPLIC5.1 WIN T1 BAS12M E;REW TSPP STOR FOUND VOL REPLIC5.1 WIN T1 BAS12M E;;;;79;;
1;3;2094;1;386,712;314,4;REW TSPP STOR FOUND VOL REPLIC5.1 WIN T1 ESS12M C;21020942;;REW TSPP STOR FOUND VOL REPLIC5.1 WIN T1 ESS12M C;REW TSPP STOR FOUND VOL REPLIC5.1 WIN T1 ESS12M C;REW TSPP STOR FOUND VOL REPLIC5.1 WIN T1 ESS12M C;REW TSPP STOR FOUND VOL REPLIC5.1 WIN T1 ESS12M C;;;;79;;
1;3;2094;1;446,7606;363,22;REW TSPP STOR FOUND VOL REPLIC5.1 WIN T3 BAS12M C;21020944;;REW TSPP STOR FOUND VOL REPLIC5.1 WIN T3 BAS12M C;REW TSPP STOR FOUND VOL REPLIC5.1 WIN T3 BAS12M C;REW TSPP STOR FOUND VOL REPLIC5.1 WIN T3 BAS12M C;REW TSPP STOR FOUND VOL REPLIC5.1 WIN T3 BAS12M C;;;;79;;
1;3;2094;1;382,4439;310,93;AE TSPP STOR FOUND VOL REPLIC5.1 WIN T2BAS 12M S;21020948;;AE TSPP STOR FOUND VOL REPLIC5.1 WIN T2BAS 12M S;AE TSPP STOR FOUND VOL REPLIC5.1 WIN T2BAS 12M S;AE TSPP STOR FOUND VOL REPLIC5.1 WIN T2BAS 12M S;AE TSPP STOR FOUND VOL REPLIC5.1 WIN T2BAS 12M S;;;;79;;
1;3;2094;1;488,7036;397,32;AE TSPP STOR FOUND VOL REPLIC5.1 WIN T2ESS 12M S;21020951;;AE TSPP STOR FOUND VOL REPLIC5.1 WIN T2ESS 12M S;AE TSPP STOR FOUND VOL REPLIC5.1 WIN T2ESS 12M S;AE TSPP STOR FOUND VOL REPLIC5.1 WIN T2ESS 12M S;AE TSPP STOR FOUND VOL REPLIC5.1 WIN T2ESS 12M S;;;;79;;
1;3;2094;1;2612,6922;2124,14;SF OPT VR5.1WIN TIER3 STD LIC REW BAND-A;21020952;;SF OPT VR5.1WIN TIER3 STD LIC REW BAND-A;SF OPT VR5.1WIN TIER3 STD LIC REW BAND-A;SF OPT VR5.1WIN TIER3 STD LIC REW BAND-A;SF OPT VR5.1WIN TIER3 STD LIC REW BAND-A;;;;79;;
1;3;2094;1;2612,6922;2124,14;SF OPT VR5.1WIN TIER3 STD LIC REW BAND-B;21020953;;SF OPT VR5.1WIN TIER3 STD LIC REW BAND-B;SF OPT VR5.1WIN TIER3 STD LIC REW BAND-B;SF OPT VR5.1WIN TIER3 STD LIC REW BAND-B;SF OPT VR5.1WIN TIER3 STD LIC REW BAND-B;;;;79;;
1;3;2094;1;621,9864;505,68;SF OPT VR5.1WINPCPU TIER3 BAS REW BAND-B;21020954;;SF OPT VR5.1WINPCPU TIER3 BAS REW BAND-B;SF OPT VR5.1WINPCPU TIER3 BAS REW BAND-B;SF OPT VR5.1WINPCPU TIER3 BAS REW BAND-B;SF OPT VR5.1WINPCPU TIER3 BAS REW BAND-B;;;;79;;
1;3;2094;1;511,4709;415,83;SF OPT VR5.1WINPCPU TIER1 ESS REW BAND-D;21020955;;SF OPT VR5.1WINPCPU TIER1 ESS REW BAND-D;SF OPT VR5.1WINPCPU TIER1 ESS REW BAND-D;SF OPT VR5.1WINPCPU TIER1 ESS REW BAND-D;SF OPT VR5.1WINPCPU TIER1 ESS REW BAND-D;;;;79;;
1;3;2094;1;538,3833;437,71;SF OPT VR5.1WINPCPU TIER1 ESS GOV BAND-S;21020956;;SF OPT VR5.1WINPCPU TIER1 ESS GOV BAND-S;SF OPT VR5.1WINPCPU TIER1 ESS GOV BAND-S;SF OPT VR5.1WINPCPU TIER1 ESS GOV BAND-S;SF OPT VR5.1WINPCPU TIER1 ESS GOV BAND-S;;;;79;;
1;3;2094;1;302,6538;246,06;REW TSPP STOR FOUND VOL REPLIC5.1 WIN T1 BAS12M C;21020957;;REW TSPP STOR FOUND VOL REPLIC5.1 WIN T1 BAS12M C;REW TSPP STOR FOUND VOL REPLIC5.1 WIN T1 BAS12M C;REW TSPP STOR FOUND VOL REPLIC5.1 WIN T1 BAS12M C;REW TSPP STOR FOUND VOL REPLIC5.1 WIN T1 BAS12M C;;;;79;;
1;3;2094;1;794,7768;646,16;SF OPT VR5.1WINPCPU TIER3 ESS REW BAND-B;21020960;;SF OPT VR5.1WINPCPU TIER3 ESS REW BAND-B;SF OPT VR5.1WINPCPU TIER3 ESS REW BAND-B;SF OPT VR5.1WINPCPU TIER3 ESS REW BAND-B;SF OPT VR5.1WINPCPU TIER3 ESS REW BAND-B;;;;79;;
1;3;2094;1;407,0808;330,96;REW TSPP STOR FOUND VOL REPLIC5.1 WIN T1 ESS12M B;21020964;;REW TSPP STOR FOUND VOL REPLIC5.1 WIN T1 ESS12M B;REW TSPP STOR FOUND VOL REPLIC5.1 WIN T1 ESS12M B;REW TSPP STOR FOUND VOL REPLIC5.1 WIN T1 ESS12M B;REW TSPP STOR FOUND VOL REPLIC5.1 WIN T1 ESS12M B;;;;79;;
1;3;2094;1;570,8676;464,12;REW TSPP STOR FOUND VOL REPLIC5.1 WIN T3 ESS12M D;21020969;;REW TSPP STOR FOUND VOL REPLIC5.1 WIN T3 ESS12M D;REW TSPP STOR FOUND VOL REPLIC5.1 WIN T3 ESS12M D;REW TSPP STOR FOUND VOL REPLIC5.1 WIN T3 ESS12M D;REW TSPP STOR FOUND VOL REPLIC5.1 WIN T3 ESS12M D;;;;79;;
1;3;2094;1;600,9288;488,56;AE TSPP STOR FOUND VOL REPLIC5.1 WIN T3ESS 12M S;21020971;;AE TSPP STOR FOUND VOL REPLIC5.1 WIN T3ESS 12M S;AE TSPP STOR FOUND VOL REPLIC5.1 WIN T3ESS 12M S;AE TSPP STOR FOUND VOL REPLIC5.1 WIN T3ESS 12M S;AE TSPP STOR FOUND VOL REPLIC5.1 WIN T3ESS 12M S;;;;79;;
1;3;2094;1;1769,8962;1438,94;SF OPT VR5.1WIN TIER1 STD LIC REW BAND-B;21020972;;SF OPT VR5.1WIN TIER1 STD LIC REW BAND-B;SF OPT VR5.1WIN TIER1 STD LIC REW BAND-B;SF OPT VR5.1WIN TIER1 STD LIC REW BAND-B;SF OPT VR5.1WIN TIER1 STD LIC REW BAND-B;;;;79;;
1;3;2094;1;1681,3977;1366,99;SF OPT VR5.1WIN TIER1 STD LIC REW BAND-C;21020973;;SF OPT VR5.1WIN TIER1 STD LIC REW BAND-C;SF OPT VR5.1WIN TIER1 STD LIC REW BAND-C;SF OPT VR5.1WIN TIER1 STD LIC REW BAND-C;SF OPT VR5.1WIN TIER1 STD LIC REW BAND-C;;;;79;;
1;3;2094;1;1681,3977;1366,99;SF OPT VR5.1WIN TIER1 STD LIC REW BAND-D;21020974;;SF OPT VR5.1WIN TIER1 STD LIC REW BAND-D;SF OPT VR5.1WIN TIER1 STD LIC REW BAND-D;SF OPT VR5.1WIN TIER1 STD LIC REW BAND-D;SF OPT VR5.1WIN TIER1 STD LIC REW BAND-D;;;;79;;
1;3;2094;1;318,5823;259,01;REW TSPP STOR FOUND VOL REPLIC5.1 WIN T1 BAS12M A;21020976;;REW TSPP STOR FOUND VOL REPLIC5.1 WIN T1 BAS12M A;REW TSPP STOR FOUND VOL REPLIC5.1 WIN T1 BAS12M A;REW TSPP STOR FOUND VOL REPLIC5.1 WIN T1 BAS12M A;REW TSPP STOR FOUND VOL REPLIC5.1 WIN T1 BAS12M A;;;;79;;
1;3;2094;1;407,0808;330,96;EXP TSPP STOR FOUND VOL REPLIC5.1 WIN T1 ESS12M S;21020978;;EXP TSPP STOR FOUND VOL REPLIC5.1 WIN T1 ESS12M S;EXP TSPP STOR FOUND VOL REPLIC5.1 WIN T1 ESS12M S;EXP TSPP STOR FOUND VOL REPLIC5.1 WIN T1 ESS12M S;EXP TSPP STOR FOUND VOL REPLIC5.1 WIN T1 ESS12M S;;;;79;;
1;3;2094;1;2124,7512;1727,44;SF OPT VR5.1WIN TIER2 STD LIC REW BAND-A;21020979;;SF OPT VR5.1WIN TIER2 STD LIC REW BAND-A;SF OPT VR5.1WIN TIER2 STD LIC REW BAND-A;SF OPT VR5.1WIN TIER2 STD LIC REW BAND-A;SF OPT VR5.1WIN TIER2 STD LIC REW BAND-A;;;;79;;
1;3;2094;1;2124,7512;1727,44;SF OPT VR5.1WIN TIER2 STD LIC GOV BAND-S;21020980;;SF OPT VR5.1WIN TIER2 STD LIC GOV BAND-S;SF OPT VR5.1WIN TIER2 STD LIC GOV BAND-S;SF OPT VR5.1WIN TIER2 STD LIC GOV BAND-S;SF OPT VR5.1WIN TIER2 STD LIC GOV BAND-S;;;;79;;
1;3;2094;1;505,8252;411,24;SF OPT VR5.1WINPCPU TIER2 BAS REW BAND-B;21020981;;SF OPT VR5.1WINPCPU TIER2 BAS REW BAND-B;SF OPT VR5.1WINPCPU TIER2 BAS REW BAND-B;SF OPT VR5.1WINPCPU TIER2 BAS REW BAND-B;SF OPT VR5.1WINPCPU TIER2 BAS REW BAND-B;;;;79;;
1;3;2094;1;480,5364;390,68;SF OPT VR5.1WINPCPU TIER2 BAS REW BAND-D;21020982;;SF OPT VR5.1WINPCPU TIER2 BAS REW BAND-D;SF OPT VR5.1WINPCPU TIER2 BAS REW BAND-D;SF OPT VR5.1WINPCPU TIER2 BAS REW BAND-D;SF OPT VR5.1WINPCPU TIER2 BAS REW BAND-D;;;;79;;
1;3;2094;1;467,892;380,4;SF OPT VR5.1WINPCPU TIER2 BAS REW BAND-E;21020983;;SF OPT VR5.1WINPCPU TIER2 BAS REW BAND-E;SF OPT VR5.1WINPCPU TIER2 BAS REW BAND-E;SF OPT VR5.1WINPCPU TIER2 BAS REW BAND-E;SF OPT VR5.1WINPCPU TIER2 BAS REW BAND-E;;;;79;;
1;3;2094;1;2018,5284;1641,08;SF OPT VR5.1WIN TIER2 STD LIC REW BAND-D;21020986;;SF OPT VR5.1WIN TIER2 STD LIC REW BAND-D;SF OPT VR5.1WIN TIER2 STD LIC REW BAND-D;SF OPT VR5.1WIN TIER2 STD LIC REW BAND-D;SF OPT VR5.1WIN TIER2 STD LIC REW BAND-D;;;;79;;
1;3;2094;1;505,8252;411,24;SF OPT VR5.1WINPCPU TIER2 BAS REW BAND-A;21020988;;SF OPT VR5.1WINPCPU TIER2 BAS REW BAND-A;SF OPT VR5.1WINPCPU TIER2 BAS REW BAND-A;SF OPT VR5.1WINPCPU TIER2 BAS REW BAND-A;SF OPT VR5.1WINPCPU TIER2 BAS REW BAND-A;;;;79;;
1;3;2094;1;614,016;499,2;SF OPT VR5.1WINPCPU TIER2 ESS REW BAND-C;21020989;;SF OPT VR5.1WINPCPU TIER2 ESS REW BAND-C;SF OPT VR5.1WINPCPU TIER2 ESS REW BAND-C;SF OPT VR5.1WINPCPU TIER2 ESS REW BAND-C;SF OPT VR5.1WINPCPU TIER2 ESS REW BAND-C;;;;79;;
1;3;2094;1;646,3404;525,48;SF OPT VR5.1WINPCPU TIER2 ESS REW BAND-B;21020993;;SF OPT VR5.1WINPCPU TIER2 ESS REW BAND-B;SF OPT VR5.1WINPCPU TIER2 ESS REW BAND-B;SF OPT VR5.1WINPCPU TIER2 ESS REW BAND-B;SF OPT VR5.1WINPCPU TIER2 ESS REW BAND-B;;;;79;;
1;3;2094;1;646,3404;525,48;SF OPT VR5.1WINPCPU TIER2 ESS EXP BAND-S;21020994;;SF OPT VR5.1WINPCPU TIER2 ESS EXP BAND-S;SF OPT VR5.1WINPCPU TIER2 ESS EXP BAND-S;SF OPT VR5.1WINPCPU TIER2 ESS EXP BAND-S;SF OPT VR5.1WINPCPU TIER2 ESS EXP BAND-S;;;;79;;
1;3;2094;1;488,7036;397,32;EXP TSPP STOR FOUND VOL REPLIC5.1 WIN T2 ESS12M S;21020996;;EXP TSPP STOR FOUND VOL REPLIC5.1 WIN T2 ESS12M S;EXP TSPP STOR FOUND VOL REPLIC5.1 WIN T2 ESS12M S;EXP TSPP STOR FOUND VOL REPLIC5.1 WIN T2 ESS12M S;EXP TSPP STOR FOUND VOL REPLIC5.1 WIN T2 ESS12M S;;;;79;;
1;3;2094;1;2416,7532;1964,84;SF OPT VR5.1WIN TIER3 STD LIC REW BAND-E;21020997;;SF OPT VR5.1WIN TIER3 STD LIC REW BAND-E;SF OPT VR5.1WIN TIER3 STD LIC REW BAND-E;SF OPT VR5.1WIN TIER3 STD LIC REW BAND-E;SF OPT VR5.1WIN TIER3 STD LIC REW BAND-E;;;;79;;
1;3;2094;1;2612,6922;2124,14;SF OPT VR5.1WIN TIER3 STD LIC ACD BAND-S;21020999;;SF OPT VR5.1WIN TIER3 STD LIC ACD BAND-S;SF OPT VR5.1WIN TIER3 STD LIC ACD BAND-S;SF OPT VR5.1WIN TIER3 STD LIC ACD BAND-S;SF OPT VR5.1WIN TIER3 STD LIC ACD BAND-S;;;;79;;
1;3;2094;1;621,9864;505,68;SF OPT VR5.1WINPCPU TIER3 BAS REW BAND-A;21021000;;SF OPT VR5.1WINPCPU TIER3 BAS REW BAND-A;SF OPT VR5.1WINPCPU TIER3 BAS REW BAND-A;SF OPT VR5.1WINPCPU TIER3 BAS REW BAND-A;SF OPT VR5.1WINPCPU TIER3 BAS REW BAND-A;;;;79;;
1;3;2094;1;470,2782;382,34;REW TSPP STOR FOUND VOL REPLIC5.1 WIN T3 BAS12M A;21021002;;REW TSPP STOR FOUND VOL REPLIC5.1 WIN T3 BAS12M A;REW TSPP STOR FOUND VOL REPLIC5.1 WIN T3 BAS12M A;REW TSPP STOR FOUND VOL REPLIC5.1 WIN T3 BAS12M A;REW TSPP STOR FOUND VOL REPLIC5.1 WIN T3 BAS12M A;;;;79;;
1;3;2094;1;470,2782;382,34;AE TSPP STOR FOUND VOL REPLIC5.1 WIN T3BAS 12M S;21021003;;AE TSPP STOR FOUND VOL REPLIC5.1 WIN T3BAS 12M S;AE TSPP STOR FOUND VOL REPLIC5.1 WIN T3BAS 12M S;AE TSPP STOR FOUND VOL REPLIC5.1 WIN T3BAS 12M S;AE TSPP STOR FOUND VOL REPLIC5.1 WIN T3BAS 12M S;;;;79;;
1;3;2094;1;382,4439;310,93;GOV TSPP STOR FOUND VOL REPLIC5.1 WIN T2 BAS12M S;21021006;;GOV TSPP STOR FOUND VOL REPLIC5.1 WIN T2 BAS12M S;GOV TSPP STOR FOUND VOL REPLIC5.1 WIN T2 BAS12M S;GOV TSPP STOR FOUND VOL REPLIC5.1 WIN T2 BAS12M S;GOV TSPP STOR FOUND VOL REPLIC5.1 WIN T2 BAS12M S;;;;79;;
1;3;2094;1;464,2635;377,45;REW TSPP STOR FOUND VOL REPLIC5.1 WIN T2 ESS12M C;21021012;;REW TSPP STOR FOUND VOL REPLIC5.1 WIN T2 ESS12M C;REW TSPP STOR FOUND VOL REPLIC5.1 WIN T2 ESS12M C;REW TSPP STOR FOUND VOL REPLIC5.1 WIN T2 ESS12M C;REW TSPP STOR FOUND VOL REPLIC5.1 WIN T2 ESS12M C;;;;79;;
1;3;2094;1;452,0373;367,51;REW TSPP STOR FOUND VOL REPLIC5.1 WIN T2 ESS12M E;21021013;;REW TSPP STOR FOUND VOL REPLIC5.1 WIN T2 ESS12M E;REW TSPP STOR FOUND VOL REPLIC5.1 WIN T2 ESS12M E;REW TSPP STOR FOUND VOL REPLIC5.1 WIN T2 ESS12M E;REW TSPP STOR FOUND VOL REPLIC5.1 WIN T2 ESS12M E;;;;79;;
1;3;2094;1;2612,6922;2124,14;SF OPT VR5.1WIN TIER3 STD LIC GOV BAND-S;21021015;;SF OPT VR5.1WIN TIER3 STD LIC GOV BAND-S;SF OPT VR5.1WIN TIER3 STD LIC GOV BAND-S;SF OPT VR5.1WIN TIER3 STD LIC GOV BAND-S;SF OPT VR5.1WIN TIER3 STD LIC GOV BAND-S;;;;79;;
1;3;2094;1;575,3448;467,76;SF OPT VR5.1WINPCPU TIER3 BAS REW BAND-E;21021016;;SF OPT VR5.1WINPCPU TIER3 BAS REW BAND-E;SF OPT VR5.1WINPCPU TIER3 BAS REW BAND-E;SF OPT VR5.1WINPCPU TIER3 BAS REW BAND-E;SF OPT VR5.1WINPCPU TIER3 BAS REW BAND-E;;;;79;;
1;3;2094;1;794,7768;646,16;SF OPT VR5.1WINPCPU TIER3 ESS REW BAND-A;21021018;;SF OPT VR5.1WINPCPU TIER3 ESS REW BAND-A;SF OPT VR5.1WINPCPU TIER3 ESS REW BAND-A;SF OPT VR5.1WINPCPU TIER3 ESS REW BAND-A;SF OPT VR5.1WINPCPU TIER3 ESS REW BAND-A;;;;79;;
1;3;2094;1;470,2782;382,34;GOV TSPP STOR FOUND VOL REPLIC5.1 WIN T3 BAS12M S;21021019;;GOV TSPP STOR FOUND VOL REPLIC5.1 WIN T3 BAS12M S;GOV TSPP STOR FOUND VOL REPLIC5.1 WIN T3 BAS12M S;GOV TSPP STOR FOUND VOL REPLIC5.1 WIN T3 BAS12M S;GOV TSPP STOR FOUND VOL REPLIC5.1 WIN T3 BAS12M S;;;;79;;
1;3;2094;1;600,9288;488,56;REW TSPP STOR FOUND VOL REPLIC5.1 WIN T3 ESS12M A;21021026;;REW TSPP STOR FOUND VOL REPLIC5.1 WIN T3 ESS12M A;REW TSPP STOR FOUND VOL REPLIC5.1 WIN T3 ESS12M A;REW TSPP STOR FOUND VOL REPLIC5.1 WIN T3 ESS12M A;REW TSPP STOR FOUND VOL REPLIC5.1 WIN T3 ESS12M A;;;;79;;
1;3;2094;1;421,3488;342,56;SF OPT VR5.1WINPCPU TIER1 BAS ACD BAND-S;21021027;;SF OPT VR5.1WINPCPU TIER1 BAS ACD BAND-S;SF OPT VR5.1WINPCPU TIER1 BAS ACD BAND-S;SF OPT VR5.1WINPCPU TIER1 BAS ACD BAND-S;SF OPT VR5.1WINPCPU TIER1 BAS ACD BAND-S;;;;79;;
1;3;2094;1;498,0147;404,89;SF OPT VR5.1WINPCPU TIER1 ESS REW BAND-E;21021028;;SF OPT VR5.1WINPCPU TIER1 ESS REW BAND-E;SF OPT VR5.1WINPCPU TIER1 ESS REW BAND-E;SF OPT VR5.1WINPCPU TIER1 ESS REW BAND-E;SF OPT VR5.1WINPCPU TIER1 ESS REW BAND-E;;;;79;;
1;3;2094;1;302,6538;246,06;REW TSPP STOR FOUND VOL REPLIC5.1 WIN T1 BAS12M D;21021029;;REW TSPP STOR FOUND VOL REPLIC5.1 WIN T1 BAS12M D;REW TSPP STOR FOUND VOL REPLIC5.1 WIN T1 BAS12M D;REW TSPP STOR FOUND VOL REPLIC5.1 WIN T1 BAS12M D;REW TSPP STOR FOUND VOL REPLIC5.1 WIN T1 BAS12M D;;;;79;;
1;3;2094;1;2124,7512;1727,44;SF OPT VR5.1WIN TIER2 STD LIC EXP BAND-S;21021034;;SF OPT VR5.1WIN TIER2 STD LIC EXP BAND-S;SF OPT VR5.1WIN TIER2 STD LIC EXP BAND-S;SF OPT VR5.1WIN TIER2 STD LIC EXP BAND-S;SF OPT VR5.1WIN TIER2 STD LIC EXP BAND-S;;;;79;;
1;3;2094;1;2124,7512;1727,44;SF OPT VR5.1WIN TIER2 STD LIC ACD BAND-S;21021035;;SF OPT VR5.1WIN TIER2 STD LIC ACD BAND-S;SF OPT VR5.1WIN TIER2 STD LIC ACD BAND-S;SF OPT VR5.1WIN TIER2 STD LIC ACD BAND-S;SF OPT VR5.1WIN TIER2 STD LIC ACD BAND-S;;;;79;;
1;3;2094;1;614,016;499,2;SF OPT VR5.1WINPCPU TIER2 ESS REW BAND-D;21021036;;SF OPT VR5.1WINPCPU TIER2 ESS REW BAND-D;SF OPT VR5.1WINPCPU TIER2 ESS REW BAND-D;SF OPT VR5.1WINPCPU TIER2 ESS REW BAND-D;SF OPT VR5.1WINPCPU TIER2 ESS REW BAND-D;;;;79;;
1;3;2094;1;382,4439;310,93;REW TSPP STOR FOUND VOL REPLIC5.1 WIN T2 BAS12M A;21021038;;REW TSPP STOR FOUND VOL REPLIC5.1 WIN T2 BAS12M A;REW TSPP STOR FOUND VOL REPLIC5.1 WIN T2 BAS12M A;REW TSPP STOR FOUND VOL REPLIC5.1 WIN T2 BAS12M A;REW TSPP STOR FOUND VOL REPLIC5.1 WIN T2 BAS12M A;;;;79;;
1;3;2094;1;2612,6922;2124,14;SF OPT VR5.1WIN TIER3 STD LIC EXP BAND-S;21021043;;SF OPT VR5.1WIN TIER3 STD LIC EXP BAND-S;SF OPT VR5.1WIN TIER3 STD LIC EXP BAND-S;SF OPT VR5.1WIN TIER3 STD LIC EXP BAND-S;SF OPT VR5.1WIN TIER3 STD LIC EXP BAND-S;;;;79;;
1;3;2094;1;400,2789;325,43;SF OPT VR5.1WINPCPU TIER1 BAS REW BAND-C;21021047;;SF OPT VR5.1WINPCPU TIER1 BAS REW BAND-C;SF OPT VR5.1WINPCPU TIER1 BAS REW BAND-C;SF OPT VR5.1WINPCPU TIER1 BAS REW BAND-C;SF OPT VR5.1WINPCPU TIER1 BAS REW BAND-C;;;;79;;
1;3;2094;1;389,7378;316,86;SF OPT VR5.1WINPCPU TIER1 BAS REW BAND-E;21021048;;SF OPT VR5.1WINPCPU TIER1 BAS REW BAND-E;SF OPT VR5.1WINPCPU TIER1 BAS REW BAND-E;SF OPT VR5.1WINPCPU TIER1 BAS REW BAND-E;SF OPT VR5.1WINPCPU TIER1 BAS REW BAND-E;;;;79;;
1;3;2094;1;511,4709;415,83;SF OPT VR5.1WINPCPU TIER1 ESS REW BAND-C;21021049;;SF OPT VR5.1WINPCPU TIER1 ESS REW BAND-C;SF OPT VR5.1WINPCPU TIER1 ESS REW BAND-C;SF OPT VR5.1WINPCPU TIER1 ESS REW BAND-C;SF OPT VR5.1WINPCPU TIER1 ESS REW BAND-C;;;;79;;
1;3;2094;1;538,3833;437,71;SF OPT VR5.1WINPCPU TIER1 ESS ACD BAND-S;21021050;;SF OPT VR5.1WINPCPU TIER1 ESS ACD BAND-S;SF OPT VR5.1WINPCPU TIER1 ESS ACD BAND-S;SF OPT VR5.1WINPCPU TIER1 ESS ACD BAND-S;SF OPT VR5.1WINPCPU TIER1 ESS ACD BAND-S;;;;79;;
1;3;2094;1;318,5823;259,01;REW TSPP STOR FOUND VOL REPLIC5.1 WIN T1 BAS12M B;21021051;;REW TSPP STOR FOUND VOL REPLIC5.1 WIN T1 BAS12M B;REW TSPP STOR FOUND VOL REPLIC5.1 WIN T1 BAS12M B;REW TSPP STOR FOUND VOL REPLIC5.1 WIN T1 BAS12M B;REW TSPP STOR FOUND VOL REPLIC5.1 WIN T1 BAS12M B;;;;79;;
1;3;2094;1;318,5823;259,01;AE TSPP STOR FOUND VOL REPLIC5.1 WIN T1BAS 12M S;21021052;;AE TSPP STOR FOUND VOL REPLIC5.1 WIN T1BAS 12M S;AE TSPP STOR FOUND VOL REPLIC5.1 WIN T1BAS 12M S;AE TSPP STOR FOUND VOL REPLIC5.1 WIN T1BAS 12M S;AE TSPP STOR FOUND VOL REPLIC5.1 WIN T1BAS 12M S;;;;79;;
1;3;2094;1;2124,7512;1727,44;SF OPT VR5.1WIN TIER2 STD LIC REW BAND-B;21021054;;SF OPT VR5.1WIN TIER2 STD LIC REW BAND-B;SF OPT VR5.1WIN TIER2 STD LIC REW BAND-B;SF OPT VR5.1WIN TIER2 STD LIC REW BAND-B;SF OPT VR5.1WIN TIER2 STD LIC REW BAND-B;;;;79;;
1;3;2094;1;1965,4047;1597,89;SF OPT VR5.1WIN TIER2 STD LIC REW BAND-E;21021055;;SF OPT VR5.1WIN TIER2 STD LIC REW BAND-E;SF OPT VR5.1WIN TIER2 STD LIC REW BAND-E;SF OPT VR5.1WIN TIER2 STD LIC REW BAND-E;SF OPT VR5.1WIN TIER2 STD LIC REW BAND-E;;;;79;;
1;3;2094;1;382,4439;310,93;REW TSPP STOR FOUND VOL REPLIC5.1 WIN T2 BAS12M B;21021056;;REW TSPP STOR FOUND VOL REPLIC5.1 WIN T2 BAS12M B;REW TSPP STOR FOUND VOL REPLIC5.1 WIN T2 BAS12M B;REW TSPP STOR FOUND VOL REPLIC5.1 WIN T2 BAS12M B;REW TSPP STOR FOUND VOL REPLIC5.1 WIN T2 BAS12M B;;;;79;;
1;3;2094;1;1769,8962;1438,94;SF OPT VR5.1WIN TIER1 STD LIC REW BAND-A;21021057;;SF OPT VR5.1WIN TIER1 STD LIC REW BAND-A;SF OPT VR5.1WIN TIER1 STD LIC REW BAND-A;SF OPT VR5.1WIN TIER1 STD LIC REW BAND-A;SF OPT VR5.1WIN TIER1 STD LIC REW BAND-A;;;;79;;
1;3;2094;1;1769,8962;1438,94;SF OPT VR5.1WIN TIER1 STD LIC ACD BAND-S;21021058;;SF OPT VR5.1WIN TIER1 STD LIC ACD BAND-S;SF OPT VR5.1WIN TIER1 STD LIC ACD BAND-S;SF OPT VR5.1WIN TIER1 STD LIC ACD BAND-S;SF OPT VR5.1WIN TIER1 STD LIC ACD BAND-S;;;;79;;
1;3;2094;1;421,3488;342,56;SF OPT VR5.1WINPCPU TIER1 BAS REW BAND-A;21021059;;SF OPT VR5.1WINPCPU TIER1 BAS REW BAND-A;SF OPT VR5.1WINPCPU TIER1 BAS REW BAND-A;SF OPT VR5.1WINPCPU TIER1 BAS REW BAND-A;SF OPT VR5.1WINPCPU TIER1 BAS REW BAND-A;;;;79;;
1;3;2094;1;421,3488;342,56;SF OPT VR5.1WINPCPU TIER1 BAS EXP BAND-S;21021061;;SF OPT VR5.1WINPCPU TIER1 BAS EXP BAND-S;SF OPT VR5.1WINPCPU TIER1 BAS EXP BAND-S;SF OPT VR5.1WINPCPU TIER1 BAS EXP BAND-S;SF OPT VR5.1WINPCPU TIER1 BAS EXP BAND-S;;;;79;;
1;3;2094;1;538,3833;437,71;SF OPT VR5.1WINPCPU TIER1 ESS EXP BAND-S;21021062;;SF OPT VR5.1WINPCPU TIER1 ESS EXP BAND-S;SF OPT VR5.1WINPCPU TIER1 ESS EXP BAND-S;SF OPT VR5.1WINPCPU TIER1 ESS EXP BAND-S;SF OPT VR5.1WINPCPU TIER1 ESS EXP BAND-S;;;;79;;
1;3;2094;1;318,5823;259,01;GOV TSPP STOR FOUND VOL REPLIC5.1 WIN T1 BAS12M S;21021063;;GOV TSPP STOR FOUND VOL REPLIC5.1 WIN T1 BAS12M S;GOV TSPP STOR FOUND VOL REPLIC5.1 WIN T1 BAS12M S;GOV TSPP STOR FOUND VOL REPLIC5.1 WIN T1 BAS12M S;GOV TSPP STOR FOUND VOL REPLIC5.1 WIN T1 BAS12M S;;;;79;;
1;3;2094;1;488,7036;397,32;GOV TSPP STOR FOUND VOL REPLIC5.1 WIN T2 ESS12M S;21021066;;GOV TSPP STOR FOUND VOL REPLIC5.1 WIN T2 ESS12M S;GOV TSPP STOR FOUND VOL REPLIC5.1 WIN T2 ESS12M S;GOV TSPP STOR FOUND VOL REPLIC5.1 WIN T2 ESS12M S;GOV TSPP STOR FOUND VOL REPLIC5.1 WIN T2 ESS12M S;;;;79;;
1;3;2094;1;735,1464;597,68;SF OPT VR5.1WINPCPU TIER3 ESS REW BAND-E;21021067;;SF OPT VR5.1WINPCPU TIER3 ESS REW BAND-E;SF OPT VR5.1WINPCPU TIER3 ESS REW BAND-E;SF OPT VR5.1WINPCPU TIER3 ESS REW BAND-E;SF OPT VR5.1WINPCPU TIER3 ESS REW BAND-E;;;;79;;
1;3;2094;1;794,7768;646,16;SF OPT VR5.1WINPCPU TIER3 ESS GOV BAND-S;21021068;;SF OPT VR5.1WINPCPU TIER3 ESS GOV BAND-S;SF OPT VR5.1WINPCPU TIER3 ESS GOV BAND-S;SF OPT VR5.1WINPCPU TIER3 ESS GOV BAND-S;SF OPT VR5.1WINPCPU TIER3 ESS GOV BAND-S;;;;79;;
1;3;2094;1;435,0141;353,67;REW TSPP STOR FOUND VOL REPLIC5.1 WIN T3 BAS12M E;21021069;;REW TSPP STOR FOUND VOL REPLIC5.1 WIN T3 BAS12M E;REW TSPP STOR FOUND VOL REPLIC5.1 WIN T3 BAS12M E;REW TSPP STOR FOUND VOL REPLIC5.1 WIN T3 BAS12M E;REW TSPP STOR FOUND VOL REPLIC5.1 WIN T3 BAS12M E;;;;79;;
1;3;2094;1;470,2782;382,34;EXP TSPP STOR FOUND VOL REPLIC5.1 WIN T3 BAS12M S;21021070;;EXP TSPP STOR FOUND VOL REPLIC5.1 WIN T3 BAS12M S;EXP TSPP STOR FOUND VOL REPLIC5.1 WIN T3 BAS12M S;EXP TSPP STOR FOUND VOL REPLIC5.1 WIN T3 BAS12M S;EXP TSPP STOR FOUND VOL REPLIC5.1 WIN T3 BAS12M S;;;;79;;
1;3;2094;1;600,9288;488,56;REW TSPP STOR FOUND VOL REPLIC5.1 WIN T3 ESS12M B;21021072;;REW TSPP STOR FOUND VOL REPLIC5.1 WIN T3 ESS12M B;REW TSPP STOR FOUND VOL REPLIC5.1 WIN T3 ESS12M B;REW TSPP STOR FOUND VOL REPLIC5.1 WIN T3 ESS12M B;REW TSPP STOR FOUND VOL REPLIC5.1 WIN T3 ESS12M B;;;;79;;
1;3;2094;1;376,5399;306,13;REW TSPP STOR FOUND VOL REPLIC5.1 WIN T1 ESS12M E;21021077;;REW TSPP STOR FOUND VOL REPLIC5.1 WIN T1 ESS12M E;REW TSPP STOR FOUND VOL REPLIC5.1 WIN T1 ESS12M E;REW TSPP STOR FOUND VOL REPLIC5.1 WIN T1 ESS12M E;REW TSPP STOR FOUND VOL REPLIC5.1 WIN T1 ESS12M E;;;;79;;
1;3;2094;1;2018,5284;1641,08;SF OPT VR5.1WIN TIER2 STD LIC REW BAND-C;21021078;;SF OPT VR5.1WIN TIER2 STD LIC REW BAND-C;SF OPT VR5.1WIN TIER2 STD LIC REW BAND-C;SF OPT VR5.1WIN TIER2 STD LIC REW BAND-C;SF OPT VR5.1WIN TIER2 STD LIC REW BAND-C;;;;79;;
1;3;2094;1;480,5364;390,68;SF OPT VR5.1WINPCPU TIER2 BAS REW BAND-C;21021079;;SF OPT VR5.1WINPCPU TIER2 BAS REW BAND-C;SF OPT VR5.1WINPCPU TIER2 BAS REW BAND-C;SF OPT VR5.1WINPCPU TIER2 BAS REW BAND-C;SF OPT VR5.1WINPCPU TIER2 BAS REW BAND-C;;;;79;;
1;3;2094;1;505,8252;411,24;SF OPT VR5.1WINPCPU TIER2 BAS GOV BAND-S;21021080;;SF OPT VR5.1WINPCPU TIER2 BAS GOV BAND-S;SF OPT VR5.1WINPCPU TIER2 BAS GOV BAND-S;SF OPT VR5.1WINPCPU TIER2 BAS GOV BAND-S;SF OPT VR5.1WINPCPU TIER2 BAS GOV BAND-S;;;;79;;
1;3;2094;1;505,8252;411,24;SF OPT VR5.1WINPCPU TIER2 BAS ACD BAND-S;21021081;;SF OPT VR5.1WINPCPU TIER2 BAS ACD BAND-S;SF OPT VR5.1WINPCPU TIER2 BAS ACD BAND-S;SF OPT VR5.1WINPCPU TIER2 BAS ACD BAND-S;SF OPT VR5.1WINPCPU TIER2 BAS ACD BAND-S;;;;79;;
1;3;2094;1;646,3404;525,48;SF OPT VR5.1WINPCPU TIER2 ESS REW BAND-A;21021082;;SF OPT VR5.1WINPCPU TIER2 ESS REW BAND-A;SF OPT VR5.1WINPCPU TIER2 ESS REW BAND-A;SF OPT VR5.1WINPCPU TIER2 ESS REW BAND-A;SF OPT VR5.1WINPCPU TIER2 ESS REW BAND-A;;;;79;;
1;3;2094;1;600,9288;488,56;EXP TSPP STOR FOUND VOL REPLIC5.1 WIN T3 ESS12M S;21021083;;EXP TSPP STOR FOUND VOL REPLIC5.1 WIN T3 ESS12M S;EXP TSPP STOR FOUND VOL REPLIC5.1 WIN T3 ESS12M S;EXP TSPP STOR FOUND VOL REPLIC5.1 WIN T3 ESS12M S;EXP TSPP STOR FOUND VOL REPLIC5.1 WIN T3 ESS12M S;;;;79;;
1;3;2094;1;1769,8962;1438,94;SF OPT VR5.1WIN TIER1 STD LIC GOV BAND-S;21021084;;SF OPT VR5.1WIN TIER1 STD LIC GOV BAND-S;SF OPT VR5.1WIN TIER1 STD LIC GOV BAND-S;SF OPT VR5.1WIN TIER1 STD LIC GOV BAND-S;SF OPT VR5.1WIN TIER1 STD LIC GOV BAND-S;;;;79;;
1;3;2094;1;1769,8962;1438,94;SF OPT VR5.1WIN TIER1 STD LIC EXP BAND-S;21021085;;SF OPT VR5.1WIN TIER1 STD LIC EXP BAND-S;SF OPT VR5.1WIN TIER1 STD LIC EXP BAND-S;SF OPT VR5.1WIN TIER1 STD LIC EXP BAND-S;SF OPT VR5.1WIN TIER1 STD LIC EXP BAND-S;;;;79;;
1;3;2094;1;421,3488;342,56;SF OPT VR5.1WINPCPU TIER1 BAS REW BAND-B;21021086;;SF OPT VR5.1WINPCPU TIER1 BAS REW BAND-B;SF OPT VR5.1WINPCPU TIER1 BAS REW BAND-B;SF OPT VR5.1WINPCPU TIER1 BAS REW BAND-B;SF OPT VR5.1WINPCPU TIER1 BAS REW BAND-B;;;;79;;
1;3;2094;1;538,3833;437,71;SF OPT VR5.1WINPCPU TIER1 ESS REW BAND-A;21021087;;SF OPT VR5.1WINPCPU TIER1 ESS REW BAND-A;SF OPT VR5.1WINPCPU TIER1 ESS REW BAND-A;SF OPT VR5.1WINPCPU TIER1 ESS REW BAND-A;SF OPT VR5.1WINPCPU TIER1 ESS REW BAND-A;;;;79;;
1;3;2094;1;538,3833;437,71;SF OPT VR5.1WINPCPU TIER1 ESS REW BAND-B;21021088;;SF OPT VR5.1WINPCPU TIER1 ESS REW BAND-B;SF OPT VR5.1WINPCPU TIER1 ESS REW BAND-B;SF OPT VR5.1WINPCPU TIER1 ESS REW BAND-B;SF OPT VR5.1WINPCPU TIER1 ESS REW BAND-B;;;;79;;
1;3;2094;1;318,5823;259,01;EXP TSPP STOR FOUND VOL REPLIC5.1 WIN T1 BAS12M S;21021090;;EXP TSPP STOR FOUND VOL REPLIC5.1 WIN T1 BAS12M S;EXP TSPP STOR FOUND VOL REPLIC5.1 WIN T1 BAS12M S;EXP TSPP STOR FOUND VOL REPLIC5.1 WIN T1 BAS12M S;EXP TSPP STOR FOUND VOL REPLIC5.1 WIN T1 BAS12M S;;;;79;;
1;3;2094;1;363,3297;295,39;REW TSPP STOR FOUND VOL REPLIC5.1 WIN T2 BAS12M D;21021094;;REW TSPP STOR FOUND VOL REPLIC5.1 WIN T2 BAS12M D;REW TSPP STOR FOUND VOL REPLIC5.1 WIN T2 BAS12M D;REW TSPP STOR FOUND VOL REPLIC5.1 WIN T2 BAS12M D;REW TSPP STOR FOUND VOL REPLIC5.1 WIN T2 BAS12M D;;;;79;;
1;3;2094;1;382,4439;310,93;EXP TSPP STOR FOUND VOL REPLIC5.1 WIN T2 BAS12M S;21021095;;EXP TSPP STOR FOUND VOL REPLIC5.1 WIN T2 BAS12M S;EXP TSPP STOR FOUND VOL REPLIC5.1 WIN T2 BAS12M S;EXP TSPP STOR FOUND VOL REPLIC5.1 WIN T2 BAS12M S;EXP TSPP STOR FOUND VOL REPLIC5.1 WIN T2 BAS12M S;;;;79;;
1;3;2094;1;488,7036;397,32;REW TSPP STOR FOUND VOL REPLIC5.1 WIN T2 ESS12M A;21021098;;REW TSPP STOR FOUND VOL REPLIC5.1 WIN T2 ESS12M A;REW TSPP STOR FOUND VOL REPLIC5.1 WIN T2 ESS12M A;REW TSPP STOR FOUND VOL REPLIC5.1 WIN T2 ESS12M A;REW TSPP STOR FOUND VOL REPLIC5.1 WIN T2 ESS12M A;;;;79;;
1;3;2094;1;464,2635;377,45;REW TSPP STOR FOUND VOL REPLIC5.1 WIN T2 ESS12M D;21021099;;REW TSPP STOR FOUND VOL REPLIC5.1 WIN T2 ESS12M D;REW TSPP STOR FOUND VOL REPLIC5.1 WIN T2 ESS12M D;REW TSPP STOR FOUND VOL REPLIC5.1 WIN T2 ESS12M D;REW TSPP STOR FOUND VOL REPLIC5.1 WIN T2 ESS12M D;;;;79;;
1;3;2094;1;755,0232;613,84;SF OPT VR5.1WINPCPU TIER3 ESS REW BAND-D;21021100;;SF OPT VR5.1WINPCPU TIER3 ESS REW BAND-D;SF OPT VR5.1WINPCPU TIER3 ESS REW BAND-D;SF OPT VR5.1WINPCPU TIER3 ESS REW BAND-D;SF OPT VR5.1WINPCPU TIER3 ESS REW BAND-D;;;;79;;
1;3;2094;1;470,2782;382,34;REW TSPP STOR FOUND VOL REPLIC5.1 WIN T3 BAS12M B;21021101;;REW TSPP STOR FOUND VOL REPLIC5.1 WIN T3 BAS12M B;REW TSPP STOR FOUND VOL REPLIC5.1 WIN T3 BAS12M B;REW TSPP STOR FOUND VOL REPLIC5.1 WIN T3 BAS12M B;REW TSPP STOR FOUND VOL REPLIC5.1 WIN T3 BAS12M B;;;;79;;
1;3;2094;1;407,0808;330,96;REW TSPP STOR FOUND VOL REPLIC5.1 WIN T1 ESS12M A;21021105;;REW TSPP STOR FOUND VOL REPLIC5.1 WIN T1 ESS12M A;REW TSPP STOR FOUND VOL REPLIC5.1 WIN T1 ESS12M A;REW TSPP STOR FOUND VOL REPLIC5.1 WIN T1 ESS12M A;REW TSPP STOR FOUND VOL REPLIC5.1 WIN T1 ESS12M A;;;;79;;
1;3;2094;1;386,712;314,4;REW TSPP STOR FOUND VOL REPLIC5.1 WIN T1 ESS12M D;21021106;;REW TSPP STOR FOUND VOL REPLIC5.1 WIN T1 ESS12M D;REW TSPP STOR FOUND VOL REPLIC5.1 WIN T1 ESS12M D;REW TSPP STOR FOUND VOL REPLIC5.1 WIN T1 ESS12M D;REW TSPP STOR FOUND VOL REPLIC5.1 WIN T1 ESS12M D;;;;79;;
1;3;2094;1;407,0808;330,96;AE TSPP STOR FOUND VOL REPLIC5.1 WIN T1ESS 12M S;21021107;;AE TSPP STOR FOUND VOL REPLIC5.1 WIN T1ESS 12M S;AE TSPP STOR FOUND VOL REPLIC5.1 WIN T1ESS 12M S;AE TSPP STOR FOUND VOL REPLIC5.1 WIN T1ESS 12M S;AE TSPP STOR FOUND VOL REPLIC5.1 WIN T1ESS 12M S;;;;79;;
1;3;2094;1;570,8676;464,12;REW TSPP STOR FOUND VOL REPLIC5.1 WIN T3 ESS12M C;21021111;;REW TSPP STOR FOUND VOL REPLIC5.1 WIN T3 ESS12M C;REW TSPP STOR FOUND VOL REPLIC5.1 WIN T3 ESS12M C;REW TSPP STOR FOUND VOL REPLIC5.1 WIN T3 ESS12M C;REW TSPP STOR FOUND VOL REPLIC5.1 WIN T3 ESS12M C;;;;79;;
1;3;2094;1;555,8493;451,91;REW TSPP STOR FOUND VOL REPLIC5.1 WIN T3 ESS12M E;21021112;;REW TSPP STOR FOUND VOL REPLIC5.1 WIN T3 ESS12M E;REW TSPP STOR FOUND VOL REPLIC5.1 WIN T3 ESS12M E;REW TSPP STOR FOUND VOL REPLIC5.1 WIN T3 ESS12M E;REW TSPP STOR FOUND VOL REPLIC5.1 WIN T3 ESS12M E;;;;79;;
1;3;2094;1;600,9288;488,56;GOV TSPP STOR FOUND VOL REPLIC5.1 WIN T3 ESS12M S;21021113;;GOV TSPP STOR FOUND VOL REPLIC5.1 WIN T3 ESS12M S;GOV TSPP STOR FOUND VOL REPLIC5.1 WIN T3 ESS12M S;GOV TSPP STOR FOUND VOL REPLIC5.1 WIN T3 ESS12M S;GOV TSPP STOR FOUND VOL REPLIC5.1 WIN T3 ESS12M S;;;;79;;
1;3;2094;1;400,2789;325,43;SF OPT VR5.1WINPCPU TIER1 BAS REW BAND-D;21021114;;SF OPT VR5.1WINPCPU TIER1 BAS REW BAND-D;SF OPT VR5.1WINPCPU TIER1 BAS REW BAND-D;SF OPT VR5.1WINPCPU TIER1 BAS REW BAND-D;SF OPT VR5.1WINPCPU TIER1 BAS REW BAND-D;;;;79;;
1;3;2094;1;421,3488;342,56;SF OPT VR5.1WINPCPU TIER1 BAS GOV BAND-S;21021116;;SF OPT VR5.1WINPCPU TIER1 BAS GOV BAND-S;SF OPT VR5.1WINPCPU TIER1 BAS GOV BAND-S;SF OPT VR5.1WINPCPU TIER1 BAS GOV BAND-S;SF OPT VR5.1WINPCPU TIER1 BAS GOV BAND-S;;;;79;;
1;3;2094;1;972,3027;790,49;SF ENT HA5.1WINPCPU TIER3 ESS REW BAND-E;21021117;;SF ENT HA5.1WINPCPU TIER3 ESS REW BAND-E;SF ENT HA5.1WINPCPU TIER3 ESS REW BAND-E;SF ENT HA5.1WINPCPU TIER3 ESS REW BAND-E;SF ENT HA5.1WINPCPU TIER3 ESS REW BAND-E;;;;79;;
1;3;2094;1;1051,1457;854,59;SF ENT HA5.1WINPCPU TIER3 ESS ACD BAND-S;21021118;;SF ENT HA5.1WINPCPU TIER3 ESS ACD BAND-S;SF ENT HA5.1WINPCPU TIER3 ESS ACD BAND-S;SF ENT HA5.1WINPCPU TIER3 ESS ACD BAND-S;SF ENT HA5.1WINPCPU TIER3 ESS ACD BAND-S;;;;79;;
1;3;2094;1;590,892;480,4;REW TSPP STOR FOUND ENT HA5.1 WIN CPU T3 BAS12M C;21021119;;REW TSPP STOR FOUND ENT HA5.1 WIN CPU T3 BAS12M C;REW TSPP STOR FOUND ENT HA5.1 WIN CPU T3 BAS12M C;REW TSPP STOR FOUND ENT HA5.1 WIN CPU T3 BAS12M C;REW TSPP STOR FOUND ENT HA5.1 WIN CPU T3 BAS12M C;;;;79;;
1;3;2094;1;621,9864;505,68;EXP TSPP STOR FOUND ENT HA5.1 WIN CPU T3 BAS12M S;21021120;;EXP TSPP STOR FOUND ENT HA5.1 WIN CPU T3 BAS12M S;EXP TSPP STOR FOUND ENT HA5.1 WIN CPU T3 BAS12M S;EXP TSPP STOR FOUND ENT HA5.1 WIN CPU T3 BAS12M S;EXP TSPP STOR FOUND ENT HA5.1 WIN CPU T3 BAS12M S;;;;79;;
1;3;2094;1;755,0355;613,85;REW TSPP STOR FOUND ENT HA5.1 WIN CPU T3 ESS12M D;21021123;;REW TSPP STOR FOUND ENT HA5.1 WIN CPU T3 ESS12M D;REW TSPP STOR FOUND ENT HA5.1 WIN CPU T3 ESS12M D;REW TSPP STOR FOUND ENT HA5.1 WIN CPU T3 ESS12M D;REW TSPP STOR FOUND ENT HA5.1 WIN CPU T3 ESS12M D;;;;79;;
1;3;2094;1;794,7768;646,16;EXP TSPP STOR FOUND ENT HA5.1 WIN CPU T3 ESS12M S;21021124;;EXP TSPP STOR FOUND ENT HA5.1 WIN CPU T3 ESS12M S;EXP TSPP STOR FOUND ENT HA5.1 WIN CPU T3 ESS12M S;EXP TSPP STOR FOUND ENT HA5.1 WIN CPU T3 ESS12M S;EXP TSPP STOR FOUND ENT HA5.1 WIN CPU T3 ESS12M S;;;;79;;
1;3;2094;1;520,6836;423,32;SF ENT HA5.1WINPCPU TIER1 BAS REW BAND-D;21021125;;SF ENT HA5.1WINPCPU TIER1 BAS REW BAND-D;SF ENT HA5.1WINPCPU TIER1 BAS REW BAND-D;SF ENT HA5.1WINPCPU TIER1 BAS REW BAND-D;SF ENT HA5.1WINPCPU TIER1 BAS REW BAND-D;;;;79;;
1;3;2094;1;665,307;540,9;SF ENT HA5.1WINPCPU TIER1 ESS REW BAND-D;21021126;;SF ENT HA5.1WINPCPU TIER1 ESS REW BAND-D;SF ENT HA5.1WINPCPU TIER1 ESS REW BAND-D;SF ENT HA5.1WINPCPU TIER1 ESS REW BAND-D;SF ENT HA5.1WINPCPU TIER1 ESS REW BAND-D;;;;79;;
1;3;2094;1;393,6861;320,07;REW TSPP STOR FOUND ENT HA5.1 WIN CPU T1 BAS12M C;21021127;;REW TSPP STOR FOUND ENT HA5.1 WIN CPU T1 BAS12M C;REW TSPP STOR FOUND ENT HA5.1 WIN CPU T1 BAS12M C;REW TSPP STOR FOUND ENT HA5.1 WIN CPU T1 BAS12M C;REW TSPP STOR FOUND ENT HA5.1 WIN CPU T1 BAS12M C;;;;79;;
1;3;2094;1;2745,7659;2232,33;SF ENT HA5.1WIN TIER2 STD LIC GOV BAND-S;21021128;;SF ENT HA5.1WIN TIER2 STD LIC GOV BAND-S;SF ENT HA5.1WIN TIER2 STD LIC GOV BAND-S;SF ENT HA5.1WIN TIER2 STD LIC GOV BAND-S;SF ENT HA5.1WIN TIER2 STD LIC GOV BAND-S;;;;79;;
1;3;2094;1;2745,7659;2232,33;SF ENT HA5.1WIN TIER2 STD LIC EXP BAND-S;21021129;;SF ENT HA5.1WIN TIER2 STD LIC EXP BAND-S;SF ENT HA5.1WIN TIER2 STD LIC EXP BAND-S;SF ENT HA5.1WIN TIER2 STD LIC EXP BAND-S;SF ENT HA5.1WIN TIER2 STD LIC EXP BAND-S;;;;79;;
1;3;2094;1;604,6434;491,58;SF ENT HA5.1WINPCPU TIER2 BAS REW BAND-E;21021130;;SF ENT HA5.1WINPCPU TIER2 BAS REW BAND-E;SF ENT HA5.1WINPCPU TIER2 BAS REW BAND-E;SF ENT HA5.1WINPCPU TIER2 BAS REW BAND-E;SF ENT HA5.1WINPCPU TIER2 BAS REW BAND-E;;;;79;;
1;3;2094;1;3196,3518;2598,66;SF ENT HA5.1WIN TIER3 STD LIC REW BAND-E;21021132;;SF ENT HA5.1WIN TIER3 STD LIC REW BAND-E;SF ENT HA5.1WIN TIER3 STD LIC REW BAND-E;SF ENT HA5.1WIN TIER3 STD LIC REW BAND-E;SF ENT HA5.1WIN TIER3 STD LIC REW BAND-E;;;;79;;
1;3;2094;1;822,6363;668,81;SF ENT HA5.1WINPCPU TIER3 BAS EXP BAND-S;21021134;;SF ENT HA5.1WINPCPU TIER3 BAS EXP BAND-S;SF ENT HA5.1WINPCPU TIER3 BAS EXP BAND-S;SF ENT HA5.1WINPCPU TIER3 BAS EXP BAND-S;SF ENT HA5.1WINPCPU TIER3 BAS EXP BAND-S;;;;79;;
1;3;2094;1;1051,1457;854,59;SF ENT HA5.1WINPCPU TIER3 ESS GOV BAND-S;21021135;;SF ENT HA5.1WINPCPU TIER3 ESS GOV BAND-S;SF ENT HA5.1WINPCPU TIER3 ESS GOV BAND-S;SF ENT HA5.1WINPCPU TIER3 ESS GOV BAND-S;SF ENT HA5.1WINPCPU TIER3 ESS GOV BAND-S;;;;79;;
1;3;2094;1;794,7768;646,16;REW TSPP STOR FOUND ENT HA5.1 WIN CPU T3 ESS12M A;21021137;;REW TSPP STOR FOUND ENT HA5.1 WIN CPU T3 ESS12M A;REW TSPP STOR FOUND ENT HA5.1 WIN CPU T3 ESS12M A;REW TSPP STOR FOUND ENT HA5.1 WIN CPU T3 ESS12M A;REW TSPP STOR FOUND ENT HA5.1 WIN CPU T3 ESS12M A;;;;79;;
1;3;2094;1;735,1464;597,68;REW TSPP STOR FOUND ENT HA5.1 WIN CPU T3 ESS12M E;21021138;;REW TSPP STOR FOUND ENT HA5.1 WIN CPU T3 ESS12M E;REW TSPP STOR FOUND ENT HA5.1 WIN CPU T3 ESS12M E;REW TSPP STOR FOUND ENT HA5.1 WIN CPU T3 ESS12M E;REW TSPP STOR FOUND ENT HA5.1 WIN CPU T3 ESS12M E;;;;79;;
1;3;2094;1;2129,5359;1731,33;SF ENT HA5.1WIN TIER1 STD LIC REW BAND-E;21021139;;SF ENT HA5.1WIN TIER1 STD LIC REW BAND-E;SF ENT HA5.1WIN TIER1 STD LIC REW BAND-E;SF ENT HA5.1WIN TIER1 STD LIC REW BAND-E;SF ENT HA5.1WIN TIER1 STD LIC REW BAND-E;;;;79;;
1;3;2094;1;548,0634;445,58;SF ENT HA5.1WINPCPU TIER1 BAS ACD BAND-S;21021141;;SF ENT HA5.1WINPCPU TIER1 BAS ACD BAND-S;SF ENT HA5.1WINPCPU TIER1 BAS ACD BAND-S;SF ENT HA5.1WINPCPU TIER1 BAS ACD BAND-S;SF ENT HA5.1WINPCPU TIER1 BAS ACD BAND-S;;;;79;;
1;3;2094;1;700,3128;569,36;SF ENT HA5.1WINPCPU TIER1 ESS ACD BAND-S;21021142;;SF ENT HA5.1WINPCPU TIER1 ESS ACD BAND-S;SF ENT HA5.1WINPCPU TIER1 ESS ACD BAND-S;SF ENT HA5.1WINPCPU TIER1 ESS ACD BAND-S;SF ENT HA5.1WINPCPU TIER1 ESS ACD BAND-S;;;;79;;
1;3;2094;1;393,6861;320,07;REW TSPP STOR FOUND ENT HA5.1 WIN CPU T1 BAS12M D;21021143;;REW TSPP STOR FOUND ENT HA5.1 WIN CPU T1 BAS12M D;REW TSPP STOR FOUND ENT HA5.1 WIN CPU T1 BAS12M D;REW TSPP STOR FOUND ENT HA5.1 WIN CPU T1 BAS12M D;REW TSPP STOR FOUND ENT HA5.1 WIN CPU T1 BAS12M D;;;;79;;
1;3;2094;1;383,3172;311,64;REW TSPP STOR FOUND ENT HA5.1 WIN CPU T1 BAS12M E;21021144;;REW TSPP STOR FOUND ENT HA5.1 WIN CPU T1 BAS12M E;REW TSPP STOR FOUND ENT HA5.1 WIN CPU T1 BAS12M E;REW TSPP STOR FOUND ENT HA5.1 WIN CPU T1 BAS12M E;REW TSPP STOR FOUND ENT HA5.1 WIN CPU T1 BAS12M E;;;;79;;
1;3;2094;1;529,515;430,5;REW TSPP STOR FOUND ENT HA5.1 WIN CPU T1 ESS12M A;21021150;;REW TSPP STOR FOUND ENT HA5.1 WIN CPU T1 ESS12M A;REW TSPP STOR FOUND ENT HA5.1 WIN CPU T1 ESS12M A;REW TSPP STOR FOUND ENT HA5.1 WIN CPU T1 ESS12M A;REW TSPP STOR FOUND ENT HA5.1 WIN CPU T1 ESS12M A;;;;79;;
1;3;2094;1;529,515;430,5;REW TSPP STOR FOUND ENT HA5.1 WIN CPU T1 ESS12M B;21021153;;REW TSPP STOR FOUND ENT HA5.1 WIN CPU T1 ESS12M B;REW TSPP STOR FOUND ENT HA5.1 WIN CPU T1 ESS12M B;REW TSPP STOR FOUND ENT HA5.1 WIN CPU T1 ESS12M B;REW TSPP STOR FOUND ENT HA5.1 WIN CPU T1 ESS12M B;;;;79;;
1;3;2094;1;2608,4856;2120,72;SF ENT HA5.1WIN TIER2 STD LIC REW BAND-C;21021162;;SF ENT HA5.1WIN TIER2 STD LIC REW BAND-C;SF ENT HA5.1WIN TIER2 STD LIC REW BAND-C;SF ENT HA5.1WIN TIER2 STD LIC REW BAND-C;SF ENT HA5.1WIN TIER2 STD LIC REW BAND-C;;;;79;;
1;3;2094;1;835,2561;679,07;SF ENT HA5.1WINPCPU TIER2 ESS REW BAND-B;21021164;;SF ENT HA5.1WINPCPU TIER2 ESS REW BAND-B;SF ENT HA5.1WINPCPU TIER2 ESS REW BAND-B;SF ENT HA5.1WINPCPU TIER2 ESS REW BAND-B;SF ENT HA5.1WINPCPU TIER2 ESS REW BAND-B;;;;79;;
1;3;2094;1;494,2263;401,81;AE TSPP STOR FOUND ENT HA 5.1 WIN CPU T2 BAS 12M S;21021165;;AE TSPP STOR FOUND ENT HA 5.1 WIN CPU T2 BAS 12M S;AE TSPP STOR FOUND ENT HA 5.1 WIN CPU T2 BAS 12M S;AE TSPP STOR FOUND ENT HA 5.1 WIN CPU T2 BAS 12M S;AE TSPP STOR FOUND ENT HA 5.1 WIN CPU T2 BAS 12M S;;;;79;;
1;3;2094;1;584,1639;474,93;REW TSPP STOR FOUND ENT HA5.1 WIN CPU T2 ESS12M E;21021167;;REW TSPP STOR FOUND ENT HA5.1 WIN CPU T2 ESS12M E;REW TSPP STOR FOUND ENT HA5.1 WIN CPU T2 ESS12M E;REW TSPP STOR FOUND ENT HA5.1 WIN CPU T2 ESS12M E;REW TSPP STOR FOUND ENT HA5.1 WIN CPU T2 ESS12M E;;;;79;;
1;3;2094;1;822,6363;668,81;SF ENT HA5.1WINPCPU TIER3 BAS REW BAND-A;21021168;;SF ENT HA5.1WINPCPU TIER3 BAS REW BAND-A;SF ENT HA5.1WINPCPU TIER3 BAS REW BAND-A;SF ENT HA5.1WINPCPU TIER3 BAS REW BAND-A;SF ENT HA5.1WINPCPU TIER3 BAS REW BAND-A;;;;79;;
1;3;2094;1;781,4928;635,36;SF ENT HA5.1WINPCPU TIER3 BAS REW BAND-C;21021169;;SF ENT HA5.1WINPCPU TIER3 BAS REW BAND-C;SF ENT HA5.1WINPCPU TIER3 BAS REW BAND-C;SF ENT HA5.1WINPCPU TIER3 BAS REW BAND-C;SF ENT HA5.1WINPCPU TIER3 BAS REW BAND-C;;;;79;;
1;3;2094;1;998,5755;811,85;SF ENT HA5.1WINPCPU TIER3 ESS REW BAND-D;21021170;;SF ENT HA5.1WINPCPU TIER3 ESS REW BAND-D;SF ENT HA5.1WINPCPU TIER3 ESS REW BAND-D;SF ENT HA5.1WINPCPU TIER3 ESS REW BAND-D;SF ENT HA5.1WINPCPU TIER3 ESS REW BAND-D;;;;79;;
1;3;2094;1;621,9864;505,68;AE TSPP STOR FOUND ENT HA 5.1 WIN CPU T3 BAS 12M S;21021171;;AE TSPP STOR FOUND ENT HA 5.1 WIN CPU T3 BAS 12M S;AE TSPP STOR FOUND ENT HA 5.1 WIN CPU T3 BAS 12M S;AE TSPP STOR FOUND ENT HA 5.1 WIN CPU T3 BAS 12M S;AE TSPP STOR FOUND ENT HA 5.1 WIN CPU T3 BAS 12M S;;;;79;;
1;3;2094;1;2745,7659;2232,33;SF ENT HA5.1WIN TIER2 STD LIC REW BAND-A;21021174;;SF ENT HA5.1WIN TIER2 STD LIC REW BAND-A;SF ENT HA5.1WIN TIER2 STD LIC REW BAND-A;SF ENT HA5.1WIN TIER2 STD LIC REW BAND-A;SF ENT HA5.1WIN TIER2 STD LIC REW BAND-A;;;;79;;
1;3;2094;1;653,6589;531,43;SF ENT HA5.1WINPCPU TIER2 BAS GOV BAND-S;21021175;;SF ENT HA5.1WINPCPU TIER2 BAS GOV BAND-S;SF ENT HA5.1WINPCPU TIER2 BAS GOV BAND-S;SF ENT HA5.1WINPCPU TIER2 BAS GOV BAND-S;SF ENT HA5.1WINPCPU TIER2 BAS GOV BAND-S;;;;79;;
1;3;2094;1;469,5402;381,74;REW TSPP STOR FOUND ENT HA5.1 WIN CPU T2 BAS12M D;21021176;;REW TSPP STOR FOUND ENT HA5.1 WIN CPU T2 BAS12M D;REW TSPP STOR FOUND ENT HA5.1 WIN CPU T2 BAS12M D;REW TSPP STOR FOUND ENT HA5.1 WIN CPU T2 BAS12M D;REW TSPP STOR FOUND ENT HA5.1 WIN CPU T2 BAS12M D;;;;79;;
1;3;2094;1;631,5312;513,44;REW TSPP STOR FOUND ENT HA5.1 WIN CPU T2 ESS12M B;21021180;;REW TSPP STOR FOUND ENT HA5.1 WIN CPU T2 ESS12M B;REW TSPP STOR FOUND ENT HA5.1 WIN CPU T2 ESS12M B;REW TSPP STOR FOUND ENT HA5.1 WIN CPU T2 ESS12M B;REW TSPP STOR FOUND ENT HA5.1 WIN CPU T2 ESS12M B;;;;79;;
1;3;2094;1;599,9448;487,76;REW TSPP STOR FOUND ENT HA5.1 WIN CPU T2 ESS12M D;21021181;;REW TSPP STOR FOUND ENT HA5.1 WIN CPU T2 ESS12M D;REW TSPP STOR FOUND ENT HA5.1 WIN CPU T2 ESS12M D;REW TSPP STOR FOUND ENT HA5.1 WIN CPU T2 ESS12M D;REW TSPP STOR FOUND ENT HA5.1 WIN CPU T2 ESS12M D;;;;79;;
1;3;2094;1;3455,5005;2809,35;SF ENT HA5.1WIN TIER3 STD LIC REW BAND-B;21021183;;SF ENT HA5.1WIN TIER3 STD LIC REW BAND-B;SF ENT HA5.1WIN TIER3 STD LIC REW BAND-B;SF ENT HA5.1WIN TIER3 STD LIC REW BAND-B;SF ENT HA5.1WIN TIER3 STD LIC REW BAND-B;;;;79;;
1;3;2094;1;548,0634;445,58;SF ENT HA5.1WINPCPU TIER1 BAS REW BAND-A;21021190;;SF ENT HA5.1WINPCPU TIER1 BAS REW BAND-A;SF ENT HA5.1WINPCPU TIER1 BAS REW BAND-A;SF ENT HA5.1WINPCPU TIER1 BAS REW BAND-A;SF ENT HA5.1WINPCPU TIER1 BAS REW BAND-A;;;;79;;
1;3;2094;1;548,0634;445,58;SF ENT HA5.1WINPCPU TIER1 BAS GOV BAND-S;21021191;;SF ENT HA5.1WINPCPU TIER1 BAS GOV BAND-S;SF ENT HA5.1WINPCPU TIER1 BAS GOV BAND-S;SF ENT HA5.1WINPCPU TIER1 BAS GOV BAND-S;SF ENT HA5.1WINPCPU TIER1 BAS GOV BAND-S;;;;79;;
1;3;2094;1;647,7795;526,65;SF ENT HA5.1WINPCPU TIER1 ESS REW BAND-E;21021192;;SF ENT HA5.1WINPCPU TIER1 ESS REW BAND-E;SF ENT HA5.1WINPCPU TIER1 ESS REW BAND-E;SF ENT HA5.1WINPCPU TIER1 ESS REW BAND-E;SF ENT HA5.1WINPCPU TIER1 ESS REW BAND-E;;;;79;;
1;3;2094;1;414,387;336,9;REW TSPP STOR FOUND ENT HA5.1 WIN CPU T1 BAS12M A;21021193;;REW TSPP STOR FOUND ENT HA5.1 WIN CPU T1 BAS12M A;REW TSPP STOR FOUND ENT HA5.1 WIN CPU T1 BAS12M A;REW TSPP STOR FOUND ENT HA5.1 WIN CPU T1 BAS12M A;REW TSPP STOR FOUND ENT HA5.1 WIN CPU T1 BAS12M A;;;;79;;
1;3;2094;1;503,0331;408,97;REW TSPP STOR FOUND ENT HA5.1 WIN CPU T1 ESS12M D;21021196;;REW TSPP STOR FOUND ENT HA5.1 WIN CPU T1 ESS12M D;REW TSPP STOR FOUND ENT HA5.1 WIN CPU T1 ESS12M D;REW TSPP STOR FOUND ENT HA5.1 WIN CPU T1 ESS12M D;REW TSPP STOR FOUND ENT HA5.1 WIN CPU T1 ESS12M D;;;;79;;
1;3;2094;1;2302,191;1871,7;SF ENT HA5.1WIN TIER1 STD LIC REW BAND-B;21021199;;SF ENT HA5.1WIN TIER1 STD LIC REW BAND-B;SF ENT HA5.1WIN TIER1 STD LIC REW BAND-B;SF ENT HA5.1WIN TIER1 STD LIC REW BAND-B;SF ENT HA5.1WIN TIER1 STD LIC REW BAND-B;;;;79;;
1;3;2094;1;2302,191;1871,7;SF ENT HA5.1WIN TIER1 STD LIC GOV BAND-S;21021200;;SF ENT HA5.1WIN TIER1 STD LIC GOV BAND-S;SF ENT HA5.1WIN TIER1 STD LIC GOV BAND-S;SF ENT HA5.1WIN TIER1 STD LIC GOV BAND-S;SF ENT HA5.1WIN TIER1 STD LIC GOV BAND-S;;;;79;;
1;3;2094;1;2608,4856;2120,72;SF ENT HA5.1WIN TIER2 STD LIC REW BAND-D;21021202;;SF ENT HA5.1WIN TIER2 STD LIC REW BAND-D;SF ENT HA5.1WIN TIER2 STD LIC REW BAND-D;SF ENT HA5.1WIN TIER2 STD LIC REW BAND-D;SF ENT HA5.1WIN TIER2 STD LIC REW BAND-D;;;;79;;
1;3;2094;1;1051,1457;854,59;SF ENT HA5.1WINPCPU TIER3 ESS REW BAND-A;21021208;;SF ENT HA5.1WINPCPU TIER3 ESS REW BAND-A;SF ENT HA5.1WINPCPU TIER3 ESS REW BAND-A;SF ENT HA5.1WINPCPU TIER3 ESS REW BAND-A;SF ENT HA5.1WINPCPU TIER3 ESS REW BAND-A;;;;79;;
1;3;2094;1;631,5312;513,44;GOV TSPP STOR FOUND ENT HA5.1 WIN CPU T2 ESS12M S;21021210;;GOV TSPP STOR FOUND ENT HA5.1 WIN CPU T2 ESS12M S;GOV TSPP STOR FOUND ENT HA5.1 WIN CPU T2 ESS12M S;GOV TSPP STOR FOUND ENT HA5.1 WIN CPU T2 ESS12M S;GOV TSPP STOR FOUND ENT HA5.1 WIN CPU T2 ESS12M S;;;;79;;
1;3;2094;1;631,5312;513,44;EXP TSPP STOR FOUND ENT HA5.1 WIN CPU T2 ESS12M S;21021211;;EXP TSPP STOR FOUND ENT HA5.1 WIN CPU T2 ESS12M S;EXP TSPP STOR FOUND ENT HA5.1 WIN CPU T2 ESS12M S;EXP TSPP STOR FOUND ENT HA5.1 WIN CPU T2 ESS12M S;EXP TSPP STOR FOUND ENT HA5.1 WIN CPU T2 ESS12M S;;;;79;;
1;3;2094;1;822,6363;668,81;SF ENT HA5.1WINPCPU TIER3 BAS REW BAND-B;21021212;;SF ENT HA5.1WINPCPU TIER3 BAS REW BAND-B;SF ENT HA5.1WINPCPU TIER3 BAS REW BAND-B;SF ENT HA5.1WINPCPU TIER3 BAS REW BAND-B;SF ENT HA5.1WINPCPU TIER3 BAS REW BAND-B;;;;79;;
1;3;2094;1;520,6836;423,32;SF ENT HA5.1WINPCPU TIER1 BAS REW BAND-C;21021214;;SF ENT HA5.1WINPCPU TIER1 BAS REW BAND-C;SF ENT HA5.1WINPCPU TIER1 BAS REW BAND-C;SF ENT HA5.1WINPCPU TIER1 BAS REW BAND-C;SF ENT HA5.1WINPCPU TIER1 BAS REW BAND-C;;;;79;;
1;3;2094;1;665,307;540,9;SF ENT HA5.1WINPCPU TIER1 ESS REW BAND-C;21021216;;SF ENT HA5.1WINPCPU TIER1 ESS REW BAND-C;SF ENT HA5.1WINPCPU TIER1 ESS REW BAND-C;SF ENT HA5.1WINPCPU TIER1 ESS REW BAND-C;SF ENT HA5.1WINPCPU TIER1 ESS REW BAND-C;;;;79;;
1;3;2094;1;414,387;336,9;REW TSPP STOR FOUND ENT HA5.1 WIN CPU T1 BAS12M B;21021218;;REW TSPP STOR FOUND ENT HA5.1 WIN CPU T1 BAS12M B;REW TSPP STOR FOUND ENT HA5.1 WIN CPU T1 BAS12M B;REW TSPP STOR FOUND ENT HA5.1 WIN CPU T1 BAS12M B;REW TSPP STOR FOUND ENT HA5.1 WIN CPU T1 BAS12M B;;;;79;;
1;3;2094;1;414,387;336,9;AE TSPP STOR FOUND ENT HA 5.1 WIN CPU T1 BAS 12M S;21021221;;AE TSPP STOR FOUND ENT HA 5.1 WIN CPU T1 BAS 12M S;AE TSPP STOR FOUND ENT HA 5.1 WIN CPU T1 BAS 12M S;AE TSPP STOR FOUND ENT HA 5.1 WIN CPU T1 BAS 12M S;AE TSPP STOR FOUND ENT HA 5.1 WIN CPU T1 BAS 12M S;;;;79;;
1;3;2094;1;2745,7659;2232,33;SF ENT HA5.1WIN TIER2 STD LIC ACD BAND-S;21021224;;SF ENT HA5.1WIN TIER2 STD LIC ACD BAND-S;SF ENT HA5.1WIN TIER2 STD LIC ACD BAND-S;SF ENT HA5.1WIN TIER2 STD LIC ACD BAND-S;SF ENT HA5.1WIN TIER2 STD LIC ACD BAND-S;;;;79;;
1;3;2094;1;653,6589;531,43;SF ENT HA5.1WINPCPU TIER2 BAS EXP BAND-S;21021225;;SF ENT HA5.1WINPCPU TIER2 BAS EXP BAND-S;SF ENT HA5.1WINPCPU TIER2 BAS EXP BAND-S;SF ENT HA5.1WINPCPU TIER2 BAS EXP BAND-S;SF ENT HA5.1WINPCPU TIER2 BAS EXP BAND-S;;;;79;;
1;3;2094;1;793,4853;645,11;SF ENT HA5.1WINPCPU TIER2 ESS REW BAND-D;21021226;;SF ENT HA5.1WINPCPU TIER2 ESS REW BAND-D;SF ENT HA5.1WINPCPU TIER2 ESS REW BAND-D;SF ENT HA5.1WINPCPU TIER2 ESS REW BAND-D;SF ENT HA5.1WINPCPU TIER2 ESS REW BAND-D;;;;79;;
1;3;2094;1;772,5999;628,13;SF ENT HA5.1WINPCPU TIER2 ESS REW BAND-E;21021227;;SF ENT HA5.1WINPCPU TIER2 ESS REW BAND-E;SF ENT HA5.1WINPCPU TIER2 ESS REW BAND-E;SF ENT HA5.1WINPCPU TIER2 ESS REW BAND-E;SF ENT HA5.1WINPCPU TIER2 ESS REW BAND-E;;;;79;;
1;3;2094;1;835,2561;679,07;SF ENT HA5.1WINPCPU TIER2 ESS EXP BAND-S;21021228;;SF ENT HA5.1WINPCPU TIER2 ESS EXP BAND-S;SF ENT HA5.1WINPCPU TIER2 ESS EXP BAND-S;SF ENT HA5.1WINPCPU TIER2 ESS EXP BAND-S;SF ENT HA5.1WINPCPU TIER2 ESS EXP BAND-S;;;;79;;
1;3;2094;1;494,2263;401,81;REW TSPP STOR FOUND ENT HA5.1 WIN CPU T2 BAS12M B;21021229;;REW TSPP STOR FOUND ENT HA5.1 WIN CPU T2 BAS12M B;REW TSPP STOR FOUND ENT HA5.1 WIN CPU T2 BAS12M B;REW TSPP STOR FOUND ENT HA5.1 WIN CPU T2 BAS12M B;REW TSPP STOR FOUND ENT HA5.1 WIN CPU T2 BAS12M B;;;;79;;
1;3;2094;1;494,2263;401,81;EXP TSPP STOR FOUND ENT HA5.1 WIN CPU T2 BAS12M S;21021230;;EXP TSPP STOR FOUND ENT HA5.1 WIN CPU T2 BAS12M S;EXP TSPP STOR FOUND ENT HA5.1 WIN CPU T2 BAS12M S;EXP TSPP STOR FOUND ENT HA5.1 WIN CPU T2 BAS12M S;EXP TSPP STOR FOUND ENT HA5.1 WIN CPU T2 BAS12M S;;;;79;;
1;3;2094;1;631,5312;513,44;REW TSPP STOR FOUND ENT HA5.1 WIN CPU T2 ESS12M A;21021231;;REW TSPP STOR FOUND ENT HA5.1 WIN CPU T2 ESS12M A;REW TSPP STOR FOUND ENT HA5.1 WIN CPU T2 ESS12M A;REW TSPP STOR FOUND ENT HA5.1 WIN CPU T2 ESS12M A;REW TSPP STOR FOUND ENT HA5.1 WIN CPU T2 ESS12M A;;;;79;;
1;3;2094;1;599,9448;487,76;REW TSPP STOR FOUND ENT HA5.1 WIN CPU T2 ESS12M C;21021232;;REW TSPP STOR FOUND ENT HA5.1 WIN CPU T2 ESS12M C;REW TSPP STOR FOUND ENT HA5.1 WIN CPU T2 ESS12M C;REW TSPP STOR FOUND ENT HA5.1 WIN CPU T2 ESS12M C;REW TSPP STOR FOUND ENT HA5.1 WIN CPU T2 ESS12M C;;;;79;;
1;3;2094;1;3282,7224;2668,88;SF ENT HA5.1WIN TIER3 STD LIC REW BAND-D;21021233;;SF ENT HA5.1WIN TIER3 STD LIC REW BAND-D;SF ENT HA5.1WIN TIER3 STD LIC REW BAND-D;SF ENT HA5.1WIN TIER3 STD LIC REW BAND-D;SF ENT HA5.1WIN TIER3 STD LIC REW BAND-D;;;;79;;
1;3;2094;1;760,9395;618,65;SF ENT HA5.1WINPCPU TIER3 BAS REW BAND-E;21021235;;SF ENT HA5.1WINPCPU TIER3 BAS REW BAND-E;SF ENT HA5.1WINPCPU TIER3 BAS REW BAND-E;SF ENT HA5.1WINPCPU TIER3 BAS REW BAND-E;SF ENT HA5.1WINPCPU TIER3 BAS REW BAND-E;;;;79;;
1;3;2094;1;1051,1457;854,59;SF ENT HA5.1WINPCPU TIER3 ESS REW BAND-B;21021236;;SF ENT HA5.1WINPCPU TIER3 ESS REW BAND-B;SF ENT HA5.1WINPCPU TIER3 ESS REW BAND-B;SF ENT HA5.1WINPCPU TIER3 ESS REW BAND-B;SF ENT HA5.1WINPCPU TIER3 ESS REW BAND-B;;;;79;;
1;3;2094;1;621,9864;505,68;REW TSPP STOR FOUND ENT HA5.1 WIN CPU T3 BAS12M A;21021237;;REW TSPP STOR FOUND ENT HA5.1 WIN CPU T3 BAS12M A;REW TSPP STOR FOUND ENT HA5.1 WIN CPU T3 BAS12M A;REW TSPP STOR FOUND ENT HA5.1 WIN CPU T3 BAS12M A;REW TSPP STOR FOUND ENT HA5.1 WIN CPU T3 BAS12M A;;;;79;;
1;3;2094;1;755,0355;613,85;REW TSPP STOR FOUND ENT HA5.1 WIN CPU T3 ESS12M C;21021241;;REW TSPP STOR FOUND ENT HA5.1 WIN CPU T3 ESS12M C;REW TSPP STOR FOUND ENT HA5.1 WIN CPU T3 ESS12M C;REW TSPP STOR FOUND ENT HA5.1 WIN CPU T3 ESS12M C;REW TSPP STOR FOUND ENT HA5.1 WIN CPU T3 ESS12M C;;;;79;;
1;3;2094;1;2302,191;1871,7;SF ENT HA5.1WIN TIER1 STD LIC EXP BAND-S;21021243;;SF ENT HA5.1WIN TIER1 STD LIC EXP BAND-S;SF ENT HA5.1WIN TIER1 STD LIC EXP BAND-S;SF ENT HA5.1WIN TIER1 STD LIC EXP BAND-S;SF ENT HA5.1WIN TIER1 STD LIC EXP BAND-S;;;;79;;
1;3;2094;1;548,0634;445,58;SF ENT HA5.1WINPCPU TIER1 BAS EXP BAND-S;21021244;;SF ENT HA5.1WINPCPU TIER1 BAS EXP BAND-S;SF ENT HA5.1WINPCPU TIER1 BAS EXP BAND-S;SF ENT HA5.1WINPCPU TIER1 BAS EXP BAND-S;SF ENT HA5.1WINPCPU TIER1 BAS EXP BAND-S;;;;79;;
1;3;2094;1;700,3128;569,36;SF ENT HA5.1WINPCPU TIER1 ESS REW BAND-A;21021245;;SF ENT HA5.1WINPCPU TIER1 ESS REW BAND-A;SF ENT HA5.1WINPCPU TIER1 ESS REW BAND-A;SF ENT HA5.1WINPCPU TIER1 ESS REW BAND-A;SF ENT HA5.1WINPCPU TIER1 ESS REW BAND-A;;;;79;;
1;3;2094;1;590,892;480,4;REW TSPP STOR FOUND ENT HA5.1 WIN CPU T3 BAS12M D;21021248;;REW TSPP STOR FOUND ENT HA5.1 WIN CPU T3 BAS12M D;REW TSPP STOR FOUND ENT HA5.1 WIN CPU T3 BAS12M D;REW TSPP STOR FOUND ENT HA5.1 WIN CPU T3 BAS12M D;REW TSPP STOR FOUND ENT HA5.1 WIN CPU T3 BAS12M D;;;;79;;
1;3;2094;1;2745,7659;2232,33;SF ENT HA5.1WIN TIER2 STD LIC REW BAND-B;21021249;;SF ENT HA5.1WIN TIER2 STD LIC REW BAND-B;SF ENT HA5.1WIN TIER2 STD LIC REW BAND-B;SF ENT HA5.1WIN TIER2 STD LIC REW BAND-B;SF ENT HA5.1WIN TIER2 STD LIC REW BAND-B;;;;79;;
1;3;2094;1;653,6589;531,43;SF ENT HA5.1WINPCPU TIER2 BAS REW BAND-B;21021250;;SF ENT HA5.1WINPCPU TIER2 BAS REW BAND-B;SF ENT HA5.1WINPCPU TIER2 BAS REW BAND-B;SF ENT HA5.1WINPCPU TIER2 BAS REW BAND-B;SF ENT HA5.1WINPCPU TIER2 BAS REW BAND-B;;;;79;;
1;3;2094;1;653,6589;531,43;SF ENT HA5.1WINPCPU TIER2 BAS ACD BAND-S;21021251;;SF ENT HA5.1WINPCPU TIER2 BAS ACD BAND-S;SF ENT HA5.1WINPCPU TIER2 BAS ACD BAND-S;SF ENT HA5.1WINPCPU TIER2 BAS ACD BAND-S;SF ENT HA5.1WINPCPU TIER2 BAS ACD BAND-S;;;;79;;
1;3;2094;1;835,2561;679,07;SF ENT HA5.1WINPCPU TIER2 ESS GOV BAND-S;21021252;;SF ENT HA5.1WINPCPU TIER2 ESS GOV BAND-S;SF ENT HA5.1WINPCPU TIER2 ESS GOV BAND-S;SF ENT HA5.1WINPCPU TIER2 ESS GOV BAND-S;SF ENT HA5.1WINPCPU TIER2 ESS GOV BAND-S;;;;79;;
1;3;2094;1;469,5402;381,74;REW TSPP STOR FOUND ENT HA5.1 WIN CPU T2 BAS12M C;21021253;;REW TSPP STOR FOUND ENT HA5.1 WIN CPU T2 BAS12M C;REW TSPP STOR FOUND ENT HA5.1 WIN CPU T2 BAS12M C;REW TSPP STOR FOUND ENT HA5.1 WIN CPU T2 BAS12M C;REW TSPP STOR FOUND ENT HA5.1 WIN CPU T2 BAS12M C;;;;79;;
1;3;2094;1;3455,5005;2809,35;SF ENT HA5.1WIN TIER3 STD LIC REW BAND-A;21021258;;SF ENT HA5.1WIN TIER3 STD LIC REW BAND-A;SF ENT HA5.1WIN TIER3 STD LIC REW BAND-A;SF ENT HA5.1WIN TIER3 STD LIC REW BAND-A;SF ENT HA5.1WIN TIER3 STD LIC REW BAND-A;;;;79;;
1;3;2094;1;3282,7224;2668,88;SF ENT HA5.1WIN TIER3 STD LIC REW BAND-C;21021259;;SF ENT HA5.1WIN TIER3 STD LIC REW BAND-C;SF ENT HA5.1WIN TIER3 STD LIC REW BAND-C;SF ENT HA5.1WIN TIER3 STD LIC REW BAND-C;SF ENT HA5.1WIN TIER3 STD LIC REW BAND-C;;;;79;;
1;3;2094;1;3455,5005;2809,35;SF ENT HA5.1WIN TIER3 STD LIC GOV BAND-S;21021260;;SF ENT HA5.1WIN TIER3 STD LIC GOV BAND-S;SF ENT HA5.1WIN TIER3 STD LIC GOV BAND-S;SF ENT HA5.1WIN TIER3 STD LIC GOV BAND-S;SF ENT HA5.1WIN TIER3 STD LIC GOV BAND-S;;;;79;;
1;3;2094;1;414,387;336,9;GOV TSPP STOR FOUND ENT HA5.1 WIN CPU T1 BAS12M S;21021261;;GOV TSPP STOR FOUND ENT HA5.1 WIN CPU T1 BAS12M S;GOV TSPP STOR FOUND ENT HA5.1 WIN CPU T1 BAS12M S;GOV TSPP STOR FOUND ENT HA5.1 WIN CPU T1 BAS12M S;GOV TSPP STOR FOUND ENT HA5.1 WIN CPU T1 BAS12M S;;;;79;;
1;3;2094;1;414,387;336,9;EXP TSPP STOR FOUND ENT HA5.1 WIN CPU T1 BAS12M S;21021262;;EXP TSPP STOR FOUND ENT HA5.1 WIN CPU T1 BAS12M S;EXP TSPP STOR FOUND ENT HA5.1 WIN CPU T1 BAS12M S;EXP TSPP STOR FOUND ENT HA5.1 WIN CPU T1 BAS12M S;EXP TSPP STOR FOUND ENT HA5.1 WIN CPU T1 BAS12M S;;;;79;;
1;3;2094;1;489,7983;398,21;REW TSPP STOR FOUND ENT HA5.1 WIN CPU T1 ESS12M E;21021266;;REW TSPP STOR FOUND ENT HA5.1 WIN CPU T1 ESS12M E;REW TSPP STOR FOUND ENT HA5.1 WIN CPU T1 ESS12M E;REW TSPP STOR FOUND ENT HA5.1 WIN CPU T1 ESS12M E;REW TSPP STOR FOUND ENT HA5.1 WIN CPU T1 ESS12M E;;;;79;;
1;3;2094;1;529,515;430,5;EXP TSPP STOR FOUND ENT HA5.1 WIN CPU T1 ESS12M S;21021267;;EXP TSPP STOR FOUND ENT HA5.1 WIN CPU T1 ESS12M S;EXP TSPP STOR FOUND ENT HA5.1 WIN CPU T1 ESS12M S;EXP TSPP STOR FOUND ENT HA5.1 WIN CPU T1 ESS12M S;EXP TSPP STOR FOUND ENT HA5.1 WIN CPU T1 ESS12M S;;;;79;;
1;3;2094;1;529,515;430,5;AE TSPP STOR FOUND ENT HA 5.1 WIN CPU T1 ESS 12M S;21021268;;AE TSPP STOR FOUND ENT HA 5.1 WIN CPU T1 ESS 12M S;AE TSPP STOR FOUND ENT HA 5.1 WIN CPU T1 ESS 12M S;AE TSPP STOR FOUND ENT HA 5.1 WIN CPU T1 ESS 12M S;AE TSPP STOR FOUND ENT HA 5.1 WIN CPU T1 ESS 12M S;;;;79;;
1;3;2094;1;620,9901;504,87;SF ENT HA5.1WINPCPU TIER2 BAS REW BAND-D;21021269;;SF ENT HA5.1WINPCPU TIER2 BAS REW BAND-D;SF ENT HA5.1WINPCPU TIER2 BAS REW BAND-D;SF ENT HA5.1WINPCPU TIER2 BAS REW BAND-D;SF ENT HA5.1WINPCPU TIER2 BAS REW BAND-D;;;;79;;
1;3;2094;1;835,2561;679,07;SF ENT HA5.1WINPCPU TIER2 ESS REW BAND-A;21021271;;SF ENT HA5.1WINPCPU TIER2 ESS REW BAND-A;SF ENT HA5.1WINPCPU TIER2 ESS REW BAND-A;SF ENT HA5.1WINPCPU TIER2 ESS REW BAND-A;SF ENT HA5.1WINPCPU TIER2 ESS REW BAND-A;;;;79;;
1;3;2094;1;3455,5005;2809,35;SF ENT HA5.1WIN TIER3 STD LIC EXP BAND-S;21021272;;SF ENT HA5.1WIN TIER3 STD LIC EXP BAND-S;SF ENT HA5.1WIN TIER3 STD LIC EXP BAND-S;SF ENT HA5.1WIN TIER3 STD LIC EXP BAND-S;SF ENT HA5.1WIN TIER3 STD LIC EXP BAND-S;;;;79;;
1;3;2094;1;781,4928;635,36;SF ENT HA5.1WINPCPU TIER3 BAS REW BAND-D;21021273;;SF ENT HA5.1WINPCPU TIER3 BAS REW BAND-D;SF ENT HA5.1WINPCPU TIER3 BAS REW BAND-D;SF ENT HA5.1WINPCPU TIER3 BAS REW BAND-D;SF ENT HA5.1WINPCPU TIER3 BAS REW BAND-D;;;;79;;
1;3;2094;1;822,6363;668,81;SF ENT HA5.1WINPCPU TIER3 BAS ACD BAND-S;21021274;;SF ENT HA5.1WINPCPU TIER3 BAS ACD BAND-S;SF ENT HA5.1WINPCPU TIER3 BAS ACD BAND-S;SF ENT HA5.1WINPCPU TIER3 BAS ACD BAND-S;SF ENT HA5.1WINPCPU TIER3 BAS ACD BAND-S;;;;79;;
1;3;2094;1;998,5755;811,85;SF ENT HA5.1WINPCPU TIER3 ESS REW BAND-C;21021275;;SF ENT HA5.1WINPCPU TIER3 ESS REW BAND-C;SF ENT HA5.1WINPCPU TIER3 ESS REW BAND-C;SF ENT HA5.1WINPCPU TIER3 ESS REW BAND-C;SF ENT HA5.1WINPCPU TIER3 ESS REW BAND-C;;;;79;;
1;3;2094;1;1051,1457;854,59;SF ENT HA5.1WINPCPU TIER3 ESS EXP BAND-S;21021276;;SF ENT HA5.1WINPCPU TIER3 ESS EXP BAND-S;SF ENT HA5.1WINPCPU TIER3 ESS EXP BAND-S;SF ENT HA5.1WINPCPU TIER3 ESS EXP BAND-S;SF ENT HA5.1WINPCPU TIER3 ESS EXP BAND-S;;;;79;;
1;3;2094;1;621,9864;505,68;REW TSPP STOR FOUND ENT HA5.1 WIN CPU T3 BAS12M B;21021277;;REW TSPP STOR FOUND ENT HA5.1 WIN CPU T3 BAS12M B;REW TSPP STOR FOUND ENT HA5.1 WIN CPU T3 BAS12M B;REW TSPP STOR FOUND ENT HA5.1 WIN CPU T3 BAS12M B;REW TSPP STOR FOUND ENT HA5.1 WIN CPU T3 BAS12M B;;;;79;;
1;3;2094;1;575,3448;467,76;REW TSPP STOR FOUND ENT HA5.1 WIN CPU T3 BAS12M E;21021278;;REW TSPP STOR FOUND ENT HA5.1 WIN CPU T3 BAS12M E;REW TSPP STOR FOUND ENT HA5.1 WIN CPU T3 BAS12M E;REW TSPP STOR FOUND ENT HA5.1 WIN CPU T3 BAS12M E;REW TSPP STOR FOUND ENT HA5.1 WIN CPU T3 BAS12M E;;;;79;;
1;3;2094;1;621,9864;505,68;GOV TSPP STOR FOUND ENT HA5.1 WIN CPU T3 BAS12M S;21021279;;GOV TSPP STOR FOUND ENT HA5.1 WIN CPU T3 BAS12M S;GOV TSPP STOR FOUND ENT HA5.1 WIN CPU T3 BAS12M S;GOV TSPP STOR FOUND ENT HA5.1 WIN CPU T3 BAS12M S;GOV TSPP STOR FOUND ENT HA5.1 WIN CPU T3 BAS12M S;;;;79;;
1;3;2094;1;793,4853;645,11;SF ENT HA5.1WINPCPU TIER2 ESS REW BAND-C;21021282;;SF ENT HA5.1WINPCPU TIER2 ESS REW BAND-C;SF ENT HA5.1WINPCPU TIER2 ESS REW BAND-C;SF ENT HA5.1WINPCPU TIER2 ESS REW BAND-C;SF ENT HA5.1WINPCPU TIER2 ESS REW BAND-C;;;;79;;
1;3;2094;1;835,2561;679,07;SF ENT HA5.1WINPCPU TIER2 ESS ACD BAND-S;21021284;;SF ENT HA5.1WINPCPU TIER2 ESS ACD BAND-S;SF ENT HA5.1WINPCPU TIER2 ESS ACD BAND-S;SF ENT HA5.1WINPCPU TIER2 ESS ACD BAND-S;SF ENT HA5.1WINPCPU TIER2 ESS ACD BAND-S;;;;79;;
1;3;2094;1;494,2263;401,81;REW TSPP STOR FOUND ENT HA5.1 WIN CPU T2 BAS12M A;21021285;;REW TSPP STOR FOUND ENT HA5.1 WIN CPU T2 BAS12M A;REW TSPP STOR FOUND ENT HA5.1 WIN CPU T2 BAS12M A;REW TSPP STOR FOUND ENT HA5.1 WIN CPU T2 BAS12M A;REW TSPP STOR FOUND ENT HA5.1 WIN CPU T2 BAS12M A;;;;79;;
1;3;2094;1;794,7768;646,16;AE TSPP STOR FOUND ENT HA 5.1 WIN CPU T3 ESS 12M S;21021290;;AE TSPP STOR FOUND ENT HA 5.1 WIN CPU T3 ESS 12M S;AE TSPP STOR FOUND ENT HA 5.1 WIN CPU T3 ESS 12M S;AE TSPP STOR FOUND ENT HA 5.1 WIN CPU T3 ESS 12M S;AE TSPP STOR FOUND ENT HA 5.1 WIN CPU T3 ESS 12M S;;;;79;;
1;3;2094;1;2187,0753;1778,11;SF ENT HA5.1WIN TIER1 STD LIC REW BAND-C;21021291;;SF ENT HA5.1WIN TIER1 STD LIC REW BAND-C;SF ENT HA5.1WIN TIER1 STD LIC REW BAND-C;SF ENT HA5.1WIN TIER1 STD LIC REW BAND-C;SF ENT HA5.1WIN TIER1 STD LIC REW BAND-C;;;;79;;
1;3;2094;1;2187,0753;1778,11;SF ENT HA5.1WIN TIER1 STD LIC REW BAND-D;21021292;;SF ENT HA5.1WIN TIER1 STD LIC REW BAND-D;SF ENT HA5.1WIN TIER1 STD LIC REW BAND-D;SF ENT HA5.1WIN TIER1 STD LIC REW BAND-D;SF ENT HA5.1WIN TIER1 STD LIC REW BAND-D;;;;79;;
1;3;2094;1;2302,191;1871,7;SF ENT HA5.1WIN TIER1 STD LIC ACD BAND-S;21021293;;SF ENT HA5.1WIN TIER1 STD LIC ACD BAND-S;SF ENT HA5.1WIN TIER1 STD LIC ACD BAND-S;SF ENT HA5.1WIN TIER1 STD LIC ACD BAND-S;SF ENT HA5.1WIN TIER1 STD LIC ACD BAND-S;;;;79;;
1;3;2094;1;548,0634;445,58;SF ENT HA5.1WINPCPU TIER1 BAS REW BAND-B;21021294;;SF ENT HA5.1WINPCPU TIER1 BAS REW BAND-B;SF ENT HA5.1WINPCPU TIER1 BAS REW BAND-B;SF ENT HA5.1WINPCPU TIER1 BAS REW BAND-B;SF ENT HA5.1WINPCPU TIER1 BAS REW BAND-B;;;;79;;
1;3;2094;1;700,3128;569,36;SF ENT HA5.1WINPCPU TIER1 ESS REW BAND-B;21021295;;SF ENT HA5.1WINPCPU TIER1 ESS REW BAND-B;SF ENT HA5.1WINPCPU TIER1 ESS REW BAND-B;SF ENT HA5.1WINPCPU TIER1 ESS REW BAND-B;SF ENT HA5.1WINPCPU TIER1 ESS REW BAND-B;;;;79;;
1;3;2094;1;700,3128;569,36;SF ENT HA5.1WINPCPU TIER1 ESS GOV BAND-S;21021296;;SF ENT HA5.1WINPCPU TIER1 ESS GOV BAND-S;SF ENT HA5.1WINPCPU TIER1 ESS GOV BAND-S;SF ENT HA5.1WINPCPU TIER1 ESS GOV BAND-S;SF ENT HA5.1WINPCPU TIER1 ESS GOV BAND-S;;;;79;;
1;3;2094;1;700,3128;569,36;SF ENT HA5.1WINPCPU TIER1 ESS EXP BAND-S;21021297;;SF ENT HA5.1WINPCPU TIER1 ESS EXP BAND-S;SF ENT HA5.1WINPCPU TIER1 ESS EXP BAND-S;SF ENT HA5.1WINPCPU TIER1 ESS EXP BAND-S;SF ENT HA5.1WINPCPU TIER1 ESS EXP BAND-S;;;;79;;
1;3;2094;1;794,7768;646,16;REW TSPP STOR FOUND ENT HA5.1 WIN CPU T3 ESS12M B;21021302;;REW TSPP STOR FOUND ENT HA5.1 WIN CPU T3 ESS12M B;REW TSPP STOR FOUND ENT HA5.1 WIN CPU T3 ESS12M B;REW TSPP STOR FOUND ENT HA5.1 WIN CPU T3 ESS12M B;REW TSPP STOR FOUND ENT HA5.1 WIN CPU T3 ESS12M B;;;;79;;
1;3;2094;1;794,7768;646,16;GOV TSPP STOR FOUND ENT HA5.1 WIN CPU T3 ESS12M S;21021304;;GOV TSPP STOR FOUND ENT HA5.1 WIN CPU T3 ESS12M S;GOV TSPP STOR FOUND ENT HA5.1 WIN CPU T3 ESS12M S;GOV TSPP STOR FOUND ENT HA5.1 WIN CPU T3 ESS12M S;GOV TSPP STOR FOUND ENT HA5.1 WIN CPU T3 ESS12M S;;;;79;;
1;3;2094;1;2302,191;1871,7;SF ENT HA5.1WIN TIER1 STD LIC REW BAND-A;21021305;;SF ENT HA5.1WIN TIER1 STD LIC REW BAND-A;SF ENT HA5.1WIN TIER1 STD LIC REW BAND-A;SF ENT HA5.1WIN TIER1 STD LIC REW BAND-A;SF ENT HA5.1WIN TIER1 STD LIC REW BAND-A;;;;79;;
1;3;2094;1;506,9691;412,17;SF ENT HA5.1WINPCPU TIER1 BAS REW BAND-E;21021306;;SF ENT HA5.1WINPCPU TIER1 BAS REW BAND-E;SF ENT HA5.1WINPCPU TIER1 BAS REW BAND-E;SF ENT HA5.1WINPCPU TIER1 BAS REW BAND-E;SF ENT HA5.1WINPCPU TIER1 BAS REW BAND-E;;;;79;;
1;3;2094;1;631,5312;513,44;AE TSPP STOR FOUND ENT HA 5.1 WIN CPU T2 ESS 12M S;21021313;;AE TSPP STOR FOUND ENT HA 5.1 WIN CPU T2 ESS 12M S;AE TSPP STOR FOUND ENT HA 5.1 WIN CPU T2 ESS 12M S;AE TSPP STOR FOUND ENT HA 5.1 WIN CPU T2 ESS 12M S;AE TSPP STOR FOUND ENT HA 5.1 WIN CPU T2 ESS 12M S;;;;79;;
1;3;2094;1;3455,5005;2809,35;SF ENT HA5.1WIN TIER3 STD LIC ACD BAND-S;21021314;;SF ENT HA5.1WIN TIER3 STD LIC ACD BAND-S;SF ENT HA5.1WIN TIER3 STD LIC ACD BAND-S;SF ENT HA5.1WIN TIER3 STD LIC ACD BAND-S;SF ENT HA5.1WIN TIER3 STD LIC ACD BAND-S;;;;79;;
1;3;2094;1;822,6363;668,81;SF ENT HA5.1WINPCPU TIER3 BAS GOV BAND-S;21021316;;SF ENT HA5.1WINPCPU TIER3 BAS GOV BAND-S;SF ENT HA5.1WINPCPU TIER3 BAS GOV BAND-S;SF ENT HA5.1WINPCPU TIER3 BAS GOV BAND-S;SF ENT HA5.1WINPCPU TIER3 BAS GOV BAND-S;;;;79;;
1;3;2094;1;2539,8516;2064,92;SF ENT HA5.1WIN TIER2 STD LIC REW BAND-E;21021318;;SF ENT HA5.1WIN TIER2 STD LIC REW BAND-E;SF ENT HA5.1WIN TIER2 STD LIC REW BAND-E;SF ENT HA5.1WIN TIER2 STD LIC REW BAND-E;SF ENT HA5.1WIN TIER2 STD LIC REW BAND-E;;;;79;;
1;3;2094;1;503,0331;408,97;REW TSPP STOR FOUND ENT HA5.1 WIN CPU T1 ESS12M C;21021320;;REW TSPP STOR FOUND ENT HA5.1 WIN CPU T1 ESS12M C;REW TSPP STOR FOUND ENT HA5.1 WIN CPU T1 ESS12M C;REW TSPP STOR FOUND ENT HA5.1 WIN CPU T1 ESS12M C;REW TSPP STOR FOUND ENT HA5.1 WIN CPU T1 ESS12M C;;;;79;;
1;3;2094;1;529,515;430,5;GOV TSPP STOR FOUND ENT HA5.1 WIN CPU T1 ESS12M S;21021321;;GOV TSPP STOR FOUND ENT HA5.1 WIN CPU T1 ESS12M S;GOV TSPP STOR FOUND ENT HA5.1 WIN CPU T1 ESS12M S;GOV TSPP STOR FOUND ENT HA5.1 WIN CPU T1 ESS12M S;GOV TSPP STOR FOUND ENT HA5.1 WIN CPU T1 ESS12M S;;;;79;;
1;3;2094;1;653,6589;531,43;SF ENT HA5.1WINPCPU TIER2 BAS REW BAND-A;21021322;;SF ENT HA5.1WINPCPU TIER2 BAS REW BAND-A;SF ENT HA5.1WINPCPU TIER2 BAS REW BAND-A;SF ENT HA5.1WINPCPU TIER2 BAS REW BAND-A;SF ENT HA5.1WINPCPU TIER2 BAS REW BAND-A;;;;79;;
1;3;2094;1;620,9901;504,87;SF ENT HA5.1WINPCPU TIER2 BAS REW BAND-C;21021323;;SF ENT HA5.1WINPCPU TIER2 BAS REW BAND-C;SF ENT HA5.1WINPCPU TIER2 BAS REW BAND-C;SF ENT HA5.1WINPCPU TIER2 BAS REW BAND-C;SF ENT HA5.1WINPCPU TIER2 BAS REW BAND-C;;;;79;;
1;3;2094;1;457,1787;371,69;REW TSPP STOR FOUND ENT HA5.1 WIN CPU T2 BAS12M E;21021324;;REW TSPP STOR FOUND ENT HA5.1 WIN CPU T2 BAS12M E;REW TSPP STOR FOUND ENT HA5.1 WIN CPU T2 BAS12M E;REW TSPP STOR FOUND ENT HA5.1 WIN CPU T2 BAS12M E;REW TSPP STOR FOUND ENT HA5.1 WIN CPU T2 BAS12M E;;;;79;;
1;3;2094;1;494,2263;401,81;GOV TSPP STOR FOUND ENT HA5.1 WIN CPU T2 BAS12M S;21021325;;GOV TSPP STOR FOUND ENT HA5.1 WIN CPU T2 BAS12M S;GOV TSPP STOR FOUND ENT HA5.1 WIN CPU T2 BAS12M S;GOV TSPP STOR FOUND ENT HA5.1 WIN CPU T2 BAS12M S;GOV TSPP STOR FOUND ENT HA5.1 WIN CPU T2 BAS12M S;;;;79;;
1;3;2094;1;3278,0607;2665,09;AE SF ENT HA/DR 5.1 WIN PER CPU T1 STD LIC S;21021330;;AE SF ENT HA/DR 5.1 WIN PER CPU T1 STD LIC S;AE SF ENT HA/DR 5.1 WIN PER CPU T1 STD LIC S;AE SF ENT HA/DR 5.1 WIN PER CPU T1 STD LIC S;AE SF ENT HA/DR 5.1 WIN PER CPU T1 STD LIC S;;;;79;;
1;3;2094;1;997,1733;810,71;SF ENT HA/DR5.1WIN TIER 1 ESS REW BAND-A;21021332;;SF ENT HA/DR5.1WIN TIER 1 ESS REW BAND-A;SF ENT HA/DR5.1WIN TIER 1 ESS REW BAND-A;SF ENT HA/DR5.1WIN TIER 1 ESS REW BAND-A;SF ENT HA/DR5.1WIN TIER 1 ESS REW BAND-A;;;;79;;
1;3;2094;1;947,3091;770,17;SF ENT HA/DR5.1WIN TIER 1 ESS REW BAND-C;21021333;;SF ENT HA/DR5.1WIN TIER 1 ESS REW BAND-C;SF ENT HA/DR5.1WIN TIER 1 ESS REW BAND-C;SF ENT HA/DR5.1WIN TIER 1 ESS REW BAND-C;SF ENT HA/DR5.1WIN TIER 1 ESS REW BAND-C;;;;79;;
1;3;2094;1;753,9531;612,97;AE TSPP STOR FOUND ENT HA/DR5.1 WIN T1 ESS 12M S;21021337;;AE TSPP STOR FOUND ENT HA/DR5.1 WIN T1 ESS 12M S;AE TSPP STOR FOUND ENT HA/DR5.1 WIN T1 ESS 12M S;AE TSPP STOR FOUND ENT HA/DR5.1 WIN T1 ESS 12M S;AE TSPP STOR FOUND ENT HA/DR5.1 WIN T1 ESS 12M S;;;;79;;
1;3;2094;1;4919,3112;3999,44;GOV SF ENT HA/DR 5.1 WIN CPU T3 STD LIC S;21021342;;GOV SF ENT HA/DR 5.1 WIN CPU T3 STD LIC S;GOV SF ENT HA/DR 5.1 WIN CPU T3 STD LIC S;GOV SF ENT HA/DR 5.1 WIN CPU T3 STD LIC S;GOV SF ENT HA/DR 5.1 WIN CPU T3 STD LIC S;;;;79;;
1;3;2094;1;1171,1199;952,13;SF ENT HA/DR5.1WIN TIER 3 BAS REW BAND-B;21021343;;SF ENT HA/DR5.1WIN TIER 3 BAS REW BAND-B;SF ENT HA/DR5.1WIN TIER 3 BAS REW BAND-B;SF ENT HA/DR5.1WIN TIER 3 BAS REW BAND-B;SF ENT HA/DR5.1WIN TIER 3 BAS REW BAND-B;;;;79;;
1;3;2094;1;1112,5596;904,52;SF ENT HA/DR5.1WIN TIER 3 BAS REW BAND-C;21021344;;SF ENT HA/DR5.1WIN TIER 3 BAS REW BAND-C;SF ENT HA/DR5.1WIN TIER 3 BAS REW BAND-C;SF ENT HA/DR5.1WIN TIER 3 BAS REW BAND-C;SF ENT HA/DR5.1WIN TIER 3 BAS REW BAND-C;;;;79;;
1;3;2094;1;1131,4524;919,88;REW TSPP STOR FOUND ENT HA/DR5.1 WIN T3 ESS 12M A;21021348;;REW TSPP STOR FOUND ENT HA/DR5.1 WIN T3 ESS 12M A;REW TSPP STOR FOUND ENT HA/DR5.1 WIN T3 ESS 12M A;REW TSPP STOR FOUND ENT HA/DR5.1 WIN T3 ESS 12M A;REW TSPP STOR FOUND ENT HA/DR5.1 WIN T3 ESS 12M A;;;;79;;
1;3;2094;1;1131,4524;919,88;AE TSPP STOR FOUND ENT HA/DR5.1 WIN T3 ESS 12M S;21021349;;AE TSPP STOR FOUND ENT HA/DR5.1 WIN T3 ESS 12M S;AE TSPP STOR FOUND ENT HA/DR5.1 WIN T3 ESS 12M S;AE TSPP STOR FOUND ENT HA/DR5.1 WIN T3 ESS 12M S;AE TSPP STOR FOUND ENT HA/DR5.1 WIN T3 ESS 12M S;;;;79;;
1;3;2094;1;3278,0607;2665,09;GOV SF ENT HA/DR 5.1 WIN CPU T1 STD LIC S;21021351;;GOV SF ENT HA/DR 5.1 WIN CPU T1 STD LIC S;GOV SF ENT HA/DR 5.1 WIN CPU T1 STD LIC S;GOV SF ENT HA/DR 5.1 WIN CPU T1 STD LIC S;GOV SF ENT HA/DR 5.1 WIN CPU T1 STD LIC S;;;;79;;
1;3;2094;1;590,0433;479,71;REW TSPP STOR FOUND ENT HA/DR5.1 WIN T1 BAS 12M A;21021352;;REW TSPP STOR FOUND ENT HA/DR5.1 WIN T1 BAS 12M A;REW TSPP STOR FOUND ENT HA/DR5.1 WIN T1 BAS 12M A;REW TSPP STOR FOUND ENT HA/DR5.1 WIN T1 BAS 12M A;REW TSPP STOR FOUND ENT HA/DR5.1 WIN T1 BAS 12M A;;;;79;;
1;3;2094;1;590,0433;479,71;EXP TSPP STOR FOUND ENT HA/DR5.1 WIN T1 BAS 12M S;21021353;;EXP TSPP STOR FOUND ENT HA/DR5.1 WIN T1 BAS 12M S;EXP TSPP STOR FOUND ENT HA/DR5.1 WIN T1 BAS 12M S;EXP TSPP STOR FOUND ENT HA/DR5.1 WIN T1 BAS 12M S;EXP TSPP STOR FOUND ENT HA/DR5.1 WIN T1 BAS 12M S;;;;79;;
1;3;2094;1;753,9531;612,97;REW TSPP STOR FOUND ENT HA/DR5.1 WIN T1 ESS 12M B;21021356;;REW TSPP STOR FOUND ENT HA/DR5.1 WIN T1 ESS 12M B;REW TSPP STOR FOUND ENT HA/DR5.1 WIN T1 ESS 12M B;REW TSPP STOR FOUND ENT HA/DR5.1 WIN T1 ESS 12M B;REW TSPP STOR FOUND ENT HA/DR5.1 WIN T1 ESS 12M B;;;;79;;
1;3;2094;1;716,2659;582,33;REW TSPP STOR FOUND ENT HA/DR5.1 WIN T1 ESS 12M D;21021357;;REW TSPP STOR FOUND ENT HA/DR5.1 WIN T1 ESS 12M D;REW TSPP STOR FOUND ENT HA/DR5.1 WIN T1 ESS 12M D;REW TSPP STOR FOUND ENT HA/DR5.1 WIN T1 ESS 12M D;REW TSPP STOR FOUND ENT HA/DR5.1 WIN T1 ESS 12M D;;;;79;;
1;3;2094;1;697,41;567;REW TSPP STOR FOUND ENT HA/DR5.1 WIN T1 ESS 12M E;21021358;;REW TSPP STOR FOUND ENT HA/DR5.1 WIN T1 ESS 12M E;REW TSPP STOR FOUND ENT HA/DR5.1 WIN T1 ESS 12M E;REW TSPP STOR FOUND ENT HA/DR5.1 WIN T1 ESS 12M E;REW TSPP STOR FOUND ENT HA/DR5.1 WIN T1 ESS 12M E;;;;79;;
1;3;2094;1;938,7852;763,24;SF ENT HA/DR5.1WIN TIER 2 BAS REW BAND-A;21021359;;SF ENT HA/DR5.1WIN TIER 2 BAS REW BAND-A;SF ENT HA/DR5.1WIN TIER 2 BAS REW BAND-A;SF ENT HA/DR5.1WIN TIER 2 BAS REW BAND-A;SF ENT HA/DR5.1WIN TIER 2 BAS REW BAND-A;;;;79;;
1;3;2094;1;1199,5698;975,26;SF ENT HA/DR5.1WIN TIER 2 ESS REW BAND-B;21021360;;SF ENT HA/DR5.1WIN TIER 2 ESS REW BAND-B;SF ENT HA/DR5.1WIN TIER 2 ESS REW BAND-B;SF ENT HA/DR5.1WIN TIER 2 ESS REW BAND-B;SF ENT HA/DR5.1WIN TIER 2 ESS REW BAND-B;;;;79;;
1;3;2094;1;3746,2725;3045,75;REW SF ENT HA/DR 5.1 WIN CPU T2 STD LIC D;21021361;;REW SF ENT HA/DR 5.1 WIN CPU T2 STD LIC D;REW SF ENT HA/DR 5.1 WIN CPU T2 STD LIC D;REW SF ENT HA/DR 5.1 WIN CPU T2 STD LIC D;REW SF ENT HA/DR 5.1 WIN CPU T2 STD LIC D;;;;79;;
1;3;2094;1;891,8607;725,09;SF ENT HA/DR5.1WIN TIER 2 BAS REW BAND-C;21021363;;SF ENT HA/DR5.1WIN TIER 2 BAS REW BAND-C;SF ENT HA/DR5.1WIN TIER 2 BAS REW BAND-C;SF ENT HA/DR5.1WIN TIER 2 BAS REW BAND-C;SF ENT HA/DR5.1WIN TIER 2 BAS REW BAND-C;;;;79;;
1;3;2094;1;938,7852;763,24;SF ENT HA/DR5.1WIN TIER 2 BAS GOV BAND-S;21021364;;SF ENT HA/DR5.1WIN TIER 2 BAS GOV BAND-S;SF ENT HA/DR5.1WIN TIER 2 BAS GOV BAND-S;SF ENT HA/DR5.1WIN TIER 2 BAS GOV BAND-S;SF ENT HA/DR5.1WIN TIER 2 BAS GOV BAND-S;;;;79;;
1;3;2094;1;938,7852;763,24;AE SF ENT HA/DR 5.1 WIN PER CPU T2 BAS S;21021365;;AE SF ENT HA/DR 5.1 WIN PER CPU T2 BAS S;AE SF ENT HA/DR 5.1 WIN PER CPU T2 BAS S;AE SF ENT HA/DR 5.1 WIN PER CPU T2 BAS S;AE SF ENT HA/DR 5.1 WIN PER CPU T2 BAS S;;;;79;;
1;3;2094;1;1112,5596;904,52;SF ENT HA/DR5.1WIN TIER 3 BAS REW BAND-D;21021370;;SF ENT HA/DR5.1WIN TIER 3 BAS REW BAND-D;SF ENT HA/DR5.1WIN TIER 3 BAS REW BAND-D;SF ENT HA/DR5.1WIN TIER 3 BAS REW BAND-D;SF ENT HA/DR5.1WIN TIER 3 BAS REW BAND-D;;;;79;;
1;3;2094;1;1171,1199;952,13;SF ENT HA/DR5.1WIN TIER 3 BAS EXP BAND-S;21021371;;SF ENT HA/DR5.1WIN TIER 3 BAS EXP BAND-S;SF ENT HA/DR5.1WIN TIER 3 BAS EXP BAND-S;SF ENT HA/DR5.1WIN TIER 3 BAS EXP BAND-S;SF ENT HA/DR5.1WIN TIER 3 BAS EXP BAND-S;;;;79;;
1;3;2094;1;1496,4303;1216,61;SF ENT HA/DR5.1WIN TIER 3 ESS GOV BAND-S;21021372;;SF ENT HA/DR5.1WIN TIER 3 ESS GOV BAND-S;SF ENT HA/DR5.1WIN TIER 3 ESS GOV BAND-S;SF ENT HA/DR5.1WIN TIER 3 ESS GOV BAND-S;SF ENT HA/DR5.1WIN TIER 3 ESS GOV BAND-S;;;;79;;
1;3;2094;1;674,3229;548,23;REW TSPP STOR FOUND ENT HA/DR5.1 WIN T2 BAS 12M D;21021373;;REW TSPP STOR FOUND ENT HA/DR5.1 WIN T2 BAS 12M D;REW TSPP STOR FOUND ENT HA/DR5.1 WIN T2 BAS 12M D;REW TSPP STOR FOUND ENT HA/DR5.1 WIN T2 BAS 12M D;REW TSPP STOR FOUND ENT HA/DR5.1 WIN T2 BAS 12M D;;;;79;;
1;3;2094;1;861,6273;700,51;REW TSPP STOR FOUND ENT HA/DR5.1 WIN T2 ESS 12M C;21021376;;REW TSPP STOR FOUND ENT HA/DR5.1 WIN T2 ESS 12M C;REW TSPP STOR FOUND ENT HA/DR5.1 WIN T2 ESS 12M C;REW TSPP STOR FOUND ENT HA/DR5.1 WIN T2 ESS 12M C;REW TSPP STOR FOUND ENT HA/DR5.1 WIN T2 ESS 12M C;;;;79;;
1;3;2094;1;906,9897;737,39;AE TSPP STOR FOUND ENT HA/DR5.1 WIN T2 ESS 12M S;21021377;;AE TSPP STOR FOUND ENT HA/DR5.1 WIN T2 ESS 12M S;AE TSPP STOR FOUND ENT HA/DR5.1 WIN T2 ESS 12M S;AE TSPP STOR FOUND ENT HA/DR5.1 WIN T2 ESS 12M S;AE TSPP STOR FOUND ENT HA/DR5.1 WIN T2 ESS 12M S;;;;79;;
1;3;2094;1;4919,3112;3999,44;EXP SF ENT HA/DR 5.1 WIN CPU T3 STD LIC S;21021378;;EXP SF ENT HA/DR 5.1 WIN CPU T3 STD LIC S;EXP SF ENT HA/DR 5.1 WIN CPU T3 STD LIC S;EXP SF ENT HA/DR 5.1 WIN CPU T3 STD LIC S;EXP SF ENT HA/DR 5.1 WIN CPU T3 STD LIC S;;;;79;;
1;3;2094;1;1496,4303;1216,61;SF ENT HA/DR5.1WIN TIER 3 ESS REW BAND-B;21021379;;SF ENT HA/DR5.1WIN TIER 3 ESS REW BAND-B;SF ENT HA/DR5.1WIN TIER 3 ESS REW BAND-B;SF ENT HA/DR5.1WIN TIER 3 ESS REW BAND-B;SF ENT HA/DR5.1WIN TIER 3 ESS REW BAND-B;;;;79;;
1;3;2094;1;841,2093;683,91;REW TSPP STOR FOUND ENT HA/DR5.1 WIN T3 BAS 12M D;21021380;;REW TSPP STOR FOUND ENT HA/DR5.1 WIN T3 BAS 12M D;REW TSPP STOR FOUND ENT HA/DR5.1 WIN T3 BAS 12M D;REW TSPP STOR FOUND ENT HA/DR5.1 WIN T3 BAS 12M D;REW TSPP STOR FOUND ENT HA/DR5.1 WIN T3 BAS 12M D;;;;79;;
1;3;2094;1;938,7852;763,24;SF ENT HA/DR5.1WIN TIER 2 BAS EXP BAND-S;21021384;;SF ENT HA/DR5.1WIN TIER 2 BAS EXP BAND-S;SF ENT HA/DR5.1WIN TIER 2 BAS EXP BAND-S;SF ENT HA/DR5.1WIN TIER 2 BAS EXP BAND-S;SF ENT HA/DR5.1WIN TIER 2 BAS EXP BAND-S;;;;79;;
1;3;2094;1;1199,5698;975,26;SF ENT HA/DR5.1WIN TIER 2 ESS GOV BAND-S;21021385;;SF ENT HA/DR5.1WIN TIER 2 ESS GOV BAND-S;SF ENT HA/DR5.1WIN TIER 2 ESS GOV BAND-S;SF ENT HA/DR5.1WIN TIER 2 ESS GOV BAND-S;SF ENT HA/DR5.1WIN TIER 2 ESS GOV BAND-S;;;;79;;
1;3;2094;1;841,2093;683,91;REW TSPP STOR FOUND ENT HA/DR5.1 WIN T3 BAS 12M C;21021390;;REW TSPP STOR FOUND ENT HA/DR5.1 WIN T3 BAS 12M C;REW TSPP STOR FOUND ENT HA/DR5.1 WIN T3 BAS 12M C;REW TSPP STOR FOUND ENT HA/DR5.1 WIN T3 BAS 12M C;REW TSPP STOR FOUND ENT HA/DR5.1 WIN T3 BAS 12M C;;;;79;;
1;3;2094;1;885,4647;719,89;GOV TSPP STOR FOUND ENT HA/DR5.1 WIN T3 BAS 12M S;21021391;;GOV TSPP STOR FOUND ENT HA/DR5.1 WIN T3 BAS 12M S;GOV TSPP STOR FOUND ENT HA/DR5.1 WIN T3 BAS 12M S;GOV TSPP STOR FOUND ENT HA/DR5.1 WIN T3 BAS 12M S;GOV TSPP STOR FOUND ENT HA/DR5.1 WIN T3 BAS 12M S;;;;79;;
1;3;2094;1;885,4647;719,89;AE TSPP STOR FOUND ENT HA/DR5.1 WIN T3 BAS 12M S;21021392;;AE TSPP STOR FOUND ENT HA/DR5.1 WIN T3 BAS 12M S;AE TSPP STOR FOUND ENT HA/DR5.1 WIN T3 BAS 12M S;AE TSPP STOR FOUND ENT HA/DR5.1 WIN T3 BAS 12M S;AE TSPP STOR FOUND ENT HA/DR5.1 WIN T3 BAS 12M S;;;;79;;
1;3;2094;1;1046,5824;850,88;REW TSPP STOR FOUND ENT HA/DR5.1 WIN T3 ESS 12M E;21021394;;REW TSPP STOR FOUND ENT HA/DR5.1 WIN T3 ESS 12M E;REW TSPP STOR FOUND ENT HA/DR5.1 WIN T3 ESS 12M E;REW TSPP STOR FOUND ENT HA/DR5.1 WIN T3 ESS 12M E;REW TSPP STOR FOUND ENT HA/DR5.1 WIN T3 ESS 12M E;;;;79;;
1;3;2094;1;1131,4524;919,88;EXP TSPP STOR FOUND ENT HA/DR5.1 WIN T3 ESS 12M S;21021395;;EXP TSPP STOR FOUND ENT HA/DR5.1 WIN T3 ESS 12M S;EXP TSPP STOR FOUND ENT HA/DR5.1 WIN T3 ESS 12M S;EXP TSPP STOR FOUND ENT HA/DR5.1 WIN T3 ESS 12M S;EXP TSPP STOR FOUND ENT HA/DR5.1 WIN T3 ESS 12M S;;;;79;;
1;3;2094;1;741,3825;602,75;SF ENT HA/DR5.1WIN TIER 1 BAS REW BAND-D;21021396;;SF ENT HA/DR5.1WIN TIER 1 BAS REW BAND-D;SF ENT HA/DR5.1WIN TIER 1 BAS REW BAND-D;SF ENT HA/DR5.1WIN TIER 1 BAS REW BAND-D;SF ENT HA/DR5.1WIN TIER 1 BAS REW BAND-D;;;;79;;
1;3;2094;1;780,3858;634,46;SF ENT HA/DR5.1WIN TIER 1 BAS GOV BAND-S;21021398;;SF ENT HA/DR5.1WIN TIER 1 BAS GOV BAND-S;SF ENT HA/DR5.1WIN TIER 1 BAS GOV BAND-S;SF ENT HA/DR5.1WIN TIER 1 BAS GOV BAND-S;SF ENT HA/DR5.1WIN TIER 1 BAS GOV BAND-S;;;;79;;
1;3;2094;1;885,4647;719,89;EXP TSPP STOR FOUND ENT HA/DR5.1 WIN T3 BAS 12M S;21021399;;EXP TSPP STOR FOUND ENT HA/DR5.1 WIN T3 BAS 12M S;EXP TSPP STOR FOUND ENT HA/DR5.1 WIN T3 BAS 12M S;EXP TSPP STOR FOUND ENT HA/DR5.1 WIN T3 BAS 12M S;EXP TSPP STOR FOUND ENT HA/DR5.1 WIN T3 BAS 12M S;;;;79;;
1;3;2094;1;1131,4524;919,88;GOV TSPP STOR FOUND ENT HA/DR5.1 WIN T3 ESS 12M S;21021404;;GOV TSPP STOR FOUND ENT HA/DR5.1 WIN T3 ESS 12M S;GOV TSPP STOR FOUND ENT HA/DR5.1 WIN T3 ESS 12M S;GOV TSPP STOR FOUND ENT HA/DR5.1 WIN T3 ESS 12M S;GOV TSPP STOR FOUND ENT HA/DR5.1 WIN T3 ESS 12M S;;;;79;;
1;3;2094;1;3278,0607;2665,09;REW SF ENT HA/DR 5.1 WIN CPU T1 STD LIC A;21021405;;REW SF ENT HA/DR 5.1 WIN CPU T1 STD LIC A;REW SF ENT HA/DR 5.1 WIN CPU T1 STD LIC A;REW SF ENT HA/DR 5.1 WIN CPU T1 STD LIC A;REW SF ENT HA/DR 5.1 WIN CPU T1 STD LIC A;;;;79;;
1;3;2094;1;3114,1755;2531,85;REW SF ENT HA/DR 5.1 WIN CPU T1 STD LIC D;21021406;;REW SF ENT HA/DR 5.1 WIN CPU T1 STD LIC D;REW SF ENT HA/DR 5.1 WIN CPU T1 STD LIC D;REW SF ENT HA/DR 5.1 WIN CPU T1 STD LIC D;REW SF ENT HA/DR 5.1 WIN CPU T1 STD LIC D;;;;79;;
1;3;2094;1;780,3858;634,46;SF ENT HA/DR5.1WIN TIER 1 BAS REW BAND-B;21021407;;SF ENT HA/DR5.1WIN TIER 1 BAS REW BAND-B;SF ENT HA/DR5.1WIN TIER 1 BAS REW BAND-B;SF ENT HA/DR5.1WIN TIER 1 BAS REW BAND-B;SF ENT HA/DR5.1WIN TIER 1 BAS REW BAND-B;;;;79;;
1;3;2094;1;3032,2206;2465,22;REW SF ENT HA/DR 5.1 WIN CPU T1 STD LIC E;21021408;;REW SF ENT HA/DR 5.1 WIN CPU T1 STD LIC E;REW SF ENT HA/DR 5.1 WIN CPU T1 STD LIC E;REW SF ENT HA/DR 5.1 WIN CPU T1 STD LIC E;REW SF ENT HA/DR 5.1 WIN CPU T1 STD LIC E;;;;79;;
1;3;2094;1;780,3858;634,46;SF ENT HA/DR5.1WIN TIER 1 BAS REW BAND-A;21021409;;SF ENT HA/DR5.1WIN TIER 1 BAS REW BAND-A;SF ENT HA/DR5.1WIN TIER 1 BAS REW BAND-A;SF ENT HA/DR5.1WIN TIER 1 BAS REW BAND-A;SF ENT HA/DR5.1WIN TIER 1 BAS REW BAND-A;;;;79;;
1;3;2094;1;721,8624;586,88;SF ENT HA/DR5.1WIN TIER 1 BAS REW BAND-E;21021410;;SF ENT HA/DR5.1WIN TIER 1 BAS REW BAND-E;SF ENT HA/DR5.1WIN TIER 1 BAS REW BAND-E;SF ENT HA/DR5.1WIN TIER 1 BAS REW BAND-E;SF ENT HA/DR5.1WIN TIER 1 BAS REW BAND-E;;;;79;;
1;3;2094;1;780,3858;634,46;SF ENT HA/DR5.1WIN TIER 1 BAS EXP BAND-S;21021411;;SF ENT HA/DR5.1WIN TIER 1 BAS EXP BAND-S;SF ENT HA/DR5.1WIN TIER 1 BAS EXP BAND-S;SF ENT HA/DR5.1WIN TIER 1 BAS EXP BAND-S;SF ENT HA/DR5.1WIN TIER 1 BAS EXP BAND-S;;;;79;;
1;3;2094;1;997,1733;810,71;SF ENT HA/DR5.1WIN TIER 1 ESS EXP BAND-S;21021412;;SF ENT HA/DR5.1WIN TIER 1 ESS EXP BAND-S;SF ENT HA/DR5.1WIN TIER 1 ESS EXP BAND-S;SF ENT HA/DR5.1WIN TIER 1 ESS EXP BAND-S;SF ENT HA/DR5.1WIN TIER 1 ESS EXP BAND-S;;;;79;;
1;3;2094;1;560,5602;455,74;REW TSPP STOR FOUND ENT HA/DR5.1 WIN T1 BAS 12M C;21021413;;REW TSPP STOR FOUND ENT HA/DR5.1 WIN T1 BAS 12M C;REW TSPP STOR FOUND ENT HA/DR5.1 WIN T1 BAS 12M C;REW TSPP STOR FOUND ENT HA/DR5.1 WIN T1 BAS 12M C;REW TSPP STOR FOUND ENT HA/DR5.1 WIN T1 BAS 12M C;;;;79;;
1;3;2094;1;753,9531;612,97;GOV TSPP STOR FOUND ENT HA/DR5.1 WIN T1 ESS 12M S;21021415;;GOV TSPP STOR FOUND ENT HA/DR5.1 WIN T1 ESS 12M S;GOV TSPP STOR FOUND ENT HA/DR5.1 WIN T1 ESS 12M S;GOV TSPP STOR FOUND ENT HA/DR5.1 WIN T1 ESS 12M S;GOV TSPP STOR FOUND ENT HA/DR5.1 WIN T1 ESS 12M S;;;;79;;
1;3;2094;1;3943,4292;3206,04;REW SF ENT HA/DR 5.1 WIN CPU T2 STD LIC A;21021416;;REW SF ENT HA/DR 5.1 WIN CPU T2 STD LIC A;REW SF ENT HA/DR 5.1 WIN CPU T2 STD LIC A;REW SF ENT HA/DR 5.1 WIN CPU T2 STD LIC A;REW SF ENT HA/DR 5.1 WIN CPU T2 STD LIC A;;;;79;;
1;3;2094;1;3943,4292;3206,04;EXP SF ENT HA/DR 5.1 WIN CPU T2 STD LIC S;21021417;;EXP SF ENT HA/DR 5.1 WIN CPU T2 STD LIC S;EXP SF ENT HA/DR 5.1 WIN CPU T2 STD LIC S;EXP SF ENT HA/DR 5.1 WIN CPU T2 STD LIC S;EXP SF ENT HA/DR 5.1 WIN CPU T2 STD LIC S;;;;79;;
1;3;2094;1;3943,4292;3206,04;AE SF ENT HA/DR 5.1 WIN PER CPU T2 STD LIC S;21021418;;AE SF ENT HA/DR 5.1 WIN PER CPU T2 STD LIC S;AE SF ENT HA/DR 5.1 WIN PER CPU T2 STD LIC S;AE SF ENT HA/DR 5.1 WIN PER CPU T2 STD LIC S;AE SF ENT HA/DR 5.1 WIN PER CPU T2 STD LIC S;;;;79;;
1;3;2094;1;906,9897;737,39;EXP TSPP STOR FOUND ENT HA/DR5.1 WIN T2 ESS 12M S;21021423;;EXP TSPP STOR FOUND ENT HA/DR5.1 WIN T2 ESS 12M S;EXP TSPP STOR FOUND ENT HA/DR5.1 WIN T2 ESS 12M S;EXP TSPP STOR FOUND ENT HA/DR5.1 WIN T2 ESS 12M S;EXP TSPP STOR FOUND ENT HA/DR5.1 WIN T2 ESS 12M S;;;;79;;
1;3;2094;1;780,3858;634,46;AE SF ENT HA/DR 5.1 WIN PER CPU T1 BAS S;21021424;;AE SF ENT HA/DR 5.1 WIN PER CPU T1 BAS S;AE SF ENT HA/DR 5.1 WIN PER CPU T1 BAS S;AE SF ENT HA/DR 5.1 WIN PER CPU T1 BAS S;AE SF ENT HA/DR 5.1 WIN PER CPU T1 BAS S;;;;79;;
1;3;2094;1;997,1733;810,71;SF ENT HA/DR5.1WIN TIER 1 ESS GOV BAND-S;21021426;;SF ENT HA/DR5.1WIN TIER 1 ESS GOV BAND-S;SF ENT HA/DR5.1WIN TIER 1 ESS GOV BAND-S;SF ENT HA/DR5.1WIN TIER 1 ESS GOV BAND-S;SF ENT HA/DR5.1WIN TIER 1 ESS GOV BAND-S;;;;79;;
1;3;2094;1;3943,4292;3206,04;GOV SF ENT HA/DR 5.1 WIN CPU T2 STD LIC S;21021432;;GOV SF ENT HA/DR 5.1 WIN CPU T2 STD LIC S;GOV SF ENT HA/DR 5.1 WIN CPU T2 STD LIC S;GOV SF ENT HA/DR 5.1 WIN CPU T2 STD LIC S;GOV SF ENT HA/DR 5.1 WIN CPU T2 STD LIC S;;;;79;;
1;3;2094;1;938,7852;763,24;SF ENT HA/DR5.1WIN TIER 2 BAS REW BAND-B;21021433;;SF ENT HA/DR5.1WIN TIER 2 BAS REW BAND-B;SF ENT HA/DR5.1WIN TIER 2 BAS REW BAND-B;SF ENT HA/DR5.1WIN TIER 2 BAS REW BAND-B;SF ENT HA/DR5.1WIN TIER 2 BAS REW BAND-B;;;;79;;
1;3;2094;1;1199,5698;975,26;SF ENT HA/DR5.1WIN TIER 2 ESS REW BAND-A;21021434;;SF ENT HA/DR5.1WIN TIER 2 ESS REW BAND-A;SF ENT HA/DR5.1WIN TIER 2 ESS REW BAND-A;SF ENT HA/DR5.1WIN TIER 2 ESS REW BAND-A;SF ENT HA/DR5.1WIN TIER 2 ESS REW BAND-A;;;;79;;
1;3;2094;1;922,377;749,9;SF ENT HA/DR5.1WIN TIER 1 ESS REW BAND-E;21021435;;SF ENT HA/DR5.1WIN TIER 1 ESS REW BAND-E;SF ENT HA/DR5.1WIN TIER 1 ESS REW BAND-E;SF ENT HA/DR5.1WIN TIER 1 ESS REW BAND-E;SF ENT HA/DR5.1WIN TIER 1 ESS REW BAND-E;;;;79;;
1;3;2094;1;545,8002;443,74;REW TSPP STOR FOUND ENT HA/DR5.1 WIN T1 BAS 12M E;21021436;;REW TSPP STOR FOUND ENT HA/DR5.1 WIN T1 BAS 12M E;REW TSPP STOR FOUND ENT HA/DR5.1 WIN T1 BAS 12M E;REW TSPP STOR FOUND ENT HA/DR5.1 WIN T1 BAS 12M E;REW TSPP STOR FOUND ENT HA/DR5.1 WIN T1 BAS 12M E;;;;79;;
1;3;2094;1;753,9531;612,97;EXP TSPP STOR FOUND ENT HA/DR5.1 WIN T1 ESS 12M S;21021438;;EXP TSPP STOR FOUND ENT HA/DR5.1 WIN T1 ESS 12M S;EXP TSPP STOR FOUND ENT HA/DR5.1 WIN T1 ESS 12M S;EXP TSPP STOR FOUND ENT HA/DR5.1 WIN T1 ESS 12M S;EXP TSPP STOR FOUND ENT HA/DR5.1 WIN T1 ESS 12M S;;;;79;;
1;3;2094;1;3943,4292;3206,04;REW SF ENT HA/DR 5.1 WIN CPU T2 STD LIC B;21021439;;REW SF ENT HA/DR 5.1 WIN CPU T2 STD LIC B;REW SF ENT HA/DR 5.1 WIN CPU T2 STD LIC B;REW SF ENT HA/DR 5.1 WIN CPU T2 STD LIC B;REW SF ENT HA/DR 5.1 WIN CPU T2 STD LIC B;;;;79;;
1;3;2094;1;3746,2725;3045,75;REW SF ENT HA/DR 5.1 WIN CPU T2 STD LIC C;21021440;;REW SF ENT HA/DR 5.1 WIN CPU T2 STD LIC C;REW SF ENT HA/DR 5.1 WIN CPU T2 STD LIC C;REW SF ENT HA/DR 5.1 WIN CPU T2 STD LIC C;REW SF ENT HA/DR 5.1 WIN CPU T2 STD LIC C;;;;79;;
1;3;2094;1;709,8207;577,09;REW TSPP STOR FOUND ENT HA/DR5.1 WIN T2 BAS 12M B;21021442;;REW TSPP STOR FOUND ENT HA/DR5.1 WIN T2 BAS 12M B;REW TSPP STOR FOUND ENT HA/DR5.1 WIN T2 BAS 12M B;REW TSPP STOR FOUND ENT HA/DR5.1 WIN T2 BAS 12M B;REW TSPP STOR FOUND ENT HA/DR5.1 WIN T2 BAS 12M B;;;;79;;
1;3;2094;1;838,9707;682,09;REW TSPP STOR FOUND ENT HA/DR5.1 WIN T2 ESS 12M E;21021443;;REW TSPP STOR FOUND ENT HA/DR5.1 WIN T2 ESS 12M E;REW TSPP STOR FOUND ENT HA/DR5.1 WIN T2 ESS 12M E;REW TSPP STOR FOUND ENT HA/DR5.1 WIN T2 ESS 12M E;REW TSPP STOR FOUND ENT HA/DR5.1 WIN T2 ESS 12M E;;;;79;;
1;3;2094;1;1083,2856;880,72;SF ENT HA/DR5.1WIN TIER 3 BAS REW BAND-E;21021444;;SF ENT HA/DR5.1WIN TIER 3 BAS REW BAND-E;SF ENT HA/DR5.1WIN TIER 3 BAS REW BAND-E;SF ENT HA/DR5.1WIN TIER 3 BAS REW BAND-E;SF ENT HA/DR5.1WIN TIER 3 BAS REW BAND-E;;;;79;;
1;3;2094;1;709,8207;577,09;EXP TSPP STOR FOUND ENT HA/DR5.1 WIN T2 BAS 12M S;21021446;;EXP TSPP STOR FOUND ENT HA/DR5.1 WIN T2 BAS 12M S;EXP TSPP STOR FOUND ENT HA/DR5.1 WIN T2 BAS 12M S;EXP TSPP STOR FOUND ENT HA/DR5.1 WIN T2 BAS 12M S;EXP TSPP STOR FOUND ENT HA/DR5.1 WIN T2 BAS 12M S;;;;79;;
1;3;2094;1;906,9897;737,39;REW TSPP STOR FOUND ENT HA/DR5.1 WIN T2 ESS 12M A;21021449;;REW TSPP STOR FOUND ENT HA/DR5.1 WIN T2 ESS 12M A;REW TSPP STOR FOUND ENT HA/DR5.1 WIN T2 ESS 12M A;REW TSPP STOR FOUND ENT HA/DR5.1 WIN T2 ESS 12M A;REW TSPP STOR FOUND ENT HA/DR5.1 WIN T2 ESS 12M A;;;;79;;
1;3;2094;1;861,6273;700,51;REW TSPP STOR FOUND ENT HA/DR5.1 WIN T2 ESS 12M D;21021450;;REW TSPP STOR FOUND ENT HA/DR5.1 WIN T2 ESS 12M D;REW TSPP STOR FOUND ENT HA/DR5.1 WIN T2 ESS 12M D;REW TSPP STOR FOUND ENT HA/DR5.1 WIN T2 ESS 12M D;REW TSPP STOR FOUND ENT HA/DR5.1 WIN T2 ESS 12M D;;;;79;;
1;3;2094;1;885,4647;719,89;REW TSPP STOR FOUND ENT HA/DR5.1 WIN T3 BAS 12M A;21021451;;REW TSPP STOR FOUND ENT HA/DR5.1 WIN T3 BAS 12M A;REW TSPP STOR FOUND ENT HA/DR5.1 WIN T3 BAS 12M A;REW TSPP STOR FOUND ENT HA/DR5.1 WIN T3 BAS 12M A;REW TSPP STOR FOUND ENT HA/DR5.1 WIN T3 BAS 12M A;;;;79;;
1;3;2094;1;1131,4524;919,88;REW TSPP STOR FOUND ENT HA/DR5.1 WIN T3 ESS 12M B;21021456;;REW TSPP STOR FOUND ENT HA/DR5.1 WIN T3 ESS 12M B;REW TSPP STOR FOUND ENT HA/DR5.1 WIN T3 ESS 12M B;REW TSPP STOR FOUND ENT HA/DR5.1 WIN T3 ESS 12M B;REW TSPP STOR FOUND ENT HA/DR5.1 WIN T3 ESS 12M B;;;;79;;
1;3;2094;1;4919,3112;3999,44;AE SF ENT HA/DR 5.1 WIN PER CPU T3 STD LIC S;21021457;;AE SF ENT HA/DR 5.1 WIN PER CPU T3 STD LIC S;AE SF ENT HA/DR 5.1 WIN PER CPU T3 STD LIC S;AE SF ENT HA/DR 5.1 WIN PER CPU T3 STD LIC S;AE SF ENT HA/DR 5.1 WIN PER CPU T3 STD LIC S;;;;79;;
1;3;2094;1;1171,1199;952,13;SF ENT HA/DR5.1WIN TIER 3 BAS REW BAND-A;21021458;;SF ENT HA/DR5.1WIN TIER 3 BAS REW BAND-A;SF ENT HA/DR5.1WIN TIER 3 BAS REW BAND-A;SF ENT HA/DR5.1WIN TIER 3 BAS REW BAND-A;SF ENT HA/DR5.1WIN TIER 3 BAS REW BAND-A;;;;79;;
1;3;2094;1;1139,595;926,5;SF ENT HA/DR5.1WIN TIER 2 ESS REW BAND-C;21021459;;SF ENT HA/DR5.1WIN TIER 2 ESS REW BAND-C;SF ENT HA/DR5.1WIN TIER 2 ESS REW BAND-C;SF ENT HA/DR5.1WIN TIER 2 ESS REW BAND-C;SF ENT HA/DR5.1WIN TIER 2 ESS REW BAND-C;;;;79;;
1;3;2094;1;1199,5698;975,26;AE SF ENT HA/DR 5.1 WIN PER CPU T2 ESS S;21021460;;AE SF ENT HA/DR 5.1 WIN PER CPU T2 ESS S;AE SF ENT HA/DR 5.1 WIN PER CPU T2 ESS S;AE SF ENT HA/DR 5.1 WIN PER CPU T2 ESS S;AE SF ENT HA/DR 5.1 WIN PER CPU T2 ESS S;;;;79;;
1;3;2094;1;709,8207;577,09;AE TSPP STOR FOUND ENT HA/DR5.1 WIN T2 BAS 12M S;21021461;;AE TSPP STOR FOUND ENT HA/DR5.1 WIN T2 BAS 12M S;AE TSPP STOR FOUND ENT HA/DR5.1 WIN T2 BAS 12M S;AE TSPP STOR FOUND ENT HA/DR5.1 WIN T2 BAS 12M S;AE TSPP STOR FOUND ENT HA/DR5.1 WIN T2 BAS 12M S;;;;79;;
1;3;2094;1;906,9897;737,39;REW TSPP STOR FOUND ENT HA/DR5.1 WIN T2 ESS 12M B;21021465;;REW TSPP STOR FOUND ENT HA/DR5.1 WIN T2 ESS 12M B;REW TSPP STOR FOUND ENT HA/DR5.1 WIN T2 ESS 12M B;REW TSPP STOR FOUND ENT HA/DR5.1 WIN T2 ESS 12M B;REW TSPP STOR FOUND ENT HA/DR5.1 WIN T2 ESS 12M B;;;;79;;
1;3;2094;1;4550,3727;3699,49;REW SF ENT HA/DR 5.1 WIN CPU T3 STD LIC E;21021466;;REW SF ENT HA/DR 5.1 WIN CPU T3 STD LIC E;REW SF ENT HA/DR 5.1 WIN CPU T3 STD LIC E;REW SF ENT HA/DR 5.1 WIN CPU T3 STD LIC E;REW SF ENT HA/DR 5.1 WIN CPU T3 STD LIC E;;;;79;;
1;3;2094;1;1171,1199;952,13;SF ENT HA/DR5.1WIN TIER 3 BAS GOV BAND-S;21021467;;SF ENT HA/DR5.1WIN TIER 3 BAS GOV BAND-S;SF ENT HA/DR5.1WIN TIER 3 BAS GOV BAND-S;SF ENT HA/DR5.1WIN TIER 3 BAS GOV BAND-S;SF ENT HA/DR5.1WIN TIER 3 BAS GOV BAND-S;;;;79;;
1;3;2094;1;1496,4303;1216,61;SF ENT HA/DR5.1WIN TIER 3 ESS REW BAND-A;21021468;;SF ENT HA/DR5.1WIN TIER 3 ESS REW BAND-A;SF ENT HA/DR5.1WIN TIER 3 ESS REW BAND-A;SF ENT HA/DR5.1WIN TIER 3 ESS REW BAND-A;SF ENT HA/DR5.1WIN TIER 3 ESS REW BAND-A;;;;79;;
1;3;2094;1;1384,1928;1125,36;SF ENT HA/DR5.1WIN TIER 3 ESS REW BAND-E;21021469;;SF ENT HA/DR5.1WIN TIER 3 ESS REW BAND-E;SF ENT HA/DR5.1WIN TIER 3 ESS REW BAND-E;SF ENT HA/DR5.1WIN TIER 3 ESS REW BAND-E;SF ENT HA/DR5.1WIN TIER 3 ESS REW BAND-E;;;;79;;
1;3;2094;1;741,3825;602,75;SF ENT HA/DR5.1WIN TIER 1 BAS REW BAND-C;21021470;;SF ENT HA/DR5.1WIN TIER 1 BAS REW BAND-C;SF ENT HA/DR5.1WIN TIER 1 BAS REW BAND-C;SF ENT HA/DR5.1WIN TIER 1 BAS REW BAND-C;SF ENT HA/DR5.1WIN TIER 1 BAS REW BAND-C;;;;79;;
1;3;2094;1;997,1733;810,71;SF ENT HA/DR5.1WIN TIER 1 ESS REW BAND-B;21021471;;SF ENT HA/DR5.1WIN TIER 1 ESS REW BAND-B;SF ENT HA/DR5.1WIN TIER 1 ESS REW BAND-B;SF ENT HA/DR5.1WIN TIER 1 ESS REW BAND-B;SF ENT HA/DR5.1WIN TIER 1 ESS REW BAND-B;;;;79;;
1;3;2094;1;947,3091;770,17;SF ENT HA/DR5.1WIN TIER 1 ESS REW BAND-D;21021472;;SF ENT HA/DR5.1WIN TIER 1 ESS REW BAND-D;SF ENT HA/DR5.1WIN TIER 1 ESS REW BAND-D;SF ENT HA/DR5.1WIN TIER 1 ESS REW BAND-D;SF ENT HA/DR5.1WIN TIER 1 ESS REW BAND-D;;;;79;;
1;3;2094;1;590,0433;479,71;REW TSPP STOR FOUND ENT HA/DR5.1 WIN T1 BAS 12M B;21021473;;REW TSPP STOR FOUND ENT HA/DR5.1 WIN T1 BAS 12M B;REW TSPP STOR FOUND ENT HA/DR5.1 WIN T1 BAS 12M B;REW TSPP STOR FOUND ENT HA/DR5.1 WIN T1 BAS 12M B;REW TSPP STOR FOUND ENT HA/DR5.1 WIN T1 BAS 12M B;;;;79;;
1;3;2094;1;560,5602;455,74;REW TSPP STOR FOUND ENT HA/DR5.1 WIN T1 BAS 12M D;21021474;;REW TSPP STOR FOUND ENT HA/DR5.1 WIN T1 BAS 12M D;REW TSPP STOR FOUND ENT HA/DR5.1 WIN T1 BAS 12M D;REW TSPP STOR FOUND ENT HA/DR5.1 WIN T1 BAS 12M D;REW TSPP STOR FOUND ENT HA/DR5.1 WIN T1 BAS 12M D;;;;79;;
1;3;2094;1;590,0433;479,71;AE TSPP STOR FOUND ENT HA/DR5.1 WIN T1 BAS 12M S;21021475;;AE TSPP STOR FOUND ENT HA/DR5.1 WIN T1 BAS 12M S;AE TSPP STOR FOUND ENT HA/DR5.1 WIN T1 BAS 12M S;AE TSPP STOR FOUND ENT HA/DR5.1 WIN T1 BAS 12M S;AE TSPP STOR FOUND ENT HA/DR5.1 WIN T1 BAS 12M S;;;;79;;
1;3;2094;1;3647,688;2965,6;REW SF ENT HA/DR 5.1 WIN CPU T2 STD LIC E;21021479;;REW SF ENT HA/DR 5.1 WIN CPU T2 STD LIC E;REW SF ENT HA/DR 5.1 WIN CPU T2 STD LIC E;REW SF ENT HA/DR 5.1 WIN CPU T2 STD LIC E;REW SF ENT HA/DR 5.1 WIN CPU T2 STD LIC E;;;;79;;
1;3;2094;1;868,3677;705,99;SF ENT HA/DR5.1WIN TIER 2 BAS REW BAND-E;21021480;;SF ENT HA/DR5.1WIN TIER 2 BAS REW BAND-E;SF ENT HA/DR5.1WIN TIER 2 BAS REW BAND-E;SF ENT HA/DR5.1WIN TIER 2 BAS REW BAND-E;SF ENT HA/DR5.1WIN TIER 2 BAS REW BAND-E;;;;79;;
1;3;2094;1;1074,8724;873,88;REW TSPP STOR FOUND ENT HA/DR5.1 WIN T3 ESS 12M C;21021482;;REW TSPP STOR FOUND ENT HA/DR5.1 WIN T3 ESS 12M C;REW TSPP STOR FOUND ENT HA/DR5.1 WIN T3 ESS 12M C;REW TSPP STOR FOUND ENT HA/DR5.1 WIN T3 ESS 12M C;REW TSPP STOR FOUND ENT HA/DR5.1 WIN T3 ESS 12M C;;;;79;;
1;3;2094;1;3278,0607;2665,09;REW SF ENT HA/DR 5.1 WIN CPU T1 STD LIC B;21021483;;REW SF ENT HA/DR 5.1 WIN CPU T1 STD LIC B;REW SF ENT HA/DR 5.1 WIN CPU T1 STD LIC B;REW SF ENT HA/DR 5.1 WIN CPU T1 STD LIC B;REW SF ENT HA/DR 5.1 WIN CPU T1 STD LIC B;;;;79;;
1;3;2094;1;3114,1755;2531,85;REW SF ENT HA/DR 5.1 WIN CPU T1 STD LIC C;21021484;;REW SF ENT HA/DR 5.1 WIN CPU T1 STD LIC C;REW SF ENT HA/DR 5.1 WIN CPU T1 STD LIC C;REW SF ENT HA/DR 5.1 WIN CPU T1 STD LIC C;REW SF ENT HA/DR 5.1 WIN CPU T1 STD LIC C;;;;79;;
1;3;2094;1;3278,0607;2665,09;EXP SF ENT HA/DR 5.1 WIN CPU T1 STD LIC S;21021486;;EXP SF ENT HA/DR 5.1 WIN CPU T1 STD LIC S;EXP SF ENT HA/DR 5.1 WIN CPU T1 STD LIC S;EXP SF ENT HA/DR 5.1 WIN CPU T1 STD LIC S;EXP SF ENT HA/DR 5.1 WIN CPU T1 STD LIC S;;;;79;;
1;3;2094;1;753,9531;612,97;REW TSPP STOR FOUND ENT HA/DR5.1 WIN T1 ESS 12M A;21021491;;REW TSPP STOR FOUND ENT HA/DR5.1 WIN T1 ESS 12M A;REW TSPP STOR FOUND ENT HA/DR5.1 WIN T1 ESS 12M A;REW TSPP STOR FOUND ENT HA/DR5.1 WIN T1 ESS 12M A;REW TSPP STOR FOUND ENT HA/DR5.1 WIN T1 ESS 12M A;;;;79;;
1;3;2094;1;1139,595;926,5;SF ENT HA/DR5.1WIN TIER 2 ESS REW BAND-D;21021492;;SF ENT HA/DR5.1WIN TIER 2 ESS REW BAND-D;SF ENT HA/DR5.1WIN TIER 2 ESS REW BAND-D;SF ENT HA/DR5.1WIN TIER 2 ESS REW BAND-D;SF ENT HA/DR5.1WIN TIER 2 ESS REW BAND-D;;;;79;;
1;3;2094;1;674,3229;548,23;REW TSPP STOR FOUND ENT HA/DR5.1 WIN T2 BAS 12M C;21021493;;REW TSPP STOR FOUND ENT HA/DR5.1 WIN T2 BAS 12M C;REW TSPP STOR FOUND ENT HA/DR5.1 WIN T2 BAS 12M C;REW TSPP STOR FOUND ENT HA/DR5.1 WIN T2 BAS 12M C;REW TSPP STOR FOUND ENT HA/DR5.1 WIN T2 BAS 12M C;;;;79;;
1;3;2094;1;906,9897;737,39;GOV TSPP STOR FOUND ENT HA/DR5.1 WIN T2 ESS 12M S;21021496;;GOV TSPP STOR FOUND ENT HA/DR5.1 WIN T2 ESS 12M S;GOV TSPP STOR FOUND ENT HA/DR5.1 WIN T2 ESS 12M S;GOV TSPP STOR FOUND ENT HA/DR5.1 WIN T2 ESS 12M S;GOV TSPP STOR FOUND ENT HA/DR5.1 WIN T2 ESS 12M S;;;;79;;
1;3;2094;1;4673,3604;3799,48;REW SF ENT HA/DR 5.1 WIN CPU T3 STD LIC D;21021497;;REW SF ENT HA/DR 5.1 WIN CPU T3 STD LIC D;REW SF ENT HA/DR 5.1 WIN CPU T3 STD LIC D;REW SF ENT HA/DR 5.1 WIN CPU T3 STD LIC D;REW SF ENT HA/DR 5.1 WIN CPU T3 STD LIC D;;;;79;;
1;3;2094;1;1421,6094;1155,78;SF ENT HA/DR5.1WIN TIER 3 ESS REW BAND-C;21021499;;SF ENT HA/DR5.1WIN TIER 3 ESS REW BAND-C;SF ENT HA/DR5.1WIN TIER 3 ESS REW BAND-C;SF ENT HA/DR5.1WIN TIER 3 ESS REW BAND-C;SF ENT HA/DR5.1WIN TIER 3 ESS REW BAND-C;;;;79;;
1;3;2094;1;1074,8724;873,88;REW TSPP STOR FOUND ENT HA/DR5.1 WIN T3 ESS 12M D;21021505;;REW TSPP STOR FOUND ENT HA/DR5.1 WIN T3 ESS 12M D;REW TSPP STOR FOUND ENT HA/DR5.1 WIN T3 ESS 12M D;REW TSPP STOR FOUND ENT HA/DR5.1 WIN T3 ESS 12M D;REW TSPP STOR FOUND ENT HA/DR5.1 WIN T3 ESS 12M D;;;;79;;
1;3;2094;1;997,1733;810,71;AE SF ENT HA/DR 5.1 WIN PER CPU T1 ESS S;21021508;;AE SF ENT HA/DR 5.1 WIN PER CPU T1 ESS S;AE SF ENT HA/DR 5.1 WIN PER CPU T1 ESS S;AE SF ENT HA/DR 5.1 WIN PER CPU T1 ESS S;AE SF ENT HA/DR 5.1 WIN PER CPU T1 ESS S;;;;79;;
1;3;2094;1;590,0433;479,71;GOV TSPP STOR FOUND ENT HA/DR5.1 WIN T1 BAS 12M S;21021509;;GOV TSPP STOR FOUND ENT HA/DR5.1 WIN T1 BAS 12M S;GOV TSPP STOR FOUND ENT HA/DR5.1 WIN T1 BAS 12M S;GOV TSPP STOR FOUND ENT HA/DR5.1 WIN T1 BAS 12M S;GOV TSPP STOR FOUND ENT HA/DR5.1 WIN T1 BAS 12M S;;;;79;;
1;3;2094;1;716,2659;582,33;REW TSPP STOR FOUND ENT HA/DR5.1 WIN T1 ESS 12M C;21021510;;REW TSPP STOR FOUND ENT HA/DR5.1 WIN T1 ESS 12M C;REW TSPP STOR FOUND ENT HA/DR5.1 WIN T1 ESS 12M C;REW TSPP STOR FOUND ENT HA/DR5.1 WIN T1 ESS 12M C;REW TSPP STOR FOUND ENT HA/DR5.1 WIN T1 ESS 12M C;;;;79;;
1;3;2094;1;891,8607;725,09;SF ENT HA/DR5.1WIN TIER 2 BAS REW BAND-D;21021512;;SF ENT HA/DR5.1WIN TIER 2 BAS REW BAND-D;SF ENT HA/DR5.1WIN TIER 2 BAS REW BAND-D;SF ENT HA/DR5.1WIN TIER 2 BAS REW BAND-D;SF ENT HA/DR5.1WIN TIER 2 BAS REW BAND-D;;;;79;;
1;3;2094;1;1109,5953;902,11;SF ENT HA/DR5.1WIN TIER 2 ESS REW BAND-E;21021514;;SF ENT HA/DR5.1WIN TIER 2 ESS REW BAND-E;SF ENT HA/DR5.1WIN TIER 2 ESS REW BAND-E;SF ENT HA/DR5.1WIN TIER 2 ESS REW BAND-E;SF ENT HA/DR5.1WIN TIER 2 ESS REW BAND-E;;;;79;;
1;3;2094;1;1199,5698;975,26;SF ENT HA/DR5.1WIN TIER 2 ESS EXP BAND-S;21021516;;SF ENT HA/DR5.1WIN TIER 2 ESS EXP BAND-S;SF ENT HA/DR5.1WIN TIER 2 ESS EXP BAND-S;SF ENT HA/DR5.1WIN TIER 2 ESS EXP BAND-S;SF ENT HA/DR5.1WIN TIER 2 ESS EXP BAND-S;;;;79;;
1;3;2094;1;709,8207;577,09;REW TSPP STOR FOUND ENT HA/DR5.1 WIN T2 BAS 12M A;21021517;;REW TSPP STOR FOUND ENT HA/DR5.1 WIN T2 BAS 12M A;REW TSPP STOR FOUND ENT HA/DR5.1 WIN T2 BAS 12M A;REW TSPP STOR FOUND ENT HA/DR5.1 WIN T2 BAS 12M A;REW TSPP STOR FOUND ENT HA/DR5.1 WIN T2 BAS 12M A;;;;79;;
1;3;2094;1;656,5863;533,81;REW TSPP STOR FOUND ENT HA/DR5.1 WIN T2 BAS 12M E;21021518;;REW TSPP STOR FOUND ENT HA/DR5.1 WIN T2 BAS 12M E;REW TSPP STOR FOUND ENT HA/DR5.1 WIN T2 BAS 12M E;REW TSPP STOR FOUND ENT HA/DR5.1 WIN T2 BAS 12M E;REW TSPP STOR FOUND ENT HA/DR5.1 WIN T2 BAS 12M E;;;;79;;
1;3;2094;1;709,8207;577,09;GOV TSPP STOR FOUND ENT HA/DR5.1 WIN T2 BAS 12M S;21021519;;GOV TSPP STOR FOUND ENT HA/DR5.1 WIN T2 BAS 12M S;GOV TSPP STOR FOUND ENT HA/DR5.1 WIN T2 BAS 12M S;GOV TSPP STOR FOUND ENT HA/DR5.1 WIN T2 BAS 12M S;GOV TSPP STOR FOUND ENT HA/DR5.1 WIN T2 BAS 12M S;;;;79;;
1;3;2094;1;1171,1199;952,13;AE SF ENT HA/DR 5.1 WIN PER CPU T3 BAS S;21021521;;AE SF ENT HA/DR 5.1 WIN PER CPU T3 BAS S;AE SF ENT HA/DR 5.1 WIN PER CPU T3 BAS S;AE SF ENT HA/DR 5.1 WIN PER CPU T3 BAS S;AE SF ENT HA/DR 5.1 WIN PER CPU T3 BAS S;;;;79;;
1;3;2094;1;1421,6094;1155,78;SF ENT HA/DR5.1WIN TIER 3 ESS REW BAND-D;21021522;;SF ENT HA/DR5.1WIN TIER 3 ESS REW BAND-D;SF ENT HA/DR5.1WIN TIER 3 ESS REW BAND-D;SF ENT HA/DR5.1WIN TIER 3 ESS REW BAND-D;SF ENT HA/DR5.1WIN TIER 3 ESS REW BAND-D;;;;79;;
1;3;2094;1;1496,4303;1216,61;SF ENT HA/DR5.1WIN TIER 3 ESS EXP BAND-S;21021523;;SF ENT HA/DR5.1WIN TIER 3 ESS EXP BAND-S;SF ENT HA/DR5.1WIN TIER 3 ESS EXP BAND-S;SF ENT HA/DR5.1WIN TIER 3 ESS EXP BAND-S;SF ENT HA/DR5.1WIN TIER 3 ESS EXP BAND-S;;;;79;;
1;3;2094;1;1496,4303;1216,61;AE SF ENT HA/DR 5.1 WIN PER CPU T3 ESS S;21021524;;AE SF ENT HA/DR 5.1 WIN PER CPU T3 ESS S;AE SF ENT HA/DR 5.1 WIN PER CPU T3 ESS S;AE SF ENT HA/DR 5.1 WIN PER CPU T3 ESS S;AE SF ENT HA/DR 5.1 WIN PER CPU T3 ESS S;;;;79;;
1;3;2094;1;885,4647;719,89;REW TSPP STOR FOUND ENT HA/DR5.1 WIN T3 BAS 12M B;21021525;;REW TSPP STOR FOUND ENT HA/DR5.1 WIN T3 BAS 12M B;REW TSPP STOR FOUND ENT HA/DR5.1 WIN T3 BAS 12M B;REW TSPP STOR FOUND ENT HA/DR5.1 WIN T3 BAS 12M B;REW TSPP STOR FOUND ENT HA/DR5.1 WIN T3 BAS 12M B;;;;79;;
1;3;2094;1;819,0693;665,91;REW TSPP STOR FOUND ENT HA/DR5.1 WIN T3 BAS 12M E;21021526;;REW TSPP STOR FOUND ENT HA/DR5.1 WIN T3 BAS 12M E;REW TSPP STOR FOUND ENT HA/DR5.1 WIN T3 BAS 12M E;REW TSPP STOR FOUND ENT HA/DR5.1 WIN T3 BAS 12M E;REW TSPP STOR FOUND ENT HA/DR5.1 WIN T3 BAS 12M E;;;;79;;
1;3;2094;1;4919,3112;3999,44;REW SF ENT HA/DR 5.1 WIN CPU T3 STD LIC A;21021534;;REW SF ENT HA/DR 5.1 WIN CPU T3 STD LIC A;REW SF ENT HA/DR 5.1 WIN CPU T3 STD LIC A;REW SF ENT HA/DR 5.1 WIN CPU T3 STD LIC A;REW SF ENT HA/DR 5.1 WIN CPU T3 STD LIC A;;;;79;;
1;3;2094;1;4919,3112;3999,44;REW SF ENT HA/DR 5.1 WIN CPU T3 STD LIC B;21021535;;REW SF ENT HA/DR 5.1 WIN CPU T3 STD LIC B;REW SF ENT HA/DR 5.1 WIN CPU T3 STD LIC B;REW SF ENT HA/DR 5.1 WIN CPU T3 STD LIC B;REW SF ENT HA/DR 5.1 WIN CPU T3 STD LIC B;;;;79;;
1;3;2094;1;4673,3604;3799,48;REW SF ENT HA/DR 5.1 WIN CPU T3 STD LIC C;21021536;;REW SF ENT HA/DR 5.1 WIN CPU T3 STD LIC C;REW SF ENT HA/DR 5.1 WIN CPU T3 STD LIC C;REW SF ENT HA/DR 5.1 WIN CPU T3 STD LIC C;REW SF ENT HA/DR 5.1 WIN CPU T3 STD LIC C;;;;79;;
1;3;2094;1;549,9084;447,08;REW TSPP STOR FOUND HA 5.1 WIN CPU T2 ESS 12M A;21021540;;REW TSPP STOR FOUND HA 5.1 WIN CPU T2 ESS 12M A;REW TSPP STOR FOUND HA 5.1 WIN CPU T2 ESS 12M A;REW TSPP STOR FOUND HA 5.1 WIN CPU T2 ESS 12M A;REW TSPP STOR FOUND HA 5.1 WIN CPU T2 ESS 12M A;;;;79;;
1;3;2094;1;549,9084;447,08;GOV TSPP STOR FOUND HA 5.1 WIN CPU T2 ESS 12M S;21021541;;GOV TSPP STOR FOUND HA 5.1 WIN CPU T2 ESS 12M S;GOV TSPP STOR FOUND HA 5.1 WIN CPU T2 ESS 12M S;GOV TSPP STOR FOUND HA 5.1 WIN CPU T2 ESS 12M S;GOV TSPP STOR FOUND HA 5.1 WIN CPU T2 ESS 12M S;;;;79;;
1;3;2094;1;2967,5595;2412,65;SF HA5.1WINPCPU TIER3 STD LIC REW BAND-B;21021542;;SF HA5.1WINPCPU TIER3 STD LIC REW BAND-B;SF HA5.1WINPCPU TIER3 STD LIC REW BAND-B;SF HA5.1WINPCPU TIER3 STD LIC REW BAND-B;SF HA5.1WINPCPU TIER3 STD LIC REW BAND-B;;;;79;;
1;3;2094;1;902,7093;733,91;SF HA 5.1 WINPCPU TIER3 ESS ACD BAND-S;21021544;;SF HA 5.1 WINPCPU TIER3 ESS ACD BAND-S;SF HA 5.1 WINPCPU TIER3 ESS ACD BAND-S;SF HA 5.1 WINPCPU TIER3 ESS ACD BAND-S;SF HA 5.1 WINPCPU TIER3 ESS ACD BAND-S;;;;79;;
1;3;2094;1;507,4488;412,56;REW TSPP STOR FOUND HA 5.1 WIN CPU T3 BAS 12M D;21021545;;REW TSPP STOR FOUND HA 5.1 WIN CPU T3 BAS 12M D;REW TSPP STOR FOUND HA 5.1 WIN CPU T3 BAS 12M D;REW TSPP STOR FOUND HA 5.1 WIN CPU T3 BAS 12M D;REW TSPP STOR FOUND HA 5.1 WIN CPU T3 BAS 12M D;;;;79;;
1;3;2094;1;534,1521;434,27;GOV TSPP STOR FOUND HA 5.1 WIN CPU T3 BAS 12M S;21021546;;GOV TSPP STOR FOUND HA 5.1 WIN CPU T3 BAS 12M S;GOV TSPP STOR FOUND HA 5.1 WIN CPU T3 BAS 12M S;GOV TSPP STOR FOUND HA 5.1 WIN CPU T3 BAS 12M S;GOV TSPP STOR FOUND HA 5.1 WIN CPU T3 BAS 12M S;;;;79;;
1;3;2094;1;569,1825;462,75;SF HA 5.1 WINPCPU TIER2 BAS GOV BAND-S;21021549;;SF HA 5.1 WINPCPU TIER2 BAS GOV BAND-S;SF HA 5.1 WINPCPU TIER2 BAS GOV BAND-S;SF HA 5.1 WINPCPU TIER2 BAS GOV BAND-S;SF HA 5.1 WINPCPU TIER2 BAS GOV BAND-S;;;;79;;
1;3;2094;1;727,299;591,3;SF HA 5.1 WINPCPU TIER2 ESS REW BAND-B;21021550;;SF HA 5.1 WINPCPU TIER2 ESS REW BAND-B;SF HA 5.1 WINPCPU TIER2 ESS REW BAND-B;SF HA 5.1 WINPCPU TIER2 ESS REW BAND-B;SF HA 5.1 WINPCPU TIER2 ESS REW BAND-B;;;;79;;
1;3;2094;1;430,3647;349,89;AE TSPP STOR FOUND HA 5.1 WIN PER CPU T2 BAS 12M S;21021551;;AE TSPP STOR FOUND HA 5.1 WIN PER CPU T2 BAS 12M S;AE TSPP STOR FOUND HA 5.1 WIN PER CPU T2 BAS 12M S;AE TSPP STOR FOUND HA 5.1 WIN PER CPU T2 BAS 12M S;AE TSPP STOR FOUND HA 5.1 WIN PER CPU T2 BAS 12M S;;;;79;;
1;3;2094;1;508,6542;413,54;REW TSPP STOR FOUND HA 5.1 WIN CPU T2 ESS 12M E;21021555;;REW TSPP STOR FOUND HA 5.1 WIN CPU T2 ESS 12M E;REW TSPP STOR FOUND HA 5.1 WIN CPU T2 ESS 12M E;REW TSPP STOR FOUND HA 5.1 WIN CPU T2 ESS 12M E;REW TSPP STOR FOUND HA 5.1 WIN CPU T2 ESS 12M E;;;;79;;
1;3;2094;1;2967,5595;2412,65;SF HA5.1WINPCPU TIER3 STD LIC REW BAND-A;21021556;;SF HA5.1WINPCPU TIER3 STD LIC REW BAND-A;SF HA5.1WINPCPU TIER3 STD LIC REW BAND-A;SF HA5.1WINPCPU TIER3 STD LIC REW BAND-A;SF HA5.1WINPCPU TIER3 STD LIC REW BAND-A;;;;79;;
1;3;2094;1;2745,0033;2231,71;SF HA5.1WINPCPU TIER3 STD LIC REW BAND-E;21021557;;SF HA5.1WINPCPU TIER3 STD LIC REW BAND-E;SF HA5.1WINPCPU TIER3 STD LIC REW BAND-E;SF HA5.1WINPCPU TIER3 STD LIC REW BAND-E;SF HA5.1WINPCPU TIER3 STD LIC REW BAND-E;;;;79;;
1;3;2094;1;2967,5595;2412,65;SF HA5.1WINPCPU TIER3 STD LIC ACD BAND-S;21021558;;SF HA5.1WINPCPU TIER3 STD LIC ACD BAND-S;SF HA5.1WINPCPU TIER3 STD LIC ACD BAND-S;SF HA5.1WINPCPU TIER3 STD LIC ACD BAND-S;SF HA5.1WINPCPU TIER3 STD LIC ACD BAND-S;;;;79;;
1;3;2094;1;902,7093;733,91;SF HA 5.1 WINPCPU TIER3 ESS EXP BAND-S;21021559;;SF HA 5.1 WINPCPU TIER3 ESS EXP BAND-S;SF HA 5.1 WINPCPU TIER3 ESS EXP BAND-S;SF HA 5.1 WINPCPU TIER3 ESS EXP BAND-S;SF HA 5.1 WINPCPU TIER3 ESS EXP BAND-S;;;;79;;
1;3;2094;1;682,5393;554,91;AE TSPP STOR FOUND HA 5.1 WIN PER CPU T3 ESS 12M S;21021561;;AE TSPP STOR FOUND HA 5.1 WIN PER CPU T3 ESS 12M S;AE TSPP STOR FOUND HA 5.1 WIN PER CPU T3 ESS 12M S;AE TSPP STOR FOUND HA 5.1 WIN PER CPU T3 ESS 12M S;AE TSPP STOR FOUND HA 5.1 WIN PER CPU T3 ESS 12M S;;;;79;;
1;3;2094;1;1991,6775;1619,25;SF HA5.1WINPCPU TIER1 STD LIC REW BAND-A;21021562;;SF HA5.1WINPCPU TIER1 STD LIC REW BAND-A;SF HA5.1WINPCPU TIER1 STD LIC REW BAND-A;SF HA5.1WINPCPU TIER1 STD LIC REW BAND-A;SF HA5.1WINPCPU TIER1 STD LIC REW BAND-A;;;;79;;
1;3;2094;1;450,4506;366,22;SF HA 5.1 WINPCPU TIER1 BAS REW BAND-D;21021563;;SF HA 5.1 WINPCPU TIER1 BAS REW BAND-D;SF HA 5.1 WINPCPU TIER1 BAS REW BAND-D;SF HA 5.1 WINPCPU TIER1 BAS REW BAND-D;SF HA 5.1 WINPCPU TIER1 BAS REW BAND-D;;;;79;;
1;3;2094;1;682,5393;554,91;EXP TSPP STOR FOUND HA 5.1 WIN CPU T3 ESS 12M S;21021569;;EXP TSPP STOR FOUND HA 5.1 WIN CPU T3 ESS 12M S;EXP TSPP STOR FOUND HA 5.1 WIN CPU T3 ESS 12M S;EXP TSPP STOR FOUND HA 5.1 WIN CPU T3 ESS 12M S;EXP TSPP STOR FOUND HA 5.1 WIN CPU T3 ESS 12M S;;;;79;;
1;3;2094;1;1991,6775;1619,25;SF HA5.1WINPCPU TIER1 STD LIC ACD BAND-S;21021570;;SF HA5.1WINPCPU TIER1 STD LIC ACD BAND-S;SF HA5.1WINPCPU TIER1 STD LIC ACD BAND-S;SF HA5.1WINPCPU TIER1 STD LIC ACD BAND-S;SF HA5.1WINPCPU TIER1 STD LIC ACD BAND-S;;;;79;;
1;3;2094;1;474,1404;385,48;SF HA 5.1 WINPCPU TIER1 BAS ACD BAND-S;21021571;;SF HA 5.1 WINPCPU TIER1 BAS ACD BAND-S;SF HA 5.1 WINPCPU TIER1 BAS ACD BAND-S;SF HA 5.1 WINPCPU TIER1 BAS ACD BAND-S;SF HA 5.1 WINPCPU TIER1 BAS ACD BAND-S;;;;79;;
1;3;2094;1;575,5539;467,93;SF HA 5.1 WINPCPU TIER1 ESS REW BAND-D;21021572;;SF HA 5.1 WINPCPU TIER1 ESS REW BAND-D;SF HA 5.1 WINPCPU TIER1 ESS REW BAND-D;SF HA 5.1 WINPCPU TIER1 ESS REW BAND-D;SF HA 5.1 WINPCPU TIER1 ESS REW BAND-D;;;;79;;
1;3;2094;1;605,8611;492,57;SF HA 5.1 WINPCPU TIER1 ESS EXP BAND-S;21021573;;SF HA 5.1 WINPCPU TIER1 ESS EXP BAND-S;SF HA 5.1 WINPCPU TIER1 ESS EXP BAND-S;SF HA 5.1 WINPCPU TIER1 ESS EXP BAND-S;SF HA 5.1 WINPCPU TIER1 ESS EXP BAND-S;;;;79;;
1;3;2094;1;358,4958;291,46;AE TSPP STOR FOUND HA 5.1 WIN PER CPU T1 BAS 12M S;21021574;;AE TSPP STOR FOUND HA 5.1 WIN PER CPU T1 BAS 12M S;AE TSPP STOR FOUND HA 5.1 WIN PER CPU T1 BAS 12M S;AE TSPP STOR FOUND HA 5.1 WIN PER CPU T1 BAS 12M S;AE TSPP STOR FOUND HA 5.1 WIN PER CPU T1 BAS 12M S;;;;79;;
1;3;2094;1;438,5934;356,58;SF HA 5.1 WINPCPU TIER1 BAS REW BAND-E;21021576;;SF HA 5.1 WINPCPU TIER1 BAS REW BAND-E;SF HA 5.1 WINPCPU TIER1 BAS REW BAND-E;SF HA 5.1 WINPCPU TIER1 BAS REW BAND-E;SF HA 5.1 WINPCPU TIER1 BAS REW BAND-E;;;;79;;
1;3;2094;1;605,8611;492,57;SF HA 5.1 WINPCPU TIER1 ESS REW BAND-A;21021577;;SF HA 5.1 WINPCPU TIER1 ESS REW BAND-A;SF HA 5.1 WINPCPU TIER1 ESS REW BAND-A;SF HA 5.1 WINPCPU TIER1 ESS REW BAND-A;SF HA 5.1 WINPCPU TIER1 ESS REW BAND-A;;;;79;;
1;3;2094;1;458,0889;372,43;REW TSPP STOR FOUND HA 5.1 WIN CPU T1 ESS 12M B;21021579;;REW TSPP STOR FOUND HA 5.1 WIN CPU T1 ESS 12M B;REW TSPP STOR FOUND HA 5.1 WIN CPU T1 ESS 12M B;REW TSPP STOR FOUND HA 5.1 WIN CPU T1 ESS 12M B;REW TSPP STOR FOUND HA 5.1 WIN CPU T1 ESS 12M B;;;;79;;
1;3;2094;1;2271,3672;1846,64;SF HA5.1WINPCPU TIER2 STD LIC REW BAND-C;21021581;;SF HA5.1WINPCPU TIER2 STD LIC REW BAND-C;SF HA5.1WINPCPU TIER2 STD LIC REW BAND-C;SF HA5.1WINPCPU TIER2 STD LIC REW BAND-C;SF HA5.1WINPCPU TIER2 STD LIC REW BAND-C;;;;79;;
1;3;2094;1;2211,6015;1798,05;SF HA5.1WINPCPU TIER2 STD LIC REW BAND-E;21021582;;SF HA5.1WINPCPU TIER2 STD LIC REW BAND-E;SF HA5.1WINPCPU TIER2 STD LIC REW BAND-E;SF HA5.1WINPCPU TIER2 STD LIC REW BAND-E;SF HA5.1WINPCPU TIER2 STD LIC REW BAND-E;;;;79;;
1;3;2094;1;2390,8986;1943,82;SF HA5.1WINPCPU TIER2 STD LIC ACD BAND-S;21021583;;SF HA5.1WINPCPU TIER2 STD LIC ACD BAND-S;SF HA5.1WINPCPU TIER2 STD LIC ACD BAND-S;SF HA5.1WINPCPU TIER2 STD LIC ACD BAND-S;SF HA5.1WINPCPU TIER2 STD LIC ACD BAND-S;;;;79;;
1;3;2094;1;569,1825;462,75;SF HA 5.1 WINPCPU TIER2 BAS EXP BAND-S;21021584;;SF HA 5.1 WINPCPU TIER2 BAS EXP BAND-S;SF HA 5.1 WINPCPU TIER2 BAS EXP BAND-S;SF HA 5.1 WINPCPU TIER2 BAS EXP BAND-S;SF HA 5.1 WINPCPU TIER2 BAS EXP BAND-S;;;;79;;
1;3;2094;1;727,299;591,3;SF HA 5.1 WINPCPU TIER2 ESS REW BAND-A;21021585;;SF HA 5.1 WINPCPU TIER2 ESS REW BAND-A;SF HA 5.1 WINPCPU TIER2 ESS REW BAND-A;SF HA 5.1 WINPCPU TIER2 ESS REW BAND-A;SF HA 5.1 WINPCPU TIER2 ESS REW BAND-A;;;;79;;
1;3;2094;1;408,8643;332,41;REW TSPP STOR FOUND HA 5.1 WIN CPU T2 BAS 12M C;21021586;;REW TSPP STOR FOUND HA 5.1 WIN CPU T2 BAS 12M C;REW TSPP STOR FOUND HA 5.1 WIN CPU T2 BAS 12M C;REW TSPP STOR FOUND HA 5.1 WIN CPU T2 BAS 12M C;REW TSPP STOR FOUND HA 5.1 WIN CPU T2 BAS 12M C;;;;79;;
1;3;2094;1;549,9084;447,08;REW TSPP STOR FOUND HA 5.1 WIN CPU T2 ESS 12M B;21021592;;REW TSPP STOR FOUND HA 5.1 WIN CPU T2 ESS 12M B;REW TSPP STOR FOUND HA 5.1 WIN CPU T2 ESS 12M B;REW TSPP STOR FOUND HA 5.1 WIN CPU T2 ESS 12M B;REW TSPP STOR FOUND HA 5.1 WIN CPU T2 ESS 12M B;;;;79;;
1;3;2094;1;902,7093;733,91;SF HA 5.1 WINPCPU TIER3 ESS REW BAND-B;21021594;;SF HA 5.1 WINPCPU TIER3 ESS REW BAND-B;SF HA 5.1 WINPCPU TIER3 ESS REW BAND-B;SF HA 5.1 WINPCPU TIER3 ESS REW BAND-B;SF HA 5.1 WINPCPU TIER3 ESS REW BAND-B;;;;79;;
1;3;2094;1;458,0889;372,43;REW TSPP STOR FOUND HA 5.1 WIN CPU T1 ESS 12M A;21021596;;REW TSPP STOR FOUND HA 5.1 WIN CPU T1 ESS 12M A;REW TSPP STOR FOUND HA 5.1 WIN CPU T1 ESS 12M A;REW TSPP STOR FOUND HA 5.1 WIN CPU T1 ESS 12M A;REW TSPP STOR FOUND HA 5.1 WIN CPU T1 ESS 12M A;;;;79;;
1;3;2094;1;435,1863;353,81;REW TSPP STOR FOUND HA 5.1 WIN CPU T1 ESS 12M C;21021597;;REW TSPP STOR FOUND HA 5.1 WIN CPU T1 ESS 12M C;REW TSPP STOR FOUND HA 5.1 WIN CPU T1 ESS 12M C;REW TSPP STOR FOUND HA 5.1 WIN CPU T1 ESS 12M C;REW TSPP STOR FOUND HA 5.1 WIN CPU T1 ESS 12M C;;;;79;;
1;3;2094;1;423,7227;344,49;REW TSPP STOR FOUND HA 5.1 WIN CPU T1 ESS 12M E;21021598;;REW TSPP STOR FOUND HA 5.1 WIN CPU T1 ESS 12M E;REW TSPP STOR FOUND HA 5.1 WIN CPU T1 ESS 12M E;REW TSPP STOR FOUND HA 5.1 WIN CPU T1 ESS 12M E;REW TSPP STOR FOUND HA 5.1 WIN CPU T1 ESS 12M E;;;;79;;
1;3;2094;1;540,7326;439,62;SF HA 5.1 WINPCPU TIER2 BAS REW BAND-D;21021599;;SF HA 5.1 WINPCPU TIER2 BAS REW BAND-D;SF HA 5.1 WINPCPU TIER2 BAS REW BAND-D;SF HA 5.1 WINPCPU TIER2 BAS REW BAND-D;SF HA 5.1 WINPCPU TIER2 BAS REW BAND-D;;;;79;;
1;3;2094;1;569,1825;462,75;SF HA 5.1 WINPCPU TIER2 BAS ACD BAND-S;21021600;;SF HA 5.1 WINPCPU TIER2 BAS ACD BAND-S;SF HA 5.1 WINPCPU TIER2 BAS ACD BAND-S;SF HA 5.1 WINPCPU TIER2 BAS ACD BAND-S;SF HA 5.1 WINPCPU TIER2 BAS ACD BAND-S;;;;79;;
1;3;2094;1;682,5393;554,91;REW TSPP STOR FOUND HA 5.1 WIN CPU T3 ESS 12M A;21021603;;REW TSPP STOR FOUND HA 5.1 WIN CPU T3 ESS 12M A;REW TSPP STOR FOUND HA 5.1 WIN CPU T3 ESS 12M A;REW TSPP STOR FOUND HA 5.1 WIN CPU T3 ESS 12M A;REW TSPP STOR FOUND HA 5.1 WIN CPU T3 ESS 12M A;;;;79;;
1;3;2094;1;1991,6775;1619,25;SF HA5.1WINPCPU TIER1 STD LIC EXP BAND-S;21021604;;SF HA5.1WINPCPU TIER1 STD LIC EXP BAND-S;SF HA5.1WINPCPU TIER1 STD LIC EXP BAND-S;SF HA5.1WINPCPU TIER1 STD LIC EXP BAND-S;SF HA5.1WINPCPU TIER1 STD LIC EXP BAND-S;;;;79;;
1;3;2094;1;358,4958;291,46;REW TSPP STOR FOUND HA 5.1 WIN CPU T1 BAS 12M A;21021605;;REW TSPP STOR FOUND HA 5.1 WIN CPU T1 BAS 12M A;REW TSPP STOR FOUND HA 5.1 WIN CPU T1 BAS 12M A;REW TSPP STOR FOUND HA 5.1 WIN CPU T1 BAS 12M A;REW TSPP STOR FOUND HA 5.1 WIN CPU T1 BAS 12M A;;;;79;;
1;3;2094;1;2390,8986;1943,82;SF HA5.1WINPCPU TIER2 STD LIC EXP BAND-S;21021606;;SF HA5.1WINPCPU TIER2 STD LIC EXP BAND-S;SF HA5.1WINPCPU TIER2 STD LIC EXP BAND-S;SF HA5.1WINPCPU TIER2 STD LIC EXP BAND-S;SF HA5.1WINPCPU TIER2 STD LIC EXP BAND-S;;;;79;;
1;3;2094;1;727,299;591,3;SF HA 5.1 WINPCPU TIER2 ESS ACD BAND-S;21021607;;SF HA 5.1 WINPCPU TIER2 ESS ACD BAND-S;SF HA 5.1 WINPCPU TIER2 ESS ACD BAND-S;SF HA 5.1 WINPCPU TIER2 ESS ACD BAND-S;SF HA 5.1 WINPCPU TIER2 ESS ACD BAND-S;;;;79;;
1;3;2094;1;2819,1846;2292,02;SF HA5.1WINPCPU TIER3 STD LIC REW BAND-C;21021609;;SF HA5.1WINPCPU TIER3 STD LIC REW BAND-C;SF HA5.1WINPCPU TIER3 STD LIC REW BAND-C;SF HA5.1WINPCPU TIER3 STD LIC REW BAND-C;SF HA5.1WINPCPU TIER3 STD LIC REW BAND-C;;;;79;;
1;3;2094;1;671,1495;545,65;SF HA 5.1 WINPCPU TIER3 BAS REW BAND-C;21021610;;SF HA 5.1 WINPCPU TIER3 BAS REW BAND-C;SF HA 5.1 WINPCPU TIER3 BAS REW BAND-C;SF HA 5.1 WINPCPU TIER3 BAS REW BAND-C;SF HA 5.1 WINPCPU TIER3 BAS REW BAND-C;;;;79;;
1;3;2094;1;653,4744;531,28;SF HA 5.1 WINPCPU TIER3 BAS REW BAND-E;21021611;;SF HA 5.1 WINPCPU TIER3 BAS REW BAND-E;SF HA 5.1 WINPCPU TIER3 BAS REW BAND-E;SF HA 5.1 WINPCPU TIER3 BAS REW BAND-E;SF HA 5.1 WINPCPU TIER3 BAS REW BAND-E;;;;79;;
1;3;2094;1;706,4628;574,36;SF HA 5.1 WINPCPU TIER3 BAS ACD BAND-S;21021612;;SF HA 5.1 WINPCPU TIER3 BAS ACD BAND-S;SF HA 5.1 WINPCPU TIER3 BAS ACD BAND-S;SF HA 5.1 WINPCPU TIER3 BAS ACD BAND-S;SF HA 5.1 WINPCPU TIER3 BAS ACD BAND-S;;;;79;;
1;3;2094;1;690,9402;561,74;SF HA 5.1 WINPCPU TIER2 ESS REW BAND-C;21021613;;SF HA 5.1 WINPCPU TIER2 ESS REW BAND-C;SF HA 5.1 WINPCPU TIER2 ESS REW BAND-C;SF HA 5.1 WINPCPU TIER2 ESS REW BAND-C;SF HA 5.1 WINPCPU TIER2 ESS REW BAND-C;;;;79;;
1;3;2094;1;690,9402;561,74;SF HA 5.1 WINPCPU TIER2 ESS REW BAND-D;21021614;;SF HA 5.1 WINPCPU TIER2 ESS REW BAND-D;SF HA 5.1 WINPCPU TIER2 ESS REW BAND-D;SF HA 5.1 WINPCPU TIER2 ESS REW BAND-D;SF HA 5.1 WINPCPU TIER2 ESS REW BAND-D;;;;79;;
1;3;2094;1;727,299;591,3;SF HA 5.1 WINPCPU TIER2 ESS EXP BAND-S;21021616;;SF HA 5.1 WINPCPU TIER2 ESS EXP BAND-S;SF HA 5.1 WINPCPU TIER2 ESS EXP BAND-S;SF HA 5.1 WINPCPU TIER2 ESS EXP BAND-S;SF HA 5.1 WINPCPU TIER2 ESS EXP BAND-S;;;;79;;
1;3;2094;1;430,3647;349,89;REW TSPP STOR FOUND HA 5.1 WIN CPU T2 BAS 12M A;21021617;;REW TSPP STOR FOUND HA 5.1 WIN CPU T2 BAS 12M A;REW TSPP STOR FOUND HA 5.1 WIN CPU T2 BAS 12M A;REW TSPP STOR FOUND HA 5.1 WIN CPU T2 BAS 12M A;REW TSPP STOR FOUND HA 5.1 WIN CPU T2 BAS 12M A;;;;79;;
1;3;2094;1;430,3647;349,89;EXP TSPP STOR FOUND HA 5.1 WIN CPU T2 BAS 12M S;21021618;;EXP TSPP STOR FOUND HA 5.1 WIN CPU T2 BAS 12M S;EXP TSPP STOR FOUND HA 5.1 WIN CPU T2 BAS 12M S;EXP TSPP STOR FOUND HA 5.1 WIN CPU T2 BAS 12M S;EXP TSPP STOR FOUND HA 5.1 WIN CPU T2 BAS 12M S;;;;79;;
1;3;2094;1;682,5393;554,91;REW TSPP STOR FOUND HA 5.1 WIN CPU T3 ESS 12M B;21021621;;REW TSPP STOR FOUND HA 5.1 WIN CPU T3 ESS 12M B;REW TSPP STOR FOUND HA 5.1 WIN CPU T3 ESS 12M B;REW TSPP STOR FOUND HA 5.1 WIN CPU T3 ESS 12M B;REW TSPP STOR FOUND HA 5.1 WIN CPU T3 ESS 12M B;;;;79;;
1;3;2094;1;2819,1846;2292,02;SF HA5.1WINPCPU TIER3 STD LIC REW BAND-D;21021625;;SF HA5.1WINPCPU TIER3 STD LIC REW BAND-D;SF HA5.1WINPCPU TIER3 STD LIC REW BAND-D;SF HA5.1WINPCPU TIER3 STD LIC REW BAND-D;SF HA5.1WINPCPU TIER3 STD LIC REW BAND-D;;;;79;;
1;3;2094;1;706,4628;574,36;SF HA 5.1 WINPCPU TIER3 BAS EXP BAND-S;21021628;;SF HA 5.1 WINPCPU TIER3 BAS EXP BAND-S;SF HA 5.1 WINPCPU TIER3 BAS EXP BAND-S;SF HA 5.1 WINPCPU TIER3 BAS EXP BAND-S;SF HA 5.1 WINPCPU TIER3 BAS EXP BAND-S;;;;79;;
1;3;2094;1;902,7093;733,91;SF HA 5.1 WINPCPU TIER3 ESS REW BAND-A;21021629;;SF HA 5.1 WINPCPU TIER3 ESS REW BAND-A;SF HA 5.1 WINPCPU TIER3 ESS REW BAND-A;SF HA 5.1 WINPCPU TIER3 ESS REW BAND-A;SF HA 5.1 WINPCPU TIER3 ESS REW BAND-A;;;;79;;
1;3;2094;1;857,5683;697,21;SF HA 5.1 WINPCPU TIER3 ESS REW BAND-C;21021630;;SF HA 5.1 WINPCPU TIER3 ESS REW BAND-C;SF HA 5.1 WINPCPU TIER3 ESS REW BAND-C;SF HA 5.1 WINPCPU TIER3 ESS REW BAND-C;SF HA 5.1 WINPCPU TIER3 ESS REW BAND-C;;;;79;;
1;3;2094;1;857,5683;697,21;SF HA 5.1 WINPCPU TIER3 ESS REW BAND-D;21021631;;SF HA 5.1 WINPCPU TIER3 ESS REW BAND-D;SF HA 5.1 WINPCPU TIER3 ESS REW BAND-D;SF HA 5.1 WINPCPU TIER3 ESS REW BAND-D;SF HA 5.1 WINPCPU TIER3 ESS REW BAND-D;;;;79;;
1;3;2094;1;534,1521;434,27;REW TSPP STOR FOUND HA 5.1 WIN CPU T3 BAS 12M A;21021632;;REW TSPP STOR FOUND HA 5.1 WIN CPU T3 BAS 12M A;REW TSPP STOR FOUND HA 5.1 WIN CPU T3 BAS 12M A;REW TSPP STOR FOUND HA 5.1 WIN CPU T3 BAS 12M A;REW TSPP STOR FOUND HA 5.1 WIN CPU T3 BAS 12M A;;;;79;;
1;3;2094;1;1892,0967;1538,29;SF HA5.1WINPCPU TIER1 STD LIC REW BAND-D;21021637;;SF HA5.1WINPCPU TIER1 STD LIC REW BAND-D;SF HA5.1WINPCPU TIER1 STD LIC REW BAND-D;SF HA5.1WINPCPU TIER1 STD LIC REW BAND-D;SF HA5.1WINPCPU TIER1 STD LIC REW BAND-D;;;;79;;
1;3;2094;1;1842,294;1497,8;SF HA5.1WINPCPU TIER1 STD LIC REW BAND-E;21021638;;SF HA5.1WINPCPU TIER1 STD LIC REW BAND-E;SF HA5.1WINPCPU TIER1 STD LIC REW BAND-E;SF HA5.1WINPCPU TIER1 STD LIC REW BAND-E;SF HA5.1WINPCPU TIER1 STD LIC REW BAND-E;;;;79;;
1;3;2094;1;450,4506;366,22;SF HA 5.1 WINPCPU TIER1 BAS REW BAND-C;21021639;;SF HA 5.1 WINPCPU TIER1 BAS REW BAND-C;SF HA 5.1 WINPCPU TIER1 BAS REW BAND-C;SF HA 5.1 WINPCPU TIER1 BAS REW BAND-C;SF HA 5.1 WINPCPU TIER1 BAS REW BAND-C;;;;79;;
1;3;2094;1;474,1404;385,48;SF HA 5.1 WINPCPU TIER1 BAS GOV BAND-S;21021641;;SF HA 5.1 WINPCPU TIER1 BAS GOV BAND-S;SF HA 5.1 WINPCPU TIER1 BAS GOV BAND-S;SF HA 5.1 WINPCPU TIER1 BAS GOV BAND-S;SF HA 5.1 WINPCPU TIER1 BAS GOV BAND-S;;;;79;;
1;3;2094;1;474,1404;385,48;SF HA 5.1 WINPCPU TIER1 BAS EXP BAND-S;21021642;;SF HA 5.1 WINPCPU TIER1 BAS EXP BAND-S;SF HA 5.1 WINPCPU TIER1 BAS EXP BAND-S;SF HA 5.1 WINPCPU TIER1 BAS EXP BAND-S;SF HA 5.1 WINPCPU TIER1 BAS EXP BAND-S;;;;79;;
1;3;2094;1;605,8611;492,57;SF HA 5.1 WINPCPU TIER1 ESS ACD BAND-S;21021643;;SF HA 5.1 WINPCPU TIER1 ESS ACD BAND-S;SF HA 5.1 WINPCPU TIER1 ESS ACD BAND-S;SF HA 5.1 WINPCPU TIER1 ESS ACD BAND-S;SF HA 5.1 WINPCPU TIER1 ESS ACD BAND-S;;;;79;;
1;3;2094;1;358,4958;291,46;GOV TSPP STOR FOUND HA 5.1 WIN CPU T1 BAS 12M S;21021644;;GOV TSPP STOR FOUND HA 5.1 WIN CPU T1 BAS 12M S;GOV TSPP STOR FOUND HA 5.1 WIN CPU T1 BAS 12M S;GOV TSPP STOR FOUND HA 5.1 WIN CPU T1 BAS 12M S;GOV TSPP STOR FOUND HA 5.1 WIN CPU T1 BAS 12M S;;;;79;;
1;3;2094;1;358,4958;291,46;EXP TSPP STOR FOUND HA 5.1 WIN CPU T1 BAS 12M S;21021645;;EXP TSPP STOR FOUND HA 5.1 WIN CPU T1 BAS 12M S;EXP TSPP STOR FOUND HA 5.1 WIN CPU T1 BAS 12M S;EXP TSPP STOR FOUND HA 5.1 WIN CPU T1 BAS 12M S;EXP TSPP STOR FOUND HA 5.1 WIN CPU T1 BAS 12M S;;;;79;;
1;3;2094;1;458,0889;372,43;GOV TSPP STOR FOUND HA 5.1 WIN CPU T1 ESS 12M S;21021649;;GOV TSPP STOR FOUND HA 5.1 WIN CPU T1 ESS 12M S;GOV TSPP STOR FOUND HA 5.1 WIN CPU T1 ESS 12M S;GOV TSPP STOR FOUND HA 5.1 WIN CPU T1 ESS 12M S;GOV TSPP STOR FOUND HA 5.1 WIN CPU T1 ESS 12M S;;;;79;;
1;3;2094;1;2390,8986;1943,82;SF HA5.1WINPCPU TIER2 STD LIC REW BAND-A;21021650;;SF HA5.1WINPCPU TIER2 STD LIC REW BAND-A;SF HA5.1WINPCPU TIER2 STD LIC REW BAND-A;SF HA5.1WINPCPU TIER2 STD LIC REW BAND-A;SF HA5.1WINPCPU TIER2 STD LIC REW BAND-A;;;;79;;
1;3;2094;1;526,4892;428,04;SF HA 5.1 WINPCPU TIER2 BAS REW BAND-E;21021651;;SF HA 5.1 WINPCPU TIER2 BAS REW BAND-E;SF HA 5.1 WINPCPU TIER2 BAS REW BAND-E;SF HA 5.1 WINPCPU TIER2 BAS REW BAND-E;SF HA 5.1 WINPCPU TIER2 BAS REW BAND-E;;;;79;;
1;3;2094;1;672,7485;546,95;SF HA 5.1 WINPCPU TIER2 ESS REW BAND-E;21021653;;SF HA 5.1 WINPCPU TIER2 ESS REW BAND-E;SF HA 5.1 WINPCPU TIER2 ESS REW BAND-E;SF HA 5.1 WINPCPU TIER2 ESS REW BAND-E;SF HA 5.1 WINPCPU TIER2 ESS REW BAND-E;;;;79;;
1;3;2094;1;430,3647;349,89;REW TSPP STOR FOUND HA 5.1 WIN CPU T2 BAS 12M B;21021655;;REW TSPP STOR FOUND HA 5.1 WIN CPU T2 BAS 12M B;REW TSPP STOR FOUND HA 5.1 WIN CPU T2 BAS 12M B;REW TSPP STOR FOUND HA 5.1 WIN CPU T2 BAS 12M B;REW TSPP STOR FOUND HA 5.1 WIN CPU T2 BAS 12M B;;;;79;;
1;3;2094;1;430,3647;349,89;GOV TSPP STOR FOUND HA 5.1 WIN CPU T2 BAS 12M S;21021656;;GOV TSPP STOR FOUND HA 5.1 WIN CPU T2 BAS 12M S;GOV TSPP STOR FOUND HA 5.1 WIN CPU T2 BAS 12M S;GOV TSPP STOR FOUND HA 5.1 WIN CPU T2 BAS 12M S;GOV TSPP STOR FOUND HA 5.1 WIN CPU T2 BAS 12M S;;;;79;;
1;3;2094;1;549,9084;447,08;EXP TSPP STOR FOUND HA 5.1 WIN CPU T2 ESS 12M S;21021661;;EXP TSPP STOR FOUND HA 5.1 WIN CPU T2 ESS 12M S;EXP TSPP STOR FOUND HA 5.1 WIN CPU T2 ESS 12M S;EXP TSPP STOR FOUND HA 5.1 WIN CPU T2 ESS 12M S;EXP TSPP STOR FOUND HA 5.1 WIN CPU T2 ESS 12M S;;;;79;;
1;3;2094;1;2967,5595;2412,65;SF HA5.1WINPCPU TIER3 STD LIC GOV BAND-S;21021662;;SF HA5.1WINPCPU TIER3 STD LIC GOV BAND-S;SF HA5.1WINPCPU TIER3 STD LIC GOV BAND-S;SF HA5.1WINPCPU TIER3 STD LIC GOV BAND-S;SF HA5.1WINPCPU TIER3 STD LIC GOV BAND-S;;;;79;;
1;3;2094;1;706,4628;574,36;SF HA 5.1 WINPCPU TIER3 BAS REW BAND-B;21021663;;SF HA 5.1 WINPCPU TIER3 BAS REW BAND-B;SF HA 5.1 WINPCPU TIER3 BAS REW BAND-B;SF HA 5.1 WINPCPU TIER3 BAS REW BAND-B;SF HA 5.1 WINPCPU TIER3 BAS REW BAND-B;;;;79;;
1;3;2094;1;671,1495;545,65;SF HA 5.1 WINPCPU TIER3 BAS REW BAND-D;21021664;;SF HA 5.1 WINPCPU TIER3 BAS REW BAND-D;SF HA 5.1 WINPCPU TIER3 BAS REW BAND-D;SF HA 5.1 WINPCPU TIER3 BAS REW BAND-D;SF HA 5.1 WINPCPU TIER3 BAS REW BAND-D;;;;79;;
1;3;2094;1;834,9978;678,86;SF HA 5.1 WINPCPU TIER3 ESS REW BAND-E;21021665;;SF HA 5.1 WINPCPU TIER3 ESS REW BAND-E;SF HA 5.1 WINPCPU TIER3 ESS REW BAND-E;SF HA 5.1 WINPCPU TIER3 ESS REW BAND-E;SF HA 5.1 WINPCPU TIER3 ESS REW BAND-E;;;;79;;
1;3;2094;1;902,7093;733,91;SF HA 5.1 WINPCPU TIER3 ESS GOV BAND-S;21021667;;SF HA 5.1 WINPCPU TIER3 ESS GOV BAND-S;SF HA 5.1 WINPCPU TIER3 ESS GOV BAND-S;SF HA 5.1 WINPCPU TIER3 ESS GOV BAND-S;SF HA 5.1 WINPCPU TIER3 ESS GOV BAND-S;;;;79;;
1;3;2094;1;534,1521;434,27;REW TSPP STOR FOUND HA 5.1 WIN CPU T3 BAS 12M B;21021668;;REW TSPP STOR FOUND HA 5.1 WIN CPU T3 BAS 12M B;REW TSPP STOR FOUND HA 5.1 WIN CPU T3 BAS 12M B;REW TSPP STOR FOUND HA 5.1 WIN CPU T3 BAS 12M B;REW TSPP STOR FOUND HA 5.1 WIN CPU T3 BAS 12M B;;;;79;;
1;3;2094;1;494,091;401,7;REW TSPP STOR FOUND HA 5.1 WIN CPU T3 BAS 12M E;21021669;;REW TSPP STOR FOUND HA 5.1 WIN CPU T3 BAS 12M E;REW TSPP STOR FOUND HA 5.1 WIN CPU T3 BAS 12M E;REW TSPP STOR FOUND HA 5.1 WIN CPU T3 BAS 12M E;REW TSPP STOR FOUND HA 5.1 WIN CPU T3 BAS 12M E;;;;79;;
1;3;2094;1;682,5393;554,91;GOV TSPP STOR FOUND HA 5.1 WIN CPU T3 ESS 12M S;21021674;;GOV TSPP STOR FOUND HA 5.1 WIN CPU T3 ESS 12M S;GOV TSPP STOR FOUND HA 5.1 WIN CPU T3 ESS 12M S;GOV TSPP STOR FOUND HA 5.1 WIN CPU T3 ESS 12M S;GOV TSPP STOR FOUND HA 5.1 WIN CPU T3 ESS 12M S;;;;79;;
1;3;2094;1;575,5539;467,93;SF HA 5.1 WINPCPU TIER1 ESS REW BAND-C;21021675;;SF HA 5.1 WINPCPU TIER1 ESS REW BAND-C;SF HA 5.1 WINPCPU TIER1 ESS REW BAND-C;SF HA 5.1 WINPCPU TIER1 ESS REW BAND-C;SF HA 5.1 WINPCPU TIER1 ESS REW BAND-C;;;;79;;
1;3;2094;1;560,4249;455,63;SF HA 5.1 WINPCPU TIER1 ESS REW BAND-E;21021676;;SF HA 5.1 WINPCPU TIER1 ESS REW BAND-E;SF HA 5.1 WINPCPU TIER1 ESS REW BAND-E;SF HA 5.1 WINPCPU TIER1 ESS REW BAND-E;SF HA 5.1 WINPCPU TIER1 ESS REW BAND-E;;;;79;;
1;3;2094;1;435,1863;353,81;REW TSPP STOR FOUND HA 5.1 WIN CPU T1 ESS 12M D;21021679;;REW TSPP STOR FOUND HA 5.1 WIN CPU T1 ESS 12M D;REW TSPP STOR FOUND HA 5.1 WIN CPU T1 ESS 12M D;REW TSPP STOR FOUND HA 5.1 WIN CPU T1 ESS 12M D;REW TSPP STOR FOUND HA 5.1 WIN CPU T1 ESS 12M D;;;;79;;
1;3;2094;1;458,0889;372,43;AE TSPP STOR FOUND HA 5.1 WIN PER CPU T1 ESS 12M S;21021680;;AE TSPP STOR FOUND HA 5.1 WIN PER CPU T1 ESS 12M S;AE TSPP STOR FOUND HA 5.1 WIN PER CPU T1 ESS 12M S;AE TSPP STOR FOUND HA 5.1 WIN PER CPU T1 ESS 12M S;AE TSPP STOR FOUND HA 5.1 WIN PER CPU T1 ESS 12M S;;;;79;;
1;3;2094;1;569,1825;462,75;SF HA 5.1 WINPCPU TIER2 BAS REW BAND-B;21021682;;SF HA 5.1 WINPCPU TIER2 BAS REW BAND-B;SF HA 5.1 WINPCPU TIER2 BAS REW BAND-B;SF HA 5.1 WINPCPU TIER2 BAS REW BAND-B;SF HA 5.1 WINPCPU TIER2 BAS REW BAND-B;;;;79;;
1;3;2094;1;1991,6775;1619,25;SF HA5.1WINPCPU TIER1 STD LIC GOV BAND-S;21021684;;SF HA5.1WINPCPU TIER1 STD LIC GOV BAND-S;SF HA5.1WINPCPU TIER1 STD LIC GOV BAND-S;SF HA5.1WINPCPU TIER1 STD LIC GOV BAND-S;SF HA5.1WINPCPU TIER1 STD LIC GOV BAND-S;;;;79;;
1;3;2094;1;474,1404;385,48;SF HA 5.1 WINPCPU TIER1 BAS REW BAND-A;21021685;;SF HA 5.1 WINPCPU TIER1 BAS REW BAND-A;SF HA 5.1 WINPCPU TIER1 BAS REW BAND-A;SF HA 5.1 WINPCPU TIER1 BAS REW BAND-A;SF HA 5.1 WINPCPU TIER1 BAS REW BAND-A;;;;79;;
1;3;2094;1;605,8611;492,57;SF HA 5.1 WINPCPU TIER1 ESS REW BAND-B;21021687;;SF HA 5.1 WINPCPU TIER1 ESS REW BAND-B;SF HA 5.1 WINPCPU TIER1 ESS REW BAND-B;SF HA 5.1 WINPCPU TIER1 ESS REW BAND-B;SF HA 5.1 WINPCPU TIER1 ESS REW BAND-B;;;;79;;
1;3;2094;1;358,4958;291,46;REW TSPP STOR FOUND HA 5.1 WIN CPU T1 BAS 12M B;21021688;;REW TSPP STOR FOUND HA 5.1 WIN CPU T1 BAS 12M B;REW TSPP STOR FOUND HA 5.1 WIN CPU T1 BAS 12M B;REW TSPP STOR FOUND HA 5.1 WIN CPU T1 BAS 12M B;REW TSPP STOR FOUND HA 5.1 WIN CPU T1 BAS 12M B;;;;79;;
1;3;2094;1;340,587;276,9;REW TSPP STOR FOUND HA 5.1 WIN CPU T1 BAS 12M D;21021689;;REW TSPP STOR FOUND HA 5.1 WIN CPU T1 BAS 12M D;REW TSPP STOR FOUND HA 5.1 WIN CPU T1 BAS 12M D;REW TSPP STOR FOUND HA 5.1 WIN CPU T1 BAS 12M D;REW TSPP STOR FOUND HA 5.1 WIN CPU T1 BAS 12M D;;;;79;;
1;3;2094;1;727,299;591,3;SF HA 5.1 WINPCPU TIER2 ESS GOV BAND-S;21021690;;SF HA 5.1 WINPCPU TIER2 ESS GOV BAND-S;SF HA 5.1 WINPCPU TIER2 ESS GOV BAND-S;SF HA 5.1 WINPCPU TIER2 ESS GOV BAND-S;SF HA 5.1 WINPCPU TIER2 ESS GOV BAND-S;;;;79;;
1;3;2094;1;408,8643;332,41;REW TSPP STOR FOUND HA 5.1 WIN CPU T2 BAS 12M D;21021691;;REW TSPP STOR FOUND HA 5.1 WIN CPU T2 BAS 12M D;REW TSPP STOR FOUND HA 5.1 WIN CPU T2 BAS 12M D;REW TSPP STOR FOUND HA 5.1 WIN CPU T2 BAS 12M D;REW TSPP STOR FOUND HA 5.1 WIN CPU T2 BAS 12M D;;;;79;;
1;3;2094;1;522,4179;424,73;REW TSPP STOR FOUND HA 5.1 WIN CPU T2 ESS 12M C;21021695;;REW TSPP STOR FOUND HA 5.1 WIN CPU T2 ESS 12M C;REW TSPP STOR FOUND HA 5.1 WIN CPU T2 ESS 12M C;REW TSPP STOR FOUND HA 5.1 WIN CPU T2 ESS 12M C;REW TSPP STOR FOUND HA 5.1 WIN CPU T2 ESS 12M C;;;;79;;
1;3;2094;1;549,9084;447,08;AE TSPP STOR FOUND HA 5.1 WIN PER CPU T2 ESS 12M S;21021696;;AE TSPP STOR FOUND HA 5.1 WIN PER CPU T2 ESS 12M S;AE TSPP STOR FOUND HA 5.1 WIN PER CPU T2 ESS 12M S;AE TSPP STOR FOUND HA 5.1 WIN PER CPU T2 ESS 12M S;AE TSPP STOR FOUND HA 5.1 WIN PER CPU T2 ESS 12M S;;;;79;;
1;3;2094;1;2967,5595;2412,65;SF HA5.1WINPCPU TIER3 STD LIC EXP BAND-S;21021697;;SF HA5.1WINPCPU TIER3 STD LIC EXP BAND-S;SF HA5.1WINPCPU TIER3 STD LIC EXP BAND-S;SF HA5.1WINPCPU TIER3 STD LIC EXP BAND-S;SF HA5.1WINPCPU TIER3 STD LIC EXP BAND-S;;;;79;;
1;3;2094;1;706,4628;574,36;SF HA 5.1 WINPCPU TIER3 BAS GOV BAND-S;21021699;;SF HA 5.1 WINPCPU TIER3 BAS GOV BAND-S;SF HA 5.1 WINPCPU TIER3 BAS GOV BAND-S;SF HA 5.1 WINPCPU TIER3 BAS GOV BAND-S;SF HA 5.1 WINPCPU TIER3 BAS GOV BAND-S;;;;79;;
1;3;2094;1;534,1521;434,27;EXP TSPP STOR FOUND HA 5.1 WIN CPU T3 BAS 12M S;21021700;;EXP TSPP STOR FOUND HA 5.1 WIN CPU T3 BAS 12M S;EXP TSPP STOR FOUND HA 5.1 WIN CPU T3 BAS 12M S;EXP TSPP STOR FOUND HA 5.1 WIN CPU T3 BAS 12M S;EXP TSPP STOR FOUND HA 5.1 WIN CPU T3 BAS 12M S;;;;79;;
1;3;2094;1;2390,8986;1943,82;SF HA5.1WINPCPU TIER2 STD LIC REW BAND-B;21021707;;SF HA5.1WINPCPU TIER2 STD LIC REW BAND-B;SF HA5.1WINPCPU TIER2 STD LIC REW BAND-B;SF HA5.1WINPCPU TIER2 STD LIC REW BAND-B;SF HA5.1WINPCPU TIER2 STD LIC REW BAND-B;;;;79;;
1;3;2094;1;2271,3672;1846,64;SF HA5.1WINPCPU TIER2 STD LIC REW BAND-D;21021708;;SF HA5.1WINPCPU TIER2 STD LIC REW BAND-D;SF HA5.1WINPCPU TIER2 STD LIC REW BAND-D;SF HA5.1WINPCPU TIER2 STD LIC REW BAND-D;SF HA5.1WINPCPU TIER2 STD LIC REW BAND-D;;;;79;;
1;3;2094;1;398,1018;323,66;REW TSPP STOR FOUND HA 5.1 WIN CPU T2 BAS 12M E;21021710;;REW TSPP STOR FOUND HA 5.1 WIN CPU T2 BAS 12M E;REW TSPP STOR FOUND HA 5.1 WIN CPU T2 BAS 12M E;REW TSPP STOR FOUND HA 5.1 WIN CPU T2 BAS 12M E;REW TSPP STOR FOUND HA 5.1 WIN CPU T2 BAS 12M E;;;;79;;
1;3;2094;1;648,4191;527,17;REW TSPP STOR FOUND HA 5.1 WIN CPU T3 ESS 12M D;21021712;;REW TSPP STOR FOUND HA 5.1 WIN CPU T3 ESS 12M D;REW TSPP STOR FOUND HA 5.1 WIN CPU T3 ESS 12M D;REW TSPP STOR FOUND HA 5.1 WIN CPU T3 ESS 12M D;REW TSPP STOR FOUND HA 5.1 WIN CPU T3 ESS 12M D;;;;79;;
1;3;2094;1;631,3467;513,29;REW TSPP STOR FOUND HA 5.1 WIN CPU T3 ESS 12M E;21021713;;REW TSPP STOR FOUND HA 5.1 WIN CPU T3 ESS 12M E;REW TSPP STOR FOUND HA 5.1 WIN CPU T3 ESS 12M E;REW TSPP STOR FOUND HA 5.1 WIN CPU T3 ESS 12M E;REW TSPP STOR FOUND HA 5.1 WIN CPU T3 ESS 12M E;;;;79;;
1;3;2094;1;1991,6775;1619,25;SF HA5.1WINPCPU TIER1 STD LIC REW BAND-B;21021714;;SF HA5.1WINPCPU TIER1 STD LIC REW BAND-B;SF HA5.1WINPCPU TIER1 STD LIC REW BAND-B;SF HA5.1WINPCPU TIER1 STD LIC REW BAND-B;SF HA5.1WINPCPU TIER1 STD LIC REW BAND-B;;;;79;;
1;3;2094;1;605,8611;492,57;SF HA 5.1 WINPCPU TIER1 ESS GOV BAND-S;21021717;;SF HA 5.1 WINPCPU TIER1 ESS GOV BAND-S;SF HA 5.1 WINPCPU TIER1 ESS GOV BAND-S;SF HA 5.1 WINPCPU TIER1 ESS GOV BAND-S;SF HA 5.1 WINPCPU TIER1 ESS GOV BAND-S;;;;79;;
1;3;2094;1;340,587;276,9;REW TSPP STOR FOUND HA 5.1 WIN CPU T1 BAS 12M C;21021718;;REW TSPP STOR FOUND HA 5.1 WIN CPU T1 BAS 12M C;REW TSPP STOR FOUND HA 5.1 WIN CPU T1 BAS 12M C;REW TSPP STOR FOUND HA 5.1 WIN CPU T1 BAS 12M C;REW TSPP STOR FOUND HA 5.1 WIN CPU T1 BAS 12M C;;;;79;;
1;3;2094;1;331,6203;269,61;REW TSPP STOR FOUND HA 5.1 WIN CPU T1 BAS 12M E;21021719;;REW TSPP STOR FOUND HA 5.1 WIN CPU T1 BAS 12M E;REW TSPP STOR FOUND HA 5.1 WIN CPU T1 BAS 12M E;REW TSPP STOR FOUND HA 5.1 WIN CPU T1 BAS 12M E;REW TSPP STOR FOUND HA 5.1 WIN CPU T1 BAS 12M E;;;;79;;
1;3;2094;1;522,4179;424,73;REW TSPP STOR FOUND HA 5.1 WIN CPU T2 ESS 12M D;21021725;;REW TSPP STOR FOUND HA 5.1 WIN CPU T2 ESS 12M D;REW TSPP STOR FOUND HA 5.1 WIN CPU T2 ESS 12M D;REW TSPP STOR FOUND HA 5.1 WIN CPU T2 ESS 12M D;REW TSPP STOR FOUND HA 5.1 WIN CPU T2 ESS 12M D;;;;79;;
1;3;2094;1;706,4628;574,36;SF HA 5.1 WINPCPU TIER3 BAS REW BAND-A;21021727;;SF HA 5.1 WINPCPU TIER3 BAS REW BAND-A;SF HA 5.1 WINPCPU TIER3 BAS REW BAND-A;SF HA 5.1 WINPCPU TIER3 BAS REW BAND-A;SF HA 5.1 WINPCPU TIER3 BAS REW BAND-A;;;;79;;
1;3;2094;1;507,4488;412,56;REW TSPP STOR FOUND HA 5.1 WIN CPU T3 BAS 12M C;21021728;;REW TSPP STOR FOUND HA 5.1 WIN CPU T3 BAS 12M C;REW TSPP STOR FOUND HA 5.1 WIN CPU T3 BAS 12M C;REW TSPP STOR FOUND HA 5.1 WIN CPU T3 BAS 12M C;REW TSPP STOR FOUND HA 5.1 WIN CPU T3 BAS 12M C;;;;79;;
1;3;2094;1;534,1521;434,27;AE TSPP STOR FOUND HA 5.1 WIN PER CPU T3 BAS 12M S;21021729;;AE TSPP STOR FOUND HA 5.1 WIN PER CPU T3 BAS 12M S;AE TSPP STOR FOUND HA 5.1 WIN PER CPU T3 BAS 12M S;AE TSPP STOR FOUND HA 5.1 WIN PER CPU T3 BAS 12M S;AE TSPP STOR FOUND HA 5.1 WIN PER CPU T3 BAS 12M S;;;;79;;
1;3;2094;1;648,4191;527,17;REW TSPP STOR FOUND HA 5.1 WIN CPU T3 ESS 12M C;21021732;;REW TSPP STOR FOUND HA 5.1 WIN CPU T3 ESS 12M C;REW TSPP STOR FOUND HA 5.1 WIN CPU T3 ESS 12M C;REW TSPP STOR FOUND HA 5.1 WIN CPU T3 ESS 12M C;REW TSPP STOR FOUND HA 5.1 WIN CPU T3 ESS 12M C;;;;79;;
1;3;2094;1;1892,0967;1538,29;SF HA5.1WINPCPU TIER1 STD LIC REW BAND-C;21021733;;SF HA5.1WINPCPU TIER1 STD LIC REW BAND-C;SF HA5.1WINPCPU TIER1 STD LIC REW BAND-C;SF HA5.1WINPCPU TIER1 STD LIC REW BAND-C;SF HA5.1WINPCPU TIER1 STD LIC REW BAND-C;;;;79;;
1;3;2094;1;458,0889;372,43;EXP TSPP STOR FOUND HA 5.1 WIN CPU T1 ESS 12M S;21021737;;EXP TSPP STOR FOUND HA 5.1 WIN CPU T1 ESS 12M S;EXP TSPP STOR FOUND HA 5.1 WIN CPU T1 ESS 12M S;EXP TSPP STOR FOUND HA 5.1 WIN CPU T1 ESS 12M S;EXP TSPP STOR FOUND HA 5.1 WIN CPU T1 ESS 12M S;;;;79;;
1;3;2094;1;540,7326;439,62;SF HA 5.1 WINPCPU TIER2 BAS REW BAND-C;21021738;;SF HA 5.1 WINPCPU TIER2 BAS REW BAND-C;SF HA 5.1 WINPCPU TIER2 BAS REW BAND-C;SF HA 5.1 WINPCPU TIER2 BAS REW BAND-C;SF HA 5.1 WINPCPU TIER2 BAS REW BAND-C;;;;79;;
1;3;2094;1;474,1404;385,48;SF HA 5.1 WINPCPU TIER1 BAS REW BAND-B;21021739;;SF HA 5.1 WINPCPU TIER1 BAS REW BAND-B;SF HA 5.1 WINPCPU TIER1 BAS REW BAND-B;SF HA 5.1 WINPCPU TIER1 BAS REW BAND-B;SF HA 5.1 WINPCPU TIER1 BAS REW BAND-B;;;;79;;
1;3;2094;1;2390,8986;1943,82;SF HA5.1WINPCPU TIER2 STD LIC GOV BAND-S;21021742;;SF HA5.1WINPCPU TIER2 STD LIC GOV BAND-S;SF HA5.1WINPCPU TIER2 STD LIC GOV BAND-S;SF HA5.1WINPCPU TIER2 STD LIC GOV BAND-S;SF HA5.1WINPCPU TIER2 STD LIC GOV BAND-S;;;;79;;
1;3;2094;1;569,1825;462,75;SF HA 5.1 WINPCPU TIER2 BAS REW BAND-A;21021743;;SF HA 5.1 WINPCPU TIER2 BAS REW BAND-A;SF HA 5.1 WINPCPU TIER2 BAS REW BAND-A;SF HA 5.1 WINPCPU TIER2 BAS REW BAND-A;SF HA 5.1 WINPCPU TIER2 BAS REW BAND-A;;;;79;;
1;3;2094;1;706,4628;574,36;SF HA/DR5.1WINPCPU TIER 1 BAS GOV BAND-S;21021748;;SF HA/DR5.1WINPCPU TIER 1 BAS GOV BAND-S;SF HA/DR5.1WINPCPU TIER 1 BAS GOV BAND-S;SF HA/DR5.1WINPCPU TIER 1 BAS GOV BAND-S;SF HA/DR5.1WINPCPU TIER 1 BAS GOV BAND-S;;;;79;;
1;3;2094;1;902,7093;733,91;SF HA/DR5.1WINPCPU TIER 1 ESS REW BAND-B;21021749;;SF HA/DR5.1WINPCPU TIER 1 ESS REW BAND-B;SF HA/DR5.1WINPCPU TIER 1 ESS REW BAND-B;SF HA/DR5.1WINPCPU TIER 1 ESS REW BAND-B;SF HA/DR5.1WINPCPU TIER 1 ESS REW BAND-B;;;;79;;
1;3;2094;1;494,091;401,7;REW TSPP STOR FOUND HA/DR 5.1 WIN CPU T1 BAS 12M E;21021750;;REW TSPP STOR FOUND HA/DR 5.1 WIN CPU T1 BAS 12M E;REW TSPP STOR FOUND HA/DR 5.1 WIN CPU T1 BAS 12M E;REW TSPP STOR FOUND HA/DR 5.1 WIN CPU T1 BAS 12M E;REW TSPP STOR FOUND HA/DR 5.1 WIN CPU T1 BAS 12M E;;;;79;;
1;3;2094;1;648,4191;527,17;REW TSPP STOR FOUND HA/DR 5.1 WIN CPU T1 ESS 12M C;21021752;;REW TSPP STOR FOUND HA/DR 5.1 WIN CPU T1 ESS 12M C;REW TSPP STOR FOUND HA/DR 5.1 WIN CPU T1 ESS 12M C;REW TSPP STOR FOUND HA/DR 5.1 WIN CPU T1 ESS 12M C;REW TSPP STOR FOUND HA/DR 5.1 WIN CPU T1 ESS 12M C;;;;79;;
1;3;2094;1;648,4191;527,17;REW TSPP STOR FOUND HA/DR 5.1 WIN CPU T1 ESS 12M D;21021753;;REW TSPP STOR FOUND HA/DR 5.1 WIN CPU T1 ESS 12M D;REW TSPP STOR FOUND HA/DR 5.1 WIN CPU T1 ESS 12M D;REW TSPP STOR FOUND HA/DR 5.1 WIN CPU T1 ESS 12M D;REW TSPP STOR FOUND HA/DR 5.1 WIN CPU T1 ESS 12M D;;;;79;;
1;3;2094;1;3367,0143;2737,41;SF HA/DR5.1WIN TIER 2 STD LIC REW BAND-D;21021755;;SF HA/DR5.1WIN TIER 2 STD LIC REW BAND-D;SF HA/DR5.1WIN TIER 2 STD LIC REW BAND-D;SF HA/DR5.1WIN TIER 2 STD LIC REW BAND-D;SF HA/DR5.1WIN TIER 2 STD LIC REW BAND-D;;;;79;;
1;3;2094;1;843,7431;685,97;SF HA/DR5.1WINPCPU TIER 2 BAS REW BAND-B;21021756;;SF HA/DR5.1WINPCPU TIER 2 BAS REW BAND-B;SF HA/DR5.1WINPCPU TIER 2 BAS REW BAND-B;SF HA/DR5.1WINPCPU TIER 2 BAS REW BAND-B;SF HA/DR5.1WINPCPU TIER 2 BAS REW BAND-B;;;;79;;
1;3;2094;1;801,5664;651,68;SF HA/DR5.1WINPCPU TIER 2 BAS REW BAND-C;21021757;;SF HA/DR5.1WINPCPU TIER 2 BAS REW BAND-C;SF HA/DR5.1WINPCPU TIER 2 BAS REW BAND-C;SF HA/DR5.1WINPCPU TIER 2 BAS REW BAND-C;SF HA/DR5.1WINPCPU TIER 2 BAS REW BAND-C;;;;79;;
1;3;2094;1;780,4842;634,54;SF HA/DR5.1WINPCPU TIER 2 BAS REW BAND-E;21021758;;SF HA/DR5.1WINPCPU TIER 2 BAS REW BAND-E;SF HA/DR5.1WINPCPU TIER 2 BAS REW BAND-E;SF HA/DR5.1WINPCPU TIER 2 BAS REW BAND-E;SF HA/DR5.1WINPCPU TIER 2 BAS REW BAND-E;;;;79;;
1;3;2094;1;843,7431;685,97;SF HA/DR5.1WINPCPU TIER 2 BAS ACD BAND-S;21021759;;SF HA/DR5.1WINPCPU TIER 2 BAS ACD BAND-S;SF HA/DR5.1WINPCPU TIER 2 BAS ACD BAND-S;SF HA/DR5.1WINPCPU TIER 2 BAS ACD BAND-S;SF HA/DR5.1WINPCPU TIER 2 BAS ACD BAND-S;;;;79;;
1;3;2094;1;606,0579;492,73;REW TSPP STOR FOUND HA/DR 5.1 WIN CPU T2 BAS 12M C;21021760;;REW TSPP STOR FOUND HA/DR 5.1 WIN CPU T2 BAS 12M C;REW TSPP STOR FOUND HA/DR 5.1 WIN CPU T2 BAS 12M C;REW TSPP STOR FOUND HA/DR 5.1 WIN CPU T2 BAS 12M C;REW TSPP STOR FOUND HA/DR 5.1 WIN CPU T2 BAS 12M C;;;;79;;
1;3;2094;1;1347,9939;1095,93;SF HA/DR5.1WINPCPU TIER 3 ESS EXP BAND-S;21021765;;SF HA/DR5.1WINPCPU TIER 3 ESS EXP BAND-S;SF HA/DR5.1WINPCPU TIER 3 ESS EXP BAND-S;SF HA/DR5.1WINPCPU TIER 3 ESS EXP BAND-S;SF HA/DR5.1WINPCPU TIER 3 ESS EXP BAND-S;;;;79;;
1;3;2094;1;797,655;648,5;EXP TSPP STOR FOUND HA/DR 5.1 WIN CPU T3 BAS 12M S;21021767;;EXP TSPP STOR FOUND HA/DR 5.1 WIN CPU T3 BAS 12M S;EXP TSPP STOR FOUND HA/DR 5.1 WIN CPU T3 BAS 12M S;EXP TSPP STOR FOUND HA/DR 5.1 WIN CPU T3 BAS 12M S;EXP TSPP STOR FOUND HA/DR 5.1 WIN CPU T3 BAS 12M S;;;;79;;
1;3;2094;1;682,5393;554,91;EXP TSPP STOR FOUND HA/DR 5.1 WIN CPU T1 ESS 12M S;21021771;;EXP TSPP STOR FOUND HA/DR 5.1 WIN CPU T1 ESS 12M S;EXP TSPP STOR FOUND HA/DR 5.1 WIN CPU T1 ESS 12M S;EXP TSPP STOR FOUND HA/DR 5.1 WIN CPU T1 ESS 12M S;EXP TSPP STOR FOUND HA/DR 5.1 WIN CPU T1 ESS 12M S;;;;79;;
1;3;2094;1;1078,1319;876,53;SF HA/DR5.1WINPCPU TIER 2 ESS REW BAND-A;21021773;;SF HA/DR5.1WINPCPU TIER 2 ESS REW BAND-A;SF HA/DR5.1WINPCPU TIER 2 ESS REW BAND-A;SF HA/DR5.1WINPCPU TIER 2 ESS REW BAND-A;SF HA/DR5.1WINPCPU TIER 2 ESS REW BAND-A;;;;79;;
1;3;2094;1;997,2717;810,79;SF HA/DR5.1WINPCPU TIER 2 ESS REW BAND-E;21021774;;SF HA/DR5.1WINPCPU TIER 2 ESS REW BAND-E;SF HA/DR5.1WINPCPU TIER 2 ESS REW BAND-E;SF HA/DR5.1WINPCPU TIER 2 ESS REW BAND-E;SF HA/DR5.1WINPCPU TIER 2 ESS REW BAND-E;;;;79;;
1;3;2094;1;1078,1319;876,53;SF HA/DR5.1WINPCPU TIER 2 ESS ACD BAND-S;21021775;;SF HA/DR5.1WINPCPU TIER 2 ESS ACD BAND-S;SF HA/DR5.1WINPCPU TIER 2 ESS ACD BAND-S;SF HA/DR5.1WINPCPU TIER 2 ESS ACD BAND-S;SF HA/DR5.1WINPCPU TIER 2 ESS ACD BAND-S;;;;79;;
1;3;2094;1;637,9518;518,66;REW TSPP STOR FOUND HA/DR 5.1 WIN CPU T2 BAS 12M A;21021776;;REW TSPP STOR FOUND HA/DR 5.1 WIN CPU T2 BAS 12M A;REW TSPP STOR FOUND HA/DR 5.1 WIN CPU T2 BAS 12M A;REW TSPP STOR FOUND HA/DR 5.1 WIN CPU T2 BAS 12M A;REW TSPP STOR FOUND HA/DR 5.1 WIN CPU T2 BAS 12M A;;;;79;;
1;3;2094;1;637,9518;518,66;EXP TSPP STOR FOUND HA/DR 5.1 WIN CPU T2 BAS 12M S;21021777;;EXP TSPP STOR FOUND HA/DR 5.1 WIN CPU T2 BAS 12M S;EXP TSPP STOR FOUND HA/DR 5.1 WIN CPU T2 BAS 12M S;EXP TSPP STOR FOUND HA/DR 5.1 WIN CPU T2 BAS 12M S;EXP TSPP STOR FOUND HA/DR 5.1 WIN CPU T2 BAS 12M S;;;;79;;
1;3;2094;1;843,7431;685,97;SF HA/DR5.1WINPCPU TIER 2 BAS REW BAND-A;21021780;;SF HA/DR5.1WINPCPU TIER 2 BAS REW BAND-A;SF HA/DR5.1WINPCPU TIER 2 BAS REW BAND-A;SF HA/DR5.1WINPCPU TIER 2 BAS REW BAND-A;SF HA/DR5.1WINPCPU TIER 2 BAS REW BAND-A;;;;79;;
1;3;2094;1;1078,1319;876,53;SF HA/DR5.1WINPCPU TIER 2 ESS EXP BAND-S;21021784;;SF HA/DR5.1WINPCPU TIER 2 ESS EXP BAND-S;SF HA/DR5.1WINPCPU TIER 2 ESS EXP BAND-S;SF HA/DR5.1WINPCPU TIER 2 ESS EXP BAND-S;SF HA/DR5.1WINPCPU TIER 2 ESS EXP BAND-S;;;;79;;
1;3;2094;1;606,0579;492,73;REW TSPP STOR FOUND HA/DR 5.1 WIN CPU T2 BAS 12M D;21021785;;REW TSPP STOR FOUND HA/DR 5.1 WIN CPU T2 BAS 12M D;REW TSPP STOR FOUND HA/DR 5.1 WIN CPU T2 BAS 12M D;REW TSPP STOR FOUND HA/DR 5.1 WIN CPU T2 BAS 12M D;REW TSPP STOR FOUND HA/DR 5.1 WIN CPU T2 BAS 12M D;;;;79;;
1;3;2094;1;637,9518;518,66;GOV TSPP STOR FOUND HA/DR 5.1 WIN CPU T2 BAS 12M S;21021786;;GOV TSPP STOR FOUND HA/DR 5.1 WIN CPU T2 BAS 12M S;GOV TSPP STOR FOUND HA/DR 5.1 WIN CPU T2 BAS 12M S;GOV TSPP STOR FOUND HA/DR 5.1 WIN CPU T2 BAS 12M S;GOV TSPP STOR FOUND HA/DR 5.1 WIN CPU T2 BAS 12M S;;;;79;;
1;3;2094;1;774,3957;629,59;REW TSPP STOR FOUND HA/DR 5.1 WIN CPU T2 ESS 12M C;21021790;;REW TSPP STOR FOUND HA/DR 5.1 WIN CPU T2 ESS 12M C;REW TSPP STOR FOUND HA/DR 5.1 WIN CPU T2 ESS 12M C;REW TSPP STOR FOUND HA/DR 5.1 WIN CPU T2 ESS 12M C;REW TSPP STOR FOUND HA/DR 5.1 WIN CPU T2 ESS 12M C;;;;79;;
1;3;2094;1;815,1702;662,74;AE TSPP STOR FOUND HA/DR 5.1 WIN CPU T2 ESS 12M S;21021791;;AE TSPP STOR FOUND HA/DR 5.1 WIN CPU T2 ESS 12M S;AE TSPP STOR FOUND HA/DR 5.1 WIN CPU T2 ESS 12M S;AE TSPP STOR FOUND HA/DR 5.1 WIN CPU T2 ESS 12M S;AE TSPP STOR FOUND HA/DR 5.1 WIN CPU T2 ESS 12M S;;;;79;;
1;3;2094;1;4431,3702;3602,74;SF HA/DR5.1WIN TIER 3 STD LIC REW BAND-B;21021792;;SF HA/DR5.1WIN TIER 3 STD LIC REW BAND-B;SF HA/DR5.1WIN TIER 3 STD LIC REW BAND-B;SF HA/DR5.1WIN TIER 3 STD LIC REW BAND-B;SF HA/DR5.1WIN TIER 3 STD LIC REW BAND-B;;;;79;;
1;3;2094;1;1078,1319;876,53;SF HA/DR5.1WINPCPU TIER 2 ESS GOV BAND-S;21021794;;SF HA/DR5.1WINPCPU TIER 2 ESS GOV BAND-S;SF HA/DR5.1WINPCPU TIER 2 ESS GOV BAND-S;SF HA/DR5.1WINPCPU TIER 2 ESS GOV BAND-S;SF HA/DR5.1WINPCPU TIER 2 ESS GOV BAND-S;;;;79;;
1;3;2094;1;774,3957;629,59;REW TSPP STOR FOUND HA/DR 5.1 WIN CPU T2 ESS 12M D;21021796;;REW TSPP STOR FOUND HA/DR 5.1 WIN CPU T2 ESS 12M D;REW TSPP STOR FOUND HA/DR 5.1 WIN CPU T2 ESS 12M D;REW TSPP STOR FOUND HA/DR 5.1 WIN CPU T2 ESS 12M D;REW TSPP STOR FOUND HA/DR 5.1 WIN CPU T2 ESS 12M D;;;;79;;
1;3;2094;1;815,1702;662,74;EXP TSPP STOR FOUND HA/DR 5.1 WIN CPU T2 ESS 12M S;21021797;;EXP TSPP STOR FOUND HA/DR 5.1 WIN CPU T2 ESS 12M S;EXP TSPP STOR FOUND HA/DR 5.1 WIN CPU T2 ESS 12M S;EXP TSPP STOR FOUND HA/DR 5.1 WIN CPU T2 ESS 12M S;EXP TSPP STOR FOUND HA/DR 5.1 WIN CPU T2 ESS 12M S;;;;79;;
1;3;2094;1;4431,3702;3602,74;SF HA/DR5.1WIN TIER 3 STD LIC REW BAND-A;21021798;;SF HA/DR5.1WIN TIER 3 STD LIC REW BAND-A;SF HA/DR5.1WIN TIER 3 STD LIC REW BAND-A;SF HA/DR5.1WIN TIER 3 STD LIC REW BAND-A;SF HA/DR5.1WIN TIER 3 STD LIC REW BAND-A;;;;79;;
1;3;2094;1;4431,3702;3602,74;SF HA/DR5.1WIN TIER 3 STD LIC ACD BAND-S;21021799;;SF HA/DR5.1WIN TIER 3 STD LIC ACD BAND-S;SF HA/DR5.1WIN TIER 3 STD LIC ACD BAND-S;SF HA/DR5.1WIN TIER 3 STD LIC ACD BAND-S;SF HA/DR5.1WIN TIER 3 STD LIC ACD BAND-S;;;;79;;
1;3;2094;1;1280,6022;1041,14;SF HA/DR5.1WINPCPU TIER 3 ESS REW BAND-C;21021802;;SF HA/DR5.1WINPCPU TIER 3 ESS REW BAND-C;SF HA/DR5.1WINPCPU TIER 3 ESS REW BAND-C;SF HA/DR5.1WINPCPU TIER 3 ESS REW BAND-C;SF HA/DR5.1WINPCPU TIER 3 ESS REW BAND-C;;;;79;;
1;3;2094;1;737,8278;599,86;REW TSPP STOR FOUND HA/DR 5.1 WIN CPU T3 BAS 12M E;21021804;;REW TSPP STOR FOUND HA/DR 5.1 WIN CPU T3 BAS 12M E;REW TSPP STOR FOUND HA/DR 5.1 WIN CPU T3 BAS 12M E;REW TSPP STOR FOUND HA/DR 5.1 WIN CPU T3 BAS 12M E;REW TSPP STOR FOUND HA/DR 5.1 WIN CPU T3 BAS 12M E;;;;79;;
1;3;2094;1;2967,5595;2412,65;EXP SF HA/DR 5.1 WIN PER CPU T1 STD LIC S;21021806;;EXP SF HA/DR 5.1 WIN PER CPU T1 STD LIC S;EXP SF HA/DR 5.1 WIN PER CPU T1 STD LIC S;EXP SF HA/DR 5.1 WIN PER CPU T1 STD LIC S;EXP SF HA/DR 5.1 WIN PER CPU T1 STD LIC S;;;;79;;
1;3;2094;1;1347,9939;1095,93;SF HA/DR5.1WINPCPU TIER 3 ESS GOV BAND-S;21021807;;SF HA/DR5.1WINPCPU TIER 3 ESS GOV BAND-S;SF HA/DR5.1WINPCPU TIER 3 ESS GOV BAND-S;SF HA/DR5.1WINPCPU TIER 3 ESS GOV BAND-S;SF HA/DR5.1WINPCPU TIER 3 ESS GOV BAND-S;;;;79;;
1;3;2094;1;797,655;648,5;REW TSPP STOR FOUND HA/DR 5.1 WIN CPU T3 BAS 12M A;21021808;;REW TSPP STOR FOUND HA/DR 5.1 WIN CPU T3 BAS 12M A;REW TSPP STOR FOUND HA/DR 5.1 WIN CPU T3 BAS 12M A;REW TSPP STOR FOUND HA/DR 5.1 WIN CPU T3 BAS 12M A;REW TSPP STOR FOUND HA/DR 5.1 WIN CPU T3 BAS 12M A;;;;79;;
1;3;2094;1;757,7538;616,06;REW TSPP STOR FOUND HA/DR 5.1 WIN CPU T3 BAS 12M D;21021809;;REW TSPP STOR FOUND HA/DR 5.1 WIN CPU T3 BAS 12M D;REW TSPP STOR FOUND HA/DR 5.1 WIN CPU T3 BAS 12M D;REW TSPP STOR FOUND HA/DR 5.1 WIN CPU T3 BAS 12M D;REW TSPP STOR FOUND HA/DR 5.1 WIN CPU T3 BAS 12M D;;;;79;;
1;3;2094;1;797,655;648,5;GOV TSPP STOR FOUND HA/DR 5.1 WIN CPU T3 BAS 12M S;21021810;;GOV TSPP STOR FOUND HA/DR 5.1 WIN CPU T3 BAS 12M S;GOV TSPP STOR FOUND HA/DR 5.1 WIN CPU T3 BAS 12M S;GOV TSPP STOR FOUND HA/DR 5.1 WIN CPU T3 BAS 12M S;GOV TSPP STOR FOUND HA/DR 5.1 WIN CPU T3 BAS 12M S;;;;79;;
1;3;2094;1;968,2437;787,19;REW TSPP STOR FOUND HA/DR 5.1 WIN CPU T3 ESS 12M C;21021812;;REW TSPP STOR FOUND HA/DR 5.1 WIN CPU T3 ESS 12M C;REW TSPP STOR FOUND HA/DR 5.1 WIN CPU T3 ESS 12M C;REW TSPP STOR FOUND HA/DR 5.1 WIN CPU T3 ESS 12M C;REW TSPP STOR FOUND HA/DR 5.1 WIN CPU T3 ESS 12M C;;;;79;;
1;3;2094;1;2967,5595;2412,65;SF HA/DR5.1WIN TIER 1 STD LIC REW BAND-B;21021814;;SF HA/DR5.1WIN TIER 1 STD LIC REW BAND-B;SF HA/DR5.1WIN TIER 1 STD LIC REW BAND-B;SF HA/DR5.1WIN TIER 1 STD LIC REW BAND-B;SF HA/DR5.1WIN TIER 1 STD LIC REW BAND-B;;;;79;;
1;3;2094;1;706,4628;574,36;SF HA/DR5.1WINPCPU TIER 1 BAS EXP BAND-S;21021815;;SF HA/DR5.1WINPCPU TIER 1 BAS EXP BAND-S;SF HA/DR5.1WINPCPU TIER 1 BAS EXP BAND-S;SF HA/DR5.1WINPCPU TIER 1 BAS EXP BAND-S;SF HA/DR5.1WINPCPU TIER 1 BAS EXP BAND-S;;;;79;;
1;3;2094;1;706,4628;574,36;SF HA/DR5.1WINPCPU TIER 1 BAS ACD BAND-S;21021816;;SF HA/DR5.1WINPCPU TIER 1 BAS ACD BAND-S;SF HA/DR5.1WINPCPU TIER 1 BAS ACD BAND-S;SF HA/DR5.1WINPCPU TIER 1 BAS ACD BAND-S;SF HA/DR5.1WINPCPU TIER 1 BAS ACD BAND-S;;;;79;;
1;3;2094;1;902,7093;733,91;SF HA/DR5.1WINPCPU TIER 1 ESS REW BAND-A;21021817;;SF HA/DR5.1WINPCPU TIER 1 ESS REW BAND-A;SF HA/DR5.1WINPCPU TIER 1 ESS REW BAND-A;SF HA/DR5.1WINPCPU TIER 1 ESS REW BAND-A;SF HA/DR5.1WINPCPU TIER 1 ESS REW BAND-A;;;;79;;
1;3;2094;1;834,9978;678,86;SF HA/DR5.1WINPCPU TIER 1 ESS REW BAND-E;21021818;;SF HA/DR5.1WINPCPU TIER 1 ESS REW BAND-E;SF HA/DR5.1WINPCPU TIER 1 ESS REW BAND-E;SF HA/DR5.1WINPCPU TIER 1 ESS REW BAND-E;SF HA/DR5.1WINPCPU TIER 1 ESS REW BAND-E;;;;79;;
1;3;2094;1;902,7093;733,91;SF HA/DR5.1WINPCPU TIER 1 ESS ACD BAND-S;21021819;;SF HA/DR5.1WINPCPU TIER 1 ESS ACD BAND-S;SF HA/DR5.1WINPCPU TIER 1 ESS ACD BAND-S;SF HA/DR5.1WINPCPU TIER 1 ESS ACD BAND-S;SF HA/DR5.1WINPCPU TIER 1 ESS ACD BAND-S;;;;79;;
1;3;2094;1;534,1521;434,27;REW TSPP STOR FOUND HA/DR 5.1 WIN CPU T1 BAS 12M A;21021820;;REW TSPP STOR FOUND HA/DR 5.1 WIN CPU T1 BAS 12M A;REW TSPP STOR FOUND HA/DR 5.1 WIN CPU T1 BAS 12M A;REW TSPP STOR FOUND HA/DR 5.1 WIN CPU T1 BAS 12M A;REW TSPP STOR FOUND HA/DR 5.1 WIN CPU T1 BAS 12M A;;;;79;;
1;3;2094;1;507,4488;412,56;REW TSPP STOR FOUND HA/DR 5.1 WIN CPU T1 BAS 12M C;21021821;;REW TSPP STOR FOUND HA/DR 5.1 WIN CPU T1 BAS 12M C;REW TSPP STOR FOUND HA/DR 5.1 WIN CPU T1 BAS 12M C;REW TSPP STOR FOUND HA/DR 5.1 WIN CPU T1 BAS 12M C;REW TSPP STOR FOUND HA/DR 5.1 WIN CPU T1 BAS 12M C;;;;79;;
1;3;2094;1;534,1521;434,27;GOV TSPP STOR FOUND HA/DR 5.1 WIN CPU T1 BAS 12M S;21021822;;GOV TSPP STOR FOUND HA/DR 5.1 WIN CPU T1 BAS 12M S;GOV TSPP STOR FOUND HA/DR 5.1 WIN CPU T1 BAS 12M S;GOV TSPP STOR FOUND HA/DR 5.1 WIN CPU T1 BAS 12M S;GOV TSPP STOR FOUND HA/DR 5.1 WIN CPU T1 BAS 12M S;;;;79;;
1;3;2094;1;1054,9464;857,68;SF HA/DR5.1WINPCPU TIER 3 BAS REW BAND-A;21021826;;SF HA/DR5.1WINPCPU TIER 3 BAS REW BAND-A;SF HA/DR5.1WINPCPU TIER 3 BAS REW BAND-A;SF HA/DR5.1WINPCPU TIER 3 BAS REW BAND-A;SF HA/DR5.1WINPCPU TIER 3 BAS REW BAND-A;;;;79;;
1;3;2094;1;1002,2163;814,81;SF HA/DR5.1WINPCPU TIER 3 BAS REW BAND-C;21021827;;SF HA/DR5.1WINPCPU TIER 3 BAS REW BAND-C;SF HA/DR5.1WINPCPU TIER 3 BAS REW BAND-C;SF HA/DR5.1WINPCPU TIER 3 BAS REW BAND-C;SF HA/DR5.1WINPCPU TIER 3 BAS REW BAND-C;;;;79;;
1;3;2094;1;1054,9464;857,68;SF HA/DR5.1WINPCPU TIER 3 BAS GOV BAND-S;21021828;;SF HA/DR5.1WINPCPU TIER 3 BAS GOV BAND-S;SF HA/DR5.1WINPCPU TIER 3 BAS GOV BAND-S;SF HA/DR5.1WINPCPU TIER 3 BAS GOV BAND-S;SF HA/DR5.1WINPCPU TIER 3 BAS GOV BAND-S;;;;79;;
1;3;2094;1;1347,9939;1095,93;SF HA/DR5.1WINPCPU TIER 3 ESS ACD BAND-S;21021829;;SF HA/DR5.1WINPCPU TIER 3 ESS ACD BAND-S;SF HA/DR5.1WINPCPU TIER 3 ESS ACD BAND-S;SF HA/DR5.1WINPCPU TIER 3 ESS ACD BAND-S;SF HA/DR5.1WINPCPU TIER 3 ESS ACD BAND-S;;;;79;;
1;3;2094;1;757,7538;616,06;REW TSPP STOR FOUND HA/DR 5.1 WIN CPU T3 BAS 12M C;21021830;;REW TSPP STOR FOUND HA/DR 5.1 WIN CPU T3 BAS 12M C;REW TSPP STOR FOUND HA/DR 5.1 WIN CPU T3 BAS 12M C;REW TSPP STOR FOUND HA/DR 5.1 WIN CPU T3 BAS 12M C;REW TSPP STOR FOUND HA/DR 5.1 WIN CPU T3 BAS 12M C;;;;79;;
1;3;2094;1;797,655;648,5;AE TSPP STOR FOUND HA/DR 5.1 WIN CPU T3 BAS 12M S;21021832;;AE TSPP STOR FOUND HA/DR 5.1 WIN CPU T3 BAS 12M S;AE TSPP STOR FOUND HA/DR 5.1 WIN CPU T3 BAS 12M S;AE TSPP STOR FOUND HA/DR 5.1 WIN CPU T3 BAS 12M S;AE TSPP STOR FOUND HA/DR 5.1 WIN CPU T3 BAS 12M S;;;;79;;
1;3;2094;1;682,5393;554,91;GOV TSPP STOR FOUND HA/DR 5.1 WIN CPU T1 ESS 12M S;21021835;;GOV TSPP STOR FOUND HA/DR 5.1 WIN CPU T1 ESS 12M S;GOV TSPP STOR FOUND HA/DR 5.1 WIN CPU T1 ESS 12M S;GOV TSPP STOR FOUND HA/DR 5.1 WIN CPU T1 ESS 12M S;GOV TSPP STOR FOUND HA/DR 5.1 WIN CPU T1 ESS 12M S;;;;79;;
1;3;2094;1;815,1702;662,74;REW TSPP STOR FOUND HA/DR 5.1 WIN CPU T2 ESS 12M B;21021839;;REW TSPP STOR FOUND HA/DR 5.1 WIN CPU T2 ESS 12M B;REW TSPP STOR FOUND HA/DR 5.1 WIN CPU T2 ESS 12M B;REW TSPP STOR FOUND HA/DR 5.1 WIN CPU T2 ESS 12M B;REW TSPP STOR FOUND HA/DR 5.1 WIN CPU T2 ESS 12M B;;;;79;;
1;3;2094;1;754,0269;613,03;REW TSPP STOR FOUND HA/DR 5.1 WIN CPU T2 ESS 12M E;21021840;;REW TSPP STOR FOUND HA/DR 5.1 WIN CPU T2 ESS 12M E;REW TSPP STOR FOUND HA/DR 5.1 WIN CPU T2 ESS 12M E;REW TSPP STOR FOUND HA/DR 5.1 WIN CPU T2 ESS 12M E;REW TSPP STOR FOUND HA/DR 5.1 WIN CPU T2 ESS 12M E;;;;79;;
1;3;2094;1;815,1702;662,74;GOV TSPP STOR FOUND HA/DR 5.1 WIN CPU T2 ESS 12M S;21021841;;GOV TSPP STOR FOUND HA/DR 5.1 WIN CPU T2 ESS 12M S;GOV TSPP STOR FOUND HA/DR 5.1 WIN CPU T2 ESS 12M S;GOV TSPP STOR FOUND HA/DR 5.1 WIN CPU T2 ESS 12M S;GOV TSPP STOR FOUND HA/DR 5.1 WIN CPU T2 ESS 12M S;;;;79;;
1;3;2094;1;4209,8103;3422,61;SF HA/DR5.1WIN TIER 3 STD LIC REW BAND-C;21021842;;SF HA/DR5.1WIN TIER 3 STD LIC REW BAND-C;SF HA/DR5.1WIN TIER 3 STD LIC REW BAND-C;SF HA/DR5.1WIN TIER 3 STD LIC REW BAND-C;SF HA/DR5.1WIN TIER 3 STD LIC REW BAND-C;;;;79;;
1;3;2094;1;1054,9464;857,68;SF HA/DR5.1WINPCPU TIER 3 BAS ACD BAND-S;21021845;;SF HA/DR5.1WINPCPU TIER 3 BAS ACD BAND-S;SF HA/DR5.1WINPCPU TIER 3 BAS ACD BAND-S;SF HA/DR5.1WINPCPU TIER 3 BAS ACD BAND-S;SF HA/DR5.1WINPCPU TIER 3 BAS ACD BAND-S;;;;79;;
1;3;2094;1;2819,1846;2292,02;SF HA/DR5.1WIN TIER 1 STD LIC REW BAND-D;21021846;;SF HA/DR5.1WIN TIER 1 STD LIC REW BAND-D;SF HA/DR5.1WIN TIER 1 STD LIC REW BAND-D;SF HA/DR5.1WIN TIER 1 STD LIC REW BAND-D;SF HA/DR5.1WIN TIER 1 STD LIC REW BAND-D;;;;79;;
1;3;2094;1;902,7093;733,91;SF HA/DR5.1WINPCPU TIER 1 ESS GOV BAND-S;21021847;;SF HA/DR5.1WINPCPU TIER 1 ESS GOV BAND-S;SF HA/DR5.1WINPCPU TIER 1 ESS GOV BAND-S;SF HA/DR5.1WINPCPU TIER 1 ESS GOV BAND-S;SF HA/DR5.1WINPCPU TIER 1 ESS GOV BAND-S;;;;79;;
1;3;2094;1;1078,1319;876,53;SF HA/DR5.1WINPCPU TIER 2 ESS REW BAND-B;21021852;;SF HA/DR5.1WINPCPU TIER 2 ESS REW BAND-B;SF HA/DR5.1WINPCPU TIER 2 ESS REW BAND-B;SF HA/DR5.1WINPCPU TIER 2 ESS REW BAND-B;SF HA/DR5.1WINPCPU TIER 2 ESS REW BAND-B;;;;79;;
1;3;2094;1;1024,2333;832,71;SF HA/DR5.1WINPCPU TIER 2 ESS REW BAND-C;21021853;;SF HA/DR5.1WINPCPU TIER 2 ESS REW BAND-C;SF HA/DR5.1WINPCPU TIER 2 ESS REW BAND-C;SF HA/DR5.1WINPCPU TIER 2 ESS REW BAND-C;SF HA/DR5.1WINPCPU TIER 2 ESS REW BAND-C;;;;79;;
1;3;2094;1;1280,6022;1041,14;SF HA/DR5.1WINPCPU TIER 3 ESS REW BAND-D;21021858;;SF HA/DR5.1WINPCPU TIER 3 ESS REW BAND-D;SF HA/DR5.1WINPCPU TIER 3 ESS REW BAND-D;SF HA/DR5.1WINPCPU TIER 3 ESS REW BAND-D;SF HA/DR5.1WINPCPU TIER 3 ESS REW BAND-D;;;;79;;
1;3;2094;1;1019,2149;828,63;EXP TSPP STOR FOUND HA/DR 5.1 WIN CPU T3 ESS 12M S;21021864;;EXP TSPP STOR FOUND HA/DR 5.1 WIN CPU T3 ESS 12M S;EXP TSPP STOR FOUND HA/DR 5.1 WIN CPU T3 ESS 12M S;EXP TSPP STOR FOUND HA/DR 5.1 WIN CPU T3 ESS 12M S;EXP TSPP STOR FOUND HA/DR 5.1 WIN CPU T3 ESS 12M S;;;;79;;
1;3;2094;1;2819,1846;2292,02;SF HA/DR5.1WIN TIER 1 STD LIC REW BAND-C;21021865;;SF HA/DR5.1WIN TIER 1 STD LIC REW BAND-C;SF HA/DR5.1WIN TIER 1 STD LIC REW BAND-C;SF HA/DR5.1WIN TIER 1 STD LIC REW BAND-C;SF HA/DR5.1WIN TIER 1 STD LIC REW BAND-C;;;;79;;
1;3;2094;1;902,7093;733,91;SF HA/DR5.1WINPCPU TIER 1 ESS EXP BAND-S;21021867;;SF HA/DR5.1WINPCPU TIER 1 ESS EXP BAND-S;SF HA/DR5.1WINPCPU TIER 1 ESS EXP BAND-S;SF HA/DR5.1WINPCPU TIER 1 ESS EXP BAND-S;SF HA/DR5.1WINPCPU TIER 1 ESS EXP BAND-S;;;;79;;
1;3;2094;1;534,1521;434,27;REW TSPP STOR FOUND HA/DR 5.1 WIN CPU T1 BAS 12M B;21021868;;REW TSPP STOR FOUND HA/DR 5.1 WIN CPU T1 BAS 12M B;REW TSPP STOR FOUND HA/DR 5.1 WIN CPU T1 BAS 12M B;REW TSPP STOR FOUND HA/DR 5.1 WIN CPU T1 BAS 12M B;REW TSPP STOR FOUND HA/DR 5.1 WIN CPU T1 BAS 12M B;;;;79;;
1;3;2094;1;942,7827;766,49;REW TSPP STOR FOUND HA/DR 5.1 WIN CPU T3 ESS 12M E;21021871;;REW TSPP STOR FOUND HA/DR 5.1 WIN CPU T3 ESS 12M E;REW TSPP STOR FOUND HA/DR 5.1 WIN CPU T3 ESS 12M E;REW TSPP STOR FOUND HA/DR 5.1 WIN CPU T3 ESS 12M E;REW TSPP STOR FOUND HA/DR 5.1 WIN CPU T3 ESS 12M E;;;;79;;
1;3;2094;1;671,1495;545,65;SF HA/DR5.1WINPCPU TIER 1 BAS REW BAND-C;21021874;;SF HA/DR5.1WINPCPU TIER 1 BAS REW BAND-C;SF HA/DR5.1WINPCPU TIER 1 BAS REW BAND-C;SF HA/DR5.1WINPCPU TIER 1 BAS REW BAND-C;SF HA/DR5.1WINPCPU TIER 1 BAS REW BAND-C;;;;79;;
1;3;2094;1;2967,5595;2412,65;SF HA/DR5.1WIN TIER 1 STD LIC ACD BAND-S;21021875;;SF HA/DR5.1WIN TIER 1 STD LIC ACD BAND-S;SF HA/DR5.1WIN TIER 1 STD LIC ACD BAND-S;SF HA/DR5.1WIN TIER 1 STD LIC ACD BAND-S;SF HA/DR5.1WIN TIER 1 STD LIC ACD BAND-S;;;;79;;
1;3;2094;1;507,4488;412,56;REW TSPP STOR FOUND HA/DR 5.1 WIN CPU T1 BAS 12M D;21021877;;REW TSPP STOR FOUND HA/DR 5.1 WIN CPU T1 BAS 12M D;REW TSPP STOR FOUND HA/DR 5.1 WIN CPU T1 BAS 12M D;REW TSPP STOR FOUND HA/DR 5.1 WIN CPU T1 BAS 12M D;REW TSPP STOR FOUND HA/DR 5.1 WIN CPU T1 BAS 12M D;;;;79;;
1;3;2094;1;682,5393;554,91;REW TSPP STOR FOUND HA/DR 5.1 WIN CPU T1 ESS 12M B;21021881;;REW TSPP STOR FOUND HA/DR 5.1 WIN CPU T1 ESS 12M B;REW TSPP STOR FOUND HA/DR 5.1 WIN CPU T1 ESS 12M B;REW TSPP STOR FOUND HA/DR 5.1 WIN CPU T1 ESS 12M B;REW TSPP STOR FOUND HA/DR 5.1 WIN CPU T1 ESS 12M B;;;;79;;
1;3;2094;1;3367,0143;2737,41;SF HA/DR5.1WIN TIER 2 STD LIC REW BAND-C;21021883;;SF HA/DR5.1WIN TIER 2 STD LIC REW BAND-C;SF HA/DR5.1WIN TIER 2 STD LIC REW BAND-C;SF HA/DR5.1WIN TIER 2 STD LIC REW BAND-C;SF HA/DR5.1WIN TIER 2 STD LIC REW BAND-C;;;;79;;
1;3;2094;1;3544,2204;2881,48;EXP SF HA/DR 5.1 WIN PER CPU T2 STD LIC S;21021884;;EXP SF HA/DR 5.1 WIN PER CPU T2 STD LIC S;EXP SF HA/DR 5.1 WIN PER CPU T2 STD LIC S;EXP SF HA/DR 5.1 WIN PER CPU T2 STD LIC S;EXP SF HA/DR 5.1 WIN PER CPU T2 STD LIC S;;;;79;;
1;3;2094;1;671,1495;545,65;SF HA/DR5.1WINPCPU TIER 1 BAS REW BAND-D;21021885;;SF HA/DR5.1WINPCPU TIER 1 BAS REW BAND-D;SF HA/DR5.1WINPCPU TIER 1 BAS REW BAND-D;SF HA/DR5.1WINPCPU TIER 1 BAS REW BAND-D;SF HA/DR5.1WINPCPU TIER 1 BAS REW BAND-D;;;;79;;
1;3;2094;1;857,5683;697,21;SF HA/DR5.1WINPCPU TIER 1 ESS REW BAND-C;21021886;;SF HA/DR5.1WINPCPU TIER 1 ESS REW BAND-C;SF HA/DR5.1WINPCPU TIER 1 ESS REW BAND-C;SF HA/DR5.1WINPCPU TIER 1 ESS REW BAND-C;SF HA/DR5.1WINPCPU TIER 1 ESS REW BAND-C;;;;79;;
1;3;2094;1;2967,5595;2412,65;SF HA/DR5.1WIN TIER 1 STD LIC REW BAND-A;21021888;;SF HA/DR5.1WIN TIER 1 STD LIC REW BAND-A;SF HA/DR5.1WIN TIER 1 STD LIC REW BAND-A;SF HA/DR5.1WIN TIER 1 STD LIC REW BAND-A;SF HA/DR5.1WIN TIER 1 STD LIC REW BAND-A;;;;79;;
1;3;2094;1;631,3467;513,29;REW TSPP STOR FOUND HA/DR 5.1 WIN CPU T1 ESS 12M E;21021893;;REW TSPP STOR FOUND HA/DR 5.1 WIN CPU T1 ESS 12M E;REW TSPP STOR FOUND HA/DR 5.1 WIN CPU T1 ESS 12M E;REW TSPP STOR FOUND HA/DR 5.1 WIN CPU T1 ESS 12M E;REW TSPP STOR FOUND HA/DR 5.1 WIN CPU T1 ESS 12M E;;;;79;;
1;3;2094;1;3544,2204;2881,48;SF HA/DR5.1WIN TIER 2 STD LIC ACD BAND-S;21021894;;SF HA/DR5.1WIN TIER 2 STD LIC ACD BAND-S;SF HA/DR5.1WIN TIER 2 STD LIC ACD BAND-S;SF HA/DR5.1WIN TIER 2 STD LIC ACD BAND-S;SF HA/DR5.1WIN TIER 2 STD LIC ACD BAND-S;;;;79;;
1;3;2094;1;4209,8103;3422,61;SF HA/DR5.1WIN TIER 3 STD LIC REW BAND-D;21021896;;SF HA/DR5.1WIN TIER 3 STD LIC REW BAND-D;SF HA/DR5.1WIN TIER 3 STD LIC REW BAND-D;SF HA/DR5.1WIN TIER 3 STD LIC REW BAND-D;SF HA/DR5.1WIN TIER 3 STD LIC REW BAND-D;;;;79;;
1;3;2094;1;4431,3702;3602,74;GOV SF HA/DR 5.1 WIN PER CPU T3 STD LIC S;21021897;;GOV SF HA/DR 5.1 WIN PER CPU T3 STD LIC S;GOV SF HA/DR 5.1 WIN PER CPU T3 STD LIC S;GOV SF HA/DR 5.1 WIN PER CPU T3 STD LIC S;GOV SF HA/DR 5.1 WIN PER CPU T3 STD LIC S;;;;79;;
1;3;2094;1;4431,3702;3602,74;EXP SF HA/DR 5.1 WIN PER CPU T3 STD LIC S;21021898;;EXP SF HA/DR 5.1 WIN PER CPU T3 STD LIC S;EXP SF HA/DR 5.1 WIN PER CPU T3 STD LIC S;EXP SF HA/DR 5.1 WIN PER CPU T3 STD LIC S;EXP SF HA/DR 5.1 WIN PER CPU T3 STD LIC S;;;;79;;
1;3;2094;1;975,8328;793,36;SF HA/DR5.1WINPCPU TIER 3 BAS REW BAND-E;21021899;;SF HA/DR5.1WINPCPU TIER 3 BAS REW BAND-E;SF HA/DR5.1WINPCPU TIER 3 BAS REW BAND-E;SF HA/DR5.1WINPCPU TIER 3 BAS REW BAND-E;SF HA/DR5.1WINPCPU TIER 3 BAS REW BAND-E;;;;79;;
1;3;2094;1;1054,9464;857,68;SF HA/DR5.1WINPCPU TIER 3 BAS EXP BAND-S;21021900;;SF HA/DR5.1WINPCPU TIER 3 BAS EXP BAND-S;SF HA/DR5.1WINPCPU TIER 3 BAS EXP BAND-S;SF HA/DR5.1WINPCPU TIER 3 BAS EXP BAND-S;SF HA/DR5.1WINPCPU TIER 3 BAS EXP BAND-S;;;;79;;
1;3;2094;1;1347,9939;1095,93;SF HA/DR5.1WINPCPU TIER 3 ESS REW BAND-B;21021901;;SF HA/DR5.1WINPCPU TIER 3 ESS REW BAND-B;SF HA/DR5.1WINPCPU TIER 3 ESS REW BAND-B;SF HA/DR5.1WINPCPU TIER 3 ESS REW BAND-B;SF HA/DR5.1WINPCPU TIER 3 ESS REW BAND-B;;;;79;;
1;3;2094;1;1019,2149;828,63;REW TSPP STOR FOUND HA/DR 5.1 WIN CPU T3 ESS 12M A;21021907;;REW TSPP STOR FOUND HA/DR 5.1 WIN CPU T3 ESS 12M A;REW TSPP STOR FOUND HA/DR 5.1 WIN CPU T3 ESS 12M A;REW TSPP STOR FOUND HA/DR 5.1 WIN CPU T3 ESS 12M A;REW TSPP STOR FOUND HA/DR 5.1 WIN CPU T3 ESS 12M A;;;;79;;
1;3;2094;1;1019,2149;828,63;REW TSPP STOR FOUND HA/DR 5.1 WIN CPU T3 ESS 12M B;21021908;;REW TSPP STOR FOUND HA/DR 5.1 WIN CPU T3 ESS 12M B;REW TSPP STOR FOUND HA/DR 5.1 WIN CPU T3 ESS 12M B;REW TSPP STOR FOUND HA/DR 5.1 WIN CPU T3 ESS 12M B;REW TSPP STOR FOUND HA/DR 5.1 WIN CPU T3 ESS 12M B;;;;79;;
1;3;2094;1;534,1521;434,27;EXP TSPP STOR FOUND HA/DR 5.1 WIN CPU T1 BAS 12M S;21021910;;EXP TSPP STOR FOUND HA/DR 5.1 WIN CPU T1 BAS 12M S;EXP TSPP STOR FOUND HA/DR 5.1 WIN CPU T1 BAS 12M S;EXP TSPP STOR FOUND HA/DR 5.1 WIN CPU T1 BAS 12M S;EXP TSPP STOR FOUND HA/DR 5.1 WIN CPU T1 BAS 12M S;;;;79;;
1;3;2094;1;534,1521;434,27;AE TSPP STOR FOUND HA/DR 5.1 WIN CPU T1 BAS 12M S;21021911;;AE TSPP STOR FOUND HA/DR 5.1 WIN CPU T1 BAS 12M S;AE TSPP STOR FOUND HA/DR 5.1 WIN CPU T1 BAS 12M S;AE TSPP STOR FOUND HA/DR 5.1 WIN CPU T1 BAS 12M S;AE TSPP STOR FOUND HA/DR 5.1 WIN CPU T1 BAS 12M S;;;;79;;
1;3;2094;1;3544,2204;2881,48;SF HA/DR5.1WIN TIER 2 STD LIC REW BAND-A;21021916;;SF HA/DR5.1WIN TIER 2 STD LIC REW BAND-A;SF HA/DR5.1WIN TIER 2 STD LIC REW BAND-A;SF HA/DR5.1WIN TIER 2 STD LIC REW BAND-A;SF HA/DR5.1WIN TIER 2 STD LIC REW BAND-A;;;;79;;
1;3;2094;1;3544,2204;2881,48;SF HA/DR5.1WIN TIER 2 STD LIC REW BAND-B;21021917;;SF HA/DR5.1WIN TIER 2 STD LIC REW BAND-B;SF HA/DR5.1WIN TIER 2 STD LIC REW BAND-B;SF HA/DR5.1WIN TIER 2 STD LIC REW BAND-B;SF HA/DR5.1WIN TIER 2 STD LIC REW BAND-B;;;;79;;
1;3;2094;1;1024,2333;832,71;SF HA/DR5.1WINPCPU TIER 2 ESS REW BAND-D;21021919;;SF HA/DR5.1WINPCPU TIER 2 ESS REW BAND-D;SF HA/DR5.1WINPCPU TIER 2 ESS REW BAND-D;SF HA/DR5.1WINPCPU TIER 2 ESS REW BAND-D;SF HA/DR5.1WINPCPU TIER 2 ESS REW BAND-D;;;;79;;
1;3;2094;1;637,9518;518,66;REW TSPP STOR FOUND HA/DR 5.1 WIN CPU T2 BAS 12M B;21021920;;REW TSPP STOR FOUND HA/DR 5.1 WIN CPU T2 BAS 12M B;REW TSPP STOR FOUND HA/DR 5.1 WIN CPU T2 BAS 12M B;REW TSPP STOR FOUND HA/DR 5.1 WIN CPU T2 BAS 12M B;REW TSPP STOR FOUND HA/DR 5.1 WIN CPU T2 BAS 12M B;;;;79;;
1;3;2094;1;590,1171;479,77;REW TSPP STOR FOUND HA/DR 5.1 WIN CPU T2 BAS 12M E;21021921;;REW TSPP STOR FOUND HA/DR 5.1 WIN CPU T2 BAS 12M E;REW TSPP STOR FOUND HA/DR 5.1 WIN CPU T2 BAS 12M E;REW TSPP STOR FOUND HA/DR 5.1 WIN CPU T2 BAS 12M E;REW TSPP STOR FOUND HA/DR 5.1 WIN CPU T2 BAS 12M E;;;;79;;
1;3;2094;1;637,9518;518,66;AE TSPP STOR FOUND HA/DR 5.1 WIN CPU T2 BAS 12M S;21021922;;AE TSPP STOR FOUND HA/DR 5.1 WIN CPU T2 BAS 12M S;AE TSPP STOR FOUND HA/DR 5.1 WIN CPU T2 BAS 12M S;AE TSPP STOR FOUND HA/DR 5.1 WIN CPU T2 BAS 12M S;AE TSPP STOR FOUND HA/DR 5.1 WIN CPU T2 BAS 12M S;;;;79;;
1;3;2094;1;1002,2163;814,81;SF HA/DR5.1WINPCPU TIER 3 BAS REW BAND-D;21021926;;SF HA/DR5.1WINPCPU TIER 3 BAS REW BAND-D;SF HA/DR5.1WINPCPU TIER 3 BAS REW BAND-D;SF HA/DR5.1WINPCPU TIER 3 BAS REW BAND-D;SF HA/DR5.1WINPCPU TIER 3 BAS REW BAND-D;;;;79;;
1;3;2094;1;968,2437;787,19;REW TSPP STOR FOUND HA/DR 5.1 WIN CPU T3 ESS 12M D;21021929;;REW TSPP STOR FOUND HA/DR 5.1 WIN CPU T3 ESS 12M D;REW TSPP STOR FOUND HA/DR 5.1 WIN CPU T3 ESS 12M D;REW TSPP STOR FOUND HA/DR 5.1 WIN CPU T3 ESS 12M D;REW TSPP STOR FOUND HA/DR 5.1 WIN CPU T3 ESS 12M D;;;;79;;
1;3;2094;1;1019,2149;828,63;GOV TSPP STOR FOUND HA/DR 5.1 WIN CPU T3 ESS 12M S;21021930;;GOV TSPP STOR FOUND HA/DR 5.1 WIN CPU T3 ESS 12M S;GOV TSPP STOR FOUND HA/DR 5.1 WIN CPU T3 ESS 12M S;GOV TSPP STOR FOUND HA/DR 5.1 WIN CPU T3 ESS 12M S;GOV TSPP STOR FOUND HA/DR 5.1 WIN CPU T3 ESS 12M S;;;;79;;
1;3;2094;1;1019,2149;828,63;AE TSPP STOR FOUND HA/DR 5.1 WIN CPU T3 ESS 12M S;21021931;;AE TSPP STOR FOUND HA/DR 5.1 WIN CPU T3 ESS 12M S;AE TSPP STOR FOUND HA/DR 5.1 WIN CPU T3 ESS 12M S;AE TSPP STOR FOUND HA/DR 5.1 WIN CPU T3 ESS 12M S;AE TSPP STOR FOUND HA/DR 5.1 WIN CPU T3 ESS 12M S;;;;79;;
1;3;2094;1;2745,0033;2231,71;SF HA/DR5.1WIN TIER 1 STD LIC REW BAND-E;21021932;;SF HA/DR5.1WIN TIER 1 STD LIC REW BAND-E;SF HA/DR5.1WIN TIER 1 STD LIC REW BAND-E;SF HA/DR5.1WIN TIER 1 STD LIC REW BAND-E;SF HA/DR5.1WIN TIER 1 STD LIC REW BAND-E;;;;79;;
1;3;2094;1;2967,5595;2412,65;GOV SF HA/DR 5.1 WIN PER CPU T1 STD LIC S;21021933;;GOV SF HA/DR 5.1 WIN PER CPU T1 STD LIC S;GOV SF HA/DR 5.1 WIN PER CPU T1 STD LIC S;GOV SF HA/DR 5.1 WIN PER CPU T1 STD LIC S;GOV SF HA/DR 5.1 WIN PER CPU T1 STD LIC S;;;;79;;
1;3;2094;1;706,4628;574,36;SF HA/DR5.1WINPCPU TIER 1 BAS REW BAND-A;21021934;;SF HA/DR5.1WINPCPU TIER 1 BAS REW BAND-A;SF HA/DR5.1WINPCPU TIER 1 BAS REW BAND-A;SF HA/DR5.1WINPCPU TIER 1 BAS REW BAND-A;SF HA/DR5.1WINPCPU TIER 1 BAS REW BAND-A;;;;79;;
1;3;2094;1;706,4628;574,36;SF HA/DR5.1WINPCPU TIER 1 BAS REW BAND-B;21021935;;SF HA/DR5.1WINPCPU TIER 1 BAS REW BAND-B;SF HA/DR5.1WINPCPU TIER 1 BAS REW BAND-B;SF HA/DR5.1WINPCPU TIER 1 BAS REW BAND-B;SF HA/DR5.1WINPCPU TIER 1 BAS REW BAND-B;;;;79;;
1;3;2094;1;653,4744;531,28;SF HA/DR5.1WINPCPU TIER 1 BAS REW BAND-E;21021936;;SF HA/DR5.1WINPCPU TIER 1 BAS REW BAND-E;SF HA/DR5.1WINPCPU TIER 1 BAS REW BAND-E;SF HA/DR5.1WINPCPU TIER 1 BAS REW BAND-E;SF HA/DR5.1WINPCPU TIER 1 BAS REW BAND-E;;;;79;;
1;3;2094;1;857,5683;697,21;SF HA/DR5.1WINPCPU TIER 1 ESS REW BAND-D;21021937;;SF HA/DR5.1WINPCPU TIER 1 ESS REW BAND-D;SF HA/DR5.1WINPCPU TIER 1 ESS REW BAND-D;SF HA/DR5.1WINPCPU TIER 1 ESS REW BAND-D;SF HA/DR5.1WINPCPU TIER 1 ESS REW BAND-D;;;;79;;
1;3;2094;1;682,5393;554,91;REW TSPP STOR FOUND HA/DR 5.1 WIN CPU T1 ESS 12M A;21021939;;REW TSPP STOR FOUND HA/DR 5.1 WIN CPU T1 ESS 12M A;REW TSPP STOR FOUND HA/DR 5.1 WIN CPU T1 ESS 12M A;REW TSPP STOR FOUND HA/DR 5.1 WIN CPU T1 ESS 12M A;REW TSPP STOR FOUND HA/DR 5.1 WIN CPU T1 ESS 12M A;;;;79;;
1;3;2094;1;682,5393;554,91;AE TSPP STOR FOUND HA/DR 5.1 WIN CPU T1 ESS 12M S;21021940;;AE TSPP STOR FOUND HA/DR 5.1 WIN CPU T1 ESS 12M S;AE TSPP STOR FOUND HA/DR 5.1 WIN CPU T1 ESS 12M S;AE TSPP STOR FOUND HA/DR 5.1 WIN CPU T1 ESS 12M S;AE TSPP STOR FOUND HA/DR 5.1 WIN CPU T1 ESS 12M S;;;;79;;
1;3;2094;1;3278,4051;2665,37;SF HA/DR5.1WIN TIER 2 STD LIC REW BAND-E;21021941;;SF HA/DR5.1WIN TIER 2 STD LIC REW BAND-E;SF HA/DR5.1WIN TIER 2 STD LIC REW BAND-E;SF HA/DR5.1WIN TIER 2 STD LIC REW BAND-E;SF HA/DR5.1WIN TIER 2 STD LIC REW BAND-E;;;;79;;
1;3;2094;1;3544,2204;2881,48;GOV SF HA/DR 5.1 WIN PER CPU T2 STD LIC S;21021942;;GOV SF HA/DR 5.1 WIN PER CPU T2 STD LIC S;GOV SF HA/DR 5.1 WIN PER CPU T2 STD LIC S;GOV SF HA/DR 5.1 WIN PER CPU T2 STD LIC S;GOV SF HA/DR 5.1 WIN PER CPU T2 STD LIC S;;;;79;;
1;3;2094;1;801,5664;651,68;SF HA/DR5.1WINPCPU TIER 2 BAS REW BAND-D;21021943;;SF HA/DR5.1WINPCPU TIER 2 BAS REW BAND-D;SF HA/DR5.1WINPCPU TIER 2 BAS REW BAND-D;SF HA/DR5.1WINPCPU TIER 2 BAS REW BAND-D;SF HA/DR5.1WINPCPU TIER 2 BAS REW BAND-D;;;;79;;
1;3;2094;1;843,7431;685,97;SF HA/DR5.1WINPCPU TIER 2 BAS GOV BAND-S;21021944;;SF HA/DR5.1WINPCPU TIER 2 BAS GOV BAND-S;SF HA/DR5.1WINPCPU TIER 2 BAS GOV BAND-S;SF HA/DR5.1WINPCPU TIER 2 BAS GOV BAND-S;SF HA/DR5.1WINPCPU TIER 2 BAS GOV BAND-S;;;;79;;
1;3;2094;1;843,7431;685,97;SF HA/DR5.1WINPCPU TIER 2 BAS EXP BAND-S;21021945;;SF HA/DR5.1WINPCPU TIER 2 BAS EXP BAND-S;SF HA/DR5.1WINPCPU TIER 2 BAS EXP BAND-S;SF HA/DR5.1WINPCPU TIER 2 BAS EXP BAND-S;SF HA/DR5.1WINPCPU TIER 2 BAS EXP BAND-S;;;;79;;
1;3;2094;1;815,1702;662,74;REW TSPP STOR FOUND HA/DR 5.1 WIN CPU T2 ESS 12M A;21021947;;REW TSPP STOR FOUND HA/DR 5.1 WIN CPU T2 ESS 12M A;REW TSPP STOR FOUND HA/DR 5.1 WIN CPU T2 ESS 12M A;REW TSPP STOR FOUND HA/DR 5.1 WIN CPU T2 ESS 12M A;REW TSPP STOR FOUND HA/DR 5.1 WIN CPU T2 ESS 12M A;;;;79;;
1;3;2094;1;4099,0365;3332,55;SF HA/DR5.1WIN TIER 3 STD LIC REW BAND-E;21021949;;SF HA/DR5.1WIN TIER 3 STD LIC REW BAND-E;SF HA/DR5.1WIN TIER 3 STD LIC REW BAND-E;SF HA/DR5.1WIN TIER 3 STD LIC REW BAND-E;SF HA/DR5.1WIN TIER 3 STD LIC REW BAND-E;;;;79;;
1;3;2094;1;1054,9464;857,68;SF HA/DR5.1WINPCPU TIER 3 BAS REW BAND-B;21021950;;SF HA/DR5.1WINPCPU TIER 3 BAS REW BAND-B;SF HA/DR5.1WINPCPU TIER 3 BAS REW BAND-B;SF HA/DR5.1WINPCPU TIER 3 BAS REW BAND-B;SF HA/DR5.1WINPCPU TIER 3 BAS REW BAND-B;;;;79;;
1;3;2094;1;1347,9939;1095,93;SF HA/DR5.1WINPCPU TIER 3 ESS REW BAND-A;21021951;;SF HA/DR5.1WINPCPU TIER 3 ESS REW BAND-A;SF HA/DR5.1WINPCPU TIER 3 ESS REW BAND-A;SF HA/DR5.1WINPCPU TIER 3 ESS REW BAND-A;SF HA/DR5.1WINPCPU TIER 3 ESS REW BAND-A;;;;79;;
1;3;2094;1;1246,9002;1013,74;SF HA/DR5.1WINPCPU TIER 3 ESS REW BAND-E;21021952;;SF HA/DR5.1WINPCPU TIER 3 ESS REW BAND-E;SF HA/DR5.1WINPCPU TIER 3 ESS REW BAND-E;SF HA/DR5.1WINPCPU TIER 3 ESS REW BAND-E;SF HA/DR5.1WINPCPU TIER 3 ESS REW BAND-E;;;;79;;
1;3;2094;1;797,655;648,5;REW TSPP STOR FOUND HA/DR 5.1 WIN CPU T3 BAS 12M B;21021953;;REW TSPP STOR FOUND HA/DR 5.1 WIN CPU T3 BAS 12M B;REW TSPP STOR FOUND HA/DR 5.1 WIN CPU T3 BAS 12M B;REW TSPP STOR FOUND HA/DR 5.1 WIN CPU T3 BAS 12M B;REW TSPP STOR FOUND HA/DR 5.1 WIN CPU T3 BAS 12M B;;;;79;;
1;3;2094;1;132,84;108;VRTSCLTSRV5.1WINCPUI/OSUBXSPB-CESS1M;21021996;;VRTSCLTSRV5.1WINCPUI/OSUBXSPB-CESS1M;VRTSCLTSRV5.1WINCPUI/OSUBXSPB-CESS1M;VRTSCLTSRV5.1WINCPUI/OSUBXSPB-CESS1M;VRTSCLTSRV5.1WINCPUI/OSUBXSPB-CESS1M;;;;79;;
1;3;2094;1;132,84;108;VRTSCLTSRV5.1WINCPUI/OSUBXSPB-DESS1M;21021997;;VRTSCLTSRV5.1WINCPUI/OSUBXSPB-DESS1M;VRTSCLTSRV5.1WINCPUI/OSUBXSPB-DESS1M;VRTSCLTSRV5.1WINCPUI/OSUBXSPB-DESS1M;VRTSCLTSRV5.1WINCPUI/OSUBXSPB-DESS1M;;;;79;;
1;3;2094;1;153,0735;124,45;VRTS CLUSTER SERVER BAND E ESSENTIAL 1MO;21021998;;VRTS CLUSTER SERVER BAND E ESSENTIAL 1MO;VRTS CLUSTER SERVER BAND E ESSENTIAL 1MO;VRTS CLUSTER SERVER BAND E ESSENTIAL 1MO;VRTS CLUSTER SERVER BAND E ESSENTIAL 1MO;;;;79;;
1;3;2094;1;160,4412;130,44;VRTS STORAGE FOUNDATBAND D ESSENTIAL 1MO;21022006;;VRTS STORAGE FOUNDATBAND D ESSENTIAL 1MO;VRTS STORAGE FOUNDATBAND D ESSENTIAL 1MO;VRTS STORAGE FOUNDATBAND D ESSENTIAL 1MO;VRTS STORAGE FOUNDATBAND D ESSENTIAL 1MO;;;;79;;
1;3;2094;1;156,21;127;VRTS STORAGE FOUNDATBAND E ESSENTIAL 1MO;21022007;;VRTS STORAGE FOUNDATBAND E ESSENTIAL 1MO;VRTS STORAGE FOUNDATBAND E ESSENTIAL 1MO;VRTS STORAGE FOUNDATBAND E ESSENTIAL 1MO;VRTS STORAGE FOUNDATBAND E ESSENTIAL 1MO;;;;79;;
1;3;2094;1;238,3986;193,82;VRTS STORAGE FOUNDATBAND D ESSENTIAL 1MO;21022008;;VRTS STORAGE FOUNDATBAND D ESSENTIAL 1MO;VRTS STORAGE FOUNDATBAND D ESSENTIAL 1MO;VRTS STORAGE FOUNDATBAND D ESSENTIAL 1MO;VRTS STORAGE FOUNDATBAND D ESSENTIAL 1MO;;;;79;;
1;3;2094;1;232,1256;188,72;VRTS STORAGE FOUNDATBAND E ESSENTIAL 1MO;21022009;;VRTS STORAGE FOUNDATBAND E ESSENTIAL 1MO;VRTS STORAGE FOUNDATBAND E ESSENTIAL 1MO;VRTS STORAGE FOUNDATBAND E ESSENTIAL 1MO;VRTS STORAGE FOUNDATBAND E ESSENTIAL 1MO;;;;79;;
1;3;2094;1;24,0342;19,54;VRTS STORAGE FOUNDATBAND D ESSENTIAL 1MO;21022011;;VRTS STORAGE FOUNDATBAND D ESSENTIAL 1MO;VRTS STORAGE FOUNDATBAND D ESSENTIAL 1MO;VRTS STORAGE FOUNDATBAND D ESSENTIAL 1MO;VRTS STORAGE FOUNDATBAND D ESSENTIAL 1MO;;;;79;;
1;3;2094;1;23,4069;19,03;VRTS STORAGE FOUNDATBAND E ESSENTIAL 1MO;21022012;;VRTS STORAGE FOUNDATBAND E ESSENTIAL 1MO;VRTS STORAGE FOUNDATBAND E ESSENTIAL 1MO;VRTS STORAGE FOUNDATBAND E ESSENTIAL 1MO;VRTS STORAGE FOUNDATBAND E ESSENTIAL 1MO;;;;79;;
1;3;2094;1;26,9493;21,91;VRTS STORAGE FOUNDATBAND D ESSENTIAL 1MO;21022014;;VRTS STORAGE FOUNDATBAND D ESSENTIAL 1MO;VRTS STORAGE FOUNDATBAND D ESSENTIAL 1MO;VRTS STORAGE FOUNDATBAND D ESSENTIAL 1MO;VRTS STORAGE FOUNDATBAND D ESSENTIAL 1MO;;;;79;;
1;3;2094;1;26,2359;21,33;VRTS STORAGE FOUNDATBAND E ESSENTIAL 1MO;21022015;;VRTS STORAGE FOUNDATBAND E ESSENTIAL 1MO;VRTS STORAGE FOUNDATBAND E ESSENTIAL 1MO;VRTS STORAGE FOUNDATBAND E ESSENTIAL 1MO;VRTS STORAGE FOUNDATBAND E ESSENTIAL 1MO;;;;79;;
1;3;2094;1;9,8031;7,97;VRTS STORAGE FOUNDATBAND E ESSENTIAL 1MO;21022017;;VRTS STORAGE FOUNDATBAND E ESSENTIAL 1MO;VRTS STORAGE FOUNDATBAND E ESSENTIAL 1MO;VRTS STORAGE FOUNDATBAND E ESSENTIAL 1MO;VRTS STORAGE FOUNDATBAND E ESSENTIAL 1MO;;;;79;;
1;3;2094;1;138,8178;112,86;VRTS STORAGE FOUNDATBAND E ESSENTIAL 1MO;21022019;;VRTS STORAGE FOUNDATBAND E ESSENTIAL 1MO;VRTS STORAGE FOUNDATBAND E ESSENTIAL 1MO;VRTS STORAGE FOUNDATBAND E ESSENTIAL 1MO;VRTS STORAGE FOUNDATBAND E ESSENTIAL 1MO;;;;79;;
1;3;2094;1;102,2253;83,11;VRTS STORAGE FOUNDATBAND A ESSENTIAL 1MO;21022022;;VRTS STORAGE FOUNDATBAND A ESSENTIAL 1MO;VRTS STORAGE FOUNDATBAND A ESSENTIAL 1MO;VRTS STORAGE FOUNDATBAND A ESSENTIAL 1MO;VRTS STORAGE FOUNDATBAND A ESSENTIAL 1MO;;;;79;;
1;3;2094;1;194,5245;158,15;VRTS STORAGE FOUNDATBAND B ESSENTIAL 1MO;21022023;;VRTS STORAGE FOUNDATBAND B ESSENTIAL 1MO;VRTS STORAGE FOUNDATBAND B ESSENTIAL 1MO;VRTS STORAGE FOUNDATBAND B ESSENTIAL 1MO;VRTS STORAGE FOUNDATBAND B ESSENTIAL 1MO;;;;79;;
1;3;2094;1;184,8075;150,25;VRTS STORAGE FOUNDATBAND C ESSENTIAL 1MO;21022024;;VRTS STORAGE FOUNDATBAND C ESSENTIAL 1MO;VRTS STORAGE FOUNDATBAND C ESSENTIAL 1MO;VRTS STORAGE FOUNDATBAND C ESSENTIAL 1MO;VRTS STORAGE FOUNDATBAND C ESSENTIAL 1MO;;;;79;;
1;3;2094;1;264,3762;214,94;VRTS STORAGE FOUNDATBAND D ESSENTIAL 1MO;21022025;;VRTS STORAGE FOUNDATBAND D ESSENTIAL 1MO;VRTS STORAGE FOUNDATBAND D ESSENTIAL 1MO;VRTS STORAGE FOUNDATBAND D ESSENTIAL 1MO;VRTS STORAGE FOUNDATBAND D ESSENTIAL 1MO;;;;79;;
1;3;2094;1;257,4021;209,27;VRTS STORAGE FOUNDATBAND E ESSENTIAL 1MO;21022026;;VRTS STORAGE FOUNDATBAND E ESSENTIAL 1MO;VRTS STORAGE FOUNDATBAND E ESSENTIAL 1MO;VRTS STORAGE FOUNDATBAND E ESSENTIAL 1MO;VRTS STORAGE FOUNDATBAND E ESSENTIAL 1MO;;;;79;;
1;3;2094;1;264,3762;214,94;VRTS STORAGE FOUNDATBAND C ESSENTIAL 1MO;21022027;;VRTS STORAGE FOUNDATBAND C ESSENTIAL 1MO;VRTS STORAGE FOUNDATBAND C ESSENTIAL 1MO;VRTS STORAGE FOUNDATBAND C ESSENTIAL 1MO;VRTS STORAGE FOUNDATBAND C ESSENTIAL 1MO;;;;79;;
1;3;2094;1;102,2253;83,11;VRTS STORAGE FOUNDATBAND B ESSENTIAL 1MO;21022048;;VRTS STORAGE FOUNDATBAND B ESSENTIAL 1MO;VRTS STORAGE FOUNDATBAND B ESSENTIAL 1MO;VRTS STORAGE FOUNDATBAND B ESSENTIAL 1MO;VRTS STORAGE FOUNDATBAND B ESSENTIAL 1MO;;;;79;;
1;3;2094;1;97,1085;78,95;VRTS STORAGE FOUNDATBAND C ESSENTIAL 1MO;21022049;;VRTS STORAGE FOUNDATBAND C ESSENTIAL 1MO;VRTS STORAGE FOUNDATBAND C ESSENTIAL 1MO;VRTS STORAGE FOUNDATBAND C ESSENTIAL 1MO;VRTS STORAGE FOUNDATBAND C ESSENTIAL 1MO;;;;79;;
1;3;2094;1;10,6026;8,62;VRTS STORAGE FOUNDATBAND A ESSENTIAL 1MO;21022050;;VRTS STORAGE FOUNDATBAND A ESSENTIAL 1MO;VRTS STORAGE FOUNDATBAND A ESSENTIAL 1MO;VRTS STORAGE FOUNDATBAND A ESSENTIAL 1MO;VRTS STORAGE FOUNDATBAND A ESSENTIAL 1MO;;;;79;;
1;3;2094;1;139,8264;113,68;VRTSCLTSRV5.1WINCPUI/OSUBXSPB-AESS1M;21022053;;VRTSCLTSRV5.1WINCPUI/OSUBXSPB-AESS1M;VRTSCLTSRV5.1WINCPUI/OSUBXSPB-AESS1M;VRTSCLTSRV5.1WINCPUI/OSUBXSPB-AESS1M;VRTSCLTSRV5.1WINCPUI/OSUBXSPB-AESS1M;;;;79;;
1;3;2094;1;165,4842;134,54;VRTS CLUSTER SERVER BAND B ESSENTIAL 1MO;21022054;;VRTS CLUSTER SERVER BAND B ESSENTIAL 1MO;VRTS CLUSTER SERVER BAND B ESSENTIAL 1MO;VRTS CLUSTER SERVER BAND B ESSENTIAL 1MO;VRTS CLUSTER SERVER BAND B ESSENTIAL 1MO;;;;79;;
1;3;2094;1;157,2063;127,81;VRTS CLUSTER SERVER BAND C ESSENTIAL 1MO;21022055;;VRTS CLUSTER SERVER BAND C ESSENTIAL 1MO;VRTS CLUSTER SERVER BAND C ESSENTIAL 1MO;VRTS CLUSTER SERVER BAND C ESSENTIAL 1MO;VRTS CLUSTER SERVER BAND C ESSENTIAL 1MO;;;;79;;
1;3;2094;1;53,259;43,3;VRTSSTGFDTN5.1WINCPUI/OSUBXSPB-DESS1M;21022056;;VRTSSTGFDTN5.1WINCPUI/OSUBXSPB-DESS1M;VRTSSTGFDTN5.1WINCPUI/OSUBXSPB-DESS1M;VRTSSTGFDTN5.1WINCPUI/OSUBXSPB-DESS1M;VRTSSTGFDTN5.1WINCPUI/OSUBXSPB-DESS1M;;;;79;;
1;3;2094;1;51,8568;42,16;VRTSSTGFDTN5.1WINCPUI/OSUBXSPB-EESS1M;21022057;;VRTSSTGFDTN5.1WINCPUI/OSUBXSPB-EESS1M;VRTSSTGFDTN5.1WINCPUI/OSUBXSPB-EESS1M;VRTSSTGFDTN5.1WINCPUI/OSUBXSPB-EESS1M;VRTSSTGFDTN5.1WINCPUI/OSUBXSPB-EESS1M;;;;79;;
1;3;2094;1;168,8913;137,31;VRTS STORAGE FOUNDATBAND A ESSENTIAL 1MO;21022062;;VRTS STORAGE FOUNDATBAND A ESSENTIAL 1MO;VRTS STORAGE FOUNDATBAND A ESSENTIAL 1MO;VRTS STORAGE FOUNDATBAND A ESSENTIAL 1MO;VRTS STORAGE FOUNDATBAND A ESSENTIAL 1MO;;;;79;;
1;3;2094;1;168,8913;137,31;VRTS STORAGE FOUNDATBAND B ESSENTIAL 1MO;21022063;;VRTS STORAGE FOUNDATBAND B ESSENTIAL 1MO;VRTS STORAGE FOUNDATBAND B ESSENTIAL 1MO;VRTS STORAGE FOUNDATBAND B ESSENTIAL 1MO;VRTS STORAGE FOUNDATBAND B ESSENTIAL 1MO;;;;79;;
1;3;2094;1;250,9569;204,03;VRTS STORAGE FOUNDATBAND A ESSENTIAL 1MO;21022064;;VRTS STORAGE FOUNDATBAND A ESSENTIAL 1MO;VRTS STORAGE FOUNDATBAND A ESSENTIAL 1MO;VRTS STORAGE FOUNDATBAND A ESSENTIAL 1MO;VRTS STORAGE FOUNDATBAND A ESSENTIAL 1MO;;;;79;;
1;3;2094;1;250,9569;204,03;VRTS STORAGE FOUNDATBAND B ESSENTIAL 1MO;21022065;;VRTS STORAGE FOUNDATBAND B ESSENTIAL 1MO;VRTS STORAGE FOUNDATBAND B ESSENTIAL 1MO;VRTS STORAGE FOUNDATBAND B ESSENTIAL 1MO;VRTS STORAGE FOUNDATBAND B ESSENTIAL 1MO;;;;79;;
1;3;2094;1;238,3986;193,82;VRTS STORAGE FOUNDATBAND C ESSENTIAL 1MO;21022066;;VRTS STORAGE FOUNDATBAND C ESSENTIAL 1MO;VRTS STORAGE FOUNDATBAND C ESSENTIAL 1MO;VRTS STORAGE FOUNDATBAND C ESSENTIAL 1MO;VRTS STORAGE FOUNDATBAND C ESSENTIAL 1MO;;;;79;;
1;3;2094;1;25,3011;20,57;VRTS STORAGE FOUNDATBAND A ESSENTIAL 1MO;21022067;;VRTS STORAGE FOUNDATBAND A ESSENTIAL 1MO;VRTS STORAGE FOUNDATBAND A ESSENTIAL 1MO;VRTS STORAGE FOUNDATBAND A ESSENTIAL 1MO;VRTS STORAGE FOUNDATBAND A ESSENTIAL 1MO;;;;79;;
1;3;2094;1;25,3011;20,57;VRTS STORAGE FOUNDATBAND B ESSENTIAL 1MO;21022068;;VRTS STORAGE FOUNDATBAND B ESSENTIAL 1MO;VRTS STORAGE FOUNDATBAND B ESSENTIAL 1MO;VRTS STORAGE FOUNDATBAND B ESSENTIAL 1MO;VRTS STORAGE FOUNDATBAND B ESSENTIAL 1MO;;;;79;;
1;3;2094;1;24,0342;19,54;VRTS STORAGE FOUNDATBAND C ESSENTIAL 1MO;21022069;;VRTS STORAGE FOUNDATBAND C ESSENTIAL 1MO;VRTS STORAGE FOUNDATBAND C ESSENTIAL 1MO;VRTS STORAGE FOUNDATBAND C ESSENTIAL 1MO;VRTS STORAGE FOUNDATBAND C ESSENTIAL 1MO;;;;79;;
1;3;2094;1;28,3761;23,07;VRTS STORAGE FOUNDATBAND A ESSENTIAL 1MO;21022070;;VRTS STORAGE FOUNDATBAND A ESSENTIAL 1MO;VRTS STORAGE FOUNDATBAND A ESSENTIAL 1MO;VRTS STORAGE FOUNDATBAND A ESSENTIAL 1MO;VRTS STORAGE FOUNDATBAND A ESSENTIAL 1MO;;;;79;;
1;3;2094;1;28,3761;23,07;VRTS STORAGE FOUNDATBAND B ESSENTIAL 1MO;21022071;;VRTS STORAGE FOUNDATBAND B ESSENTIAL 1MO;VRTS STORAGE FOUNDATBAND B ESSENTIAL 1MO;VRTS STORAGE FOUNDATBAND B ESSENTIAL 1MO;VRTS STORAGE FOUNDATBAND B ESSENTIAL 1MO;;;;79;;
1;3;2094;1;26,9493;21,91;VRTS STORAGE FOUNDATBAND C ESSENTIAL 1MO;21022072;;VRTS STORAGE FOUNDATBAND C ESSENTIAL 1MO;VRTS STORAGE FOUNDATBAND C ESSENTIAL 1MO;VRTS STORAGE FOUNDATBAND C ESSENTIAL 1MO;VRTS STORAGE FOUNDATBAND C ESSENTIAL 1MO;;;;79;;
1;3;2094;1;10,6026;8,62;VRTS STORAGE FOUNDATBAND B ESSENTIAL 1MO;21022073;;VRTS STORAGE FOUNDATBAND B ESSENTIAL 1MO;VRTS STORAGE FOUNDATBAND B ESSENTIAL 1MO;VRTS STORAGE FOUNDATBAND B ESSENTIAL 1MO;VRTS STORAGE FOUNDATBAND B ESSENTIAL 1MO;;;;79;;
1;3;2094;1;10,0737;8,19;VRTS STORAGE FOUNDATBAND C ESSENTIAL 1MO;21022074;;VRTS STORAGE FOUNDATBAND C ESSENTIAL 1MO;VRTS STORAGE FOUNDATBAND C ESSENTIAL 1MO;VRTS STORAGE FOUNDATBAND C ESSENTIAL 1MO;VRTS STORAGE FOUNDATBAND C ESSENTIAL 1MO;;;;79;;
1;3;2094;1;129,3468;105,16;VRTSCLTSRV5.1WINCPUI/OSUBXSPB-EESS1M;21022075;;VRTSCLTSRV5.1WINCPUI/OSUBXSPB-EESS1M;VRTSCLTSRV5.1WINCPUI/OSUBXSPB-EESS1M;VRTSCLTSRV5.1WINCPUI/OSUBXSPB-EESS1M;VRTSCLTSRV5.1WINCPUI/OSUBXSPB-EESS1M;;;;79;;
1;3;2094;1;278,2875;226,25;VRTS STORAGE FOUNDATBAND A ESSENTIAL 1MO;21022083;;VRTS STORAGE FOUNDATBAND A ESSENTIAL 1MO;VRTS STORAGE FOUNDATBAND A ESSENTIAL 1MO;VRTS STORAGE FOUNDATBAND A ESSENTIAL 1MO;VRTS STORAGE FOUNDATBAND A ESSENTIAL 1MO;;;;79;;
1;3;2094;1;278,2875;226,25;VRTS STORAGE FOUNDATBAND B ESSENTIAL 1MO;21022084;;VRTS STORAGE FOUNDATBAND B ESSENTIAL 1MO;VRTS STORAGE FOUNDATBAND B ESSENTIAL 1MO;VRTS STORAGE FOUNDATBAND B ESSENTIAL 1MO;VRTS STORAGE FOUNDATBAND B ESSENTIAL 1MO;;;;79;;
1;3;2094;1;184,8075;150,25;VRTS STORAGE FOUNDATBAND D ESSENTIAL 1MO;21022093;;VRTS STORAGE FOUNDATBAND D ESSENTIAL 1MO;VRTS STORAGE FOUNDATBAND D ESSENTIAL 1MO;VRTS STORAGE FOUNDATBAND D ESSENTIAL 1MO;VRTS STORAGE FOUNDATBAND D ESSENTIAL 1MO;;;;79;;
1;3;2094;1;179,9367;146,29;VRTS STORAGE FOUNDATBAND E ESSENTIAL 1MO;21022094;;VRTS STORAGE FOUNDATBAND E ESSENTIAL 1MO;VRTS STORAGE FOUNDATBAND E ESSENTIAL 1MO;VRTS STORAGE FOUNDATBAND E ESSENTIAL 1MO;VRTS STORAGE FOUNDATBAND E ESSENTIAL 1MO;;;;79;;
1;3;2094;1;56,0634;45,58;VRTSSTGFDTN5.1WINCPUI/OSUBXSPB-AESS1M;21022109;;VRTSSTGFDTN5.1WINCPUI/OSUBXSPB-AESS1M;VRTSSTGFDTN5.1WINCPUI/OSUBXSPB-AESS1M;VRTSSTGFDTN5.1WINCPUI/OSUBXSPB-AESS1M;VRTSSTGFDTN5.1WINCPUI/OSUBXSPB-AESS1M;;;;79;;
1;3;2094;1;56,0634;45,58;VRTSSTGFDTN5.1WINCPUI/OSUBXSPB-BESS1M;21022110;;VRTSSTGFDTN5.1WINCPUI/OSUBXSPB-BESS1M;VRTSSTGFDTN5.1WINCPUI/OSUBXSPB-BESS1M;VRTSSTGFDTN5.1WINCPUI/OSUBXSPB-BESS1M;VRTSSTGFDTN5.1WINCPUI/OSUBXSPB-BESS1M;;;;79;;
1;3;2094;1;97,1085;78,95;VRTS STORAGE FOUNDATBAND D ESSENTIAL 1MO;21022111;;VRTS STORAGE FOUNDATBAND D ESSENTIAL 1MO;VRTS STORAGE FOUNDATBAND D ESSENTIAL 1MO;VRTS STORAGE FOUNDATBAND D ESSENTIAL 1MO;VRTS STORAGE FOUNDATBAND D ESSENTIAL 1MO;;;;79;;
1;3;2094;1;150,0846;122,02;VRTS STORAGE FOUNDATBAND B ESSENTIAL 1MO;21022113;;VRTS STORAGE FOUNDATBAND B ESSENTIAL 1MO;VRTS STORAGE FOUNDATBAND B ESSENTIAL 1MO;VRTS STORAGE FOUNDATBAND B ESSENTIAL 1MO;VRTS STORAGE FOUNDATBAND B ESSENTIAL 1MO;;;;79;;
1;3;2094;1;142,5816;115,92;VRTS STORAGE FOUNDATBAND C ESSENTIAL 1MO;21022114;;VRTS STORAGE FOUNDATBAND C ESSENTIAL 1MO;VRTS STORAGE FOUNDATBAND C ESSENTIAL 1MO;VRTS STORAGE FOUNDATBAND C ESSENTIAL 1MO;VRTS STORAGE FOUNDATBAND C ESSENTIAL 1MO;;;;79;;
1;3;2094;1;139,8264;113,68;VRTSCLTSRV5.1WINCPUI/OSUBXSPB-BESS1M;21022115;;VRTSCLTSRV5.1WINCPUI/OSUBXSPB-BESS1M;VRTSCLTSRV5.1WINCPUI/OSUBXSPB-BESS1M;VRTSCLTSRV5.1WINCPUI/OSUBXSPB-BESS1M;VRTSCLTSRV5.1WINCPUI/OSUBXSPB-BESS1M;;;;79;;
1;3;2094;1;157,2063;127,81;VRTS CLUSTER SERVER BAND D ESSENTIAL 1MO;21022116;;VRTS CLUSTER SERVER BAND D ESSENTIAL 1MO;VRTS CLUSTER SERVER BAND D ESSENTIAL 1MO;VRTS CLUSTER SERVER BAND D ESSENTIAL 1MO;VRTS CLUSTER SERVER BAND D ESSENTIAL 1MO;;;;79;;
1;3;2094;1;160,4412;130,44;VRTS STORAGE FOUNDATBAND C ESSENTIAL 1MO;21022120;;VRTS STORAGE FOUNDATBAND C ESSENTIAL 1MO;VRTS STORAGE FOUNDATBAND C ESSENTIAL 1MO;VRTS STORAGE FOUNDATBAND C ESSENTIAL 1MO;VRTS STORAGE FOUNDATBAND C ESSENTIAL 1MO;;;;79;;
1;3;2094;1;10,0737;8,19;VRTS STORAGE FOUNDATBAND D ESSENTIAL 1MO;21022121;;VRTS STORAGE FOUNDATBAND D ESSENTIAL 1MO;VRTS STORAGE FOUNDATBAND D ESSENTIAL 1MO;VRTS STORAGE FOUNDATBAND D ESSENTIAL 1MO;VRTS STORAGE FOUNDATBAND D ESSENTIAL 1MO;;;;79;;
1;3;2094;1;142,5816;115,92;VRTS STORAGE FOUNDATBAND D ESSENTIAL 1MO;21022122;;VRTS STORAGE FOUNDATBAND D ESSENTIAL 1MO;VRTS STORAGE FOUNDATBAND D ESSENTIAL 1MO;VRTS STORAGE FOUNDATBAND D ESSENTIAL 1MO;VRTS STORAGE FOUNDATBAND D ESSENTIAL 1MO;;;;79;;
1;3;2094;1;194,5245;158,15;VRTS STORAGE FOUNDATBAND A ESSENTIAL 1MO;21022126;;VRTS STORAGE FOUNDATBAND A ESSENTIAL 1MO;VRTS STORAGE FOUNDATBAND A ESSENTIAL 1MO;VRTS STORAGE FOUNDATBAND A ESSENTIAL 1MO;VRTS STORAGE FOUNDATBAND A ESSENTIAL 1MO;;;;79;;
1;3;2094;1;150,0846;122,02;VRTS STORAGE FOUNDATBAND A ESSENTIAL 1MO;21022135;;VRTS STORAGE FOUNDATBAND A ESSENTIAL 1MO;VRTS STORAGE FOUNDATBAND A ESSENTIAL 1MO;VRTS STORAGE FOUNDATBAND A ESSENTIAL 1MO;VRTS STORAGE FOUNDATBAND A ESSENTIAL 1MO;;;;79;;
1;3;2094;1;165,4842;134,54;VRTS CLUSTER SERVER BAND A ESSENTIAL 1MO;21022136;;VRTS CLUSTER SERVER BAND A ESSENTIAL 1MO;VRTS CLUSTER SERVER BAND A ESSENTIAL 1MO;VRTS CLUSTER SERVER BAND A ESSENTIAL 1MO;VRTS CLUSTER SERVER BAND A ESSENTIAL 1MO;;;;79;;
1;3;2094;1;53,259;43,3;VRTSSTGFDTN5.1WINCPUI/OSUBXSPB-CESS1M;21022137;;VRTSSTGFDTN5.1WINCPUI/OSUBXSPB-CESS1M;VRTSSTGFDTN5.1WINCPUI/OSUBXSPB-CESS1M;VRTSSTGFDTN5.1WINCPUI/OSUBXSPB-CESS1M;VRTSSTGFDTN5.1WINCPUI/OSUBXSPB-CESS1M;;;;79;;
1;3;2094;1;94,5501;76,87;VRTS STORAGE FOUNDATBAND E ESSENTIAL 1MO;21022138;;VRTS STORAGE FOUNDATBAND E ESSENTIAL 1MO;VRTS STORAGE FOUNDATBAND E ESSENTIAL 1MO;VRTS STORAGE FOUNDATBAND E ESSENTIAL 1MO;VRTS STORAGE FOUNDATBAND E ESSENTIAL 1MO;;;;79;;
1;3;2094;1;244,0443;198,41;REW STD 12MO DORADO REDCELL ADV MONITOR AVAYA 6.5 XPLAT 50U BA 60PT;21022290;;REW STD 12MO DORADO REDCELL ADV MONITOR AVAYA 6.5 XPLAT 50U BA 60PT;REW STD 12MO DORADO REDCELL ADV MONITOR AVAYA 6.5 XPLAT 50U BA 60PT;REW STD 12MO DORADO REDCELL ADV MONITOR AVAYA 6.5 XPLAT 50U BA 60PT;REW STD 12MO DORADO REDCELL ADV MONITOR AVAYA 6.5 XPLAT 50U BA 60PT;;;;79;;
1;3;2094;1;619,8708;503,96;REW STD 24MO DORADO REDCELL ADV MNTR AVAYA 6.5 XPLAT 50U BA 152PTS;21022292;;REW STD 24MO DORADO REDCELL ADV MNTR AVAYA 6.5 XPLAT 50U BA 152PTS;REW STD 24MO DORADO REDCELL ADV MNTR AVAYA 6.5 XPLAT 50U BA 152PTS;REW STD 24MO DORADO REDCELL ADV MNTR AVAYA 6.5 XPLAT 50U BA 152PTS;REW STD 24MO DORADO REDCELL ADV MNTR AVAYA 6.5 XPLAT 50U BA 152PTS;;;;79;;
1;3;2094;1;238,866;194,2;GOVT STD 12MO DORADO REDCELL ADV MONITOR AVAYA 6.5 XPLAT 50U BS;21022293;;GOVT STD 12MO DORADO REDCELL ADV MONITOR AVAYA 6.5 XPLAT 50U BS;GOVT STD 12MO DORADO REDCELL ADV MONITOR AVAYA 6.5 XPLAT 50U BS;GOVT STD 12MO DORADO REDCELL ADV MONITOR AVAYA 6.5 XPLAT 50U BS;GOVT STD 12MO DORADO REDCELL ADV MONITOR AVAYA 6.5 XPLAT 50U BS;;;;79;;
1;3;2094;1;606,7098;493,26;GOVT STD 24MO DORADO REDCELL ADV MONITOR AVAYA 6.5 XPLAT 50U BS;21022294;;GOVT STD 24MO DORADO REDCELL ADV MONITOR AVAYA 6.5 XPLAT 50U BS;GOVT STD 24MO DORADO REDCELL ADV MONITOR AVAYA 6.5 XPLAT 50U BS;GOVT STD 24MO DORADO REDCELL ADV MONITOR AVAYA 6.5 XPLAT 50U BS;GOVT STD 24MO DORADO REDCELL ADV MONITOR AVAYA 6.5 XPLAT 50U BS;;;;79;;
1;3;2094;1;974,5659;792,33;GOVT STD 36MO DORADO REDCELL ADV MONITOR AVAYA 6.5 XPLAT 50U BS;21022295;;GOVT STD 36MO DORADO REDCELL ADV MONITOR AVAYA 6.5 XPLAT 50U BS;GOVT STD 36MO DORADO REDCELL ADV MONITOR AVAYA 6.5 XPLAT 50U BS;GOVT STD 36MO DORADO REDCELL ADV MONITOR AVAYA 6.5 XPLAT 50U BS;GOVT STD 36MO DORADO REDCELL ADV MONITOR AVAYA 6.5 XPLAT 50U BS;;;;79;;
1;3;2094;1;995,7219;809,53;REW STD 36MO DORADO REDCELL ADV MNTR AVAYA 6.5 XPLAT 50U BA 245PTS;21022298;;REW STD 36MO DORADO REDCELL ADV MNTR AVAYA 6.5 XPLAT 50U BA 245PTS;REW STD 36MO DORADO REDCELL ADV MNTR AVAYA 6.5 XPLAT 50U BA 245PTS;REW STD 36MO DORADO REDCELL ADV MNTR AVAYA 6.5 XPLAT 50U BA 245PTS;REW STD 36MO DORADO REDCELL ADV MNTR AVAYA 6.5 XPLAT 50U BA 245PTS;;;;79;;
1;3;2094;1;244,0443;198,41;REW STD 12MO DORADO REDCELL ADV MONITOR AVAYA 6.5 XPLAT 50U BB 60PT;21022299;;REW STD 12MO DORADO REDCELL ADV MONITOR AVAYA 6.5 XPLAT 50U BB 60PT;REW STD 12MO DORADO REDCELL ADV MONITOR AVAYA 6.5 XPLAT 50U BB 60PT;REW STD 12MO DORADO REDCELL ADV MONITOR AVAYA 6.5 XPLAT 50U BB 60PT;REW STD 12MO DORADO REDCELL ADV MONITOR AVAYA 6.5 XPLAT 50U BB 60PT;;;;79;;
1;3;2094;1;619,8708;503,96;REW STD 24MO DORADO REDCELL ADV MNTR AVAYA 6.5 XPLAT 50U BB 152PTS;21022300;;REW STD 24MO DORADO REDCELL ADV MNTR AVAYA 6.5 XPLAT 50U BB 152PTS;REW STD 24MO DORADO REDCELL ADV MNTR AVAYA 6.5 XPLAT 50U BB 152PTS;REW STD 24MO DORADO REDCELL ADV MNTR AVAYA 6.5 XPLAT 50U BB 152PTS;REW STD 24MO DORADO REDCELL ADV MNTR AVAYA 6.5 XPLAT 50U BB 152PTS;;;;79;;
1;3;2094;1;995,7219;809,53;REW STD 36MO DORADO REDCELL ADV MNTR AVAYA 6.5 XPLAT 50U BB 245PTS;21022301;;REW STD 36MO DORADO REDCELL ADV MNTR AVAYA 6.5 XPLAT 50U BB 245PTS;REW STD 36MO DORADO REDCELL ADV MNTR AVAYA 6.5 XPLAT 50U BB 245PTS;REW STD 36MO DORADO REDCELL ADV MNTR AVAYA 6.5 XPLAT 50U BB 245PTS;REW STD 36MO DORADO REDCELL ADV MNTR AVAYA 6.5 XPLAT 50U BB 245PTS;;;;79;;
1;3;2094;1;231,855;188,5;REW STD 12MO DORADO REDCELL ADV MONITOR AVAYA 6.5 XPLAT 50U BC 60PT;21022302;;REW STD 12MO DORADO REDCELL ADV MONITOR AVAYA 6.5 XPLAT 50U BC 60PT;REW STD 12MO DORADO REDCELL ADV MONITOR AVAYA 6.5 XPLAT 50U BC 60PT;REW STD 12MO DORADO REDCELL ADV MONITOR AVAYA 6.5 XPLAT 50U BC 60PT;REW STD 12MO DORADO REDCELL ADV MONITOR AVAYA 6.5 XPLAT 50U BC 60PT;;;;79;;
1;3;2094;1;588,8994;478,78;REW STD 24MO DORADO REDCELL ADV MNTR AVAYA 6.5 XPLAT 50U BC 152PTS;21022303;;REW STD 24MO DORADO REDCELL ADV MNTR AVAYA 6.5 XPLAT 50U BC 152PTS;REW STD 24MO DORADO REDCELL ADV MNTR AVAYA 6.5 XPLAT 50U BC 152PTS;REW STD 24MO DORADO REDCELL ADV MNTR AVAYA 6.5 XPLAT 50U BC 152PTS;REW STD 24MO DORADO REDCELL ADV MNTR AVAYA 6.5 XPLAT 50U BC 152PTS;;;;79;;
1;3;2094;1;945,9315;769,05;REW STD 36MO DORADO REDCELL ADV MNTR AVAYA 6.5 XPLAT 50U BC 245PTS;21022304;;REW STD 36MO DORADO REDCELL ADV MNTR AVAYA 6.5 XPLAT 50U BC 245PTS;REW STD 36MO DORADO REDCELL ADV MNTR AVAYA 6.5 XPLAT 50U BC 245PTS;REW STD 36MO DORADO REDCELL ADV MNTR AVAYA 6.5 XPLAT 50U BC 245PTS;REW STD 36MO DORADO REDCELL ADV MNTR AVAYA 6.5 XPLAT 50U BC 245PTS;;;;79;;
1;3;2094;1;231,855;188,5;REW STD 12MO DORADO REDCELL ADV MONITOR AVAYA 6.5 XPLAT 50U BD 60PT;21022305;;REW STD 12MO DORADO REDCELL ADV MONITOR AVAYA 6.5 XPLAT 50U BD 60PT;REW STD 12MO DORADO REDCELL ADV MONITOR AVAYA 6.5 XPLAT 50U BD 60PT;REW STD 12MO DORADO REDCELL ADV MONITOR AVAYA 6.5 XPLAT 50U BD 60PT;REW STD 12MO DORADO REDCELL ADV MONITOR AVAYA 6.5 XPLAT 50U BD 60PT;;;;79;;
1;3;2094;1;588,8994;478,78;REW STD 24MO DORADO REDCELL ADV MNTR AVAYA 6.5 XPLAT 50U BD 152PTS;21022306;;REW STD 24MO DORADO REDCELL ADV MNTR AVAYA 6.5 XPLAT 50U BD 152PTS;REW STD 24MO DORADO REDCELL ADV MNTR AVAYA 6.5 XPLAT 50U BD 152PTS;REW STD 24MO DORADO REDCELL ADV MNTR AVAYA 6.5 XPLAT 50U BD 152PTS;REW STD 24MO DORADO REDCELL ADV MNTR AVAYA 6.5 XPLAT 50U BD 152PTS;;;;79;;
1;3;2094;1;945,9315;769,05;REW STD 36MO DORADO REDCELL ADV MNTR AVAYA 6.5 XPLAT 50U BD 245PTS;21022307;;REW STD 36MO DORADO REDCELL ADV MNTR AVAYA 6.5 XPLAT 50U BD 245PTS;REW STD 36MO DORADO REDCELL ADV MNTR AVAYA 6.5 XPLAT 50U BD 245PTS;REW STD 36MO DORADO REDCELL ADV MNTR AVAYA 6.5 XPLAT 50U BD 245PTS;REW STD 36MO DORADO REDCELL ADV MNTR AVAYA 6.5 XPLAT 50U BD 245PTS;;;;79;;
1;3;2094;1;225,7419;183,53;REW STD 12MO DORADO REDCELL ADV MONITOR AVAYA 6.5 XPLAT 50U BE 60PT;21022308;;REW STD 12MO DORADO REDCELL ADV MONITOR AVAYA 6.5 XPLAT 50U BE 60PT;REW STD 12MO DORADO REDCELL ADV MONITOR AVAYA 6.5 XPLAT 50U BE 60PT;REW STD 12MO DORADO REDCELL ADV MONITOR AVAYA 6.5 XPLAT 50U BE 60PT;REW STD 12MO DORADO REDCELL ADV MONITOR AVAYA 6.5 XPLAT 50U BE 60PT;;;;79;;
1;3;2094;1;573,3891;466,17;REW STD 24MO DORADO REDCELL ADV MNTR AVAYA 6.5 XPLAT 50U BE 152PTS;21022309;;REW STD 24MO DORADO REDCELL ADV MNTR AVAYA 6.5 XPLAT 50U BE 152PTS;REW STD 24MO DORADO REDCELL ADV MNTR AVAYA 6.5 XPLAT 50U BE 152PTS;REW STD 24MO DORADO REDCELL ADV MNTR AVAYA 6.5 XPLAT 50U BE 152PTS;REW STD 24MO DORADO REDCELL ADV MNTR AVAYA 6.5 XPLAT 50U BE 152PTS;;;;79;;
1;3;2094;1;921,0363;748,81;REW STD 36MO DORADO REDCELL ADV MNTR AVAYA 6.5 XPLAT 50U BE 245PTS;21022310;;REW STD 36MO DORADO REDCELL ADV MNTR AVAYA 6.5 XPLAT 50U BE 245PTS;REW STD 36MO DORADO REDCELL ADV MNTR AVAYA 6.5 XPLAT 50U BE 245PTS;REW STD 36MO DORADO REDCELL ADV MNTR AVAYA 6.5 XPLAT 50U BE 245PTS;REW STD 36MO DORADO REDCELL ADV MNTR AVAYA 6.5 XPLAT 50U BE 245PTS;;;;79;;
1;3;2094;1;225,6066;183,42;ACAD STD 12MO DORADO REDCELL ADV MONITOR AVAYA 6.5 XPLAT 50U BS;21022311;;ACAD STD 12MO DORADO REDCELL ADV MONITOR AVAYA 6.5 XPLAT 50U BS;ACAD STD 12MO DORADO REDCELL ADV MONITOR AVAYA 6.5 XPLAT 50U BS;ACAD STD 12MO DORADO REDCELL ADV MONITOR AVAYA 6.5 XPLAT 50U BS;ACAD STD 12MO DORADO REDCELL ADV MONITOR AVAYA 6.5 XPLAT 50U BS;;;;79;;
1;3;2094;1;573,0201;465,87;ACAD STD 24MO DORADO REDCELL ADV MONITOR AVAYA 6.5 XPLAT 50U BS;21022312;;ACAD STD 24MO DORADO REDCELL ADV MONITOR AVAYA 6.5 XPLAT 50U BS;ACAD STD 24MO DORADO REDCELL ADV MONITOR AVAYA 6.5 XPLAT 50U BS;ACAD STD 24MO DORADO REDCELL ADV MONITOR AVAYA 6.5 XPLAT 50U BS;ACAD STD 24MO DORADO REDCELL ADV MONITOR AVAYA 6.5 XPLAT 50U BS;;;;79;;
1;3;2094;1;920,4459;748,33;ACAD STD 36MO DORADO REDCELL ADV MONITOR AVAYA 6.5 XPLAT 50U BS;21022313;;ACAD STD 36MO DORADO REDCELL ADV MONITOR AVAYA 6.5 XPLAT 50U BS;ACAD STD 36MO DORADO REDCELL ADV MONITOR AVAYA 6.5 XPLAT 50U BS;ACAD STD 36MO DORADO REDCELL ADV MONITOR AVAYA 6.5 XPLAT 50U BS;ACAD STD 36MO DORADO REDCELL ADV MONITOR AVAYA 6.5 XPLAT 50U BS;;;;79;;
1;3;2094;1;1393,9959;1133,33;REW STD 36MO REDCELL OPS TRAFF FLOW ANALYZER 6.5 XPLT 50U BA 343PT;21022314;;REW STD 36MO REDCELL OPS TRAFF FLOW ANALYZER 6.5 XPLT 50U BA 343PT;REW STD 36MO REDCELL OPS TRAFF FLOW ANALYZER 6.5 XPLT 50U BA 343PT;REW STD 36MO REDCELL OPS TRAFF FLOW ANALYZER 6.5 XPLT 50U BA 343PT;REW STD 36MO REDCELL OPS TRAFF FLOW ANALYZER 6.5 XPLT 50U BA 343PT;;;;79;;
1;3;2094;1;341,6571;277,77;REW STD 12MO REDCELL OPS TRAFF FLOW ANALYZER 6.5 XPLAT 50U BB 84PT;21022315;;REW STD 12MO REDCELL OPS TRAFF FLOW ANALYZER 6.5 XPLAT 50U BB 84PT;REW STD 12MO REDCELL OPS TRAFF FLOW ANALYZER 6.5 XPLAT 50U BB 84PT;REW STD 12MO REDCELL OPS TRAFF FLOW ANALYZER 6.5 XPLAT 50U BB 84PT;REW STD 12MO REDCELL OPS TRAFF FLOW ANALYZER 6.5 XPLAT 50U BB 84PT;;;;79;;
1;3;2094;1;867,8388;705,56;REW STD 24MO REDCELL OPS TRAFF FLOW ANALYZER 6.5 XPLT 50U BB 213PT;21022316;;REW STD 24MO REDCELL OPS TRAFF FLOW ANALYZER 6.5 XPLT 50U BB 213PT;REW STD 24MO REDCELL OPS TRAFF FLOW ANALYZER 6.5 XPLT 50U BB 213PT;REW STD 24MO REDCELL OPS TRAFF FLOW ANALYZER 6.5 XPLT 50U BB 213PT;REW STD 24MO REDCELL OPS TRAFF FLOW ANALYZER 6.5 XPLT 50U BB 213PT;;;;79;;
1;3;2094;1;1393,9959;1133,33;REW STD 36MO REDCELL OPS TRAFF FLOW ANALYZER 6.5 XPLT 50U BB 343PT;21022317;;REW STD 36MO REDCELL OPS TRAFF FLOW ANALYZER 6.5 XPLT 50U BB 343PT;REW STD 36MO REDCELL OPS TRAFF FLOW ANALYZER 6.5 XPLT 50U BB 343PT;REW STD 36MO REDCELL OPS TRAFF FLOW ANALYZER 6.5 XPLT 50U BB 343PT;REW STD 36MO REDCELL OPS TRAFF FLOW ANALYZER 6.5 XPLT 50U BB 343PT;;;;79;;
1;3;2094;1;324,5847;263,89;REW STD 12MO REDCELL OPS TRAFF FLOW ANALYZER 6.5 XPLAT 50U BC 84PT;21022318;;REW STD 12MO REDCELL OPS TRAFF FLOW ANALYZER 6.5 XPLAT 50U BC 84PT;REW STD 12MO REDCELL OPS TRAFF FLOW ANALYZER 6.5 XPLAT 50U BC 84PT;REW STD 12MO REDCELL OPS TRAFF FLOW ANALYZER 6.5 XPLAT 50U BC 84PT;REW STD 12MO REDCELL OPS TRAFF FLOW ANALYZER 6.5 XPLAT 50U BC 84PT;;;;79;;
1;3;2094;1;35101,2972;28537,64;REW STD 36MO REDCELL OPS CNTR & NTWK CMD HA 6.5 XPLT 1000U BD 9084P;21022319;;REW STD 36MO REDCELL OPS CNTR & NTWK CMD HA 6.5 XPLT 1000U BD 9084P;REW STD 36MO REDCELL OPS CNTR & NTWK CMD HA 6.5 XPLT 1000U BD 9084P;REW STD 36MO REDCELL OPS CNTR & NTWK CMD HA 6.5 XPLT 1000U BD 9084P;REW STD 36MO REDCELL OPS CNTR & NTWK CMD HA 6.5 XPLT 1000U BD 9084P;;;;79;;
1;3;2094;1;8377,0995;6810,65;REW STD 12MO REDCELL OPS CNTR & NTWK CMD HA 6.5 XPLT 1000U BE 2227P;21022320;;REW STD 12MO REDCELL OPS CNTR & NTWK CMD HA 6.5 XPLT 1000U BE 2227P;REW STD 12MO REDCELL OPS CNTR & NTWK CMD HA 6.5 XPLT 1000U BE 2227P;REW STD 12MO REDCELL OPS CNTR & NTWK CMD HA 6.5 XPLT 1000U BE 2227P;REW STD 12MO REDCELL OPS CNTR & NTWK CMD HA 6.5 XPLT 1000U BE 2227P;;;;79;;
1;3;2094;1;21277,3272;17298,64;REW STD 24MO REDCELL OPS CNTR & NTWK CMD HA 6.5 XPLT 1000U BE 5655P;21022321;;REW STD 24MO REDCELL OPS CNTR & NTWK CMD HA 6.5 XPLT 1000U BE 5655P;REW STD 24MO REDCELL OPS CNTR & NTWK CMD HA 6.5 XPLT 1000U BE 5655P;REW STD 24MO REDCELL OPS CNTR & NTWK CMD HA 6.5 XPLT 1000U BE 5655P;REW STD 24MO REDCELL OPS CNTR & NTWK CMD HA 6.5 XPLT 1000U BE 5655P;;;;79;;
1;3;2094;1;34177,5672;27786,64;REW STD 36MO REDCELL OPS CNTR & NTWK CMD HA 6.5 XPLT 1000U BE 9084P;21022322;;REW STD 36MO REDCELL OPS CNTR & NTWK CMD HA 6.5 XPLT 1000U BE 9084P;REW STD 36MO REDCELL OPS CNTR & NTWK CMD HA 6.5 XPLT 1000U BE 9084P;REW STD 36MO REDCELL OPS CNTR & NTWK CMD HA 6.5 XPLT 1000U BE 9084P;REW STD 36MO REDCELL OPS CNTR & NTWK CMD HA 6.5 XPLT 1000U BE 9084P;;;;79;;
1;3;2094;1;8371,7736;6806,32;ACAD STD 12MO REDCELL OPS CNTR & NTWK CMD HA 6.5 XPLAT 1000U BS;21022323;;ACAD STD 12MO REDCELL OPS CNTR & NTWK CMD HA 6.5 XPLAT 1000U BS;ACAD STD 12MO REDCELL OPS CNTR & NTWK CMD HA 6.5 XPLAT 1000U BS;ACAD STD 12MO REDCELL OPS CNTR & NTWK CMD HA 6.5 XPLAT 1000U BS;ACAD STD 12MO REDCELL OPS CNTR & NTWK CMD HA 6.5 XPLAT 1000U BS;;;;79;;
1;3;2094;1;21263,8341;17287,67;ACAD STD 24MO REDCELL OPS CNTR & NTWK CMD HA 6.5 XPLAT 1000U BS;21022324;;ACAD STD 24MO REDCELL OPS CNTR & NTWK CMD HA 6.5 XPLAT 1000U BS;ACAD STD 24MO REDCELL OPS CNTR & NTWK CMD HA 6.5 XPLAT 1000U BS;ACAD STD 24MO REDCELL OPS CNTR & NTWK CMD HA 6.5 XPLAT 1000U BS;ACAD STD 24MO REDCELL OPS CNTR & NTWK CMD HA 6.5 XPLAT 1000U BS;;;;79;;
1;3;2094;1;34155,8823;27769,01;ACAD STD 36MO REDCELL OPS CNTR & NTWK CMD HA 6.5 XPLAT 1000U BS;21022325;;ACAD STD 36MO REDCELL OPS CNTR & NTWK CMD HA 6.5 XPLAT 1000U BS;ACAD STD 36MO REDCELL OPS CNTR & NTWK CMD HA 6.5 XPLAT 1000U BS;ACAD STD 36MO REDCELL OPS CNTR & NTWK CMD HA 6.5 XPLAT 1000U BS;ACAD STD 36MO REDCELL OPS CNTR & NTWK CMD HA 6.5 XPLAT 1000U BS;;;;79;;
1;3;2094;1;8863,9212;7206,44;GOVT STD 12MO REDCELL OPS CNTR & NTWK CMD HA 6.5 XPLAT 1000U BS;21022326;;GOVT STD 12MO REDCELL OPS CNTR & NTWK CMD HA 6.5 XPLAT 1000U BS;GOVT STD 12MO REDCELL OPS CNTR & NTWK CMD HA 6.5 XPLAT 1000U BS;GOVT STD 12MO REDCELL OPS CNTR & NTWK CMD HA 6.5 XPLAT 1000U BS;GOVT STD 12MO REDCELL OPS CNTR & NTWK CMD HA 6.5 XPLAT 1000U BS;;;;79;;
1;3;2094;1;22513,8708;18303,96;GOVT STD 24MO REDCELL OPS CNTR & NTWK CMD HA 6.5 XPLAT 1000U BS;21022327;;GOVT STD 24MO REDCELL OPS CNTR & NTWK CMD HA 6.5 XPLAT 1000U BS;GOVT STD 24MO REDCELL OPS CNTR & NTWK CMD HA 6.5 XPLAT 1000U BS;GOVT STD 24MO REDCELL OPS CNTR & NTWK CMD HA 6.5 XPLAT 1000U BS;GOVT STD 24MO REDCELL OPS CNTR & NTWK CMD HA 6.5 XPLAT 1000U BS;;;;79;;
1;3;2094;1;36163,8081;29401,47;GOVT STD 36MO REDCELL OPS CNTR & NTWK CMD HA 6.5 XPLAT 1000U BS;21022328;;GOVT STD 36MO REDCELL OPS CNTR & NTWK CMD HA 6.5 XPLAT 1000U BS;GOVT STD 36MO REDCELL OPS CNTR & NTWK CMD HA 6.5 XPLAT 1000U BS;GOVT STD 36MO REDCELL OPS CNTR & NTWK CMD HA 6.5 XPLAT 1000U BS;GOVT STD 36MO REDCELL OPS CNTR & NTWK CMD HA 6.5 XPLAT 1000U BS;;;;79;;
1;3;2094;1;341,6571;277,77;REW STD 12MO REDCELL OPS TRAFF FLOW ANALYZER 6.5 XPLAT 50U BA 84PT;21022335;;REW STD 12MO REDCELL OPS TRAFF FLOW ANALYZER 6.5 XPLAT 50U BA 84PT;REW STD 12MO REDCELL OPS TRAFF FLOW ANALYZER 6.5 XPLAT 50U BA 84PT;REW STD 12MO REDCELL OPS TRAFF FLOW ANALYZER 6.5 XPLAT 50U BA 84PT;REW STD 12MO REDCELL OPS TRAFF FLOW ANALYZER 6.5 XPLAT 50U BA 84PT;;;;79;;
1;3;2094;1;867,8388;705,56;REW STD 24MO REDCELL OPS TRAFF FLOW ANALYZER 6.5 XPLT 50U BA 213PT;21022336;;REW STD 24MO REDCELL OPS TRAFF FLOW ANALYZER 6.5 XPLT 50U BA 213PT;REW STD 24MO REDCELL OPS TRAFF FLOW ANALYZER 6.5 XPLT 50U BA 213PT;REW STD 24MO REDCELL OPS TRAFF FLOW ANALYZER 6.5 XPLT 50U BA 213PT;REW STD 24MO REDCELL OPS TRAFF FLOW ANALYZER 6.5 XPLT 50U BA 213PT;;;;79;;
1;3;2094;1;573,3891;466,17;REW STD 24MO REDCELL ADV MNTR CISCO IPSLA 6.5 XPLAT 50U BE 152PTS;21022340;;REW STD 24MO REDCELL ADV MNTR CISCO IPSLA 6.5 XPLAT 50U BE 152PTS;REW STD 24MO REDCELL ADV MNTR CISCO IPSLA 6.5 XPLAT 50U BE 152PTS;REW STD 24MO REDCELL ADV MNTR CISCO IPSLA 6.5 XPLAT 50U BE 152PTS;REW STD 24MO REDCELL ADV MNTR CISCO IPSLA 6.5 XPLAT 50U BE 152PTS;;;;79;;
1;3;2094;1;921,0363;748,81;REW STD 36MO REDCELL ADV MNTR CISCO IPSLA 6.5 XPLAT 50U BE 245PTS;21022341;;REW STD 36MO REDCELL ADV MNTR CISCO IPSLA 6.5 XPLAT 50U BE 245PTS;REW STD 36MO REDCELL ADV MNTR CISCO IPSLA 6.5 XPLAT 50U BE 245PTS;REW STD 36MO REDCELL ADV MNTR CISCO IPSLA 6.5 XPLAT 50U BE 245PTS;REW STD 36MO REDCELL ADV MNTR CISCO IPSLA 6.5 XPLAT 50U BE 245PTS;;;;79;;
1;3;2094;1;225,6066;183,42;ACAD STD 12MO REDCELL ADV MONITOR CISCO IPSLA 6.5 XPLT 50U BS;21022342;;ACAD STD 12MO REDCELL ADV MONITOR CISCO IPSLA 6.5 XPLT 50U BS;ACAD STD 12MO REDCELL ADV MONITOR CISCO IPSLA 6.5 XPLT 50U BS;ACAD STD 12MO REDCELL ADV MONITOR CISCO IPSLA 6.5 XPLT 50U BS;ACAD STD 12MO REDCELL ADV MONITOR CISCO IPSLA 6.5 XPLT 50U BS;;;;79;;
1;3;2094;1;573,0201;465,87;ACAD STD 24MO REDCELL ADV MONITOR CISCO IPSLA 6.5 XPLT 50U BS;21022343;;ACAD STD 24MO REDCELL ADV MONITOR CISCO IPSLA 6.5 XPLT 50U BS;ACAD STD 24MO REDCELL ADV MONITOR CISCO IPSLA 6.5 XPLT 50U BS;ACAD STD 24MO REDCELL ADV MONITOR CISCO IPSLA 6.5 XPLT 50U BS;ACAD STD 24MO REDCELL ADV MONITOR CISCO IPSLA 6.5 XPLT 50U BS;;;;79;;
1;3;2094;1;244,0443;198,41;REW STD 12MO REDCELL ADV MNTR CISCO IPSLA 6.5 XPLAT 50U BA 60PTS;21022348;;REW STD 12MO REDCELL ADV MNTR CISCO IPSLA 6.5 XPLAT 50U BA 60PTS;REW STD 12MO REDCELL ADV MNTR CISCO IPSLA 6.5 XPLAT 50U BA 60PTS;REW STD 12MO REDCELL ADV MNTR CISCO IPSLA 6.5 XPLAT 50U BA 60PTS;REW STD 12MO REDCELL ADV MNTR CISCO IPSLA 6.5 XPLAT 50U BA 60PTS;;;;79;;
1;3;2094;1;619,8708;503,96;REW STD 24MO REDCELL ADV MNTR CISCO IPSLA 6.5 XPLAT 50U BA 152PTS;21022349;;REW STD 24MO REDCELL ADV MNTR CISCO IPSLA 6.5 XPLAT 50U BA 152PTS;REW STD 24MO REDCELL ADV MNTR CISCO IPSLA 6.5 XPLAT 50U BA 152PTS;REW STD 24MO REDCELL ADV MNTR CISCO IPSLA 6.5 XPLAT 50U BA 152PTS;REW STD 24MO REDCELL ADV MNTR CISCO IPSLA 6.5 XPLAT 50U BA 152PTS;;;;79;;
1;3;2094;1;995,7219;809,53;REW STD 36MO REDCELL ADV MNTR CISCO IPSLA 6.5 XPLAT 50U BA 245PTS;21022350;;REW STD 36MO REDCELL ADV MNTR CISCO IPSLA 6.5 XPLAT 50U BA 245PTS;REW STD 36MO REDCELL ADV MNTR CISCO IPSLA 6.5 XPLAT 50U BA 245PTS;REW STD 36MO REDCELL ADV MNTR CISCO IPSLA 6.5 XPLAT 50U BA 245PTS;REW STD 36MO REDCELL ADV MNTR CISCO IPSLA 6.5 XPLAT 50U BA 245PTS;;;;79;;
1;3;2094;1;244,0443;198,41;REW STD 12MO REDCELL ADV MNTR CISCO IPSLA 6.5 XPLAT 50U BB 60PTS;21022351;;REW STD 12MO REDCELL ADV MNTR CISCO IPSLA 6.5 XPLAT 50U BB 60PTS;REW STD 12MO REDCELL ADV MNTR CISCO IPSLA 6.5 XPLAT 50U BB 60PTS;REW STD 12MO REDCELL ADV MNTR CISCO IPSLA 6.5 XPLAT 50U BB 60PTS;REW STD 12MO REDCELL ADV MNTR CISCO IPSLA 6.5 XPLAT 50U BB 60PTS;;;;79;;
1;3;2094;1;619,8708;503,96;REW STD 24MO REDCELL ADV MNTR CISCO IPSLA 6.5 XPLAT 50U BB 152PTS;21022352;;REW STD 24MO REDCELL ADV MNTR CISCO IPSLA 6.5 XPLAT 50U BB 152PTS;REW STD 24MO REDCELL ADV MNTR CISCO IPSLA 6.5 XPLAT 50U BB 152PTS;REW STD 24MO REDCELL ADV MNTR CISCO IPSLA 6.5 XPLAT 50U BB 152PTS;REW STD 24MO REDCELL ADV MNTR CISCO IPSLA 6.5 XPLAT 50U BB 152PTS;;;;79;;
1;3;2094;1;995,7219;809,53;REW STD 36MO REDCELL ADV MNTR CISCO IPSLA 6.5 XPLAT 50U BB 245PTS;21022353;;REW STD 36MO REDCELL ADV MNTR CISCO IPSLA 6.5 XPLAT 50U BB 245PTS;REW STD 36MO REDCELL ADV MNTR CISCO IPSLA 6.5 XPLAT 50U BB 245PTS;REW STD 36MO REDCELL ADV MNTR CISCO IPSLA 6.5 XPLAT 50U BB 245PTS;REW STD 36MO REDCELL ADV MNTR CISCO IPSLA 6.5 XPLAT 50U BB 245PTS;;;;79;;
1;3;2094;1;231,855;188,5;REW STD 12MO REDCELL ADV MNTR CISCO IPSLA 6.5 XPLAT 50U BC 60PTS;21022354;;REW STD 12MO REDCELL ADV MNTR CISCO IPSLA 6.5 XPLAT 50U BC 60PTS;REW STD 12MO REDCELL ADV MNTR CISCO IPSLA 6.5 XPLAT 50U BC 60PTS;REW STD 12MO REDCELL ADV MNTR CISCO IPSLA 6.5 XPLAT 50U BC 60PTS;REW STD 12MO REDCELL ADV MNTR CISCO IPSLA 6.5 XPLAT 50U BC 60PTS;;;;79;;
1;3;2094;1;588,8994;478,78;REW STD 24MO REDCELL ADV MNTR CISCO IPSLA 6.5 XPLAT 50U BC 152PTS;21022355;;REW STD 24MO REDCELL ADV MNTR CISCO IPSLA 6.5 XPLAT 50U BC 152PTS;REW STD 24MO REDCELL ADV MNTR CISCO IPSLA 6.5 XPLAT 50U BC 152PTS;REW STD 24MO REDCELL ADV MNTR CISCO IPSLA 6.5 XPLAT 50U BC 152PTS;REW STD 24MO REDCELL ADV MNTR CISCO IPSLA 6.5 XPLAT 50U BC 152PTS;;;;79;;
1;3;2094;1;945,9315;769,05;REW STD 36MO REDCELL ADV MNTR CISCO IPSLA 6.5 XPLAT 50U BC 245PTS;21022356;;REW STD 36MO REDCELL ADV MNTR CISCO IPSLA 6.5 XPLAT 50U BC 245PTS;REW STD 36MO REDCELL ADV MNTR CISCO IPSLA 6.5 XPLAT 50U BC 245PTS;REW STD 36MO REDCELL ADV MNTR CISCO IPSLA 6.5 XPLAT 50U BC 245PTS;REW STD 36MO REDCELL ADV MNTR CISCO IPSLA 6.5 XPLAT 50U BC 245PTS;;;;79;;
1;3;2094;1;231,855;188,5;REW STD 12MO REDCELL ADV MNTR CISCO IPSLA 6.5 XPLAT 50U BD 60PTS;21022357;;REW STD 12MO REDCELL ADV MNTR CISCO IPSLA 6.5 XPLAT 50U BD 60PTS;REW STD 12MO REDCELL ADV MNTR CISCO IPSLA 6.5 XPLAT 50U BD 60PTS;REW STD 12MO REDCELL ADV MNTR CISCO IPSLA 6.5 XPLAT 50U BD 60PTS;REW STD 12MO REDCELL ADV MNTR CISCO IPSLA 6.5 XPLAT 50U BD 60PTS;;;;79;;
1;3;2094;1;588,8994;478,78;REW STD 24MO REDCELL ADV MNTR CISCO IPSLA 6.5 XPLAT 50U BD 152PTS;21022358;;REW STD 24MO REDCELL ADV MNTR CISCO IPSLA 6.5 XPLAT 50U BD 152PTS;REW STD 24MO REDCELL ADV MNTR CISCO IPSLA 6.5 XPLAT 50U BD 152PTS;REW STD 24MO REDCELL ADV MNTR CISCO IPSLA 6.5 XPLAT 50U BD 152PTS;REW STD 24MO REDCELL ADV MNTR CISCO IPSLA 6.5 XPLAT 50U BD 152PTS;;;;79;;
1;3;2094;1;945,9315;769,05;REW STD 36MO REDCELL ADV MNTR CISCO IPSLA 6.5 XPLAT 50U BD 245PTS;21022359;;REW STD 36MO REDCELL ADV MNTR CISCO IPSLA 6.5 XPLAT 50U BD 245PTS;REW STD 36MO REDCELL ADV MNTR CISCO IPSLA 6.5 XPLAT 50U BD 245PTS;REW STD 36MO REDCELL ADV MNTR CISCO IPSLA 6.5 XPLAT 50U BD 245PTS;REW STD 36MO REDCELL ADV MNTR CISCO IPSLA 6.5 XPLAT 50U BD 245PTS;;;;79;;
1;3;2094;1;225,7419;183,53;REW STD 12MO REDCELL ADV MNTR CISCO IPSLA 6.5 XPLAT 50U BE 60PTS;21022360;;REW STD 12MO REDCELL ADV MNTR CISCO IPSLA 6.5 XPLAT 50U BE 60PTS;REW STD 12MO REDCELL ADV MNTR CISCO IPSLA 6.5 XPLAT 50U BE 60PTS;REW STD 12MO REDCELL ADV MNTR CISCO IPSLA 6.5 XPLAT 50U BE 60PTS;REW STD 12MO REDCELL ADV MNTR CISCO IPSLA 6.5 XPLAT 50U BE 60PTS;;;;79;;
1;3;2094;1;824,4321;670,27;REW STD 24MO REDCELL OPS TRAFF FLOW ANALYZER 6.5 XPLT 50U BC 213PT;21022361;;REW STD 24MO REDCELL OPS TRAFF FLOW ANALYZER 6.5 XPLT 50U BC 213PT;REW STD 24MO REDCELL OPS TRAFF FLOW ANALYZER 6.5 XPLT 50U BC 213PT;REW STD 24MO REDCELL OPS TRAFF FLOW ANALYZER 6.5 XPLT 50U BC 213PT;REW STD 24MO REDCELL OPS TRAFF FLOW ANALYZER 6.5 XPLT 50U BC 213PT;;;;79;;
1;3;2094;1;1324,3041;1076,67;REW STD 36MO REDCELL OPS TRAFF FLOW ANALYZER 6.5 XPLT 50U BC 343PT;21022362;;REW STD 36MO REDCELL OPS TRAFF FLOW ANALYZER 6.5 XPLT 50U BC 343PT;REW STD 36MO REDCELL OPS TRAFF FLOW ANALYZER 6.5 XPLT 50U BC 343PT;REW STD 36MO REDCELL OPS TRAFF FLOW ANALYZER 6.5 XPLT 50U BC 343PT;REW STD 36MO REDCELL OPS TRAFF FLOW ANALYZER 6.5 XPLT 50U BC 343PT;;;;79;;
1;3;2094;1;324,5847;263,89;REW STD 12MO REDCELL OPS TRAFF FLOW ANALYZER 6.5 XPLAT 50U BD 84PT;21022363;;REW STD 12MO REDCELL OPS TRAFF FLOW ANALYZER 6.5 XPLAT 50U BD 84PT;REW STD 12MO REDCELL OPS TRAFF FLOW ANALYZER 6.5 XPLAT 50U BD 84PT;REW STD 12MO REDCELL OPS TRAFF FLOW ANALYZER 6.5 XPLAT 50U BD 84PT;REW STD 12MO REDCELL OPS TRAFF FLOW ANALYZER 6.5 XPLAT 50U BD 84PT;;;;79;;
1;3;2094;1;824,4321;670,27;REW STD 24MO REDCELL OPS TRAFF FLOW ANALYZER 6.5 XPLT 50U BD 213PT;21022364;;REW STD 24MO REDCELL OPS TRAFF FLOW ANALYZER 6.5 XPLT 50U BD 213PT;REW STD 24MO REDCELL OPS TRAFF FLOW ANALYZER 6.5 XPLT 50U BD 213PT;REW STD 24MO REDCELL OPS TRAFF FLOW ANALYZER 6.5 XPLT 50U BD 213PT;REW STD 24MO REDCELL OPS TRAFF FLOW ANALYZER 6.5 XPLT 50U BD 213PT;;;;79;;
1;3;2094;1;1324,3041;1076,67;REW STD 36MO REDCELL OPS TRAFF FLOW ANALYZER 6.5 XPLT 50U BD 343PT;21022365;;REW STD 36MO REDCELL OPS TRAFF FLOW ANALYZER 6.5 XPLT 50U BD 343PT;REW STD 36MO REDCELL OPS TRAFF FLOW ANALYZER 6.5 XPLT 50U BD 343PT;REW STD 36MO REDCELL OPS TRAFF FLOW ANALYZER 6.5 XPLT 50U BD 343PT;REW STD 36MO REDCELL OPS TRAFF FLOW ANALYZER 6.5 XPLT 50U BD 343PT;;;;79;;
1;3;2094;1;316,0485;256,95;REW STD 12MO REDCELL OPS TRAFF FLOW ANALYZER 6.5 XPLAT 50U BE 84PT;21022366;;REW STD 12MO REDCELL OPS TRAFF FLOW ANALYZER 6.5 XPLAT 50U BE 84PT;REW STD 12MO REDCELL OPS TRAFF FLOW ANALYZER 6.5 XPLAT 50U BE 84PT;REW STD 12MO REDCELL OPS TRAFF FLOW ANALYZER 6.5 XPLAT 50U BE 84PT;REW STD 12MO REDCELL OPS TRAFF FLOW ANALYZER 6.5 XPLAT 50U BE 84PT;;;;79;;
1;3;2094;1;802,7349;652,63;REW STD 24MO REDCELL OPS TRAFF FLOW ANALYZER 6.5 XPLT 50U BE 213PT;21022367;;REW STD 24MO REDCELL OPS TRAFF FLOW ANALYZER 6.5 XPLT 50U BE 213PT;REW STD 24MO REDCELL OPS TRAFF FLOW ANALYZER 6.5 XPLT 50U BE 213PT;REW STD 24MO REDCELL OPS TRAFF FLOW ANALYZER 6.5 XPLT 50U BE 213PT;REW STD 24MO REDCELL OPS TRAFF FLOW ANALYZER 6.5 XPLT 50U BE 213PT;;;;79;;
1;3;2094;1;1289,4336;1048,32;REW STD 36MO REDCELL OPS TRAFF FLOW ANALYZER 6.5 XPLT 50U BE 343PT;21022368;;REW STD 36MO REDCELL OPS TRAFF FLOW ANALYZER 6.5 XPLT 50U BE 343PT;REW STD 36MO REDCELL OPS TRAFF FLOW ANALYZER 6.5 XPLT 50U BE 343PT;REW STD 36MO REDCELL OPS TRAFF FLOW ANALYZER 6.5 XPLT 50U BE 343PT;REW STD 36MO REDCELL OPS TRAFF FLOW ANALYZER 6.5 XPLT 50U BE 343PT;;;;79;;
1;3;2094;1;315,8394;256,78;ACAD STD 12MO REDCELL OPS TRAFF FLOW ANALYZER 6.5 XPLAT 50U BS;21022369;;ACAD STD 12MO REDCELL OPS TRAFF FLOW ANALYZER 6.5 XPLAT 50U BS;ACAD STD 12MO REDCELL OPS TRAFF FLOW ANALYZER 6.5 XPLAT 50U BS;ACAD STD 12MO REDCELL OPS TRAFF FLOW ANALYZER 6.5 XPLAT 50U BS;ACAD STD 12MO REDCELL OPS TRAFF FLOW ANALYZER 6.5 XPLAT 50U BS;;;;79;;
1;3;2094;1;802,2306;652,22;ACAD STD 24MO REDCELL OPS TRAFF FLOW ANALYZER 6.5 XPLAT 50U BS;21022370;;ACAD STD 24MO REDCELL OPS TRAFF FLOW ANALYZER 6.5 XPLAT 50U BS;ACAD STD 24MO REDCELL OPS TRAFF FLOW ANALYZER 6.5 XPLAT 50U BS;ACAD STD 24MO REDCELL OPS TRAFF FLOW ANALYZER 6.5 XPLAT 50U BS;ACAD STD 24MO REDCELL OPS TRAFF FLOW ANALYZER 6.5 XPLAT 50U BS;;;;79;;
1;3;2094;1;1288,6218;1047,66;ACAD STD 36MO REDCELL OPS TRAFF FLOW ANALYZER 6.5 XPLAT 50U BS;21022371;;ACAD STD 36MO REDCELL OPS TRAFF FLOW ANALYZER 6.5 XPLAT 50U BS;ACAD STD 36MO REDCELL OPS TRAFF FLOW ANALYZER 6.5 XPLAT 50U BS;ACAD STD 36MO REDCELL OPS TRAFF FLOW ANALYZER 6.5 XPLAT 50U BS;ACAD STD 36MO REDCELL OPS TRAFF FLOW ANALYZER 6.5 XPLAT 50U BS;;;;79;;
1;3;2094;1;334,4124;271,88;GOVT STD 12MO REDCELL OPS TRAFF FLOW ANALYZER 6.5 XPLAT 50U BS;21022372;;GOVT STD 12MO REDCELL OPS TRAFF FLOW ANALYZER 6.5 XPLAT 50U BS;GOVT STD 12MO REDCELL OPS TRAFF FLOW ANALYZER 6.5 XPLAT 50U BS;GOVT STD 12MO REDCELL OPS TRAFF FLOW ANALYZER 6.5 XPLAT 50U BS;GOVT STD 12MO REDCELL OPS TRAFF FLOW ANALYZER 6.5 XPLAT 50U BS;;;;79;;
1;3;2094;1;849,3888;690,56;GOVT STD 24MO REDCELL OPS TRAFF FLOW ANALYZER 6.5 XPLAT 50U BS;21022373;;GOVT STD 24MO REDCELL OPS TRAFF FLOW ANALYZER 6.5 XPLAT 50U BS;GOVT STD 24MO REDCELL OPS TRAFF FLOW ANALYZER 6.5 XPLAT 50U BS;GOVT STD 24MO REDCELL OPS TRAFF FLOW ANALYZER 6.5 XPLAT 50U BS;GOVT STD 24MO REDCELL OPS TRAFF FLOW ANALYZER 6.5 XPLAT 50U BS;;;;79;;
1;3;2094;1;1364,3898;1109,26;GOVT STD 36MO REDCELL OPS TRAFF FLOW ANALYZER 6.5 XPLAT 50U BS;21022374;;GOVT STD 36MO REDCELL OPS TRAFF FLOW ANALYZER 6.5 XPLAT 50U BS;GOVT STD 36MO REDCELL OPS TRAFF FLOW ANALYZER 6.5 XPLAT 50U BS;GOVT STD 36MO REDCELL OPS TRAFF FLOW ANALYZER 6.5 XPLAT 50U BS;GOVT STD 36MO REDCELL OPS TRAFF FLOW ANALYZER 6.5 XPLAT 50U BS;;;;79;;
1;3;2094;1;21852,4014;17766,18;REW STD 24MO REDCELL OPS CNTR & NTWK CMD HA 6.5 XPLT 1000U BC 5655P;21022375;;REW STD 24MO REDCELL OPS CNTR & NTWK CMD HA 6.5 XPLT 1000U BC 5655P;REW STD 24MO REDCELL OPS CNTR & NTWK CMD HA 6.5 XPLT 1000U BC 5655P;REW STD 24MO REDCELL OPS CNTR & NTWK CMD HA 6.5 XPLT 1000U BC 5655P;REW STD 24MO REDCELL OPS CNTR & NTWK CMD HA 6.5 XPLT 1000U BC 5655P;;;;79;;
1;3;2094;1;35101,2972;28537,64;REW STD 36MO REDCELL OPS CNTR & NTWK CMD HA 6.5 XPLT 1000U BC 9084P;21022376;;REW STD 36MO REDCELL OPS CNTR & NTWK CMD HA 6.5 XPLT 1000U BC 9084P;REW STD 36MO REDCELL OPS CNTR & NTWK CMD HA 6.5 XPLT 1000U BC 9084P;REW STD 36MO REDCELL OPS CNTR & NTWK CMD HA 6.5 XPLT 1000U BC 9084P;REW STD 36MO REDCELL OPS CNTR & NTWK CMD HA 6.5 XPLT 1000U BC 9084P;;;;79;;
1;3;2094;1;8603,5056;6994,72;REW STD 12MO REDCELL OPS CNTR & NTWK CMD HA 6.5 XPLT 1000U BD 2227P;21022377;;REW STD 12MO REDCELL OPS CNTR & NTWK CMD HA 6.5 XPLT 1000U BD 2227P;REW STD 12MO REDCELL OPS CNTR & NTWK CMD HA 6.5 XPLT 1000U BD 2227P;REW STD 12MO REDCELL OPS CNTR & NTWK CMD HA 6.5 XPLT 1000U BD 2227P;REW STD 12MO REDCELL OPS CNTR & NTWK CMD HA 6.5 XPLT 1000U BD 2227P;;;;79;;
1;3;2094;1;21852,4014;17766,18;REW STD 24MO REDCELL OPS CNTR & NTWK CMD HA 6.5 XPLT 1000U BD 5655P;21022378;;REW STD 24MO REDCELL OPS CNTR & NTWK CMD HA 6.5 XPLT 1000U BD 5655P;REW STD 24MO REDCELL OPS CNTR & NTWK CMD HA 6.5 XPLT 1000U BD 5655P;REW STD 24MO REDCELL OPS CNTR & NTWK CMD HA 6.5 XPLT 1000U BD 5655P;REW STD 24MO REDCELL OPS CNTR & NTWK CMD HA 6.5 XPLT 1000U BD 5655P;;;;79;;
1;3;2094;1;920,4459;748,33;ACAD STD 36MO REDCELL ADV MONITOR CISCO IPSLA 6.5 XPLT 50U BS;21022379;;ACAD STD 36MO REDCELL ADV MONITOR CISCO IPSLA 6.5 XPLT 50U BS;ACAD STD 36MO REDCELL ADV MONITOR CISCO IPSLA 6.5 XPLT 50U BS;ACAD STD 36MO REDCELL ADV MONITOR CISCO IPSLA 6.5 XPLT 50U BS;ACAD STD 36MO REDCELL ADV MONITOR CISCO IPSLA 6.5 XPLT 50U BS;;;;79;;
1;3;2094;1;238,866;194,2;GOVT STD 12MO REDCELL ADV MONITOR CISCO IPSLA 6.5 XPLT 50U BS;21022380;;GOVT STD 12MO REDCELL ADV MONITOR CISCO IPSLA 6.5 XPLT 50U BS;GOVT STD 12MO REDCELL ADV MONITOR CISCO IPSLA 6.5 XPLT 50U BS;GOVT STD 12MO REDCELL ADV MONITOR CISCO IPSLA 6.5 XPLT 50U BS;GOVT STD 12MO REDCELL ADV MONITOR CISCO IPSLA 6.5 XPLT 50U BS;;;;79;;
1;3;2094;1;606,7098;493,26;GOVT STD 24MO REDCELL ADV MONITOR CISCO IPSLA 6.5 XPLT 50U BS;21022381;;GOVT STD 24MO REDCELL ADV MONITOR CISCO IPSLA 6.5 XPLT 50U BS;GOVT STD 24MO REDCELL ADV MONITOR CISCO IPSLA 6.5 XPLT 50U BS;GOVT STD 24MO REDCELL ADV MONITOR CISCO IPSLA 6.5 XPLT 50U BS;GOVT STD 24MO REDCELL ADV MONITOR CISCO IPSLA 6.5 XPLT 50U BS;;;;79;;
1;3;2094;1;974,5659;792,33;GOVT STD 36MO REDCELL ADV MONITOR CISCO IPSLA 6.5 XPLT 50U BS;21022382;;GOVT STD 36MO REDCELL ADV MONITOR CISCO IPSLA 6.5 XPLT 50U BS;GOVT STD 36MO REDCELL ADV MONITOR CISCO IPSLA 6.5 XPLT 50U BS;GOVT STD 36MO REDCELL ADV MONITOR CISCO IPSLA 6.5 XPLT 50U BS;GOVT STD 36MO REDCELL ADV MONITOR CISCO IPSLA 6.5 XPLT 50U BS;;;;79;;
1;3;2094;1;9056,3178;7362,86;REW STD 12MO REDCELL OPS CNTR & NTWK CMD HA 6.5 XPLT 1000U BA 2227P;21022389;;REW STD 12MO REDCELL OPS CNTR & NTWK CMD HA 6.5 XPLT 1000U BA 2227P;REW STD 12MO REDCELL OPS CNTR & NTWK CMD HA 6.5 XPLT 1000U BA 2227P;REW STD 12MO REDCELL OPS CNTR & NTWK CMD HA 6.5 XPLT 1000U BA 2227P;REW STD 12MO REDCELL OPS CNTR & NTWK CMD HA 6.5 XPLT 1000U BA 2227P;;;;79;;
1;3;2094;1;23002,5252;18701,24;REW STD 24MO REDCELL OPS CNTR & NTWK CMD HA 6.5 XPLT 1000U BA 5655P;21022390;;REW STD 24MO REDCELL OPS CNTR & NTWK CMD HA 6.5 XPLT 1000U BA 5655P;REW STD 24MO REDCELL OPS CNTR & NTWK CMD HA 6.5 XPLT 1000U BA 5655P;REW STD 24MO REDCELL OPS CNTR & NTWK CMD HA 6.5 XPLT 1000U BA 5655P;REW STD 24MO REDCELL OPS CNTR & NTWK CMD HA 6.5 XPLT 1000U BA 5655P;;;;79;;
1;3;2094;1;36948,7326;30039,62;REW STD 36MO REDCELL OPS CNTR & NTWK CMD HA 6.5 XPLT 1000U BA 9084P;21022391;;REW STD 36MO REDCELL OPS CNTR & NTWK CMD HA 6.5 XPLT 1000U BA 9084P;REW STD 36MO REDCELL OPS CNTR & NTWK CMD HA 6.5 XPLT 1000U BA 9084P;REW STD 36MO REDCELL OPS CNTR & NTWK CMD HA 6.5 XPLT 1000U BA 9084P;REW STD 36MO REDCELL OPS CNTR & NTWK CMD HA 6.5 XPLT 1000U BA 9084P;;;;79;;
1;3;2094;1;9056,3178;7362,86;REW STD 12MO REDCELL OPS CNTR & NTWK CMD HA 6.5 XPLT 1000U BB 2227P;21022392;;REW STD 12MO REDCELL OPS CNTR & NTWK CMD HA 6.5 XPLT 1000U BB 2227P;REW STD 12MO REDCELL OPS CNTR & NTWK CMD HA 6.5 XPLT 1000U BB 2227P;REW STD 12MO REDCELL OPS CNTR & NTWK CMD HA 6.5 XPLT 1000U BB 2227P;REW STD 12MO REDCELL OPS CNTR & NTWK CMD HA 6.5 XPLT 1000U BB 2227P;;;;79;;
1;3;2094;1;23002,5252;18701,24;REW STD 24MO REDCELL OPS CNTR & NTWK CMD HA 6.5 XPLT 1000U BB 5655P;21022393;;REW STD 24MO REDCELL OPS CNTR & NTWK CMD HA 6.5 XPLT 1000U BB 5655P;REW STD 24MO REDCELL OPS CNTR & NTWK CMD HA 6.5 XPLT 1000U BB 5655P;REW STD 24MO REDCELL OPS CNTR & NTWK CMD HA 6.5 XPLT 1000U BB 5655P;REW STD 24MO REDCELL OPS CNTR & NTWK CMD HA 6.5 XPLT 1000U BB 5655P;;;;79;;
1;3;2094;1;36948,7326;30039,62;REW STD 36MO REDCELL OPS CNTR & NTWK CMD HA 6.5 XPLT 1000U BB 9084P;21022394;;REW STD 36MO REDCELL OPS CNTR & NTWK CMD HA 6.5 XPLT 1000U BB 9084P;REW STD 36MO REDCELL OPS CNTR & NTWK CMD HA 6.5 XPLT 1000U BB 9084P;REW STD 36MO REDCELL OPS CNTR & NTWK CMD HA 6.5 XPLT 1000U BB 9084P;REW STD 36MO REDCELL OPS CNTR & NTWK CMD HA 6.5 XPLT 1000U BB 9084P;;;;79;;
1;3;2094;1;8603,5056;6994,72;REW STD 12MO REDCELL OPS CNTR & NTWK CMD HA 6.5 XPLT 1000U BC 2227P;21022395;;REW STD 12MO REDCELL OPS CNTR & NTWK CMD HA 6.5 XPLT 1000U BC 2227P;REW STD 12MO REDCELL OPS CNTR & NTWK CMD HA 6.5 XPLT 1000U BC 2227P;REW STD 12MO REDCELL OPS CNTR & NTWK CMD HA 6.5 XPLT 1000U BC 2227P;REW STD 12MO REDCELL OPS CNTR & NTWK CMD HA 6.5 XPLT 1000U BC 2227P;;;;79;;
1;3;2094;1;1111,2312;903,44;REW STD 12MO REDCELL OPS CENTER & NTWK CMD 6.5 XPLAT 50U BB 273PTS;21022398;;REW STD 12MO REDCELL OPS CENTER & NTWK CMD 6.5 XPLAT 50U BB 273PTS;REW STD 12MO REDCELL OPS CENTER & NTWK CMD 6.5 XPLAT 50U BB 273PTS;REW STD 12MO REDCELL OPS CENTER & NTWK CMD 6.5 XPLAT 50U BB 273PTS;REW STD 12MO REDCELL OPS CENTER & NTWK CMD 6.5 XPLAT 50U BB 273PTS;;;;79;;
1;3;2094;1;2822,5179;2294,73;REW STD 24MO REDCELL OPS CENTER & NTWK CMD 6.5 XPLAT 50U BB 694PTS;21022399;;REW STD 24MO REDCELL OPS CENTER & NTWK CMD 6.5 XPLAT 50U BB 694PTS;REW STD 24MO REDCELL OPS CENTER & NTWK CMD 6.5 XPLAT 50U BB 694PTS;REW STD 24MO REDCELL OPS CENTER & NTWK CMD 6.5 XPLAT 50U BB 694PTS;REW STD 24MO REDCELL OPS CENTER & NTWK CMD 6.5 XPLAT 50U BB 694PTS;;;;79;;
1;3;2094;1;4191,102;3407,4;ACAD STD 36MO REDCELL OPS CENTER & NTWK CMD 6.5 XPLAT 50U BS;21022400;;ACAD STD 36MO REDCELL OPS CENTER & NTWK CMD 6.5 XPLAT 50U BS;ACAD STD 36MO REDCELL OPS CENTER & NTWK CMD 6.5 XPLAT 50U BS;ACAD STD 36MO REDCELL OPS CENTER & NTWK CMD 6.5 XPLAT 50U BS;ACAD STD 36MO REDCELL OPS CENTER & NTWK CMD 6.5 XPLAT 50U BS;;;;79;;
1;3;2094;1;1087,6152;884,24;GOVT STD 12MO REDCELL OPS CNTR & NTWK CMD 6.5 XPLAT 50U BS;21022401;;GOVT STD 12MO REDCELL OPS CNTR & NTWK CMD 6.5 XPLAT 50U BS;GOVT STD 12MO REDCELL OPS CNTR & NTWK CMD 6.5 XPLAT 50U BS;GOVT STD 12MO REDCELL OPS CNTR & NTWK CMD 6.5 XPLAT 50U BS;GOVT STD 12MO REDCELL OPS CNTR & NTWK CMD 6.5 XPLAT 50U BS;;;;79;;
1;3;2094;1;2762,5677;2245,99;GOVT STD 24MO REDCELL OPS CNTR & NTWK CMD 6.5 XPALT 50U BS;21022402;;GOVT STD 24MO REDCELL OPS CNTR & NTWK CMD 6.5 XPALT 50U BS;GOVT STD 24MO REDCELL OPS CNTR & NTWK CMD 6.5 XPALT 50U BS;GOVT STD 24MO REDCELL OPS CNTR & NTWK CMD 6.5 XPALT 50U BS;GOVT STD 24MO REDCELL OPS CNTR & NTWK CMD 6.5 XPALT 50U BS;;;;79;;
1;3;2094;1;4437,4956;3607,72;GOVT STD 36MO REDCELL OPS CNTR & NTWK CMD 6.5 XPLAT 50U BS;21022403;;GOVT STD 36MO REDCELL OPS CNTR & NTWK CMD 6.5 XPLAT 50U BS;GOVT STD 36MO REDCELL OPS CNTR & NTWK CMD 6.5 XPLAT 50U BS;GOVT STD 36MO REDCELL OPS CNTR & NTWK CMD 6.5 XPLAT 50U BS;GOVT STD 36MO REDCELL OPS CNTR & NTWK CMD 6.5 XPLAT 50U BS;;;;79;;
1;3;2094;1;4533,7923;3686,01;REW STD 36MO REDCELL OPS CENTER & NTWK CMD 6.5 XPLAT 50U BB 1115PTS;21022405;;REW STD 36MO REDCELL OPS CENTER & NTWK CMD 6.5 XPLAT 50U BB 1115PTS;REW STD 36MO REDCELL OPS CENTER & NTWK CMD 6.5 XPLAT 50U BB 1115PTS;REW STD 36MO REDCELL OPS CENTER & NTWK CMD 6.5 XPLAT 50U BB 1115PTS;REW STD 36MO REDCELL OPS CENTER & NTWK CMD 6.5 XPLAT 50U BB 1115PTS;;;;79;;
1;3;2094;1;1055,6721;858,27;REW STD 12MO REDCELL OPS CENTER & NTWK CMD 6.5 XPLAT 50U BC 273PTS;21022406;;REW STD 12MO REDCELL OPS CENTER & NTWK CMD 6.5 XPLAT 50U BC 273PTS;REW STD 12MO REDCELL OPS CENTER & NTWK CMD 6.5 XPLAT 50U BC 273PTS;REW STD 12MO REDCELL OPS CENTER & NTWK CMD 6.5 XPLAT 50U BC 273PTS;REW STD 12MO REDCELL OPS CENTER & NTWK CMD 6.5 XPLAT 50U BC 273PTS;;;;79;;
1;3;2094;1;2681,4;2180;REW STD 24MO REDCELL OPS CENTER & NTWK CMD 6.5 XPLAT 50U BC 694PTS;21022407;;REW STD 24MO REDCELL OPS CENTER & NTWK CMD 6.5 XPLAT 50U BC 694PTS;REW STD 24MO REDCELL OPS CENTER & NTWK CMD 6.5 XPLAT 50U BC 694PTS;REW STD 24MO REDCELL OPS CENTER & NTWK CMD 6.5 XPLAT 50U BC 694PTS;REW STD 24MO REDCELL OPS CENTER & NTWK CMD 6.5 XPLAT 50U BC 694PTS;;;;79;;
1;3;2094;1;4307,1156;3501,72;REW STD 36MO REDCELL OPS CENTER & NTWK CMD 6.5 XPLAT 50U BC 1115PTS;21022408;;REW STD 36MO REDCELL OPS CENTER & NTWK CMD 6.5 XPLAT 50U BC 1115PTS;REW STD 36MO REDCELL OPS CENTER & NTWK CMD 6.5 XPLAT 50U BC 1115PTS;REW STD 36MO REDCELL OPS CENTER & NTWK CMD 6.5 XPLAT 50U BC 1115PTS;REW STD 36MO REDCELL OPS CENTER & NTWK CMD 6.5 XPLAT 50U BC 1115PTS;;;;79;;
1;3;2094;1;1055,6721;858,27;REW STD 12MO REDCELL OPS CENTER & NTWK CMD 6.5 XPLAT 50U BD 273PTS;21022409;;REW STD 12MO REDCELL OPS CENTER & NTWK CMD 6.5 XPLAT 50U BD 273PTS;REW STD 12MO REDCELL OPS CENTER & NTWK CMD 6.5 XPLAT 50U BD 273PTS;REW STD 12MO REDCELL OPS CENTER & NTWK CMD 6.5 XPLAT 50U BD 273PTS;REW STD 12MO REDCELL OPS CENTER & NTWK CMD 6.5 XPLAT 50U BD 273PTS;;;;79;;
1;3;2094;1;2681,4;2180;REW STD 24MO REDCELL OPS CENTER & NTWK CMD 6.5 XPLAT 50U BD 694PTS;21022410;;REW STD 24MO REDCELL OPS CENTER & NTWK CMD 6.5 XPLAT 50U BD 694PTS;REW STD 24MO REDCELL OPS CENTER & NTWK CMD 6.5 XPLAT 50U BD 694PTS;REW STD 24MO REDCELL OPS CENTER & NTWK CMD 6.5 XPLAT 50U BD 694PTS;REW STD 24MO REDCELL OPS CENTER & NTWK CMD 6.5 XPLAT 50U BD 694PTS;;;;79;;
1;3;2094;1;4307,1156;3501,72;REW STD 36MO REDCELL OPS CENTER & NTWK CMD 6.5 XPLAT 50U BD 1115PTS;21022411;;REW STD 36MO REDCELL OPS CENTER & NTWK CMD 6.5 XPLAT 50U BD 1115PTS;REW STD 36MO REDCELL OPS CENTER & NTWK CMD 6.5 XPLAT 50U BD 1115PTS;REW STD 36MO REDCELL OPS CENTER & NTWK CMD 6.5 XPLAT 50U BD 1115PTS;REW STD 36MO REDCELL OPS CENTER & NTWK CMD 6.5 XPLAT 50U BD 1115PTS;;;;79;;
1;3;2094;1;1027,8864;835,68;REW STD 12MO REDCELL OPS CENTER & NTWK CMD 6.5 XPLAT 50U BE 273PTS;21022412;;REW STD 12MO REDCELL OPS CENTER & NTWK CMD 6.5 XPLAT 50U BE 273PTS;REW STD 12MO REDCELL OPS CENTER & NTWK CMD 6.5 XPLAT 50U BE 273PTS;REW STD 12MO REDCELL OPS CENTER & NTWK CMD 6.5 XPLAT 50U BE 273PTS;REW STD 12MO REDCELL OPS CENTER & NTWK CMD 6.5 XPLAT 50U BE 273PTS;;;;79;;
1;3;2094;1;2610,8349;2122,63;REW STD 24MO REDCELL OPS CENTER & NTWK CMD 6.5 XPLAT 50U BE 694PTS;21022413;;REW STD 24MO REDCELL OPS CENTER & NTWK CMD 6.5 XPLAT 50U BE 694PTS;REW STD 24MO REDCELL OPS CENTER & NTWK CMD 6.5 XPLAT 50U BE 694PTS;REW STD 24MO REDCELL OPS CENTER & NTWK CMD 6.5 XPLAT 50U BE 694PTS;REW STD 24MO REDCELL OPS CENTER & NTWK CMD 6.5 XPLAT 50U BE 694PTS;;;;79;;
1;3;2094;1;4193,7711;3409,57;REW STD 36MO REDCELL OPS CENTER & NTWK CMD 6.5 XPLAT 50U BE 1115PTS;21022414;;REW STD 36MO REDCELL OPS CENTER & NTWK CMD 6.5 XPLAT 50U BE 1115PTS;REW STD 36MO REDCELL OPS CENTER & NTWK CMD 6.5 XPLAT 50U BE 1115PTS;REW STD 36MO REDCELL OPS CENTER & NTWK CMD 6.5 XPLAT 50U BE 1115PTS;REW STD 36MO REDCELL OPS CENTER & NTWK CMD 6.5 XPLAT 50U BE 1115PTS;;;;79;;
1;3;2094;1;1027,2222;835,14;ACAD STD 12MO REDCELL OPS CENTER & NTWK CMD 6.5 XPLAT 50U BS;21022415;;ACAD STD 12MO REDCELL OPS CENTER & NTWK CMD 6.5 XPLAT 50U BS;ACAD STD 12MO REDCELL OPS CENTER & NTWK CMD 6.5 XPLAT 50U BS;ACAD STD 12MO REDCELL OPS CENTER & NTWK CMD 6.5 XPLAT 50U BS;ACAD STD 12MO REDCELL OPS CENTER & NTWK CMD 6.5 XPLAT 50U BS;;;;79;;
1;3;2094;1;2609,1744;2121,28;ACAD STD 24MO REDCELL OPS CENTER & NTWK CMD 6.5 XPLAT 50U BS;21022416;;ACAD STD 24MO REDCELL OPS CENTER & NTWK CMD 6.5 XPLAT 50U BS;ACAD STD 24MO REDCELL OPS CENTER & NTWK CMD 6.5 XPLAT 50U BS;ACAD STD 24MO REDCELL OPS CENTER & NTWK CMD 6.5 XPLAT 50U BS;ACAD STD 24MO REDCELL OPS CENTER & NTWK CMD 6.5 XPLAT 50U BS;;;;79;;
1;3;2094;1;2822,5179;2294,73;REW STD 24MO REDCELL OPS CENTER & NTWK CMD 6.5 XPLAT 50U BA 694PTS;21022417;;REW STD 24MO REDCELL OPS CENTER & NTWK CMD 6.5 XPLAT 50U BA 694PTS;REW STD 24MO REDCELL OPS CENTER & NTWK CMD 6.5 XPLAT 50U BA 694PTS;REW STD 24MO REDCELL OPS CENTER & NTWK CMD 6.5 XPLAT 50U BA 694PTS;REW STD 24MO REDCELL OPS CENTER & NTWK CMD 6.5 XPLAT 50U BA 694PTS;;;;79;;
1;3;2094;1;4533,7923;3686,01;REW STD 36MO REDCELL OPS CENTER & NTWK CMD 6.5 XPLAT 50U BA 1115PTS;21022418;;REW STD 36MO REDCELL OPS CENTER & NTWK CMD 6.5 XPLAT 50U BA 1115PTS;REW STD 36MO REDCELL OPS CENTER & NTWK CMD 6.5 XPLAT 50U BA 1115PTS;REW STD 36MO REDCELL OPS CENTER & NTWK CMD 6.5 XPLAT 50U BA 1115PTS;REW STD 36MO REDCELL OPS CENTER & NTWK CMD 6.5 XPLAT 50U BA 1115PTS;;;;79;;
1;3;2094;1;15476,5242;12582,54;GOVT STD 24MO REDCELL OPS CNTR & NTWK COMM CLUS OPT 6.5 XPLAT BS;21022419;;GOVT STD 24MO REDCELL OPS CNTR & NTWK COMM CLUS OPT 6.5 XPLAT BS;GOVT STD 24MO REDCELL OPS CNTR & NTWK COMM CLUS OPT 6.5 XPLAT BS;GOVT STD 24MO REDCELL OPS CNTR & NTWK COMM CLUS OPT 6.5 XPLAT BS;GOVT STD 24MO REDCELL OPS CNTR & NTWK COMM CLUS OPT 6.5 XPLAT BS;;;;79;;
1;3;2094;1;24859,9482;20211,34;GOVT STD 36MO REDCELL OPS CNTR & NTWK COMM CLUS OPT 6.5 XPLAT BS;21022420;;GOVT STD 36MO REDCELL OPS CNTR & NTWK COMM CLUS OPT 6.5 XPLAT BS;GOVT STD 36MO REDCELL OPS CNTR & NTWK COMM CLUS OPT 6.5 XPLAT BS;GOVT STD 36MO REDCELL OPS CNTR & NTWK COMM CLUS OPT 6.5 XPLAT BS;GOVT STD 36MO REDCELL OPS CNTR & NTWK COMM CLUS OPT 6.5 XPLAT BS;;;;79;;
1;3;2094;1;2505,0057;2036,59;REW STD 12MO RECELL OPS CNTR & NTWK COMM DIST OPT 6.5 XPLT 500U BA;21022422;;REW STD 12MO RECELL OPS CNTR & NTWK COMM DIST OPT 6.5 XPLT 500U BA;REW STD 12MO RECELL OPS CNTR & NTWK COMM DIST OPT 6.5 XPLT 500U BA;REW STD 12MO RECELL OPS CNTR & NTWK COMM DIST OPT 6.5 XPLT 500U BA;REW STD 12MO RECELL OPS CNTR & NTWK COMM DIST OPT 6.5 XPLT 500U BA;;;;79;;
1;3;2094;1;6362,7285;5172,95;REW STD 24MO RECELL OPS CNTR & NTWK COMM DIST OPT 6.5 XPLT 500U BA;21022423;;REW STD 24MO RECELL OPS CNTR & NTWK COMM DIST OPT 6.5 XPLT 500U BA;REW STD 24MO RECELL OPS CNTR & NTWK COMM DIST OPT 6.5 XPLT 500U BA;REW STD 24MO RECELL OPS CNTR & NTWK COMM DIST OPT 6.5 XPLT 500U BA;REW STD 24MO RECELL OPS CNTR & NTWK COMM DIST OPT 6.5 XPLT 500U BA;;;;79;;
1;3;2094;1;10220,4144;8309,28;REW STD 36MO RECELL OPS CNTR & NTWK COMM DIST OPT 6.5 XPLT 500U BA;21022424;;REW STD 36MO RECELL OPS CNTR & NTWK COMM DIST OPT 6.5 XPLT 500U BA;REW STD 36MO RECELL OPS CNTR & NTWK COMM DIST OPT 6.5 XPLT 500U BA;REW STD 36MO RECELL OPS CNTR & NTWK COMM DIST OPT 6.5 XPLT 500U BA;REW STD 36MO RECELL OPS CNTR & NTWK COMM DIST OPT 6.5 XPLT 500U BA;;;;79;;
1;3;2094;1;2505,0057;2036,59;REW STD 12MO RECELL OPS CNTR & NTWK COMM DIST OPT 6.5 XPLT 500U BB;21022425;;REW STD 12MO RECELL OPS CNTR & NTWK COMM DIST OPT 6.5 XPLT 500U BB;REW STD 12MO RECELL OPS CNTR & NTWK COMM DIST OPT 6.5 XPLT 500U BB;REW STD 12MO RECELL OPS CNTR & NTWK COMM DIST OPT 6.5 XPLT 500U BB;REW STD 12MO RECELL OPS CNTR & NTWK COMM DIST OPT 6.5 XPLT 500U BB;;;;79;;
1;3;2094;1;6362,7285;5172,95;REW STD 24MO RECELL OPS CNTR & NTWK COMM DIST OPT 6.5 XPLT 500U BB;21022426;;REW STD 24MO RECELL OPS CNTR & NTWK COMM DIST OPT 6.5 XPLT 500U BB;REW STD 24MO RECELL OPS CNTR & NTWK COMM DIST OPT 6.5 XPLT 500U BB;REW STD 24MO RECELL OPS CNTR & NTWK COMM DIST OPT 6.5 XPLT 500U BB;REW STD 24MO RECELL OPS CNTR & NTWK COMM DIST OPT 6.5 XPLT 500U BB;;;;79;;
1;3;2094;1;15021,8178;12212,86;REW STD 24MO REDCELL OPS CNTR & NTWK COM CLUS OPT 6.5 XPLT 1000U BD;21022432;;REW STD 24MO REDCELL OPS CNTR & NTWK COM CLUS OPT 6.5 XPLT 1000U BD;REW STD 24MO REDCELL OPS CNTR & NTWK COM CLUS OPT 6.5 XPLT 1000U BD;REW STD 24MO REDCELL OPS CNTR & NTWK COM CLUS OPT 6.5 XPLT 1000U BD;REW STD 24MO REDCELL OPS CNTR & NTWK COM CLUS OPT 6.5 XPLT 1000U BD;;;;79;;
1;3;2094;1;24129,525;19617,5;REW STD 36MO REDCELL OPS CNTR & NTWK COM CLUS OPT 6.5 XPAT 1000U BD;21022433;;REW STD 36MO REDCELL OPS CNTR & NTWK COM CLUS OPT 6.5 XPAT 1000U BD;REW STD 36MO REDCELL OPS CNTR & NTWK COM CLUS OPT 6.5 XPAT 1000U BD;REW STD 36MO REDCELL OPS CNTR & NTWK COM CLUS OPT 6.5 XPAT 1000U BD;REW STD 36MO REDCELL OPS CNTR & NTWK COM CLUS OPT 6.5 XPAT 1000U BD;;;;79;;
1;3;2094;1;5758,4664;4681,68;REW STD 12MO REDCELL OPS CNTR & NTWK COM CLUS OPT 6.5 XPLT 1000U BE;21022434;;REW STD 12MO REDCELL OPS CNTR & NTWK COM CLUS OPT 6.5 XPLT 1000U BE;REW STD 12MO REDCELL OPS CNTR & NTWK COM CLUS OPT 6.5 XPLT 1000U BE;REW STD 12MO REDCELL OPS CNTR & NTWK COM CLUS OPT 6.5 XPLT 1000U BE;REW STD 12MO REDCELL OPS CNTR & NTWK COM CLUS OPT 6.5 XPLT 1000U BE;;;;79;;
1;3;2094;1;14626,5081;11891,47;REW STD 24MO REDCELL OPS CNTR & NTWK COM CLUS OPT 6.5 XPLT 1000U BE;21022435;;REW STD 24MO REDCELL OPS CNTR & NTWK COM CLUS OPT 6.5 XPLT 1000U BE;REW STD 24MO REDCELL OPS CNTR & NTWK COM CLUS OPT 6.5 XPLT 1000U BE;REW STD 24MO REDCELL OPS CNTR & NTWK COM CLUS OPT 6.5 XPLT 1000U BE;REW STD 24MO REDCELL OPS CNTR & NTWK COM CLUS OPT 6.5 XPLT 1000U BE;;;;79;;
1;3;2094;1;23494,5375;19101,25;REW STD 36MO REDCELL OPS CNTR & NTWK COM CLUS OPT 6.5 XPLT 1000U BE;21022436;;REW STD 36MO REDCELL OPS CNTR & NTWK COM CLUS OPT 6.5 XPLT 1000U BE;REW STD 36MO REDCELL OPS CNTR & NTWK COM CLUS OPT 6.5 XPLT 1000U BE;REW STD 36MO REDCELL OPS CNTR & NTWK COM CLUS OPT 6.5 XPLT 1000U BE;REW STD 36MO REDCELL OPS CNTR & NTWK COM CLUS OPT 6.5 XPLT 1000U BE;;;;79;;
1;3;2094;1;5754,8256;4678,72;ACAD STD 12MO REDCELL OPS CNTR & NTWK COMM CLUS OPT 6.5 XPLAT BS;21022437;;ACAD STD 12MO REDCELL OPS CNTR & NTWK COMM CLUS OPT 6.5 XPLAT BS;ACAD STD 12MO REDCELL OPS CNTR & NTWK COMM CLUS OPT 6.5 XPLAT BS;ACAD STD 12MO REDCELL OPS CNTR & NTWK COMM CLUS OPT 6.5 XPLAT BS;ACAD STD 12MO REDCELL OPS CNTR & NTWK COMM CLUS OPT 6.5 XPLAT BS;;;;79;;
1;3;2094;1;14617,2216;11883,92;ACAD STD 24MO REDCELL OPS CNTR & NTWK COMM CLUS OPT 6.5 XPLAT BS;21022438;;ACAD STD 24MO REDCELL OPS CNTR & NTWK COMM CLUS OPT 6.5 XPLAT BS;ACAD STD 24MO REDCELL OPS CNTR & NTWK COMM CLUS OPT 6.5 XPLAT BS;ACAD STD 24MO REDCELL OPS CNTR & NTWK COMM CLUS OPT 6.5 XPLAT BS;ACAD STD 24MO REDCELL OPS CNTR & NTWK COMM CLUS OPT 6.5 XPLAT BS;;;;79;;
1;3;2094;1;23479,6299;19089,13;ACAD STD 36MO REDCELL OPS CNTR & NTWK COMM CLUS OPT 6.5 XPLAT BS;21022439;;ACAD STD 36MO REDCELL OPS CNTR & NTWK COMM CLUS OPT 6.5 XPLAT BS;ACAD STD 36MO REDCELL OPS CNTR & NTWK COMM CLUS OPT 6.5 XPLAT BS;ACAD STD 36MO REDCELL OPS CNTR & NTWK COMM CLUS OPT 6.5 XPLAT BS;ACAD STD 36MO REDCELL OPS CNTR & NTWK COMM CLUS OPT 6.5 XPLAT BS;;;;79;;
1;3;2094;1;6093,1248;4953,76;GOVT STD 12MO REDCELL OPS CNTR & NTWK COMM CLUS OPT 6.5 XPLAT BS;21022440;;GOVT STD 12MO REDCELL OPS CNTR & NTWK COMM CLUS OPT 6.5 XPLAT BS;GOVT STD 12MO REDCELL OPS CNTR & NTWK COMM CLUS OPT 6.5 XPLAT BS;GOVT STD 12MO REDCELL OPS CNTR & NTWK COMM CLUS OPT 6.5 XPLAT BS;GOVT STD 12MO REDCELL OPS CNTR & NTWK COMM CLUS OPT 6.5 XPLAT BS;;;;79;;
1;3;2094;1;1111,2312;903,44;REW STD 12MO REDCELL OPS CENTER & NTWK CMD 6.5 XPLAT 50U BA 273PTS;21022441;;REW STD 12MO REDCELL OPS CENTER & NTWK CMD 6.5 XPLAT 50U BA 273PTS;REW STD 12MO REDCELL OPS CENTER & NTWK CMD 6.5 XPLAT 50U BA 273PTS;REW STD 12MO REDCELL OPS CENTER & NTWK CMD 6.5 XPLAT 50U BA 273PTS;REW STD 12MO REDCELL OPS CENTER & NTWK CMD 6.5 XPLAT 50U BA 273PTS;;;;79;;
1;3;2094;1;4785,4995;3890,65;REW STD 12MO REDCELL OPS CENTER & NTWK CMD 6.5 XPLAT 250U BB 1177PT;21022443;;REW STD 12MO REDCELL OPS CENTER & NTWK CMD 6.5 XPLAT 250U BB 1177PT;REW STD 12MO REDCELL OPS CENTER & NTWK CMD 6.5 XPLAT 250U BB 1177PT;REW STD 12MO REDCELL OPS CENTER & NTWK CMD 6.5 XPLAT 250U BB 1177PT;REW STD 12MO REDCELL OPS CENTER & NTWK CMD 6.5 XPLAT 250U BB 1177PT;;;;79;;
1;3;2094;1;12155,1429;9882,23;REW STD 24MO REDCELL OPS CENTER & NTWK CMD 6.5 XPLAT 250U BB 2988PT;21022444;;REW STD 24MO REDCELL OPS CENTER & NTWK CMD 6.5 XPLAT 250U BB 2988PT;REW STD 24MO REDCELL OPS CENTER & NTWK CMD 6.5 XPLAT 250U BB 2988PT;REW STD 24MO REDCELL OPS CENTER & NTWK CMD 6.5 XPLAT 250U BB 2988PT;REW STD 24MO REDCELL OPS CENTER & NTWK CMD 6.5 XPLAT 250U BB 2988PT;;;;79;;
1;3;2094;1;19524,8109;15873,83;REW STD 36MO REDCELL OPS CENTER & NTWK CMD 6.5 XPLAT 250U BB 4800PT;21022445;;REW STD 36MO REDCELL OPS CENTER & NTWK CMD 6.5 XPLAT 250U BB 4800PT;REW STD 36MO REDCELL OPS CENTER & NTWK CMD 6.5 XPLAT 250U BB 4800PT;REW STD 36MO REDCELL OPS CENTER & NTWK CMD 6.5 XPLAT 250U BB 4800PT;REW STD 36MO REDCELL OPS CENTER & NTWK CMD 6.5 XPLAT 250U BB 4800PT;;;;79;;
1;3;2094;1;4546,2276;3696,12;REW STD 12MO REDCELL OPS CENTER & NTWK CMD 6.5 XPLAT 250U BC 1177PT;21022446;;REW STD 12MO REDCELL OPS CENTER & NTWK CMD 6.5 XPLAT 250U BC 1177PT;REW STD 12MO REDCELL OPS CENTER & NTWK CMD 6.5 XPLAT 250U BC 1177PT;REW STD 12MO REDCELL OPS CENTER & NTWK CMD 6.5 XPLAT 250U BC 1177PT;REW STD 12MO REDCELL OPS CENTER & NTWK CMD 6.5 XPLAT 250U BC 1177PT;;;;79;;
1;3;2094;1;18548,5845;15080,15;REW STD 36MO REDCELL OPS CENTER & NTWK CMD 6.5 XPLAT 250U BD 4800PT;21022447;;REW STD 36MO REDCELL OPS CENTER & NTWK CMD 6.5 XPLAT 250U BD 4800PT;REW STD 36MO REDCELL OPS CENTER & NTWK CMD 6.5 XPLAT 250U BD 4800PT;REW STD 36MO REDCELL OPS CENTER & NTWK CMD 6.5 XPLAT 250U BD 4800PT;REW STD 36MO REDCELL OPS CENTER & NTWK CMD 6.5 XPLAT 250U BD 4800PT;;;;79;;
1;3;2094;1;4426,5855;3598,85;REW STD 12MO REDCELL OPS CENTER & NTWK CMD 6.5 XPLAT 250U BE 1177PT;21022448;;REW STD 12MO REDCELL OPS CENTER & NTWK CMD 6.5 XPLAT 250U BE 1177PT;REW STD 12MO REDCELL OPS CENTER & NTWK CMD 6.5 XPLAT 250U BE 1177PT;REW STD 12MO REDCELL OPS CENTER & NTWK CMD 6.5 XPLAT 250U BE 1177PT;REW STD 12MO REDCELL OPS CENTER & NTWK CMD 6.5 XPLAT 250U BE 1177PT;;;;79;;
1;3;2094;1;11243,5038;9141,06;REW STD 24MO REDCELL OPS CENTER & NTWK CMD 6.5 XPLAT 250U BE 2988PT;21022449;;REW STD 24MO REDCELL OPS CENTER & NTWK CMD 6.5 XPLAT 250U BE 2988PT;REW STD 24MO REDCELL OPS CENTER & NTWK CMD 6.5 XPLAT 250U BE 2988PT;REW STD 24MO REDCELL OPS CENTER & NTWK CMD 6.5 XPLAT 250U BE 2988PT;REW STD 24MO REDCELL OPS CENTER & NTWK CMD 6.5 XPLAT 250U BE 2988PT;;;;79;;
1;3;2094;1;18060,4467;14683,29;REW STD 36MO REDCELL OPS CENTER & NTWK CMD 6.5 XPLAT 250U BE 4800PT;21022450;;REW STD 36MO REDCELL OPS CENTER & NTWK CMD 6.5 XPLAT 250U BE 4800PT;REW STD 36MO REDCELL OPS CENTER & NTWK CMD 6.5 XPLAT 250U BE 4800PT;REW STD 36MO REDCELL OPS CENTER & NTWK CMD 6.5 XPLAT 250U BE 4800PT;REW STD 36MO REDCELL OPS CENTER & NTWK CMD 6.5 XPLAT 250U BE 4800PT;;;;79;;
1;3;2094;1;4423,7688;3596,56;ACAD STD 12MO REDCELL OPS CENTER & NTWK CMD 6.5 XPLAT 250U BS;21022451;;ACAD STD 12MO REDCELL OPS CENTER & NTWK CMD 6.5 XPLAT 250U BS;ACAD STD 12MO REDCELL OPS CENTER & NTWK CMD 6.5 XPLAT 250U BS;ACAD STD 12MO REDCELL OPS CENTER & NTWK CMD 6.5 XPLAT 250U BS;ACAD STD 12MO REDCELL OPS CENTER & NTWK CMD 6.5 XPLAT 250U BS;;;;79;;
1;3;2094;1;11547,3876;9388,12;REW STD 24MO REDCELL OPS CENTER & NTWK CMD 6.5 XPLAT 250U BC 2988PT;21022452;;REW STD 24MO REDCELL OPS CENTER & NTWK CMD 6.5 XPLAT 250U BC 2988PT;REW STD 24MO REDCELL OPS CENTER & NTWK CMD 6.5 XPLAT 250U BC 2988PT;REW STD 24MO REDCELL OPS CENTER & NTWK CMD 6.5 XPLAT 250U BC 2988PT;REW STD 24MO REDCELL OPS CENTER & NTWK CMD 6.5 XPLAT 250U BC 2988PT;;;;79;;
1;3;2094;1;18548,5845;15080,15;REW STD 36MO REDCELL OPS CENTER & NTWK CMD 6.5 XPLAT 250U BC 4800PT;21022453;;REW STD 36MO REDCELL OPS CENTER & NTWK CMD 6.5 XPLAT 250U BC 4800PT;REW STD 36MO REDCELL OPS CENTER & NTWK CMD 6.5 XPLAT 250U BC 4800PT;REW STD 36MO REDCELL OPS CENTER & NTWK CMD 6.5 XPLAT 250U BC 4800PT;REW STD 36MO REDCELL OPS CENTER & NTWK CMD 6.5 XPLAT 250U BC 4800PT;;;;79;;
1;3;2094;1;4546,2276;3696,12;REW STD 12MO REDCELL OPS CENTER & NTWK CMD 6.5 XPLAT 250U BD 1177PT;21022454;;REW STD 12MO REDCELL OPS CENTER & NTWK CMD 6.5 XPLAT 250U BD 1177PT;REW STD 12MO REDCELL OPS CENTER & NTWK CMD 6.5 XPLAT 250U BD 1177PT;REW STD 12MO REDCELL OPS CENTER & NTWK CMD 6.5 XPLAT 250U BD 1177PT;REW STD 12MO REDCELL OPS CENTER & NTWK CMD 6.5 XPLAT 250U BD 1177PT;;;;79;;
1;3;2094;1;11547,3876;9388,12;REW STD 24MO REDCELL OPS CENTER & NTWK CMD 6.5 XPLAT 250U BD 2988PT;21022455;;REW STD 24MO REDCELL OPS CENTER & NTWK CMD 6.5 XPLAT 250U BD 2988PT;REW STD 24MO REDCELL OPS CENTER & NTWK CMD 6.5 XPLAT 250U BD 2988PT;REW STD 24MO REDCELL OPS CENTER & NTWK CMD 6.5 XPLAT 250U BD 2988PT;REW STD 24MO REDCELL OPS CENTER & NTWK CMD 6.5 XPLAT 250U BD 2988PT;;;;79;;
1;3;2094;1;4785,4995;3890,65;REW STD 12MO REDCELL OPS CENTER & NTWK CMD 6.5 XPLAT 250U BA 1177PT;21022461;;REW STD 12MO REDCELL OPS CENTER & NTWK CMD 6.5 XPLAT 250U BA 1177PT;REW STD 12MO REDCELL OPS CENTER & NTWK CMD 6.5 XPLAT 250U BA 1177PT;REW STD 12MO REDCELL OPS CENTER & NTWK CMD 6.5 XPLAT 250U BA 1177PT;REW STD 12MO REDCELL OPS CENTER & NTWK CMD 6.5 XPLAT 250U BA 1177PT;;;;79;;
1;3;2094;1;12155,1429;9882,23;REW STD 24MO REDCELL OPS CENTER & NTWK CMD 6.5 XPLAT 250U BA 2988PT;21022462;;REW STD 24MO REDCELL OPS CENTER & NTWK CMD 6.5 XPLAT 250U BA 2988PT;REW STD 24MO REDCELL OPS CENTER & NTWK CMD 6.5 XPLAT 250U BA 2988PT;REW STD 24MO REDCELL OPS CENTER & NTWK CMD 6.5 XPLAT 250U BA 2988PT;REW STD 24MO REDCELL OPS CENTER & NTWK CMD 6.5 XPLAT 250U BA 2988PT;;;;79;;
1;3;2094;1;19524,8109;15873,83;REW STD 36MO REDCELL OPS CENTER & NTWK CMD 6.5 XPLAT 250U BA 4800PT;21022463;;REW STD 36MO REDCELL OPS CENTER & NTWK CMD 6.5 XPLAT 250U BA 4800PT;REW STD 36MO REDCELL OPS CENTER & NTWK CMD 6.5 XPLAT 250U BA 4800PT;REW STD 36MO REDCELL OPS CENTER & NTWK CMD 6.5 XPLAT 250U BA 4800PT;REW STD 36MO REDCELL OPS CENTER & NTWK CMD 6.5 XPLAT 250U BA 4800PT;;;;79;;
1;3;2094;1;5885,5131;4784,97;REW STD 24MO RECELL OPS CNTR & NTWK COMM DIST OPT 6.5 XPLT 500U BE;21022464;;REW STD 24MO RECELL OPS CNTR & NTWK COMM DIST OPT 6.5 XPLT 500U BE;REW STD 24MO RECELL OPS CNTR & NTWK COMM DIST OPT 6.5 XPLT 500U BE;REW STD 24MO RECELL OPS CNTR & NTWK COMM DIST OPT 6.5 XPLT 500U BE;REW STD 24MO RECELL OPS CNTR & NTWK COMM DIST OPT 6.5 XPLT 500U BE;;;;79;;
1;3;2094;1;9453,8907;7686,09;REW STD 36MO RECELL OPS CNTR & NTWK COMM DIST OPT 6.5 XPLT 500U BE;21022465;;REW STD 36MO RECELL OPS CNTR & NTWK COMM DIST OPT 6.5 XPLT 500U BE;REW STD 36MO RECELL OPS CNTR & NTWK COMM DIST OPT 6.5 XPLT 500U BE;REW STD 36MO RECELL OPS CNTR & NTWK COMM DIST OPT 6.5 XPLT 500U BE;REW STD 36MO RECELL OPS CNTR & NTWK COMM DIST OPT 6.5 XPLT 500U BE;;;;79;;
1;3;2094;1;2315,6595;1882,65;ACAD STD 12MO RECELL OPS CNTR & NTWK COMM DIST OPT 6.5 XPLT 500U BS;21022466;;ACAD STD 12MO RECELL OPS CNTR & NTWK COMM DIST OPT 6.5 XPLT 500U BS;ACAD STD 12MO RECELL OPS CNTR & NTWK COMM DIST OPT 6.5 XPLT 500U BS;ACAD STD 12MO RECELL OPS CNTR & NTWK COMM DIST OPT 6.5 XPLT 500U BS;ACAD STD 12MO RECELL OPS CNTR & NTWK COMM DIST OPT 6.5 XPLT 500U BS;;;;79;;
1;3;2094;1;5881,7862;4781,94;ACAD STD 24MO RECELL OPS CNTR & NTWK COMM DIST OPT 6.5 XPLT 500U BS;21022467;;ACAD STD 24MO RECELL OPS CNTR & NTWK COMM DIST OPT 6.5 XPLT 500U BS;ACAD STD 24MO RECELL OPS CNTR & NTWK COMM DIST OPT 6.5 XPLT 500U BS;ACAD STD 24MO RECELL OPS CNTR & NTWK COMM DIST OPT 6.5 XPLT 500U BS;ACAD STD 24MO RECELL OPS CNTR & NTWK COMM DIST OPT 6.5 XPLT 500U BS;;;;79;;
1;3;2094;1;9447,876;7681,2;ACAD STD 36MO RECELL OPS CNTR & NTWK COMM DIST OPT 6.5 XPLT 500U BS;21022468;;ACAD STD 36MO RECELL OPS CNTR & NTWK COMM DIST OPT 6.5 XPLT 500U BS;ACAD STD 36MO RECELL OPS CNTR & NTWK COMM DIST OPT 6.5 XPLT 500U BS;ACAD STD 36MO RECELL OPS CNTR & NTWK COMM DIST OPT 6.5 XPLT 500U BS;ACAD STD 36MO RECELL OPS CNTR & NTWK COMM DIST OPT 6.5 XPLT 500U BS;;;;79;;
1;3;2094;1;2451,7959;1993,33;GOVT STD 12MO RECELL OPS CNTR & NTWK COMM DIST OPT 6.5 XPLT 500U BS;21022469;;GOVT STD 12MO RECELL OPS CNTR & NTWK COMM DIST OPT 6.5 XPLT 500U BS;GOVT STD 12MO RECELL OPS CNTR & NTWK COMM DIST OPT 6.5 XPLT 500U BS;GOVT STD 12MO RECELL OPS CNTR & NTWK COMM DIST OPT 6.5 XPLT 500U BS;GOVT STD 12MO RECELL OPS CNTR & NTWK COMM DIST OPT 6.5 XPLT 500U BS;;;;79;;
1;3;2094;1;6227,5515;5063,05;GOVT STD 24MO RECELL OPS CNTR & NTWK COMM DIST OPT 6.5 XPLT 500U BS;21022470;;GOVT STD 24MO RECELL OPS CNTR & NTWK COMM DIST OPT 6.5 XPLT 500U BS;GOVT STD 24MO RECELL OPS CNTR & NTWK COMM DIST OPT 6.5 XPLT 500U BS;GOVT STD 24MO RECELL OPS CNTR & NTWK COMM DIST OPT 6.5 XPLT 500U BS;GOVT STD 24MO RECELL OPS CNTR & NTWK COMM DIST OPT 6.5 XPLT 500U BS;;;;79;;
1;3;2094;1;10003,3071;8132,77;GOVT STD 36MO RECELL OPS CNTR & NTWK COMM DIST OPT 6.5 XPLT 500U BS;21022471;;GOVT STD 36MO RECELL OPS CNTR & NTWK COMM DIST OPT 6.5 XPLT 500U BS;GOVT STD 36MO RECELL OPS CNTR & NTWK COMM DIST OPT 6.5 XPLT 500U BS;GOVT STD 36MO RECELL OPS CNTR & NTWK COMM DIST OPT 6.5 XPLT 500U BS;GOVT STD 36MO RECELL OPS CNTR & NTWK COMM DIST OPT 6.5 XPLT 500U BS;;;;79;;
1;3;2094;1;10220,4144;8309,28;REW STD 36MO RECELL OPS CNTR & NTWK COMM DIST OPT 6.5 XPLT 500U BB;21022472;;REW STD 36MO RECELL OPS CNTR & NTWK COMM DIST OPT 6.5 XPLT 500U BB;REW STD 36MO RECELL OPS CNTR & NTWK COMM DIST OPT 6.5 XPLT 500U BB;REW STD 36MO RECELL OPS CNTR & NTWK COMM DIST OPT 6.5 XPLT 500U BB;REW STD 36MO RECELL OPS CNTR & NTWK COMM DIST OPT 6.5 XPLT 500U BB;;;;79;;
1;3;2094;1;2379,7548;1934,76;REW STD 12MO RECELL OPS CNTR & NTWK COMM DIST OPT 6.5 XPLT 500U BC;21022473;;REW STD 12MO RECELL OPS CNTR & NTWK COMM DIST OPT 6.5 XPLT 500U BC;REW STD 12MO RECELL OPS CNTR & NTWK COMM DIST OPT 6.5 XPLT 500U BC;REW STD 12MO RECELL OPS CNTR & NTWK COMM DIST OPT 6.5 XPLT 500U BC;REW STD 12MO RECELL OPS CNTR & NTWK COMM DIST OPT 6.5 XPLT 500U BC;;;;79;;
1;3;2094;1;6044,589;4914,3;REW STD 24MO RECELL OPS CNTR & NTWK COMM DIST OPT 6.5 XPLT 500U BC;21022474;;REW STD 24MO RECELL OPS CNTR & NTWK COMM DIST OPT 6.5 XPLT 500U BC;REW STD 24MO RECELL OPS CNTR & NTWK COMM DIST OPT 6.5 XPLT 500U BC;REW STD 24MO RECELL OPS CNTR & NTWK COMM DIST OPT 6.5 XPLT 500U BC;REW STD 24MO RECELL OPS CNTR & NTWK COMM DIST OPT 6.5 XPLT 500U BC;;;;79;;
1;3;2094;1;9709,4109;7893,83;REW STD 36MO RECELL OPS CNTR & NTWK COMM DIST OPT 6.5 XPLT 500U BC;21022475;;REW STD 36MO RECELL OPS CNTR & NTWK COMM DIST OPT 6.5 XPLT 500U BC;REW STD 36MO RECELL OPS CNTR & NTWK COMM DIST OPT 6.5 XPLT 500U BC;REW STD 36MO RECELL OPS CNTR & NTWK COMM DIST OPT 6.5 XPLT 500U BC;REW STD 36MO RECELL OPS CNTR & NTWK COMM DIST OPT 6.5 XPLT 500U BC;;;;79;;
1;3;2094;1;2379,7548;1934,76;REW STD 12MO RECELL OPS CNTR & NTWK COMM DIST OPT 6.5 XPLT 500U BD;21022476;;REW STD 12MO RECELL OPS CNTR & NTWK COMM DIST OPT 6.5 XPLT 500U BD;REW STD 12MO RECELL OPS CNTR & NTWK COMM DIST OPT 6.5 XPLT 500U BD;REW STD 12MO RECELL OPS CNTR & NTWK COMM DIST OPT 6.5 XPLT 500U BD;REW STD 12MO RECELL OPS CNTR & NTWK COMM DIST OPT 6.5 XPLT 500U BD;;;;79;;
1;3;2094;1;6044,589;4914,3;REW STD 24MO RECELL OPS CNTR & NTWK COMM DIST OPT 6.5 XPLT 500U BD;21022477;;REW STD 24MO RECELL OPS CNTR & NTWK COMM DIST OPT 6.5 XPLT 500U BD;REW STD 24MO RECELL OPS CNTR & NTWK COMM DIST OPT 6.5 XPLT 500U BD;REW STD 24MO RECELL OPS CNTR & NTWK COMM DIST OPT 6.5 XPLT 500U BD;REW STD 24MO RECELL OPS CNTR & NTWK COMM DIST OPT 6.5 XPLT 500U BD;;;;79;;
1;3;2094;1;9709,4109;7893,83;REW STD 36MO RECELL OPS CNTR & NTWK COMM DIST OPT 6.5 XPLT 500U BD;21022478;;REW STD 36MO RECELL OPS CNTR & NTWK COMM DIST OPT 6.5 XPLT 500U BD;REW STD 36MO RECELL OPS CNTR & NTWK COMM DIST OPT 6.5 XPLT 500U BD;REW STD 36MO RECELL OPS CNTR & NTWK COMM DIST OPT 6.5 XPLT 500U BD;REW STD 36MO RECELL OPS CNTR & NTWK COMM DIST OPT 6.5 XPLT 500U BD;;;;79;;
1;3;2094;1;2317,1232;1883,84;REW STD 12MO RECELL OPS CNTR & NTWK COMM DIST OPT 6.5 XPLT 500U BE;21022479;;REW STD 12MO RECELL OPS CNTR & NTWK COMM DIST OPT 6.5 XPLT 500U BE;REW STD 12MO RECELL OPS CNTR & NTWK COMM DIST OPT 6.5 XPLT 500U BE;REW STD 12MO RECELL OPS CNTR & NTWK COMM DIST OPT 6.5 XPLT 500U BE;REW STD 12MO RECELL OPS CNTR & NTWK COMM DIST OPT 6.5 XPLT 500U BE;;;;79;;
1;3;2094;1;6225,3744;5061,28;REW STD 12MO REDCELL OPS CNTR & NTWK COM CLUS OPT 6.5 XPLT 1000U BA;21022485;;REW STD 12MO REDCELL OPS CNTR & NTWK COM CLUS OPT 6.5 XPLT 1000U BA;REW STD 12MO REDCELL OPS CNTR & NTWK COM CLUS OPT 6.5 XPLT 1000U BA;REW STD 12MO REDCELL OPS CNTR & NTWK COM CLUS OPT 6.5 XPLT 1000U BA;REW STD 12MO REDCELL OPS CNTR & NTWK COM CLUS OPT 6.5 XPLT 1000U BA;;;;79;;
1;3;2094;1;5914,0983;4808,21;REW STD 12MO REDCELL OPS CNTR & NTWK COM CLUS OPT 6.5 XPLT 1000U BC;21022486;;REW STD 12MO REDCELL OPS CNTR & NTWK COM CLUS OPT 6.5 XPLT 1000U BC;REW STD 12MO REDCELL OPS CNTR & NTWK COM CLUS OPT 6.5 XPLT 1000U BC;REW STD 12MO REDCELL OPS CNTR & NTWK COM CLUS OPT 6.5 XPLT 1000U BC;REW STD 12MO REDCELL OPS CNTR & NTWK COM CLUS OPT 6.5 XPLT 1000U BC;;;;79;;
1;3;2094;1;15021,8178;12212,86;REW STD 24MO REDCELL OPS CNTR & NTWK COM CLUS OPT 6.5 XPLT 1000U BC;21022487;;REW STD 24MO REDCELL OPS CNTR & NTWK COM CLUS OPT 6.5 XPLT 1000U BC;REW STD 24MO REDCELL OPS CNTR & NTWK COM CLUS OPT 6.5 XPLT 1000U BC;REW STD 24MO REDCELL OPS CNTR & NTWK COM CLUS OPT 6.5 XPLT 1000U BC;REW STD 24MO REDCELL OPS CNTR & NTWK COM CLUS OPT 6.5 XPLT 1000U BC;;;;79;;
1;3;2094;1;24129,525;19617,5;REW STD 36MO REDCELL OPS CNTR & NTWK COM CLUS OPT 6.5 XPLT 1000U BC;21022488;;REW STD 36MO REDCELL OPS CNTR & NTWK COM CLUS OPT 6.5 XPLT 1000U BC;REW STD 36MO REDCELL OPS CNTR & NTWK COM CLUS OPT 6.5 XPLT 1000U BC;REW STD 36MO REDCELL OPS CNTR & NTWK COM CLUS OPT 6.5 XPLT 1000U BC;REW STD 36MO REDCELL OPS CNTR & NTWK COM CLUS OPT 6.5 XPLT 1000U BC;;;;79;;
1;3;2094;1;5914,0983;4808,21;REW STD 12MO REDCELL OPS CNTR & NTWK COM CLUS OPT 6.5 XPAT 1000U BD;21022489;;REW STD 12MO REDCELL OPS CNTR & NTWK COM CLUS OPT 6.5 XPAT 1000U BD;REW STD 12MO REDCELL OPS CNTR & NTWK COM CLUS OPT 6.5 XPAT 1000U BD;REW STD 12MO REDCELL OPS CNTR & NTWK COM CLUS OPT 6.5 XPAT 1000U BD;REW STD 12MO REDCELL OPS CNTR & NTWK COM CLUS OPT 6.5 XPAT 1000U BD;;;;79;;
1;3;2094;1;15812,4495;12855,65;REW STD 24MO REDCELL OPS CNTR & NTWK COM CLUS OPT 6.5 XPLT 1000U BA;21022490;;REW STD 24MO REDCELL OPS CNTR & NTWK COM CLUS OPT 6.5 XPLT 1000U BA;REW STD 24MO REDCELL OPS CNTR & NTWK COM CLUS OPT 6.5 XPLT 1000U BA;REW STD 24MO REDCELL OPS CNTR & NTWK COM CLUS OPT 6.5 XPLT 1000U BA;REW STD 24MO REDCELL OPS CNTR & NTWK COM CLUS OPT 6.5 XPLT 1000U BA;;;;79;;
1;3;2094;1;25399,5;20650;REW STD 36MO REDCELL OPS CNTR & NTWK COM CLUS OPT 6.5 XPLT 1000U BA;21022491;;REW STD 36MO REDCELL OPS CNTR & NTWK COM CLUS OPT 6.5 XPLT 1000U BA;REW STD 36MO REDCELL OPS CNTR & NTWK COM CLUS OPT 6.5 XPLT 1000U BA;REW STD 36MO REDCELL OPS CNTR & NTWK COM CLUS OPT 6.5 XPLT 1000U BA;REW STD 36MO REDCELL OPS CNTR & NTWK COM CLUS OPT 6.5 XPLT 1000U BA;;;;79;;
1;3;2094;1;6225,3744;5061,28;REW STD 12MO REDCELL OPS CNTR & NTWK COM CLUS OPT 6.5 XPLT 1000U BB;21022492;;REW STD 12MO REDCELL OPS CNTR & NTWK COM CLUS OPT 6.5 XPLT 1000U BB;REW STD 12MO REDCELL OPS CNTR & NTWK COM CLUS OPT 6.5 XPLT 1000U BB;REW STD 12MO REDCELL OPS CNTR & NTWK COM CLUS OPT 6.5 XPLT 1000U BB;REW STD 12MO REDCELL OPS CNTR & NTWK COM CLUS OPT 6.5 XPLT 1000U BB;;;;79;;
1;3;2094;1;15812,4495;12855,65;REW STD 24MO REDCELL OPS CNTR & NTWK COM CLUS OPT 6.5 XPLT 1000U BB;21022493;;REW STD 24MO REDCELL OPS CNTR & NTWK COM CLUS OPT 6.5 XPLT 1000U BB;REW STD 24MO REDCELL OPS CNTR & NTWK COM CLUS OPT 6.5 XPLT 1000U BB;REW STD 24MO REDCELL OPS CNTR & NTWK COM CLUS OPT 6.5 XPLT 1000U BB;REW STD 24MO REDCELL OPS CNTR & NTWK COM CLUS OPT 6.5 XPLT 1000U BB;;;;79;;
1;3;2094;1;25399,5;20650;REW STD 36MO REDCELL OPS CNTR & NTWK COM CLUS OPT 6.5 XPLT 1000U BB;21022494;;REW STD 36MO REDCELL OPS CNTR & NTWK COM CLUS OPT 6.5 XPLT 1000U BB;REW STD 36MO REDCELL OPS CNTR & NTWK COM CLUS OPT 6.5 XPLT 1000U BB;REW STD 36MO REDCELL OPS CNTR & NTWK COM CLUS OPT 6.5 XPLT 1000U BB;REW STD 36MO REDCELL OPS CNTR & NTWK COM CLUS OPT 6.5 XPLT 1000U BB;;;;79;;
1;3;2094;1;11236,3821;9135,27;ACAD STD 24MO REDCELL OPS CENTER & NTWK CMD 6.5 XPLAT 250U BS;21022495;;ACAD STD 24MO REDCELL OPS CENTER & NTWK CMD 6.5 XPLAT 250U BS;ACAD STD 24MO REDCELL OPS CENTER & NTWK CMD 6.5 XPLAT 250U BS;ACAD STD 24MO REDCELL OPS CENTER & NTWK CMD 6.5 XPLAT 250U BS;ACAD STD 24MO REDCELL OPS CENTER & NTWK CMD 6.5 XPLAT 250U BS;;;;79;;
1;3;2094;1;18048,9708;14673,96;ACAD STD 36MO REDCELL OPS CENTER & NTWK CMD 6.5 XPLAT 250U BS;21022496;;ACAD STD 36MO REDCELL OPS CENTER & NTWK CMD 6.5 XPLAT 250U BS;ACAD STD 36MO REDCELL OPS CENTER & NTWK CMD 6.5 XPLAT 250U BS;ACAD STD 36MO REDCELL OPS CENTER & NTWK CMD 6.5 XPLAT 250U BS;ACAD STD 36MO REDCELL OPS CENTER & NTWK CMD 6.5 XPLAT 250U BS;;;;79;;
1;3;2094;1;4683,84;3808;GOVT STD 12MO REDCELL OPS CNTR & NTWK CMD 6.5 XPLAT 250U BS;21022497;;GOVT STD 12MO REDCELL OPS CNTR & NTWK CMD 6.5 XPLAT 250U BS;GOVT STD 12MO REDCELL OPS CNTR & NTWK CMD 6.5 XPLAT 250U BS;GOVT STD 12MO REDCELL OPS CNTR & NTWK CMD 6.5 XPLAT 250U BS;GOVT STD 12MO REDCELL OPS CNTR & NTWK CMD 6.5 XPLAT 250U BS;;;;79;;
1;3;2094;1;11896,9413;9672,31;GOVT STD 24MO REDCELL OPS CNTR & NTWK CMD 6.5 XPLAT 250U BS;21022498;;GOVT STD 24MO REDCELL OPS CNTR & NTWK CMD 6.5 XPLAT 250U BS;GOVT STD 24MO REDCELL OPS CNTR & NTWK CMD 6.5 XPLAT 250U BS;GOVT STD 24MO REDCELL OPS CNTR & NTWK CMD 6.5 XPLAT 250U BS;GOVT STD 24MO REDCELL OPS CNTR & NTWK CMD 6.5 XPLAT 250U BS;;;;79;;
1;3;2094;1;19110,0303;15536,61;GOVT STD 36MO REDCELL OPS CNTR & NTWK CMD 6.5 XPLAT 250U BS;21022499;;GOVT STD 36MO REDCELL OPS CNTR & NTWK CMD 6.5 XPLAT 250U BS;GOVT STD 36MO REDCELL OPS CNTR & NTWK CMD 6.5 XPLAT 250U BS;GOVT STD 36MO REDCELL OPS CNTR & NTWK CMD 6.5 XPLAT 250U BS;GOVT STD 36MO REDCELL OPS CNTR & NTWK CMD 6.5 XPLAT 250U BS;;;;79;;
1;3;2094;1;15,6087;12,69;ACAD STD 36MO HW INDEPENDENT IMAGING SOL 6.9 XPLAT PER NODE BS;21022505;;ACAD STD 36MO HW INDEPENDENT IMAGING SOL 6.9 XPLAT PER NODE BS;ACAD STD 36MO HW INDEPENDENT IMAGING SOL 6.9 XPLAT PER NODE BS;ACAD STD 36MO HW INDEPENDENT IMAGING SOL 6.9 XPLAT PER NODE BS;ACAD STD 36MO HW INDEPENDENT IMAGING SOL 6.9 XPLAT PER NODE BS;;;;79;;
1;3;2094;1;5,5227;4,49;GOVT STD 12MO HW INDEPENDENT IMAGING SOL 6.9 XPLAT PER NODE BS;21022506;;GOVT STD 12MO HW INDEPENDENT IMAGING SOL 6.9 XPLAT PER NODE BS;GOVT STD 12MO HW INDEPENDENT IMAGING SOL 6.9 XPLAT PER NODE BS;GOVT STD 12MO HW INDEPENDENT IMAGING SOL 6.9 XPLAT PER NODE BS;GOVT STD 12MO HW INDEPENDENT IMAGING SOL 6.9 XPLAT PER NODE BS;;;;79;;
1;3;2094;1;11,0331;8,97;GOVT STD 24MO HW INDEPENDENT IMAGING SOL 6.9 XPLAT PER NODE BS;21022507;;GOVT STD 24MO HW INDEPENDENT IMAGING SOL 6.9 XPLAT PER NODE BS;GOVT STD 24MO HW INDEPENDENT IMAGING SOL 6.9 XPLAT PER NODE BS;GOVT STD 24MO HW INDEPENDENT IMAGING SOL 6.9 XPLAT PER NODE BS;GOVT STD 24MO HW INDEPENDENT IMAGING SOL 6.9 XPLAT PER NODE BS;;;;79;;
1;3;2094;1;16,8756;13,72;EXP H/W INDEPENDENT IMAG SOL 6.9 XPLAT N LIC S 36M;21022510;;EXP H/W INDEPENDENT IMAG SOL 6.9 XPLAT N LIC S 36M;EXP H/W INDEPENDENT IMAG SOL 6.9 XPLAT N LIC S 36M;EXP H/W INDEPENDENT IMAG SOL 6.9 XPLAT N LIC S 36M;EXP H/W INDEPENDENT IMAG SOL 6.9 XPLAT N LIC S 36M;;;;79;;
1;3;2094;1;5,6211;4,57;REW STD 12MO HW INDEPENDENT IMAGING SOL 6.9 XPLT NODE BA 1PTS;21022511;;REW STD 12MO HW INDEPENDENT IMAGING SOL 6.9 XPLT NODE BA 1PTS;REW STD 12MO HW INDEPENDENT IMAGING SOL 6.9 XPLT NODE BA 1PTS;REW STD 12MO HW INDEPENDENT IMAGING SOL 6.9 XPLT NODE BA 1PTS;REW STD 12MO HW INDEPENDENT IMAGING SOL 6.9 XPLT NODE BA 1PTS;;;;79;;
1;3;2094;1;11,2668;9,16;REW STD 24MO HW INDEPENDENT IMAGING SOL 6.9 XPLT NODE BA 3PTS;21022512;;REW STD 24MO HW INDEPENDENT IMAGING SOL 6.9 XPLT NODE BA 3PTS;REW STD 24MO HW INDEPENDENT IMAGING SOL 6.9 XPLT NODE BA 3PTS;REW STD 24MO HW INDEPENDENT IMAGING SOL 6.9 XPLT NODE BA 3PTS;REW STD 24MO HW INDEPENDENT IMAGING SOL 6.9 XPLT NODE BA 3PTS;;;;79;;
1;3;2094;1;16,8756;13,72;REW STD 36MO HW INDEPENDENT IMAGING SOL 6.9 XPLT NODE BB 4PTS;21022513;;REW STD 36MO HW INDEPENDENT IMAGING SOL 6.9 XPLT NODE BB 4PTS;REW STD 36MO HW INDEPENDENT IMAGING SOL 6.9 XPLT NODE BB 4PTS;REW STD 36MO HW INDEPENDENT IMAGING SOL 6.9 XPLT NODE BB 4PTS;REW STD 36MO HW INDEPENDENT IMAGING SOL 6.9 XPLT NODE BB 4PTS;;;;79;;
1;3;2094;1;5,3382;4,34;REW STD 12MO HW INDEPENDENT IMAGING SOL 6.9 XPLT NODE BC 1PTS;21022514;;REW STD 12MO HW INDEPENDENT IMAGING SOL 6.9 XPLT NODE BC 1PTS;REW STD 12MO HW INDEPENDENT IMAGING SOL 6.9 XPLT NODE BC 1PTS;REW STD 12MO HW INDEPENDENT IMAGING SOL 6.9 XPLT NODE BC 1PTS;REW STD 12MO HW INDEPENDENT IMAGING SOL 6.9 XPLT NODE BC 1PTS;;;;79;;
1;3;2094;1;10,6887;8,69;REW STD 24MO HW INDEPENDENT IMAGING SOL 6.9 XPLT NODE BD 3PTS;21022515;;REW STD 24MO HW INDEPENDENT IMAGING SOL 6.9 XPLT NODE BD 3PTS;REW STD 24MO HW INDEPENDENT IMAGING SOL 6.9 XPLT NODE BD 3PTS;REW STD 24MO HW INDEPENDENT IMAGING SOL 6.9 XPLT NODE BD 3PTS;REW STD 24MO HW INDEPENDENT IMAGING SOL 6.9 XPLT NODE BD 3PTS;;;;79;;
1;3;2094;1;16,0392;13,04;REW STD 36MO HW INDEPENDENT IMAGING SOL 6.9 XPLT NODE BD 4PTS;21022516;;REW STD 36MO HW INDEPENDENT IMAGING SOL 6.9 XPLT NODE BD 4PTS;REW STD 36MO HW INDEPENDENT IMAGING SOL 6.9 XPLT NODE BD 4PTS;REW STD 36MO HW INDEPENDENT IMAGING SOL 6.9 XPLT NODE BD 4PTS;REW STD 36MO HW INDEPENDENT IMAGING SOL 6.9 XPLT NODE BD 4PTS;;;;79;;
1;3;2094;1;15,6087;12,69;REW STD 36MO HW INDEPENDENT IMAGING SOL 6.9 XPLT NODE BE 4PTS;21022517;;REW STD 36MO HW INDEPENDENT IMAGING SOL 6.9 XPLT NODE BE 4PTS;REW STD 36MO HW INDEPENDENT IMAGING SOL 6.9 XPLT NODE BE 4PTS;REW STD 36MO HW INDEPENDENT IMAGING SOL 6.9 XPLT NODE BE 4PTS;REW STD 36MO HW INDEPENDENT IMAGING SOL 6.9 XPLT NODE BE 4PTS;;;;79;;
1;3;2094;1;5,2152;4,24;ACAD STD 12MO HW INDEPENDENT IMAGING SOL 6.9 XPLAT PER NODE BS;21022518;;ACAD STD 12MO HW INDEPENDENT IMAGING SOL 6.9 XPLAT PER NODE BS;ACAD STD 12MO HW INDEPENDENT IMAGING SOL 6.9 XPLAT PER NODE BS;ACAD STD 12MO HW INDEPENDENT IMAGING SOL 6.9 XPLAT PER NODE BS;ACAD STD 12MO HW INDEPENDENT IMAGING SOL 6.9 XPLAT PER NODE BS;;;;79;;
1;3;2094;1;16,5435;13,45;GOVT STD 36MO HW INDEPENDENT IMAGING SOL 6.9 XPLAT PER NODE BS;21022519;;GOVT STD 36MO HW INDEPENDENT IMAGING SOL 6.9 XPLAT PER NODE BS;GOVT STD 36MO HW INDEPENDENT IMAGING SOL 6.9 XPLAT PER NODE BS;GOVT STD 36MO HW INDEPENDENT IMAGING SOL 6.9 XPLAT PER NODE BS;GOVT STD 36MO HW INDEPENDENT IMAGING SOL 6.9 XPLAT PER NODE BS;;;;79;;
1;3;2094;1;16,8756;13,72;REW STD 36MO HW INDEPENDENT IMAGING SOL 6.9 XPLT NODE BA 4PTS;21022522;;REW STD 36MO HW INDEPENDENT IMAGING SOL 6.9 XPLT NODE BA 4PTS;REW STD 36MO HW INDEPENDENT IMAGING SOL 6.9 XPLT NODE BA 4PTS;REW STD 36MO HW INDEPENDENT IMAGING SOL 6.9 XPLT NODE BA 4PTS;REW STD 36MO HW INDEPENDENT IMAGING SOL 6.9 XPLT NODE BA 4PTS;;;;79;;
1;3;2094;1;10,6887;8,69;REW STD 24MO HW INDEPENDENT IMAGING SOL 6.9 XPLT NODE BC 3PTS;21022523;;REW STD 24MO HW INDEPENDENT IMAGING SOL 6.9 XPLT NODE BC 3PTS;REW STD 24MO HW INDEPENDENT IMAGING SOL 6.9 XPLT NODE BC 3PTS;REW STD 24MO HW INDEPENDENT IMAGING SOL 6.9 XPLT NODE BC 3PTS;REW STD 24MO HW INDEPENDENT IMAGING SOL 6.9 XPLT NODE BC 3PTS;;;;79;;
1;3;2094;1;5,2152;4,24;REW STD 12MO HW INDEPENDENT IMAGING SOL 6.9 XPLT NODE BE 1PTS;21022524;;REW STD 12MO HW INDEPENDENT IMAGING SOL 6.9 XPLT NODE BE 1PTS;REW STD 12MO HW INDEPENDENT IMAGING SOL 6.9 XPLT NODE BE 1PTS;REW STD 12MO HW INDEPENDENT IMAGING SOL 6.9 XPLT NODE BE 1PTS;REW STD 12MO HW INDEPENDENT IMAGING SOL 6.9 XPLT NODE BE 1PTS;;;;79;;
1;3;2094;1;10,4181;8,47;REW STD 24MO HW INDEPENDENT IMAGING SOL 6.9 XPLT NODE BE 3PTS;21022525;;REW STD 24MO HW INDEPENDENT IMAGING SOL 6.9 XPLT NODE BE 3PTS;REW STD 24MO HW INDEPENDENT IMAGING SOL 6.9 XPLT NODE BE 3PTS;REW STD 24MO HW INDEPENDENT IMAGING SOL 6.9 XPLT NODE BE 3PTS;REW STD 24MO HW INDEPENDENT IMAGING SOL 6.9 XPLT NODE BE 3PTS;;;;79;;
1;3;2094;1;10,4181;8,47;ACAD STD 24MO HW INDEPENDENT IMAGING SOL 6.9 XPLAT PER NODE BS;21022526;;ACAD STD 24MO HW INDEPENDENT IMAGING SOL 6.9 XPLAT PER NODE BS;ACAD STD 24MO HW INDEPENDENT IMAGING SOL 6.9 XPLAT PER NODE BS;ACAD STD 24MO HW INDEPENDENT IMAGING SOL 6.9 XPLAT PER NODE BS;ACAD STD 24MO HW INDEPENDENT IMAGING SOL 6.9 XPLAT PER NODE BS;;;;79;;
1;3;2094;1;27,4905;22,35;EXP H/W INDEPENDENT IMAG SOL SVR6.9XPLT N LIC S12M;21022527;;EXP H/W INDEPENDENT IMAG SOL SVR6.9XPLT N LIC S12M;EXP H/W INDEPENDENT IMAG SOL SVR6.9XPLT N LIC S12M;EXP H/W INDEPENDENT IMAG SOL SVR6.9XPLT N LIC S12M;EXP H/W INDEPENDENT IMAG SOL SVR6.9XPLT N LIC S12M;;;;79;;
1;3;2094;1;54,9564;44,68;EXP H/W INDEPENDENT IMAG SOL SVR6.9XPLT N LIC S24M;21022528;;EXP H/W INDEPENDENT IMAG SOL SVR6.9XPLT N LIC S24M;EXP H/W INDEPENDENT IMAG SOL SVR6.9XPLT N LIC S24M;EXP H/W INDEPENDENT IMAG SOL SVR6.9XPLT N LIC S24M;EXP H/W INDEPENDENT IMAG SOL SVR6.9XPLT N LIC S24M;;;;79;;
1;3;2094;1;5,6211;4,57;EXP H/W INDEPENDENT IMAG SOL 6.9 XPLAT N LIC S 12M;21022529;;EXP H/W INDEPENDENT IMAG SOL 6.9 XPLAT N LIC S 12M;EXP H/W INDEPENDENT IMAG SOL 6.9 XPLAT N LIC S 12M;EXP H/W INDEPENDENT IMAG SOL 6.9 XPLAT N LIC S 12M;EXP H/W INDEPENDENT IMAG SOL 6.9 XPLAT N LIC S 12M;;;;79;;
1;3;2094;1;11,2668;9,16;EXP H/W INDEPENDENT IMAG SOL 6.9 XPLAT N LIC S 24M;21022530;;EXP H/W INDEPENDENT IMAG SOL 6.9 XPLAT N LIC S 24M;EXP H/W INDEPENDENT IMAG SOL 6.9 XPLAT N LIC S 24M;EXP H/W INDEPENDENT IMAG SOL 6.9 XPLAT N LIC S 24M;EXP H/W INDEPENDENT IMAG SOL 6.9 XPLAT N LIC S 24M;;;;79;;
1;3;2094;1;5,6211;4,57;REW STD 12MO HW INDEPENDENT IMAGING SOL 6.9 XPLT NODE BB 1PTS;21022531;;REW STD 12MO HW INDEPENDENT IMAGING SOL 6.9 XPLT NODE BB 1PTS;REW STD 12MO HW INDEPENDENT IMAGING SOL 6.9 XPLT NODE BB 1PTS;REW STD 12MO HW INDEPENDENT IMAGING SOL 6.9 XPLT NODE BB 1PTS;REW STD 12MO HW INDEPENDENT IMAGING SOL 6.9 XPLT NODE BB 1PTS;;;;79;;
1;3;2094;1;16,0392;13,04;REW STD 36MO HW INDEPENDENT IMAGING SOL 6.9 XPLT NODE BC 4PTS;21022532;;REW STD 36MO HW INDEPENDENT IMAGING SOL 6.9 XPLT NODE BC 4PTS;REW STD 36MO HW INDEPENDENT IMAGING SOL 6.9 XPLT NODE BC 4PTS;REW STD 36MO HW INDEPENDENT IMAGING SOL 6.9 XPLT NODE BC 4PTS;REW STD 36MO HW INDEPENDENT IMAGING SOL 6.9 XPLT NODE BC 4PTS;;;;79;;
1;3;2094;1;5,3382;4,34;REW STD 12MO HW INDEPENDENT IMAGING SOL 6.9 XPLT NODE BD 1PTS;21022533;;REW STD 12MO HW INDEPENDENT IMAGING SOL 6.9 XPLT NODE BD 1PTS;REW STD 12MO HW INDEPENDENT IMAGING SOL 6.9 XPLT NODE BD 1PTS;REW STD 12MO HW INDEPENDENT IMAGING SOL 6.9 XPLT NODE BD 1PTS;REW STD 12MO HW INDEPENDENT IMAGING SOL 6.9 XPLT NODE BD 1PTS;;;;79;;
1;3;2094;1;11,2668;9,16;REW STD 24MO HW INDEPENDENT IMAGING SOL 6.9 XPLT NODE BB 3PTS;21022534;;REW STD 24MO HW INDEPENDENT IMAGING SOL 6.9 XPLT NODE BB 3PTS;REW STD 24MO HW INDEPENDENT IMAGING SOL 6.9 XPLT NODE BB 3PTS;REW STD 24MO HW INDEPENDENT IMAGING SOL 6.9 XPLT NODE BB 3PTS;REW STD 24MO HW INDEPENDENT IMAGING SOL 6.9 XPLT NODE BB 3PTS;;;;79;;
1;3;2094;1;52,2135;42,45;REW STD 24MO HW INDEPENDENT IMAGING SOL 6.9 XPLT NODE BD 14PTS;21022535;;REW STD 24MO HW INDEPENDENT IMAGING SOL 6.9 XPLT NODE BD 14PTS;REW STD 24MO HW INDEPENDENT IMAGING SOL 6.9 XPLT NODE BD 14PTS;REW STD 24MO HW INDEPENDENT IMAGING SOL 6.9 XPLT NODE BD 14PTS;REW STD 24MO HW INDEPENDENT IMAGING SOL 6.9 XPLT NODE BD 14PTS;;;;79;;
1;3;2094;1;78,3264;63,68;REW STD 36MO HW INDEPENDENT IMAGING SOL 6.9 XPLT NODE BD 21PTS;21022536;;REW STD 36MO HW INDEPENDENT IMAGING SOL 6.9 XPLT NODE BD 21PTS;REW STD 36MO HW INDEPENDENT IMAGING SOL 6.9 XPLT NODE BD 21PTS;REW STD 36MO HW INDEPENDENT IMAGING SOL 6.9 XPLT NODE BD 21PTS;REW STD 36MO HW INDEPENDENT IMAGING SOL 6.9 XPLT NODE BD 21PTS;;;;79;;
1;3;2094;1;25,4364;20,68;REW STD 12MO HW INDEPENDENT IMAGING SOL 6.9 XPLT NODE BE 7PTS;21022537;;REW STD 12MO HW INDEPENDENT IMAGING SOL 6.9 XPLT NODE BE 7PTS;REW STD 12MO HW INDEPENDENT IMAGING SOL 6.9 XPLT NODE BE 7PTS;REW STD 12MO HW INDEPENDENT IMAGING SOL 6.9 XPLT NODE BE 7PTS;REW STD 12MO HW INDEPENDENT IMAGING SOL 6.9 XPLT NODE BE 7PTS;;;;79;;
1;3;2094;1;26,9247;21,89;GOVT STD 12MO HW INDEPENDENT IMAGING SOL 6.9 XPLAT PER NODE BS;21022538;;GOVT STD 12MO HW INDEPENDENT IMAGING SOL 6.9 XPLAT PER NODE BS;GOVT STD 12MO HW INDEPENDENT IMAGING SOL 6.9 XPLAT PER NODE BS;GOVT STD 12MO HW INDEPENDENT IMAGING SOL 6.9 XPLAT PER NODE BS;GOVT STD 12MO HW INDEPENDENT IMAGING SOL 6.9 XPLAT PER NODE BS;;;;79;;
1;3;2094;1;53,8617;43,79;GOVT STD 24MO HW INDEPENDENT IMAGING SOL 6.9 XPLAT PER NODE BS;21022539;;GOVT STD 24MO HW INDEPENDENT IMAGING SOL 6.9 XPLAT PER NODE BS;GOVT STD 24MO HW INDEPENDENT IMAGING SOL 6.9 XPLAT PER NODE BS;GOVT STD 24MO HW INDEPENDENT IMAGING SOL 6.9 XPLAT PER NODE BS;GOVT STD 24MO HW INDEPENDENT IMAGING SOL 6.9 XPLAT PER NODE BS;;;;79;;
1;3;2094;1;80,7864;65,68;GOVT STD 36MO HW INDEPENDENT IMAGING SOL 6.9 XPLAT PER NODE BS;21022540;;GOVT STD 36MO HW INDEPENDENT IMAGING SOL 6.9 XPLAT PER NODE BS;GOVT STD 36MO HW INDEPENDENT IMAGING SOL 6.9 XPLAT PER NODE BS;GOVT STD 36MO HW INDEPENDENT IMAGING SOL 6.9 XPLAT PER NODE BS;GOVT STD 36MO HW INDEPENDENT IMAGING SOL 6.9 XPLAT PER NODE BS;;;;79;;
1;3;2094;1;50,8482;41,34;REW STD 24MO HW INDEPENDENT IMAGING SOL 6.9 XPLT NODE BE 14PTS;21022541;;REW STD 24MO HW INDEPENDENT IMAGING SOL 6.9 XPLT NODE BE 14PTS;REW STD 24MO HW INDEPENDENT IMAGING SOL 6.9 XPLT NODE BE 14PTS;REW STD 24MO HW INDEPENDENT IMAGING SOL 6.9 XPLT NODE BE 14PTS;REW STD 24MO HW INDEPENDENT IMAGING SOL 6.9 XPLT NODE BE 14PTS;;;;79;;
1;3;2094;1;76,26;62;REW STD 36MO HW INDEPENDENT IMAGING SOL 6.9 XPLT NODE BE 21PTS;21022542;;REW STD 36MO HW INDEPENDENT IMAGING SOL 6.9 XPLT NODE BE 21PTS;REW STD 36MO HW INDEPENDENT IMAGING SOL 6.9 XPLT NODE BE 21PTS;REW STD 36MO HW INDEPENDENT IMAGING SOL 6.9 XPLT NODE BE 21PTS;REW STD 36MO HW INDEPENDENT IMAGING SOL 6.9 XPLT NODE BE 21PTS;;;;79;;
1;3;2094;1;25,4364;20,68;ACAD STD 12MO HW INDEPENDENT IMAGING SOL 6.9 XPLAT PER NODE BS;21022543;;ACAD STD 12MO HW INDEPENDENT IMAGING SOL 6.9 XPLAT PER NODE BS;ACAD STD 12MO HW INDEPENDENT IMAGING SOL 6.9 XPLAT PER NODE BS;ACAD STD 12MO HW INDEPENDENT IMAGING SOL 6.9 XPLAT PER NODE BS;ACAD STD 12MO HW INDEPENDENT IMAGING SOL 6.9 XPLAT PER NODE BS;;;;79;;
1;3;2094;1;50,8482;41,34;ACAD STD 24MO HW INDEPENDENT IMAGING SOL 6.9 XPLAT PER NODE BS;21022544;;ACAD STD 24MO HW INDEPENDENT IMAGING SOL 6.9 XPLAT PER NODE BS;ACAD STD 24MO HW INDEPENDENT IMAGING SOL 6.9 XPLAT PER NODE BS;ACAD STD 24MO HW INDEPENDENT IMAGING SOL 6.9 XPLAT PER NODE BS;ACAD STD 24MO HW INDEPENDENT IMAGING SOL 6.9 XPLAT PER NODE BS;;;;79;;
1;3;2094;1;76,26;62;ACAD STD 36MO HW INDEPENDENT IMAGING SOL 6.9 XPLAT PER NODE BS;21022545;;ACAD STD 36MO HW INDEPENDENT IMAGING SOL 6.9 XPLAT PER NODE BS;ACAD STD 36MO HW INDEPENDENT IMAGING SOL 6.9 XPLAT PER NODE BS;ACAD STD 36MO HW INDEPENDENT IMAGING SOL 6.9 XPLAT PER NODE BS;ACAD STD 36MO HW INDEPENDENT IMAGING SOL 6.9 XPLAT PER NODE BS;;;;79;;
1;3;2094;1;27,4905;22,35;REW STD 12MO HW INDEPENDENT IMAGING SOL 6.9 XPLT NODE BA 7PTS;21022546;;REW STD 12MO HW INDEPENDENT IMAGING SOL 6.9 XPLT NODE BA 7PTS;REW STD 12MO HW INDEPENDENT IMAGING SOL 6.9 XPLT NODE BA 7PTS;REW STD 12MO HW INDEPENDENT IMAGING SOL 6.9 XPLT NODE BA 7PTS;REW STD 12MO HW INDEPENDENT IMAGING SOL 6.9 XPLT NODE BA 7PTS;;;;79;;
1;3;2094;1;54,9564;44,68;REW STD 24MO HW INDEPENDENT IMAGING SOL 6.9 XPLT NODE BA 14PTS;21022547;;REW STD 24MO HW INDEPENDENT IMAGING SOL 6.9 XPLT NODE BA 14PTS;REW STD 24MO HW INDEPENDENT IMAGING SOL 6.9 XPLT NODE BA 14PTS;REW STD 24MO HW INDEPENDENT IMAGING SOL 6.9 XPLT NODE BA 14PTS;REW STD 24MO HW INDEPENDENT IMAGING SOL 6.9 XPLT NODE BA 14PTS;;;;79;;
1;3;2094;1;82,4592;67,04;REW STD 36MO HW INDEPENDENT IMAGING SOL 6.9 XPLT NODE BA 21PTS;21022548;;REW STD 36MO HW INDEPENDENT IMAGING SOL 6.9 XPLT NODE BA 21PTS;REW STD 36MO HW INDEPENDENT IMAGING SOL 6.9 XPLT NODE BA 21PTS;REW STD 36MO HW INDEPENDENT IMAGING SOL 6.9 XPLT NODE BA 21PTS;REW STD 36MO HW INDEPENDENT IMAGING SOL 6.9 XPLT NODE BA 21PTS;;;;79;;
1;3;2094;1;27,4905;22,35;REW STD 12MO HW INDEPENDENT IMAGING SOL 6.9 XPLT NODE BB 7PTS;21022549;;REW STD 12MO HW INDEPENDENT IMAGING SOL 6.9 XPLT NODE BB 7PTS;REW STD 12MO HW INDEPENDENT IMAGING SOL 6.9 XPLT NODE BB 7PTS;REW STD 12MO HW INDEPENDENT IMAGING SOL 6.9 XPLT NODE BB 7PTS;REW STD 12MO HW INDEPENDENT IMAGING SOL 6.9 XPLT NODE BB 7PTS;;;;79;;
1;3;2094;1;54,9564;44,68;REW STD 24MO HW INDEPENDENT IMAGING SOL 6.9 XPLT NODE BB 14PTS;21022550;;REW STD 24MO HW INDEPENDENT IMAGING SOL 6.9 XPLT NODE BB 14PTS;REW STD 24MO HW INDEPENDENT IMAGING SOL 6.9 XPLT NODE BB 14PTS;REW STD 24MO HW INDEPENDENT IMAGING SOL 6.9 XPLT NODE BB 14PTS;REW STD 24MO HW INDEPENDENT IMAGING SOL 6.9 XPLT NODE BB 14PTS;;;;79;;
1;3;2094;1;82,4592;67,04;REW STD 36MO HW INDEPENDENT IMAGING SOL 6.9 XPLT NODE BB 21PTS;21022551;;REW STD 36MO HW INDEPENDENT IMAGING SOL 6.9 XPLT NODE BB 21PTS;REW STD 36MO HW INDEPENDENT IMAGING SOL 6.9 XPLT NODE BB 21PTS;REW STD 36MO HW INDEPENDENT IMAGING SOL 6.9 XPLT NODE BB 21PTS;REW STD 36MO HW INDEPENDENT IMAGING SOL 6.9 XPLT NODE BB 21PTS;;;;79;;
1;3;2094;1;26,1006;21,22;REW STD 12MO HW INDEPENDENT IMAGING SOL 6.9 XPLT NODE BC 7PTS;21022552;;REW STD 12MO HW INDEPENDENT IMAGING SOL 6.9 XPLT NODE BC 7PTS;REW STD 12MO HW INDEPENDENT IMAGING SOL 6.9 XPLT NODE BC 7PTS;REW STD 12MO HW INDEPENDENT IMAGING SOL 6.9 XPLT NODE BC 7PTS;REW STD 12MO HW INDEPENDENT IMAGING SOL 6.9 XPLT NODE BC 7PTS;;;;79;;
1;3;2094;1;52,2135;42,45;REW STD 24MO HW INDEPENDENT IMAGING SOL 6.9 XPLT NODE BC 14PTS;21022553;;REW STD 24MO HW INDEPENDENT IMAGING SOL 6.9 XPLT NODE BC 14PTS;REW STD 24MO HW INDEPENDENT IMAGING SOL 6.9 XPLT NODE BC 14PTS;REW STD 24MO HW INDEPENDENT IMAGING SOL 6.9 XPLT NODE BC 14PTS;REW STD 24MO HW INDEPENDENT IMAGING SOL 6.9 XPLT NODE BC 14PTS;;;;79;;
1;3;2094;1;78,3264;63,68;REW STD 36MO HW INDEPENDENT IMAGING SOL 6.9 XPLT NODE BC 21PTS;21022554;;REW STD 36MO HW INDEPENDENT IMAGING SOL 6.9 XPLT NODE BC 21PTS;REW STD 36MO HW INDEPENDENT IMAGING SOL 6.9 XPLT NODE BC 21PTS;REW STD 36MO HW INDEPENDENT IMAGING SOL 6.9 XPLT NODE BC 21PTS;REW STD 36MO HW INDEPENDENT IMAGING SOL 6.9 XPLT NODE BC 21PTS;;;;79;;
1;3;2094;1;26,1006;21,22;REW STD 12MO HW INDEPENDENT IMAGING SOL 6.9 XPLT NODE BD 7PTS;21022555;;REW STD 12MO HW INDEPENDENT IMAGING SOL 6.9 XPLT NODE BD 7PTS;REW STD 12MO HW INDEPENDENT IMAGING SOL 6.9 XPLT NODE BD 7PTS;REW STD 12MO HW INDEPENDENT IMAGING SOL 6.9 XPLT NODE BD 7PTS;REW STD 12MO HW INDEPENDENT IMAGING SOL 6.9 XPLT NODE BD 7PTS;;;;79;;
1;3;2094;1;82,4592;67,04;EXP H/W INDEPENDENT IMAG SOL SVR6.9XPLT N LIC S36M;21022556;;EXP H/W INDEPENDENT IMAG SOL SVR6.9XPLT N LIC S36M;EXP H/W INDEPENDENT IMAG SOL SVR6.9XPLT N LIC S36M;EXP H/W INDEPENDENT IMAG SOL SVR6.9XPLT N LIC S36M;EXP H/W INDEPENDENT IMAG SOL SVR6.9XPLT N LIC S36M;;;;79;;
1;3;2094;1;70525,617;57337,9;SYMC LEGACY SUPPORT FOR STORAGE FOUNDATION PRODUCT FAMILY;21025252;;SYMC LEGACY SUPPORT FOR STORAGE FOUNDATION PRODUCT FAMILY;SYMC LEGACY SUPPORT FOR STORAGE FOUNDATION PRODUCT FAMILY;SYMC LEGACY SUPPORT FOR STORAGE FOUNDATION PRODUCT FAMILY;SYMC LEGACY SUPPORT FOR STORAGE FOUNDATION PRODUCT FAMILY;;;;79;;
1;3;2094;1;27187,2312;22103,44;SYMC SUSTAINING SUPPORT FOR STORAGE FOUNDATION PRODUCT FAMILY;21025266;;SYMC SUSTAINING SUPPORT FOR STORAGE FOUNDATION PRODUCT FAMILY;SYMC SUSTAINING SUPPORT FOR STORAGE FOUNDATION PRODUCT FAMILY;SYMC SUSTAINING SUPPORT FOR STORAGE FOUNDATION PRODUCT FAMILY;SYMC SUSTAINING SUPPORT FOR STORAGE FOUNDATION PRODUCT FAMILY;;;;79;;
1;3;2094;1;5007,4161;4071,07;REW RISK AUTO STE ADD PRTL 4 RNWL BAS E;21025847;;REW RISK AUTO STE ADD PRTL 4 RNWL BAS E;REW RISK AUTO STE ADD PRTL 4 RNWL BAS E;REW RISK AUTO STE ADD PRTL 4 RNWL BAS E;REW RISK AUTO STE ADD PRTL 4 RNWL BAS E;;;;79;;
1;3;2094;1;8861,043;7204,1;REW RISK AUTO STE ADD PRTL 4 RNWL ESS B;21025848;;REW RISK AUTO STE ADD PRTL 4 RNWL ESS B;REW RISK AUTO STE ADD PRTL 4 RNWL ESS B;REW RISK AUTO STE ADD PRTL 4 RNWL ESS B;REW RISK AUTO STE ADD PRTL 4 RNWL ESS B;;;;79;;
1;3;2094;1;5007,4161;4071,07;REW RISK AUTO STE ADD PRTL 4 BAS E;21025849;;REW RISK AUTO STE ADD PRTL 4 BAS E;REW RISK AUTO STE ADD PRTL 4 BAS E;REW RISK AUTO STE ADD PRTL 4 BAS E;REW RISK AUTO STE ADD PRTL 4 BAS E;;;;79;;
1;3;2094;1;5777,7774;4697,38;REW RISK AUTO STE ADD PRTL 4 BAS D;21025850;;REW RISK AUTO STE ADD PRTL 4 BAS D;REW RISK AUTO STE ADD PRTL 4 BAS D;REW RISK AUTO STE ADD PRTL 4 BAS D;REW RISK AUTO STE ADD PRTL 4 BAS D;;;;79;;
1;3;2094;1;6399,6408;5202,96;REW RISK AUTO STE ADD PRTL 4 ESS E;21025851;;REW RISK AUTO STE ADD PRTL 4 ESS E;REW RISK AUTO STE ADD PRTL 4 ESS E;REW RISK AUTO STE ADD PRTL 4 ESS E;REW RISK AUTO STE ADD PRTL 4 ESS E;;;;79;;
1;3;2094;1;8861,043;7204,1;REW RISK AUTO STE ADD PRTL 4 ESS B;21025853;;REW RISK AUTO STE ADD PRTL 4 ESS B;REW RISK AUTO STE ADD PRTL 4 ESS B;REW RISK AUTO STE ADD PRTL 4 ESS B;REW RISK AUTO STE ADD PRTL 4 ESS B;;;;79;;
1;3;2094;1;7549,6416;6137,92;GOV RISK AUTO STE ADD PRTL 4 BAS S;21025855;;GOV RISK AUTO STE ADD PRTL 4 BAS S;GOV RISK AUTO STE ADD PRTL 4 BAS S;GOV RISK AUTO STE ADD PRTL 4 BAS S;GOV RISK AUTO STE ADD PRTL 4 BAS S;;;;79;;
1;3;2094;1;7703,7237;6263,19;EXP RISK AUTO STE ADD PRTL 4 BAS S;21025856;;EXP RISK AUTO STE ADD PRTL 4 BAS S;EXP RISK AUTO STE ADD PRTL 4 BAS S;EXP RISK AUTO STE ADD PRTL 4 BAS S;EXP RISK AUTO STE ADD PRTL 4 BAS S;;;;79;;
1;3;2094;1;8368,7724;6803,88;REW RISK AUTO STE ADD PRTL 4 ESS C;21025857;;REW RISK AUTO STE ADD PRTL 4 ESS C;REW RISK AUTO STE ADD PRTL 4 ESS C;REW RISK AUTO STE ADD PRTL 4 ESS C;REW RISK AUTO STE ADD PRTL 4 ESS C;;;;79;;
1;3;2094;1;6933,3624;5636,88;REW RISK AUTO STE ADD PRTL 4 BAS B;21025858;;REW RISK AUTO STE ADD PRTL 4 BAS B;REW RISK AUTO STE ADD PRTL 4 BAS B;REW RISK AUTO STE ADD PRTL 4 BAS B;REW RISK AUTO STE ADD PRTL 4 BAS B;;;;79;;
1;3;2094;1;9845,6088;8004,56;EXP RISK AUTO STE ADD PRTL 4 ESS S;21025859;;EXP RISK AUTO STE ADD PRTL 4 ESS S;EXP RISK AUTO STE ADD PRTL 4 ESS S;EXP RISK AUTO STE ADD PRTL 4 ESS S;EXP RISK AUTO STE ADD PRTL 4 ESS S;;;;79;;
1;3;2094;1;6162,9642;5010,54;AE RISK AUTO STE ADD PRTL 4 BAS S;21025860;;AE RISK AUTO STE ADD PRTL 4 BAS S;AE RISK AUTO STE ADD PRTL 4 BAS S;AE RISK AUTO STE ADD PRTL 4 BAS S;AE RISK AUTO STE ADD PRTL 4 BAS S;;;;79;;
1;3;2094;1;6548,1633;5323,71;REW RISK AUTO STE ADD PRTL 4 BAS C;21025861;;REW RISK AUTO STE ADD PRTL 4 BAS C;REW RISK AUTO STE ADD PRTL 4 BAS C;REW RISK AUTO STE ADD PRTL 4 BAS C;REW RISK AUTO STE ADD PRTL 4 BAS C;;;;79;;
1;3;2094;1;7876,4772;6403,64;AE RISK AUTO STE ADD PRTL 4 ESS S;21025862;;AE RISK AUTO STE ADD PRTL 4 ESS S;AE RISK AUTO STE ADD PRTL 4 ESS S;AE RISK AUTO STE ADD PRTL 4 ESS S;AE RISK AUTO STE ADD PRTL 4 ESS S;;;;79;;
1;3;2094;1;7384,2066;6003,42;REW RISK AUTO STE ADD PRTL 4 ESS D;21025864;;REW RISK AUTO STE ADD PRTL 4 ESS D;REW RISK AUTO STE ADD PRTL 4 ESS D;REW RISK AUTO STE ADD PRTL 4 ESS D;REW RISK AUTO STE ADD PRTL 4 ESS D;;;;79;;
1;3;2094;1;7703,7237;6263,19;REW RISK AUTO STE ADD PRTL 4 BAS A;21025865;;REW RISK AUTO STE ADD PRTL 4 BAS A;REW RISK AUTO STE ADD PRTL 4 BAS A;REW RISK AUTO STE ADD PRTL 4 BAS A;REW RISK AUTO STE ADD PRTL 4 BAS A;;;;79;;
1;3;2094;1;8301,0486;6748,82;RISK AUTO STE ADDL 4.0 RNW BAS VPA;21025868;;RISK AUTO STE ADDL 4.0 RNW BAS VPA;RISK AUTO STE ADDL 4.0 RNW BAS VPA;RISK AUTO STE ADDL 4.0 RNW BAS VPA;RISK AUTO STE ADDL 4.0 RNW BAS VPA;;;;79;;
1;3;2094;1;10609,0083;8625,21;RISK AUTO STE ADDL 4.0 RNW ESS VPA;21025869;;RISK AUTO STE ADDL 4.0 RNW ESS VPA;RISK AUTO STE ADDL 4.0 RNW ESS VPA;RISK AUTO STE ADDL 4.0 RNW ESS VPA;RISK AUTO STE ADDL 4.0 RNW ESS VPA;;;;79;;
1;3;2094;1;6399,6408;5202,96;REW RISK AUTO STE ADD PRTL 4 RNWL ESS E;21025870;;REW RISK AUTO STE ADD PRTL 4 RNWL ESS E;REW RISK AUTO STE ADD PRTL 4 RNWL ESS E;REW RISK AUTO STE ADD PRTL 4 RNWL ESS E;REW RISK AUTO STE ADD PRTL 4 RNWL ESS E;;;;79;;
1;3;2094;1;8368,7724;6803,88;REW RISK AUTO STE ADD PRTL 4 RNWL ESS C;21025871;;REW RISK AUTO STE ADD PRTL 4 RNWL ESS C;REW RISK AUTO STE ADD PRTL 4 RNWL ESS C;REW RISK AUTO STE ADD PRTL 4 RNWL ESS C;REW RISK AUTO STE ADD PRTL 4 RNWL ESS C;;;;79;;
1;3;2094;1;9845,6088;8004,56;EXP RISK AUTO STE ADD PRTL 4 RNWL ESS S;21025872;;EXP RISK AUTO STE ADD PRTL 4 RNWL ESS S;EXP RISK AUTO STE ADD PRTL 4 RNWL ESS S;EXP RISK AUTO STE ADD PRTL 4 RNWL ESS S;EXP RISK AUTO STE ADD PRTL 4 RNWL ESS S;;;;79;;
1;3;2094;1;6933,3624;5636,88;REW RISK AUTO STE ADD PRTL 4 RNWL BAS B;21025873;;REW RISK AUTO STE ADD PRTL 4 RNWL BAS B;REW RISK AUTO STE ADD PRTL 4 RNWL BAS B;REW RISK AUTO STE ADD PRTL 4 RNWL BAS B;REW RISK AUTO STE ADD PRTL 4 RNWL BAS B;;;;79;;
1;3;2094;1;5777,7774;4697,38;REW RISK AUTO STE ADD PRTL 4 RNWL BAS D;21025875;;REW RISK AUTO STE ADD PRTL 4 RNWL BAS D;REW RISK AUTO STE ADD PRTL 4 RNWL BAS D;REW RISK AUTO STE ADD PRTL 4 RNWL BAS D;REW RISK AUTO STE ADD PRTL 4 RNWL BAS D;;;;79;;
1;3;2094;1;6162,9642;5010,54;AE RISK AUTO STE ADD PRTL 4 RNWL BAS S;21025877;;AE RISK AUTO STE ADD PRTL 4 RNWL BAS S;AE RISK AUTO STE ADD PRTL 4 RNWL BAS S;AE RISK AUTO STE ADD PRTL 4 RNWL BAS S;AE RISK AUTO STE ADD PRTL 4 RNWL BAS S;;;;79;;
1;3;2094;1;9648,7104;7844,48;GOV RISK AUTO STE ADD PRTL 4 RNWL ESS S;21025878;;GOV RISK AUTO STE ADD PRTL 4 RNWL ESS S;GOV RISK AUTO STE ADD PRTL 4 RNWL ESS S;GOV RISK AUTO STE ADD PRTL 4 RNWL ESS S;GOV RISK AUTO STE ADD PRTL 4 RNWL ESS S;;;;79;;
1;3;2094;1;9845,6088;8004,56;REW RISK AUTO STE ADD PRTL 4 RNWL ESS A;21025879;;REW RISK AUTO STE ADD PRTL 4 RNWL ESS A;REW RISK AUTO STE ADD PRTL 4 RNWL ESS A;REW RISK AUTO STE ADD PRTL 4 RNWL ESS A;REW RISK AUTO STE ADD PRTL 4 RNWL ESS A;;;;79;;
1;3;2094;1;7703,7237;6263,19;EXP RISK AUTO STE ADD PRTL 4 RNWL BAS S;21025880;;EXP RISK AUTO STE ADD PRTL 4 RNWL BAS S;EXP RISK AUTO STE ADD PRTL 4 RNWL BAS S;EXP RISK AUTO STE ADD PRTL 4 RNWL BAS S;EXP RISK AUTO STE ADD PRTL 4 RNWL BAS S;;;;79;;
1;3;2094;1;7384,2066;6003,42;REW RISK AUTO STE ADD PRTL 4 RNWL ESS D;21025881;;REW RISK AUTO STE ADD PRTL 4 RNWL ESS D;REW RISK AUTO STE ADD PRTL 4 RNWL ESS D;REW RISK AUTO STE ADD PRTL 4 RNWL ESS D;REW RISK AUTO STE ADD PRTL 4 RNWL ESS D;;;;79;;
1;3;2094;1;7876,4772;6403,64;AE RISK AUTO STE ADD PRTL 4 RNWL ESS S;21025882;;AE RISK AUTO STE ADD PRTL 4 RNWL ESS S;AE RISK AUTO STE ADD PRTL 4 RNWL ESS S;AE RISK AUTO STE ADD PRTL 4 RNWL ESS S;AE RISK AUTO STE ADD PRTL 4 RNWL ESS S;;;;79;;
1;3;2094;1;7549,6416;6137,92;GOV RISK AUTO STE ADD PRTL 4 RNWL BAS S;21025883;;GOV RISK AUTO STE ADD PRTL 4 RNWL BAS S;GOV RISK AUTO STE ADD PRTL 4 RNWL BAS S;GOV RISK AUTO STE ADD PRTL 4 RNWL BAS S;GOV RISK AUTO STE ADD PRTL 4 RNWL BAS S;;;;79;;
1;3;2094;1;6548,1633;5323,71;REW RISK AUTO STE ADD PRTL 4 RNWL BAS C;21025884;;REW RISK AUTO STE ADD PRTL 4 RNWL BAS C;REW RISK AUTO STE ADD PRTL 4 RNWL BAS C;REW RISK AUTO STE ADD PRTL 4 RNWL BAS C;REW RISK AUTO STE ADD PRTL 4 RNWL BAS C;;;;79;;
1;3;2094;1;7703,7237;6263,19;REW RISK AUTO STE ADD PRTL 4 RNWL BAS A;21025885;;REW RISK AUTO STE ADD PRTL 4 RNWL BAS A;REW RISK AUTO STE ADD PRTL 4 RNWL BAS A;REW RISK AUTO STE ADD PRTL 4 RNWL BAS A;REW RISK AUTO STE ADD PRTL 4 RNWL BAS A;;;;79;;
1;3;2094;1;37887,1365;30802,55;REW RISK AUTO STE ADD PRTL 4 LIC D BAS;21025886;;REW RISK AUTO STE ADD PRTL 4 LIC D BAS;REW RISK AUTO STE ADD PRTL 4 LIC D BAS;REW RISK AUTO STE ADD PRTL 4 LIC D BAS;REW RISK AUTO STE ADD PRTL 4 LIC D BAS;;;;79;;
1;3;2094;1;40412,9415;32856,05;AE RISK AUTO STE ADD PRTL 4 LIC S BAS;21025887;;AE RISK AUTO STE ADD PRTL 4 LIC S BAS;AE RISK AUTO STE ADD PRTL 4 LIC S BAS;AE RISK AUTO STE ADD PRTL 4 LIC S BAS;AE RISK AUTO STE ADD PRTL 4 LIC S BAS;;;;79;;
1;3;2094;1;44759,3679;36389,73;REW RISK AUTO STE ADD PRTL 4 LIC C ESS;21025889;;REW RISK AUTO STE ADD PRTL 4 LIC C ESS;REW RISK AUTO STE ADD PRTL 4 LIC C ESS;REW RISK AUTO STE ADD PRTL 4 LIC C ESS;REW RISK AUTO STE ADD PRTL 4 LIC C ESS;;;;79;;
1;3;2094;1;32835,5265;26695,55;REW RISK AUTO STE ADD PRTL 4 LIC E BAS;21025890;;REW RISK AUTO STE ADD PRTL 4 LIC E BAS;REW RISK AUTO STE ADD PRTL 4 LIC E BAS;REW RISK AUTO STE ADD PRTL 4 LIC E BAS;REW RISK AUTO STE ADD PRTL 4 LIC E BAS;;;;79;;
1;3;2094;1;49505,8641;40248,67;GOV RISK AUTO STE ADD PRTL 4 LIC S BAS;21025891;;GOV RISK AUTO STE ADD PRTL 4 LIC S BAS;GOV RISK AUTO STE ADD PRTL 4 LIC S BAS;GOV RISK AUTO STE ADD PRTL 4 LIC S BAS;GOV RISK AUTO STE ADD PRTL 4 LIC S BAS;;;;79;;
1;3;2094;1;39493,5657;32108,59;REW RISK AUTO STE ADD PRTL 4 LIC D ESS;21025892;;REW RISK AUTO STE ADD PRTL 4 LIC D ESS;REW RISK AUTO STE ADD PRTL 4 LIC D ESS;REW RISK AUTO STE ADD PRTL 4 LIC D ESS;REW RISK AUTO STE ADD PRTL 4 LIC D ESS;;;;79;;
1;3;2094;1;52658,0589;42811,43;REW RISK AUTO STE ADD PRTL 4 LIC A ESS;21025893;;REW RISK AUTO STE ADD PRTL 4 LIC A ESS;REW RISK AUTO STE ADD PRTL 4 LIC A ESS;REW RISK AUTO STE ADD PRTL 4 LIC A ESS;REW RISK AUTO STE ADD PRTL 4 LIC A ESS;;;;79;;
1;3;2094;1;42126,4545;34249,15;AE RISK AUTO STE ADD PRTL 4 LIC S ESS;21025894;;AE RISK AUTO STE ADD PRTL 4 LIC S ESS;AE RISK AUTO STE ADD PRTL 4 LIC S ESS;AE RISK AUTO STE ADD PRTL 4 LIC S ESS;AE RISK AUTO STE ADD PRTL 4 LIC S ESS;;;;79;;
1;3;2094;1;50516,1861;41070,07;REW RISK AUTO STE ADD PRTL 4 LIC A BAS;21025895;;REW RISK AUTO STE ADD PRTL 4 LIC A BAS;REW RISK AUTO STE ADD PRTL 4 LIC A BAS;REW RISK AUTO STE ADD PRTL 4 LIC A BAS;REW RISK AUTO STE ADD PRTL 4 LIC A BAS;;;;79;;
1;3;2094;1;42938,7588;34909,56;REW RISK AUTO STE ADD PRTL 4 LIC C BAS;21025896;;REW RISK AUTO STE ADD PRTL 4 LIC C BAS;REW RISK AUTO STE ADD PRTL 4 LIC C BAS;REW RISK AUTO STE ADD PRTL 4 LIC C BAS;REW RISK AUTO STE ADD PRTL 4 LIC C BAS;;;;79;;
1;3;2094;1;50516,1861;41070,07;EXP RISK AUTO STE ADD PRTL 4 LIC S BAS;21025898;;EXP RISK AUTO STE ADD PRTL 4 LIC S BAS;EXP RISK AUTO STE ADD PRTL 4 LIC S BAS;EXP RISK AUTO STE ADD PRTL 4 LIC S BAS;EXP RISK AUTO STE ADD PRTL 4 LIC S BAS;;;;79;;
1;3;2094;1;47392,269;38530,3;REW RISK AUTO STE ADD PRTL 4 LIC B ESS;21025899;;REW RISK AUTO STE ADD PRTL 4 LIC B ESS;REW RISK AUTO STE ADD PRTL 4 LIC B ESS;REW RISK AUTO STE ADD PRTL 4 LIC B ESS;REW RISK AUTO STE ADD PRTL 4 LIC B ESS;;;;79;;
1;3;2094;1;45464,5761;36963,07;REW RISK AUTO STE ADD PRTL 4 LIC B BAS;21025902;;REW RISK AUTO STE ADD PRTL 4 LIC B BAS;REW RISK AUTO STE ADD PRTL 4 LIC B BAS;REW RISK AUTO STE ADD PRTL 4 LIC B BAS;REW RISK AUTO STE ADD PRTL 4 LIC B BAS;;;;79;;
1;3;2094;1;52658,0589;42811,43;EXP RISK AUTO STE ADD PRTL 4 LIC S ESS;21025903;;EXP RISK AUTO STE ADD PRTL 4 LIC S ESS;EXP RISK AUTO STE ADD PRTL 4 LIC S ESS;EXP RISK AUTO STE ADD PRTL 4 LIC S ESS;EXP RISK AUTO STE ADD PRTL 4 LIC S ESS;;;;79;;
1;3;2094;1;34227,7512;27827,44;REW RISK AUTO STE ADD PRTL 4 LIC E ESS;21025904;;REW RISK AUTO STE ADD PRTL 4 LIC E ESS;REW RISK AUTO STE ADD PRTL 4 LIC E ESS;REW RISK AUTO STE ADD PRTL 4 LIC E ESS;REW RISK AUTO STE ADD PRTL 4 LIC E ESS;;;;79;;
1;3;2094;1;51604,9206;41955,22;GOV RISK AUTO STE ADD PRTL 4 LIC S ESS;21025905;;GOV RISK AUTO STE ADD PRTL 4 LIC S ESS;GOV RISK AUTO STE ADD PRTL 4 LIC S ESS;GOV RISK AUTO STE ADD PRTL 4 LIC S ESS;GOV RISK AUTO STE ADD PRTL 4 LIC S ESS;;;;79;;
1;3;2094;1;9845,6088;8004,56;REW RISK AUTO STE ADD PRTL 4 ESS A;21025906;;REW RISK AUTO STE ADD PRTL 4 ESS A;REW RISK AUTO STE ADD PRTL 4 ESS A;REW RISK AUTO STE ADD PRTL 4 ESS A;REW RISK AUTO STE ADD PRTL 4 ESS A;;;;79;;
1;3;2094;1;9648,7104;7844,48;GOV RISK AUTO STE ADD PRTL 4 ESS S;21025907;;GOV RISK AUTO STE ADD PRTL 4 ESS S;GOV RISK AUTO STE ADD PRTL 4 ESS S;GOV RISK AUTO STE ADD PRTL 4 ESS S;GOV RISK AUTO STE ADD PRTL 4 ESS S;;;;79;;
1;3;2094;1;587,0667;477,29;REW RISK AUTO STE CONFIG AUDIT BSE NTWK4RNWL BAS B;21025931;;REW RISK AUTO STE CONFIG AUDIT BSE NTWK4RNWL BAS B;REW RISK AUTO STE CONFIG AUDIT BSE NTWK4RNWL BAS B;REW RISK AUTO STE CONFIG AUDIT BSE NTWK4RNWL BAS B;REW RISK AUTO STE CONFIG AUDIT BSE NTWK4RNWL BAS B;;;;79;;
1;3;2094;1;639,2556;519,72;GOV RISK AUTO STE CONFIG AUDIT BSE NTWK4RNWL BAS S;21025934;;GOV RISK AUTO STE CONFIG AUDIT BSE NTWK4RNWL BAS S;GOV RISK AUTO STE CONFIG AUDIT BSE NTWK4RNWL BAS S;GOV RISK AUTO STE CONFIG AUDIT BSE NTWK4RNWL BAS S;GOV RISK AUTO STE CONFIG AUDIT BSE NTWK4RNWL BAS S;;;;79;;
1;3;2094;1;521,8521;424,27;AE RISK AUTO STE CONFIG AUDIT BSE NTWK4RNWL BAS S;21025935;;AE RISK AUTO STE CONFIG AUDIT BSE NTWK4RNWL BAS S;AE RISK AUTO STE CONFIG AUDIT BSE NTWK4RNWL BAS S;AE RISK AUTO STE CONFIG AUDIT BSE NTWK4RNWL BAS S;AE RISK AUTO STE CONFIG AUDIT BSE NTWK4RNWL BAS S;;;;79;;
1;3;2094;1;708,6153;576,11;REW RISK AUTO STE CONFIG AUDIT BSE NTWK4RNWL ESS C;21025936;;REW RISK AUTO STE CONFIG AUDIT BSE NTWK4RNWL ESS C;REW RISK AUTO STE CONFIG AUDIT BSE NTWK4RNWL ESS C;REW RISK AUTO STE CONFIG AUDIT BSE NTWK4RNWL ESS C;REW RISK AUTO STE CONFIG AUDIT BSE NTWK4RNWL ESS C;;;;79;;
1;3;2094;1;833,6571;677,77;EXP RISK AUTO STE CONFIG AUDIT BSE NTWK4RNWL ESS S;21025937;;EXP RISK AUTO STE CONFIG AUDIT BSE NTWK4RNWL ESS S;EXP RISK AUTO STE CONFIG AUDIT BSE NTWK4RNWL ESS S;EXP RISK AUTO STE CONFIG AUDIT BSE NTWK4RNWL ESS S;EXP RISK AUTO STE CONFIG AUDIT BSE NTWK4RNWL ESS S;;;;79;;
1;3;2094;1;554,4717;450,79;REW RISK AUTO STE CONFIG AUDIT BSE NTWK4RNWL BAS C;21025938;;REW RISK AUTO STE CONFIG AUDIT BSE NTWK4RNWL BAS C;REW RISK AUTO STE CONFIG AUDIT BSE NTWK4RNWL BAS C;REW RISK AUTO STE CONFIG AUDIT BSE NTWK4RNWL BAS C;REW RISK AUTO STE CONFIG AUDIT BSE NTWK4RNWL BAS C;;;;79;;
1;3;2094;1;833,6571;677,77;REW RISK AUTO STE CONFIG AUDIT BSE NTWK4RNWL ESS A;21025939;;REW RISK AUTO STE CONFIG AUDIT BSE NTWK4RNWL ESS A;REW RISK AUTO STE CONFIG AUDIT BSE NTWK4RNWL ESS A;REW RISK AUTO STE CONFIG AUDIT BSE NTWK4RNWL ESS A;REW RISK AUTO STE CONFIG AUDIT BSE NTWK4RNWL ESS A;;;;79;;
1;3;2094;1;652,3059;530,33;EXP RISK AUTO STE CONFIG AUDIT BSE NTWK4RNWL BAS S;21025942;;EXP RISK AUTO STE CONFIG AUDIT BSE NTWK4RNWL BAS S;EXP RISK AUTO STE CONFIG AUDIT BSE NTWK4RNWL BAS S;EXP RISK AUTO STE CONFIG AUDIT BSE NTWK4RNWL BAS S;EXP RISK AUTO STE CONFIG AUDIT BSE NTWK4RNWL BAS S;;;;79;;
1;3;2094;1;816,9906;664,22;GOV RISK AUTO STE CONFIG AUDIT BSE NTWK4RNWL ESS S;21025943;;GOV RISK AUTO STE CONFIG AUDIT BSE NTWK4RNWL ESS S;GOV RISK AUTO STE CONFIG AUDIT BSE NTWK4RNWL ESS S;GOV RISK AUTO STE CONFIG AUDIT BSE NTWK4RNWL ESS S;GOV RISK AUTO STE CONFIG AUDIT BSE NTWK4RNWL ESS S;;;;79;;
1;3;2094;1;424,0056;344,72;REW RISK AUTO STE CONFIG AUDIT BSE NTWK4RNWL BAS E;21025944;;REW RISK AUTO STE CONFIG AUDIT BSE NTWK4RNWL BAS E;REW RISK AUTO STE CONFIG AUDIT BSE NTWK4RNWL BAS E;REW RISK AUTO STE CONFIG AUDIT BSE NTWK4RNWL BAS E;REW RISK AUTO STE CONFIG AUDIT BSE NTWK4RNWL BAS E;;;;79;;
1;3;2094;1;489,2325;397,75;REW RISK AUTO STE CONFIG AUDIT BSE NTWK4RNWL BAS D;21025945;;REW RISK AUTO STE CONFIG AUDIT BSE NTWK4RNWL BAS D;REW RISK AUTO STE CONFIG AUDIT BSE NTWK4RNWL BAS D;REW RISK AUTO STE CONFIG AUDIT BSE NTWK4RNWL BAS D;REW RISK AUTO STE CONFIG AUDIT BSE NTWK4RNWL BAS D;;;;79;;
1;3;2094;1;625,2582;508,34;REW RISK AUTO STE CONFIG AUDIT BSE NTWK4RNWL ESS D;21025946;;REW RISK AUTO STE CONFIG AUDIT BSE NTWK4RNWL ESS D;REW RISK AUTO STE CONFIG AUDIT BSE NTWK4RNWL ESS D;REW RISK AUTO STE CONFIG AUDIT BSE NTWK4RNWL ESS D;REW RISK AUTO STE CONFIG AUDIT BSE NTWK4RNWL ESS D;;;;79;;
1;3;2094;1;750,3123;610,01;REW RISK AUTO STE CONFIG AUDIT BSE NTWK4RNWL ESS B;21025947;;REW RISK AUTO STE CONFIG AUDIT BSE NTWK4RNWL ESS B;REW RISK AUTO STE CONFIG AUDIT BSE NTWK4RNWL ESS B;REW RISK AUTO STE CONFIG AUDIT BSE NTWK4RNWL ESS B;REW RISK AUTO STE CONFIG AUDIT BSE NTWK4RNWL ESS B;;;;79;;
1;3;2094;1;666,9552;542,24;AE RISK AUTO STE CONFIG AUDIT BSE NTWK4RNWL ESS S;21025948;;AE RISK AUTO STE CONFIG AUDIT BSE NTWK4RNWL ESS S;AE RISK AUTO STE CONFIG AUDIT BSE NTWK4RNWL ESS S;AE RISK AUTO STE CONFIG AUDIT BSE NTWK4RNWL ESS S;AE RISK AUTO STE CONFIG AUDIT BSE NTWK4RNWL ESS S;;;;79;;
1;3;2094;1;652,3059;530,33;REW RISK AUTO STE CONFIG AUDIT BSE NTWK4RNWL BAS A;21025950;;REW RISK AUTO STE CONFIG AUDIT BSE NTWK4RNWL BAS A;REW RISK AUTO STE CONFIG AUDIT BSE NTWK4RNWL BAS A;REW RISK AUTO STE CONFIG AUDIT BSE NTWK4RNWL BAS A;REW RISK AUTO STE CONFIG AUDIT BSE NTWK4RNWL BAS A;;;;79;;
1;3;2094;1;541,8765;440,55;REW RISK AUTO STE CONFIG AUDIT BSE NTWK4RNWL ESS E;21025952;;REW RISK AUTO STE CONFIG AUDIT BSE NTWK4RNWL ESS E;REW RISK AUTO STE CONFIG AUDIT BSE NTWK4RNWL ESS E;REW RISK AUTO STE CONFIG AUDIT BSE NTWK4RNWL ESS E;REW RISK AUTO STE CONFIG AUDIT BSE NTWK4RNWL ESS E;;;;79;;
1;3;2094;1;4369,5996;3552,52;GOV RISK AUTO STE CONFIG AUDIT BSE NTWK4 LIC S ESS;21025954;;GOV RISK AUTO STE CONFIG AUDIT BSE NTWK4 LIC S ESS;GOV RISK AUTO STE CONFIG AUDIT BSE NTWK4 LIC S ESS;GOV RISK AUTO STE CONFIG AUDIT BSE NTWK4 LIC S ESS;GOV RISK AUTO STE CONFIG AUDIT BSE NTWK4 LIC S ESS;;;;79;;
1;3;2094;1;4191,8646;3408,02;GOV RISK AUTO STE CONFIG AUDIT BSE NTWK4 LIC S BAS;21025955;;GOV RISK AUTO STE CONFIG AUDIT BSE NTWK4 LIC S BAS;GOV RISK AUTO STE CONFIG AUDIT BSE NTWK4 LIC S BAS;GOV RISK AUTO STE CONFIG AUDIT BSE NTWK4 LIC S BAS;GOV RISK AUTO STE CONFIG AUDIT BSE NTWK4 LIC S BAS;;;;79;;
1;3;2094;1;4012,8873;3262,51;REW RISK AUTO STE CONFIG AUDIT BSE NTWK4 LIC B ESS;21025956;;REW RISK AUTO STE CONFIG AUDIT BSE NTWK4 LIC B ESS;REW RISK AUTO STE CONFIG AUDIT BSE NTWK4 LIC B ESS;REW RISK AUTO STE CONFIG AUDIT BSE NTWK4 LIC B ESS;REW RISK AUTO STE CONFIG AUDIT BSE NTWK4 LIC B ESS;;;;79;;
1;3;2094;1;3208,0614;2608,18;REW RISK AUTO STE CONFIG AUDIT BSE NTWK4 LIC D BAS;21025958;;REW RISK AUTO STE CONFIG AUDIT BSE NTWK4 LIC D BAS;REW RISK AUTO STE CONFIG AUDIT BSE NTWK4 LIC D BAS;REW RISK AUTO STE CONFIG AUDIT BSE NTWK4 LIC D BAS;REW RISK AUTO STE CONFIG AUDIT BSE NTWK4 LIC D BAS;;;;79;;
1;3;2094;1;4277,4111;3477,57;REW RISK AUTO STE CONFIG AUDIT BSE NTWK4 LIC A BAS;21025959;;REW RISK AUTO STE CONFIG AUDIT BSE NTWK4 LIC A BAS;REW RISK AUTO STE CONFIG AUDIT BSE NTWK4 LIC A BAS;REW RISK AUTO STE CONFIG AUDIT BSE NTWK4 LIC A BAS;REW RISK AUTO STE CONFIG AUDIT BSE NTWK4 LIC A BAS;;;;79;;
1;3;2094;1;3344,0871;2718,77;REW RISK AUTO STE CONFIG AUDIT BSE NTWK4 LIC D ESS;21025960;;REW RISK AUTO STE CONFIG AUDIT BSE NTWK4 LIC D ESS;REW RISK AUTO STE CONFIG AUDIT BSE NTWK4 LIC D ESS;REW RISK AUTO STE CONFIG AUDIT BSE NTWK4 LIC D ESS;REW RISK AUTO STE CONFIG AUDIT BSE NTWK4 LIC D ESS;;;;79;;
1;3;2094;1;2780,3166;2260,42;REW RISK AUTO STE CONFIG AUDIT BSE NTWK4 LIC E BAS;21025961;;REW RISK AUTO STE CONFIG AUDIT BSE NTWK4 LIC E BAS;REW RISK AUTO STE CONFIG AUDIT BSE NTWK4 LIC E BAS;REW RISK AUTO STE CONFIG AUDIT BSE NTWK4 LIC E BAS;REW RISK AUTO STE CONFIG AUDIT BSE NTWK4 LIC E BAS;;;;79;;
1;3;2094;1;4458,7746;3625,02;EXP RISK AUTO STE CONFIG AUDIT BSE NTWK4 LIC S ESS;21025962;;EXP RISK AUTO STE CONFIG AUDIT BSE NTWK4 LIC S ESS;EXP RISK AUTO STE CONFIG AUDIT BSE NTWK4 LIC S ESS;EXP RISK AUTO STE CONFIG AUDIT BSE NTWK4 LIC S ESS;EXP RISK AUTO STE CONFIG AUDIT BSE NTWK4 LIC S ESS;;;;79;;
1;3;2094;1;3567,0123;2900,01;AE RISK AUTO STE CONFIG AUDIT BSE NTWK4 LIC S ESS;21025963;;AE RISK AUTO STE CONFIG AUDIT BSE NTWK4 LIC S ESS;AE RISK AUTO STE CONFIG AUDIT BSE NTWK4 LIC S ESS;AE RISK AUTO STE CONFIG AUDIT BSE NTWK4 LIC S ESS;AE RISK AUTO STE CONFIG AUDIT BSE NTWK4 LIC S ESS;;;;79;;
1;3;2094;1;3635,8062;2955,94;REW RISK AUTO STE CONFIG AUDIT BSE NTWK4 LIC C BAS;21025964;;REW RISK AUTO STE CONFIG AUDIT BSE NTWK4 LIC C BAS;REW RISK AUTO STE CONFIG AUDIT BSE NTWK4 LIC C BAS;REW RISK AUTO STE CONFIG AUDIT BSE NTWK4 LIC C BAS;REW RISK AUTO STE CONFIG AUDIT BSE NTWK4 LIC C BAS;;;;79;;
1;3;2094;1;2898,1998;2356,26;REW RISK AUTO STE CONFIG AUDIT BSE NTWK4 LIC E ESS;21025965;;REW RISK AUTO STE CONFIG AUDIT BSE NTWK4 LIC E ESS;REW RISK AUTO STE CONFIG AUDIT BSE NTWK4 LIC E ESS;REW RISK AUTO STE CONFIG AUDIT BSE NTWK4 LIC E ESS;REW RISK AUTO STE CONFIG AUDIT BSE NTWK4 LIC E ESS;;;;79;;
1;3;2094;1;3849,6909;3129,83;REW RISK AUTO STE CONFIG AUDIT BSE NTWK4 LIC B BAS;21025966;;REW RISK AUTO STE CONFIG AUDIT BSE NTWK4 LIC B BAS;REW RISK AUTO STE CONFIG AUDIT BSE NTWK4 LIC B BAS;REW RISK AUTO STE CONFIG AUDIT BSE NTWK4 LIC B BAS;REW RISK AUTO STE CONFIG AUDIT BSE NTWK4 LIC B BAS;;;;79;;
1;3;2094;1;3421,9215;2782,05;AE RISK AUTO STE CONFIG AUDIT BSE NTWK4 LIC S BAS;21025967;;AE RISK AUTO STE CONFIG AUDIT BSE NTWK4 LIC S BAS;AE RISK AUTO STE CONFIG AUDIT BSE NTWK4 LIC S BAS;AE RISK AUTO STE CONFIG AUDIT BSE NTWK4 LIC S BAS;AE RISK AUTO STE CONFIG AUDIT BSE NTWK4 LIC S BAS;;;;79;;
1;3;2094;1;3789,9744;3081,28;REW RISK AUTO STE CONFIG AUDIT BSE NTWK4 LIC C ESS;21025969;;REW RISK AUTO STE CONFIG AUDIT BSE NTWK4 LIC C ESS;REW RISK AUTO STE CONFIG AUDIT BSE NTWK4 LIC C ESS;REW RISK AUTO STE CONFIG AUDIT BSE NTWK4 LIC C ESS;REW RISK AUTO STE CONFIG AUDIT BSE NTWK4 LIC C ESS;;;;79;;
1;3;2094;1;4277,4111;3477,57;EXP RISK AUTO STE CONFIG AUDIT BSE NTWK4 LIC S BAS;21025970;;EXP RISK AUTO STE CONFIG AUDIT BSE NTWK4 LIC S BAS;EXP RISK AUTO STE CONFIG AUDIT BSE NTWK4 LIC S BAS;EXP RISK AUTO STE CONFIG AUDIT BSE NTWK4 LIC S BAS;EXP RISK AUTO STE CONFIG AUDIT BSE NTWK4 LIC S BAS;;;;79;;
1;3;2094;1;4458,7746;3625,02;REW RISK AUTO STE CONFIG AUDIT BSE NTWK4 LIC A ESS;21025971;;REW RISK AUTO STE CONFIG AUDIT BSE NTWK4 LIC A ESS;REW RISK AUTO STE CONFIG AUDIT BSE NTWK4 LIC A ESS;REW RISK AUTO STE CONFIG AUDIT BSE NTWK4 LIC A ESS;REW RISK AUTO STE CONFIG AUDIT BSE NTWK4 LIC A ESS;;;;79;;
1;3;2094;1;554,4717;450,79;REW RISK AUTO STE CONFIG AUDIT BSE NTWK 4 BAS C;21025973;;REW RISK AUTO STE CONFIG AUDIT BSE NTWK 4 BAS C;REW RISK AUTO STE CONFIG AUDIT BSE NTWK 4 BAS C;REW RISK AUTO STE CONFIG AUDIT BSE NTWK 4 BAS C;REW RISK AUTO STE CONFIG AUDIT BSE NTWK 4 BAS C;;;;79;;
1;3;2094;1;521,8521;424,27;AE RISK AUTO STE CONFIG AUDIT BSE NTWK 4 BAS S;21025974;;AE RISK AUTO STE CONFIG AUDIT BSE NTWK 4 BAS S;AE RISK AUTO STE CONFIG AUDIT BSE NTWK 4 BAS S;AE RISK AUTO STE CONFIG AUDIT BSE NTWK 4 BAS S;AE RISK AUTO STE CONFIG AUDIT BSE NTWK 4 BAS S;;;;79;;
1;3;2094;1;708,6153;576,11;REW RISK AUTO STE CONFIG AUDIT BSE NTWK 4 ESS C;21025975;;REW RISK AUTO STE CONFIG AUDIT BSE NTWK 4 ESS C;REW RISK AUTO STE CONFIG AUDIT BSE NTWK 4 ESS C;REW RISK AUTO STE CONFIG AUDIT BSE NTWK 4 ESS C;REW RISK AUTO STE CONFIG AUDIT BSE NTWK 4 ESS C;;;;79;;
1;3;2094;1;833,6571;677,77;REW RISK AUTO STE CONFIG AUDIT BSE NTWK 4 ESS A;21025976;;REW RISK AUTO STE CONFIG AUDIT BSE NTWK 4 ESS A;REW RISK AUTO STE CONFIG AUDIT BSE NTWK 4 ESS A;REW RISK AUTO STE CONFIG AUDIT BSE NTWK 4 ESS A;REW RISK AUTO STE CONFIG AUDIT BSE NTWK 4 ESS A;;;;79;;
1;3;2094;1;424,0056;344,72;REW RISK AUTO STE CONFIG AUDIT BSE NTWK 4 BAS E;21025977;;REW RISK AUTO STE CONFIG AUDIT BSE NTWK 4 BAS E;REW RISK AUTO STE CONFIG AUDIT BSE NTWK 4 BAS E;REW RISK AUTO STE CONFIG AUDIT BSE NTWK 4 BAS E;REW RISK AUTO STE CONFIG AUDIT BSE NTWK 4 BAS E;;;;79;;
1;3;2094;1;541,8765;440,55;REW RISK AUTO STE CONFIG AUDIT BSE NTWK 4 ESS E;21025978;;REW RISK AUTO STE CONFIG AUDIT BSE NTWK 4 ESS E;REW RISK AUTO STE CONFIG AUDIT BSE NTWK 4 ESS E;REW RISK AUTO STE CONFIG AUDIT BSE NTWK 4 ESS E;REW RISK AUTO STE CONFIG AUDIT BSE NTWK 4 ESS E;;;;79;;
1;3;2094;1;625,2582;508,34;REW RISK AUTO STE CONFIG AUDIT BSE NTWK 4 ESS D;21025979;;REW RISK AUTO STE CONFIG AUDIT BSE NTWK 4 ESS D;REW RISK AUTO STE CONFIG AUDIT BSE NTWK 4 ESS D;REW RISK AUTO STE CONFIG AUDIT BSE NTWK 4 ESS D;REW RISK AUTO STE CONFIG AUDIT BSE NTWK 4 ESS D;;;;79;;
1;3;2094;1;587,0667;477,29;REW RISK AUTO STE CONFIG AUDIT BSE NTWK 4 BAS B;21025981;;REW RISK AUTO STE CONFIG AUDIT BSE NTWK 4 BAS B;REW RISK AUTO STE CONFIG AUDIT BSE NTWK 4 BAS B;REW RISK AUTO STE CONFIG AUDIT BSE NTWK 4 BAS B;REW RISK AUTO STE CONFIG AUDIT BSE NTWK 4 BAS B;;;;79;;
1;3;2094;1;816,9906;664,22;GOV RISK AUTO STE CONFIG AUDIT BSE NTWK 4 ESS S;21025982;;GOV RISK AUTO STE CONFIG AUDIT BSE NTWK 4 ESS S;GOV RISK AUTO STE CONFIG AUDIT BSE NTWK 4 ESS S;GOV RISK AUTO STE CONFIG AUDIT BSE NTWK 4 ESS S;GOV RISK AUTO STE CONFIG AUDIT BSE NTWK 4 ESS S;;;;79;;
1;3;2094;1;666,9552;542,24;AE RISK AUTO STE CONFIG AUDIT BSE NTWK 4 ESS S;21025985;;AE RISK AUTO STE CONFIG AUDIT BSE NTWK 4 ESS S;AE RISK AUTO STE CONFIG AUDIT BSE NTWK 4 ESS S;AE RISK AUTO STE CONFIG AUDIT BSE NTWK 4 ESS S;AE RISK AUTO STE CONFIG AUDIT BSE NTWK 4 ESS S;;;;79;;
1;3;2094;1;652,3059;530,33;EXP RISK AUTO STE CONFIG AUDIT BSE NTWK 4 BAS S;21025986;;EXP RISK AUTO STE CONFIG AUDIT BSE NTWK 4 BAS S;EXP RISK AUTO STE CONFIG AUDIT BSE NTWK 4 BAS S;EXP RISK AUTO STE CONFIG AUDIT BSE NTWK 4 BAS S;EXP RISK AUTO STE CONFIG AUDIT BSE NTWK 4 BAS S;;;;79;;
1;3;2094;1;489,2325;397,75;REW RISK AUTO STE CONFIG AUDIT BSE NTWK 4 BAS D;21025988;;REW RISK AUTO STE CONFIG AUDIT BSE NTWK 4 BAS D;REW RISK AUTO STE CONFIG AUDIT BSE NTWK 4 BAS D;REW RISK AUTO STE CONFIG AUDIT BSE NTWK 4 BAS D;REW RISK AUTO STE CONFIG AUDIT BSE NTWK 4 BAS D;;;;79;;
1;3;2094;1;652,3059;530,33;REW RISK AUTO STE CONFIG AUDIT BSE NTWK 4 BAS A;21025989;;REW RISK AUTO STE CONFIG AUDIT BSE NTWK 4 BAS A;REW RISK AUTO STE CONFIG AUDIT BSE NTWK 4 BAS A;REW RISK AUTO STE CONFIG AUDIT BSE NTWK 4 BAS A;REW RISK AUTO STE CONFIG AUDIT BSE NTWK 4 BAS A;;;;79;;
1;3;2094;1;639,2556;519,72;GOV RISK AUTO STE CONFIG AUDIT BSE NTWK 4 BAS S;21025990;;GOV RISK AUTO STE CONFIG AUDIT BSE NTWK 4 BAS S;GOV RISK AUTO STE CONFIG AUDIT BSE NTWK 4 BAS S;GOV RISK AUTO STE CONFIG AUDIT BSE NTWK 4 BAS S;GOV RISK AUTO STE CONFIG AUDIT BSE NTWK 4 BAS S;;;;79;;
1;3;2094;1;750,3123;610,01;REW RISK AUTO STE CONFIG AUDIT BSE NTWK 4 ESS B;21025991;;REW RISK AUTO STE CONFIG AUDIT BSE NTWK 4 ESS B;REW RISK AUTO STE CONFIG AUDIT BSE NTWK 4 ESS B;REW RISK AUTO STE CONFIG AUDIT BSE NTWK 4 ESS B;REW RISK AUTO STE CONFIG AUDIT BSE NTWK 4 ESS B;;;;79;;
1;3;2094;1;833,6571;677,77;EXP RISK AUTO STE CONFIG AUDIT BSE NTWK 4 ESS S;21025992;;EXP RISK AUTO STE CONFIG AUDIT BSE NTWK 4 ESS S;EXP RISK AUTO STE CONFIG AUDIT BSE NTWK 4 ESS S;EXP RISK AUTO STE CONFIG AUDIT BSE NTWK 4 ESS S;EXP RISK AUTO STE CONFIG AUDIT BSE NTWK 4 ESS S;;;;79;;
1;3;2094;1;0,984;0,8;REW RISK AUTO STE CONFIG AUDIT WIN4 MGD RNWL BAS D;21026055;;REW RISK AUTO STE CONFIG AUDIT WIN4 MGD RNWL BAS D;REW RISK AUTO STE CONFIG AUDIT WIN4 MGD RNWL BAS D;REW RISK AUTO STE CONFIG AUDIT WIN4 MGD RNWL BAS D;REW RISK AUTO STE CONFIG AUDIT WIN4 MGD RNWL BAS D;;;;79;;
1;3;2094;1;1,6605;1,35;EXP RISK AUTO STE CONFIG AUDIT WIN4 MGD RNWL ESS S;21026058;;EXP RISK AUTO STE CONFIG AUDIT WIN4 MGD RNWL ESS S;EXP RISK AUTO STE CONFIG AUDIT WIN4 MGD RNWL ESS S;EXP RISK AUTO STE CONFIG AUDIT WIN4 MGD RNWL ESS S;EXP RISK AUTO STE CONFIG AUDIT WIN4 MGD RNWL ESS S;;;;79;;
1;3;2094;1;0,8364;0,68;REW RISK AUTO STE CONFIG AUDIT WIN4 MGD RNWL BAS E;21026060;;REW RISK AUTO STE CONFIG AUDIT WIN4 MGD RNWL BAS E;REW RISK AUTO STE CONFIG AUDIT WIN4 MGD RNWL BAS E;REW RISK AUTO STE CONFIG AUDIT WIN4 MGD RNWL BAS E;REW RISK AUTO STE CONFIG AUDIT WIN4 MGD RNWL BAS E;;;;79;;
1;3;2094;1;1,3038;1,06;REW RISK AUTO STE CONFIG AUDIT WIN4 MGD RNWL BAS A;21026062;;REW RISK AUTO STE CONFIG AUDIT WIN4 MGD RNWL BAS A;REW RISK AUTO STE CONFIG AUDIT WIN4 MGD RNWL BAS A;REW RISK AUTO STE CONFIG AUDIT WIN4 MGD RNWL BAS A;REW RISK AUTO STE CONFIG AUDIT WIN4 MGD RNWL BAS A;;;;79;;
1;3;2094;1;1,4022;1,14;RISK AUTO CONFIG 4.0 DVC RNW BAS VPA;21026063;;RISK AUTO CONFIG 4.0 DVC RNW BAS VPA;RISK AUTO CONFIG 4.0 DVC RNW BAS VPA;RISK AUTO CONFIG 4.0 DVC RNW BAS VPA;RISK AUTO CONFIG 4.0 DVC RNW BAS VPA;;;;79;;
1;3;2094;1;1,3038;1,06;EXP RISK AUTO STE CONFIG AUDIT WIN4 MGD RNWL BAS S;21026064;;EXP RISK AUTO STE CONFIG AUDIT WIN4 MGD RNWL BAS S;EXP RISK AUTO STE CONFIG AUDIT WIN4 MGD RNWL BAS S;EXP RISK AUTO STE CONFIG AUDIT WIN4 MGD RNWL BAS S;EXP RISK AUTO STE CONFIG AUDIT WIN4 MGD RNWL BAS S;;;;79;;
1;3;2094;1;1,0947;0,89;REW RISK AUTO STE CONFIG AUDIT WIN4 MGD RNWL ESS E;21026065;;REW RISK AUTO STE CONFIG AUDIT WIN4 MGD RNWL ESS E;REW RISK AUTO STE CONFIG AUDIT WIN4 MGD RNWL ESS E;REW RISK AUTO STE CONFIG AUDIT WIN4 MGD RNWL ESS E;REW RISK AUTO STE CONFIG AUDIT WIN4 MGD RNWL ESS E;;;;79;;
1;3;2094;1;1,5129;1,23;REW RISK AUTO STE CONFIG AUDIT WIN4 MGD RNWL ESS B;21026066;;REW RISK AUTO STE CONFIG AUDIT WIN4 MGD RNWL ESS B;REW RISK AUTO STE CONFIG AUDIT WIN4 MGD RNWL ESS B;REW RISK AUTO STE CONFIG AUDIT WIN4 MGD RNWL ESS B;REW RISK AUTO STE CONFIG AUDIT WIN4 MGD RNWL ESS B;;;;79;;
1;3;2094;1;1,6359;1,33;GOV RISK AUTO STE CONFIG AUDIT WIN4 MGD RNWL ESS S;21026067;;GOV RISK AUTO STE CONFIG AUDIT WIN4 MGD RNWL ESS S;GOV RISK AUTO STE CONFIG AUDIT WIN4 MGD RNWL ESS S;GOV RISK AUTO STE CONFIG AUDIT WIN4 MGD RNWL ESS S;GOV RISK AUTO STE CONFIG AUDIT WIN4 MGD RNWL ESS S;;;;79;;
1;3;2094;1;1,3284;1,08;AE RISK AUTO STE CONFIG AUDIT WIN4 MGD RNWL ESS S;21026068;;AE RISK AUTO STE CONFIG AUDIT WIN4 MGD RNWL ESS S;AE RISK AUTO STE CONFIG AUDIT WIN4 MGD RNWL ESS S;AE RISK AUTO STE CONFIG AUDIT WIN4 MGD RNWL ESS S;AE RISK AUTO STE CONFIG AUDIT WIN4 MGD RNWL ESS S;;;;79;;
1;3;2094;1;1,6605;1,35;REW RISK AUTO STE CONFIG AUDIT WIN4 MGD RNWL ESS A;21026069;;REW RISK AUTO STE CONFIG AUDIT WIN4 MGD RNWL ESS A;REW RISK AUTO STE CONFIG AUDIT WIN4 MGD RNWL ESS A;REW RISK AUTO STE CONFIG AUDIT WIN4 MGD RNWL ESS A;REW RISK AUTO STE CONFIG AUDIT WIN4 MGD RNWL ESS A;;;;79;;
1;3;2094;1;1,107;0,9;REW RISK AUTO STE CONFIG AUDIT WIN4 MGD RNWL BAS C;21026070;;REW RISK AUTO STE CONFIG AUDIT WIN4 MGD RNWL BAS C;REW RISK AUTO STE CONFIG AUDIT WIN4 MGD RNWL BAS C;REW RISK AUTO STE CONFIG AUDIT WIN4 MGD RNWL BAS C;REW RISK AUTO STE CONFIG AUDIT WIN4 MGD RNWL BAS C;;;;79;;
1;3;2094;1;1,1685;0,95;REW RISK AUTO STE CONFIG AUDIT WIN4 MGD RNWL BAS B;21026071;;REW RISK AUTO STE CONFIG AUDIT WIN4 MGD RNWL BAS B;REW RISK AUTO STE CONFIG AUDIT WIN4 MGD RNWL BAS B;REW RISK AUTO STE CONFIG AUDIT WIN4 MGD RNWL BAS B;REW RISK AUTO STE CONFIG AUDIT WIN4 MGD RNWL BAS B;;;;79;;
1;3;2094;1;1,7835;1,45;RISK AUTO CONFIG 4.0 DVC RNW ESS VPA;21026072;;RISK AUTO CONFIG 4.0 DVC RNW ESS VPA;RISK AUTO CONFIG 4.0 DVC RNW ESS VPA;RISK AUTO CONFIG 4.0 DVC RNW ESS VPA;RISK AUTO CONFIG 4.0 DVC RNW ESS VPA;;;;79;;
1;3;2094;1;1,4145;1,15;REW RISK AUTO STE CONFIG AUDIT WIN4 MGD RNWL ESS C;21026073;;REW RISK AUTO STE CONFIG AUDIT WIN4 MGD RNWL ESS C;REW RISK AUTO STE CONFIG AUDIT WIN4 MGD RNWL ESS C;REW RISK AUTO STE CONFIG AUDIT WIN4 MGD RNWL ESS C;REW RISK AUTO STE CONFIG AUDIT WIN4 MGD RNWL ESS C;;;;79;;
1;3;2094;1;1,2669;1,03;GOV RISK AUTO STE CONFIG AUDIT WIN4 MGD RNWL BAS S;21026074;;GOV RISK AUTO STE CONFIG AUDIT WIN4 MGD RNWL BAS S;GOV RISK AUTO STE CONFIG AUDIT WIN4 MGD RNWL BAS S;GOV RISK AUTO STE CONFIG AUDIT WIN4 MGD RNWL BAS S;GOV RISK AUTO STE CONFIG AUDIT WIN4 MGD RNWL BAS S;;;;79;;
1;3;2094;1;1,2423;1,01;REW RISK AUTO STE CONFIG AUDIT WIN4 MGD RNWL ESS D;21026075;;REW RISK AUTO STE CONFIG AUDIT WIN4 MGD RNWL ESS D;REW RISK AUTO STE CONFIG AUDIT WIN4 MGD RNWL ESS D;REW RISK AUTO STE CONFIG AUDIT WIN4 MGD RNWL ESS D;REW RISK AUTO STE CONFIG AUDIT WIN4 MGD RNWL ESS D;;;;79;;
1;3;2094;1;7,5891;6,17;REW RISK AUTO STE CONFIG AUDIT WIN 4 MGD LIC C ESS;21026076;;REW RISK AUTO STE CONFIG AUDIT WIN 4 MGD LIC C ESS;REW RISK AUTO STE CONFIG AUDIT WIN 4 MGD LIC C ESS;REW RISK AUTO STE CONFIG AUDIT WIN 4 MGD LIC C ESS;REW RISK AUTO STE CONFIG AUDIT WIN 4 MGD LIC C ESS;;;;79;;
1;3;2094;1;8,0319;6,53;REW RISK AUTO STE CONFIG AUDIT WIN 4 MGD LIC B ESS;21026077;;REW RISK AUTO STE CONFIG AUDIT WIN 4 MGD LIC B ESS;REW RISK AUTO STE CONFIG AUDIT WIN 4 MGD LIC B ESS;REW RISK AUTO STE CONFIG AUDIT WIN 4 MGD LIC B ESS;REW RISK AUTO STE CONFIG AUDIT WIN 4 MGD LIC B ESS;;;;79;;
1;3;2094;1;1,0455;0,85;AE RISK AUTO STE CONFIG AUDIT WIN4 MGD RNWL BAS S;21026078;;AE RISK AUTO STE CONFIG AUDIT WIN4 MGD RNWL BAS S;AE RISK AUTO STE CONFIG AUDIT WIN4 MGD RNWL BAS S;AE RISK AUTO STE CONFIG AUDIT WIN4 MGD RNWL BAS S;AE RISK AUTO STE CONFIG AUDIT WIN4 MGD RNWL BAS S;;;;79;;
1;3;2094;1;8,5485;6,95;REW RISK AUTO STE CONFIG AUDIT WIN 4 MGD LIC A BAS;21026080;;REW RISK AUTO STE CONFIG AUDIT WIN 4 MGD LIC A BAS;REW RISK AUTO STE CONFIG AUDIT WIN 4 MGD LIC A BAS;REW RISK AUTO STE CONFIG AUDIT WIN 4 MGD LIC A BAS;REW RISK AUTO STE CONFIG AUDIT WIN 4 MGD LIC A BAS;;;;79;;
1;3;2094;1;8,3886;6,82;GOV RISK AUTO STE CONFIG AUDIT WIN 4 MGD LIC S BAS;21026081;;GOV RISK AUTO STE CONFIG AUDIT WIN 4 MGD LIC S BAS;GOV RISK AUTO STE CONFIG AUDIT WIN 4 MGD LIC S BAS;GOV RISK AUTO STE CONFIG AUDIT WIN 4 MGD LIC S BAS;GOV RISK AUTO STE CONFIG AUDIT WIN 4 MGD LIC S BAS;;;;79;;
1;3;2094;1;8,5485;6,95;EXP RISK AUTO STE CONFIG AUDIT WIN 4 MGD LIC S BAS;21026082;;EXP RISK AUTO STE CONFIG AUDIT WIN 4 MGD LIC S BAS;EXP RISK AUTO STE CONFIG AUDIT WIN 4 MGD LIC S BAS;EXP RISK AUTO STE CONFIG AUDIT WIN 4 MGD LIC S BAS;EXP RISK AUTO STE CONFIG AUDIT WIN 4 MGD LIC S BAS;;;;79;;
